-0.00260305
-0.00457597
-0.00217599
-0.00286219
-0.00371898
-0.00311522
-4.04941e-05
-0.00234365
-0.00272693
-0.00302701
-0.00384266
-0.0010564
0.000860819
-0.00260305
-0.0073879
-0.00277394
-0.00178842
-0.00311522
-0.00439185
-0.00140689
-0.00191217
-0.00675039
-0.00122638
-0.000164497
-0.00306813
-0.00260305
-0.00379529
-0.00217041
-0.00512431
-0.00106161
-0.00114925
-0.00697011
-0.0013962
-0.00192302
-0.00469968
-0.00392496
-0.000891358
-0.00362435
-0.00371898
-0.00487081
-0.00217599
-0.00322855
-0.00354185
-0.00122638
-0.000850014
-0.00145324
-0.00571435
-0.000983961
-0.00140162
-0.0060636
-0.00374785
-0.00374785
-0.00384266
-0.00161774
-0.00465201
-0.00280335
-0.00387752
-0.00465201
-0.00481637
-0.000416699
-0.00371292
-0.00508946
-0.00396605
-0.00384266
-0.00400712
-0.00310922
-0.00392496
-0.00593357
-0.00269133
-0.00166436
-0.00439824
-0.00487081
-0.00118524
-0.00639998
-0.00435693
-0.00563924
-0.00430292
-0.00463862
-0.00491191
-0.00568035
-0.00195336
-0.00443951
0.00073693
-0.00153494
-0.00397848
-0.00384876
-0.00205225
-0.00273823
-0.00273823
-0.00201094
-0.00127589
-0.000205765
8.82805e-05
-0.0028152
-0.0028209
-0.00263274
-0.00191217
-0.00430933
-0.00187639
-0.00443306
-0.00188167
-0.00196434
-0.00588541
-0.0055157
-0.00431559
-0.00277394
-0.00195892
-0.00465201
-0.00230505
-0.00370672
-0.00175234
-0.00422667
-0.0014469
0.000824015
-0.000854904
-0.00533737
-0.000813463
-0.00375412
-0.00442646
-0.00310922
-0.00614538
-0.00626939
-0.00383002
-0.00357227
-0.00015964
-0.00594067
-0.00251475
-0.00542655
-0.00135512
-0.0055912
-0.00256169
-0.00465201
-0.00435693
-0.00350055
-0.000467691
-3.10142e-05
-0.00443951
-0.0031913
-0.00302099
-0.00195892
-0.00122638
-0.00272693
-0.00376024
-0.0012781
-0.00136048
0.000388857
-0.00640724
-0.00628368
-0.00306813
-0.00465201
-0.00414929
-0.000979831
-0.00195892
-0.00362435
-0.00576247
-0.00397234
-0.00306813
-0.000942556
-0.00238155
-0.00280335
-0.000937687
-0.00401347
-0.00194765
-0.00469315
-0.000375532
-0.00273265
-0.00200014
-0.00130857
-0.00224675
-0.00272106
-0.00375412
-0.0028209
-0.0022526
-0.000891358
-0.000844974
-0.00302701
-0.00623443
-0.00319743
-0.00164812
-0.00306205
-0.00379529
-0.00404815
-0.0035295
-0.000973947
-0.00567333
-0.00589963
-0.00318503
-0.00456314
-0.000973947
-0.00298586
-0.00404815
-0.000725783
-0.00401347
-0.00439824
-0.00543318
-0.00449333
-0.00469968
-0.00217041
-0.00384266
-0.00260305
-0.0048231
-0.00208247
0.000265296
-0.00495298
-0.00383642
-0.00469968
-0.00383642
-0.00430933
-0.00431358
-0.00384266
-0.0049587
-0.00533737
-0.00230761
-0.0028152
-0.00157636
-0.00269133
-0.00490521
-0.0010564
-0.000113461
-0.00406083
-0.00478199
-0.00576247
-0.00380147
-0.00311522
9.06363e-07
-0.00118524
-0.00323848
-0.00448712
-0.00328561
-0.00572143
-0.0028209
-0.000375532
-0.00348833
-0.00306205
-0.00349681
-0.0022526
-0.00648945
-0.00661995
-0.00293877
-0.00216468
-0.00217041
-0.00434801
-0.00245752
-0.00408252
-0.00459982
-0.000979029
-0.00293877
-0.00169494
-0.0020796
-0.000796586
-0.0016591
-0.0028152
-0.00118524
-0.00554312
-0.00252737
-0.00273265
-0.00395962
-0.00421396
0.000178352
-0.00461724
-0.00264438
-0.00254439
-0.00769034
-0.00337376
-0.00491191
-0.00113873
-0.00388383
-0.000891358
-0.00320341
-0.000886255
-0.00392496
-0.00264438
-0.00448075
-0.00209353
-0.00276816
-0.00388383
-0.00263274
-0.0012781
-0.00555009
-0.00208247
-0.000798536
-0.00135512
-0.00657153
-0.00585856
-0.0029799
-0.00413665
-0.00363042
0.000825176
-0.00267986
-0.00374785
-0.00392496
-0.00341785
-0.00400712
-0.0028152
-0.00191217
-0.000375532
-0.00327596
-0.00319743
-0.00212926
-0.00353776
-0.00293877
0.000989275
-0.00276222
-0.00113873
-0.00567333
-0.00404815
-0.00204132
-0.00357695
-0.00430044
-0.00101723
-0.00147825
-0.0012317
-0.00151922
-0.00433444
-0.00370672
-0.00375412
-0.00238155
-0.00562519
-0.00366555
-0.00293877
-0.00127287
-0.0010564
-0.00289762
-0.00450866
-0.00371292
-0.000370506
-0.00391858
-0.000762314
-0.00353776
-0.00251044
-0.0051987
-0.00516476
-0.00310922
-0.00378933
-0.00421194
-0.000498932
-0.00263926
-0.00152434
-0.00400712
-0.00212359
-0.00528747
-0.00208247
-0.00374785
-0.00219978
-0.00208247
-0.00340237
-0.00755182
-0.00255141
-0.00340237
-0.00155434
-0.000247
-0.00318503
-0.00400712
-0.00391206
-0.00442977
-0.00276816
-0.0055912
-0.00357064
-0.00319743
-0.00414929
-0.00204686
-0.00140162
-0.00554312
-0.00225529
-0.00251044
-0.00165368
-0.00256169
-0.0028152
-0.00217041
-0.000242016
-0.00200014
-0.00195892
-0.00255607
-0.00349054
-0.00289762
-0.00567333
-0.000288202
-0.00131931
-0.00217041
-0.00373487
-0.00284445
-0.000545131
-0.00376024
-0.00666832
-0.00328561
-0.00375412
-0.00307407
-0.00644836
-0.00135512
-0.000498932
-0.00546092
0.00192302
-0.0035478
-0.0049596
-0.00212926
-0.00264438
-0.00208808
-0.00263863
-0.00110286
-0.00127287
-0.00478199
-0.00478199
-0.00135512
-0.00380147
-0.00465201
-0.00230505
-0.0048361
-0.000627293
0.00137735
-0.00284445
-0.00229943
0.000175681
-0.0050828
-0.00423281
-0.00576947
-0.00409636
-0.0035478
-0.00191767
-0.00350055
-0.00144272
-0.00110798
-0.0022526
-0.0048773
-0.0050007
-0.0065789
-0.00178842
-0.00413011
-0.00391858
-0.00293877
-0.00204686
0.000562841
-0.00336145
-0.000638076
-0.00290345
-0.0031913
-0.000550114
-0.00294467
-0.00679137
-0.00302701
0.000263109
-0.00285051
-0.00481637
-0.0034236
-0.00320923
-0.0017471
-0.00406083
-0.00289762
-0.0019696
-0.00311522
-0.00580349
-0.00413665
-0.000968716
-0.00516476
-0.00439553
-0.00183507
-0.00400739
-0.00315634
-0.00242069
-0.00315634
-0.00315634
-0.00439824
-0.00200562
-0.00474085
-0.00187639
-0.00243405
-0.00285643
-0.00285643
-0.00195336
-0.00285051
-0.00285051
-0.00718225
-0.000854904
-0.000854904
-0.00525351
-0.00525351
-0.00524816
-0.00524816
-0.00461084
-0.0013962
-0.0013962
-0.000896312
-0.000334333
-0.00250904
-0.00401967
-0.00302099
-0.00144272
-0.00493929
-0.00353575
-0.00468647
-0.00157636
-0.0047885
-0.00380147
-0.00380147
-0.00361812
-0.00204132
-0.00200014
-0.00200014
-0.00285051
0.000388857
-0.00507599
-0.00425954
-0.00306813
-0.00383002
-0.00293877
-0.00289762
-0.00310922
-0.00593259
-0.00585856
-0.00114407
-0.00237565
-0.00607074
-0.00307407
-0.00410813
-0.00362435
-0.00387752
-0.00388999
-0.000927502
-0.00250904
-0.00259828
-0.00015964
-0.00234051
-0.00581054
-0.00310922
-0.00383642
-0.00469315
-0.00212359
-0.00130857
-0.00576247
-0.00255031
-0.00203563
-0.00472751
-0.00472751
-0.00387752
-0.00464539
-0.00205225
-0.00260305
-0.00384266
-0.00179372
-0.0022526
-0.00579628
-0.00161239
-0.0023873
-0.00340588
-0.00250319
-0.00289164
-0.00289164
-0.00430708
-0.00430708
-0.00178842
-0.00337969
-0.00233806
-0.00383642
-0.00451538
-0.00562519
-0.00114407
-0.00619355
-0.00546776
-0.00675039
-0.00493223
-0.00280935
-0.00143724
-0.00427421
-0.0202299
-0.0192884
-0.00657153
-0.00438531
-0.00626202
-0.00361812
-0.00883208
-0.0120367
-0.00886468
-0.0160817
-0.0333055
-0.0488216
-0.0541888
-0.0441829
-0.0142544
0.0165081
0.0366027
0.0311406
0.00671209
-0.0177574
-0.0307257
-0.0348366
-0.0247508
-0.0300799
-0.0321534
-0.0394108
-0.0426813
-0.0521938
-0.0480867
-0.0314655
-0.0434326
-0.0361634
-0.0371071
-0.0371708
-0.043682
-0.0404491
-0.0416697
-0.046381
-0.0415325
-0.0416352
-0.0389228
-0.0428845
-0.0440633
-0.0440633
-0.0421386
-0.0415998
-0.0471949
-0.0401089
-0.0424093
-0.0411625
-0.0473271
-0.0447738
-0.0418961
-0.0450795
-0.0438682
-0.0423757
-0.040985
-0.0437522
-0.0434917
-0.0421756
-0.0417005
-0.043288
-0.0431818
-0.0467502
-0.0430141
-0.0468088
-0.0460629
-0.0462005
-0.0464755
-0.0440662
-0.0459253
-0.0479559
-0.0422747
-0.0454949
-0.0462749
-0.0457575
-0.0468423
-0.046428
-0.0417697
-0.0445691
-0.0449085
-0.0457911
-0.0441698
-0.0448414
-0.0463234
-0.046357
-0.0461336
-0.0440325
-0.0443245
-0.0469803
-0.0486026
-0.0460666
-0.0478754
-0.043794
-0.0421058
-0.0489795
-0.0458583
-0.0487411
-0.0477178
-0.0468758
-0.0456533
-0.0471389
-0.0486026
-0.0476256
-0.0476256
-0.0459659
-0.0421746
-0.0436384
-0.0505541
-0.0360722
-0.0436413
-0.0438274
-0.0388923
-0.0414267
-0.0459025
-0.0437051
-0.0393093
-0.0416546
-0.0457346
-0.0435254
-0.0418384
-0.0416018
-0.0438502
-0.0404636
-0.0399561
-0.0448767
-0.04062
-0.0413733
-0.0440659
-0.0404682
-0.0437154
-0.0420769
-0.041319
-0.0410811
-0.0437879
-0.0416826
-0.0416826
-0.0437567
-0.0416512
-0.0446386
-0.0387579
-0.0435081
-0.0422523
-0.0404805
-0.0427507
-0.0389379
-0.0415705
-0.040107
-0.0423557
-0.0417767
-0.0426881
-0.0435906
-0.0418797
-0.0408034
-0.0418887
-0.044695
-0.0382102
-0.0386396
-0.0500186
-0.0550984
-0.0536542
-0.0572256
-0.0486373
-0.0540411
-0.0534516
-0.0538959
-0.0518181
-0.0489324
-0.0515627
-0.0494398
-0.0485467
-0.0524432
-0.0521167
-0.0486697
-0.0471919
-0.0497649
-0.0489717
-0.0472976
-0.0462982
-0.0509244
-0.0479787
-0.0512068
-0.0480945
-0.0498832
-0.0507194
-0.0513162
-0.0505772
-0.0474695
-0.046838
-0.0487293
-0.0495124
-0.0481886
-0.047226
-0.0493249
-0.0493697
-0.0451825
-0.0478049
-0.047226
-0.0453335
-0.0491201
-0.0472053
-0.0505405
-0.0460967
-0.0489595
-0.0461382
-0.0482345
-0.0498218
-0.0431731
-0.0474998
-0.0444712
-0.0304605
-0.0201288
-0.0239812
-0.0244196
-0.0248215
-0.0239831
-0.026674
-0.0285211
-0.0311006
-0.02732
-0.0257682
-0.0310349
-0.0295469
-0.0287423
-0.0257582
-0.0294225
-0.0317224
-0.0327187
-0.0272365
-0.0322383
-0.0290195
-0.0308441
-0.0288554
-0.0284511
-0.0283091
-0.0293439
-0.0278825
-0.0317726
-0.0322383
-0.032557
-0.033634
-0.0335987
-0.0319496
-0.0344114
-0.0325217
-0.0340823
-0.0326227
-0.0323548
-0.0342707
-0.0354931
-0.0353493
-0.0370685
-0.0342043
-0.0364355
-0.0326531
-0.0339569
-0.0335281
-0.0336647
-0.0334928
-0.0322437
-0.0330314
-0.0342665
-0.0346182
-0.0360205
-0.036161
-0.0325874
-0.037516
-0.0352308
-0.0388879
-0.0368605
-0.0364325
-0.0342311
-0.0349377
-0.0359182
-0.0367608
-0.0322437
-0.0333207
-0.0323802
-0.0358477
-0.0347475
-0.0359182
-0.0361897
-0.0359534
-0.0351455
-0.0354581
-0.0369308
-0.0385434
-0.0381847
-0.0379415
-0.0379791
-0.037633
-0.0360205
-0.036193
-0.0378435
-0.0388199
-0.0368282
-0.0360361
-0.0359534
-0.0385083
-0.035075
-0.0377033
-0.0392782
-0.0388549
-0.0396959
-0.0375652
-0.0366905
-0.0384051
-0.0374272
-0.0374272
-0.0375978
-0.0357488
-0.0385083
-0.0389249
-0.0389598
-0.0389598
-0.0383595
-0.0387518
-0.0358159
-0.0387146
-0.0368605
-0.0378763
-0.0381822
-0.0368605
-0.0386676
-0.0389407
-0.039695
-0.0369607
-0.0436851
-0.0424765
-0.0377435
-0.0346232
-0.0353898
-0.0303709
-0.0242962
-0.0180907
-0.0245737
-0.0429729
-0.0412351
-0.0426358
-0.0507159
-0.0614366
-0.0673648
-0.0703316
-0.0735736
-0.0756745
-0.0754149
-0.0752715
-0.0862496
-0.0888435
-0.0962893
-0.0973045
-0.0940606
-0.0978111
-0.0981856
-0.0996012
-0.101661
-0.0939122
-0.0924372
-0.093369
-0.091162
-0.0870814
-0.0856211
-0.0830843
-0.0808887
-0.0771748
-0.0738985
-0.0769713
-0.0736664
-0.0702712
-0.066581
-0.0645393
-0.0662158
-0.0645603
-0.0616433
-0.0588544
-0.0565397
-0.0579879
-0.0629991
-0.0595277
-0.0590923
-0.0562591
-0.0557767
-0.053635
-0.0528046
-0.0492154
-0.054624
-0.0519336
-0.0548366
-0.0514799
-0.0514799
-0.0533493
-0.0518239
-0.0460499
-0.0464649
-0.0497072
-0.0399544
-0.0380979
-0.0340143
-0.0393539
-0.042909
-0.0386616
-0.0381358
-0.0394882
-0.0444866
-0.0440114
-0.0425936
-0.0348179
-0.0360455
-0.0393288
-0.0405489
-0.0392911
-0.0359523
-0.0350923
-0.0381811
-0.0381811
-0.0331298
-0.0329788
-0.0319571
-0.0346385
-0.0362395
-0.0336876
-0.0346005
-0.0295648
-0.0297943
-0.0301545
-0.0284277
-0.029812
-0.0265302
-0.0265687
-0.0244632
-0.0224844
-0.0225525
-0.0250551
-0.0232146
-0.0229151
-0.0251325
-0.0242084
-0.0248845
-0.0255444
-0.0230677
-0.0239068
-0.0261023
-0.0255517
-0.0218195
-0.0237277
-0.0230533
-0.0237364
-0.0236107
-0.0229121
-0.0232539
-0.021624
-0.0210705
-0.0249365
-0.0246901
-0.0255833
-0.0253341
-0.0243022
-0.0224248
-0.022649
-0.0221613
-0.0257893
-0.0235569
-0.0238966
-0.0193506
-0.0205325
-0.0184578
-0.0194816
-0.0183791
-0.0173697
-0.0160855
-0.0143166
-0.0199544
-0.0182355
-0.019652
-0.0187077
-0.0195335
-0.0177905
-0.0159693
-0.0173027
-0.0157332
-0.0156539
-0.016518
-0.0174616
-0.0167678
-0.0166765
-0.016033
-0.0149205
-0.0138973
-0.0141591
-0.0134375
-0.0106299
-0.0110918
-0.00823119
-0.0115219
-0.0121334
-0.0133257
-0.0131553
-0.0120933
-0.0125643
-0.0140573
-0.00868836
-0.00765866
-0.00765866
-0.00975872
-0.00804518
-0.00766718
-0.00753817
-0.0094782
-0.00904888
-0.0059542
-0.00694344
-0.00762699
-0.0119326
-0.0100797
-0.00869728
-0.00633978
-0.00641927
-0.00659751
-0.00544757
-0.00576997
-0.00650089
-0.00664574
-0.00856806
-0.00927683
-0.00745768
-0.0087462
-0.00758676
-0.00616255
-0.00859926
-0.009281
-0.00740066
-0.00410758
-0.00707005
-0.0079783
-0.00800158
-0.00638011
-0.004722
-0.00645249
-0.00865044
-0.00608179
-0.00579064
-0.00606586
-0.00406709
-0.00673033
-0.00912948
-0.00787204
-0.00582355
-0.0048104
-0.0048104
-0.00848003
-0.00782304
-0.00455215
-0.00079122
-0.00462641
-0.0030878
-0.00451139
-0.00480328
-0.00309033
-0.0044088
-0.00339592
-0.00275581
-0.00253925
-0.00228773
-0.00207082
-0.00402801
-0.00515074
-0.00480247
-0.0024984
0.000280018
-0.00207082
-0.00160107
-0.00326685
0.00220463
-0.00689852
-0.0030085
-0.00339592
0.00101285
0.00147304
0.000274961
-0.00120363
-0.000922185
5.64012e-05
-0.00164812
-0.00173047
-2.605e-05
-0.000195774
0.000957028
-0.0030085
-0.000870048
-0.00407574
-0.000103127
0.000148851
-0.0030085
0.00185248
-0.0023634
-6.72259e-05
-0.000144173
0.000618185
-0.000195774
-0.00181269
-0.00138491
0.000567451
0.00249639
-0.00151315
-0.00103988
-0.00228166
6.13872e-05
-0.000190555
-0.000360005
0.000664216
-0.00159545
-0.00151882
-0.00036533
-0.00321947
-0.000570192
-0.00181851
0.00122224
-0.00365282
0.000920671
-0.00296113
-0.0030429
-0.00211777
-0.00104554
-0.00369386
0.000526289
-0.00211777
-0.000752042
-0.00293273
-0.000324258
-0.00274351
-0.000108369
-0.00287923
-0.00168354
-0.00280935
0.000833516
0.00193503
-0.00340237
-0.000998859
0.000449017
-0.00283187
-0.00168931
0.00010767
0.00142736
-0.00274351
-0.00390539
-0.00484335
-0.00198281
-0.00185376
-0.00259154
-0.00105105
-0.00112761
-0.00172463
-2.605e-05
0.00181125
-0.00228166
0.000869892
-0.00219978
-0.00109216
-0.00318503
-0.00203563
-0.00314407
-0.00210569
-0.00376907
0.000154008
-0.00040098
-0.00185376
0.000198192
6.65227e-05
-0.000916719
-0.00198874
-0.00406881
0.000746387
-0.0017236
-0.00355757
-0.000313586
0.0023321
-0.00156005
-0.00120363
-0.0047953
-0.00347082
-0.00150149
-0.0004061
-0.000236882
-0.000236882
-0.00288551
-0.0023696
0.00155083
-0.00241049
-0.00386445
-0.00182418
-0.00390539
0.000277558
-0.00582978
-0.000653358
-0.00325359
-0.0027909
-0.00450178
-0.000360005
-0.0036395
-0.00206477
0.000236342
-0.00304943
-0.00253833
-0.000787837
-0.00283187
-0.00160124
-0.00437863
-0.000922185
-0.00313984
0.000622743
0.000313905
-0.00228773
-0.00177736
-0.00498038
-0.000370506
-0.00288551
6.13872e-05
-0.00373487
-0.00308374
-0.000664272
-0.00647453
0.000285224
-0.0027972
-0.00385769
-0.000283154
-0.00143072
-0.00326348
-0.00283823
-0.00169494
-0.00216468
-0.00215879
-0.000575687
-0.00211181
-0.00415953
0.00167883
-0.00160124
-0.00143626
-0.00528938
-0.00296754
-0.00364623
-0.00143072
-0.00344712
-0.00271504
-0.00262669
-0.00190653
-0.00254439
-0.000488347
-0.0039463
-0.00561054
-0.000998859
-0.00143626
0.00168322
-0.000963336
-0.00343444
-0.00344086
-0.00198874
-0.00237358
-0.00181851
-0.00440577
-0.00433074
0.00075134
-0.00458372
-0.00403487
-0.00458372
-0.00287281
-0.000916719
-0.00180673
-0.000957806
-0.00334574
-0.00406174
-0.00274351
-0.00304943
-0.0017657
0.00254179
0.001309
-0.00410959
-0.00223458
-0.00103988
0.000792411
-0.00205856
-0.000916719
-0.00129135
-0.00226906
-0.00245602
-0.00171864
-0.00138491
0.00113138
-0.00157107
-0.000834447
-0.00485044
-0.0029202
-0.0026205
-0.00391206
-0.00561794
-0.00501388
-0.000963336
5.64012e-05
-0.00395303
-0.00253833
-0.00288551
-0.00103988
-0.00275613
-0.00100445
-0.00389857
-0.00351656
-0.00433074
6.65227e-05
-0.00417104
-0.00357064
-0.000226166
-0.0026205
-0.0027499
-0.00395962
-0.0026739
-0.00169494
0.00062318
-0.000488652
-0.00202979
-0.00485044
-0.00190073
-0.00257943
-0.00164241
-0.00280335
-0.00288551
-0.000922185
-0.00100445
-0.00164241
-0.0030085
-0.00446076
-0.00173047
-0.00442646
0.000396631
-0.00289164
-0.00276222
-0.000757253
-0.00259154
-0.00283227
-0.00471357
-0.00383002
0.000700418
-0.00113053
-0.000108369
-0.00156563
-0.000154634
-0.000793261
-0.00378896
-0.000360005
-0.000416248
-0.00308374
-0.000247
-0.00190653
-0.00216126
0.000236342
-0.000828959
-0.00326979
-0.00424854
-0.00284445
-0.00185964
-0.00622096
-0.00566617
-0.00242069
-0.00167761
-0.00471357
0.000664216
-0.00160689
-0.00151882
-0.00459072
-0.00194179
-0.00287281
0.00103954
-0.00296113
-0.00377585
-0.0031786
-0.00359855
-0.00185964
-0.00193578
-0.00300203
-0.00428966
-0.00283187
-0.00120954
-0.000700047
-0.00352311
-0.0023634
-0.0055213
-0.00207082
-0.00257315
-0.00385079
-0.00265513
-0.000957806
-0.00347552
-0.00440577
-0.00236762
-0.00433074
-0.00257943
-0.00278445
-0.000864346
-0.000154634
-0.00462463
-0.00262669
-0.00164241
-0.00232037
-0.000957806
-0.00220573
-0.0039463
-0.00370037
-0.00441281
5.64012e-05
6.13872e-05
-0.00289164
6.13872e-05
0.000957028
-0.00190073
-0.000746681
-0.00189478
-0.00134816
-0.00262669
-0.00201767
-0.00245602
-0.00103988
-0.00189478
0.00201773
-0.00415953
-0.00356418
-0.00280335
-0.00156563
-0.0026205
-0.00242069
-0.00126197
-0.00280335
-0.00156005
-0.00185964
-0.00475445
-0.00368721
-0.00287923
-0.00202979
-0.00120954
-0.00116859
-0.000834447
-0.00403597
-0.00415953
-0.00612393
-0.00194179
-0.00216468
-0.000746681
-0.00270886
-0.0032981
-0.0027972
-0.0057406
-0.00446758
-0.00181851
-0.00181851
-0.00444669
-0.00323229
-0.00386445
-0.00178296
-0.000916719
-0.00285051
-0.00134816
-0.00322855
-0.00181269
-2.605e-05
-0.00206477
-0.00364623
-0.0032223
2.54082e-05
-0.00223798
-0.00237358
-0.00360523
-0.0017716
-0.00134816
-0.00155434
-0.000535218
-0.00569974
-0.00129724
-0.00292654
0.00134243
-0.00330109
-0.00270886
-0.00363261
-0.000911103
-9.77367e-05
-0.00171864
-0.00171864
-0.00454276
7.18077e-05
-0.00288551
0.000190065
-0.00432743
-0.00514509
-0.00154843
-0.00154843
-0.00270254
-0.00108087
-0.000705493
-0.00137904
-0.00197674
-0.000998859
-0.00219978
-0.00338017
-0.00040098
-0.00137805
-0.000911103
-0.00372816
-0.00113324
-0.00129724
-0.000313586
-0.00501388
-0.00404158
-0.00390539
-0.00383002
-0.00383002
-0.000823321
0.000195158
-0.00206477
-0.00535754
-0.00288551
-0.000108369
-0.00245602
-0.000922185
-0.000700047
-0.00270886
-0.000746681
-0.000576475
0.00118132
-0.00471357
-0.00117429
-0.00632861
-0.000144173
-0.00295458
-0.00330463
-0.0017657
-0.00372816
-0.00181269
-0.0044538
0.000495085
-0.00471357
0.000367054
-0.000190555
-0.00287923
-9.77367e-05
-0.00184772
-0.00133815
0.000162726
-0.000911103
-0.0028187
-0.0014138
-0.000916719
-0.00386445
-0.00381679
-0.00257943
-0.0035295
0.00206323
-0.00160124
-0.000957806
-0.00304481
-0.00160124
-0.00266154
-0.00194179
-0.003311
-0.00404158
-0.00181269
-0.00190073
-0.00369386
-0.000488652
-0.0027499
0.00116354
-0.00103988
-0.000623017
-0.000154634
-0.00309235
-0.00250319
-0.00385769
-0.00411163
-0.00347552
-0.00252575
-0.000787837
-0.00492501
-0.00390539
-0.00150733
-0.0029202
-0.00380295
-0.00181851
-0.00253833
-0.00283823
-0.00527545
-0.00108087
-0.00339968
-0.00368041
-0.00175964
0.000920671
-0.000998859
-0.00201767
-0.000488652
0.00211314
-0.0017657
-0.00108087
-0.000828959
-0.00231417
-0.000787837
0.000628324
2.54082e-05
-0.00287923
-0.000323416
-0.00587808
-0.00147756
-0.00373487
-0.000664272
-0.00231626
-0.00194179
-0.00257943
-0.00478797
-0.00436481
-0.00206477
0.000792411
0.00010767
-0.00232037
-0.00270886
-0.00195336
-0.00386445
-0.00284445
-0.00122092
-0.00317475
-0.00356418
-0.00450178
-0.00377585
-0.000185186
-0.00112761
-0.0027972
-0.00300203
-0.00368721
-0.00432382
-0.00175964
-0.00300203
-0.00104554
-0.00410245
-0.00180673
-0.00321947
0.000746387
-0.00617247
-0.00489135
-0.00189478
-0.0044538
-0.0036395
-0.00582221
-0.00257315
-0.00410473
-0.00209943
-0.00377585
-0.00333915
-0.00333915
-0.00173047
-0.000952126
-0.000741171
-0.0029202
-0.000236882
-0.00168354
-0.000231598
-0.0029202
-0.00305582
-0.00210569
-0.000700047
-0.00244993
-0.000787837
-0.000752042
-0.00129724
-0.000993116
-0.00287923
-0.000916719
-0.00344086
-0.000700047
-0.00112761
-0.00181269
-0.00232255
-0.0036395
-0.0029202
-0.00181269
-0.00278445
-0.00470637
-0.00219978
-0.00287923
-0.00130298
-0.00065889
-0.00194179
-0.00359855
-0.00205221
0.000828691
-0.000277956
-0.000998859
-0.00210569
-0.00356418
-0.00232037
-0.00531651
-0.00168931
-0.00263274
0.000659285
-0.00556965
-0.00322855
-0.00638501
-0.000194162
-0.00262669
-0.00190073
-0.00190073
-0.00190073
-0.00552873
-0.00249104
-0.00513065
-0.00270254
-0.00065889
-0.00249719
-0.00296113
-0.00458372
-0.000308026
-0.00274351
-0.00223458
-0.00369386
-0.00376214
3.0757e-05
-0.00526827
-0.00347552
-0.00232868
-0.000103127
-0.00210569
-0.00305582
-0.00235055
-0.00410959
-0.00454276
-0.00308374
-0.00352311
-0.00323229
-0.00258556
-0.00355757
-0.00275613
-0.00369386
-0.00190073
-0.00133815
-0.000787837
-0.0027499
-0.00108659
-0.00180673
6.65227e-05
-0.00338682
-0.0030085
-0.00330109
-0.0026739
-0.0027909
-0.00188869
-0.00339333
-0.000787837
-0.00299542
-2.09363e-05
-0.00437179
-0.00475445
-0.00395303
-0.00364623
-0.00402099
-0.00202979
-0.00120954
-0.00343444
-0.00202381
-0.00111589
0.00267381
-0.000998859
-0.000916719
-0.00376907
-0.000226166
-0.00561794
-0.00266154
-0.00240422
-0.00410473
-0.00185376
-0.00283823
-0.00230983
-0.00432382
-0.00419815
-0.0023634
-0.00352311
0.000454118
0.000577119
-0.00402801
-0.00355081
0.000540196
-0.00202381
-0.00248474
-0.00248474
-0.00271504
-0.00394029
-0.00184772
-0.00177736
-0.00450866
-0.00398717
-0.0048842
-0.00112761
-0.00406881
-0.00211181
-0.00573301
-0.00274351
-0.000623017
-0.0027909
-0.00219369
-0.00231626
-0.000870048
-0.00235705
-0.00291371
-0.00222181
-0.00321947
-0.00121531
-0.000313586
-0.00129567
-0.000741171
-0.00321283
0.000190065
-0.00263274
-0.00373487
-0.00466552
-0.0062059
-0.00065889
0.0012139
-0.00181851
0.00182038
-0.00160124
-0.000534717
-0.00108659
-0.00104554
-0.00232641
-0.00300203
-0.00211777
-0.00369386
-0.00471357
-0.00275613
-0.00109216
-0.000622033
1.5159e-05
-0.0029202
-0.00399397
-0.00202381
-0.00240879
-0.00472751
-0.00232037
-0.00189478
-0.00432382
-0.00352311
-0.00300203
-0.00134259
-0.00535754
-0.00198874
-0.00310462
-0.00288551
-0.00289164
-0.00292654
0.00168322
-0.00201767
-0.0017716
0.00283839
-0.00300982
-0.00451538
-0.00549498
-0.00105105
-0.00108659
-0.00395962
-0.0042348
-0.00261416
-0.00404244
-0.000875599
0.000540196
-0.00334574
-0.00236762
-0.0041662
-0.00232641
-0.0026678
-0.000957806
-0.0027972
-0.00188869
0.00146656
-0.00250319
-0.00168354
-0.000998859
-0.00343444
-0.00288551
-0.00172463
-0.00296754
-0.00385769
-0.00347552
-0.00117187
-0.00591112
-0.000782263
-0.00202979
-0.00180673
-0.00259154
-0.00138945
-0.00071079
-0.00369386
-0.00211777
-0.00276816
-0.00437179
-0.000354156
-0.00287923
-0.00164812
-0.003482
-0.003482
-0.00424174
2.54082e-05
-0.000370506
-0.00350987
-0.00355081
-0.0055213
-0.000875599
-0.00275613
-0.00258556
-0.00198281
-0.00368721
-0.00241481
-0.00164812
-0.00359173
-0.00342787
-0.00184772
-0.00288551
-0.0026205
-0.00402099
-0.00274351
-0.00539853
-0.00105105
-0.00360523
-0.00122092
-0.00287923
-0.000694452
-0.0017657
-0.00160124
-0.00250319
-0.00497307
-0.00595222
-0.00356418
-0.00168931
-0.00254439
-0.00228517
-0.00500755
-0.00391858
-0.00322855
-0.00450178
-0.00357064
-0.00242069
-0.000617699
-0.000535218
-0.00376907
-0.00160124
-0.00275613
-0.00211777
-0.00241481
-0.000195774
-0.00160689
-0.00348833
-0.000875599
-0.0010099
0.000318807
-0.000416248
-0.00126546
-0.00381679
-0.00181269
-0.00283187
-0.00245602
-0.00232037
-0.00343444
-0.00374144
-0.00130298
-0.000957806
-0.000957806
-0.000746681
-0.00223798
-0.00271504
-0.00519324
-0.00424854
2.02089e-05
-0.00147195
-0.000623017
-0.00301482
-0.00215547
-0.00202381
0.000741584
-0.00271504
-0.00173616
-0.00224074
-0.00344086
-0.00185964
-0.00343444
-0.00357064
-0.00382348
-0.00244993
-0.00207282
-0.000746681
-0.00565139
-0.00386445
-0.00262669
-0.00232037
-0.000493928
-0.000236882
-0.00262669
-0.00342787
-0.00181269
-0.00160124
-0.00404244
-0.00117984
-0.00280335
-0.00160124
-0.0045497
-0.000963336
-0.000283154
-0.00207082
-0.00163654
-0.00253211
-0.0046317
-0.003311
-0.00156005
-0.0026678
-2.09363e-05
-0.00283187
-0.00112761
0.00253754
0.000285224
-0.00398717
-0.00406881
-0.00495192
-0.000523706
-0.00211181
-0.000103127
-0.000576475
-0.00253833
-0.00326348
-0.00245752
-0.00240879
0.00075134
7.18077e-05
-0.00236762
-0.00535022
-0.000617699
0.00159642
-0.00368721
-0.00471357
0.0012139
-0.00404158
-0.00257943
-0.00420738
-0.00071079
-0.00415953
-0.00168354
-0.00181269
-0.00330771
-0.0047953
0.00168322
-0.00470637
-0.00202381
-0.00266154
-0.00373487
-0.00206477
-0.00229101
-0.00185376
-0.00109216
-0.00266154
-0.00283187
-0.00167761
-0.00444669
-0.00253211
-0.00169494
-0.00292654
-0.00364623
-0.0046317
-0.00160124
-0.00467265
-0.000870048
-0.00206477
-0.0050628
-0.00048283
-0.00253833
-0.00210829
0.00219149
-0.00356418
-0.00292654
-0.000647677
-0.00441281
-0.000834447
-0.00326685
-0.000623017
-0.00189478
-0.0045565
-0.00105105
-0.000798536
-0.0026678
-0.00446758
-0.000963336
0.000484136
-6.20484e-05
-0.00237358
-0.00100445
0.00146849
0.00146849
-0.00342787
-0.000752042
-0.000282024
-2.605e-05
0.000531113
-0.000752042
-0.00522724
0.00108084
-0.00241481
-0.000457668
0.00197636
-0.00357064
-0.00387106
-0.00190653
-0.00105105
-0.00113873
-0.00507599
-0.003482
-0.00420066
-0.00318727
-0.00168931
-0.00365282
-0.00177736
-2.09363e-05
-0.000200844
-0.000998859
-0.0026205
-0.00263274
-0.00160124
-0.00194179
-0.00168354
-0.00339333
-0.00450866
-0.00275613
-0.00492532
-0.000787837
0.000659285
-0.00415953
-0.00240879
-0.000195774
-0.00113324
-0.00374144
0.000190065
0.00104419
-0.000700047
0.000828691
0.0012552
-0.00441971
-0.00271504
-0.00386445
-0.00355757
-0.00219978
-0.000834447
-0.00253833
-0.0027972
-0.00370037
-0.0029202
-0.0029202
-0.00193578
-0.000968716
-0.00344086
-0.00266154
-0.00275613
-0.0032223
-0.00334574
-0.00270254
-0.00173047
-0.005536
-0.000957806
-0.000875599
-0.00283823
-0.00603433
0.000231312
0.000236342
-0.0026205
-0.000190555
-0.00211181
-0.00356418
-0.00151882
-0.00190073
-0.00258556
-0.00104554
-0.00219369
-0.00164241
-0.0026678
-0.00347552
-0.00361812
-0.00194179
-0.000916719
-0.000741171
-0.00283187
-0.00441281
-0.00121869
-0.00420066
-0.00249719
-0.000922185
0.000746387
-0.00137805
-0.00304943
-0.00210569
-0.00228517
-0.00304943
-0.00126197
-0.00121531
-0.00297379
-0.00155431
0.000277558
-0.00446758
-0.00109216
-0.00513794
-0.000488652
-0.00266154
-0.00472061
-0.000828959
-0.00330463
0.000143843
-0.0026678
-0.00292654
-0.00338682
-0.00168931
-0.00185376
-0.00197852
-0.00352311
-0.00211989
-0.00305582
-0.00296754
-0.00182418
-0.0030085
-0.0030085
-0.00228517
-0.00228517
-0.00150733
-0.00185964
-0.00185964
-0.00185964
-0.00347552
-0.000623017
-0.00250319
-0.00173616
-0.00364623
-0.00245602
-0.000828959
-2.09363e-05
-3.10142e-05
-0.00215879
-0.000282024
-0.00476852
-0.00424854
0.00115923
-0.00225529
-0.0026739
-0.00211416
-0.000623017
-0.00390568
-0.00164812
-0.000705493
-0.00165368
-0.000504033
-0.00448075
-0.00233231
-0.000669505
-0.00365926
-0.00126749
-0.00177736
-0.00284445
-0.00271504
0.00231579
-0.00394693
-0.000875599
-0.00274351
-0.00211989
-0.00211989
-0.000447374
-0.000447374
-0.00301482
-0.00301482
0.000705285
-0.00400062
-0.00325702
-0.00325702
-0.000369859
-0.00450866
-0.00190653
-0.000875599
-0.00344086
0.000520968
-0.00237358
-0.00263274
-0.00185376
-0.00511089
-0.00296234
-0.00399397
-0.00173047
-0.000752042
-0.00156563
-0.00463862
-0.00378247
-0.000411249
-3.10142e-05
-0.000576475
-0.000798536
-0.00501465
-0.00702081
-0.00280335
-0.00249216
0.00108084
-0.00377585
-0.00172463
-0.00339968
-0.00276222
-0.00219674
-0.00284445
-0.000664272
0.000530283
0.000231312
0.000231312
-0.0045565
-0.000113461
-0.000113461
-0.00670196
0.00112217
-0.00635154
-0.0011878
-0.00105105
-0.00383002
-0.00467265
-0.00450178
0.000993696
-0.00275613
-0.00262669
-0.00335847
-0.00118264
-0.00117429
-0.00476852
-0.000669505
-0.00117429
-0.000828959
-0.000922185
-0.00364623
-0.00143072
-0.00543949
-0.00322595
-0.00411163
-0.00356418
-0.00201767
-0.00634405
6.13872e-05
-0.00160689
-0.00386445
-0.00338933
-0.0026739
-0.00151315
-0.00309033
0.00100298
-0.00253833
-0.00283823
-0.0048842
-0.00100445
-0.0017716
-0.00181269
-0.00181851
-0.00164241
-0.00270886
0.00108084
-0.00121869
7.18077e-05
-0.003482
-0.000998859
-0.00165368
-0.00194765
-0.00357064
-0.00377532
-0.000231598
-0.00125046
-0.00236762
-0.000875599
0.000659226
-0.00296754
-0.00450178
0.00062318
-0.00249104
-0.000922185
-0.00309856
-0.00147195
-0.00364623
-0.00228166
-0.00240262
-0.00198281
0.000195158
0.000313905
-0.0026739
-0.00171864
-0.00103407
-0.00137904
-0.00253211
-0.000185186
-0.00181269
-0.00254439
-0.00271504
-0.00283187
-0.00197674
-0.00283823
-0.0048769
-0.00193578
0.000833516
-0.00346888
-0.0039463
-0.00419815
-0.00680907
-0.00385769
-0.0017657
-0.00270254
0.000112891
-0.00381679
-0.0027909
-0.00103988
-0.00189478
-0.00194765
-0.00441971
-0.00305582
0.000143843
-0.00283823
-0.000787837
-0.00164241
-0.00266154
-0.00521997
-0.00270254
0.001049
-0.00357064
-0.0042828
-0.00270886
-0.00359855
-0.00223798
0.000952395
-0.00287923
-0.00138945
-0.00116859
-0.00313771
-0.00201767
-0.00407719
-0.00386445
-0.000190555
-0.00263274
-0.00364623
0.000792411
-0.00313771
-0.00282536
-0.00360523
-0.0013322
-0.00237358
-0.00437863
-0.00463862
-0.00164241
-0.00359855
-0.00599329
-0.00168354
-0.00415272
0.00232342
-0.000875599
-0.00193578
-0.00561054
-0.00270886
-0.000617699
-0.00194179
-0.00184772
-0.00207082
-0.0027909
-0.0029202
2.54082e-05
-0.0029202
0.000195158
-0.00291371
-0.00513065
-0.00181851
-0.00283187
-0.00523436
-0.00420066
0.000833516
-0.0023634
-0.00355757
-0.0017716
-0.00189478
-0.00154843
-0.00232255
-0.00446758
-0.00071079
-0.00369386
-0.0026739
-0.0029202
-0.00458372
-0.0015895
-0.000324258
-0.00590369
-0.00491765
-0.00454276
-0.00253211
-0.00141989
-0.00141989
-0.00364623
-0.00258556
-0.00258556
-0.00155431
-0.00347552
-0.00223798
-0.00446076
-0.00391206
-0.00105105
-0.0027499
0.000241521
-0.00386445
-0.0026678
-0.00040098
-0.00241481
-0.0017657
-0.000276917
-0.000875599
-0.00113324
-0.00334185
-0.0039463
-0.00258556
-0.00167761
-0.00450178
0.000236342
-0.000834447
-0.0030085
-0.00370037
-0.00441281
-0.00330771
-0.00194765
-2.605e-05
-0.00147195
-0.00173616
-0.00253833
-0.00659721
-0.000447392
-0.000957806
-0.000968716
-0.00357064
0.000576485
-0.00147756
-0.00151882
-0.00433751
-0.00100445
0.000479489
-0.00310308
0.00283034
-0.00267986
0.00168322
-0.00306813
-0.000493928
-0.000834447
-0.00147195
-0.00454276
-0.00215276
-0.00182418
-0.00147195
-0.000190555
-0.000839785
-0.0022026
-0.00138945
-0.000886255
0.000277558
-0.00168354
-0.00511089
-0.00173047
-0.00241481
-0.000927502
-0.00442646
-0.00309678
-0.00382348
-0.00360523
-0.000633206
-0.00134259
-0.00126749
-0.00519324
-0.00296851
-0.00420738
-0.00189478
-0.000185186
-0.00343444
-0.00496645
-0.00193578
-0.00446758
-0.000499055
-0.00280335
0.000566999
-0.00339333
-0.00314407
-0.00259154
-0.00301482
-0.00202979
-0.00244993
-0.0026739
-2.605e-05
-0.000834447
-0.00151882
-1.56732e-05
-0.00253211
-0.000493928
0.0019806
-0.00376907
-0.003311
-0.00446076
0.00108543
-0.0030085
-0.00126003
-0.0026678
-0.00269607
-0.0048842
-0.00459757
-0.000283154
-0.000108369
-0.00287923
-0.00173616
0.000318807
-0.00548041
-0.000875599
-0.0017716
-0.00424174
1.5159e-05
-0.00173047
-0.00309235
-0.00387106
-0.000881002
-0.00297379
-0.00048283
-0.0017716
-0.00185964
-0.00185376
-0.00164241
-0.0027972
6.13872e-05
-0.0047953
-0.00284445
-0.00283187
-0.000793261
-0.0030085
-0.00137904
-0.000705493
-0.00325359
-0.00382348
-0.00444669
-0.000787837
-0.00112182
-0.00330463
2.54082e-05
-0.00385769
-0.00402099
-0.00286623
-0.00130298
-0.00318109
-0.00185376
-0.00195336
-0.0014667
-0.0026205
-0.0026205
-0.00361812
-0.00361812
-0.00246196
0.000154008
-0.00202381
-0.00250319
-0.0060829
-0.00228517
-0.0026678
-0.000916719
-0.00169494
-0.00177736
-0.00182418
-0.00351656
-0.00232641
-0.00100445
-0.00249719
-0.0029202
-0.00194179
-0.00347552
-0.00355757
-0.00578142
-0.00180673
-0.000834447
2.02089e-05
-0.0026678
-0.00227544
-3.10142e-05
-0.00318503
-0.00412498
-0.00138491
-0.00160124
-0.0026678
-0.00287281
-0.0017657
-0.000149478
-0.00044203
0.000318807
-0.00543949
-0.00172953
-0.00117733
-0.00160124
-0.00389857
-0.00604183
-0.00578035
-0.00263274
-0.00103988
-0.00233806
-0.00190073
-0.00313357
-0.00105105
-0.00147756
0.000365077
-0.00147195
-0.00335847
-0.00113873
-0.00582148
-0.00326348
-0.00058173
-0.0026678
-0.00343444
-0.00297379
-0.00369386
-0.00143072
-0.0027909
-0.0027909
0.00172889
0.00172889
-0.00147756
0.000442754
-0.00134816
-0.000752042
-0.00173616
-0.00395962
-0.0026205
-0.00274351
-0.00440577
-0.00194179
-0.00357064
-0.00160124
-0.00148302
0.000313905
-0.0014667
-0.00058173
0.00201773
-0.00190073
-0.00227919
-0.00347552
-0.000870048
-0.00369386
-0.00120954
0.000957028
-0.000715937
-0.00253833
-0.00326685
-0.00181851
-0.00288551
-0.00109216
-0.000700047
0.00036009
-0.00219978
-0.00513794
-0.00369386
-0.000834447
-0.00142503
0.000911127
-0.00151882
-0.0027499
-0.000230364
-0.0027499
-0.00335847
-0.00335218
-0.00236762
-0.00194765
-0.0027972
0.00177005
-0.00198281
-0.00104554
-0.00194179
-0.00173616
-0.00219978
-0.00355757
-0.00156005
-0.00343444
-0.0029202
-0.00287281
-1.56732e-05
-0.00321283
0.000413183
-0.0027972
-0.00338017
-0.000236882
-0.00104554
-0.00450178
-0.00382348
0.000143843
-0.00270886
-0.00266154
-0.000916719
-0.00120363
0.001049
-0.00150733
-0.00120954
-0.00108087
-0.00103988
-0.000957806
-0.00232255
-0.00424592
-0.00185376
-0.00228166
-0.00266154
-0.00171864
-0.00133815
0.000628324
-0.00181269
-0.00334185
-0.00364623
-0.0026205
-0.000911103
-0.00510273
-0.00228166
-0.00465824
-0.00189478
-0.0030085
-0.00133688
-0.00248474
-0.000770667
0.00164206
0.000154008
-0.00108087
-0.00296113
-0.00509688
-0.00410959
-0.00202979
-0.00138491
0.000792411
-0.0048769
-0.00116626
-0.00175964
-0.0062059
-0.00330109
-0.000916719
-0.0030085
-0.00266154
-0.00266154
-0.0027499
-0.00283187
-0.0039463
-0.0039463
-0.000623017
-0.00339592
2.02089e-05
-0.00356418
-0.00244993
-0.00373487
-0.000787837
0.00181125
-0.00249719
-0.00374144
-0.00181851
-0.00164241
-0.00257943
-0.000190555
-1.66499e-05
-0.00526827
-0.00282536
-0.00146619
-0.00154843
0.00100298
0.00152357
-0.00407574
0.000535165
-0.00253211
-0.00338682
-0.00188869
-0.00373487
0.000500271
-0.00300203
-0.00129724
-0.00484335
-5.12451e-05
-0.00548041
-0.0012075
0.000828691
-0.00582221
-0.00226906
-0.00347552
-0.00346888
-0.00309678
-0.00270254
-0.00261442
-0.00287923
0.000925667
-0.00040098
-0.00270254
-0.00305582
-0.00321283
-0.000870048
-0.00543949
-0.00271504
-0.00383002
-0.000703936
-0.000395441
-0.00304943
-0.00172463
-0.00245602
-0.003482
-0.0010099
-0.00468647
-0.00120363
-0.00236762
-0.00240262
0.00137933
-0.00142582
-0.00215276
-0.00172463
-0.00113324
-0.00244993
-0.00398022
-0.000529878
-0.000870048
-0.00189478
-0.00232037
-0.00270254
-0.0026205
0.00137503
-0.00395303
-7.22539e-05
-0.00228166
-0.000998859
0.000659226
-0.00065889
-0.00197674
-0.00318109
0.00057221
-0.00434413
0.00292088
-0.00326979
-0.00543204
-0.00125046
-0.000144173
-0.00215276
-0.00168354
-0.00211181
-0.00184772
-0.00292654
-0.00116859
-0.00142582
-0.00385769
-0.000834447
-0.00224074
-0.00373487
-0.0027972
-0.00129135
-0.000617699
-0.00198874
-0.00344086
-0.00147195
-0.0017716
-0.00178296
6.65227e-05
-0.000834447
-0.00116859
-0.0026205
-0.00142503
-0.000875599
-0.00210569
-0.000108369
-0.0060829
-0.00283187
-0.00339333
-0.00219978
-0.00112182
-0.00270886
-0.00219674
-0.00283823
-0.00330463
-0.00233231
-0.00472751
-0.0018297
-0.000881002
-0.00438531
-0.0027972
-0.00270254
-0.00173047
-0.000623017
-0.00287974
-0.00257943
-0.000457668
-0.0026739
-0.00065889
-0.000881002
-0.00240262
-0.00186537
-0.00224967
-0.00232641
-0.00117187
-0.00287281
-0.00181269
-0.00129724
-0.00271504
1.5159e-05
-0.00428966
-0.000283154
-0.000669505
-0.00387106
-0.00288551
-0.00065889
-0.000875599
-0.000447392
-0.00352311
-0.00130133
-0.00126197
-0.00236151
-0.00244993
-0.00202381
-0.00343444
-0.00569974
-0.0044538
-0.0027499
-0.00210829
-0.00278445
-0.00210569
-0.00714364
0.0011267
0.00075134
0.000957028
-0.00147195
0.000190065
0.000828691
-0.00121531
-0.00407574
-0.00104554
-0.00207672
-0.00552873
-0.00224074
-0.00335218
-0.0017657
-0.00318109
-0.00190073
-0.00419815
-0.00390539
-0.00185376
-0.00249719
-0.00151882
-0.00333502
1.5159e-05
-0.000922185
-0.0027909
-0.00245602
-0.00147756
-0.00152434
-0.00164241
-0.00262669
-0.00127075
-0.00424854
-0.00147195
-0.003482
-0.00167761
0.000961811
-0.00250319
0.00134243
-0.00194179
7.18077e-05
0.00130584
-0.00151315
-0.00441594
-0.00173047
-0.00122092
-0.00215276
-0.000746681
-0.00198281
-0.00190073
-0.00450178
-6.20484e-05
-0.00296113
-0.00402801
-0.003482
-0.00307699
0.000102599
-0.00527306
-0.00283187
-0.00287923
-0.00189478
-0.0026678
-0.00241481
-0.0027499
0.000961811
0.00155083
-0.00257315
-0.00071079
-0.00065889
-0.00139493
-0.00139493
6.13872e-05
-0.00399472
-0.003482
-0.00357064
-0.00374144
-0.00160689
-0.00215879
-0.00156005
-0.00237358
-0.000968716
0.000406329
-0.000752042
-0.00113324
-0.00381679
-0.00177736
-0.000705493
-0.00364623
0.000318807
-0.00334574
-0.00296234
-0.00125629
-0.00035954
-0.000752042
-0.0045497
-0.00309856
0.00100298
-0.00190653
-0.00296754
-0.00276222
-0.00545392
-0.00215879
-0.00181269
-0.00173047
-0.00100445
-0.000886255
-0.00253833
-0.00187096
0.000267776
-0.00313357
-0.00313357
0.000520968
-0.00164812
-0.00174171
-0.000540409
-0.00314407
-0.000787837
-0.000752042
-0.00125629
-0.00151882
-0.00280335
-0.00035954
-0.00253833
-0.00065889
-0.0041662
-0.00215879
-0.00446076
-0.0027499
-0.0027499
-0.00263274
-0.00186537
-6.72259e-05
-0.000411249
-6.72259e-05
-0.000746681
-0.00411658
0.000541207
-0.00180673
-0.00146619
-0.00212359
-0.003086
-0.000529286
-0.00254439
-0.00146029
-0.00287281
-0.00232255
-0.00108087
0.000961811
-0.000231598
-0.00230983
-0.000617699
-0.000952126
-0.00112761
-0.00275613
-0.00108659
6.65227e-05
-0.00296754
-0.00141989
-0.000389753
-0.00120954
-0.0044538
-0.00444669
-0.00257315
-0.00368041
-0.000963336
-0.00565886
-0.00501388
-0.00342787
-0.00245602
-0.00433751
-0.000787837
-0.000963336
-0.00424854
-0.00357695
-0.000963336
0.000741584
-0.00205856
-0.000318997
0.00117262
-0.0053647
-0.00407574
-0.00172463
-0.00262669
0.00253754
-0.00330771
-0.00351656
-0.00211181
-0.00211181
-0.00181269
-0.000787837
-0.0014667
-2.09363e-05
-0.0017716
-0.000793261
-0.0018297
-0.00219074
-0.00407719
-0.000922185
0.000231312
-0.00181851
-0.000793261
-0.0026205
0.000787522
-0.00271504
-0.000752042
-0.000664272
-0.00471357
-0.000277956
-0.00305111
-0.00287923
-0.00317203
-0.00190653
-0.00364623
-0.0026205
-0.0015895
-0.0015895
-0.00155431
-0.00249719
-0.00185376
0.000879564
0.00130112
-0.000190555
-0.00347552
-0.00291371
-0.00160124
-0.00292654
-0.00257943
-0.00511089
0.000526289
-0.000364774
-0.00190073
-0.00411838
0.00104419
-0.00258556
-0.00305111
-0.0022439
-0.00249719
-0.00148302
0.00147304
-0.00190653
-0.00232255
-0.00420066
-0.00236762
-0.0027972
-0.00300203
-0.00198281
0.000277558
-0.00160689
6.65227e-05
-0.00202381
-0.00223798
-0.00142503
-0.00407574
-0.0032159
9.76764e-05
-0.000905338
-0.00147195
-0.00526827
-0.00526827
-0.00184772
-0.00365282
-0.000705493
-0.0030085
-0.00040098
-0.00040098
-0.00351656
-0.00351656
-0.00138945
-0.0017657
0.000833516
-0.00169494
-0.000787837
-0.00121531
-0.00483611
-0.00117429
-0.00185376
-0.000952126
-0.00372816
-0.00270886
0.00177005
0.000567451
-0.00381001
-0.00185376
-0.00185376
-0.00512858
-0.00147756
-0.00147756
-0.00266154
-0.000106273
-0.00185376
-0.00160124
-0.00241481
0.00205912
-0.00168354
0.00108543
-0.0022439
0.000226432
0.00211314
0.000530283
0.000148851
-0.000746681
-0.00250319
-0.00202979
-0.000828959
-0.00390539
-0.00219369
-0.000828959
-0.000700047
-0.00296754
-0.00381679
-0.00365282
-0.0020257
-0.0042828
-0.00284445
-0.00218744
-0.000993116
-0.00291371
-0.00249719
-0.00172463
-0.00117984
0.0012552
-0.00156005
-0.00378247
-0.0017716
-0.00125629
-0.00143724
-0.00330463
-0.000746681
-0.00173047
-0.00241481
0.000571667
-0.000998859
-0.00214658
-0.00330463
-0.00112182
0.000411402
-0.00459072
-0.00121531
-0.00237358
-0.00173047
-0.00105105
-0.00292654
-0.00253833
-0.00347552
-0.00381679
-0.00245602
-0.00287281
-0.00693876
-0.000834447
-0.00385079
-0.000752042
-0.00168931
-0.0036395
0.000865281
-0.00232255
-0.0046317
-0.00253295
0.000484136
-0.00198281
0.000318807
-0.00227544
-0.00138383
-0.00287923
-0.00219369
-0.00113324
-0.00159545
0.000401405
0.00143675
-0.000870048
-0.00236151
-0.00193578
-0.0017716
-0.0030085
-0.00565139
-0.00313984
-0.000787837
-0.000705493
-0.00190073
0.000401405
-0.00297379
-0.00185376
-0.000957806
-0.001075
-0.00249719
-0.00121531
-0.0042348
-0.00147756
0.000226432
-0.000864346
0.00231982
-0.00233231
0.000700418
-0.000226166
-0.00134396
-0.00287923
-0.00560299
0.000874653
-0.00359972
-0.00491819
-0.00428966
-0.00164812
-0.00236762
-0.000881002
-0.00331417
0.00010767
-0.00186537
-0.00138945
-0.00289164
-7.22539e-05
-0.000782263
-0.00219074
-0.00370037
-0.00318109
-0.00112761
-0.00402801
-0.00231417
-0.00133815
-0.000952126
-0.0026205
-0.00120954
-0.00287923
-0.00197852
-0.000911103
-0.00223192
-0.00197674
3.0757e-05
-0.00317203
0.000664216
-0.00282536
-5.20574e-05
-0.000231598
-0.00215276
-0.000700047
-0.00177736
-0.00206477
-0.00450866
-0.00266154
-0.00334574
-0.00271504
-0.00322855
-0.00745404
-0.000144173
0.000911127
-0.000881002
-0.00121531
-0.00168931
-0.00283823
-0.00178296
2.02089e-05
-0.00283823
-2.09363e-05
0.000715467
-0.00137904
-0.000705493
-0.00180673
-0.00180061
0.000102599
-0.0029202
-0.00201767
-0.00227919
-0.00287923
-0.00356418
-0.00203563
-0.00521997
-0.00202979
-5.67215e-05
-0.0017716
-0.00244993
-0.00168354
-0.00433751
-0.000752042
-0.00283823
-0.000144173
-0.00300203
-0.00236151
-0.0026205
0.000488932
-0.00104554
-0.00194179
-0.00138383
-6.20484e-05
-0.00185376
-0.00224074
-0.000787837
-0.00181851
-0.000611065
-0.00172463
-0.00368721
-0.00184772
0.00057221
-0.00552873
-0.000963336
-0.0026678
-0.00556216
-0.00283187
-0.00270886
-0.00129135
-0.00113324
-0.00446076
-0.00333915
-0.00387106
-0.00296113
-0.000963336
-0.00197674
-0.00197674
-0.000875599
0.000195158
-0.00286623
-0.00211777
-0.00198874
-6.20484e-05
-0.00169494
-0.000611065
-0.00300203
-0.00223458
-0.00492501
-0.00172463
-0.000565517
-0.00189478
-0.000277956
-0.00129724
-0.00262669
-0.00100445
-0.00164241
0.000272592
-0.00254439
-0.000968716
-0.000968716
-0.00442646
-0.000834447
0.0018069
-0.000535218
-0.00472751
-0.00168931
0.00237312
-0.00372129
0.00075134
-0.00113324
-0.00292654
-0.00282536
-0.00226906
-0.00125629
-0.00228773
-0.00467963
0.00185248
-0.00207082
0.000961811
-0.00147756
-0.000787837
-0.000998859
-0.00253211
-0.00219369
-0.00223458
-0.00276222
-0.000308026
-0.00241481
-0.00100445
-0.000144173
-0.00575533
-0.00489135
-0.00173047
-2.09363e-05
-0.00113053
-0.00172463
-0.00137805
-0.0004061
-0.00292654
6.13872e-05
-0.000154634
0.00155984
-6.20484e-05
-0.000782263
-0.00296754
-0.000927502
-0.00257943
-0.000741171
-0.000828959
-0.00164812
-0.000488347
0.000231312
0.000577119
0.00108543
0.000484136
-0.00450866
-0.00189478
0.000669296
-0.00508965
-0.000952126
-0.00185376
-0.00365282
-0.00240879
-0.00283187
-0.00160124
-0.00185376
-0.00160124
0.000323859
-0.00151882
-0.00212359
-0.00159545
-0.00334574
-0.00211181
-0.00125629
-0.00190073
-0.00244993
-6.20484e-05
-0.00210569
0.00271062
-0.00338682
0.000961811
-0.00296113
-2.605e-05
0.000241521
-0.0027972
-0.000744837
-0.00211777
-0.00185376
-0.00198874
-0.00215879
-0.00164812
-0.000108369
6.13872e-05
-0.00262669
-0.000968716
-0.00284445
-0.00156005
-0.00253833
-0.00156005
-0.0010099
-0.00122092
-0.0026678
-0.00207082
-0.00231626
-0.00143072
-0.0022439
0.000143843
0.000143843
-0.00168931
-0.00158914
-0.00283823
-0.00103988
-0.00274351
-0.00287281
-0.00190073
-0.00407574
-0.00372816
0.000148851
-0.00130298
-0.000957806
-0.0071185
-0.00484335
-0.0015895
-0.00389857
-0.00270254
-0.00103988
-0.00112761
-0.00604128
-0.00543949
-0.00292654
-0.00322855
-0.00364623
-0.000664272
-0.00526093
0.000998265
-0.00518618
-0.000277956
-0.00368721
-0.00368721
-0.00208247
-0.00374144
-0.00109216
-0.00109216
-0.0027909
-0.0027909
-0.00189478
-0.000277956
0.000190065
-0.00459072
-0.0027909
-0.000998859
0.00185248
0.000413183
-0.00151882
-0.00274351
0.00129953
-0.000875599
-0.00305111
-0.000963336
-0.00261416
-0.000916719
-0.00531651
-0.00522724
-0.00385769
-0.00377585
0.000705285
-0.00109216
-0.00190653
-0.00350987
-0.00105105
-0.000705493
-0.000272609
-0.00168354
-0.00249104
-0.00146619
-0.00194179
0.000705285
-0.00172463
0.000447614
-0.00393941
-0.0028595
-0.00108087
-0.00108087
-0.00105105
-0.00126197
-0.00360523
-0.0026739
-0.00309678
-0.00309678
-0.00141989
-0.00385769
6.13872e-05
-0.00192962
-0.00291371
-0.000231598
-0.0027909
-0.0036395
-0.0036395
-0.00228517
-0.00215276
-0.00198281
-0.00116859
-0.00065889
-0.00262669
-0.000875599
-0.0027499
-0.00471357
-0.00185964
0.00275604
-0.00224074
-0.00121531
-0.00352311
-0.00147195
-0.00327596
-0.0026205
-0.00475445
-0.00387106
0.00104419
-0.00284445
-0.000612231
-0.00226906
-0.00226906
-0.00100445
-0.00433074
-0.00274351
-0.000669505
0.000102599
-0.00180673
-0.000875599
0.00244821
-0.00065889
-0.000968716
0.00169244
-0.00126197
-0.00197674
-0.0044538
-0.00197052
-0.00304943
-0.00321947
-0.00065889
-0.00129724
0.00105395
-0.00318503
-0.00035453
-0.00304943
0.000664216
0.0018069
0.000277558
-0.000993116
-0.00232255
-0.00398717
-0.00194765
-0.000236882
-0.00105105
-0.00142582
-0.00395303
-0.00117429
-0.00121531
-0.00121531
-0.000272609
0.00246416
-0.00181269
-0.00141989
-0.000828959
-0.00207082
-0.00214658
-0.00226906
-0.00109216
-0.00271504
-0.00265513
0.000618185
-0.00214658
-0.00214658
-0.00202381
-0.00125629
-0.00265513
-0.000523706
-0.00040098
0.000710301
-0.00206477
0.00246416
-0.000103127
0.000536085
0.000536085
-0.00342787
-0.00300203
0.00164666
-0.00291371
-0.00253211
-0.00215879
-0.00326348
0.000454118
0.0019806
-0.000782263
-0.000174
0.000372282
0.000541207
-0.00122092
-0.00122092
-0.00121531
-0.0030429
-0.0017657
-0.00173047
-0.00283187
-0.00209943
-0.000735512
-0.001075
-0.000692712
-0.00129135
-0.000998859
0.000500271
-0.000864346
-0.000477164
-0.00137904
-0.0034621
-0.00346888
-0.0038916
-0.00243191
-0.00167677
-0.00137904
-0.00286623
-0.00150149
-0.00109216
-0.00109216
-0.00433074
0.00010767
-0.00116274
-0.00350987
-0.00108087
-0.00317203
-0.00121531
-0.00112761
-0.00410959
-0.00142582
-0.00189478
0.00169244
-0.00128531
-0.00125046
0.000879564
-0.00159518
-0.00325041
-0.000277956
2.54082e-05
-0.00313771
-0.000700047
-0.0013322
-0.00386445
-0.00321947
-0.00321947
-0.00321947
-0.00321947
-0.00215276
-0.00283187
-0.00283187
-0.00450178
-0.00287923
-0.00254439
-0.00121531
-0.00207082
-0.00266154
-0.00244369
0.000541207
-0.00125046
-0.00369386
-2.09363e-05
-0.00441971
-0.00249719
-0.00185964
-0.000834447
-0.00202381
0.000577119
-0.0027909
0.000741584
-0.003482
0.000582177
-0.00468647
2.02089e-05
0.000521616
0.00036009
-0.000576475
6.13872e-05
-0.0030085
6.65227e-05
-0.00129724
-0.00147195
-0.000746681
-0.000406369
-0.000957806
-0.00202381
-0.00326348
0.000406329
0.000277558
0.00181574
-0.00461742
0.000198192
0.000112891
-0.00103407
0.00122344
-6.20484e-05
-0.00188869
-0.0030429
-0.0034621
-0.00163654
0.000787522
-0.00397312
-0.00202381
-0.00172463
-0.00160124
-0.00035453
-0.00351656
-0.00116859
-0.00116859
-5.12451e-05
-0.00308374
0.00075134
0.000879564
0.00130584
0.00152357
-0.00274351
-0.00145456
-0.00188869
-0.000411608
-0.0014607
-0.00197674
-0.00193578
-0.00193578
-0.00125046
-0.00346888
0.00160093
0.00160093
0.000148851
-0.000870048
-0.00181269
-0.00312454
-0.0027909
-0.000916719
-0.00133815
-0.00104554
-0.000149478
-0.00437863
-0.0015895
-0.0015895
-0.000957806
-0.00402801
0.000413183
