0.0220044
0.0223696
0.0254799
0.017526
0.020702
0.0238733
0.0201689
0.0309749
0.0170908
0.0220708
0.0187286
0.0255412
0.01686
0.0237393
0.0205002
0.0156293
0.0220708
0.0221369
0.0236068
0.0171959
0.0185647
0.0186643
0.0184333
0.0168287
0.0166924
0.0204332
0.0215725
0.0213736
0.0255072
0.0193977
0.0244036
0.020535
0.020535
0.0184971
0.0219709
0.0187004
0.0187004
0.0190309
0.0219709
0.0252766
0.0169912
0.0203681
0.0203009
0.0191306
0.0204332
0.0220708
0.0239056
0.0186613
0.0217717
0.0194294
0.0219709
0.0192302
0.0256444
0.0239391
0.0191306
0.0194032
0.0170279
0.0170593
0.0268485
0.0184333
0.0221701
0.0205656
0.0204677
0.0252459
0.020535
0.0170652
0.023244
0.0188
0.0240052
0.0200348
0.0202002
0.0217391
0.0217391
0.0234749
0.0257747
0.0205998
0.0202013
0.020234
0.0219376
0.0168877
0.0240052
0.0156904
0.0222033
0.0193617
0.0206653
0.0233753
0.0207665
0.0222698
0.0208661
0.020702
0.0209982
0.0226349
0.0169597
0.0200693
0.0136257
0.0221376
0.0254106
0.018796
0.0200021
0.0185293
0.0205673
0.0208645
0.0157521
0.017526
0.0123595
0.0202013
0.0201672
0.0199352
0.0235407
0.0236424
0.0161274
0.0205328
0.0237737
0.0171959
0.0227802
0.0232419
0.0235407
0.0214729
0.0169347
0.0202361
0.0204005
0.0179308
0.02227
0.0186325
0.0252084
0.0172955
0.0182659
0.020234
0.0177395
0.0218049
0.02134
0.0222365
0.0188317
0.0204332
0.0266493
0.0170652
0.0175324
0.0224038
0.0240387
0.0220705
0.0203336
0.0204677
0.0223361
0.0170908
0.0200021
0.0238395
0.0239717
0.0212737
0.0170229
0.0220372
0.0189278
0.0208317
0.0290476
0.01686
0.0227014
0.0221701
0.0241048
0.0176629
0.0231104
0.0160371
0.0187685
0.0196966
0.0234076
0.0208338
0.0172271
0.0170593
0.0203009
0.0188681
0.0224692
0.0190673
0.0194294
0.0237399
0.0236424
0.0241384
0.0226684
0.0225686
0.0222033
0.0253803
0.019529
0.0240725
0.0225699
0.021033
0.0223694
0.0284939
0.0194344
0.0191306
0.0173218
0.0174263
0.02227
0.0174214
0.0191945
0.021033
0.0221704
0.0207665
0.0209012
0.0188681
0.0209334
0.0241384
0.0172271
0.0192302
0.0222036
0.0179001
0.0205002
0.0238733
0.0191669
0.0277747
0.0228694
0.0276404
0.0237737
0.0172271
0.0139944
0.0222365
0.0220708
0.0222036
0.0142836
0.0190628
0.0204326
0.0219065
0.0186008
0.0203681
0.020732
0.0160583
0.0187609
0.0172271
0.0254758
0.0255072
0.0201005
0.0159282
0.019262
0.019262
0.0224357
0.0172719
0.0235401
0.022105
0.0219045
0.0242706
0.0225686
0.0206024
0.0238759
0.0238733
0.019534
0.0237737
0.0222698
0.0191624
0.0210008
0.0172901
0.0190948
0.02227
0.0236084
0.0220372
0.0197352
0.0200348
0.0217055
0.0252159
0.0219376
0.0152613
0.0203681
0.022303
0.0224364
0.0208338
0.0188
0.0222033
0.0207665
0.0221369
0.0237064
0.0232419
0.0218713
0.0205002
0.0200021
0.0202685
0.0188317
0.0224692
0.0194372
0.0245142
0.0281158
0.0191669
0.0198017
0.0218713
0.0203036
0.0207095
0.0219712
0.0253155
0.0171589
0.0220044
0.0219712
0.016792
0.0223696
0.0190628
0.0240052
0.0221701
0.023708
0.0192941
0.0226684
0.0256444
0.0237399
0.0268436
0.0205673
0.0189313
0.0211362
0.0191669
0.0224692
0.0229794
0.0222036
0.0165299
0.0187286
0.0220044
0.0195654
0.0205328
0.0225688
0.0136257
0.0191356
0.0233753
0.0184333
0.0136257
0.0169967
0.0183975
0.0183655
0.016792
0.0188282
0.0233096
0.0247134
0.0184651
0.0194344
0.0233753
0.0185968
0.0204332
0.0188317
0.0235428
0.0205328
0.0200676
0.0198029
0.0203336
0.0214403
0.0249778
0.0218051
0.0166924
0.0188282
0.0190274
0.0238395
0.0237737
0.0241377
0.0202013
0.0224692
0.02227
0.0224026
0.0206669
0.0188956
0.0203664
0.0138157
0.0208692
0.0171589
0.0188282
0.0225022
0.0201672
0.0187004
0.0204005
0.0189677
0.0225688
0.0221376
0.0218388
0.0236741
0.0191985
0.0201017
0.0181983
0.0260735
0.0202013
0.0221037
0.0218713
0.0191306
0.0169283
0.0225688
0.0191669
0.0136858
0.0220705
0.0223696
0.018764
0.02227
0.0185693
0.0235088
0.0273817
0.0236403
0.0218713
0.0199352
0.0198029
0.0203009
0.0215728
0.0271473
0.0176256
0.0205028
0.0209982
0.0218051
0.0237737
0.0200676
0.0190309
0.0172271
0.0168237
0.0206994
0.0173267
0.022104
0.0159975
0.0250869
0.0205998
0.0256751
0.0235119
0.0222033
0.0236741
0.0199697
0.0185329
0.0154223
0.0187321
0.0185012
0.0202361
0.0187685
0.0155908
0.0274111
0.0206346
0.0207665
0.0223361
0.0208016
0.0225022
0.0201344
0.0190628
0.0222033
0.0251463
0.0139944
0.0156598
0.0226058
0.0239756
0.0206669
0.0255102
0.0188
0.0239391
0.0153915
0.0214729
0.0185968
0.0217384
0.0208338
0.0238076
0.0205328
0.0205998
0.0156293
0.0224692
0.0202998
0.0173267
0.023806
0.0156904
0.0263856
0.0240381
0.015859
0.0208986
0.0188956
0.0193348
0.0193348
0.0238395
0.0159892
0.0154694
0.0203336
0.0173581
0.0173581
0.0198356
0.0220708
0.0248475
0.0203681
0.0169552
0.0250774
0.0220041
0.0241384
0.0181632
0.021838
0.0191669
0.0218388
0.0234749
0.0186325
0.0203036
0.0172955
0.0235407
0.014094
0.014094
0.0188956
0.0221376
0.0246028
0.0206653
0.0223696
0.0225688
0.0160583
0.0192941
0.0169656
0.0203681
0.0171959
0.0203336
0.0203681
0.0211681
0.0237737
0.017589
0.0179245
0.0222372
0.0222372
0.0239729
0.0206318
0.0210654
0.0225353
0.0260083
0.024471
0.024471
0.024471
0.024471
0.018323
0.0175016
0.0244394
0.0244394
0.0224692
0.0243057
0.0243057
0.021165
0.0262385
0.0262385
0.0194613
0.0247361
0.0192941
0.0191306
0.0226684
0.020799
0.0230334
0.0209313
0.0213673
0.0210309
0.0190628
0.022303
0.0179928
0.0246028
0.0174263
0.0212997
0.0183603
0.0183603
0.0191985
0.0193937
0.0233675
0.0263024
0.0195028
0.0212358
0.0183293
0.0243398
0.0262075
0.0222372
0.0158145
0.0162503
0.0109983
0.0110875
0.0129357
0.0139698
0.00816372
0.00955919
0.00757912
0.00757912
-0.0053763
-0.0370327
-0.0359618
-0.00819463
0.056666
0.108624
0.143883
0.153628
0.159847
0.0560428
-0.011634
-0.0875556
-0.132864
-0.0919122
-0.0906647
-0.0813241
-0.0644274
-0.0832476
-0.086232
-0.087935
-0.102359
-0.0961864
-0.0961864
-0.0876486
-0.0961558
-0.0891265
-0.0987466
-0.0798566
-0.0877759
-0.0928056
-0.0827224
-0.0988716
-0.0910015
-0.0879745
-0.0815384
-0.0770611
-0.0889225
-0.088081
-0.092607
-0.0831814
-0.0890218
-0.0796399
-0.0809656
-0.0858349
-0.0845631
-0.0876678
-0.0852092
-0.0869163
-0.0830821
-0.0815612
-0.082921
-0.0778552
-0.093198
-0.0848975
-0.0816988
-0.089886
-0.0909008
-0.0878471
-0.0830202
-0.0845887
-0.0865661
-0.0856727
-0.0915927
-0.0898214
-0.0875904
-0.0847617
-0.0835174
-0.0860698
-0.0884983
-0.0797183
-0.0821268
-0.0825239
-0.0847249
-0.0931367
-0.0813626
-0.0796997
-0.0845887
-0.0815995
-0.0795406
-0.0813399
-0.0824246
-0.0795198
-0.0800762
-0.0773393
-0.0817818
-0.0825718
-0.0875371
-0.0740164
-0.0719882
-0.0508281
-0.020251
0.0102207
0.0322263
0.0721381
0.100787
0.0946954
0.0873301
0.0781608
0.0783696
0.0854279
0.085702
0.0904963
0.0839156
0.0805796
0.0924994
0.0891204
0.0992674
0.0992674
0.0818216
0.0798883
0.0904844
0.0888293
0.0904577
0.0921885
0.0817044
0.0801655
0.0852011
0.0942015
0.0865334
0.0853292
0.0821892
0.0818123
0.0855344
0.0801471
0.083323
0.0803821
0.0800858
0.0760926
0.0783686
0.0874719
0.0816056
0.0766515
0.076575
0.0778958
0.0781012
0.114311
0.13997
0.119558
0.123681
0.116726
0.0942697
0.0992404
0.0969185
0.0991236
0.100845
0.105416
0.0943983
0.102154
0.10881
0.101833
0.103304
0.1037
0.107571
0.108186
0.100119
0.103428
0.101885
0.10328
0.106637
0.102985
0.101516
0.101444
0.107837
0.0985225
0.0963417
0.103107
0.101272
0.105874
0.107935
0.102737
0.106392
0.104528
0.112666
0.10433
0.107975
0.108064
0.106496
0.103206
0.112661
0.108842
0.106154
0.106275
0.117476
0.121281
0.124489
0.136442
0.0909699
0.0406645
0.0142451
-0.064429
-0.105673
-0.0905197
-0.0870001
-0.0938832
-0.0791612
-0.0809105
-0.0806911
-0.0915745
-0.0920711
-0.0753777
-0.0830994
-0.0776567
-0.0891562
-0.0915533
-0.0751599
-0.0751599
-0.0832559
-0.0832559
-0.0745709
-0.0745709
-0.076093
-0.0762119
-0.0751232
-0.0750002
-0.0738345
-0.0738345
-0.0783907
-0.0743877
-0.0732967
-0.0748429
-0.0801931
-0.0763301
-0.0799946
-0.0798176
-0.0797785
-0.0799558
-0.0780929
-0.0785702
-0.0848494
-0.078312
-0.076389
-0.0885701
-0.0817749
-0.0835165
-0.0805678
-0.0816604
-0.0822174
-0.0753144
-0.0785105
-0.0771241
-0.0737511
-0.0755376
-0.0786297
-0.0739647
-0.0769845
-0.0788875
-0.0770608
-0.0752151
-0.0773814
-0.0719631
-0.0807317
-0.0764477
-0.0768852
-0.0736099
-0.0732549
-0.078689
-0.0768263
-0.0769658
-0.0816377
-0.0803309
-0.0789274
-0.0806893
-0.0780929
-0.0785499
-0.0842971
-0.0803528
-0.0770058
-0.0804686
-0.0806505
-0.0789274
-0.0820957
-0.0800939
-0.0755202
-0.0717646
-0.0774806
-0.0808511
-0.0806717
-0.0755543
-0.0788281
-0.0755704
-0.0751816
-0.0750647
-0.0805123
-0.0734952
-0.0770608
-0.0772416
-0.083763
-0.0806324
-0.0790663
-0.0811286
-0.0788679
-0.0839615
-0.0788281
-0.0764503
-0.0823552
-0.0820795
-0.0801154
-0.0852835
-0.0749067
-0.0754209
-0.0805294
-0.0823167
-0.0838761
-0.0803916
-0.0822331
-0.0792844
-0.0737767
-0.0795019
-0.0772009
-0.0724728
-0.0773814
-0.0789074
-0.0768852
-0.0790057
-0.0793837
-0.0702292
-0.0739914
-0.0757361
-0.0742053
-0.0755376
-0.0834082
-0.0721616
-0.0795019
-0.0824927
-0.0773225
-0.0752225
-0.0791656
-0.078529
-0.0840986
-0.0840986
-0.0801931
-0.0740744
-0.080849
-0.0775611
-0.0758763
-0.075777
-0.0702328
-0.0807108
-0.0761329
-0.074289
-0.079979
-0.0762651
-0.0815255
-0.0772416
-0.0723458
-0.0708681
-0.0806324
-0.0685581
-0.0756778
-0.0826144
-0.0743194
-0.0776563
-0.0795028
-0.0792051
-0.0781752
-0.0774619
-0.0815046
-0.0762147
-0.0795228
-0.0787686
-0.0794429
-0.0807279
-0.0775798
-0.0744712
-0.0758585
-0.083149
-0.074372
-0.0703744
-0.0735203
-0.0757408
-0.0684335
-0.0655093
-0.0574877
-0.045404
-0.0461529
-0.0149144
-0.00591221
-0.0220275
0.00294717
0.013637
0.0135107
0.0300568
0.0373829
0.0334606
0.0546299
0.0611441
0.077713
0.0834399
0.0972034
0.122979
0.114123
0.122595
0.153155
0.148709
0.153454
0.151626
0.152981
0.136731
0.146009
0.138185
0.139938
0.127195
0.120856
0.117957
0.110362
0.110645
0.111109
0.104717
0.104626
0.105203
0.100193
0.104696
0.105248
0.1071
0.113064
0.117323
0.121201
0.11429
0.125233
0.131966
0.13338
0.135822
0.135045
0.152101
0.154703
0.157037
0.151912
0.16466
0.154313
0.16862
0.179364
0.171669
0.192277
0.198089
0.204768
0.199771
0.204568
0.213269
0.212619
0.216429
0.22695
0.235303
0.242409
0.240593
0.249262
0.245732
0.252158
0.25484
0.25484
0.263781
0.263781
0.263781
0.262021
0.262021
0.252899
0.259491
0.245811
0.248621
0.231121
0.226836
0.215615
0.210831
0.196877
0.180014
0.177886
0.173371
0.173371
0.162115
0.158398
0.145165
0.131868
0.123837
0.12211
0.115043
0.113069
0.117459
0.100626
0.0956711
0.0977614
0.098009
0.095113
0.0781101
0.0837988
0.0764205
0.0637663
0.0661813
0.0697026
0.0626535
0.0563756
0.0601226
0.0586697
0.0575347
0.0575347
0.0464698
0.0388847
0.035562
0.0450624
0.0391515
0.0410851
0.0412853
0.0356287
0.0337918
0.0410212
0.0394248
0.040809
0.0446248
0.0446462
0.0375042
0.0341446
0.0397825
0.0378181
0.0464445
0.0414011
0.0433007
0.0485228
0.046762
0.0431247
0.0570658
0.0518326
0.0569431
0.0590567
0.0609791
0.0605772
0.0606783
0.0626068
0.0646355
0.0663623
0.0681149
0.0694509
0.0673192
0.0655878
0.0728141
0.0693251
0.0727821
0.0732765
0.0761943
0.0713086
0.0677194
0.072614
0.0797612
0.080181
0.0737608
0.0811453
0.0831069
0.0814372
0.079261
0.0808645
0.0881804
0.0823392
0.085859
0.0918166
0.089892
0.0956465
0.0951464
0.101069
0.102533
0.0970355
0.104017
0.0984115
0.10158
0.0997899
0.0944377
0.0918952
0.090067
0.0953809
0.0969083
0.0914851
0.0964538
0.0889109
0.0926962
0.0873204
0.0919969
0.0832537
0.0870732
0.084656
0.0910516
0.0837488
0.0823629
0.0822347
0.076869
0.0785296
0.0806105
0.0777543
0.0660098
0.0726708
0.076586
0.0855103
0.0802967
0.0850059
0.0825742
0.0860062
0.0781582
0.0880143
0.0786857
0.0756883
0.07364
0.0612663
0.0630558
0.0645541
0.0613039
0.0628913
0.0578127
0.0577363
0.0589647
0.0554153
0.0559847
0.0557261
0.0538529
0.0519701
0.0574856
0.0530525
0.0646438
0.0518389
0.0461346
0.0520702
0.045302
0.0408296
0.0392951
0.0434277
0.0431803
0.0376043
0.0390472
0.0432464
0.0389518
0.0418983
0.0341702
0.034158
0.0451164
0.03788
0.0382096
0.0365349
0.0386883
0.0418888
0.0470326
0.0455167
0.044014
0.0459947
0.0516897
0.0399082
0.0512939
0.0382413
0.0481765
0.0313929
0.0383196
0.0454786
0.0331208
0.0378875
0.0439811
0.0436067
0.0438356
0.0365386
0.0420192
0.0455107
0.0437688
0.0473693
0.0459637
0.0457728
0.0462025
0.038486
0.0413969
0.0398728
0.0454786
0.0397838
0.0308649
0.0399351
0.0402217
0.0342212
0.0365082
0.0344165
0.0382071
0.0344372
0.042029
0.032753
0.0314891
0.0310651
0.0345766
0.0230064
0.0291075
0.0291463
0.0343164
0.0403501
0.0269651
0.0256751
0.0287096
0.0255702
0.031081
0.0294053
0.0329299
0.0347708
0.0398898
0.0323199
0.033045
0.0328298
0.0309845
0.0295305
0.0290336
0.0267582
0.0313814
0.0272374
0.0251711
0.0257719
0.0288872
0.0288868
0.0328234
0.0290983
0.0325201
0.0330625
0.031297
0.025684
0.0272477
0.0386794
0.0289158
0.0315206
0.0328298
0.0381299
0.0387419
0.0348873
0.0364551
0.0421429
0.0423833
0.0369346
0.038163
0.0368861
0.0271032
0.0344732
0.0400318
0.0385002
0.0386794
0.0382471
0.0286942
0.0379352
0.0419128
0.0322662
0.0343604
0.040373
0.0453318
0.0395799
0.0415451
0.0391414
0.0417048
0.0456451
0.0454114
0.0490221
0.0379627
0.047753
0.0381883
0.0364927
0.0359016
0.0362547
0.0380989
0.0343978
0.0360929
0.0312089
0.0360845
0.0429911
0.0355951
0.0410445
0.0428652
0.0432
0.0378217
0.0413083
0.0379377
0.0360093
0.0414484
0.0392877
0.0395311
0.0465524
0.0396738
0.0398087
0.0363549
0.0433247
0.0393847
0.0434949
0.0315117
0.0413478
0.0390505
0.0427082
0.0430617
0.0525483
0.0525483
0.0447931
0.0370973
0.037331
0.0463494
0.0484344
0.0346742
0.0445721
0.0466498
0.0428654
0.0388285
0.048134
0.0448143
0.0523934
0.0502546
0.0447804
0.0435127
0.0485636
0.0450971
0.0408932
0.0427985
0.0450463
0.0464109
0.044913
0.0498078
0.0444799
0.0444799
0.0515507
0.0518267
0.0496185
0.0560465
0.0577232
0.0595994
0.0569221
0.0498506
0.0588978
0.0548643
0.0538676
0.0521843
0.0516029
0.0540678
0.0500593
0.0541067
0.0578469
0.0539871
0.057263
0.0557046
0.0569295
0.0588087
0.0527321
0.0471933
0.0528143
0.0513608
0.0515324
0.0516264
0.0530145
0.0493174
0.0488749
0.0488749
0.0620509
0.0659215
0.0659215
0.0548853
0.0490209
0.0490209
0.055039
0.0552572
0.0514259
0.044031
0.0477552
0.0437842
0.0493705
0.0454631
0.0517014
0.045228
0.0461878
0.0462125
0.0497897
0.0462773
0.0430713
0.0467467
0.0425967
0.0391195
0.0425497
0.0427845
0.0441846
0.0431392
0.0352342
0.0372882
0.043262
0.0351837
0.0397497
0.0393131
0.0374162
0.0399091
0.0373974
0.0335136
0.0430391
0.0225972
0.030629
0.033897
0.0306704
0.0324218
0.034566
0.0288597
0.0271301
0.0346228
0.0238324
0.0287221
0.0286068
0.0397956
0.0318223
0.0306296
0.0358691
0.0347008
0.0362932
0.0324298
0.0287331
0.0329334
0.0344945
0.0325146
0.0441435
0.0325443
0.0325443
0.0330625
0.0330625
0.0419976
0.0399351
0.0402427
0.038493
0.0384474
0.0369912
0.0347218
0.03862
0.0329448
0.0296082
0.0294969
0.0312627
0.036355
0.0328204
0.0334212
0.0346947
0.0273322
0.0295031
0.023607
0.0351742
0.0312602
0.0237071
0.027746
0.0296032
0.0314852
0.0349492
0.0291193
0.0292194
0.0295343
0.0212428
0.0219433
0.0255911
0.0220582
0.019882
0.019882
0.0121926
0.0240357
0.0184125
0.027509
0.02772
0.0164379
0.0243427
0.0297614
0.0257971
0.0276509
0.0289505
0.0293874
0.0218926
0.0202119
0.0232729
0.0195177
0.0142638
0.0193883
0.0304405
0.0162361
0.0138626
0.0155459
0.0154814
0.0059918
0.0148411
0.0152863
0.00989683
0.0150897
0.020353
0.0075413
0.0171546
0.00992711
0.00958712
0.00634229
0.0130915
0.0100916
0.0182357
0.0137092
0.0117916
0.00960489
0.0139186
0.013868
0.0178721
0.0156974
0.0139746
0.0138222
0.0141816
0.00908457
0.0145322
0.0208248
0.0177609
0.0200775
0.0177766
0.011371
0.0165369
0.0200494
0.0200494
0.0198801
0.0179943
0.0255035
0.0222219
0.0165865
0.0165865
0.0143717
0.0214427
0.0234937
0.0203198
0.0212038
0.021373
0.0269406
0.0234648
0.0235033
0.0196059
0.0228668
0.0220176
0.0217817
0.0255017
0.0215465
0.0195039
0.0217458
0.0254261
0.016783
0.018792
0.0259559
0.020234
0.0204684
0.021676
0.0208014
0.0242119
0.0206677
0.022041
0.0167635
0.0218754
0.022274
0.0238787
0.022573
0.0310618
0.0309549
0.0291511
0.0223759
0.0263452
0.0259797
0.02588
0.02945
0.0261125
0.0277464
0.029347
0.0209164
0.0241165
0.0237488
0.0225552
0.0255835
0.0274811
0.0308775
0.027813
0.0266829
0.0258484
0.0279462
0.0204626
0.025982
0.0277796
0.0324735
0.0242508
0.0296104
0.0209081
0.0263539
0.0266877
0.0237012
0.0273505
0.0252581
0.030743
0.0256866
0.029346
0.0222368
0.0225091
0.0256565
0.0256916
0.0275533
0.0240922
0.0273847
0.0290499
0.0255221
0.0273195
0.0273888
0.0239363
0.0275233
0.0272892
0.0243076
0.0271896
0.0273592
0.0276579
0.0309749
0.0305095
0.0269608
0.032867
0.0254633
0.0272662
0.0242184
0.0259613
0.0245701
0.0273302
0.0261321
0.0317087
0.0291839
0.0257785
0.0276579
0.0259146
0.0282908
0.0243549
0.0239196
0.0264757
0.0280563
0.0316091
0.0277361
0.0260325
0.0292882
0.0241929
0.0291537
0.0276092
0.0296169
0.0193853
0.0259688
0.0327688
0.029552
0.0291241
0.0307128
0.0313794
0.0293877
0.0313495
0.0332329
0.0327688
0.027999
0.0281071
0.0266853
0.0247905
0.0314141
0.0284274
0.0257337
0.0311566
0.0234556
0.0350096
0.0228187
0.0298568
0.0311373
0.0281171
0.0300448
0.0232773
0.0295581
0.0248116
0.0294474
0.0301811
0.0264268
0.0331803
0.0279295
0.0282906
0.0297081
0.0244351
0.0318076
0.0251494
0.0320697
0.0366836
0.0294585
0.0225803
0.0266259
0.0279669
0.0279669
0.0305427
0.0268251
0.0318706
0.0289528
0.0281181
0.0269859
0.0265494
0.0339127
0.0284027
0.0337575
0.033821
0.0315719
0.0301555
0.0279805
0.0320435
0.0314462
0.0336219
0.0336943
0.030218
0.0246506
0.0312103
0.0261281
0.0303054
0.0314359
0.0286396
0.0336678
0.0248299
0.0276969
0.0251286
0.0314831
0.0321431
0.0228977
0.0267255
0.0253277
0.0337938
0.0282176
0.030031
0.0249294
0.029969
0.0319184
0.0366942
0.027919
0.0231766
0.0317818
0.0303054
0.0334321
0.0271179
0.0313836
0.0353082
0.0322171
0.0335316
0.0318444
0.0269196
0.0296085
0.0321548
0.0335316
0.0307182
0.0248695
0.0248695
0.0300446
0.0302058
0.0300597
0.0279732
0.0317193
0.0314954
0.029585
0.0315708
0.0276321
0.0301209
0.031284
0.0349549
0.0299602
0.0330339
0.0296845
0.0316326
0.0281116
0.0262228
0.0314954
0.0317566
0.0336792
0.0371995
0.033443
0.0318694
0.0300446
0.0304049
0.0285318
0.0281899
0.0358244
0.0288085
0.0249706
0.0301978
0.0213955
0.0319689
0.031794
0.0370284
0.0319689
0.0257859
0.0283107
0.0285705
0.0285674
0.030375
0.0285488
0.0301593
0.0281336
0.030657
0.0320685
0.0269783
0.0320685
0.0334179
0.0333805
0.0351644
0.0301978
0.0334929
0.0285098
0.0408546
0.0320685
0.0264408
0.0360349
0.0284493
0.0336544
0.0300375
0.0366746
0.0369009
0.0331443
0.0319837
0.0362765
0.0321602
0.0287066
0.029938
0.0319689
0.0349914
0.0318078
0.0300983
0.0337678
0.0319837
0.0289855
0.0340526
0.0404867
0.0256902
0.0282688
0.0305741
0.0303361
0.0253098
0.0304141
0.0302974
0.0392609
0.0336682
0.0351276
0.0282292
0.0336682
0.0354129
0.0284885
0.0315473
0.0298169
0.0317621
0.0314635
0.0333558
0.0335925
0.0298955
0.0376172
0.0336682
0.0338911
0.0349773
0.0301759
0.0348778
0.0314249
0.0280697
0.0303145
0.0288061
0.0279713
0.0322598
0.0357736
0.0296178
0.0385192
0.0302542
0.028329
0.0335841
0.0323207
0.035465
0.0320388
0.0386546
0.0333697
0.0282888
0.0346545
0.035152
0.0339668
0.0342423
0.0319181
0.0285075
0.0334692
0.0355879
0.031823
0.0370827
0.0315856
0.0250345
0.0339054
0.0306317
0.0305922
0.0372191
0.0390725
0.0319999
0.0297566
0.0337447
0.0237681
0.0385643
0.0336451
0.0299152
0.0319004
0.0304533
0.0353381
0.0319226
0.0307519
0.0279902
0.0369206
0.032199
0.0302542
0.0295575
0.0300945
0.0354129
0.025292
0.0288061
0.0303931
0.0357115
0.0304724
0.0291656
0.0308308
0.0335456
0.0333466
0.0337831
0.028329
0.0390255
0.0324158
0.0372562
0.0304528
0.0331093
0.0325971
0.0334846
0.0307519
0.0372562
0.0319612
0.0302542
0.0339437
0.0371196
0.0353134
0.035152
0.0319784
0.028831
0.0302542
0.0267818
0.0335014
0.0335456
0.0372312
0.0292061
0.0322167
0.0321566
0.0322957
0.0340208
0.0389105
0.0342586
0.0338826
0.0359245
0.0357254
0.030771
0.0291656
0.0306715
0.0374924
0.032277
0.0323374
0.0290477
0.0305123
0.037804
0.0341428
0.0302936
0.0323952
0.0325547
0.0325756
0.0321775
0.0318186
0.0359626
0.0392975
0.0341203
0.0344414
0.0301738
0.0339054
0.0357115
0.0358487
0.0369576
0.0268052
0.0374678
0.0368953
0.0269875
0.0321566
0.0340596
0.0303935
0.0305925
0.0341812
0.0325744
0.0338059
0.0338217
0.0359014
0.0288895
0.028808
0.0362612
0.0284099
0.0334846
0.036024
0.032277
0.0304128
0.0341812
0.0325365
0.0309315
0.0311095
0.0356583
0.0375547
0.0339213
0.0326542
0.0296272
0.0352894
0.0338442
0.0323159
0.0325943
0.032437
0.0338442
0.0322561
0.030832
0.0353511
0.0321172
0.0391614
0.0406686
0.0290661
0.0325153
0.032437
0.0338995
0.0339822
0.0324948
0.0320779
0.0326542
0.0335232
0.0325547
0.0306715
0.0337005
0.0336009
0.0319576
0.0271866
0.0301945
0.0302733
0.0307113
0.0325943
0.0302733
0.0271451
0.0323162
0.0375298
0.0323355
0.0322561
0.0323556
0.0320571
0.032277
0.0323355
0.0328139
0.0356259
0.0324154
0.0285501
0.0287491
0.0320967
0.0255833
0.0334846
0.0295171
0.0318789
0.0287271
0.0305925
0.0374678
0.026946
0.0356029
0.0392463
0.033999
0.035481
0.0366591
0.0389105
0.030294
0.0352433
0.0355646
0.0372448
0.0338605
0.0355034
0.0271866
0.0335014
0.0303344
0.0330431
0.0301142
0.030294
0.0315201
0.038376
0.0389478
0.0316196
0.035266
0.0322164
0.0318581
0.0301759
0.0366717
0.030294
0.0336009
0.0323159
0.0288722
0.033562
0.0355419
0.0270292
0.028814
0.035266
0.0387115
0.0355419
0.027087
0.0357409
0.0317794
0.026946
0.0357254
0.0283104
0.0301759
0.0425893
0.0305739
0.0319374
0.0305523
0.0336227
0.0319181
0.0349063
0.0335014
0.0357795
0.0307324
0.0351053
0.0319773
0.0372069
0.0316389
0.0318379
0.0370322
0.0365346
0.033999
0.028814
0.0321364
0.0319181
0.0341168
0.0338217
0.0324749
0.0322957
0.0338826
0.0322759
0.032634
0.0356414
0.0317981
0.0351053
0.0323159
0.0373443
0.032435
0.0359179
0.0303749
0.0321169
0.0335014
0.0332213
0.0301945
0.0338605
0.0287315
0.0392463
0.0337789
0.0344966
0.03568
0.029013
0.0341376
0.0340774
0.0357795
0.0325744
0.0303812
0.0370079
0.0359179
0.0321962
0.0323754
0.0319179
0.0355419
0.0288722
0.0356193
0.0374818
0.0376808
0.0303749
0.0305925
0.0301945
0.0306329
0.0339779
0.0289135
0.0393342
0.0393342
0.0359179
0.0321364
0.0358184
0.0352433
0.0391222
0.0395822
0.0318379
0.0371074
0.0325744
0.0309315
0.0323556
0.0271287
0.0307324
0.0393458
0.0321962
0.0358184
0.0358019
0.0389361
0.0342164
0.0323754
0.0371603
0.0337396
0.0371989
0.0343555
0.0286319
0.0333208
0.0334997
0.02874
0.0281344
0.0304744
0.0317585
0.0351284
0.0356193
0.030556
0.037122
0.0354203
0.0306329
0.0351438
0.0322971
0.0306519
0.0372448
0.032515
0.0339377
0.0356641
0.0305739
0.0316986
0.030493
0.0323562
0.0332421
0.0314204
0.0286904
0.0304976
0.0322382
0.0321962
0.028814
0.027511
0.0336193
0.0300764
0.0393832
0.0285736
0.0372448
0.0301354
0.0290545
0.0336589
0.0318778
0.0318587
0.0338183
0.0385381
0.0268719
0.0317585
0.0351825
0.0281344
0.0316788
0.0285736
0.0286565
0.0371452
0.0317191
0.0336009
0.0391364
0.0331218
0.0312215
0.035083
0.0368618
0.0354203
0.036923
0.02903
0.0319397
0.0338391
0.0353598
0.0318991
0.0337982
0.0320369
0.0323562
0.0305971
0.0337188
0.0341168
0.0302575
0.0299769
0.0357578
0.032515
0.0326547
0.0320981
0.0354593
0.0372983
0.0301759
0.0320369
0.0320174
0.036724
0.035598
0.0366858
0.0355264
0.0303749
0.0343159
0.0406877
0.0321169
0.0338977
0.0359399
0.0358573
0.0320174
0.0342764
0.0320174
0.0300764
0.0337584
0.034884
0.0337789
0.0335799
0.0319972
0.035001
0.0265895
0.0287145
0.0337982
0.0267994
0.0280595
0.0299363
0.0315602
0.0345036
0.0363644
0.0332814
0.0346464
0.0314607
0.0314996
0.0317384
0.0368618
0.0355198
0.0352603
0.0340173
0.0345856
0.028756
0.0388614
0.0269715
0.0391222
0.0306329
0.0344948
0.0299006
0.0306383
0.0356975
0.0341768
0.029013
0.0306555
0.0236429
0.0307551
0.035598
0.0358363
0.0353598
0.0338784
0.0340173
0.0390983
0.037122
0.0359399
0.0305151
0.0322567
0.0374059
0.0294526
0.0323754
0.0319986
0.0353598
0.0373978
0.0356975
0.038762
0.0304565
0.0322759
0.0377574
0.0325744
0.0408241
0.03752
0.0322567
0.0293698
0.0345149
0.0378185
0.0322359
0.0310536
0.0325367
0.0321572
0.0318587
0.0355588
0.0342957
0.0345149
0.0372598
0.0355378
0.0322971
0.0343159
0.0288555
0.028939
0.0287977
0.0321763
0.0376578
0.0373978
0.0323159
0.0323159
0.0305739
0.0286904
0.0307142
0.0302754
0.0321572
0.0337789
0.0321976
0.0286982
0.0302575
0.0341962
0.0352213
0.0305222
0.0319582
0.0299181
0.0348624
0.0351398
0.028955
0.037122
0.0339574
0.0341168
0.0355175
0.0296606
0.0338579
0.0301945
0.0335992
0.0318587
0.0306966
0.0355588
0.0323159
0.0374754
0.0321572
0.0267724
0.0302166
0.0314798
0.0322382
0.0337584
0.0318184
0.0288972
0.0338579
0.0357795
0.0357795
0.0324749
0.0359358
0.0239972
0.0372598
0.0306147
0.0356193
0.0307324
0.0319986
0.0259096
0.0356193
0.0335992
0.0321976
0.0335198
0.0305151
0.0325552
0.0340173
0.0287145
0.0322164
0.0353428
0.032515
0.0340967
0.0339574
0.0342957
0.0358363
0.0324779
0.0321763
0.0344753
0.0322382
0.0310777
0.0339574
0.0286731
0.0341367
0.0308911
0.0339972
0.03568
0.0390751
0.0303161
0.0337584
0.0322567
0.0337387
0.035001
0.0358184
0.030357
0.0387242
0.0318991
0.0301759
0.0317384
0.0349015
0.0317996
0.0322957
0.0322382
0.0372598
0.0323159
0.0354593
0.0321387
0.0333605
0.0334402
0.0403266
0.0320392
0.0299006
0.0266004
0.0317407
0.0304976
0.0331819
0.0332814
0.0353783
0.0356768
0.0336987
0.029138
0.0297779
0.0339779
0.0354985
0.0324779
0.0306555
0.0354985
0.0306966
0.0352213
0.0307378
0.0339178
0.0336987
0.0373978
0.0319397
0.0371769
0.0302575
0.0319986
0.0336589
0.0318587
0.0303398
0.0319804
0.0323966
0.0320174
0.0356373
0.0349619
0.0321572
0.0289135
0.0340372
0.0343367
0.0341565
0.0319986
0.034256
0.0322971
0.0336987
0.0335594
0.0245593
0.0320392
0.0356768
0.0321794
0.0303398
0.0305802
0.0324372
0.0323377
0.0337196
0.0367401
0.0365634
0.0339574
0.0304744
0.0290962
0.0302986
0.0288972
0.0372764
0.0303981
0.0318587
0.0303232
0.0320577
0.0403637
0.0386009
0.0304156
0.0340967
0.028557
0.0333605
0.0319986
0.0356373
0.0352
0.0323198
0.0339186
0.0351005
0.0338382
0.0304393
0.0336793
0.0372375
0.0323198
0.0326769
0.0318402
0.0319179
0.0320392
0.0357368
0.0302986
0.0333407
0.0352393
0.0339377
0.0376964
0.0342362
0.0370225
0.0336589
0.0307324
0.0305802
0.0326594
0.034158
0.0319397
0.035598
0.0338579
0.0285155
0.0327946
0.0323377
0.0324779
0.0309202
0.0352603
0.0354593
0.0354383
0.0288972
0.028782
0.0372983
0.02874
0.0401647
0.0336987
0.0373443
0.0322382
0.0370994
0.0350613
0.0373823
0.0336794
0.0370994
0.0372375
0.0336589
0.0317189
0.0335799
0.0321794
0.0301242
0.0311622
0.0354383
0.0342171
0.0290385
0.0337387
0.0345156
0.0372598
0.0374365
0.0353208
0.0286405
0.0324154
0.0340181
0.0321794
0.0376139
0.0256404
0.0340372
0.0374149
0.0305971
0.0324961
0.037321
0.0302986
0.0320577
0.035598
0.0360353
0.0355588
0.0326769
0.0306147
0.0360353
0.0326547
0.036195
0.0394585
0.0373759
0.030158
0.0371603
0.0304156
0.035399
0.0296203
0.0325367
0.0338191
0.0325774
0.0405005
0.0318809
0.0357578
0.0359358
0.0319179
0.0301991
0.0322164
0.0322789
0.0341769
0.0354593
0.0292222
0.0337788
0.0319179
0.0272399
0.0342362
0.029154
0.0377134
0.0363338
0.0343953
0.0359753
0.0337982
0.0342763
0.0370225
0.0370225
0.0308787
0.0335992
0.0375969
0.0286405
0.0286565
0.037321
0.0302575
0.0373978
0.037321
0.032714
0.0294786
0.0310777
0.0370386
0.030556
0.0303812
0.0325367
0.0376964
0.0327178
0.0336589
0.0325599
0.0324961
0.0287977
0.0304565
0.0369613
0.0271551
0.0299832
0.0342362
0.0319804
0.0355175
0.0392217
0.0371381
0.030357
0.0300001
0.0319804
0.0300996
0.0293217
0.0320981
0.0357763
0.0337788
0.0369391
0.0373978
0.0352603
0.0303398
0.0353388
0.0356373
0.0304393
0.0334997
0.0300996
0.0280436
0.0389374
0.0321208
0.0337387
0.0320392
0.0320214
0.0356169
0.0369004
0.0360564
0.0338579
0.0365634
0.0352
0.0273253
0.0389531
0.0333809
0.0370994
0.035418
0.0369567
0.0306383
0.0314422
0.0283267
0.0333217
0.0335594
0.0318991
0.028342
0.0302403
0.0334211
0.0301991
0.0334803
0.0314607
0.0352788
0.0338382
0.0354778
0.037337
0.0303649
0.034483
0.0386389
0.0304227
0.0319804
0.0317001
0.0339377
0.0369779
0.028541
0.0339377
0.0340181
0.037536
0.0305802
0.0286982
0.0304644
0.0266004
0.0335594
0.0350799
0.0354778
0.0265581
0.0372983
0.0321976
0.0384635
0.0319986
0.0339377
0.0321208
0.0286825
0.0334599
0.0323377
0.0339778
0.0333008
0.0338579
0.0321794
0.0369999
0.0286676
0.0370994
0.0301991
0.0285257
0.0305971
0.0324436
0.0356975
0.0391521
0.0338183
0.0268989
0.0337982
0.0320214
0.0353388
0.0320799
0.0315825
0.0335397
0.0320799
0.0371769
0.0323377
0.0324779
0.0375583
0.0339409
0.0339409
0.0341367
0.035399
0.0320392
0.0352788
0.0286405
0.0393968
0.0370225
0.0303812
0.0338382
0.032941
0.0323784
0.0388151
0.0385014
0.037337
0.0353783
0.0337196
0.0322203
0.0338977
0.0288242
0.0340173
0.0370562
0.0300248
0.035418
0.0338191
0.0334599
0.0316412
0.0369613
0.0302817
0.0325774
0.0325774
0.0321208
0.0318184
0.0362537
0.0349015
0.0334002
0.0369391
0.0282846
0.0370386
0.0284992
0.0363035
0.0290232
0.0355773
0.027382
0.0372983
0.0372983
0.031682
0.0323377
0.0268845
0.0255159
0.0302403
0.0303812
0.0284415
0.0389988
0.0322382
0.0372983
0.02874
0.0321619
0.0355175
0.0386389
0.0304976
0.0333809
0.0376744
0.0332412
0.0269561
0.0356568
0.0339778
0.0316788
0.028342
0.0336793
0.0285987
0.0318991
0.0321619
0.0391364
0.0321976
0.0351793
0.033959
0.0307212
0.0321208
0.0319047
0.0372764
0.0301822
0.0317815
0.0300996
0.0301822
0.0329028
0.0286405
0.0388761
0.0333809
0.0318052
0.0318052
0.0339778
0.0369391
0.0337196
0.0296434
0.0300996
0.031682
0.0318224
0.0331218
0.0318809
0.0338191
0.0282751
0.0353783
0.0353783
0.0357562
0.0321387
0.0284835
0.0333809
0.0320624
0.0306217
0.0303232
0.0339377
0.0286982
0.0335206
0.0302654
0.0307629
0.0369779
0.0338783
0.037337
0.0308373
0.0318809
0.0306058
0.0336201
0.0301408
0.0270979
0.0323159
0.0290385
0.0351793
0.0321619
0.0371556
0.0408122
0.0322382
0.0288815
0.0305971
0.0286676
0.0356373
0.0325016
0.0353783
0.0372551
0.0319397
0.0322203
0.0324779
0.0388761
0.0352788
0.0337196
0.034556
0.0338191
0.0369999
0.0338191
0.0306217
0.0373154
0.0354778
0.0321169
0.0367624
0.0339377
0.0338007
0.0353583
0.0319397
0.035399
0.0302817
0.0253418
0.0371164
0.0388923
0.0353388
0.0324779
0.0357368
0.0338191
0.0338191
0.0325188
0.0272258
0.0317001
0.0287247
0.0323198
0.0336201
0.0336201
0.0303398
0.0325188
0.0318991
0.028939
0.0288242
0.0340181
0.028981
0.035399
0.0321208
0.0355175
0.0341176
0.037735
0.0405138
0.0348211
0.0391135
0.0265434
0.0287101
0.0370562
0.0339972
0.0284835
0.03376
0.0293371
0.0303398
0.0357763
0.0337387
0.0356583
0.0292645
0.0336017
0.0306555
0.0343166
0.0303812
0.0372159
0.0374754
0.0389374
0.0344161
0.0307792
0.0355379
0.0369175
0.0338191
0.0355773
0.0336987
0.029364
0.0310363
0.0309368
0.0323784
0.0356768
0.0338783
0.0338382
0.0288665
0.0342957
0.0359358
0.0372375
0.0353783
0.0343166
0.0305222
0.0337788
0.0315199
0.0252503
0.0342171
0.0357369
0.0339002
0.0311033
0.0341176
0.0338382
0.0338595
0.0283002
0.0388761
0.0306383
0.0337788
0.0342171
0.0322614
0.0355773
0.0341768
0.0322614
0.0319397
0.0337196
0.037017
0.037017
0.0268145
0.0322614
0.0368618
0.028981
0.0338783
0.0336589
0.0303398
0.0303398
0.0373759
0.0323377
0.0299253
0.0337788
0.03502
0.0352588
0.0307212
0.0333217
0.0337196
0.0385939
0.0336201
0.0298258
0.0334002
0.0386772
0.0318402
0.0364806
0.0352393
0.0320214
0.0365412
0.0271263
0.0320042
0.0302654
0.0314204
0.0319804
0.0319219
0.0350799
0.0321794
0.0286405
0.0336793
0.0337387
0.0301504
0.0250866
0.0351993
0.0303345
0.0335206
0.0335798
0.0309463
0.0338783
0.0340585
0.0324436
0.028939
0.0289517
0.0299006
0.0300089
0.0300001
0.0304807
0.0387767
0.0323279
0.0355378
0.033959
0.0339778
0.0319804
0.0317407
0.0287101
0.0323198
0.0358159
0.029165
0.028541
0.0337387
0.0340773
0.0333809
0.0322382
0.0372598
0.0321794
0.030158
0.0268145
0.029108
0.0321037
0.0336201
0.0335397
0.0319219
0.0336017
0.0333621
0.0336793
0.031565
0.0355973
0.0335611
0.0321208
0.0304807
0.0318224
0.0339377
0.0324372
0.0299418
0.0335206
0.0304644
0.0306634
0.0354384
0.0301991
0.0299418
0.0354578
0.0337788
0.0290385
0.0339778
0.0329579
0.0389374
0.0325599
0.0358363
0.0358364
0.0270698
0.0357164
0.037017
0.0318402
0.031682
0.0352588
0.0322382
0.0352213
0.0352588
0.0333441
0.0336793
0.0318809
0.0338783
0.0335611
0.0314245
0.0317472
0.0296848
0.0322614
0.0305222
0.0303398
0.0351793
0.0317815
0.0286405
0.0303649
0.0322971
0.0290655
0.0288395
0.0318809
0.0353185
0.0316234
0.040277
0.0318224
0.0385395
0.0323027
0.0319219
0.0320214
0.0316063
0.035418
0.0320042
0.0350004
0.0350799
0.0319047
0.0336017
0.0338382
0.0299253
0.0351398
0.0319629
0.0269139
0.0301822
0.0337246
0.0356568
0.0348809
0.0352988
0.0302237
0.0319804
0.0353783
0.0305222
0.0325599
0.0337012
0.0318991
0.0321867
0.0285111
0.0314245
0.0383405
0.030166
0.0298837
0.0385166
0.0316234
0.0361655
0.0311032
0.0353983
0.0351993
0.024919
0.0300665
0.0318224
0.0336834
0.0399549
0.0399549
0.0313661
0.0330423
0.0334211
0.0303232
0.0297428
0.0354978
0.0353185
0.0335798
0.0285681
0.0285681
0.0333407
0.0300509
0.0316006
0.0282846
0.0318224
0.0323027
0.0332222
0.0336793
0.0318587
0.0357562
0.0320456
0.0308048
0.0267283
0.026516
0.0282127
0.0334211
0.0348211
0.0354383
0.030166
0.0369999
0.0320214
0.0350799
0.0358159
0.0284262
0.0334803
0.0338191
0.0322862
0.036996
0.0300665
0.0336201
0.0373154
0.0336793
0.0298423
0.0315482
0.0352988
0.0265723
0.0302817
0.0302817
0.0338191
0.0353583
0.0353583
0.0319047
0.0331227
0.0384944
0.0352588
0.035418
0.0352588
0.0369567
0.0300932
0.0305063
0.0334028
0.031764
0.031325
0.0330232
0.0327248
0.0299937
0.0349015
0.0318224
0.0318809
0.0395069
0.0269703
0.0280436
0.0369175
0.0355973
0.0288395
0.0301822
0.0282846
0.0315199
0.0305063
0.0315825
0.0318402
0.0244773
0.0322203
0.0313835
0.0318991
0.0328034
0.0353583
0.0365412
0.0335798
0.0307212
0.0307053
0.0285538
0.0336793
0.0269703
0.0304227
0.0337196
0.0303073
0.0315417
0.029967
0.0295853
0.0303073
0.0332627
0.0373546
0.0340814
0.0341176
0.0372159
0.0342803
0.0301822
0.0354384
0.0322614
0.0387713
0.035219
0.0322614
0.0317229
0.0334616
0.0284835
0.0336987
0.0324021
0.0337012
0.0301084
0.0317407
0.0282696
0.0334002
0.0280595
0.0283691
0.0321867
0.0319629
0.035418
0.0350799
0.0350999
0.035219
0.0336793
0.0300665
0.0324021
0.0388993
0.0404522
0.0332627
0.0357164
0.0282553
0.0267023
0.0286252
0.0288242
0.0425365
0.0399549
0.0364806
0.0320214
0.0355378
0.0321208
0.0323609
0.0337196
0.0370386
0.0386772
0.030166
0.0336425
0.0336425
0.0336201
0.035219
0.0350799
0.0352988
0.0305483
0.0332627
0.031109
0.0329642
0.0316645
0.0347422
0.0351993
0.0301084
0.031565
0.036779
0.0285538
0.0337012
0.0340404
0.0351793
0.0299094
0.0366583
0.0316006
0.0325188
0.0350004
0.0302654
0.0320624
0.0336017
0.0355573
0.0387767
0.0320392
0.0370562
0.025329
0.0306217
0.040277
0.0333621
0.0368966
0.028782
0.0360354
0.0303073
0.028782
0.0351593
0.0333441
0.0339409
0.0303073
0.0349804
0.0355973
0.0317229
0.0300089
0.034023
0.0350004
0.0370955
0.0320214
0.0370562
0.0370562
0.0341367
0.033959
0.0334028
0.0318224
0.0271129
0.03502
0.0336793
0.0393898
0.0323856
0.0359952
0.0358159
0.0326841
0.0321387
0.0293791
0.0323441
0.0304393
0.0303812
0.0340404
0.0310038
0.0358159
0.0309043
0.0344161
0.0355378
0.0308373
0.0326425
0.0319629
0.0369361
0.0270698
0.0371556
0.0322446
0.0355573
0.0310038
0.0341176
0.028966
0.0321619
0.0305222
0.0292222
0.0308468
0.0317815
0.0367185
0.0407507
0.0359154
0.0301242
0.0239299
0.0335611
0.0339574
0.0323279
0.0349409
0.0296268
0.0348609
0.026984
0.0316234
0.0318467
0.0318467
0.035399
0.0257149
0.0338191
0.0335397
0.0283267
0.0297428
0.031764
0.0367401
0.0321619
0.0291295
0.0350004
0.035001
0.0330232
0.0369567
0.0316316
0.0300509
0.0320624
0.0340991
0.0335798
0.03502
0.0320042
0.0281278
0.0335611
0.0319629
0.0351993
0.0283267
0.03376
0.0320042
0.0284686
0.0301926
0.0285681
0.0353983
0.0304489
0.0296021
0.0319877
0.0352588
0.0334435
0.0304807
0.033543
0.0349604
0.0336606
0.0353203
0.0305639
0.0282273
0.0272688
0.0299006
0.0264299
0.0332814
0.0301242
0.0301242
0.035219
0.035219
0.0386328
0.0333809
0.0369779
0.0320042
0.0286961
0.0303232
0.0300248
0.0316063
0.0305063
0.0252732
0.0278866
0.035219
0.0334435
0.0282273
0.0301084
0.0333621
0.0320042
0.0320872
0.0318052
0.0319397
0.0417526
0.0353783
0.0319461
0.0321451
0.0302078
0.0314656
0.0303073
0.0331632
0.0366019
0.0338415
0.0352588
0.0321794
0.0273119
0.0319219
0.0281851
0.0250306
0.0337012
0.0333033
0.0301084
0.0416906
0.0303073
0.0335206
0.0339778
0.0303073
0.0332038
0.0317888
0.0303494
0.0424489
0.0349409
0.0269139
0.034158
0.0322971
0.0322971
0.0233119
0.0352208
0.0335798
0.0301926
0.0334211
0.0299937
0.0298675
0.0267283
0.0336606
0.0281851
0.0339186
0.0302078
0.0323966
0.0308048
0.0315825
0.0331451
0.0319219
0.0338595
0.0336606
0.0295439
0.0356169
0.0337012
0.0351793
0.0388923
0.0388151
0.0302237
0.0354985
0.0297263
0.0337196
0.0319047
0.0316063
0.0254721
0.0298258
0.0298258
0.0390307
0.0444467
0.0584769
0.0584769
0.0405883
-0.00126926
-0.0263381
-0.0281688
0.00476325
0.00373244
0.00860917
0.010157
0.00801833
0.013086
0.0206182
0.020502
0.0195298
0.0218008
0.0182785
0.0195238
0.0179114
0.0198873
0.0214951
0.0214599
0.0181418
0.0183746
0.0211963
0.0166013
0.0176783
0.0217537
0.0200481
0.0185408
0.0201168
0.021455
0.0186397
0.0217884
0.0145969
0.0229312
0.0200141
0.0213603
0.0229667
0.0214896
0.0185408
0.0185408
0.0221867
0.018806
0.0181425
0.02152
0.02152
0.0207769
0.020279
0.0151593
0.0195503
0.0169664
0.0220926
0.0238566
0.0188721
0.0221175
0.0254962
0.023863
0.0219183
0.02061
0.0224132
0.0169336
0.0219528
0.0254894
0.0184412
0.0193037
0.0221867
0.0189717
0.0252332
0.020512
0.0216848
0.017332
0.0184075
0.028477
0.0233295
0.0187062
0.017099
0.0218533
0.0239212
0.0137227
0.0177973
0.0170332
0.0216591
0.022152
0.0170332
0.022152
0.0205803
0.0205777
0.0206436
0.0156603
0.0170332
0.0217537
0.0226154
0.0182414
0.0214249
0.0188058
0.0188058
0.0251336
0.0199486
0.020279
0.0299178
0.0199176
0.0265855
0.0265855
0.0200461
0.0203128
0.0207769
0.0240855
0.0194849
0.0203113
0.023722
0.023722
0.016901
0.0165353
0.0204781
0.0203785
0.0203785
0.019815
0.0241851
0.0187747
0.0207112
0.0217502
0.0168685
0.0234582
0.0249627
0.0200798
0.0170709
0.0215545
0.0222171
0.0220524
0.0194372
0.0218188
0.023488
0.0273984
0.023757
0.024744
0.0215892
0.016901
0.0248708
0.0207112
0.0156285
0.0171673
0.0172346
0.0219528
0.0204444
0.021884
0.0186066
0.0236925
0.0203785
0.0200798
0.0234534
0.0187062
0.0232591
0.0217236
0.0222516
0.018673
0.0238216
0.0174016
0.0222823
0.0206457
0.0221827
0.0222141
0.0158595
0.0221485
0.0248349
0.0250065
0.0250065
0.0190716
0.0185734
0.0221827
0.0270277
0.0221485
0.0154611
0.0209086
0.0217192
0.0201137
0.0190049
0.0217884
0.0188058
0.0201794
0.021884
0.0189067
0.0200141
0.0202452
0.0223794
0.0176977
0.0257311
0.0205104
0.0255247
0.0226781
0.0256597
0.0220524
0.0211753
0.0239212
0.0209417
0.0258589
0.0138536
0.0219494
0.0219494
0.0251336
0.0250561
0.0201137
0.0221466
0.0230308
0.0263568
0.0203113
0.0210083
0.020512
0.0225554
0.0220831
0.0219183
0.0187062
0.0207096
0.0207096
0.0224163
0.0201794
0.02061
0.0208427
0.0171328
0.022049
0.0250268
0.0234934
0.0240207
0.0201121
0.0172669
0.0173341
0.0173341
0.0171705
0.0231894
0.0233295
0.0203785
0.016901
0.0219875
0.0205766
0.0217192
0.0200798
0.0193037
0.0239513
0.02425
0.0177325
0.0177973
0.0236872
0.0174337
0.0238566
0.021455
0.0203113
0.0200456
0.0208765
0.0225128
0.0238566
0.0204108
0.0167367
0.0168363
0.0188721
0.0188721
0.0168363
0.0183746
0.0208092
0.0188389
0.0199145
0.0207432
0.0196692
0.0241851
0.0206762
0.0204444
0.0281783
0.022049
0.0206762
0.0235228
0.0234934
0.0263666
0.0222823
0.0217192
0.0227777
0.0184405
0.0207432
0.0206436
0.0206436
0.0270636
0.0189385
0.0271631
0.025297
0.0224508
0.0191045
0.0224815
0.0205777
0.018972
0.0255679
0.0186066
0.0243462
0.0237868
0.0235578
0.0199486
0.0233587
0.0176329
0.0225128
0.0181751
0.0235228
0.024664
0.0251907
0.0255957
0.023722
0.0177973
0.0236872
0.0187393
0.0246138
0.0195368
0.0219183
0.0236525
0.0201794
0.0201794
0.0189385
0.0203785
0.0249983
0.0242126
0.0271272
0.0237176
0.0182746
0.0207432
0.0268568
0.0219494
0.02507
0.0254683
0.0239513
0.0203113
0.0168014
0.02061
0.0171673
0.0263666
0.0263666
0.0263666
0.0220179
0.0220179
0.0217537
0.0172669
0.0236872
0.0192041
0.0291635
0.0223819
0.0205766
0.0208108
0.0236833
0.0174985
0.0221867
0.0203775
0.017135
0.0233539
0.0283039
0.0251907
0.0218188
0.0254605
0.0250268
0.0201794
0.0251696
0.0222481
0.021455
0.023757
0.0236574
0.02061
0.0203128
0.0218188
0.0188721
0.0231304
0.0180429
0.0145969
0.02152
0.0266653
0.0214205
0.0181418
0.022479
0.0150675
0.0182414
0.0221827
0.0169037
0.0238917
0.0168363
0.0218498
0.0254251
0.0233237
0.0236574
0.0216888
0.0236525
0.0146645
0.0203775
0.0235228
0.023419
0.0217163
0.0186733
0.0253053
0.0250979
0.0218533
0.018972
0.0222481
0.0217502
0.0222171
0.0186397
0.0199145
0.0170033
0.0251264
0.0251264
0.0165698
0.016769
0.0220524
0.0283039
0.0184405
0.0207096
0.0218533
0.0171673
0.0245362
0.0181751
0.0176684
0.0222141
0.0235578
0.0203785
0.0223794
0.0246358
0.0190734
0.0190388
0.0236574
0.0155289
0.0200461
0.0202117
0.024892
0.0250979
0.0190716
0.0166371
0.0221485
0.0251618
0.0203775
0.0182414
0.0182414
0.0185072
0.0170033
0.0205104
0.0220831
0.0225469
0.0203775
0.0256953
0.022479
0.0186397
0.0215853
0.0204781
0.0204781
0.0202117
0.0182414
0.0182414
0.0233237
0.018673
0.0161944
0.0234934
0.0224508
0.019238
0.0168718
0.0205766
0.025589
0.0218879
0.023757
0.0254894
0.0230552
0.0230552
0.0236833
0.0251264
0.0218158
0.0233237
0.0204108
0.0286393
0.023593
0.023593
0.023593
0.0191384
0.0237521
0.0210413
0.0238825
0.0239168
0.0233539
0.0221827
0.0254894
0.0154611
0.0236925
0.0207758
0.0206773
0.0190388
0.0222516
0.0239168
0.0201457
0.0240855
0.0208754
0.0188397
0.022049
0.0187064
0.0187729
0.0203448
