0.0807829
0.0812181
0.0799939
0.084461
0.0810434
0.0765643
0.081808
0.0763883
0.0827487
0.0810641
0.0797368
0.0714233
0.0836452
0.079329
0.0833911
0.0879146
0.0808379
0.0874029
0.0788914
0.080529
0.0814465
0.0795022
0.0823215
0.0814465
0.0759529
0.0752068
0.0666748
0.0757202
0.0761845
0.0834124
0.0911825
0.0755684
0.0714904
0.0882172
0.0882385
0.0800373
0.0757202
0.0844824
0.0832609
0.0810641
0.0749774
0.0769451
0.0699691
0.0779198
0.0741362
0.0741362
0.07337
0.0806827
0.0785444
0.0740603
0.0830302
0.0786678
0.0790976
0.0906488
0.0764654
0.0786449
0.0786449
0.0937032
0.0777998
0.0846917
0.0803986
0.0715769
0.0757202
0.077666
0.0879146
0.0741966
0.0798863
0.0741143
0.0703739
0.0840305
0.0894953
0.0823427
0.080529
0.0859129
0.0814465
0.0828391
0.0778756
0.0717847
0.0675516
0.0832834
0.072092
0.0818298
0.0796329
0.0762343
0.0730093
0.071556
0.0710201
0.0855662
0.0711754
0.0848652
0.0857389
0.0866568
0.0731439
0.0794068
0.0824951
0.0824951
0.0778973
0.0749362
0.0780486
0.0825166
0.0783354
0.0882606
0.0812181
0.0947239
0.0767697
0.085378
0.0789452
0.0840798
0.0928888
0.0820036
0.0826289
0.07337
0.0806108
0.0889829
0.0737526
0.0811682
0.0898788
0.075472
0.0729884
0.0877039
0.070505
0.0782229
0.0770229
0.0789671
0.0814252
0.0866794
0.0756989
0.0746495
0.0732172
0.0870409
0.0822892
0.0771308
0.0791411
0.0804785
0.079459
0.077666
0.0788914
0.0789452
0.0865066
0.0766168
0.0641674
0.0795022
0.0801474
0.0787806
0.0741362
0.0714233
0.0633386
0.0744415
0.0854383
0.0744005
0.0796543
0.0773849
0.0915453
0.0807829
0.0701234
0.0780486
0.0696297
0.0819418
0.0730093
0.078268
0.0827263
0.0856336
0.0785838
0.0859724
0.0714019
0.0764092
0.0849043
0.0868084
0.0744207
0.0796543
0.0857609
0.0812181
0.0779198
0.0842871
0.0942823
0.0840305
0.0931458
0.0798863
0.0901388
0.073101
0.0803023
0.085076
0.0797137
0.0819601
0.0810855
0.0875752
0.0926358
0.0914593
0.0822142
0.0880652
0.0817746
0.101743
0.0790976
0.0899012
0.0875527
0.0857389
0.0892187
0.0843083
0.0782451
0.0832609
0.0861005
0.0803767
0.088087
0.085824
0.0861223
0.0916932
0.0803023
0.0870184
0.0853566
0.0838593
0.0880652
0.0799734
0.0872547
0.0798637
0.0809335
0.0877656
0.0834124
0.0812181
0.085076
0.0869406
0.0832609
0.077666
0.0764309
0.0885995
0.0926122
0.0862736
0.0967535
0.0816208
0.087937
0.0803986
0.0794068
0.0911825
0.0798419
0.094428
0.0913311
0.0863579
0.0797668
0.0849272
0.0883915
0.0815993
0.0812181
0.0767697
0.0780706
0.0810641
0.0786058
0.0818298
0.0797368
0.0789671
0.0743102
0.0841797
0.0783556
0.0800152
0.0850991
0.0714019
0.0915453
0.087214
0.0729884
0.0755684
0.0667421
0.0827263
0.0749564
0.0902863
0.0841797
0.0898788
0.075472
0.0859724
0.0756285
0.0843932
0.0763883
0.0803226
0.0816573
0.0857389
0.0848431
0.0870409
0.080529
0.0802259
0.083926
0.0734508
0.0810855
0.0886215
0.072113
0.0864842
0.0839474
0.0760283
0.0792723
0.0913988
0.0763883
0.089134
0.0906724
0.0825166
0.067754
0.0724252
0.0660311
0.0845417
0.0848431
0.0861223
0.0865066
0.0838182
0.0856104
0.0935083
0.0752068
0.0815993
0.0888563
0.0738849
0.0864842
0.0865297
0.0800152
0.0757202
0.0869156
0.0803767
0.0728558
0.0761036
0.0765242
0.0744415
0.0782014
0.0801682
0.0834734
0.0818298
0.0702791
0.072113
0.0845417
0.0875527
0.0677938
0.0708359
0.0828995
0.0780274
0.0787368
0.0794272
0.0761036
0.0772844
0.0803767
0.0684052
0.074576
0.0810855
0.0820422
0.0798079
0.0727645
0.0870409
0.0767014
0.0739057
0.0784322
0.0782229
0.0857389
0.0793515
0.0832834
0.0792723
0.0800994
0.0767697
0.0852044
0.077666
0.0830095
0.0959652
0.0796121
0.0812391
0.0767697
0.0796543
0.0910119
0.0815785
0.0857389
0.0787943
0.0830517
0.0768502
0.0802483
0.0767912
0.0744207
0.0827263
0.0748023
0.0788398
0.0819815
0.0848218
0.0810434
0.0911825
0.0810641
0.0812733
0.0836452
0.0789671
0.0740813
0.0807829
0.0640101
0.0852044
0.0873432
0.0752068
0.087426
0.0803226
0.0792515
0.0798637
0.0803226
0.0769241
0.0847142
0.076749
0.0834124
0.0852044
0.0733493
0.0780486
0.0811979
0.0766168
0.0751325
0.0736604
0.0802483
0.080529
0.0756989
0.0951088
0.0815993
0.0819815
0.0852044
0.0840798
0.0762557
0.0709929
0.0725308
0.0805083
0.0775355
0.0758735
0.0772844
0.0737526
0.0832054
0.0873217
0.0796543
0.0727038
0.0796543
0.0730093
0.0814252
0.0706595
0.0788914
0.0814465
0.0739057
0.0762557
0.0699691
0.0690721
0.0800152
0.0719376
0.079119
0.0882385
0.0810641
0.0799426
0.0824951
0.0720718
0.080529
0.0877039
0.0705265
0.0805504
0.0672119
0.0859129
0.0830302
0.0846917
0.0825166
0.0780706
0.0730093
0.0815993
0.0819601
0.0810641
0.0808903
0.0826289
0.0813176
0.085076
0.0760283
0.0882994
0.0816208
0.0812951
0.0746715
0.0746715
0.0875752
0.083239
0.0801682
0.0819601
0.0762136
0.0811452
0.0845948
0.0834124
0.0726281
0.0708155
0.0737313
0.0831844
0.0869156
0.0741362
0.0827263
0.0782381
0.090947
0.0866349
0.0833911
0.0830095
0.0864264
0.0924652
0.084615
0.0871693
0.0875527
0.0816796
0.0797668
0.0880652
0.0902633
0.0777998
0.0841797
0.0750333
0.0770602
0.0829622
0.0705265
0.0803986
0.079787
0.0727038
0.0846917
0.0867444
0.0837736
0.0855879
0.0852263
0.088087
0.0807605
0.0856104
0.0788167
0.0821346
0.0814685
0.0868084
0.0835654
0.0856104
0.0785838
0.0889829
0.0746715
0.0837736
0.0792723
0.0837955
0.0877039
0.0696082
0.0782014
0.0787584
0.0683099
0.0701443
0.0789671
0.0739057
0.0818298
0.0837736
0.0778973
0.0789671
0.0705265
0.0910353
0.0774081
0.0794068
0.0701443
0.0755684
0.0906488
0.085076
0.0744207
0.0688668
0.0787368
0.0686905
0.0790976
0.0845648
0.0826491
0.0775355
0.0732172
0.0807829
0.0802259
0.0785838
0.0812181
0.0775136
0.0816573
0.0764092
0.0890054
0.0914593
0.0828562
0.0828562
0.0798637
0.0754278
0.0754278
0.0771521
0.0730093
0.0834963
0.0758056
0.0749564
0.084461
0.0874029
0.0835446
0.0774396
0.0693829
0.0810855
0.0700773
0.0836452
0.0726491
0.0737746
0.0737746
0.0798637
0.0736801
0.0824452
0.0825166
0.0745964
0.0847142
0.0834734
0.0760816
0.0844168
0.0830095
0.0828995
0.0812181
0.0856104
0.0882994
0.0792723
0.0783556
0.0690036
0.0850536
0.0848431
0.0848431
0.0767697
0.0801897
0.081808
0.071352
0.0774599
0.0800994
0.0810855
0.0807036
0.0870184
0.0705265
0.0832834
0.0774599
0.0785113
0.0724526
0.0835446
0.0882172
0.0650639
0.0856104
0.079787
0.079787
0.0807605
0.0753378
0.0766168
0.0667421
0.0722783
0.0766388
0.0742461
0.0834124
0.0821346
0.0832609
0.0854001
0.0873806
0.0770799
0.0880537
0.0766168
0.0951088
0.0797668
0.0821138
0.0728344
0.0728344
0.0749564
0.0848218
0.0870956
0.0731643
0.0787368
0.0729226
0.0771521
0.0902863
0.0884712
0.0646852
0.0855879
0.0839053
0.0847565
0.0652037
0.0865806
0.0759883
0.0769038
0.0814685
0.0823646
0.080529
0.0801682
0.0820651
0.0859724
0.0861223
0.0701234
0.0724734
0.0774599
0.0722683
0.0797368
0.083926
0.0796329
0.0832271
0.0836683
0.0773053
0.0784104
0.0708359
0.0718687
0.0773053
0.0726491
0.0697428
0.0719376
0.0628237
0.0854613
0.0664972
0.0798079
0.0854383
0.0714233
0.0770004
0.0654436
0.0736604
0.0897525
0.0771521
0.0825765
0.0762343
0.0690036
0.0737313
0.0790679
0.0710409
0.0686905
0.0789671
0.0796329
0.0760493
0.0816208
0.0870409
0.072564
0.0672373
0.0729884
0.0742164
0.0810855
0.07782
0.0580533
0.0822142
0.0856104
0.0781807
0.0922269
0.0760816
0.0715769
0.0844824
0.0764879
0.0730093
0.0809335
0.0688463
0.0805504
0.0888563
0.0790976
0.07782
0.0915907
0.0816573
0.0758735
0.084461
0.084461
0.0780486
0.0830302
0.0830302
0.077666
0.0763883
0.0822892
0.0823215
0.0787368
0.0793073
0.0775136
0.0861448
0.0816796
0.0909251
0.0794802
0.0763883
0.0865066
0.0907748
0.0773053
0.0767697
0.0774924
0.0765956
0.0708155
0.0771521
0.0775962
0.0807036
0.0807036
0.0757202
0.0625764
0.0726491
0.0780706
0.0710409
0.0848431
0.0767697
0.0779198
0.0819815
0.083926
0.0834124
0.0763883
0.0767697
0.0830302
0.0792515
0.0692478
0.0730309
0.0724734
0.0724734
0.0679705
0.0755684
0.0680003
0.0703739
0.0660007
0.068919
0.0731854
0.0672575
0.0711957
0.0679705
0.0645469
0.0645469
0.0753593
0.0753957
0.0685362
0.0764092
0.0801897
0.0806827
0.0789452
0.0723202
0.0747527
0.083926
0.066278
0.0819815
0.0722989
0.0722479
0.0686905
0.0695212
0.0780486
0.0796543
0.0796543
0.071352
0.0795834
0.0755684
0.0646188
0.0739634
0.0705853
0.0727038
0.0647244
0.0778409
0.0701443
0.0781323
0.0783766
0.0676606
0.0697631
0.0794802
0.07782
0.0706805
0.0800152
0.0865066
0.0736801
0.0785625
0.0687114
0.0714233
0.0714233
0.0785838
0.0711957
0.063834
0.0633386
0.0695404
0.0715769
0.0783556
0.0794802
0.0717116
0.0857609
0.079459
0.0866568
0.0810434
0.0762343
0.0684867
0.0730093
0.0775136
0.0715769
0.0726281
0.0725453
0.0677938
0.080529
0.079963
0.0769451
0.0889829
0.0888332
0.0806827
0.0593287
0.0803226
0.081808
0.0767697
0.0767697
0.0767697
0.0807829
0.0762343
0.0762343
0.0810641
0.0765439
0.0737313
0.0834124
0.0776365
0.0803986
0.0803986
0.0798637
0.074576
0.074576
0.0788914
0.0788914
0.0757202
0.0790976
0.0751325
0.0782014
0.0674338
0.0812391
0.081808
0.0828995
0.0828995
0.0828995
0.0828995
0.0839474
0.075472
0.0734593
0.0774396
0.0774396
0.0697952
0.0820036
0.0711754
0.0762343
0.0640101
0.0795022
0.08267
0.0798637
0.0801897
0.0793746
0.0677735
0.071732
0.0755133
0.0780486
0.0751636
0.0751325
0.0751325
0.0846917
0.071556
0.0641674
0.0807605
0.0724734
0.0694334
0.0749564
0.0726281
0.0618373
0.0649273
0.0747329
0.0701443
0.0641674
0.0719376
0.0724734
0.074576
0.0719376
0.0803436
0.080529
0.0726281
0.0674858
0.0606055
0.0744207
0.0794272
0.0709729
0.0703519
0.0697631
0.0604034
0.0746715
0.0796121
0.0738373
0.0758056
0.0805504
0.0950858
0.0856654
0.0717116
0.0650639
0.0784322
0.0710201
0.0710201
0.0749774
0.0816573
0.0751121
0.0722282
0.0668572
0.0841797
0.0631092
0.0575355
0.0595223
0.0528513
0.0577165
0.0598492
0.0481838
0.0494631
0.0458824
0.0444808
0.0408689
0.0378479
0.0507214
0.0659247
0.0612583
0.0700168
0.0685894
0.0714342
0.0664184
0.0653308
0.0732244
0.0819688
0.0508518
0.0460986
0.0585636
0.0198571
0.0109052
0.0102249
0.0173597
0.0102693
0.0102693
0.0102693
0.0128329
0.0128329
0.0288446
0.0865297
0.0865297
0.172863
0.234326
0.286078
0.368307
0.526312
0.638652
0.743
0.965634
1.02979
1.05833
1.01152
0.988177
0.891481
0.883676
0.86631
0.868063
0.857527
0.862361
0.857036
0.845565
0.849931
0.841536
0.848624
0.829146
0.834014
0.831337
0.820664
0.824657
0.824657
0.814017
0.810871
0.809515
0.811294
0.818841
0.814379
0.80552
0.809062
0.800213
0.805916
0.81354
0.803752
0.802825
0.796577
0.806372
0.796577
0.805493
0.799246
0.793026
0.792617
0.800591
0.792128
0.793452
0.788114
0.788562
0.799241
0.788107
0.790779
0.804564
0.798334
0.797472
0.78765
0.787641
0.789899
0.782303
0.792985
0.785423
0.782696
0.779577
0.788512
0.781385
0.785423
0.785423
0.777347
0.784513
0.777389
0.77248
0.780888
0.774684
0.774677
0.771558
0.776452
0.770219
0.780471
0.778233
0.774247
0.773782
0.772005
0.766201
0.767088
0.780028
0.821937
0.849557
0.918655
0.97029
1.01446
1.00071
1.01455
1.00099
0.996793
0.992508
0.981592
0.991957
0.987644
0.985028
0.977958
0.977117
0.966167
0.979247
0.970888
0.975866
0.9692
0.967066
0.965193
0.963582
0.95693
0.96295
0.960415
0.961333
0.953872
0.955131
0.947758
0.952011
0.952526
0.931784
0.950273
0.943381
0.94883
0.940214
0.943653
0.947252
0.937979
0.945144
0.93917
0.939729
0.936268
0.938829
0.930887
0.929129
0.923796
1.03624
1.11388
1.1996
1.2327
1.33904
1.38131
1.36739
1.36503
1.33431
1.33804
1.32577
1.32083
1.32083
1.32408
1.30475
1.28642
1.29175
1.28873
1.27834
1.27961
1.28169
1.2712
1.27045
1.27142
1.26792
1.26255
1.25551
1.24454
1.24842
1.23836
1.24059
1.24082
1.23725
1.22714
1.22569
1.21644
1.21785
1.21351
1.21865
1.22258
1.2093
1.2036
1.21006
1.20794
1.20597
1.20248
1.20984
1.2078
1.20933
1.20677
1.14016
1.08375
1.00894
0.894355
0.80893
0.722159
0.629654
0.531814
0.511681
0.530082
0.536063
0.530256
0.530766
0.550416
0.549844
0.554462
0.562279
0.550482
0.556694
0.563764
0.56074
0.559371
0.560385
0.561202
0.559433
0.555433
0.573857
0.564326
0.576649
0.560975
0.568612
0.567182
0.575071
0.563984
0.573455
0.564831
0.572592
0.566259
0.579715
0.585191
0.577186
0.570424
0.576635
0.579268
0.574361
0.571225
0.578306
0.576308
0.583882
0.583882
0.578404
0.583825
0.578015
0.576248
0.583409
0.578015
0.588315
0.584443
0.575211
0.572592
0.572592
0.577972
0.572994
0.569963
0.581554
0.592071
0.58246
0.582043
0.587633
0.585794
0.58164
0.586491
0.588883
0.586599
0.588412
0.583422
0.576174
0.584787
0.588437
0.581654
0.592867
0.579213
0.592015
0.591223
0.574347
0.583466
0.583006
0.582559
0.581757
0.587693
0.582503
0.594297
0.591569
0.583422
0.580851
0.584948
0.59338
0.580514
0.576188
0.576635
0.576635
0.593742
0.582919
0.584732
0.584188
0.583393
0.585204
0.582417
0.589087
0.579828
0.582405
0.602329
0.587934
0.587366
0.578361
0.577498
0.589286
0.593701
0.571642
0.587029
0.587505
0.589745
0.589244
0.592084
0.590609
0.584341
0.584399
0.587693
0.574376
0.592933
0.595106
0.592904
0.591569
0.58115
0.58069
0.591056
0.57898
0.597471
0.589299
0.589299
0.586714
0.586714
0.587921
0.603602
0.59355
0.58436
0.594596
0.589745
0.593392
0.595106
0.587921
0.587589
0.595661
0.58161
0.589399
0.590961
0.586328
0.601424
0.59111
0.587016
0.59592
0.590192
0.58575
0.582173
0.589399
0.595472
0.586612
0.595554
0.592826
0.587059
0.59596
0.589703
0.582877
0.583896
0.594701
0.583882
0.59516
0.601518
0.587518
0.591123
0.593243
0.596023
0.590651
0.589608
0.584243
0.588743
0.587977
0.581208
0.587433
0.587378
0.582919
0.596836
0.586961
0.584299
0.584285
0.596012
0.578878
0.572982
0.596389
0.58646
0.587433
0.590609
0.578893
0.581511
0.589556
0.584147
0.582877
0.585162
0.594596
0.578031
0.587475
0.582948
0.593865
0.596078
0.586502
0.577873
0.590514
0.580647
0.588297
0.581107
0.587285
0.591485
0.589703
0.595565
0.582488
0.589831
0.586987
0.589299
0.59431
0.592432
0.592285
0.588338
0.579324
0.593243
0.591986
0.588284
0.585567
0.587921
0.589202
0.596888
0.582322
0.586514
0.597701
0.574897
0.589414
0.592432
0.587892
0.584415
0.601489
0.586569
0.591137
0.594566
0.597335
0.587879
0.592042
0.592042
0.587744
0.590526
0.578878
0.58611
0.582013
0.586642
0.598211
0.585204
0.595484
0.59235
0.589815
0.591238
0.586527
0.581511
0.582322
0.594201
0.596078
0.589257
0.589257
0.59239
0.600155
0.588352
0.598199
0.596023
0.589608
0.589342
0.589342
0.595619
0.589257
0.57793
0.586878
0.581526
0.589202
0.592849
0.595091
0.579296
0.581958
0.589662
0.595982
0.589608
0.591081
0.598709
0.604069
0.598292
0.586472
0.597294
0.596023
0.599667
0.589216
0.57839
0.593796
0.585622
0.589675
0.598607
0.595444
0.590233
0.591095
0.586419
0.595078
0.590486
0.584201
0.590622
0.597254
0.590567
0.577485
0.592756
0.583409
0.594149
0.585054
0.585622
0.59361
0.578671
0.596941
0.580636
0.584717
0.585473
0.588702
0.582028
0.584675
0.587297
0.587406
0.586391
