0.211485
0.220544
0.200058
0.240501
0.204533
0.173806
0.205424
0.212745
0.173392
0.18461
0.180906
0.150989
0.185801
0.208911
0.235792
0.189444
0.208517
0.227259
0.20321
0.229097
0.249629
0.198811
0.211575
0.222899
0.215367
0.203768
0.233728
0.19752
0.226506
0.188081
0.219303
0.207986
0.190487
0.200276
0.203197
0.230362
0.21285
0.187257
0.186323
0.162744
0.22027
0.195816
0.208424
0.20387
0.194731
0.209403
0.192353
0.20401
0.181647
0.206208
0.206208
0.19502
0.198291
0.196649
0.16581
0.220398
0.209122
0.179587
0.185678
0.174503
0.189799
0.234896
0.206452
0.19891
0.196521
0.189901
0.202916
0.196188
0.233442
0.203107
0.236785
0.200348
0.188166
0.197737
0.223444
0.182015
0.226985
0.1899
0.206456
0.165887
0.196259
0.186987
0.189163
0.195649
0.195649
0.189586
0.174998
0.173139
0.235077
0.242592
0.17425
0.193538
0.218953
0.242398
0.215114
0.246629
0.199119
0.197724
0.178362
0.184011
0.176959
0.215619
0.211297
0.194097
0.204984
0.201096
0.191995
0.182031
0.208489
0.208264
0.23376
0.246181
0.181864
0.223347
0.242489
0.199766
0.196064
0.226178
0.215625
0.220209
0.226909
0.254141
0.235135
0.195351
0.185544
0.228511
0.167929
0.200616
0.205604
0.203578
0.162052
0.184146
0.221429
0.21916
0.21115
0.212495
0.194261
0.181505
0.191179
0.207797
0.184223
0.191751
0.209538
0.236077
0.227563
0.182015
0.200145
0.208169
0.159879
0.211481
0.240752
0.187402
0.20032
0.193461
0.211507
0.224082
0.234634
0.222212
0.182912
0.184815
0.196876
0.171404
0.194577
0.202454
0.148261
0.210453
0.216002
0.18411
0.197461
0.206168
0.20312
0.182416
0.216506
0.171665
0.182253
0.216068
0.214366
0.205231
0.173461
0.205783
0.210753
0.188659
0.206919
0.18518
0.189204
0.183164
0.198899
0.205568
0.197371
0.173453
0.20716
0.243618
0.184844
0.208884
0.214899
0.237758
0.159878
0.242867
0.206321
0.188101
0.20531
0.220111
0.212924
0.209481
0.225729
0.217532
0.187502
0.205716
0.187066
0.211378
0.201657
0.194701
0.18501
0.213441
0.187222
0.241829
0.249554
0.222322
0.252813
0.212215
0.176746
0.217268
0.193096
0.195733
0.204262
0.214617
0.217664
0.236838
0.214028
0.234065
0.187076
0.220885
0.24196
0.205862
0.192099
0.203949
0.246402
0.19198
0.192085
0.228905
0.234944
0.252318
0.240212
0.234396
0.241693
0.221644
0.235615
0.234233
0.221601
0.224477
0.199949
0.21409
0.21046
0.202271
0.220897
0.249268
0.211859
0.2124
0.230321
0.198744
0.208434
0.184479
0.229929
0.212399
0.244578
0.228285
0.245641
0.213899
0.219717
0.262136
0.207496
0.229237
0.19506
0.24343
0.198879
0.193565
0.2645
0.216205
0.238862
0.227781
0.196725
0.233114
0.198227
0.235061
0.226008
0.214776
0.19594
0.227465
0.211288
0.18924
0.203492
0.214769
0.199788
0.253756
0.272648
0.199834
0.192658
0.193278
0.194763
0.221564
0.256095
0.228035
0.242722
0.209254
0.227008
0.184435
0.197861
0.210166
0.213237
0.201875
0.18804
0.205873
0.198306
0.212512
0.203245
0.167508
0.174617
0.220252
0.200018
0.220506
0.181793
0.171536
0.184745
0.206881
0.20402
0.216592
0.207715
0.201417
0.227576
0.206043
0.209102
0.209344
0.191754
0.184001
0.230653
0.200366
0.189696
0.172785
0.21463
0.233369
0.187804
0.204232
0.184143
0.196902
0.24959
0.225012
0.179749
0.195816
0.204699
0.212888
0.18942
0.220579
0.216361
0.213849
0.218061
0.182964
0.194172
0.223193
0.187233
0.191811
0.198282
0.218592
0.209471
0.146831
0.219098
0.203865
0.219996
0.193823
0.16893
0.181206
0.198086
0.157086
0.185998
0.209041
0.196306
0.18513
0.158217
0.205887
0.160391
0.208758
0.213118
0.212052
0.212994
0.211998
0.210319
0.196089
0.18895
0.195002
0.208611
0.140687
0.220427
0.229348
0.18609
0.246982
0.214472
0.226664
0.214365
0.234953
0.213042
0.221799
0.226853
0.219693
0.215836
0.206617
0.160433
0.172225
0.191901
0.220775
0.20584
0.216452
0.190462
0.221009
0.223049
0.199782
0.212207
0.177242
0.18939
0.214019
0.211257
0.22075
0.172749
0.201191
0.18367
0.206935
0.199631
0.181388
0.17407
0.179014
0.195881
0.202631
0.251748
0.181711
0.26853
0.21545
0.193819
0.214756
0.182993
0.183787
0.220056
0.220317
0.129708
0.173546
0.165853
0.199607
0.160876
0.156686
0.202699
0.208804
0.155278
0.19452
0.180829
0.168768
0.207666
0.121584
0.121584
0.158841
0.191344
0.157351
0.163818
0.194115
0.172681
0.187175
0.190176
0.149599
0.138379
0.179491
0.190355
0.129371
0.180634
0.161572
0.147361
0.161209
0.144625
0.15108
0.172607
0.208619
0.131186
0.172638
0.2138
0.206966
0.196985
0.201162
0.19685
0.235666
0.17181
0.210563
0.186319
0.203984
0.187515
0.210474
0.197508
0.187985
0.187985
0.206724
0.165499
0.20865
0.210378
0.187598
0.158164
0.233626
0.201916
0.234466
0.160752
0.229003
0.198259
0.19685
0.185575
0.195781
0.188484
0.21124
0.246265
0.209524
0.215379
0.217862
0.207856
0.2154
0.188609
0.176386
0.236796
0.212945
0.192155
0.166051
0.237899
0.222128
0.184326
0.152731
0.182774
0.232385
0.185162
0.129046
0.129212
0.203218
0.161965
0.172808
0.185801
0.159279
0.178814
0.173988
0.170878
0.227953
0.132816
0.378621
0.408156
0.423537
0.40794
0.399912
0.423114
0.425952
0.570491
0.763096
0.730231
0.831718
0.842469
0.970174
1.02443
1.34266
1.74662
2.14142
2.76704
3.19628
3.6148
3.86056
4.02442
3.76924
3.48515
3.38828
3.52883
3.63608
3.62103
3.49981
3.48689
3.51875
3.59077
3.54993
3.55208
3.51751
3.46756
3.48101
3.50097
3.54445
3.52998
3.51687
3.46677
3.4551
3.54912
3.55002
3.50426
3.54232
3.51087
3.49802
3.46709
3.53212
3.52435
3.5474
3.51851
3.50889
3.5089
3.48417
3.53106
3.53124
3.51398
3.49214
3.49759
3.52807
3.54902
3.51341
3.54252
3.52905
3.5032
3.51365
3.51746
3.52328
3.53439
3.47944
3.52819
3.47621
3.4708
3.49439
3.51465
3.53306
3.51132
3.53206
3.53521
3.53834
3.50146
3.50096
3.51296
3.55612
3.56667
3.57198
3.5359
3.56475
3.55771
3.53086
3.47317
3.54663
3.52744
3.53231
3.57586
3.5387
3.57329
3.70234
3.80033
3.8623
3.96782
3.98801
4.01773
3.99646
4.03627
4.00304
3.97238
3.95422
3.96867
4.01544
4.00298
3.96151
3.96291
3.94344
3.97565
3.98972
3.96583
3.96688
3.95702
3.9894
3.95377
4.00092
3.99001
3.98731
3.95288
3.95951
3.95734
3.97756
3.96434
3.94826
3.94891
3.97145
3.95207
3.96116
3.98844
3.99805
4.01272
3.94427
3.97076
3.95075
3.99432
3.93457
3.89797
3.8776
3.97774
3.92493
3.98347
4.11021
4.22854
4.225
4.19998
4.1854
4.20665
4.20382
4.23479
4.2207
4.23518
4.18751
4.19512
4.21139
4.18952
4.17269
4.17123
4.18978
4.17587
4.2296
4.17943
4.19033
4.20242
4.12615
4.15203
4.15783
4.13177
4.16588
4.1426
4.12705
4.13444
4.12319
4.14025
4.15997
4.12296
4.14334
4.13781
4.18438
4.14669
4.1633
4.13048
4.17114
4.18525
4.18818
4.15651
4.17206
4.23392
4.19608
4.29002
4.35305
4.83934
5.12404
5.35722
5.74356
5.99408
6.44115
6.74823
7.16418
7.75692
7.93643
7.98601
8.26865
8.43134
8.76329
8.91327
9.19599
9.41308
9.75586
9.67955
9.75028
9.9142
10.1373
10.1746
10.2928
10.2631
10.2282
10.3424
10.1831
10.287
10.1786
10.2967
10.1989
10.2567
10.2268
10.1888
10.187
10.1381
10.182
10.1866
10.2126
10.1706
10.184
10.2442
10.1636
10.2219
10.226
10.1755
10.1366
10.2227
10.166
10.2122
10.1635
10.1951
10.0975
10.1582
10.1153
10.134
10.161
10.1725
10.1494
10.1053
10.1098
10.0536
10.114
10.047
10.0835
10.0679
10.1049
10.0877
10.1124
10.0857
10.092
10.0997
10.0735
10.0676
10.1444
10.0735
10.0682
10.0996
10.0672
10.0677
10.0497
10.0407
10.0568
10.0833
10.0875
10.0299
10.0729
10.0109
10.0307
10.0746
10.0537
10.035
10.0091
10.0128
10.0035
10.0185
10.0166
10.018
10.0468
10.0688
10.0095
10.0321
9.99989
10.0173
9.99607
10.0008
10.0355
10.0363
10.0211
10.026
10.0365
10.0442
9.99256
10.0091
10.024
10.0028
10.0231
9.98491
9.87517
9.85484
9.82949
9.8093
9.7579
9.73147
9.71197
9.68561
9.73979
9.68569
9.6521
9.65664
9.68239
9.70639
9.67212
9.63192
9.59448
9.59331
9.55399
9.59582
9.54329
9.5319
9.51254
9.49963
9.41553
9.34357
9.17619
9.043
8.93506
8.87268
8.83349
8.6505
8.52587
8.39205
8.23632
8.15807
8.08471
8.00958
8.07562
8.00124
7.93713
7.80498
7.70478
7.57481
7.41439
7.33254
7.2349
7.14679
7.18947
7.22534
7.2002
7.15835
7.09209
6.97717
7.02318
7.0083
6.90636
6.86691
6.77982
6.75982
6.80597
6.83451
6.8056
6.84465
6.75504
6.79078
6.77512
6.89817
6.94772
6.87188
6.83441
6.72035
6.67849
6.66209
6.62918
6.55596
6.54081
6.57453
6.7197
6.7205
6.76861
6.80109
6.68511
6.64126
6.53954
6.51342
6.53694
6.53182
6.62842
6.61649
6.50862
6.50779
6.48295
6.5054
6.49505
6.45079
6.48886
6.55418
6.51461
6.46538
6.50412
6.52488
6.48574
6.47575
6.51558
6.41352
6.36427
6.34041
6.32292
6.33532
6.38469
6.39711
6.41242
6.42294
6.49075
6.54247
6.46919
6.42486
6.41585
6.37559
6.29331
6.32066
6.30397
6.37324
6.33379
6.37994
6.34541
6.34646
6.35698
6.38844
6.3625
6.29406
6.24058
6.20005
6.23054
6.26472
6.2491
6.25262
6.26556
6.29871
6.27481
6.2632
6.31019
6.34059
6.35257
6.28113
6.30349
6.27933
6.27973
6.19296
6.21035
6.27497
6.20375
6.20338
6.19379
6.24813
6.23586
6.24445
6.2119
6.17211
6.17817
6.1915
6.16342
6.14956
6.20283
6.23139
6.23038
6.18859
6.26627
6.2036
6.20052
6.13662
6.15661
6.19559
6.20091
6.16447
6.13634
6.15307
6.13836
6.15191
6.15632
6.21242
6.20213
6.11004
6.10732
6.1843
6.1338
6.17554
6.17142
6.19765
6.14806
6.10919
6.14503
6.1237
6.21494
6.16698
6.10316
6.08274
6.08047
6.0692
6.13027
6.09988
6.05781
6.10503
6.12129
6.07068
6.06443
6.11651
6.09508
6.02337
6.03445
6.06524
6.09224
6.11722
6.11805
6.13562
6.09976
6.10401
6.10265
6.11141
6.07387
6.05031
6.08557
6.07962
6.04216
6.04216
6.0227
6.10156
6.05668
6.04087
6.10683
6.07802
6.07055
6.06472
6.07222
6.02049
6.04744
6.00625
6.07735
6.0467
6.0074
6.06113
6.10619
6.1034
6.07847
5.97708
6.02129
6.01649
5.97509
5.98608
6.00448
6.05634
6.02409
6.08628
6.07153
6.05342
5.99304
5.99567
6.00955
5.98151
6.03255
5.9992
5.98767
5.96188
6.03648
6.00346
6.00429
6.02653
5.99396
5.9747
6.02366
5.97296
5.94662
5.99411
6.02317
6.02947
6.02431
6.02053
5.98691
6.00531
6.01416
5.99008
6.00396
6.00055
6.01529
5.97218
5.95701
5.9811
5.99608
5.96521
6.03676
6.06103
5.9904
5.90689
5.88622
5.95001
6.01118
5.99802
5.96429
6.01859
5.96992
6.01103
6.00961
5.98813
5.88526
5.95956
5.98196
5.98928
5.87537
5.84123
5.91647
6.01389
6.03093
6.01545
6.04919
6.09972
6.07397
6.03666
5.95152
6.01451
6.03779
5.95131
5.92811
5.94735
5.95732
5.98314
5.96982
5.96453
5.87398
5.85863
5.90772
5.91284
5.92958
5.91385
5.94594
5.92413
5.90602
5.98775
5.97965
6.00725
5.97591
5.9167
5.92441
5.97899
5.96003
5.90368
5.86142
5.90901
5.98569
5.92935
5.84291
5.88449
5.93719
5.95378
5.91453
5.96634
5.96204
5.93586
5.9329
5.87915
5.97633
5.99145
5.92852
5.95274
5.9041
5.85161
5.85137
5.88846
5.87266
5.9134
6.03933
6.04413
5.94633
5.89399
5.96003
5.88006
5.90502
5.94439
5.91471
5.91704
5.88251
5.94662
5.96984
6.01164
6.00527
5.95081
5.9053
5.90751
5.88968
5.88212
5.8683
5.88621
5.86041
5.88611
5.9966
5.99233
5.88147
5.85652
5.8631
5.90536
5.99418
5.93453
5.91649
5.94289
5.99843
6.05689
5.94994
5.87297
5.97245
5.9865
5.84494
5.87238
5.86863
5.90616
5.89515
5.83771
5.87332
5.90325
5.90892
5.89574
5.92134
5.87309
5.86316
5.95702
5.93052
5.9317
5.91576
5.93519
5.91729
5.88144
5.8785
5.89222
5.99664
5.93384
5.90449
5.86333
5.87576
5.92191
5.88442
5.97168
5.9381
5.88003
5.93153
5.91429
5.91684
5.88238
5.92962
5.92703
5.89121
5.90079
5.91055
5.91734
5.92613
5.9858
5.9562
5.98773
5.85166
5.9071
5.92583
5.92443
5.87857
5.89895
5.93257
5.90881
5.94702
5.95248
5.89815
5.88587
5.91325
5.93186
5.90569
5.865
5.91588
5.89956
5.91846
5.97433
5.98322
5.93751
5.93554
5.87256
5.9152
5.88293
5.96442
5.90992
5.96852
5.96635
5.93783
5.91294
5.96977
5.8921
5.91547
5.89924
5.93911
5.89458
5.89423
5.86951
5.989
5.97302
5.97032
5.93762
5.88851
5.87105
5.90675
5.95572
6.01712
5.96698
5.97724
5.95015
5.90598
5.90866
5.91922
5.97628
5.96355
5.94862
5.88039
5.9849
5.93694
5.91971
5.94009
5.9668
5.95466
5.96411
5.98325
5.97013
5.94068
5.85966
5.90616
5.95921
5.99146
5.99871
5.97531
5.94101
5.94089
6.00617
5.98166
5.86519
5.9082
5.86278
5.89655
5.92319
5.95769
5.89743
5.90553
6.00818
6.05553
6.071
5.9642
5.94625
5.97583
6.06733
5.95413
5.94754
5.97918
5.983
5.99392
5.98008
5.98978
5.95568
5.97432
5.97738
5.92631
5.94594
5.99284
5.99177
6.00578
5.99107
5.93924
5.95117
5.91506
5.97545
5.97306
5.9677
5.99963
6.07364
6.04541
5.97117
6.0177
6.0306
6.04822
5.97783
5.88564
5.9251
6.03601
5.99432
6.06788
6.18041
6.1874
6.13415
6.08158
6.0067
5.93842
5.86965
5.97799
6.01397
6.04981
6.10744
6.09944
6.0795
6.07508
6.15347
6.11423
6.11316
6.11091
6.10898
6.11962
6.08848
6.13154
6.15916
6.15584
6.1362
6.1585
6.10685
6.00196
6.00183
6.11291
6.09094
6.13697
6.17139
6.16642
6.22552
6.2061
6.28462
6.31156
6.24867
6.21633
6.19232
6.12618
6.1041
6.12849
6.16262
6.18747
6.24082
6.34753
6.34057
6.26654
6.21571
6.27636
6.32248
6.26667
6.21376
6.24762
6.22237
6.25504
6.35332
6.42372
6.38048
6.31423
6.32192
6.29164
6.37347
6.41019
6.46943
6.56957
6.55801
6.46406
6.47812
6.47808
6.50295
6.50015
6.4718
6.45365
6.49795
6.51881
6.58227
6.54051
6.51689
6.58998
6.6046
6.59218
6.5312
6.57484
6.5549
6.56723
6.56482
6.56188
6.5518
6.59181
6.63198
6.58389
6.57275
6.57586
6.56644
6.62035
6.60958
6.58615
6.59833
6.64086
6.62886
6.58826
6.51435
6.55422
6.62402
6.65928
6.68568
6.68563
6.65635
6.63768
6.62764
6.60985
6.55994
6.63285
6.64377
6.62071
6.6059
6.61575
6.61209
6.59424
6.56574
6.63523
6.63458
6.63164
6.61697
6.64995
6.65191
6.63121
6.64473
6.63785
6.60661
6.62259
6.60092
6.61137
6.60646
6.58037
6.59036
6.64924
6.70359
6.68327
6.62682
6.61277
6.6605
6.66624
6.59308
6.65097
6.65416
6.68248
6.66193
6.67939
6.60701
6.64443
6.59835
6.61749
6.6616
6.61334
6.61348
6.64783
6.6833
6.63836
6.58688
6.56032
6.59476
6.57813
6.59566
6.60539
6.57569
6.57554
6.58416
6.60712
6.60291
6.60876
6.62997
6.62986
6.6158
6.59773
6.57364
6.61126
6.6721
6.62094
6.62969
6.56474
6.58679
6.62656
6.6529
6.58971
6.57453
6.56686
6.59877
6.61762
6.63181
6.63738
6.6898
6.70874
6.66211
6.59996
6.60716
6.6215
6.61155
6.56698
6.50932
6.52275
6.52305
6.61844
6.58652
6.64711
6.65912
6.70239
6.70914
6.60438
6.66394
6.66845
6.61884
6.68
6.68981
6.66594
6.68086
6.75439
6.71713
6.64575
6.64569
6.6309
6.59584
6.54297
6.63153
6.71174
6.65304
6.64565
6.69303
6.68822
6.6295
6.62699
6.59505
6.58246
6.55451
6.63196
6.66105
6.69915
6.70841
6.64654
6.63037
6.60378
6.66183
6.62216
6.61321
6.58515
6.57985
6.57987
6.64841
6.72486
6.69523
6.55565
6.54552
6.64851
6.65747
6.61331
6.63091
6.749
6.77319
6.71209
6.76331
6.69862
6.65905
6.59838
6.52003
6.61889
6.48804
6.46179
6.46963
6.52216
6.51201
6.56247
6.63968
6.57256
6.48212
6.45175
6.56989
6.61052
6.75099
6.85958
6.73896
6.74374
6.74378
6.67553
6.55346
6.48127
6.51185
6.55463
6.6449
6.60187
6.59896
6.57639
6.59403
6.56534
6.6049
6.65661
6.68001
6.64393
6.65231
6.62511
6.55639
6.60453
6.66539
6.72813
6.64492
6.63643
6.6362
6.58708
6.51355
6.49454
6.51525
6.57868
6.59804
6.60731
6.62622
6.63764
6.60564
6.67604
6.67044
6.5794
6.53396
6.53494
6.49732
6.47348
6.49717
6.56269
6.65859
6.63801
6.68824
6.60814
6.56867
6.61276
6.58353
6.58538
6.59279
6.60412
6.54117
6.60159
6.5819
6.55532
6.56331
6.6235
6.58531
6.5736
6.57258
6.52486
6.57343
6.6312
6.66346
6.56789
6.54813
6.51557
6.54896
6.54896
6.60034
6.66758
6.83764
6.9328
6.85789
6.67351
6.67505
6.70389
6.6013
6.54933
6.46697
6.55362
6.63376
6.59012
6.49963
6.53377
6.56904
6.61008
6.62983
6.62983
6.58356
6.59902
6.63334
6.60415
6.55914
6.5538
6.57193
6.56511
6.5621
6.55588
6.5527
6.59527
6.57855
6.63354
6.57356
6.60909
6.55927
6.61715
6.61016
6.64072
6.59708
6.58758
6.55833
6.5749
6.58349
6.59019
6.55781
6.57176
6.54944
6.54806
6.56402
6.53595
6.54532
6.55455
6.53171
6.55019
6.54195
6.55229
6.54856
6.53199
6.52213
6.5386
6.52683
6.52627
6.52426
6.50419
6.53696
6.58354
6.53533
6.5431
6.56595
6.57632
6.56706
6.51122
6.52641
6.5152
6.55634
6.55212
6.55874
6.50711
6.51257
6.5584
6.59237
6.56349
6.56856
6.57176
6.54473
6.52223
6.56001
6.52909
6.55697
6.52637
6.55706
6.51911
6.54893
6.50395
6.51623
6.51719
6.5493
6.52736
6.5216
6.52585
6.50418
6.4196
6.45762
6.5851
6.57457
6.48849
6.45721
6.41728
6.44655
6.49177
6.57116
6.53668
6.4856
6.53151
6.54963
6.56516
6.52819
6.45365
6.48942
6.52317
6.57146
6.61014
6.53573
6.479
6.45769
6.51128
6.52424
6.47308
6.41382
6.51088
6.52896
6.55408
6.52455
6.48597
6.54389
6.62276
6.56669
6.44697
6.48455
6.49923
6.49833
6.53066
6.5026
6.48923
6.51352
6.52416
6.50271
6.46781
6.57089
6.57592
6.55141
6.51956
6.54185
6.53712
6.48694
6.4891
6.50457
6.50678
6.51453
6.49522
6.47735
6.46876
6.45243
6.45253
6.48297
6.50113
6.46298
6.46563
6.47143
6.56799
6.50962
6.46888
6.4364
6.45685
6.48411
6.49104
6.42516
6.50186
6.56333
6.56535
6.50145
6.51589
6.54932
6.50679
6.45246
6.5236
6.58455
6.58178
6.57987
6.51806
6.43338
6.3238
6.36527
6.43861
6.49902
6.44106
6.5013
6.49583
6.47244
6.51733
6.54118
6.54963
6.52068
6.48586
6.47642
6.50641
6.47734
6.56205
6.51262
6.44674
6.46664
6.54148
6.52293
6.47956
6.46828
6.50683
6.46367
6.48603
6.47537
6.50298
6.50376
6.48968
6.44954
6.45448
6.47768
6.5184
6.52385
6.44668
6.45726
6.47029
6.49167
6.44418
6.44507
6.49891
6.47333
6.47469
6.4402
6.44849
6.40496
6.46115
6.53627
6.49256
6.45561
6.41735
6.41405
6.46007
6.43659
6.48624
6.42006
6.43061
6.48846
6.49223
6.51694
6.47323
6.47973
6.50196
6.49295
6.43988
6.42131
6.46863
6.51153
6.46321
6.43347
6.42531
6.39799
6.38752
6.42646
6.46513
6.47109
6.51813
6.55004
6.47021
6.48366
6.47406
6.48409
6.51853
6.47336
6.47399
6.44537
6.50075
6.42477
6.37906
6.36616
6.38942
6.43051
6.39531
6.38372
6.42196
6.44526
6.41127
6.44157
6.48343
6.34137
6.36271
6.4094
6.40152
6.44038
6.45214
6.48003
6.41783
6.45103
6.49514
6.49518
6.4066
6.3859
6.42822
6.38406
6.37205
6.36675
6.4408
6.42367
6.3999
6.46028
6.42975
6.46471
6.48396
6.45697
6.40936
6.54213
6.53436
6.44294
6.46699
6.40201
6.40055
6.39732
6.41655
6.36401
6.31777
6.39169
6.41978
6.46851
6.47646
6.48188
6.54239
6.46049
6.44781
6.44748
6.45627
6.37045
6.36834
6.45498
6.48652
6.47284
6.49596
6.43227
6.38519
6.44213
6.42672
6.41519
6.45119
6.47177
6.45656
6.45283
6.36776
6.40273
6.42837
6.407
6.41592
6.39464
6.37463
6.41996
6.49655
6.46123
6.38267
6.41252
6.53065
6.46082
6.44624
6.39405
6.39405
6.39164
6.43393
6.39872
6.32445
6.34476
6.3602
6.38555
6.41421
6.44002
6.44905
6.50598
6.47029
6.44745
6.38257
6.44786
6.46077
6.48129
6.44753
6.42104
6.44925
6.42888
6.42746
6.37122
6.33178
6.32177
6.3681
6.40667
6.42059
6.43788
6.44069
6.48712
6.47537
6.47399
6.42408
6.43307
6.37085
6.31042
6.26638
6.31072
6.35599
6.39173
6.38167
6.35151
6.40581
6.43825
6.3456
6.38983
6.40047
6.39761
6.4483
6.45536
6.45712
6.38504
6.39439
6.3781
6.35034
6.33281
6.34091
6.39052
6.46996
6.43388
6.4392
6.46351
6.43761
6.35507
6.37485
6.41352
6.35937
6.36638
6.41482
6.41338
6.40607
6.42684
6.39355
6.42939
6.43109
6.44615
6.43711
6.44062
6.44111
6.38172
6.41057
6.38705
6.42665
6.35954
6.37429
6.43017
6.48232
6.45845
6.42669
6.41546
6.4111
6.42857
6.42585
6.46139
6.48847
6.51127
6.55458
6.61651
6.50927
6.38603
6.36058
6.39902
6.46225
6.47007
6.47516
6.37924
6.36038
6.39461
6.4287
6.44649
6.35488
6.33476
6.35726
6.39322
6.42075
6.38785
6.45699
6.35386
6.40675
6.39017
6.37561
6.42694
6.44529
6.44679
6.466
6.45124
6.47523
6.48306
6.46541
6.43463
6.46818
6.47213
6.41494
6.40278
6.44488
6.46547
6.50902
6.5319
6.52308
6.48251
6.50445
6.52098
6.52764
6.5378
6.5316
6.49196
6.47481
6.51039
6.65026
6.69298
6.65644
6.61558
6.61289
6.6574
6.66574
6.62033
6.59012
6.64804
6.49404
6.41495
6.51223
6.60112
6.54684
6.60439
6.65104
6.69592
6.63076
6.63019
6.6084
6.58352
6.63654
6.61591
6.54985
6.59053
6.631
6.63634
6.57458
6.58509
6.58344
6.62912
6.65562
6.6226
6.5946
6.59237
6.64478
6.61595
6.60049
6.59507
6.60297
6.67147
6.61506
6.57505
6.64875
6.6118
6.5806
6.58534
6.58523
6.53721
6.59867
6.65677
6.65326
6.65983
6.69148
6.58378
6.61342
6.66497
6.67865
6.67865
6.71759
6.697
6.6155
6.64851
6.6463
6.56719
6.50541
6.58486
6.56122
6.63966
6.66838
6.63799
6.64137
6.65292
6.68537
6.70997
6.73365
6.72328
6.70963
6.67397
6.65499
6.57648
6.58791
6.60875
6.62445
6.67383
6.59779
6.60157
6.6551
6.68753
6.67694
6.65566
6.66032
6.70252
6.71283
6.71944
6.69449
6.69446
6.69125
6.639
6.70355
6.72267
6.73893
6.71674
6.68496
6.68496
6.68496
6.70172
6.69741
6.73841
6.8049
6.69826
6.68348
6.81187
6.79553
6.66022
6.68175
6.70565
6.6714
6.71076
6.73206
6.70645
6.77164
6.7271
6.64304
6.67495
6.67242
6.73984
6.82241
6.81814
6.78616
6.84564
6.83309
6.80619
6.76172
6.80608
6.82598
6.82526
6.79762
6.83345
6.84687
6.75208
6.58969
6.65367
6.76068
6.76957
6.69528
6.70132
6.81217
6.82712
6.77196
6.76353
6.77891
6.86092
6.83313
6.81131
6.74543
6.81859
6.89879
6.81803
6.66579
6.73136
6.75633
6.7923
6.69564
6.6559
6.68049
6.76437
6.81161
6.84008
6.84388
6.89284
6.82687
6.83986
6.86579
6.79163
6.78471
6.8178
6.76155
6.70374
6.70881
6.73454
6.78017
6.77847
6.83992
6.80281
6.78328
6.80815
6.767
6.79878
6.81731
6.81191
6.83845
6.90323
6.90523
6.86328
6.76459
6.76087
6.81604
6.89006
6.88822
6.81118
6.80105
6.83878
6.89075
6.74402
6.56595
6.6079
6.7426
6.79899
6.7675
6.74289
6.78636
6.79417
6.79767
6.76846
6.81304
6.92861
6.97404
6.75555
6.75084
6.82764
6.90299
6.73857
6.67717
6.74062
6.80147
6.75364
6.76928
6.81832
6.75053
6.7378
6.80204
6.81457
6.83422
6.79394
6.76854
6.78602
6.80004
6.76064
6.85148
6.80881
6.75487
6.75946
6.78356
6.75889
6.7605
6.7684
6.8135
6.75002
6.83584
6.86806
6.80886
6.79797
6.8386
6.86011
6.79218
6.78122
6.81807
6.77463
6.84898
6.85161
6.84202
6.86075
6.81641
6.89967
6.86067
6.84575
6.80844
6.89882
6.85855
6.80661
6.80439
6.87925
6.882
6.82633
6.80367
6.80784
6.82017
6.77947
6.84426
6.81319
6.88237
6.90327
6.8442
6.8325
6.91305
7.00446
6.826
6.68516
6.64392
6.75648
6.90328
6.91564
6.94041
6.90297
6.88361
6.84805
6.8002
6.85652
6.88562
6.84676
6.99684
7.03428
6.93224
6.98209
6.98556
6.99081
7.00629
6.9389
6.90748
6.99872
7.12047
7.02072
7.03878
7.06146
7.04011
7.12065
7.12056
7.12269
7.14216
7.1059
7.23059
7.20736
7.09424
7.12803
7.1383
7.03826
7.02327
7.00974
7.0026
7.02915
7.04591
7.05466
7.06212
7.11844
7.14095
7.11013
7.10141
7.09905
7.17046
7.06925
7.13038
7.13542
7.07887
7.07148
7.08194
7.0735
7.0273
7.05286
7.06821
6.98953
7.06226
7.05527
7.01474
7.06733
7.04593
7.04205
7.04695
7.07643
7.12655
7.14149
7.09718
7.03452
7.00948
7.07292
7.1335
7.18819
7.09024
7.11521
7.10593
7.1338
6.87225
6.78893
6.91927
6.93309
6.97831
6.9671
6.99504
7.09574
7.07404
7.06484
7.08665
7.13259
7.11945
7.12326
7.03722
7.01493
7.04279
7.06689
7.00168
6.94693
6.96958
6.98327
7.00409
7.00886
7.02389
7.04387
7.09451
7.143
7.09034
7.05194
7.08838
7.07011
7.04412
7.00477
6.97131
7.03152
7.01205
6.99688
7.00499
7.05806
7.0338
7.07002
7.11732
7.06491
7.02377
7.06746
7.00215
6.94933
6.94788
6.93455
6.93358
6.95022
6.98945
7.01096
7.02427
7.05513
7.07542
7.00139
7.0155
6.99843
6.97317
6.91113
6.99148
6.98934
6.93855
7.03004
6.98265
6.9224
6.95681
7.0496
7.0496
7.02397
7.04949
6.984
6.9914
7.0195
7.07242
6.94685
6.85809
6.88853
6.86122
6.81128
6.89959
6.8648
6.96029
6.99756
7.0317
7.0047
7.00626
6.98853
6.99627
6.95057
7.00562
7.01506
6.98047
6.94745
6.94459
7.03013
6.99938
6.95465
7.03896
7.07774
6.8996
6.89016
6.87728
6.86389
6.85741
6.80071
6.91729
6.91772
7.104
7.09544
6.9867
6.98971
7.01356
7.05377
6.94921
6.92194
6.87267
6.88984
6.87874
6.96504
7.02437
7.01875
6.94613
7.0101
6.99581
6.92714
6.77586
6.80099
6.8532
7.03134
6.95264
6.95076
7.01863
6.95516
6.95678
6.97274
6.93021
6.92731
6.9744
6.97323
6.93213
6.97306
7.03353
7.01634
6.91869
6.82728
6.83627
6.88041
6.89116
6.89161
6.87975
6.88694
6.99375
6.99901
6.88196
6.86796
6.95844
6.97217
6.95247
6.89432
6.87586
6.93196
6.94062
6.98606
6.87309
6.86866
6.92823
6.94922
6.91735
6.91263
6.96014
6.86573
6.94366
6.9679
6.94356
6.86719
6.93118
6.94727
6.97932
6.92429
6.9306
6.91287
6.82233
6.8519
6.90233
6.7915
6.76474
6.84696
6.91877
6.93661
6.97863
6.99723
6.96043
6.98436
6.96072
6.87121
6.86896
6.85167
6.78062
6.76212
6.82792
6.84829
6.90932
6.8736
6.83404
6.80985
6.80985
6.93327
6.87189
6.90884
6.98659
6.91394
6.89106
6.90447
6.91637
6.8438
6.79356
6.9078
6.88054
6.85875
6.8428
6.87989
6.88805
6.90039
6.91899
6.8542
6.8542
6.8344
6.83112
6.77403
6.82602
6.88492
6.93174
6.94966
6.90323
6.87181
6.90281
6.89568
6.84935
6.82564
6.86728
6.88873
6.84763
6.84516
6.85926
6.88047
6.80048
6.8319
6.86815
6.8586
6.83362
6.85048
6.85048
6.87282
6.86048
6.93267
6.87967
6.79346
6.82416
6.88777
6.83919
6.85032
6.79445
6.79732
6.80839
6.87812
6.85608
6.8148
6.85296
6.905
6.80608
6.86583
6.84352
6.82075
6.87165
6.89704
6.86471
6.78918
6.81763
6.83552
6.82175
6.8921
6.90952
6.87611
6.8168
6.82796
6.79203
6.71705
6.70167
6.7915
6.80909
6.81446
6.88639
6.86429
6.82301
6.87301
6.88969
6.86646
6.82051
6.91282
6.8946
6.79089
6.7637
6.79976
6.72734
6.74172
6.84256
6.85088
6.75328
6.79955
6.80975
6.87775
6.84905
6.86798
6.81862
6.83429
6.85384
6.852
6.79058
6.76268
6.81927
6.80655
6.77308
6.79868
6.87808
6.8054
6.81212
6.8553
6.89384
6.81241
6.80768
6.81691
6.79793
6.79121
6.89231
6.87122
6.73183
6.82402
6.87325
6.83327
6.73533
6.75744
6.78547
6.86176
6.78857
6.81065
6.78587
6.80557
6.7957
6.70323
6.69295
6.72511
6.76728
6.73639
6.78037
6.85482
6.85584
6.83632
6.82487
6.87187
6.80776
6.744
6.74286
6.80775
6.7382
6.70646
6.73182
6.70736
6.74719
6.8535
6.76322
6.73489
6.71558
6.712
6.72374
6.78391
6.84658
6.74761
6.7413
6.78371
6.78371
6.76899
6.69787
6.77982
6.77316
6.74375
6.75593
6.80708
6.78996
6.74934
6.76606
6.78272
6.78246
6.67014
6.66788
6.76257
6.72878
6.73581
6.76137
6.74948
6.73542
6.76606
6.76922
6.77951
6.79587
6.88922
6.79082
6.68169
6.69924
6.80787
6.72618
6.71405
6.70695
6.66012
6.64926
6.58266
6.62078
6.7485
6.76714
6.81085
6.78225
6.92942
6.88265
6.83496
6.75651
6.56692
6.56692
6.5673
6.66265
6.59994
6.60562
6.88616
6.89195
6.90824
6.94742
6.86073
6.72379
6.6375
6.68798
6.62236
6.59364
6.64496
6.7222
6.72416
6.69907
6.71879
6.77388
6.69834
6.69807
6.70425
6.70859
6.68044
6.65661
6.71393
6.78521
6.79364
6.75625
6.75625
6.75509
6.75911
6.74774
6.61061
6.54718
6.60311
6.66074
6.68385
6.68852
6.74493
6.70242
6.75585
6.66332
6.56428
6.64899
6.67889
6.66872
6.71834
6.71205
6.65963
6.6734
6.73794
6.68803
6.59468
6.68592
6.63797
6.59007
6.59746
6.62907
6.61951
6.55998
6.58807
6.64611
6.64988
6.69882
6.6726
6.71832
6.69514
6.64739
6.595
6.66504
6.67091
6.62415
6.59317
6.64875
6.64935
6.59506
6.57584
6.61186
6.65768
6.69948
6.71918
6.66335
6.59426
6.60665
6.6532
6.72664
6.6641
6.66058
6.69955
6.64908
6.65556
6.66283
6.63564
6.63203
6.5722
6.57401
6.57833
6.59303
6.61215
6.64239
6.67843
6.7084
6.6828
6.71511
6.73362
6.63688
6.59447
6.63136
6.67089
6.57558
6.56583
6.64026
6.67419
6.65493
6.67673
6.7284
6.65905
6.62884
6.6074
6.58982
6.58732
6.54217
6.60779
6.62278
6.65043
6.56983
6.61877
6.72515
6.68755
6.64932
6.63445
6.60194
6.65368
6.57377
6.54004
6.6727
6.70624
6.72027
6.65752
6.57321
6.56082
6.54087
6.56284
6.60764
6.6733
6.61701
6.64828
6.62782
6.65116
6.68115
6.71295
6.63805
6.57758
6.56048
6.57918
6.56582
6.56173
6.66207
6.65368
6.66031
6.62052
6.62683
6.66341
6.63533
6.59506
6.54625
6.61153
6.57113
6.52142
6.57138
6.65676
6.62742
6.5647
6.60553
6.64143
6.61088
6.61468
6.59052
6.49669
6.54241
6.6159
6.55044
6.54298
6.53515
6.64669
6.55238
6.58009
6.6567
6.63976
6.51614
6.52474
6.5606
6.60594
6.57259
6.5909
6.5664
6.60944
6.58166
6.5641
6.55002
6.5691
6.57624
6.53324
6.58715
6.60515
6.60054
6.60226
6.59297
6.63069
6.59899
6.53302
6.54246
6.58025
6.55372
6.54004
6.54988
6.60808
6.58203
6.5753
6.45351
6.47454
6.57552
6.57607
6.49225
6.38974
6.3176
6.50151
6.56607
6.61415
6.66464
6.67276
6.59919
6.59601
6.64418
6.61077
6.54587
6.51568
6.42857
6.39127
6.42771
6.47542
6.46337
6.4998
6.54685
6.64277
6.65417
6.62731
6.55619
6.52143
6.56981
6.51552
6.47884
6.45474
6.47192
6.5528
6.56009
6.52356
6.53131
6.54006
6.54592
6.59423
6.51093
6.42626
6.49244
6.51198
6.46867
6.46637
6.5152
6.65613
6.65438
6.5983
6.55221
6.49135
6.48101
6.49607
6.49004
6.4838
6.53631
6.56383
6.56574
6.56237
6.69829
6.88603
6.98429
7.10878
7.00981
7.00167
6.88464
6.78808
6.73884
6.66544
6.71721
6.79307
6.82531
6.82208
6.74858
6.72962
6.80777
6.78664
6.79214
6.79325
6.85461
6.85211
6.84784
6.88702
6.87091
6.83145
6.89127
6.93335
6.99921
7.07066
7.04603
7.0209
7.04914
7.01793
6.97624
7.00942
7.01006
7.01006
7.02324
7.0729
7.06983
7.09338
7.03265
7.05452
7.07691
7.09836
7.11963
7.13571
7.14769
7.09897
7.11178
7.1071
7.08971
7.10307
7.13112
7.15006
7.13222
7.12446
7.15249
7.15144
7.1681
7.17504
7.19041
7.17576
7.20299
7.15069
7.16067
7.14905
7.15692
7.12935
7.12447
7.16454
7.15495
7.17053
7.17295
7.18224
7.19128
7.14729
7.18207
7.18702
7.18006
7.14648
7.16304
7.19234
7.2002
7.21197
7.18475
7.17881
7.24228
7.24594
7.21387
7.20652
7.21997
7.1629
7.21391
7.21869
7.19567
7.23182
7.19112
7.22569
7.25831
7.26937
7.3
7.36582
7.40253
7.55251
7.61657
7.67622
7.70461
7.66735
7.64193
7.45353
7.47248
7.42046
7.4722
7.4648
7.49059
7.46895
7.56236
7.61678
7.68112
7.67843
7.71781
7.76001
7.79072
7.78525
7.73046
7.71687
7.75254
7.75465
7.76513
7.84893
7.7574
7.81231
7.79181
7.79688
7.79887
7.73536
7.80173
7.80026
7.85049
7.82637
7.79863
7.78663
7.84002
7.84808
7.82034
7.83337
7.8247
7.84242
7.84874
7.85895
7.79755
7.81909
7.8155
7.85829
7.82976
7.84179
7.83988
7.84845
7.83419
7.81432
7.82048
7.80499
7.80748
7.81686
7.85383
7.87764
7.8505
7.85918
7.84006
7.83399
7.84546
7.83595
7.83446
7.87648
7.7932
7.80394
7.85626
7.84323
7.82916
7.80795
7.84944
7.85424
7.8385
7.81331
7.81346
7.78499
7.80686
7.8479
7.81743
7.84466
7.83195
7.81349
7.81061
7.85265
7.80983
7.81403
7.8355
7.76999
7.79254
7.80745
7.80963
7.8292
7.85134
7.82259
7.83902
7.84609
7.86559
7.85244
7.79561
7.81995
7.85242
7.84587
7.84584
7.86355
7.87357
7.87357
7.85124
7.82618
7.85465
7.82701
7.87504
7.79621
7.83563
7.82974
7.85797
7.84754
7.81589
7.85979
7.86071
7.84676
7.83729
7.83797
7.83715
7.83007
7.81174
7.80606
7.82648
7.85233
7.8535
7.85756
7.82689
7.82049
7.84106
7.86717
7.87585
7.86072
7.84713
7.82721
7.84457
7.79199
7.79406
7.79809
7.84622
7.83658
7.83823
7.8431
7.82031
7.73473
7.36624
6.55024
5.38911
4.79339
4.28173
3.72258
3.46812
2.94436
2.8451
2.76788
2.39961
3.1924
3.09997
3.29088
3.41435
3.02231
2.38976
2.15612
1.95506
1.54307
1.29569
1.21763
1.36549
1.34657
1.33095
1.28662
1.32412
1.2193
1.25851
1.18244
1.18099
1.14575
1.15041
1.14203
1.13521
1.11879
1.15647
1.12356
1.10192
1.06956
1.08793
1.09515
1.06724
1.05638
1.10425
1.04377
1.08872
1.07593
1.03508
1.10355
1.0462
1.07448
1.04434
1.06478
1.11164
1.01595
1.06391
1.03192
1.04374
1.04641
1.05852
1.03952
1.00463
1.01249
0.992986
1.04578
0.996702
1.00473
1.02076
0.980658
0.991114
1.02436
1.01236
1.02056
1.00225
1.02417
1.03558
1.00743
0.982845
0.998096
1.0268
0.995407
1.00693
1.00721
1.00914
1.01724
1.00819
1.01853
1.00844
1.0122
1.01146
0.99695
0.990153
0.998257
1.01726
1.00869
0.993967
1.01116
1.03012
0.987119
1.03932
1.03515
1.03219
1.05469
1.01683
1.05415
0.98823
1.00531
0.981262
0.985518
0.992526
0.9907
1.02611
1.01288
0.987542
0.983132
1.00306
1.00907
0.986812
0.988245
0.997534
0.999502
1.00956
1.00813
1.00328
0.972751
1.00332
0.975718
0.969513
0.999459
0.986145
0.986417
0.96291
0.985478
0.987827
0.968808
0.970486
0.985023
0.974144
0.965028
0.99456
0.986296
0.985872
0.968585
0.956883
1.03544
0.956724
0.957062
0.94234
0.915939
0.953603
0.966035
0.990716
0.977625
0.934419
0.966854
0.941969
0.941962
0.998417
0.970328
0.998854
0.983451
0.980753
0.995751
0.917622
0.95507
0.983085
0.98424
0.997201
0.972338
0.975819
0.968708
1.00002
0.979088
0.95978
0.95836
0.961827
0.963203
0.966355
0.977832
0.966852
0.948375
0.964969
0.982487
0.948365
0.956287
0.967704
0.958414
0.93029
0.897822
0.946385
0.962869
0.910866
0.947678
0.977086
0.95178
0.959299
0.940554
0.933802
0.953779
0.953405
0.988938
0.987762
0.971684
0.934199
0.938278
0.943457
0.962476
0.980432
0.969457
0.969426
0.986014
0.971538
0.954104
0.982908
0.915493
0.906379
0.917344
0.930106
0.922919
0.917901
0.937689
0.931097
0.954194
0.953267
0.946692
0.946445
0.943637
0.927918
0.950861
0.93721
0.941989
0.947534
0.97639
0.894513
0.940949
0.922392
0.91786
0.939677
0.938002
0.948532
0.934223
0.908398
0.949609
0.967652
0.956388
0.97873
0.973481
0.975352
0.97615
0.941797
0.962537
0.950093
0.910034
0.917238
0.953177
0.951933
0.905628
0.93868
0.935008
0.937073
0.967016
0.958497
0.90776
0.922482
0.952257
0.952187
0.927414
0.911482
0.935798
0.941096
0.935
0.906011
0.940572
0.950965
0.952304
0.924143
0.951991
0.920994
0.927257
0.933778
0.899454
0.947108
0.946672
0.94138
0.914367
0.909237
0.90539
0.923988
0.955319
0.953815
0.965094
0.940513
0.928129
0.939522
0.937823
0.927311
0.9465
0.921513
0.912973
0.906144
0.906934
0.914032
0.933698
0.941384
0.925432
0.909997
0.926686
0.898825
0.932933
0.930313
0.917257
0.935962
0.910648
0.956221
0.921668
0.944452
0.948686
0.948668
0.949216
0.962787
0.90559
0.8976
0.925284
0.923967
0.914363
0.926449
0.938966
0.900266
0.91429
0.904865
0.932461
0.927472
0.940951
0.917093
0.941905
0.924176
0.888084
0.908951
0.831942
0.889947
0.938343
0.913591
0.913591
0.911816
0.896872
0.882477
0.879496
0.886151
0.879624
0.879223
0.915843
0.922173
0.915875
0.91723
0.951368
0.91361
0.923767
0.919468
0.902115
0.87168
0.916809
0.867229
0.928864
0.921372
0.890603
0.893619
0.894449
0.942922
0.90627
0.915676
0.922483
0.877144
0.904956
0.906889
0.949093
0.924351
0.904896
0.916305
0.909265
0.880774
0.867141
0.873577
0.914434
0.88926
0.892087
0.867308
0.894119
0.920456
0.878772
0.910158
0.897508
0.915357
0.916947
0.916939
0.872622
0.852076
0.871688
0.857586
0.850666
0.904595
0.854347
0.843665
0.883667
0.864114
0.888831
0.883146
0.890515
0.913249
0.924705
0.907423
0.958573
0.927371
0.901772
0.898413
0.921463
0.944381
0.943924
0.964172
0.916652
0.877839
0.900465
0.869845
0.891164
0.872655
0.870495
0.882223
0.902008
0.903849
0.906462
0.861515
0.880528
0.906699
0.886629
0.886035
0.896071
0.850401
0.873499
0.875417
0.85059
0.912619
0.914958
0.878491
0.877483
0.87382
0.880206
0.920574
0.862
0.918053
0.932538
0.887515
0.877934
0.859495
0.899237
0.873294
0.889249
0.861781
0.878548
0.897707
0.882972
0.906597
0.890545
0.892669
0.885236
0.881345
0.895912
0.90906
0.909814
0.897522
0.911296
0.90307
0.888026
0.855174
0.868718
0.885095
0.910184
0.881946
0.881655
0.900924
0.885638
0.907741
0.91068
0.898288
0.891615
0.907668
0.886853
0.900922
0.848443
0.902175
0.903326
0.90703
0.895573
0.868792
0.881502
0.887392
0.896001
0.888828
0.865801
0.878217
0.915512
0.891016
0.892091
0.842577
0.882027
0.862523
0.864464
0.909376
0.90653
0.877068
0.871028
0.893664
0.881244
0.871811
0.871231
0.892347
0.879633
0.869607
0.868683
0.877055
0.873846
0.869607
0.803933
0.844794
0.876122
0.85089
0.845115
0.813436
0.864856
0.850752
