-0.0150526
-0.0180417
-0.019935
-0.0187943
-0.0190771
-0.0189626
-0.017007
-0.0161953
-0.0179394
-0.0159804
-0.0134428
-0.0161462
-0.0182045
-0.0160404
-0.0170697
-0.0141424
-0.0170097
-0.0164178
-0.0171782
-0.0173952
-0.0163092
-0.0152858
-0.015283
-0.0181051
-0.0169039
-0.018039
-0.0148545
-0.0154977
-0.0152858
-0.0164205
-0.0162576
-0.0172867
-0.0172324
-0.0143031
-0.0202115
-0.01506
-0.0181019
-0.0169554
-0.0162606
-0.0189146
-0.0148996
-0.0171269
-0.0180578
-0.0142025
-0.0141544
-0.0150686
-0.0170154
-0.0192309
-0.0172417
-0.0163041
-0.0169642
-0.0159832
-0.0151199
-0.0160322
-0.0158173
-0.0190771
-0.0147528
-0.0180477
-0.018096
-0.0179794
-0.0140394
-0.0172896
-0.0187489
-0.0152258
-0.017398
-0.0163041
-0.0179875
-0.0201545
-0.0192826
-0.0158202
-0.0162063
-0.0160375
-0.0167953
-0.0153373
-0.0152378
-0.0168933
-0.0179968
-0.0170184
-0.0177705
-0.0178734
-0.0197817
-0.0170125
-0.015075
-0.0189146
-0.0150142
-0.0158717
-0.0170125
-0.0129473
-0.0164178
-0.0161041
-0.0188638
-0.0187521
-0.0159892
-0.0160375
-0.0181019
-0.0188031
-0.018096
-0.0163635
-0.018039
-0.0160375
-0.0151118
-0.0172787
-0.0171782
-0.0159778
-0.0153402
-0.0180932
-0.0171753
-0.0160375
-0.013985
-0.0158838
-0.0171753
-0.0160348
-0.0159892
-0.0181502
-0.0168557
-0.0119267
-0.0150142
-0.0180477
-0.0169582
-0.0180509
-0.0147938
-0.0191225
-0.016741
-0.0171239
-0.0140336
-0.017831
-0.0178219
-0.0160435
-0.0178343
-0.0178852
-0.0157658
-0.0179394
-0.0158775
-0.0171301
-0.0161435
-0.0188513
-0.0122479
-0.0189056
-0.0198933
-0.0189656
-0.0172296
-0.016744
-0.0151292
-0.0170697
-0.0140425
-0.0169069
-0.0188513
-0.018256
-0.0167953
-0.0161906
-0.0189056
-0.0198868
-0.0122564
-0.0149088
-0.0191252
-0.0180989
-0.0139764
-0.0172867
-0.0170792
-0.0172296
-0.015292
-0.0170614
-0.0160404
-0.0171333
-0.0169527
-0.0171301
-0.0191988
-0.0141942
-0.0172244
-0.0161435
-0.017879
-0.0134402
-0.0170184
-0.0160977
-0.0141968
-0.0182073
-0.0161551
-0.0151144
-0.0158775
-0.0161584
-0.0191225
-0.0149569
-0.0182615
-0.0160865
-0.0172839
-0.0140969
-0.0180036
-0.0153463
-0.0159414
-0.0181531
-0.0189146
-0.0173355
-0.0142025
-0.0172296
-0.0182103
-0.0192395
-0.0189028
-0.0141001
-0.0171239
-0.0147852
-0.0160977
-0.016859
-0.0189002
-0.0171753
-0.0190682
-0.0140828
-0.0151199
-0.0185801
-0.0152706
-0.016693
-0.01691
-0.0199892
-0.0177259
-0.0156514
-0.0200462
-0.0160977
-0.0181992
-0.0181992
-0.0170154
-0.0176109
-0.0176109
-0.0183759
-0.0183759
-0.018096
-0.0159892
-0.0169642
-0.01989
-0.0187521
-0.0179968
-0.0188031
-0.0134456
-0.0171301
-0.0163148
-0.0153373
-0.0166837
-0.0139247
-0.0158146
-0.0200049
-0.0187429
-0.0140908
-0.019074
-0.0169611
-0.0157658
-0.0176717
-0.0200555
-0.0160891
-0.0189179
-0.0172812
-0.0161462
-0.0158263
-0.0158296
-0.0162522
-0.0180417
-0.0160499
-0.018096
-0.0160404
-0.018039
-0.0179847
-0.0168496
-0.0168048
-0.0179333
-0.019074
-0.0158296
-0.0149599
-0.0151743
-0.0138732
-0.0178734
-0.0168526
-0.0131191
-0.0170759
-0.017025
-0.0160466
-0.014954
-0.0160375
-0.0159832
-0.0196161
-0.0158838
-0.0159832
-0.0199474
-0.0170759
-0.017982
-0.0172324
-0.0160375
-0.0180447
-0.0179277
-0.0159832
-0.0152802
-0.0158263
-0.0161551
-0.0167381
-0.0149088
-0.017662
-0.0177801
-0.0199409
-0.0180477
-0.0187429
-0.0178377
-0.015772
-0.0180447
-0.015283
-0.0197817
-0.0167983
-0.0159209
-0.0149025
-0.018698
-0.0162005
-0.0169554
-0.016741
-0.0160977
-0.0186858
-0.0157658
-0.0140908
-0.0166421
-0.0163674
-0.0160919
-0.0185355
-0.0157689
-0.016859
-0.0145763
-0.0168983
-0.0166867
-0.0148578
-0.0164091
-0.0189084
-0.0148996
-0.016741
-0.0166837
-0.0175057
-0.0198359
-0.0140425
-0.015075
-0.0185897
-0.0139915
-0.0156634
-0.0178377
-0.0168015
-0.0147426
-0.0176752
-0.0180509
-0.0169708
-0.0159449
-0.0167924
-0.0195761
-0.0177705
-0.0169166
-0.0155582
-0.0168015
-0.0180001
-0.0177768
-0.0158838
-0.0156602
-0.0133902
-0.0175092
-0.0159957
-0.0176651
-0.0137131
-0.0198359
-0.0156234
-0.0175566
-0.0175535
-0.012959
-0.0158232
-0.0148002
-0.0148512
-0.0149569
-0.0159832
-0.016693
-0.0138828
-0.0159957
-0.0176077
-0.0168526
-0.0150174
-0.0168557
-0.016693
-0.016152
-0.0137708
-0.0158838
-0.018698
-0.0178761
-0.0188063
-0.0171301
-0.0188063
-0.0177621
-0.0165781
-0.0159349
-0.0188063
-0.0138795
-0.0179394
-0.0195587
-0.0188131
-0.0186508
-0.0164217
-0.0157753
-0.0177768
-0.0148578
-0.0157115
-0.0175634
-0.017845
-0.017455
-0.0168155
-0.0137675
-0.0177736
-0.0216183
-0.0198266
-0.0170184
-0.0178852
-0.0142631
-0.0157177
-0.0168082
-0.0119298
-0.0167506
-0.0148512
-0.0167953
-0.017831
-0.0158806
-0.0198392
-0.0161435
-0.0158365
-0.016693
-0.0176651
-0.0197212
-0.0166998
-0.0187014
-0.017882
-0.0206458
-0.0150656
-0.0180417
-0.0146339
-0.018759
-0.0199474
-0.0180477
-0.0185542
-0.0158806
-0.0159289
-0.0176717
-0.0187555
-0.0147969
-0.0178343
-0.0178852
-0.0167472
-0.0141512
-0.0197923
-0.0159832
-0.0156542
-0.0178919
-0.0140336
-0.0149088
-0.0157145
-0.0186583
-0.0158263
-0.0197785
-0.0198359
-0.0166387
-0.0150142
-0.0159414
-0.0181626
-0.0177768
-0.017831
-0.0166898
-0.0147459
-0.0175535
-0.0118722
-0.014954
-0.0177836
-0.0141348
-0.0149512
-0.0168496
-0.0131036
-0.0128285
-0.0166757
-0.0158717
-0.0132127
-0.0124114
-0.0128307
-0.0157115
-0.0160919
-0.0171132
-0.0197669
-0.0170021
-0.0127866
-0.0149485
-0.0160297
-0.0162995
-0.0183103
-0.017064
-0.0140235
-0.0160297
-0.0169527
-0.0171183
-0.0150505
-0.0147969
-0.0129967
-0.0188486
-0.0150083
-0.0166837
-0.0123544
-0.0159185
-0.0159185
-0.0138732
-0.014946
-0.0168015
-0.0157551
-0.0180932
-0.0180932
-0.018678
-0.0138078
-0.0186947
-0.0138703
-0.0148397
-0.0160404
-0.0160322
-0.0168958
-0.0139145
-0.0209133
-0.0138159
-0.0160375
-0.0147394
-0.0159234
-0.0149569
-0.0168496
-0.0187458
-0.0120872
-0.0176509
-0.0177133
-0.0157115
-0.01506
-0.0129967
-0.0150083
-0.0179905
-0.01651
-0.017007
-0.0167953
-0.0175566
-0.0155917
-0.0167983
-0.0155484
-0.0168526
-0.0174449
-0.0167353
-0.0160322
-0.015772
-0.0148397
-0.0187458
-0.0205255
-0.0166239
-0.0157086
-0.0135897
-0.0159261
-0.0176047
-0.0136918
-0.0156059
-0.0156514
-0.0156514
-0.0173939
-0.0165207
-0.0185202
-0.0192732
-0.0196042
-0.0181461
-0.0206288
-0.0163467
-0.0193329
-0.0193275
-0.0204117
-0.0174389
-0.021119
-0.0176077
-0.0172789
-0.0195015
-0.0205855
-0.0187971
-0.01874
-0.019607
-0.0148941
-0.0181461
-0.019488
-0.0165125
-0.0184606
-0.0185801
-0.0175965
-0.0177676
-0.0171071
-0.0183573
-0.0195499
-0.019493
-0.0177105
-0.018523
-0.0245341
-0.0187374
-0.0194473
-0.0194473
-0.0204713
-0.0178073
-0.0175504
-0.0224228
-0.0166733
-0.0177078
-0.0167924
-0.0191129
-0.0204117
-0.0213387
-0.021326
-0.0193818
-0.0171703
-0.0156487
-0.0146219
-0.0148424
-0.0143588
-0.0157115
-0.0164183
-0.0141892
-0.019393
-0.0115454
-0.0124082
-0.0125385
-0.0144132
-0.0166324
-0.0152289
-0.0125782
-0.0134923
-0.015399
-0.0146986
-0.012092
-0.0132888
-0.0176109
-0.0166028
-0.0114909
-0.015616
-0.018539
-0.0163709
-0.0174449
-0.0156091
-0.0155005
-0.0175706
-0.0166387
-0.0154496
-0.0125748
-0.0173541
-0.0137742
-0.0155075
-0.0122448
-0.0154941
-0.0155617
-0.01459
-0.0156234
-0.0164288
-0.0156542
-0.0143656
-0.0145358
-0.0165879
-0.0166028
-0.016246
-0.0165751
-0.0187241
-0.0177648
-0.0234967
-0.0185648
-0.0186134
-0.0188388
-0.0215454
-0.0176462
-0.0186192
-0.0195924
-0.020459
-0.0157485
-0.018678
-0.0158596
-0.015694
-0.0185126
-0.0206807
-0.0207871
-0.0201873
-0.022356
-0.0174262
-0.0226883
-0.0215432
-0.0176984
-0.0206313
-0.0197555
-0.0169378
-0.0178036
-0.0179162
-0.0176984
-0.0174285
-0.0197077
-0.0208435
-0.0197032
-0.017642
-0.019488
-0.0175351
-0.0155348
-0.0217104
-0.0198683
-0.018456
-0.0158617
-0.0206242
-0.0155283
-0.0168324
-0.0147234
-0.0186214
-0.0168389
-0.0205745
-0.0197053
-0.0166711
-0.0175856
-0.0184538
-0.0166669
-0.0174853
-0.0203483
-0.0224082
-0.0194904
-0.0174829
-0.0175373
-0.0187324
-0.018456
-0.0188388
-0.0158575
-0.0168287
-0.0196467
-0.0165014
-0.0175965
-0.017858
-0.0166669
-0.0204092
-0.0194314
-0.0156374
-0.017644
-0.0176535
-0.0159185
-0.0167822
-0.0167179
-0.0209049
-0.0174285
-0.0155303
-0.017866
-0.0187845
-0.0176383
-0.0188911
-0.0195904
-0.0186192
-0.0176984
-0.0177529
-0.0175397
-0.0163442
-0.0184089
-0.019643
-0.0188434
-0.0194857
-0.0225167
-0.0160756
-0.0177053
-0.0178073
-0.0177596
-0.015803
-0.0163398
-0.015864
-0.0149356
-0.019651
-0.0205721
-0.0195401
-0.0178116
-0.0184038
-0.0186696
-0.0186757
-0.0186192
-0.0172628
-0.0186757
-0.0195447
-0.0186152
-0.0177053
-0.019599
-0.0178116
-0.0184538
-0.0197011
-0.0158146
-0.0127265
-0.00898777
-0.00595815
-0.0029314
0.000468861
0.00257596
0.000682604
-6.04151e-06
0.00457215
0.0085129
0.00491296
0.00657957
0.0102484
0.0104093
0.0104648
0.0133764
0.0142432
0.0137169
0.014464
0.0152147
0.0151483
0.0173232
0.018065
0.0151032
0.0163586
0.015159
0.0173232
0.0173285
0.0162401
0.0161879
0.0141875
0.0201269
0.01921
0.0173232
0.0171517
0.0173211
0.0201252
0.0182387
0.017274
0.0206288
0.0191541
0.0209858
0.0192118
0.0182387
0.0183523
0.0182964
0.0145775
0.0172181
0.0179641
0.0157237
0.0164588
0.0156646
0.0176023
0.0174368
0.021157
0.0182423
0.0195455
0.0224594
0.0293074
0.0343261
0.0362289
0.0400198
0.0405824
0.0387646
0.0467337
0.0521322
0.0438613
0.0508307
0.0528495
0.0586152
0.058491
0.0604429
0.059888
0.0617752
0.0619075
0.0647704
0.0584583
0.0580424
0.0580424
0.0576125
0.0609781
0.0619207
0.0600224
0.0573999
0.0575442
0.0619467
0.0611824
0.0614338
0.0634096
0.0546327
0.0603965
0.0592194
0.0601458
0.0593807
0.0603542
0.0610037
0.0602436
0.0600477
0.0591217
0.0600601
0.0600777
0.0650561
0.0622619
0.0602076
0.0613305
0.0621758
0.0613231
0.060398
0.0624964
0.0585903
0.0547684
0.058658
0.0604971
0.0606437
0.0606437
0.0584486
0.0596147
0.0566519
0.060398
0.0623232
0.0623697
0.0615568
0.0566453
0.057535
0.060485
0.0625335
0.0559461
0.0576578
0.0603861
0.0596392
0.0596147
0.0596077
0.0587378
0.0569409
0.0557434
0.0592629
0.0614221
0.0567242
0.0576493
0.0576212
0.0605209
0.0597187
0.0594293
0.0606201
0.0614658
0.0601759
0.0555293
0.0607867
0.0606553
0.0585714
0.0604971
0.0597305
0.0606225
0.0593645
0.0577686
0.0601103
0.0587177
0.0565694
0.0538282
0.061791
0.0614796
0.059631
0.0567697
0.0585739
0.0557113
0.0578915
0.0595982
0.0605441
0.0559213
0.0548966
0.0576607
0.0587074
0.0565808
0.0577386
0.056703
0.0577603
0.0586067
0.0606336
0.0586622
0.0588518
0.0559559
0.0569363
0.0596313
0.0588743
0.0604109
0.0576147
0.0575486
0.0587519
0.0556773
0.0575828
0.0585275
0.0557885
0.0596632
0.0558673
0.0576164
0.0545974
0.0574607
0.0576384
0.0596313
0.0550073
0.0605111
0.0588297
0.059562
0.0539722
0.0566912
0.0556452
0.0593421
0.0597852
0.055799
0.050898
0.0567916
0.0585275
0.058568
0.0568235
0.0518905
0.0575379
0.058774
0.0562669
0.0547789
0.0606211
0.0585171
0.0555312
0.0555312
0.0577012
0.0572807
0.0586627
0.0584365
0.056641
0.0550418
0.0587255
0.0586493
0.0557083
0.0556112
0.0556112
0.054719
0.0540938
0.0576554
0.055636
0.0567525
0.0538715
0.056032
0.0599071
0.0568541
0.054033
0.0537545
0.0576704
0.0596838
0.0560068
0.0557379
0.0575796
0.0546839
0.055636
0.0538562
0.0519183
0.0539312
0.0565852
0.053892
0.0517872
0.0536892
0.0602622
0.0577498
0.0536432
0.0568739
0.0565486
0.0570681
0.0558033
0.0555802
0.0567907
0.059648
0.0550115
0.0539964
0.0559055
0.0562131
0.0529066
0.0575534
0.0537734
0.0540887
0.0531654
0.0579734
0.0559149
0.0560262
0.0518528
0.0550768
0.0541637
0.0570595
0.0558222
0.0568931
0.0519377
0.0559432
0.052749
0.0511174
0.0549094
0.0531389
0.0551045
0.05612
0.0531389
0.0542289
0.0564461
0.0550862
0.0549369
0.0560822
0.0521979
0.0591192
0.0551045
0.0512195
0.0558584
0.0554958
0.0532135
0.0535944
0.0525416
0.0580947
0.0542941
0.0513493
0.0535935
0.0533434
0.0554668
0.0551604
0.0522159
0.0551604
0.0530173
0.0518898
0.0551694
0.0515147
0.0512845
0.0543301
0.0525416
0.0513672
0.0532406
0.0545449
0.0523922
0.0533434
0.0542382
0.0523922
0.0533952
0.0494663
0.0523621
0.0505741
0.0527449
0.0525126
0.0554926
0.0554926
0.0526802
0.050398
0.050398
0.0522805
0.0514141
0.0545066
0.0536875
0.0504914
0.0524345
0.0534171
0.0523462
0.056237
0.0513372
0.0533225
0.0552205
0.0526331
0.0523062
0.0502565
0.0523306
0.0512419
0.0525685
0.0551804
0.0484297
0.0493199
0.05426
0.0503681
0.0531463
0.0534429
0.0534034
0.0504882
0.0516333
0.0523226
0.0512577
0.0514177
0.0514573
0.0524905
0.0522746
0.050281
0.0495434
0.0542437
0.0523385
0.0485661
0.0537714
0.0541712
0.0523385
0.0494954
0.0516495
0.0496072
0.051385
0.0506323
0.0498388
0.0506961
0.0513137
0.0485491
0.0485263
0.0525704
0.0494395
0.0484704
0.0485661
0.0507922
0.0487017
0.0487417
0.0514177
0.0504162
0.0476206
0.0504722
0.0512654
0.0554354
0.0509278
0.0516014
0.0497346
0.0446308
0.0507443
0.0522491
0.0524808
0.0457046
0.0498541
0.0485005
0.0506626
0.0477551
0.0457604
0.0486051
0.0515681
0.0525369
0.0516242
0.0475873
0.0506137
0.0488363
0.0486197
0.0515826
0.0542003
0.0503263
0.0497008
0.0479154
0.0478816
0.0488923
0.0507187
0.0505016
0.0505505
0.0515265
0.0487388
0.0455653
0.0485777
0.0503333
0.0489069
0.0506345
0.0448197
0.0467515
0.0477767
0.0460688
0.0497149
0.0475386
0.0497218
0.0469332
0.0497079
0.0494905
0.0477904
0.0489069
0.0457891
0.0479222
0.046996
0.04956
0.04956
0.0495466
0.0456906
0.0447638
0.0426708
0.0465411
0.0465971
0.0477474
0.0468344
0.0484096
0.0447405
0.0447405
0.0474407
0.0449583
0.0475292
0.0518041
0.0446845
0.045684
0.047491
0.045828
0.0505416
0.0457658
0.046953
0.0477661
0.0490599
0.0460253
0.0437774
0.0455534
0.0475166
0.0467286
0.0468704
0.0438704
0.0477158
0.0459522
0.0466787
0.0421613
0.0467971
0.0456597
0.0498102
0.0468532
0.0508353
0.0420001
0.0439392
0.0448588
0.0439633
0.0458779
0.045934
0.0467584
0.0440942
0.0437153
0.0457531
0.0459579
0.0449647
0.0451513
0.0428315
0.0459522
0.0428258
0.0439455
0.0480142
0.0478341
0.0468532
0.0459129
0.0457837
0.0447081
0.0440755
0.0469833
0.0451453
0.045795
0.0439129
0.0419798
0.0437951
0.0465442
0.0457494
0.0477997
0.0409037
0.0447752
0.0437951
0.0440517
0.0420413
0.0439853
0.044913
0.0448876
0.0447805
0.0470278
0.0407917
0.0438167
0.044719
0.0441642
0.0457596
0.045862
0.0428576
0.0398938
0.045246
0.0422601
0.0460461
0.0441177
0.0393673
0.0399848
0.0448982
0.0440415
0.0420467
0.0449033
0.0487684
0.0460411
0.0411154
0.0430922
0.0439954
0.0469587
0.0440566
0.0436672
0.0416733
0.0410364
0.0392801
0.0418464
0.0417295
0.0410926
0.0422964
0.0429324
0.0448613
0.0442866
0.0400249
0.0411437
0.0428109
0.0391767
0.0421366
0.043353
0.0402542
0.0401373
0.0412753
0.0413172
0.0393408
0.0393267
0.0401373
0.0432094
0.0428062
0.0421885
0.0431705
0.0439577
0.0419719
0.0390725
0.0403573
0.0374013
0.0402065
0.0405398
0.0411583
0.0386564
0.0423099
0.039185
0.0421929
0.0419634
0.0391678
0.0402023
0.0422054
0.0410672
0.0371725
0.0418108
0.0402542
0.040661
0.0411583
0.0433438
0.0401461
0.0380344
0.0404437
0.0403232
0.0420927
0.0434003
0.0374263
0.0422093
0.0402747
0.041931
0.0394742
0.0414011
0.0383996
0.0373806
0.0385007
0.039185
0.0361119
0.0363404
0.0401093
0.0370173
0.039933
0.0384594
0.0422801
0.0372049
0.0402256
0.0352097
0.0390969
0.0373021
0.0361195
0.0400529
0.0363581
0.036123
0.0399402
0.0389711
0.0381214
0.0372647
0.0400564
0.0380508
0.0401161
0.0381708
0.0372049
0.0375529
0.0372014
0.0364639
0.0374225
0.0365728
0.0370396
0.0362455
0.0381145
0.0373243
0.0372712
0.0389215
0.0381214
0.0362985
0.0364144
0.0370396
0.0353852
0.0353916
0.035513
0.0361329
0.0365865
0.0364205
0.0372014
0.0364144
0.0351256
0.0353412
0.0360766
0.0370958
0.0343154
0.0351185
0.0355102
0.0349495
0.0344716
0.0344813
0.0360796
0.0372772
0.0363159
0.0363581
0.0360233
0.0331771
0.0370593
0.0352286
0.032384
0.0371108
0.0354593
0.0322016
0.0352849
0.0353975
0.0324854
0.0343095
0.0380207
0.0364261
0.034487
0.03728
0.0324351
0.034377
0.0322046
0.0363159
0.0326628
0.0306607
0.0360878
0.0353975
0.0275848
0.0333485
0.0325946
0.0332867
0.0334167
0.0325576
0.0343207
0.0313064
0.0334611
0.030318
0.0352362
0.0350083
0.0320464
0.0302759
0.0307227
0.0373416
0.0324403
0.0354618
0.0283336
0.0315855
0.0334637
0.0313627
0.0272629
0.0313627
0.0330721
0.0285579
0.0303295
0.0313085
0.0314167
0.033193
0.0303951
0.0303951
0.0300556
0.0313627
0.0311894
0.0287901
0.0303971
0.030399
0.0311978
0.0295355
0.028224
0.0287315
0.0321673
0.0314143
0.0285678
0.0294274
0.02863
0.0295917
0.0302826
0.0274895
0.0285738
0.02766
0.0282869
0.0284032
0.0282307
0.0286844
0.0254843
0.0285631
0.0303321
0.0262327
0.0285137
0.0302805
0.0305117
0.0265153
0.0256614
0.0285699
0.0276086
0.0267347
0.0313687
0.0257736
0.0294293
0.0294274
0.030566
0.0304039
0.0245283
0.0265849
0.0243548
0.0243548
0.0245844
0.0245844
0.0256593
0.025495
0.0304024
0.0273227
0.0274398
0.0285175
0.0257195
0.0269726
0.0273847
0.0273244
0.0264072
0.0290371
0.0245809
0.0258202
0.0265246
0.0243599
0.0255574
0.0257824
0.024751
0.0256091
0.0274368
0.0266336
0.0257809
0.0255024
0.0275523
0.0226919
0.0246421
0.0265775
0.0237245
0.0226941
0.02253
0.0283519
0.0276634
0.0246931
0.0233352
0.0235048
0.0276071
0.0227603
0.0257775
0.0235072
0.0188688
0.022537
0.0228641
0.0247544
0.0188169
0.0204804
0.0264052
0.0216732
0.023558
0.0204843
0.022759
0.0197859
0.0206989
0.0210343
0.0235019
0.0228165
0.0235596
0.0253861
0.0209313
0.0256123
0.0208705
0.022537
0.0225907
0.0238978
0.0225346
0.0257247
0.0274351
0.0287232
0.0398045
0.0365809
0.0427435
0.0597814
0.0611166
0.0633228
0.0630771
0.0703777
0.0709297
0.0671142
0.077106
0.0771572
0.0711037
0.0746641
0.0756235
0.0815494
0.0770703
0.0749121
0.0777109
0.0820027
0.0802129
0.0776977
0.0793902
0.0848236
0.079308
0.081111
0.0803966
0.0814851
0.0850073
0.0866116
0.0828304
0.0829835
0.0850777
0.0885955
0.0826491
0.086879
0.0881073
0.0847852
0.0848269
0.0854279
0.0874368
0.0877855
0.0904929
0.0876326
0.0905753
0.0865
0.0882326
0.0854256
0.088341
0.0900734
0.087352
0.0900734
0.089181
0.0901849
0.0896952
0.104472
0.0999811
0.157307
0.222919
0.265198
0.307768
0.338339
0.388106
0.403795
0.415249
0.402976
0.405722
0.416112
0.411321
0.416949
0.423463
0.418098
0.415834
0.416967
0.425274
0.43181
0.42442
0.418711
0.424073
0.435662
0.436295
0.425423
0.423313
0.427076
0.434927
0.437901
0.431545
0.433664
0.435822
0.437555
0.435198
0.434938
0.440688
0.441397
0.440066
0.440668
0.44049
0.443215
0.444982
0.445339
0.443092
0.445131
0.44569
0.4437
0.44493
0.447706
0.444728
0.445306
0.444271
0.444702
0.450354
0.450556
0.451234
0.451139
0.447732
0.453558
0.454717
0.452724
0.450757
0.459224
0.466946
0.479886
0.490441
0.506913
0.52439
0.544053
0.561707
0.577527
0.587618
0.585828
0.576651
0.581891
0.582758
0.578214
0.5785
0.577759
0.57862
0.580297
0.579347
0.576854
0.5751
0.574517
0.576119
0.577842
0.577671
0.574606
0.575587
0.574178
0.577012
0.576973
0.571599
0.572342
0.573159
0.574268
0.574966
0.574815
0.57558
0.574447
0.573984
0.573286
0.572096
0.575954
0.576119
0.576119
0.573533
0.574681
0.579925
0.576494
0.574756
0.577386
0.576291
0.576082
0.574568
0.571562
0.573242
0.575182
0.57513
0.576082
0.575783
0.573047
0.577234
0.573413
0.571944
0.575167
0.571569
0.576607
0.573959
0.574124
0.571569
0.575835
0.575414
0.574073
0.577071
0.577602
0.575264
0.574124
0.577488
0.574832
0.574782
0.573135
0.573915
0.575309
0.572032
0.574447
0.575835
0.576425
0.574941
0.571988
0.574821
0.574168
0.576759
0.575041
0.57465
0.576627
0.576472
0.575572
0.575688
0.576959
0.575441
0.576266
0.576341
0.577334
0.576016
0.573426
0.575489
0.573015
0.575721
0.573723
0.576433
0.571994
0.572164
0.572575
0.573805
0.571955
0.57487
0.571955
0.575041
0.571834
0.573273
0.579061
0.581229
0.582827
0.580542
0.577742
0.566695
0.563375
0.57012
0.58504
0.581963
0.567116
0.563419
0.57775
0.577342
0.571423
0.565968
0.573443
0.577058
0.568686
0.565192
0.565642
0.572917
0.57517
0.570371
0.570328
0.575945
0.57575
0.57226
0.573448
0.575824
0.57464
0.567326
0.569017
0.574518
0.573864
0.573987
0.57464
0.572384
0.568439
0.570579
0.573161
0.571276
0.568523
0.566635
0.56935
0.574349
0.564953
0.565609
0.578577
0.57497
0.576815
0.577427
0.57115
0.570292
0.572098
0.572467
0.568646
0.569802
0.57505
0.571896
0.570621
0.56898
0.572141
0.575342
0.576614
0.577104
0.574643
0.566069
0.570257
0.569023
0.570009
0.565737
0.569927
0.575053
0.568488
0.561426
0.567915
0.575656
0.570335
0.569516
0.573084
0.570791
0.570791
0.566275
0.573538
0.574361
0.57628
0.57628
0.575541
0.567957
0.572513
0.575014
0.570377
0.561635
0.5719
0.575389
0.568248
0.566398
0.570543
0.570543
0.575223
0.571364
0.571364
0.572389
0.570875
0.568986
0.568329
0.565048
0.564924
0.567263
0.568042
0.568538
0.574238
0.572025
0.570594
0.571244
0.579527
0.572472
0.565787
0.564799
0.562048
0.56135
0.563323
0.568539
0.570834
0.568696
0.569807
0.568986
0.574556
0.576945
0.571778
0.565787
0.567179
0.56529
0.559583
0.55802
0.566028
0.568114
0.559009
0.560282
0.571487
0.572748
0.573251
0.564593
0.562171
0.563937
0.569318
0.570055
0.571693
0.569596
0.567385
0.566399
0.565496
0.569804
0.568247
0.5689
0.567261
0.568945
0.567343
0.564144
0.570291
0.571403
0.572346
0.565902
0.563117
0.563929
0.562784
0.563604
0.562951
0.562827
0.566648
0.569636
0.567382
0.564019
0.566841
0.562576
0.563896
0.564061
0.563644
0.563644
0.564951
0.561265
0.566147
0.566354
0.565698
0.564338
0.564549
0.567913
0.564338
0.567094
0.565617
0.566437
0.564466
0.564878
0.561469
0.562414
0.563234
0.564922
0.56278
0.562458
0.564753
0.562083
0.566062
0.57458
0.572212
0.567047
0.565824
0.562905
0.567376
0.575995
0.568893
0.559613
0.559417
0.565985
0.561384
0.560429
0.559444
0.557975
0.557482
0.560032
0.556574
0.558753
0.562582
0.557721
0.557721
0.564305
0.566028
0.559041
0.554687
0.562172
0.559695
0.556617
0.556451
0.564618
0.566357
0.560511
0.55958
0.556456
0.558872
0.562486
0.559166
0.560401
0.559901
0.559901
0.553736
0.552295
0.559366
0.564127
0.563146
0.557351
0.550238
0.5576
0.556078
0.554305
0.559861
0.549825
0.557107
0.558582
0.557682
0.546406
0.541874
0.54389
0.553314
0.553192
0.556776
0.560441
0.56442
0.557387
0.547889
0.554962
0.560142
0.562041
0.554555
0.553192
0.557841
0.555861
0.555333
0.558124
0.553837
0.553109
0.552493
0.551455
0.551829
0.554919
0.556772
0.553644
0.55508
0.553522
0.551503
0.550356
0.549774
0.549451
0.554508
0.551751
0.55472
0.554264
0.550226
0.551091
0.55179
0.551425
0.548167
0.546477
0.549105
0.548536
0.547507
0.548046
0.553299
0.552902
0.547255
0.544748
0.548658
0.55729
0.548527
0.534978
0.543186
0.551256
0.552728
0.545248
0.540503
0.542606
0.552038
0.555319
0.547988
0.541042
0.546379
0.548197
0.558818
0.549805
0.530971
0.544285
0.554996
0.54856
0.542969
0.53885
0.536285
0.546475
0.557002
0.545894
0.538767
0.547166
0.547136
0.54959
0.551408
0.547544
0.537937
0.541238
0.546471
0.539299
0.536277
0.542389
0.536489
0.532822
0.545722
0.548609
0.548065
0.545562
0.545853
0.543043
0.543961
0.545649
0.546835
0.544153
0.544609
0.540739
0.535618
0.541727
0.546797
0.545848
0.541683
0.546265
0.54651
0.536774
0.530994
0.534591
0.533767
0.533767
0.543498
0.542346
0.540982
0.546956
0.547953
0.540899
0.541111
0.54474
0.541271
0.533589
0.537679
0.540895
0.533012
0.531981
0.539089
0.540692
0.540033
0.536639
0.533258
0.541679
0.541189
0.534919
0.533507
0.537558
0.53764
0.537761
0.530659
0.532558
0.538581
0.541887
0.536519
0.5283
0.539534
0.54098
0.533714
0.533831
0.539039
0.526142
0.524156
0.538424
0.539156
0.528537
0.533426
0.536519
0.535233
0.531059
0.537101
0.529951
0.535534
0.534289
0.532799
0.529946
0.529869
0.531763
0.535069
0.532636
0.526567
0.533662
0.538827
0.532803
0.52478
0.528047
0.532422
0.530191
0.529534
0.536716
0.537718
0.533831
0.526925
0.524524
0.528084
0.533458
0.526142
0.527336
0.534983
0.528623
0.521545
0.527626
0.536601
0.538124
0.528953
0.524722
0.523651
0.517653
0.520958
0.525843
0.530561
0.52609
0.530437
0.529066
0.527453
0.526549
0.530764
0.535229
0.52691
0.516195
0.521998
0.523069
0.517065
0.52497
0.523222
0.512833
0.520863
0.529847
0.528322
0.528613
0.527496
0.520294
0.513156
0.518052
0.528815
0.518223
0.509471
0.518094
0.521736
0.531955
0.533365
0.517707
0.516597
0.525829
0.527276
0.518295
0.518658
0.519275
0.511224
0.513515
0.519776
0.512517
0.513604
0.520926
0.519899
0.521558
0.522635
0.518918
0.514595
0.519655
0.525992
0.517911
0.511769
0.513171
0.514208
0.506746
0.512385
0.518523
0.524654
0.521175
0.516151
0.524031
0.523707
0.518155
0.511835
0.516742
0.512422
0.508023
0.508304
0.513053
0.512424
0.511875
0.515603
0.518343
0.516111
0.508143
0.512668
0.523
0.515606
0.503467
0.509258
0.516393
0.51303
0.504976
0.510737
0.520125
0.511956
0.504344
0.505538
0.510858
0.509233
0.508238
0.50891
0.51169
0.509273
0.509984
0.506573
0.502959
0.503592
0.510186
0.510655
0.508009
0.501291
0.5084
0.508963
0.503953
0.503801
0.507055
0.510977
0.506734
0.496725
0.499627
0.503325
0.509353
0.506662
0.505348
0.50368
0.507366
0.506422
0.49569
0.496645
0.504514
0.508049
0.503721
0.499986
0.499347
0.501972
0.503127
0.50424
0.496964
0.499984
0.507777
0.50237
0.495532
0.496207
0.499268
0.504915
0.503444
0.492901
0.492945
0.503684
0.504995
0.491948
0.488879
0.502293
0.50213
0.489198
0.489949
0.49935
0.496922
0.497006
0.499744
0.498629
0.501255
0.500587
0.502811
0.496726
0.49274
0.492819
0.485278
0.486045
0.496169
0.501296
0.49031
0.492778
0.498235
0.497435
0.493054
0.490386
0.490465
0.499228
0.492937
0.490831
0.491339
0.480172
0.480404
0.495683
0.500024
0.493934
0.483842
0.487971
0.492257
0.487198
0.490143
0.490143
0.49421
0.494641
0.489107
0.490214
0.490895
0.473848
0.473422
0.488467
0.488733
0.480719
0.482475
0.48347
0.484469
0.487744
0.493299
0.492285
0.487535
0.488584
0.491613
0.481185
0.474487
0.475989
0.480458
0.480913
0.479506
0.477758
0.480542
0.484179
0.487009
0.477977
0.477669
0.487687
0.487477
0.476773
0.471178
0.480432
0.482796
0.477532
0.470795
0.475958
0.482202
0.47714
0.477604
0.476688
0.476759
0.474744
0.474921
0.476192
0.476603
0.472599
0.473785
0.476838
0.474197
0.471548
0.466762
0.471256
0.474623
0.477229
0.475504
0.471938
0.468084
0.473863
0.471507
0.467679
0.469666
0.474815
0.471489
0.468802
0.466883
0.468724
0.47382
0.471481
0.468569
0.470833
0.470721
0.465861
0.463369
0.465964
0.464165
0.462201
0.469044
0.472336
0.466995
0.458582
0.454184
0.466076
0.474551
0.473868
0.465999
0.457907
0.465494
0.462126
0.463329
0.453512
0.45199
0.483265
0.454825
0.46059
0.454007
0.453325
0.463077
0.464236
0.461608
0.43767
0.475218
0.454002
0.45614
0.457209
0.457486
0.463718
0.453858
0.460745
0.454634
0.466531
0.451358
0.44939
0.457034
0.463982
0.460665
0.452268
0.45776
0.452438
0.451629
0.447455
0.450412
0.453291
0.4542
0.444478
0.444695
0.452591
0.458286
0.45635
0.448392
0.444755
0.449818
0.452757
0.453553
0.441694
0.44358
0.442397
0.447402
0.447402
0.452198
0.447952
0.44922
0.44922
0.448518
0.446313
0.439796
0.43963
0.45597
0.455085
0.444159
0.442384
0.447111
0.434002
0.430836
0.445978
0.448808
0.440729
0.440252
0.440943
0.441952
0.447247
0.447247
0.443637
0.429796
0.436835
0.442566
0.43742
0.430702
0.427487
0.438855
0.444336
0.438975
0.434135
0.437273
0.443038
0.447645
0.437889
0.432435
0.433896
0.431983
0.432691
0.438056
0.431256
0.424451
0.423542
0.434425
0.436129
0.426544
0.427059
0.430042
0.435222
0.438827
0.427285
0.42601
0.428962
0.427492
0.42479
0.430136
0.426515
0.423963
0.42586
0.422247
0.423316
0.428458
0.430549
0.424187
0.429564
0.415427
0.422069
0.420575
0.427323
0.422975
0.412403
0.427135
0.427135
0.413702
0.409796
0.422826
0.414967
0.427122
0.417696
0.411787
0.417382
0.416755
0.417005
0.410221
0.413551
0.422114
0.41092
0.414031
0.415269
0.408336
0.410151
0.414078
0.431636
0.405454
0.400052
0.412015
0.407736
0.412709
0.410125
0.411271
0.400117
0.409053
0.412041
0.40764
0.398576
0.40218
0.410646
0.403578
0.40256
0.39842
0.405789
0.406489
0.412385
0.401861
0.394299
0.397409
0.403516
0.404855
0.391195
0.398763
0.388427
0.386582
0.399537
0.399807
0.394886
0.391437
0.39809
0.410037
0.406771
0.390952
0.381714
0.400443
0.401999
0.395495
0.392046
0.388668
0.387983
0.383651
0.383899
0.392411
0.395685
0.389196
0.382366
0.382366
0.387106
0.38976
0.38976
0.390046
0.385518
0.384157
0.384768
0.388442
0.38067
0.379055
0.380981
0.391332
0.383518
0.375498
0.381103
0.385231
0.38013
0.374984
0.374247
0.382142
0.381414
0.375886
0.37037
0.374023
0.378721
0.378721
0.374854
0.37313
0.375429
0.37746
0.36034
0.366702
0.375542
0.37585
0.366508
0.368785
0.374402
0.373089
0.373992
0.374187
0.368949
0.367404
0.36911
0.366409
0.365737
0.364781
0.362407
0.350974
0.354498
0.365137
0.364858
0.355457
0.355635
0.363079
0.369688
0.360375
0.362709
0.359403
0.354888
0.360593
0.364362
0.356802
0.358321
0.346042
0.359736
0.360736
0.349042
0.358939
0.352932
0.350623
0.342619
0.351109
0.34442
0.353056
0.349749
0.340835
0.355962
0.338014
0.352388
0.345291
0.347773
0.349435
0.343141
0.355168
0.333268
0.344818
0.333652
0.346727
0.340655
0.336627
0.337462
0.33067
0.344779
0.337462
0.343557
0.33394
0.339632
0.338806
0.336914
0.337802
0.332663
0.328474
0.32995
0.33583
0.33353
0.331193
0.337177
0.338953
0.339923
0.329012
0.320618
0.321144
0.320545
0.320216
0.32199
0.324664
0.323193
0.322255
0.321405
0.320709
0.315328
0.319016
0.319124
0.313587
0.312211
0.313289
0.318345
0.317895
0.31843
0.314575
0.311585
0.308255
0.310736
0.309719
0.31068
0.310159
0.309866
0.312209
0.309365
0.307486
0.307338
0.304084
0.30387
0.305864
0.305498
0.301766
0.303894
0.301911
0.303773
0.298269
0.303784
0.301059
0.300227
0.294055
0.292185
0.294093
0.29532
0.291761
0.295953
0.290544
0.284046
0.290137
0.307948
0.299184
0.286937
0.286937
0.286499
0.288618
0.288742
0.278841
0.275502
0.280829
0.292051
0.293133
0.288462
0.283673
0.287706
0.286018
0.278035
0.272595
0.273272
0.275188
0.276471
0.278299
0.278137
0.280104
0.281476
0.277888
0.272823
0.268195
0.271183
0.270709
0.266156
0.269842
0.267884
0.272758
0.270925
0.266494
0.268413
0.264906
0.263106
0.263859
0.261564
0.25784
0.264288
0.265548
0.262905
0.264881
0.259181
0.258701
0.254925
0.254259
0.255184
0.252464
0.25226
0.252541
0.258157
0.252601
0.255433
0.251912
0.248194
0.247379
0.247525
0.247396
0.244867
0.248528
0.248589
0.246654
0.245859
0.246377
0.244374
0.244446
0.242325
0.238171
0.238691
0.239436
0.238619
0.239168
0.237561
0.239753
0.237694
0.23501
0.232399
0.236214
0.232341
0.233982
0.232791
0.234596
0.231856
0.232114
0.229496
0.228488
0.225071
0.229617
0.226064
0.228001
0.222447
0.224387
0.22189
0.227573
0.222143
0.222209
0.222952
0.221275
0.219211
0.21771
0.21596
0.218712
0.220648
0.22109
0.213396
0.219151
0.214774
0.212708
0.21371
0.213959
0.211331
0.206695
0.214022
0.207697
0.207947
0.206881
0.208009
0.207443
0.205437
0.205437
0.201734
0.203681
0.203991
0.203804
0.204683
0.201665
0.202297
0.201663
0.202853
0.200848
0.197265
0.197265
0.199213
0.197264
0.196691
0.197141
0.196386
0.195751
0.19474
0.191407
0.195546
0.191282
0.188941
0.192404
0.194423
0.189764
0.18876
0.190459
0.186619
0.186929
0.186114
0.185101
0.18459
0.18352
0.185412
0.187792
0.185715
0.182888
0.181876
0.179288
0.179922
0.179718
0.179406
0.181176
0.179228
0.177819
0.177175
0.177821
0.174275
0.17687
0.175989
0.172327
0.173577
0.170977
0.173571
0.170731
0.167942
0.173947
0.168896
0.171172
0.170034
0.169456
0.169567
0.166545
0.166597
0.168624
0.164136
0.165011
0.166727
0.161225
0.163007
0.163121
0.160633
0.158796
0.159559
0.157963
0.159441
0.156953
0.157846
0.160509
0.155359
0.158096
0.155426
0.152209
0.155957
0.152696
0.152579
0.15275
0.15294
0.150904
0.151808
0.15098
0.149017
0.149134
0.145455
0.149434
0.146575
0.146342
0.144923
