-0.015835
-0.0184248
-0.0199063
-0.0147137
-0.0239923
-0.00941212
-0.0150733
-0.00893534
-0.0178103
-0.0166765
-0.0130047
-0.0142749
-0.0166633
-0.0144608
-0.0184115
-0.0135683
-0.0116868
-0.0107944
-0.0170361
-0.0167152
-0.0155816
-0.0107287
-0.0135139
-0.0145838
-0.0122741
-0.0184758
-0.0154329
-0.0109682
-0.0139278
-0.016529
-0.0165032
-0.0180099
-0.0194777
-0.0208889
-0.0207017
-0.0162624
-0.0178103
-0.00764065
-0.0181433
-0.0225419
-0.0155302
-0.0173033
-0.0203844
-0.0190491
-0.0168232
-0.0152345
-0.0159537
-0.0179431
-0.0148079
-0.0128072
-0.0195818
-0.0205714
-0.0127582
-0.0109799
-0.01477
-0.0177836
-0.0177836
-0.0137663
-0.0222109
-0.0149561
-0.0210617
-0.0172225
-0.0151706
-0.0189446
-0.0147827
-0.0126215
-0.0126215
-0.0148996
-0.015755
-0.0191576
-0.0164615
-0.017797
-0.0141136
-0.0153955
-0.0153955
-0.0165032
-0.0179702
-0.0118367
-0.0198104
-0.0144903
-0.0207303
-0.0161019
-0.0147954
-0.019077
-0.0166895
-0.0134424
-0.0161694
-0.0190223
-0.0178365
-0.0178103
-0.019036
-0.0121238
-0.0207722
-0.0194506
-0.0177686
-0.0155432
-0.0106321
-0.020093
-0.0147827
-0.0170097
-0.0186626
-0.0155432
-0.0163168
-0.0156065
-0.0145708
-0.0111768
-0.0121238
-0.0185031
-0.0238647
-0.0170361
-0.0164901
-0.01817
-0.0197828
-0.0176104
-0.0189176
-0.01454
-0.0189312
-0.0157969
-0.0114653
-0.0158897
-0.0173033
-0.0194777
-0.017797
-0.0176104
-0.0185031
-0.0203984
-0.0161019
-0.0155689
-0.0144731
-0.0155816
-0.0186626
-0.0114703
-0.0141136
-0.018462
-0.0173958
-0.0171828
-0.0186762
-0.018289
-0.0170492
-0.0176745
-0.0171828
-0.0160761
-0.0196373
-0.0168232
-0.0183299
-0.0190907
-0.0189711
-0.0134424
-0.0176104
-0.0168628
-0.0177836
-0.0118839
-0.0155432
-0.0183433
-0.0162904
-0.0146637
-0.0223837
-0.0194229
-0.0221523
-0.0158897
-0.0158897
-0.0222109
-0.0181567
-0.0159157
-0.0165162
-0.0165162
-0.00943507
-0.0183299
-0.0144731
-0.0188629
-0.0155689
-0.016063
-0.0163959
-0.0197967
-0.0159157
-0.00821716
-0.0131785
-0.0166633
-0.0187714
-0.0170097
-0.0158633
-0.0185031
-0.0179702
-0.015222
-0.0136629
-0.0183028
-0.0100875
-0.0181297
-0.0172904
-0.0182774
-0.0189312
-0.0199557
-0.0163168
-0.0170621
-0.00968558
-0.0146344
-0.0172094
-0.0142499
-0.0176501
-0.0191044
-0.0156489
-0.0146093
-0.0176104
-0.0220666
-0.0137541
-0.0185298
-0.0170492
-0.0183433
-0.0166895
-0.0209452
-0.0144731
-0.0141258
-0.0146093
-0.019236
-0.0170621
-0.0141136
-0.0162493
-0.0193045
-0.0167702
-0.0173826
-0.0121238
-0.013903
-0.0195959
-0.0205432
-0.0187445
-0.0159412
-0.0126215
-0.0150485
-0.017797
-0.0174767
-0.0144233
-0.0182645
-0.0191312
-0.0191312
-0.0124715
-0.0157034
-0.0161435
-0.0133824
-0.0168887
-0.017023
-0.0161565
-0.0161565
-0.0168628
-0.0176631
-0.0179968
-0.018758
-0.0156489
-0.0152592
-0.0192775
-0.0124715
-0.0150485
-0.0150485
-0.0139278
-0.0159174
-0.0181963
-0.0181963
-0.0147014
-0.017797
-0.0122741
-0.0122741
-0.011776
-0.0181433
-0.0168497
-0.0148873
-0.0163299
-0.0166765
-0.0166895
-0.0198241
-0.0152345
-0.0165417
-0.0105665
-0.0192638
-0.0155816
-0.0184758
-0.0185165
-0.0194368
-0.0168628
-0.0217525
-0.0218509
-0.0173826
-0.0179968
-0.0210902
-0.0159028
-0.01477
-0.0202527
-0.0172094
-0.0144608
-0.0186488
-0.015222
-0.0168758
-0.0113275
-0.0187445
-0.0200245
-0.0144853
-0.0164486
-0.0170361
-0.017023
-0.0183697
-0.0159174
-0.0169827
-0.0157295
-0.01865
-0.00839124
-0.00839124
-0.0135683
-0.0135683
-0.0191312
-0.0202391
-0.0202391
-0.0193178
-0.0135805
-0.0141013
-0.0143541
-0.0156235
-0.0194506
-0.0152469
-0.0200384
-0.0185848
-0.0197196
-0.0152469
-0.0183711
-0.0163428
-0.0150485
-0.0185165
-0.0189446
-0.0156235
-0.0158475
-0.0202115
-0.0173033
-0.0147137
-0.018078
-0.0174637
-0.0179702
-0.0145278
-0.01313
-0.0169564
-0.013952
-0.014659
-0.0165162
-0.0145522
-0.0165967
-0.00916359
-0.0156614
-0.0140068
-0.0167024
-0.0145761
-0.0163556
-0.0207444
-0.0167573
-0.0174897
-0.0174897
-0.018758
-0.0172904
-0.0185031
-0.0174767
-0.0159831
-0.0163428
-0.0174767
-0.0156861
-0.0177836
-0.0139154
-0.0161565
-0.013964
-0.0159959
-0.0165417
-0.0122977
-0.0108175
-0.0164615
-0.0141013
-0.0148749
-0.0152469
-0.0185304
-0.0148749
-0.0168628
-0.0146467
-0.0157423
-0.0194506
-0.017023
-0.0178235
-0.0152093
-0.0136163
-0.0170492
-0.0132331
-0.0155123
-0.0176238
-0.0218218
-0.0210417
-0.0169306
-0.0205853
-0.0209452
-0.0145642
-0.0194777
-0.0187172
-0.0188902
-0.0159959
-0.0163556
-0.0161821
-0.0191044
-0.0181297
-0.0161821
-0.0203984
-0.0193045
-0.0148996
-0.0174373
-0.0194229
-0.0187033
-0.012909
-0.0173966
-0.0156489
-0.0191312
-0.0142994
-0.0134188
-0.0134188
-0.0183299
-0.0211043
-0.0140764
-0.017637
-0.0159572
-0.0155941
-0.0162071
-0.0181567
-0.0163807
-0.01817
-0.0137783
-0.0212631
-0.0189446
-0.017637
-0.0167024
-0.0154329
-0.0172904
-0.0225854
-0.0155816
-0.01394
-0.0207161
-0.0205574
-0.0168887
-0.0216637
-0.0170361
-0.0189446
-0.0225123
-0.0189176
-0.0185298
-0.0234748
-0.0204601
-0.0170361
-0.0161019
-0.0165032
-0.0166895
-0.0183433
-0.0186626
-0.0178235
-0.0168628
-0.0215194
-0.0159831
-0.0150733
-0.0172094
-0.0152093
-0.0208745
-0.0172225
-0.0170876
-0.0156363
-0.0197196
-0.0205714
-0.0162753
-0.0134068
-0.0163168
-0.0192911
-0.0155432
-0.0204259
-0.0179567
-0.0185441
-0.0124715
-0.0161435
-0.0216491
-0.0198792
-0.0203704
-0.0163168
-0.0196236
-0.0196236
-0.0165792
-0.0165792
-0.0191179
-0.0219544
-0.0192638
-0.0205432
-0.0201286
-0.0179835
-0.0190907
-0.0199972
-0.01394
-0.0192911
-0.0192638
-0.0124478
-0.01817
-0.0168628
-0.0195818
-0.0184248
-0.0209032
-0.0216231
-0.0234897
-0.0183028
-0.0190631
-0.0166895
-0.0209032
-0.0192638
-0.0183164
-0.0220237
-0.015408
-0.0203984
-0.0174373
-0.0212631
-0.0172773
-0.0230007
-0.0209173
-0.0194506
-0.0165162
-0.0174767
-0.0201974
-0.0189446
-0.0161821
-0.018904
-0.0203844
-0.0168758
-0.0142872
-0.0203418
-0.0155432
-0.0196236
-0.0168365
-0.017797
-0.0177836
-0.019077
-0.0172904
-0.0186113
-0.0203704
-0.0185298
-0.0197828
-0.0197828
-0.0152345
-0.021076
-0.0195192
-0.024798
-0.0203984
-0.0198104
-0.0173033
-0.025071
-0.0222395
-0.0200384
-0.0111653
-0.0233318
-0.0266164
-0.01394
-0.0213465
-0.0221965
-0.0216781
-0.0212488
-0.0180358
-0.0218914
-0.0188493
-0.0233022
-0.024798
-0.0194368
-0.0212199
-0.0195959
-0.0192537
-0.0181232
-0.00411932
0.0079555
0.0194977
0.0355534
0.039139
0.0475969
0.0474554
0.0509606
0.0524941
0.0505622
0.0470583
0.0499516
0.0418136
0.0318624
0.0272425
0.026721
0.0290847
0.0252548
0.0252548
0.0305495
0.0316449
0.0302013
0.0275753
0.0281635
0.022693
0.0279895
0.0272584
0.030318
0.0297667
0.0312531
0.03013
0.0266614
0.0263817
0.0292589
0.0290559
0.0288526
0.0270766
0.0276341
0.0266614
0.0221282
0.0268353
0.024091
0.0268792
0.0266459
0.0260879
0.0271987
0.0288597
0.0290484
0.0299189
0.0230403
0.0251866
0.0279821
0.026096
0.0270329
0.0286784
0.0265036
0.0219638
0.0265036
0.0219547
0.0230665
0.0228841
0.0228137
0.0234223
0.021381
0.0244994
0.0228841
0.0244831
0.0255424
0.0271681
0.0258006
0.0239428
0.0237352
0.0237352
0.0236137
0.0202684
0.023752
0.0235784
0.0261319
0.0216265
0.0255944
0.0254127
0.0244994
0.0201584
0.0201045
0.0232399
0.023752
0.0231611
0.0221193
0.0202499
0.0202499
0.0224931
0.0211893
0.0236485
0.0246036
0.0255241
0.0343628
0.0357148
0.0355404
0.035931
0.0332496
0.0342846
0.0332079
0.0319403
0.0348369
0.0366711
0.0333949
0.0348252
0.0322755
0.0329791
0.0297191
0.0362747
0.0289806
0.03153
0.0318657
0.0342661
0.0313427
0.0291404
0.0264158
0.0313694
0.0331473
0.0285829
0.0335083
0.0317042
0.0293215
0.0333339
0.0267712
0.0293357
0.0289879
0.0307709
0.0338571
0.0320658
0.0311394
0.0278221
0.0278221
0.0320725
0.0335083
0.0300388
0.0249405
0.0298507
0.0309451
0.0293285
0.0298507
0.0283501
0.0316256
0.0286369
0.0284871
0.0280074
0.021595
0.0261519
0.0291902
0.0240299
0.0269302
0.0314644
0.0225249
0.0254921
0.0239882
0.0305331
0.0261449
0.0259477
0.0268473
0.0279388
0.0235996
0.0279242
0.0272517
0.0288715
0.0254262
0.0272439
0.0219284
0.0226649
0.0254177
0.0268552
0.023938
0.0281432
0.0215833
0.0233757
0.0279388
0.0254093
0.0233757
0.0255745
0.0220939
0.0289822
0.0226649
0.023714
0.0220939
0.0284982
0.0240865
0.0238959
0.0226497
0.0249957
0.0264425
0.0262533
0.0238875
0.0238875
0.0280678
0.0290906
0.0227546
0.0188281
0.0145636
0.00601019
0.00591627
0.00390947
0.00595075
0.00800322
0.00483136
0.0120118
0.00859151
0.00907397
0.0121958
0.00990551
0.011298
0.00986961
0.00832447
0.0133917
0.0129556
0.0135758
0.00910913
0.0131966
0.0135533
0.0124485
0.00731346
0.00940084
0.0130238
0.0135533
0.0104454
0.0152223
0.0152223
0.0135422
0.0135422
0.0130579
0.0114011
0.0117934
0.0122989
0.0115278
0.00970892
0.0163269
0.00832982
0.0154383
0.0143233
0.0185004
0.0105297
0.0152437
0.0104928
0.0110678
0.00888424
0.0125287
0.0117463
0.0114246
0.0127012
0.013035
0.0117348
0.0141394
0.0134373
0.0160019
0.017635
0.0126897
0.0110798
0.0103083
0.0118387
0.0174831
0.0171928
0.0146259
0.0146688
0.00919153
0.0101359
0.0121031
0.0150928
0.0152545
0.0185555
0.0160127
0.0150817
0.0114246
0.01361
0.0110798
0.00830505
0.0113895
0.0125642
0.0161963
0.0169327
0.0121836
0.0145862
0.0138515
0.0152329
0.00993944
0.0154166
0.0160235
0.0131033
0.0148552
0.0110442
0.0165
0.0120351
0.0112522
0.0154943
0.0153327
0.0136212
0.0128178
0.0108834
0.0170096
0.0126897
0.0163478
0.014909
0.018709
0.0138397
0.0160345
0.015829
0.0124943
0.0118269
0.0118269
0.0123679
0.0123679
0.0163373
0.0118269
0.0150708
0.0161084
0.0125056
0.0177878
0.0112168
0.0154166
0.0135989
0.0177878
0.0109074
0.0138166
0.0143909
0.0143797
0.0143797
0.0114128
0.0177878
0.0116784
0.010112
0.00961885
0.0178081
0.0110678
0.0138166
0.00867441
0.0126897
0.0139778
0.00852724
0.0134599
0.0145091
0.00979118
0.0147143
0.0125884
0.014496
0.0170296
0.0160127
0.0134831
0.0152118
0.0148657
0.0138052
0.015829
0.0123561
0.0185357
0.00782595
0.0172891
0.0152766
0.0166937
0.0114128
0.0114128
0.0183624
0.0183624
0.0126783
0.0163025
0.0147138
0.0168463
0.0157519
0.0160019
0.0137718
0.0143013
0.0137718
0.0117579
0.0120112
0.0107229
0.0172684
0.0115621
0.0121719
0.0137828
0.0145524
0.0128623
0.0156348
0.0172684
0.0144742
0.0137939
0.0104689
0.0181644
0.0145198
0.0109196
0.0163584
0.0143122
0.00867441
0.0112285
0.0150493
0.0126559
0.0137828
0.0168668
0.0130696
0.0183074
0.0132305
0.0172336
0.0165313
0.0118269
0.0126897
0.0172482
0.0150928
0.0153644
0.0139667
0.0140006
0.0139778
0.01086
0.00848972
0.0106533
0.0112522
0.0127129
0.0154059
0.0136325
0.0163373
0.0143345
0.0127129
0.0176146
0.0152118
0.0166937
0.0161435
0.0168565
0.0163478
0.0143233
0.0145072
0.0177878
0.0102964
0.0154274
0.0107351
0.0153953
0.0130579
0.0174415
0.0176248
0.0118036
0.0115737
0.0163478
0.01506
0.0119421
0.0150493
0.0125287
0.0155789
0.0134373
0.0174415
0.0171928
0.0141394
0.0110342
0.0165103
0.011609
0.0164754
0.0125056
0.0104915
0.0124943
0.0143151
0.0136325
0.0172028
0.0125171
0.01506
0.0143345
0.0166834
0.0128398
0.0130579
0.0154166
0.0114128
0.0154274
0.014898
0.0117696
0.0165527
0.0150708
0.0166937
0.0108954
0.0166732
0.0108834
0.014496
0.0150708
0.0138052
0.017376
0.0167042
0.0134042
0.0132191
0.013644
0.00952445
0.0161748
0.0143013
0.011609
0.0148308
0.0197875
0.0158398
0.0123561
0.0148871
0.0167906
0.0102964
0.0144742
0.0105506
0.0147143
0.0142798
0.0147252
0.0134485
0.0166732
0.012851
0.0127012
0.00998813
0.0139556
0.0119305
0.0101604
0.0155789
0.0144634
0.0125404
0.0137828
0.0119877
0.00885912
0.0156002
0.01361
0.00963122
0.014898
0.0130696
0.0137718
0.0155789
0.0159249
0.0143122
0.0187808
0.0170296
0.0149825
0.01506
0.0183173
0.0130238
0.0147588
0.0112403
0.0155895
0.0150928
0.0135989
0.0123103
0.0109074
0.0134599
0.0123216
0.0205256
0.0118152
0.0159602
0.0169997
0.0114366
0.017065
0.0147818
0.0130016
0.0114609
0.0137501
0.0170296
0.0111478
0.0117463
0.0181441
0.0156781
0.0157519
0.0127246
0.017417
0.0157519
0.0147252
0.0150493
0.0130579
0.0120917
0.0146471
0.0125171
0.00919153
0.0168264
0.015946
0.0148308
0.0104808
0.0168363
0.0150708
0.0170195
0.0159808
0.0132191
0.0125171
0.0108024
0.0179914
0.0214469
0.0155377
0.0131855
0.0102728
0.0130016
0.0121603
0.0137939
0.0155789
0.0101481
0.0149314
0.0120691
0.0133694
0.0179609
0.0141505
0.0121603
0.0155895
0.0139338
0.0145748
0.0125056
0.012851
0.0164899
0.0136829
0.0168463
0.0154383
0.0152437
0.0135989
0.0116544
0.0115971
0.0170195
0.0157312
0.0134485
0.0128738
0.0115971
0.0126897
0.0130126
0.01638
0.0157731
0.0148201
0.0132191
0.0159354
0.0152223
0.0166631
0.0112168
0.00867441
0.0158744
0.0141505
0.0114487
0.0143013
0.0139556
0.0113895
0.0163584
0.011378
0.0108954
0.0144851
0.0119305
0.01361
0.0164798
0.0125287
0.0108024
0.0120917
0.0135422
0.0114011
0.0150708
0.0161084
0.0124372
0.0170398
0.0133694
0.0166732
0.0159354
0.0114246
0.0135422
0.0154274
0.0140753
0.0163478
0.0121719
0.012667
0.0110442
0.0144528
0.00848972
0.0146364
0.012472
0.0104928
0.0141394
0.0192482
0.0122074
0.015018
0.0112642
0.010711
0.0114128
0.0131148
0.0161334
0.0134261
0.0165207
0.0136325
0.0139667
0.0172684
0.0106991
0.0134485
0.0137609
0.0199961
0.014496
0.0122644
0.0170195
0.0130016
0.0146471
0.0153849
0.0154166
0.0165313
0.0144069
0.0126559
0.0143233
0.0110442
0.0166834
0.0137828
0.0137828
0.0139892
0.0160675
0.0161855
0.0161855
0.0137939
0.0137939
0.0122758
0.0122758
0.0142798
0.0136325
0.0142485
0.0136212
0.0128623
0.0135313
0.0159146
0.0142905
0.0143345
0.0118963
0.0134373
0.0127012
0.0137718
0.0134373
0.0137718
0.012807
0.0120917
0.0115737
0.0126783
0.0157519
0.0157519
0.0131855
0.0142905
0.0146579
0.0144634
0.011919
0.0172336
0.0148201
0.0197586
0.0134373
0.0166834
0.0137501
0.0103083
0.0152545
0.0152655
0.0160235
0.0112403
0.0104808
0.0166732
0.0162711
0.0175849
0.0177224
0.0137828
0.0159249
0.0115737
0.0123103
0.0181243
0.0166937
0.0125056
0.0179914
0.0135989
0.0104689
0.0132077
0.00975781
0.012667
0.016098
0.0120917
0.0157415
0.0161189
0.0141618
0.0186637
0.0128854
0.0127246
0.0136935
0.0161538
0.0130919
0.00848145
0.0108497
0.016098
0.0163478
0.0159354
0.0119539
0.0120917
0.011056
0.0114011
0.0171634
0.0139446
0.0134373
0.0139231
0.0125056
0.0148095
0.0151556
0.0159354
0.0117012
0.00993944
0.0141175
0.017951
0.00917942
0.0155684
0.013035
0.0127012
0.0157519
0.00996354
0.0177878
0.0147363
0.00995143
0.0128287
0.0143048
0.0143013
0.0139667
0.0154166
0.0138772
0.00885912
0.0150037
0.0141618
0.0146155
0.0117463
0.0117579
0.0101853
0.0101853
0.0101481
0.0141068
0.0148201
0.0073723
0.0158184
0.012851
0.0102612
0.0102612
0.00940999
0.0123216
0.0121719
0.00961885
0.00992758
0.0152997
0.010112
0.0121719
0.0134599
0.01506
0.0141068
0.00860368
0.0141732
0.00997577
0.0155789
0.0148552
0.0106533
0.0112053
0.0107473
0.0128738
0.0112887
0.0103205
0.0142798
0.0136212
0.0146688
0.0154059
0.0114366
0.014898
0.012404
0.0148638
0.0141394
0.011919
0.0137609
0.0152118
0.0143345
0.012851
0.0156002
0.0120471
0.0154166
0.0123445
0.00916743
0.0186637
0.0166174
0.0104571
0.010941
0.0142905
0.0108258
0.0139667
0.0163478
0.0149314
0.0132989
0.0154493
0.0134599
0.0137042
0.0139667
0.0148871
0.01361
0.0150493
0.01361
0.012333
0.0133584
0.0137828
0.0123798
0.011378
0.0139556
0.0139556
0.0104454
0.0125171
0.0125171
0.0144851
0.0155789
0.00953643
0.00961885
0.012667
0.0114128
0.0153953
0.0127717
0.0154274
0.012851
0.0161538
0.0130464
0.0127012
0.0134042
0.0125056
0.0144137
0.0170296
0.0152655
0.0123445
0.00501567
0.0153953
0.0144016
0.013035
0.0160345
0.0150388
0.0159808
0.0137261
0.0101239
0.0110211
0.0156671
0.0174214
0.012851
0.0159808
0.015829
0.0138052
0.0143686
0.0112285
0.0153953
0.0155684
0.0137609
0.0135989
0.0150493
0.0143122
0.0157839
0.0139446
0.0181852
0.0183173
0.014799
0.0111946
0.0111946
0.0159249
0.0172028
0.0101359
0.0157312
0.0109074
0.0142905
0.011378
0.0137718
0.0143122
0.0123798
0.0113667
0.0141732
0.014496
0.0101359
0.0143013
0.0128854
0.0126783
0.0155684
0.0149201
0.0143122
0.0123445
0.0126783
0.0130016
0.0141618
0.0126897
0.0126897
0.0117235
0.0117235
0.0135533
0.0139778
0.0117579
0.0157519
0.0144742
0.0144742
0.0175492
0.012851
0.0132191
0.0141284
0.0126559
0.0128971
0.0164649
0.0117696
0.0104689
0.0195948
0.0141175
0.0112285
0.0110678
0.0125171
0.0152437
0.00801089
0.0134042
0.0125056
0.0118036
0.0152223
0.0168668
0.0152437
0.0137261
0.0152014
0.012851
0.0114011
0.013644
0.0166732
0.0139667
0.0164899
0.0110442
0.0144851
0.0131745
0.0148308
0.0125171
0.0131425
0.0152766
0.0126897
0.011919
0.0176046
0.00919153
0.0110211
0.0103083
0.0119305
0.0135664
0.0166937
0.012667
0.0194119
0.0117123
0.0141284
0.0133694
0.0149721
0.0122758
0.010814
0.010814
0.0106181
0.0130464
0.0128398
0.0142798
0.0117348
0.0144528
0.0106414
0.0121603
0.00995143
0.0120803
0.0127012
0.00935192
0.0125287
0.00910785
0.0174314
0.0179914
0.0137718
0.0136325
0.00963122
0.0140962
0.0138166
0.0145524
0.0129079
0.0134714
0.0106991
0.0107351
0.0141284
0.0141505
0.0164442
0.0137609
0.00961885
0.0150708
0.0101853
0.00963122
0.0101359
0.0117463
0.0141175
0.00901913
0.0115853
0.0153849
0.011919
0.0143122
0.0139778
0.0137261
0.014898
0.0153849
0.0147886
0.00995143
0.010505
0.0137501
0.015558
0.0163167
0.0148308
0.0120691
0.0135989
0.0131637
0.0166937
0.0154059
0.0154059
0.0141963
0.0157312
0.0112285
0.0159249
0.0128623
0.0114366
0.0143122
0.00793947
0.0135989
0.0119305
0.0148095
0.0122873
0.017366
0.0128623
0.0102964
0.0142798
0.0104689
0.00956076
0.0125287
0.0126783
0.0139231
0.0183173
0.0119421
0.0104112
0.0131966
0.0148449
0.0115853
0.00996354
0.0157974
0.0121263
0.0117348
0.0117348
0.0167042
0.00843127
0.0121489
0.00924122
0.0105953
0.0108716
0.0114246
0.0149201
0.00976695
0.0108954
0.0106874
0.0141284
0.00997577
0.0141505
0.0148201
0.0165207
0.0154059
0.0118152
0.0121489
0.0121489
0.0134599
0.00741021
0.0119648
0.0137939
0.0121375
0.0137828
0.0107351
0.0134831
0.011332
0.0124831
0.0146822
0.0114246
0.0127935
0.0116194
0.0112764
0.0103083
0.0174314
0.0132533
0.010112
0.01361
0.0128398
0.0139667
0.0117123
0.019393
0.0113895
0.0120473
0.0146927
0.0146927
0.0152545
0.0108716
0.00848972
0.0115853
0.0141284
0.0110098
0.0125056
0.0106414
0.0100132
0.0132077
0.0104689
0.0112285
0.0120581
0.0100191
0.0101239
0.0136325
0.00970892
0.00993944
0.0145305
0.0173562
0.00920376
0.0114128
0.0133584
0.0158398
0.0085021
0.0132191
0.0153953
0.0106991
0.0137151
0.0161189
0.0132191
0.00885912
0.00920376
0.0170296
0.0125404
0.0181441
0.0103205
0.0115971
0.0152545
0.0115853
0.0157519
0.0123216
0.0146579
0.0108834
0.0122074
0.0117807
0.0110098
0.00848972
0.0119994
0.0137609
0.0103205
0.00754466
0.0115971
0.0110442
0.0120112
0.0110678
0.0134261
0.0107229
0.0154166
0.0128623
0.017366
0.00847747
0.00980348
0.0122991
0.0145091
0.00960661
0.0134373
0.0106414
0.0105297
0.0106653
0.0108834
0.0145198
0.0124943
0.0130584
0.0143013
0.00964371
0.0140962
0.017075
0.0108257
0.0123103
0.0153746
0.0145636
0.01361
0.0183527
0.014496
0.0132305
0.0108497
0.00738481
0.0123103
0.0115737
0.0139556
0.0130238
0.0154059
0.0133694
0.0119423
0.0129307
0.0150388
0.0135989
0.0125171
0.0121489
0.00867441
0.0131855
0.00576332
0.0119076
0.0123445
0.0131855
0.0112053
0.0152329
0.0137718
0.0119994
0.0134261
0.0117348
0.011919
0.00980348
0.0158398
0.0187488
0.0165207
0.0128971
0.0159249
0.00603546
0.0110442
0.011378
0.0110211
0.0119539
0.00995143
0.0134261
0.0135188
0.0115971
0.0112887
0.0137718
0.0132646
0.0132646
0.0145091
0.00900695
0.0126783
0.0139556
0.0125056
0.013644
0.0127246
0.0126897
0.00868685
0.012404
0.0112403
0.0112403
0.0130584
0.0141618
0.0141618
0.015104
0.00926191
0.0148871
0.0148871
0.0142692
0.0142692
0.01506
0.0141618
0.0125056
0.0153849
0.0141068
0.018288
0.012461
0.0163478
0.0146259
0.0168877
0.0146259
0.0177679
0.0128287
0.0136325
0.0137828
0.00868685
0.00669595
0.0127129
0.0148308
0.0110442
0.014799
0.0157624
0.0159567
0.0161963
0.0161963
0.01506
0.0159354
0.0139778
0.010505
0.0112285
0.00993944
0.0156002
0.011919
0.011919
0.0148308
0.0133805
0.0136935
0.0121031
0.0151556
0.0166276
0.0108024
0.014496
0.00824658
0.0114011
0.0106067
0.0109751
0.012851
0.0159354
0.0110326
0.0141505
0.0112053
0.00843127
0.0183273
0.0112168
0.0143013
0.0133805
0.0133584
0.00863785
0.0157839
0.0133694
0.018105
0.0153746
0.0139667
0.0112403
0.00868685
0.00883451
0.0123226
0.0118963
0.00878834
0.0154166
0.0126783
0.00825889
0.0104689
0.0153644
0.0161084
0.0122644
0.0146155
0.0164044
0.0123445
0.0128623
0.00996354
0.0159354
0.0103205
0.0130238
0.0137609
0.0143122
0.0143122
0.0125878
0.0124372
0.0121836
0.0130126
0.0114246
0.0117463
0.0126449
0.015711
0.0147475
0.0118852
0.0128854
0.0110442
0.0134485
0.0172441
0.0134031
0.0113895
0.0152545
0.0122991
0.00758237
0.0133584
0.0131745
0.00808654
0.0153953
0.0109866
0.014799
0.0141175
0.0141175
0.0131855
0.0131855
0.0095126
0.0127828
0.0168463
0.00922861
0.0119305
0.0154166
0.0095126
0.0159146
0.0148764
0.0161963
0.0121147
0.0157415
0.0126212
0.0159249
0.0101481
0.0127246
0.0149618
0.0112285
0.0131966
0.0139338
0.0130126
0.0168772
0.0147143
0.0168668
0.010054
0.0140291
0.0112285
0.0135771
0.0130919
0.0109074
0.0107597
0.0154166
0.0114366
0.0104571
0.00989273
0.0155895
0.0119994
0.0110798
0.0123561
0.0138166
0.0137828
0.0119535
0.0121375
0.00995143
0.0122758
0.0112403
0.0124599
0.0102059
0.0125171
0.0141618
0.0121719
0.0114128
0.0109074
0.0159913
0.0117463
0.0123561
0.0137828
0.0125056
0.0171829
0.0152437
0.00934
0.0137828
0.0148552
0.0139892
0.0110211
0.0134485
0.00723809
0.0112285
0.0139446
0.0112522
0.0137718
0.0154059
0.01361
0.0165313
0.0115621
0.0108834
0.013035
0.012472
0.00991584
0.0187488
0.01361
0.00679647
0.0115737
0.011919
0.0124831
0.0172129
0.011056
0.013035
0.0122644
0.014898
0.0106773
0.0157519
0.011621
0.0149931
0.0121147
0.0125056
0.0139892
0.0108258
0.0144634
0.0138166
0.0165
0.0128623
0.0154059
0.0153953
0.0131966
0.00738481
0.0121264
0.00968523
0.015104
0.0160776
0.0128623
0.0112522
0.0147886
0.0168565
0.0137151
0.00997577
0.0115621
0.00952445
0.0163373
0.0108258
0.0147363
0.0150145
0.0133584
0.0123561
0.0141284
0.0112764
0.0103205
0.00855286
0.00848972
0.00832982
0.0172582
0.0147143
0.0128398
0.0114246
0.00839392
0.0198324
0.0144528
0.00834239
0.0117348
0.00882239
0.0124485
0.0138166
0.017366
0.0104808
0.00903143
0.0119421
0.0117463
0.0154166
0.0128738
0.0125171
0.00780631
0.00846534
0.0138052
0.0112522
0.0101816
0.00704032
0.0119648
0.00891734
0.00685541
0.00958249
0.0150493
0.0157415
0.0123798
0.0110442
0.0129079
0.0108954
0.0115737
0.0101697
0.0114246
0.00467172
0.0115737
0.0124943
0.0114011
0.0112403
0.0108716
0.0117579
0.0134261
0.0117463
0.00851461
0.0125056
0.00834239
0.0124831
0.0102845
0.0128287
0.0140006
0.0105875
0.0135989
0.00889268
0.0105385
0.00793578
0.0152329
0.00916743
0.0136212
0.0087121
0.0176248
0.0110098
0.0121719
0.0131855
0.0128623
0.012851
0.0108497
0.00901913
0.0155684
0.0147143
0.0121836
0.0107351
0.0118963
0.0145524
0.00900695
0.0141175
0.0110798
0.0141284
0.0137828
0.0137828
0.0130016
0.0103083
0.00995143
0.0112403
0.00964371
0.0123679
0.0132759
0.00934
0.0134261
0.010505
0.00942205
0.0168668
0.0141175
0.0137828
0.0129079
0.0128854
0.00996354
0.0123445
0.0123103
0.0116426
0.00910205
0.0112168
0.0121719
0.00775456
0.0148095
0.0141175
0.00952445
0.0145414
0.0152545
0.0108024
0.00686119
0.012851
0.0104689
0.0108024
0.0157415
0.0125287
0.0123445
0.0104928
0.0132305
0.0147252
0.0128178
0.0110326
0.00806192
0.0165207
0.012333
0.0123561
0.0130126
0.0115507
0.0117463
0.0112522
0.0123103
0.0136212
0.0104928
0.0104928
0.0119877
0.00980348
0.00980348
0.0114011
0.0109985
0.0155789
0.0112053
0.00700275
0.0163584
0.01506
0.0134599
0.0132423
0.0108834
0.00979118
0.0112168
0.0119994
0.0160127
0.0162966
0.00867441
0.00848972
0.0137609
0.0123103
0.013588
0.013588
0.0101239
0.0148657
0.00845333
0.00884675
0.0121375
0.00953643
0.0121489
0.0121489
0.00824658
0.014207
0.012472
0.0080498
0.0134261
0.012404
0.0142905
0.0130238
0.0128053
0.0103083
0.0154059
0.0154059
0.0123103
0.012333
0.0124943
0.011919
0.0105266
0.0135645
0.00851461
0.0115621
0.0117579
0.0117696
0.0130126
0.00981591
0.0161084
0.00967357
0.00585045
0.0140609
0.0139556
0.00846872
0.00893656
0.00885912
0.0133805
0.0115737
0.0118963
0.0126897
0.011298
0.0120917
0.0160877
0.00934
0.0101239
0.0184807
0.0151767
0.0104454
0.0130126
0.0150708
0.0102845
0.0117235
0.0128287
0.0164442
0.00920376
0.0144742
0.0103327
0.0104928
0.0118963
0.00919153
0.0141394
0.0117814
0.0120917
0.0147143
0.012667
0.0117348
0.0104454
0.00997577
0.0120581
0.0166937
0.0102845
0.0112168
0.0137151
0.00922861
0.0112403
0.0112522
0.0139446
0.0128287
0.0128287
0.0128287
0.00903143
0.0104571
0.0139556
0.0156111
0.0126559
0.0104454
0.00942205
0.0130126
0.00993944
0.010505
0.0145524
0.00832982
0.0139231
0.00991584
0.0135989
0.0137939
0.0119305
0.0136212
0.0123103
0.0126897
0.0139446
0.0128746
0.0128746
0.0103782
0.0115737
0.00885912
0.0149825
0.0149825
0.01361
0.0120917
0.0115737
0.0110678
0.0108024
0.010112
0.01298
0.0154274
0.0131745
0.00935192
0.00664985
0.0169997
0.0149931
0.012667
0.0133584
0.0111364
0.00663696
0.00999637
0.0144742
0.0144851
0.0125171
0.0114011
0.0101002
0.0143013
0.0153746
0.0184614
0.0113895
0.00958558
0.0130016
0.0120803
0.0108258
0.0106653
0.00979118
0.0115853
0.0106067
0.0140396
0.0106414
0.01391
0.0135533
0.0139778
0.00995143
0.00807417
0.0146579
0.012851
0.0166937
0.00884675
0.0135422
0.012851
0.0163025
0.011609
0.0086621
0.0131855
0.0119076
0.0128178
0.0102612
0.0119076
0.0134031
0.00995143
0.00960661
0.012851
0.0111939
0.0101239
0.009779
0.0152223
0.00899489
0.0118741
0.0114487
0.00904386
0.0101002
0.0139126
0.0104808
0.00914014
0.01086
0.0137828
0.0110678
0.0137828
0.0104454
0.0114246
0.00813267
0.00938842
0.0122758
0.011378
0.0129907
0.0102728
0.00927429
0.0140753
0.0104808
0.0174314
0.0124943
0.0104689
0.0123561
0.0134599
0.0126559
0.00646479
0.00646479
0.00901913
0.0115507
0.012851
0.0173465
0.013035
0.0101002
0.0104454
0.0085021
0.0112285
0.00899489
0.0132077
0.0144423
0.0128967
0.0130126
0.0114246
0.0132646
0.00920376
0.0110442
0.011056
0.0112522
0.00772943
0.00831738
0.0102845
0.0115737
0.013035
0.0110326
0.01086
0.00883451
0.01086
0.00721255
0.00961885
0.0128738
0.0152766
0.00996354
0.00885912
0.0135989
0.0152223
0.0134373
0.0134485
0.0112053
0.0132423
0.0165
0.0131855
0.00869941
0.0085021
0.01086
0.0112522
0.0163478
0.0135989
0.0110326
0.00979118
0.0139667
0.0137042
0.0144851
0.0130579
0.0106653
0.00961885
0.011056
0.00414246
0.0121147
0.0102845
0.0141284
0.0152329
0.0123561
0.0161643
0.0121719
0.0163373
0.0160877
0.0119994
0.0126783
0.0126783
0.0150817
0.0150817
0.0115853
0.00774193
0.00875204
0.0110442
0.00972096
0.0149517
0.00973312
0.0141068
0.0150078
0.0109751
0.00961885
0.0128398
0.00868685
0.0152223
0.0112522
0.0066242
0.00680916
0.00670886
0.0141284
0.0113895
0.0105385
0.0125287
0.00908961
0.0125399
0.012954
0.0166834
0.00884675
0.0130016
0.0132646
0.0112053
0.0111364
0.0135313
0.0131966
0.00808654
0.0140396
0.00923752
0.00770479
0.0101359
0.0138052
0.0139667
0.0126897
0.0143233
0.0132313
0.0132077
0.0139446
0.0110442
0.0127012
0.013035
0.0145198
0.012851
0.0157839
0.0127012
0.0146364
0.00903143
0.00815758
0.0126897
0.0137609
0.0108834
0.0144742
0.00705309
0.00590974
0.0120581
0.0126783
0.00901913
0.010814
0.010505
0.0124943
0.0106991
0.0117348
0.0115737
0.00817021
0.00771705
0.0110098
0.0110098
0.0109983
0.0073723
0.0137395
0.00979118
0.0132421
0.0104571
0.0115853
0.00998813
0.0141394
0.0123103
0.00759519
0.0139446
0.0128398
0.0137609
0.0119423
0.00950087
0.0107229
0.0134261
0.00857946
0.00974321
0.00848972
0.0112403
0.013644
0.013644
0.0112285
0.00776731
0.0130238
0.010112
0.0117235
0.00953643
0.0112168
0.0112168
0.0118036
0.0113205
0.0161296
0.00771705
0.0104454
0.016098
0.0100659
0.00608202
0.0104928
0.0117123
0.0139892
0.00910205
0.00998813
0.0108024
0.00975502
0.0153603
0.0112168
0.0128398
0.0142905
0.00904386
0.0117463
0.0133694
0.0144423
0.00839493
0.00954853
0.0125662
0.0115853
0.0124372
0.0122758
0.0130126
0.0125171
0.0157415
0.0126897
0.0115507
0.0125056
0.0108954
0.0108954
0.00952445
0.0137501
0.00649082
0.0110221
0.0101359
0.00851461
0.010112
0.0120581
0.0131396
0.0112869
0.00827131
0.0139126
0.0133475
0.0117814
0.011298
0.0131966
0.0102964
0.0126559
0.011919
0.0134888
0.0115737
0.0110678
0.0130126
0.0126449
0.0100191
0.0139446
0.0139446
0.00952445
0.0106297
0.0135771
0.0141394
0.0141394
0.0108954
0.0111478
0.0117235
0.00807417
0.0143122
0.00900695
0.0146259
0.00828386
0.00952445
0.0112403
0.0139231
0.00788947
0.00867441
0.0135989
0.00919153
0.0104689
0.0139446
0.00917942
0.0146579
0.0117463
0.0114011
0.0115853
0.0120917
0.0095126
0.00937613
0.00741021
0.0131855
0.0133367
0.0113895
0.010112
0.012667
0.0111714
0.00900695
0.00899489
0.0103083
0.00899489
0.0141068
0.00868685
0.00817021
0.0117579
0.013035
0.00802385
0.0085021
0.0085021
0.0146822
0.00924965
0.0118036
0.0121603
0.0134261
0.00696877
0.0117921
0.00869941
0.00959448
0.0115621
0.0148095
0.0115162
0.0125404
0.0106414
0.0121603
0.00739745
0.0108834
0.00704032
0.0108954
0.00688096
0.0106991
0.00685541
0.0112168
0.0148449
0.0126897
0.0108954
0.00935192
0.00868685
0.00901913
0.00828078
0.0110442
0.0168463
0.00706599
0.00920376
0.0073723
0.00793947
0.0124943
0.012472
0.0128287
0.0103083
0.0109074
0.0102964
0.0102964
0.0101481
0.0101481
0.0102845
0.0117235
0.0106414
0.0106414
0.0128854
0.0139556
0.0139446
0.0112168
0.0112285
0.00926191
0.0128398
0.00917942
0.00869941
0.0166732
0.0139556
0.0108619
0.0037252
0.0140502
0.00917942
0.0127012
0.0147034
0.0110678
0.0120917
0.00958249
0.0141505
0.00979118
0.0129907
0.0124943
0.0135989
0.00738481
0.00739745
0.0119877
0.0103327
0.00469881
0.0075571
0.0141505
0.0118152
0.009779
0.010112
0.00901913
0.0130696
0.0102612
0.0132759
0.00926191
0.0085021
0.0104571
0.0120917
0.00942205
0.0106067
0.00793578
0.011056
0.00960661
0.009779
0.00797278
0.00668317
0.0082344
0.00738481
0.0120803
0.00864991
0.00976695
0.0085021
0.00739745
0.0130238
0.00756968
0.00814506
0.00774193
0.0085021
0.00828078
0.00863785
0.0165207
0.00832982
0.0075571
0.00936396
0.0117579
0.0146155
0.0135422
0.0104571
0.0162609
0.0154059
0.0142905
0.0142905
0.00992758
0.012333
0.00971997
0.0136212
0.010112
0.00979118
0.00959448
0.00772943
0.00993944
0.0106414
0.012667
0.012667
0.0131148
0.00936396
0.0123445
0.0108954
0.0141394
0.012472
0.0113895
0.0130464
0.00919153
0.0108716
0.00806192
0.00982846
0.00917942
0.0139778
0.0102964
0.00741021
0.00609474
0.0144423
0.00678389
0.0122644
0.00759519
0.00759519
0.00952445
0.011378
0.0100885
0.00829285
0.00791422
0.0131855
0.0128287
0.00758237
0.0112403
0.0188823
0.010814
0.0123107
0.0130126
0.00853999
0.0113554
0.0117463
0.0104689
0.0111364
0.0118963
0.0117463
0.00867441
0.00772943
0.012667
0.0073723
0.0102149
0.0142798
0.0132305
0.0135205
0.0125287
0.013035
0.0130238
0.012333
0.0117579
0.00885912
0.011919
0.0104808
0.0134261
0.0112285
0.00906908
0.00906908
0.012242
0.014799
0.0102964
0.011919
0.00968523
0.00859151
0.0128623
0.00883451
0.0106414
0.017376
0.0101024
0.00887162
0.0146052
0.00900695
0.00678389
0.0142905
0.00775456
0.0137372
0.0104571
0.00975502
0.0102612
0.00716634
0.0100885
0.013588
0.00976695
0.00949705
0.0104454
0.0104454
0.00626698
0.009779
0.0151556
0.0151556
0.014799
0.0115395
0.0115395
0.0101002
0.00903143
0.011919
0.00626698
0.00954853
0.0108834
0.00885912
0.00885912
0.00613363
0.00613363
0.0118963
0.0132077
0.00741021
0.00960661
0.0126559
0.011609
0.00856754
0.012242
0.0146052
0.0146052
0.0107908
0.0093282
0.010814
0.0122644
0.0087121
0.00830505
0.0140718
0.0114011
0.00774193
0.0102271
0.0113667
0.0137828
0.0112053
0.0146579
0.0114709
0.0103205
0.0093282
0.00860368
0.0117463
0.00646479
0.00931653
0.0104808
0.0104808
0.0131745
0.0137151
0.0109751
0.0142127
0.0139556
0.00900695
0.00848972
0.0120803
0.00970892
0.0121719
0.0108954
0.0135313
0.0136935
0.0109751
0.0133584
0.00702003
0.00910913
0.0144742
0.0144742
0.0117348
0.0155895
0.00646479
0.0142905
0.00885912
0.011919
0.0107908
0.0106181
0.0120691
0.00919153
0.009779
0.010112
0.00643925
0.0102728
0.0108716
0.0111593
0.00884675
0.0113895
