0.00460515
0.00428238
0.00149686
0.00930829
0.0073111
0.00715027
0.0057967
0.00698396
0.00674517
0.00420077
0.00690432
0.00628051
0.00698815
0.0101702
0.00484809
0.00412036
0.0115286
0.0067466
0.00268734
0.0113656
0.0114413
0.0057976
0.00476821
0.00882557
0.00563662
0.00428198
0.00706779
0.00595784
0.0083421
0.0111214
0.0057967
0.00563388
0.00587859
0.00906957
0.00452623
0.00214317
0.00436322
0.0075519
0.00723278
0.00149625
0.00484742
0.00730566
0.00690856
0.00747069
0.00587769
0.00787307
0.00968936
0.00611911
0.00692895
0.00125398
0.00595612
0.00682902
0.00690713
0.00603802
0.00428198
0.00531125
0.00571395
0.00730971
0.0132094
0.00436363
0.00849684
0.0083421
0.0112086
0.00555386
0.00898635
0.00523523
0.010254
0.00650386
0.00961541
0.00317207
0.00404087
0.00841565
0.00371954
0.006423
0.00809496
0.00722858
0.00897904
0.00555296
0.00722997
0.00571573
0.00531125
0.00276823
0.00531407
0.00818379
0.00738951
0.00793481
0.00404132
0.00522685
0.00244558
0.00101369
0.00874056
0.00563478
0.00260667
0.0100959
0.00157687
0.00260693
0.00682332
0.00452422
0.00547388
0.00658188
0.00395926
0.00420116
0.00490932
0.00633926
0.00849871
0.0042004
0.00436173
0.0045246
0.00228443
0.00698535
0.00690432
0.00612173
0.00857805
0.00165812
0.0124616
0.00260693
0.00555207
0.00547388
0.00619855
0.0014145
0.00698535
0.00190021
0.00539491
0.00730971
0.00747069
0.00858181
0.0132027
0.00236495
0.0070664
0.00444409
0.00547296
0.00730835
0.0086556
0.00523043
0.00682332
0.00571395
0.00666712
0.00809688
0.00506887
0.00506887
0.00674517
0.00587859
0.00539118
0.00117525
0.00977062
0.00276834
0.00268767
0.00555296
0.00595612
0.00977062
0.00428322
0.0115228
0.00403959
0.00117347
0.00825905
0.00276814
0.00682614
0.00563569
0.00906771
0.00850635
0.0102587
0.00890501
0.00587508
0.00309105
0.00715169
0.00619937
0.00579493
0.0046059
0.00547482
0.00715027
0.0055557
0.0116831
0.00658621
0.00714887
0.0044437
0.0079494
0.00923422
0.0111272
0.00509195
0.0103401
0.00476708
0.00842133
0.0112813
0.00444409
0.00563851
0.00571663
0.0088237
0.0102587
0.00731249
0.00420116
0.00436449
0.0112871
0.00747205
0.00595612
0.0107407
0.00866304
0.00722997
0.0057967
0.00173697
0.0089845
0.00468685
0.00922867
0.0113656
0.00834018
0.0112115
0.0047664
0.00571755
0.00292946
0.00842133
0.00404087
0.01104
0.00555296
0.00690572
0.00325277
0.00612084
0.00325255
0.00476744
0.00492845
0.0102611
0.00620194
0.00787437
0.00923051
0.0100959
0.0101749
0.00452498
0.00165751
0.0133695
0.00731532
0.00276814
0.00460515
0.00763314
0.00579581
0.00484844
0.00977302
0.00317195
0.00301028
0.00923236
0.00563662
0.0057976
0.0116916
0.00747342
0.00587769
0.00858181
0.0070664
0.00723278
0.00747342
0.00865929
0.00563662
0.00539491
0.00603802
0.00714887
0.0044437
0.00309087
0.00595784
0.00604066
0.0102635
0.0085025
0.00452422
0.0100888
0.00595784
0.00714887
0.00611997
0.00825524
0.00412163
0.00452387
0.00563388
0.00739087
0.00125516
0.00690713
0.00268748
0.00763314
0.00531125
0.00117405
0.00690156
0.00117405
0.00428123
0.00387989
0.00850442
0.0016594
0.00444332
0.00579493
0.0013357
0.00603802
0.0118519
0.00317184
0.00539029
0.00404043
0.00714475
0.00738816
0.00252616
0.00818183
0.00874242
0.00301028
0.0099356
0.00658621
0.00579581
0.00865744
0.00682614
0.00866116
0.00984951
0.00595784
0.0085006
0.00522951
0.00571483
0.00985671
0.00539118
0.00252631
0.00506981
0.00658331
0.00403959
0.00276814
0.00730971
0.0124854
0.00714475
0.00690432
0.00555477
0.00865744
0.00563478
0.00714887
0.00619855
0.0044437
0.00547296
0.00754924
0.00284892
0.00412077
0.00317195
0.00906771
0.00698535
0.00571483
0.00833263
0.00841942
0.00555386
0.00292989
0.00603889
0.00403959
0.00555386
0.00268757
0.00387773
0.00276806
0.00411997
0.00984714
0.0070692
0.00817796
0.00890316
0.00117405
0.0085762
0.0046063
0.00747481
0.00484881
0.00939158
-0.00153491
0.00563662
0.0073111
0.00436363
0.0101749
0.0032529
0.00444409
0.00952692
0.00706779
0.00690713
0.00682332
0.00603802
0.00714611
0.00436283
0.00595697
0.00387773
0.00452387
0.00611997
0.00420198
0.0104122
0.00857805
0.00301039
0.00444409
0.00436322
0.00260677
0.00738951
0.00579581
0.00730835
0.00125232
0.00268757
0.00563388
0.00468685
0.00707062
-1.99581e-05
0.00268734
0.00960573
0.00468647
0.00809882
0.00149508
0.012094
0.0045246
0.00882184
0.00882557
0.00882184
0.00404043
0.00722721
0.00730971
0.0089845
0.00292976
0.00428279
0.0134479
0.0116916
0.00276814
0.00993801
0.00931195
0.00771711
0.00563756
0.00787834
0.00460671
0.010743
0.00755463
0.00779569
0.00922685
0.00325265
0.00668498
0.00628135
0.00484652
0.00771711
0.00611997
0.0102563
0.00747205
0.00763449
0.0105753
0.00739087
0.00595697
0.00747205
0.00898821
0.00874618
0.00341512
0.00874429
0.00730835
0.0102516
0.00779703
0.00444332
-1.99581e-05
0.00882936
0.0133695
0.00850442
0.00857992
0.00452498
0.00628135
0.00571755
0.00620021
0.00755326
0.00755463
0.0104984
0.00763586
0.00906403
0.00587594
0.00579581
0.0114471
0.0127129
0.0127129
0.0044437
0.00730971
0.00714475
0.00722721
0.00906586
0.00460446
0.00547029
0.00379921
0.00533464
0.00555858
0.00898635
0.00795442
0.00181949
0.00763586
0.00882936
0.00787568
0.00779305
0.00755601
0.00755601
0.00595961
0.00603889
0.00603889
0.00739364
0.00292964
0.00317174
0.00730971
0.00571755
0.00747342
0.00612355
0.00731249
0.00276823
0.00747205
0.00620107
0.00460552
0.00755463
0.01082
0.00390058
0.00587859
0.00525285
0.0088237
0.00620372
0.0033339
0.00404087
0.00444332
0.00595872
0.00301028
0.0120123
0.00309105
0.0115257
0.00755056
0.00476708
0.00539302
0.00539302
0.00571755
0.00571755
0.00428322
0.00428198
0.00317207
0.00317207
0.00571755
0.0057976
0.00747481
0.0057967
0.00292954
0.00292938
0.00165751
0.0101797
0.00284883
0.00587594
0.00173756
0.00620021
0.00620021
0.00739225
0.00587769
0.00619937
0.00714887
0.00595872
0.00595872
0.00763314
0.0085837
0.0045246
0.0103378
0.00849871
0.00292964
0.00628306
0.00317174
0.0057967
0.00555858
0.00403845
-0.0823632
-0.00919758
0.0263477
0.0180697
0.0187543
0.00485303
-0.0883465
-0.0608457
-0.0497586
-0.0945346
-0.090796
-0.100621
-0.0982078
-0.0657688
-0.0657688
-0.07034
-0.0906386
-0.0984728
-0.0220579
-0.0182381
0.000131552
-0.0297642
-0.012711
-0.0227017
-0.0179292
-0.0322012
-0.0240575
-0.0141412
-0.0252545
-0.0212242
-0.0249469
-0.0291971
-0.0171242
-0.022037
-0.0284711
-0.0154719
-0.028603
-0.0281737
-0.0194952
-0.0224064
-0.0235039
-0.022374
-0.0210972
-0.0240873
-0.0186879
-0.02117
-0.0184721
-0.0192428
-0.0243398
-0.0173868
-0.0152004
-0.0183334
-0.0153497
-0.0208079
-0.0224071
-0.0198612
-0.0145497
-0.0227712
-0.0214258
-0.0231596
-0.0230837
-0.0168856
-0.0218889
-0.0219613
-0.0242114
-0.0240575
-0.0167337
-0.020839
-0.0204447
-0.0189553
-0.0197147
-0.0200068
-0.0242693
-0.0247082
-0.0160352
-0.0203717
-0.017093
-0.0174575
-0.0229233
-0.0198938
-0.0180437
-0.0235765
-0.0154183
-0.0166169
-0.0196771
-0.0179649
-0.014732
-0.0192446
-0.0170245
-0.026048
-0.0555275
-0.0484401
-0.0955139
-0.0990975
-0.0832992
-0.123606
-0.0860535
-0.0798061
-0.0974426
-0.0814317
-0.0883023
-0.0936595
-0.0821749
-0.0922442
-0.0880463
-0.0878436
-0.0916728
-0.0852179
-0.0886616
-0.0910062
-0.0796049
-0.0846771
-0.0879755
-0.0892782
-0.0886639
-0.0886639
-0.0849624
-0.0849624
-0.087225
-0.087225
-0.0841791
-0.0841791
-0.0838477
-0.0861859
-0.0887422
-0.08416
-0.0870033
-0.0870033
-0.0867617
-0.0825702
-0.0950955
-0.0846885
-0.0865167
-0.086915
-0.085636
-0.085636
-0.0870479
-0.139549
-0.119087
-0.123247
-0.175734
-0.146161
-0.146161
-0.126042
-0.118031
-0.123954
-0.122078
-0.117713
-0.126546
-0.123849
-0.121495
-0.121811
-0.120917
-0.120432
-0.123567
-0.121333
-0.118674
-0.122806
-0.124506
-0.123578
-0.12905
-0.125128
-0.120319
-0.11979
-0.122344
-0.127845
-0.121943
-0.123185
-0.123185
-0.122457
-0.123789
-0.121963
-0.124331
-0.128614
-0.120101
-0.125471
-0.121242
-0.117037
-0.118724
-0.118122
-0.122648
-0.121592
-0.118182
-0.124143
-0.1211
-0.128496
-0.13054
-0.120269
-0.121927
-0.116788
-0.117647
-0.131011
-0.144649
-0.163654
-0.189278
-0.183128
-0.2127
-0.216143
-0.224107
-0.248281
-0.198757
-0.224756
-0.198221
-0.188127
-0.193593
-0.166451
-0.181881
-0.169188
-0.169188
-0.15822
-0.158515
-0.153902
-0.150074
-0.161137
-0.168674
-0.168149
-0.171305
-0.176376
-0.16074
-0.175853
-0.175853
-0.1786
-0.17542
-0.175401
-0.176991
-0.181628
-0.181628
-0.181081
-0.182375
-0.178004
-0.175922
-0.178142
-0.17784
-0.179716
-0.179736
-0.179746
-0.18432
-0.179538
-0.176478
-0.173849
-0.177125
-0.175571
-0.1772
-0.17686
-0.177258
-0.181704
-0.172688
-0.174352
-0.182327
-0.177522
-0.17574
-0.178717
-0.183247
-0.180006
-0.176728
-0.175345
-0.17703
-0.179753
-0.175041
-0.181132
-0.181032
-0.176115
-0.185703
-0.187004
-0.18252
-0.178902
-0.185059
-0.188453
-0.182333
-0.184081
-0.177798
-0.176285
-0.176285
-0.174412
-0.170822
-0.170384
-0.178029
-0.181281
-0.171635
-0.173382
-0.15925
-0.15732
-0.150238
-0.145937
-0.139975
-0.132774
-0.132774
-0.117666
-0.12155
-0.120638
-0.107015
-0.107015
-0.122167
-0.0878557
-0.106303
-0.111133
-0.114803
-0.118407
-0.11542
-0.121306
-0.122108
-0.122677
-0.137334
-0.143007
-0.143672
-0.154222
-0.145979
-0.151325
-0.14827
-0.150312
-0.135208
-0.146667
-0.15426
-0.1528
-0.15307
-0.14614
-0.150152
-0.146801
-0.154292
-0.154441
-0.154593
-0.156542
-0.154753
-0.164205
-0.173825
-0.173795
-0.166078
-0.165972
-0.16784
-0.159799
-0.157645
-0.159599
-0.161506
-0.173461
-0.17145
-0.175391
-0.165476
-0.167466
-0.169446
-0.167426
-0.169493
-0.161525
-0.163554
-0.155593
-0.151621
-0.157572
-0.159566
-0.155694
-0.149811
-0.14565
-0.145528
-0.147508
-0.145709
-0.14574
-0.151626
-0.145723
-0.143617
-0.147387
-0.141282
-0.149366
-0.151463
-0.155517
-0.153511
-0.161363
-0.151362
-0.155282
-0.149338
-0.16343
-0.15755
-0.151366
-0.145387
-0.14542
-0.149432
-0.149319
-0.155265
-0.159347
-0.157357
-0.149211
-0.15311
-0.153038
-0.147021
-0.157076
-0.152982
-0.15102
-0.150959
-0.155034
-0.153061
-0.147227
-0.147346
-0.139346
-0.13924
-0.135117
-0.148856
-0.156823
-0.146822
-0.152814
-0.154695
-0.152816
-0.1689
-0.157015
-0.151062
-0.15308
-0.151085
-0.146962
-0.148905
-0.148791
-0.144699
-0.142666
-0.144579
-0.146618
-0.148628
-0.148699
-0.144841
-0.136739
-0.146606
-0.14455
-0.144637
-0.140515
-0.140443
-0.142476
-0.142521
-0.14437
-0.140108
-0.14422
-0.14646
-0.142556
-0.140474
-0.146538
-0.142564
-0.144602
-0.134567
-0.134567
-0.134418
-0.138428
-0.144434
-0.148284
-0.146235
-0.144181
-0.160525
-0.15858
-0.152485
-0.144225
-0.14823
-0.152312
-0.140291
-0.13796
-0.134001
-0.136069
-0.146064
-0.140103
-0.140103
-0.143803
-0.143761
-0.147901
-0.152033
-0.147981
-0.144033
-0.140002
-0.137791
-0.139875
-0.139831
-0.143803
-0.147779
-0.147697
-0.151799
-0.153742
-0.159988
-0.168146
-0.154103
-0.145882
-0.145882
-0.147714
-0.155768
-0.157797
-0.149857
-0.159762
-0.14963
-0.151581
-0.161952
-0.161932
-0.159775
-0.149587
-0.15763
-0.155525
-0.157495
-0.159509
-0.163371
-0.155154
-0.153093
-0.159337
-0.159544
-0.151448
-0.153279
-0.151088
-0.145036
-0.149132
-0.153283
-0.161562
-0.155497
-0.157214
-0.161074
-0.165257
-0.161351
-0.161356
-0.165195
-0.167333
-0.163239
-0.163139
-0.169152
-0.169152
-0.156963
-0.16096
-0.160904
-0.158909
-0.162927
-0.16702
-0.164874
-0.158813
-0.160903
-0.152779
-0.16065
-0.152321
-0.158567
-0.146289
-0.156276
-0.158428
-0.158512
-0.158618
-0.154507
-0.154507
-0.156742
-0.160882
-0.156802
-0.154557
-0.154367
-0.152282
-0.16257
-0.160604
-0.158496
-0.162509
-0.16047
-0.160527
-0.164543
-0.164612
-0.158514
-0.152314
-0.160389
-0.158295
-0.162136
-0.15806
-0.162124
-0.166285
-0.166383
-0.156104
-0.164342
-0.156114
-0.160205
-0.14783
-0.153902
-0.16007
-0.156109
-0.160337
-0.154079
-0.151643
-0.16189
-0.162324
-0.160451
-0.156247
-0.15408
-0.151927
-0.156022
-0.155709
-0.147414
-0.166026
-0.160144
-0.160367
-0.158201
-0.156008
-0.157967
-0.162178
-0.154315
-0.158261
-0.160165
-0.147551
-0.149515
-0.155693
-0.159804
-0.155712
-0.155712
-0.151638
-0.153913
-0.160178
-0.156104
-0.145728
-0.153788
-0.151731
-0.151838
-0.152069
-0.148009
-0.147663
-0.1517
-0.15602
-0.149993
-0.151889
-0.153878
-0.151893
-0.153773
-0.143536
-0.147725
-0.147777
-0.147732
-0.151833
-0.141523
-0.147443
-0.147443
-0.15376
-0.139553
-0.13316
-0.149406
-0.143257
-0.147227
-0.149332
-0.14538
-0.135411
-0.143393
-0.133177
-0.132992
-0.132975
-0.134997
-0.133033
-0.141477
-0.147605
-0.137175
-0.134917
-0.138762
-0.136728
-0.139135
-0.141225
-0.149405
-0.133079
-0.135143
-0.143036
-0.142994
-0.143113
-0.138912
-0.134745
-0.143048
-0.13704
-0.135059
-0.134957
-0.141073
-0.139235
-0.127123
-0.135183
-0.128898
-0.128898
-0.128762
-0.134775
-0.132648
-0.130741
-0.130741
-0.131277
-0.124778
-0.12486
-0.128719
-0.128639
-0.132905
-0.135138
-0.137049
-0.133003
-0.135147
-0.13728
-0.141893
-0.139932
-0.133526
-0.127104
-0.128898
-0.131043
-0.138882
-0.139145
-0.135066
-0.139098
-0.12856
-0.128854
-0.139358
-0.131247
-0.129244
-0.122974
-0.130961
-0.134972
-0.128789
-0.141157
-0.128892
-0.133117
-0.131154
-0.131077
-0.133144
-0.128902
-0.128957
-0.139074
-0.12479
-0.133026
-0.124709
-0.130987
-0.128844
-0.130618
-0.126397
-0.135048
-0.124933
-0.131085
-0.124964
-0.130944
-0.137042
-0.128883
-0.130713
-0.1307
-0.122954
-0.133381
-0.131274
-0.137174
-0.120829
-0.137109
-0.133001
-0.135169
-0.143527
-0.137279
-0.136989
-0.133064
-0.133022
-0.141402
-0.139312
-0.14161
-0.129478
-0.135497
-0.135689
-0.139881
-0.141692
-0.156026
-0.148029
-0.146159
-0.152374
-0.148411
-0.160371
-0.14014
-0.160637
-0.150601
-0.15061
-0.150507
-0.150567
-0.150624
-0.146541
-0.154593
-0.14649
-0.154658
-0.146332
-0.156338
-0.158432
-0.154308
-0.164293
-0.154219
-0.160521
-0.152304
-0.150347
-0.148492
-0.152767
-0.150615
-0.162861
-0.154478
-0.158575
-0.148207
-0.160074
-0.164157
-0.168495
-0.162735
-0.164788
-0.164868
-0.150668
-0.152319
-0.158316
-0.156407
-0.162456
-0.172543
-0.16664
-0.166665
-0.164452
-0.166657
-0.174859
-0.173001
-0.16896
-0.166747
-0.164639
-0.166812
-0.166697
-0.168533
-0.170508
-0.172647
-0.172647
-0.166845
-0.166927
-0.162752
-0.162752
-0.16697
-0.173133
-0.173133
-0.170976
-0.166868
-0.166868
-0.17695
-0.176977
-0.176752
-0.176752
-0.178938
-0.174722
-0.170661
-0.172771
-0.172771
-0.174776
-0.179066
-0.172946
-0.174813
-0.170632
-0.174591
-0.172725
-0.174969
-0.174823
-0.180768
-0.174829
-0.176903
-0.180886
-0.174777
-0.176912
-0.174753
-0.174825
-0.178874
-0.176642
-0.180624
-0.178647
-0.184936
-0.182945
-0.185011
-0.18087
-0.178516
-0.178516
-0.180962
-0.178903
-0.172758
-0.168773
-0.158671
-0.164543
-0.122412
-0.120618
-0.128548
-0.109146
-0.127651
-0.105409
-0.111068
-0.110748
-0.106874
-0.121301
-0.113712
-0.103726
-0.103726
-0.109091
-0.11284
-0.112894
-0.102798
-0.115091
-0.115091
-0.0970456
-0.101045
-0.0967986
-0.0990566
-0.092655
-0.102815
-0.109362
-0.101545
-0.099333
-0.0928882
-0.100896
-0.109031
-0.107245
-0.111518
-0.113472
-0.105356
-0.108878
-0.0965979
-0.11094
-0.106933
-0.106933
-0.103056
-0.105278
-0.107164
-0.105258
-0.0952357
-0.101297
-0.102923
-0.102475
-0.094531
-0.106585
-0.110491
-0.102198
-0.102135
-0.108346
-0.114832
-0.11115
-0.106731
-0.10419
-0.106098
-0.112226
-0.110396
-0.112708
-0.108602
-0.118817
-0.102454
-0.121055
-0.110906
-0.11248
-0.118844
-0.117059
-0.123208
-0.117078
-0.129217
-0.1212
-0.125068
-0.121047
-0.121548
-0.119685
-0.119294
-0.11884
-0.122763
-0.122552
-0.130558
-0.126642
-0.134679
-0.11849
-0.12664
-0.140677
-0.132456
-0.13449
-0.128567
-0.132682
-0.132878
-0.128795
-0.134683
-0.136691
-0.148926
-0.145352
-0.145615
-0.139563
-0.135359
-0.133073
-0.140874
-0.14261
-0.142442
-0.148388
-0.150562
-0.144487
-0.148599
-0.148471
-0.152403
-0.142205
-0.150425
-0.160594
-0.154487
-0.146345
-0.154536
-0.152582
-0.162778
-0.160747
-0.160769
-0.15878
-0.166882
-0.170889
-0.166833
-0.177028
-0.166788
-0.168904
-0.162805
-0.164749
-0.162625
-0.156407
-0.156494
-0.164691
-0.164636
-0.166742
-0.164602
-0.172659
-0.164545
-0.166558
-0.168645
-0.16864
-0.170726
-0.158228
-0.162394
-0.176637
-0.174533
-0.166291
-0.174513
-0.166273
-0.170328
-0.174429
-0.166272
-0.17043
-0.176413
-0.166259
-0.17015
-0.176299
-0.180286
-0.180327
-0.178311
-0.1803
-0.18028
-0.182317
-0.180328
-0.176327
-0.17832
-0.182495
-0.188628
-0.178302
-0.188607
-0.186596
-0.184428
-0.168143
-0.180389
-0.174185
-0.178171
-0.186285
-0.182109
-0.182109
-0.182186
-0.180171
-0.186295
-0.186295
-0.188231
-0.186216
-0.192362
-0.192421
-0.192421
-0.186128
-0.184112
-0.181983
-0.186104
-0.182006
-0.186148
-0.186148
-0.177987
-0.182016
-0.188079
-0.181908
-0.181893
-0.177849
-0.179985
-0.184064
-0.171714
-0.182033
-0.17574
-0.177848
-0.184019
-0.179823
-0.173782
-0.17565
-0.173721
-0.17378
-0.163652
-0.121896
-0.100353
-0.0945729
-0.0846717
-0.0850011
-0.0910297
-0.0850753
-0.0811298
-0.0810701
-0.0771305
-0.0772368
-0.0752826
-0.0732747
-0.0793332
-0.0798662
-0.0762305
-0.0702262
-0.0576402
-0.0718772
-0.0702654
-0.0703132
-0.0602897
-0.0698531
-0.067701
-0.0695928
-0.0778205
-0.0715796
-0.0653785
-0.0729711
-0.0695006
-0.0676731
-0.0753489
-0.053444
-0.0716004
-0.0657223
-0.0674087
-0.0694424
-0.0655089
-0.069589
-0.0638108
-0.0759806
-0.0704608
-0.066331
-0.0638294
-0.0576119
-0.0593336
-0.0708168
-0.0629912
-0.0713557
-0.0754631
-0.0679196
-0.0802649
-0.0597398
-0.0593262
-0.067584
-0.0662015
-0.065687
-0.0651906
-0.0610411
-0.0610411
-0.0674128
-0.0748094
-0.0689571
-0.0692155
-0.0712128
-0.0672817
-0.0657598
-0.0653088
-0.0725968
-0.0606376
-0.0611131
-0.0636485
-0.0592966
-0.0531956
-0.0611701
-0.0653274
-0.0637345
-0.0671718
-0.065016
-0.065016
-0.0794795
-0.0718206
-0.0738107
-0.0613271
-0.0729917
-0.0629663
-0.0685458
-0.0686998
-0.0706944
-0.0789042
-0.0709246
-0.0651166
-0.0713468
-0.0720672
-0.0600607
-0.0699514
-0.0640816
-0.0596515
-0.0674732
-0.0753654
-0.0676211
-0.0775035
-0.0830865
-0.0829239
-0.0790618
-0.0811042
-0.0728664
-0.0771059
-0.0689075
-0.0728874
-0.0644573
-0.0657966
-0.0746859
-0.062989
-0.0588182
-0.0672158
-0.0592162
-0.0632091
-0.0632091
-0.069348
-0.0691549
-0.0753767
-0.0754839
-0.0714646
-0.0672209
-0.0670551
-0.0691653
-0.0750402
-0.0708999
-0.0750281
-0.0772247
-0.0670808
-0.0746446
-0.0729009
-0.0766487
-0.0786395
-0.0731202
-0.0670839
-0.0730813
-0.0611065
-0.071288
-0.0711815
-0.0691081
-0.0731621
-0.0791161
-0.0771809
-0.0729817
-0.0791101
-0.0812867
-0.0812144
-0.072696
-0.0727798
-0.0793452
-0.0787739
-0.0721913
-0.0766838
-0.0747044
-0.0725188
-0.0809228
-0.0750966
-0.0705456
-0.064382
-0.0729711
-0.0711115
-0.0727108
-0.0763153
-0.074625
-0.0768465
-0.0887384
-0.0845986
-0.0766621
-0.0766419
-0.0766491
-0.0790309
-0.0830307
-0.0803612
-0.0820267
-0.0820267
-0.0841432
-0.086586
-0.0807473
-0.0787382
-0.0787382
-0.0788765
-0.0788765
-0.0787267
-0.0863066
-0.0861779
-0.0847552
-0.0784066
-0.0900769
-0.0820078
-0.0817297
-0.0820561
-0.0826495
-0.0848752
-0.0787314
-0.0839403
-0.0874658
-0.0880244
-0.0922059
-0.0901146
-0.0885704
-0.080441
-0.0842204
-0.0800311
-0.0806136
-0.0807014
-0.0760988
-0.0822321
-0.0803497
-0.0862496
-0.0778901
-0.0839659
-0.0780415
-0.0737512
-0.0737512
-0.077903
-0.0840416
-0.078119
-0.0837189
-0.0899031
-0.0859625
-0.0901137
-0.0857848
-0.0897656
-0.0798101
-0.0838552
-0.0816513
-0.0940885
-0.0942783
-0.0900357
-0.0896269
-0.0836873
-0.0838945
-0.0838622
-0.0940504
-0.0919296
-0.0922676
-0.0902388
-0.0959468
-0.100065
-0.104491
-0.0942208
-0.0939554
-0.1001
-0.0980728
-0.0939262
-0.0939262
-0.0962097
-0.0977771
-0.103642
-0.105678
-0.101643
-0.0997412
-0.101643
-0.101901
-0.0960092
-0.102123
-0.0965061
-0.100414
-0.0980059
-0.0981066
-0.10206
-0.099676
-0.107523
-0.104119
-0.104429
-0.108387
-0.112318
-0.107957
-0.109613
-0.111773
-0.103739
-0.111654
-0.107521
-0.111158
-0.109084
-0.113075
-0.113415
-0.10332
-0.117817
-0.117817
-0.108538
-0.110231
-0.110137
-0.110291
-0.118166
-0.111927
-0.113809
-0.111592
-0.117672
-0.117734
-0.123719
-0.119796
-0.119796
-0.111619
-0.111617
-0.103671
-0.111676
-0.107169
-0.117199
-0.113441
-0.115236
-0.117301
-0.12373
-0.123653
-0.119692
-0.124019
-0.12185
-0.113651
-0.111489
-0.115411
-0.11119
-0.119437
-0.11118
-0.117929
-0.101933
-0.10736
-0.100615
-0.112974
-0.107445
-0.11284
-0.121001
-0.121297
-0.120884
-0.120884
-0.121242
-0.115666
-0.111664
-0.113879
-0.113977
-0.113606
-0.108727
-0.120762
-0.127188
-0.125742
-0.131827
-0.13571
-0.123498
-0.129512
-0.136191
-0.129691
-0.129691
-0.117369
-0.117369
-0.121416
-0.11698
-0.120822
-0.120822
-0.129629
-0.129629
-0.121565
-0.121204
-0.129319
-0.125539
-0.133654
-0.143053
-0.162411
-0.167151
-0.163312
-0.159197
-0.153336
-0.169371
-0.156074
-0.160182
-0.154495
-0.156617
-0.156994
-0.155416
-0.149717
-0.153515
-0.149612
-0.149606
-0.143921
-0.149862
-0.146227
-0.154161
-0.16023
-0.166159
-0.175698
-0.181368
-0.172056
-0.166437
-0.1627
-0.170178
-0.166549
-0.168399
-0.181427
-0.187007
-0.190671
-0.192447
-0.192457
-0.19243
-0.190553
-0.194224
-0.199708
-0.201525
-0.205111
-0.199601
-0.203212
-0.201432
-0.203232
-0.197711
-0.19769
-0.199521
-0.201381
-0.19036
-0.195837
-0.195808
-0.190408
-0.192209
-0.192224
-0.190378
-0.193968
-0.190396
-0.19215
-0.193924
-0.199367
-0.199413
-0.197581
-0.199361
-0.197485
-0.19934
-0.19934
-0.206611
-0.197513
-0.199285
-0.204769
-0.20658
-0.206529
-0.199292
-0.201123
-0.199265
-0.19747
-0.193852
-0.202855
-0.202898
-0.202908
-0.195585
-0.195594
-0.197377
-0.200971
-0.201009
-0.202771
-0.195543
-0.19733
-0.202753
-0.20278
-0.200927
-0.201016
-0.204511
-0.199157
-0.202665
-0.202756
-0.202732
-0.199091
-0.19917
-0.199081
-0.208102
-0.204525
-0.202668
-0.209904
-0.200907
-0.211728
-0.204521
-0.204467
-0.200863
-0.208014
-0.20622
-0.206155
-0.20437
-0.200782
-0.200752
-0.202663
-0.209808
-0.208001
-0.202633
-0.206217
-0.204429
-0.204375
-0.207954
-0.202583
-0.202532
-0.200711
-0.202577
-0.206104
-0.207934
-0.207942
-0.204333
-0.206113
-0.207947
-0.206141
-0.209756
-0.202508
-0.206113
-0.20617
-0.206063
-0.209693
-0.211522
-0.200741
-0.206125
-0.204302
-0.209706
-0.213199
-0.204283
-0.207879
-0.200709
-0.200701
-0.207899
-0.198947
-0.200709
-0.202417
-0.204205
-0.202447
-0.206047
-0.202438
-0.204242
-0.198875
-0.209612
-0.20958
-0.205937
-0.207814
-0.204266
-0.202455
-0.206018
-0.205924
-0.207779
-0.211375
-0.207851
-0.206006
-0.204164
-0.205976
-0.213152
-0.213116
-0.202384
-0.202425
-0.20061
-0.207757
-0.211336
-0.209518
-0.207718
-0.205894
-0.205946
-0.20238
-0.204096
-0.209514
-0.205854
-0.205867
-0.20408
-0.207721
-0.205946
-0.209473
-0.204094
-0.205894
-0.202319
-0.209391
-0.205859
-0.205876
-0.202343
-0.205876
-0.205832
-0.207689
-0.202279
-0.205868
-0.204103
-0.202275
-0.212966
-0.205894
-0.209408
-0.213006
-0.211234
-0.209412
-0.207622
-0.205806
-0.207631
-0.205868
-0.204094
-0.207625
-0.202256
-0.205774
-0.207586
-0.203969
-0.204045
-0.202237
-0.209327
-0.20581
-0.205806
-0.207566
-0.20042
-0.21118
-0.20577
-0.209346
-0.212874
-0.205779
-0.209312
-0.207531
-0.207502
-0.20572
-0.205751
-0.212822
-0.209327
-0.20935
-0.207501
-0.207501
-0.207464
-0.209312
-0.207538
-0.203956
-0.19682
-0.207432
-0.203939
-0.202169
-0.205688
-0.209191
-0.203856
-0.207482
-0.203935
-0.20389
-0.205688
-0.203906
-0.209275
-0.209231
-0.205674
-0.205655
-0.203847
-0.207459
-0.205669
-0.209154
-0.205678
-0.21282
-0.207435
-0.207426
-0.200338
-0.211021
-0.198478
-0.207333
-0.210943
-0.209109
-0.205547
-0.205609
-0.205609
-0.209166
-0.205552
-0.202038
-0.203835
-0.205632
-0.209133
-0.210903
-0.209124
-0.205561
-0.210924
-0.207325
-0.203801
-0.203853
-0.203761
-0.20558
-0.207324
-0.205528
-0.203765
-0.20917
-0.207257
-0.203797
-0.209182
-0.203768
-0.203775
-0.210958
-0.216252
-0.212608
-0.205542
-0.209097
-0.205561
-0.205585
-0.20199
-0.207294
-0.212653
-0.205609
-0.207324
-0.207251
-0.207305
-0.202004
-0.20729
-0.209141
-0.203733
-0.207259
-0.209108
-0.203742
-0.202046
-0.20376
-0.20376
-0.203701
-0.203795
-0.203757
-0.207278
-0.209057
-0.200283
-0.20913
-0.209059
-0.203714
-0.210853
-0.203706
-0.200144
-0.209084
-0.202029
-0.209117
-0.210847
-0.210819
-0.20721
-0.205513
-0.210816
-0.210816
-0.205537
-0.210809
-0.209029
-0.207359
-0.209085
-0.200231
-0.20906
-0.210804
-0.207253
-0.208996
-0.205504
-0.201957
-0.208958
-0.20186
-0.205494
-0.209063
-0.214366
-0.203725
-0.203644
-0.210781
-0.209019
-0.201872
-0.212553
-0.207205
-0.20547
-0.212505
-0.208948
-0.203599
-0.205416
-0.205431
-0.214201
-0.207144
-0.205372
-0.208939
-0.201825
-0.201813
-0.203594
-0.203566
-0.200052
-0.208917
-0.203565
-0.208973
-0.208882
-0.198315
-0.208936
-0.208866
-0.208927
-0.205297
-0.203545
-0.210674
-0.207048
-0.215985
-0.203566
-0.207089
-0.207083
-0.207147
-0.207144
-0.205367
-0.203521
-0.208893
-0.205332
-0.208874
-0.205352
-0.205352
-0.205322
-0.203596
-0.201734
-0.205322
-0.198209
-0.207093
-0.207043
-0.210657
-0.203592
-0.203537
-0.200014
-0.210597
-0.20891
-0.205352
-0.200059
-0.214319
-0.210661
-0.203506
-0.203548
-0.215907
-0.208813
-0.207161
-0.212369
-0.212419
-0.210609
-0.205307
-0.208889
-0.203488
-0.210557
-0.207094
-0.21239
-0.205226
-0.207046
-0.205272
-0.201793
-0.203532
-0.212364
-0.207051
-0.210564
-0.207052
-0.212355
-0.203507
-0.208732
-0.210603
-0.203538
-0.205297
-0.210654
-0.210514
-0.201715
-0.205277
-0.208948
-0.210538
-0.210576
-0.208762
-0.208814
-0.208785
-0.199972
-0.205292
-0.203447
-0.203503
-0.205292
-0.207065
-0.208772
-0.203524
-0.205236
-0.205346
-0.207045
-0.205261
-0.210544
-0.207035
-0.205226
-0.21056
-0.208724
-0.210547
-0.210544
-0.210524
-0.207055
-0.207014
-0.207014
-0.206994
-0.205261
-0.210557
-0.205225
-0.205215
-0.206942
-0.2052
-0.212383
-0.210494
-0.205271
-0.210527
-0.212329
-0.208796
-0.207069
-0.20526
-0.210601
-0.215829
-0.221001
-0.213955
-0.210486
-0.206931
-0.2123
-0.213994
-0.203358
-0.212333
-0.212259
-0.21393
-0.208565
-0.210451
-0.203409
-0.205246
-0.208585
-0.208652
-0.215614
-0.215579
-0.208657
-0.210361
-0.212254
-0.213902
-0.213912
-0.219257
-0.210431
-0.212115
-0.215708
-0.215681
-0.205065
-0.215773
-0.217473
-0.210461
-0.213906
-0.213873
-0.212082
-0.213955
-0.2104
-0.212132
-0.212169
-0.20687
-0.213924
-0.210333
-0.206894
-0.208667
-0.213849
-0.210408
-0.208693
-0.21209
-0.210416
-0.215681
-0.213863
-0.213885
-0.208677
-0.215623
-0.219201
-0.20859
-0.210357
-0.212206
-0.212105
-0.210367
-0.212027
-0.20328
-0.213918
-0.210407
-0.21922
-0.210367
-0.210387
-0.210364
-0.208563
-0.210326
-0.212025
-0.212127
-0.212117
-0.212147
-0.210326
-0.217362
-0.208609
-0.2121
-0.213851
-0.210357
-0.215671
-0.212149
-0.203396
-0.206762
-0.208627
-0.215684
-0.215665
-0.21037
-0.215646
-0.215646
-0.21038
-0.215601
-0.215601
-0.208644
-0.212218
-0.217428
-0.217383
-0.212105
-0.210353
-0.210319
-0.21037
-0.21037
-0.210394
-0.212092
-0.21561
-0.208581
-0.210313
-0.213875
-0.21383
-0.208614
-0.210313
-0.206821
-0.210306
-0.208521
-0.213857
-0.213812
-0.208558
-0.213782
-0.21035
-0.212157
-0.213893
-0.213881
-0.213861
-0.212087
-0.21208
-0.210313
-0.206836
-0.213867
-0.213808
-0.212171
-0.213939
-0.213831
-0.212097
-0.208551
-0.210329
-0.212065
-0.217278
-0.208547
-0.215575
-0.215574
-0.21565
-0.204979
-0.210268
-0.206834
-0.210373
-0.217345
-0.208474
-0.215583
-0.206756
-0.212058
-0.20675
-0.210302
-0.213855
-0.210224
-0.210241
-0.21383
-0.21728
-0.210343
-0.215564
-0.2138
-0.206649
-0.210275
-0.210285
-0.211992
-0.213794
-0.212035
-0.213879
-0.206751
-0.210312
-0.210278
-0.215612
-0.215575
-0.208514
-0.212045
-0.208545
-0.212068
-0.213863
-0.213814
-0.212068
-0.215502
-0.21025
-0.208554
-0.212085
-0.215651
-0.213843
-0.20846
-0.208595
-0.217383
-0.215547
-0.217336
-0.217317
-0.20849
-0.210292
-0.210292
-0.210209
-0.213784
-0.212117
-0.212038
-0.215569
-0.212095
-0.212095
-0.21553
-0.210244
-0.210254
-0.213809
-0.2067
-0.206715
-0.213712
-0.215624
-0.206679
-0.219069
-0.211985
-0.210219
-0.212063
-0.210305
-0.217307
-0.212065
-0.208477
-0.213702
-0.213706
-0.212018
-0.210257
-0.210301
-0.212007
-0.210291
-0.210213
-0.204903
-0.215493
-0.210206
-0.213758
-0.211901
-0.208498
-0.215549
-0.208384
-0.2138
-0.210352
-0.204935
-0.212005
-0.21025
-0.205042
-0.213647
-0.210199
-0.213714
-0.215452
-0.215475
-0.215493
-0.210153
-0.210247
-0.21204
-0.213825
-0.210195
-0.217271
-0.2138
-0.213835
-0.213714
-0.208451
-0.211975
-0.211982
-0.212065
-0.211975
-0.210281
-0.21377
-0.213724
-0.211982
-0.215493
-0.210216
-0.211929
-0.21199
-0.21022
-0.21199
-0.215436
-0.217185
-0.215446
-0.215531
-0.212013
-0.211985
-0.211934
-0.211929
-0.201376
-0.211975
-0.211937
-0.211942
-0.217164
-0.213738
-0.213738
-0.211934
-0.208426
-0.213651
-0.210119
-0.211995
-0.210157
-0.217204
-0.213647
-0.211972
-0.211934
-0.220753
-0.210199
-0.212015
-0.210153
-0.208423
-0.213698
-0.211919
-0.211883
-0.212068
-0.212015
-0.210247
-0.210205
-0.210236
-0.210247
-0.211992
-0.211992
-0.215446
-0.215446
-0.211944
-0.211906
-0.211932
-0.208405
-0.215513
-0.215513
-0.213694
-0.215455
-0.215455
-0.215485
-0.213829
-0.215462
-0.213708
-0.206595
-0.204912
-0.204912
-0.206732
-0.210243
-0.20841
-0.21025
-0.211975
-0.208385
-0.215363
-0.215502
-0.211896
-0.204848
-0.211967
-0.215429
-0.213643
-0.211934
-0.211919
-0.208423
-0.206693
-0.217176
-0.208356
-0.208333
-0.215445
-0.20834
-0.215379
-0.210199
-0.213614
-0.215435
-0.215542
-0.213647
-0.213623
-0.222461
-0.213659
-0.210257
-0.210257
-0.208417
-0.21358
-0.210239
-0.217234
-0.213677
-0.213679
-0.213573
-0.208357
-0.210136
-0.215349
-0.215349
-0.210195
-0.215418
-0.21541
-0.208308
-0.208399
-0.206583
-0.206583
-0.211883
-0.208344
-0.215379
-0.211909
-0.210062
-0.210153
-0.210153
-0.206605
-0.211886
-0.206594
-0.217213
-0.211868
-0.210051
-0.211878
-0.21369
-0.206694
-0.210174
-0.206574
-0.208434
-0.218906
-0.213659
-0.206615
-0.215372
-0.20487
-0.210041
-0.208369
-0.208368
-0.210157
-0.213631
-0.206545
-0.211893
-0.211849
-0.211849
-0.210123
-0.213532
-0.211763
-0.210023
-0.210164
-0.210062
-0.217166
-0.210084
-0.206427
-0.210048
-0.20834
-0.208259
-0.213651
-0.206552
-0.20828
-0.213499
-0.20481
-0.208269
-0.215322
-0.210149
-0.215282
-0.208396
-0.204929
-0.213651
-0.215274
-0.210104
-0.21538
-0.210154
-0.20481
-0.213623
-0.213627
-0.210019
-0.210048
-0.213649
-0.213629
-0.211909
-0.213536
-0.210087
-0.213586
-0.201324
-0.218867
-0.204885
-0.215372
-0.21009
-0.211819
-0.208308
-0.211826
-0.213604
-0.21002
-0.211863
-0.20656
-0.213679
-0.210129
-0.208355
-0.210044
-0.21004
-0.20481
-0.213677
-0.206532
-0.217159
-0.20841
-0.211844
-0.215374
-0.20476
-0.206528
-0.206504
-0.211839
-0.213578
-0.206592
-0.218867
-0.211893
-0.213637
-0.213606
-0.213635
-0.21187
-0.208396
-0.213588
-0.213588
-0.206588
-0.208351
-0.215403
-0.215336
-0.20832
-0.206571
-0.20841
-0.213616
-0.206624
-0.208345
-0.208373
-0.208358
-0.215354
-0.213569
-0.208292
-0.210139
-0.211881
-0.208309
-0.210125
-0.211881
-0.21008
-0.215248
-0.217081
-0.215366
-0.211816
-0.211806
-0.204782
-0.204831
-0.2101
-0.208333
-0.210104
-0.211795
-0.217023
-0.211863
-0.210086
-0.208431
-0.213637
-0.213565
-0.211855
-0.208307
-0.211883
-0.206658
-0.21011
-0.204808
-0.211881
-0.208296
-0.210072
-0.206518
-0.210139
-0.213627
-0.218935
-0.211881
-0.211881
-0.213571
-0.206535
-0.210089
-0.208503
-0.213618
-0.211904
-0.206601
-0.204836
-0.215402
-0.211868
-0.211845
-0.210149
-0.211911
-0.206552
-0.206481
-0.21187
-0.210065
-0.211837
-0.215402
-0.208386
-0.213596
-0.210057
-0.208317
-0.210022
-0.210079
-0.210079
-0.209997
-0.213707
-0.211775
-0.213649
-0.206546
-0.215317
-0.211754
-0.210097
-0.211837
-0.210121
-0.211795
-0.210082
-0.217131
-0.208314
-0.210047
-0.213643
-0.21011
-0.211806
-0.211793
-0.208292
-0.206468
-0.211814
-0.217111
-0.208278
-0.211834
-0.208331
-0.215276
-0.208334
-0.211855
-0.211845
-0.210051
-0.211883
-0.208265
-0.211855
-0.215414
-0.2083
-0.213594
-0.217062
-0.211809
-0.21178
-0.208276
-0.217013
-0.211888
-0.210093
-0.21187
-0.211883
-0.211852
-0.215317
-0.208332
-0.215356
-0.201381
-0.211738
-0.211772
-0.213622
-0.208328
-0.210047
-0.211803
-0.20824
-0.210039
-0.203027
-0.210047
-0.211699
-0.206494
-0.208321
-0.203119
-0.210191
-0.210128
-0.208307
-0.21871
-0.217046
-0.208352
-0.206671
-0.206714
-0.213594
-0.213526
-0.213538
-0.206541
-0.208314
-0.210135
-0.210135
-0.210106
-0.206567
-0.208317
-0.21362
-0.2101
-0.210079
-0.210036
-0.208318
-0.213594
-0.210078
-0.211783
-0.21186
-0.208335
-0.20829
-0.211811
-0.208349
-0.213602
-0.210018
-0.211847
-0.213582
-0.213624
-0.206544
-0.213575
-0.213509
-0.213528
-0.208353
-0.21875
-0.211888
-0.211911
-0.208325
-0.211837
-0.210141
-0.208422
-0.213549
-0.208234
-0.211824
-0.213587
-0.213587
-0.208215
-0.208391
-0.210054
-0.199512
-0.211796
-0.209943
-0.210004
-0.213547
-0.213575
-0.210092
-0.208367
-0.217055
-0.209972
-0.210099
-0.21006
-0.206494
-0.21172
-0.20662
-0.211762
-0.211783
-0.217142
-0.208356
-0.204885
-0.213577
-0.208326
-0.208255
-0.213567
-0.211821
-0.211832
-0.211764
-0.211863
-0.206522
-0.206522
-0.20472
-0.208241
-0.211762
-0.213528
-0.213606
-0.210078
-0.210078
-0.206565
-0.208307
-0.213604
-0.210004
-0.21005
-0.21875
-0.208276
-0.20823
-0.208265
-0.208243
-0.210018
-0.208265
-0.213447
-0.20814
-0.211741
-0.210008
-0.211852
-0.206516
-0.206516
-0.208191
-0.213507
-0.210001
-0.209975
-0.21005
-0.213481
-0.206578
-0.213507
-0.208262
-0.208247
-0.206482
-0.202984
-0.20649
-0.211764
-0.208237
-0.215154
-0.210035
-0.203011
-0.208273
-0.203049
-0.204775
-0.210071
-0.21529
-0.210093
-0.201154
-0.215302
-0.208219
-0.213481
-0.213499
-0.21718
-0.21188
-0.213616
-0.211814
-0.21352
-0.206522
-0.210032
-0.211754
-0.210047
-0.210047
-0.20829
-0.208184
-0.211709
-0.215319
-0.20818
-0.206473
-0.211691
-0.211715
-0.210028
-0.210043
-0.208209
-0.213478
-0.213528
-0.204769
-0.202978
-0.210029
-0.211827
-0.213503
-0.21346
-0.210022
-0.204758
-0.208251
-0.206494
-0.213587
-0.206488
-0.20999
-0.213472
-0.211725
-0.210054
-0.208237
-0.213501
-0.211667
-0.211743
-0.208188
-0.21177
-0.211796
-0.210036
-0.21177
-0.211649
-0.208201
-0.20823
-0.211717
-0.211738
-0.206493
-0.206488
-0.206516
-0.210014
-0.202945
-0.208191
-0.211746
-0.202951
-0.213555
-0.211686
-0.211696
-0.215252
-0.208192
-0.201216
-0.208255
-0.213549
-0.211688
-0.208219
-0.210022
-0.209996
-0.211704
-0.209961
-0.208266
-0.211715
-0.209983
-0.211717
-0.206484
-0.206432
-0.211814
-0.209968
-0.208244
-0.208202
-0.201171
-0.211777
-0.208263
-0.208263
-0.20822
-0.211775
-0.213472
-0.20651
-0.209956
-0.21172
-0.206475
-0.204746
-0.209932
-0.215235
-0.20654
-0.202967
-0.213505
-0.208248
-0.215275
-0.211777
-0.208134
-0.208134
-0.208169
-0.211821
-0.209982
-0.208162
-0.21178
-0.208123
-0.2099
-0.209957
-0.211709
-0.211717
-0.21
-0.206538
-0.206414
-0.21172
-0.206503
-0.206499
-0.208234
-0.21172
-0.204823
-0.21
-0.209993
-0.20995
-0.209867
-0.204729
-0.215245
-0.209986
-0.213481
-0.208287
-0.210003
-0.209979
-0.216938
-0.208273
-0.208113
-0.213472
-0.211725
-0.209914
-0.20995
-0.211686
-0.206458
-0.210045
-0.211769
-0.206441
-0.204757
-0.208241
-0.208266
-0.208217
-0.21172
-0.206514
-0.209924
-0.213443
-0.208188
-0.208279
-0.206493
-0.21177
-0.204723
-0.210035
-0.210025
-0.210025
-0.210028
-0.213598
-0.21001
-0.215186
-0.209975
-0.209932
-0.209932
-0.211628
-0.209957
-0.210011
-0.208166
-0.211694
-0.20991
-0.206434
-0.211704
-0.208178
-0.20828
-0.210039
-0.209968
-0.211767
-0.211688
-0.209985
-0.206443
-0.209896
-0.211746
-0.213495
-0.20651
-0.20828
-0.208224
-0.209935
-0.208244
-0.206475
-0.206403
-0.216958
-0.208159
-0.216927
-0.20817
-0.211702
-0.20646
-0.20995
-0.202923
-0.216908
-0.204641
-0.206454
-0.211709
-0.213493
-0.20811
-0.213474
-0.208166
-0.208178
-0.206277
-0.211767
-0.206419
-0.209907
-0.211662
-0.208166
-0.202946
-0.215214
-0.202867
-0.209947
-0.204696
-0.211638
-0.20813
-0.2081
-0.206482
-0.204629
-0.208192
-0.211662
-0.211619
-0.206402
-0.208216
-0.215164
-0.20995
-0.206424
-0.20645
-0.213403
-0.204657
-0.208258
-0.202901
-0.208209
-0.206344
-0.206357
-0.211751
-0.2046
-0.208126
-0.211585
-0.208127
-0.208137
-0.20468
-0.208122
-0.204663
-0.208049
-0.208119
-0.206436
-0.206436
-0.208209
-0.21168
-0.211715
-0.208209
-0.202878
-0.213443
-0.206419
-0.208195
-0.208113
-0.211678
-0.206277
-0.211699
-0.208162
-0.206425
-0.206465
-0.211696
-0.206397
-0.206491
-0.206467
-0.211683
-0.21001
-0.202979
-0.208198
-0.211646
-0.208142
-0.211707
-0.210003
-0.206408
-0.199458
-0.211712
-0.211614
-0.209929
-0.208192
-0.215129
-0.206425
-0.204652
-0.204663
-0.201162
-0.209845
-0.204679
-0.211712
-0.211723
-0.209924
-0.209867
-0.209972
-0.208192
-0.208195
-0.208156
-0.204667
-0.209943
-0.2064
-0.209974
-0.211646
-0.211704
-0.208209
-0.20817
-0.204706
-0.213416
-0.208231
-0.209914
-0.208227
-0.206356
-0.213388
-0.202906
-0.204717
-0.204661
-0.211683
-0.209859
-0.211515
-0.206351
-0.204735
-0.206471
-0.208156
-0.206434
-0.209848
-0.211641
-0.209943
-0.211673
-0.206495
-0.206473
-0.209932
-0.206368
-0.20632
-0.209896
-0.20995
-0.209856
-0.209907
-0.208134
-0.204595
-0.208156
-0.209848
-0.208102
-0.213384
-0.206349
-0.204673
-0.204629
-0.216787
-0.20638
-0.208069
-0.204567
-0.211585
-0.208173
-0.206419
-0.20811
-0.204567
-0.209849
-0.206438
-0.20813
-0.204641
-0.209914
-0.209878
-0.209852
-0.209852
-0.209891
-0.213405
-0.215137
-0.209852
-0.206364
-0.213443
-0.209882
-0.211523
-0.208106
-0.209956
-0.201167
-0.20299
-0.206362
-0.206368
-0.213241
-0.209808
-0.213321
-0.209921
-0.209892
-0.209905
-0.213407
-0.211536
-0.204751
-0.206445
-0.206445
-0.204673
-0.208178
-0.208145
-0.21342
-0.206478
-0.204733
-0.209812
-0.20821
-0.208145
-0.206447
-0.209967
-0.208189
-0.213336
-0.211603
-0.208099
-0.195576
-0.201961
-0.192225
-0.192225
-0.181791
-0.19572
-0.173803
-0.178397
-0.166131
-0.17831
-0.17831
-0.172056
-0.175683
-0.154048
-0.241296
-0.18323
-0.161738
-0.236106
-0.244764
-0.238907
-0.347543
-0.364577
-0.366495
-0.31348
-0.308776
-0.316888
-0.141609
-0.0621327
-0.0267705
-0.00197759
-0.00255387
-0.00232225
0.00633056
0.00633056
0.0066447
0.00717939
0.00717939
0.00258011
0.00258011
0.00948667
0.00742256
0.00647001
0.0095501
0.00693376
0.00812729
0.0111279
0.00685689
0.0154155
0.0158824
0.0094616
0.0126337
0.0130216
0.011924
0.011924
0.00826932
0.0134204
0.00740823
0.0100154
0.00882036
0.0100917
0.0104821
0.0104821
0.0104781
0.0104781
0.0146831
0.0100877
0.00874357
0.0134913
0.0130923
0.00929938
0.010708
0.00937641
0.013805
0.0166395
0.016483
0.010331
0.0107926
0.015212
0.0171098
0.0126919
0.0168774
0.0157698
0.0126242
0.012458
0.0134216
0.0134216
0.01736
0.0171912
0.013972
0.0146875
0.0146875
0.0154555
0.0154555
0.0213129
0.0213129
0.0132419
0.0132419
0.0113501
0.0138762
0.011508
0.0115118
0.0142815
0.0191777
0.0138713
0.0134855
0.0145056
0.0157644
0.0161713
0.0145917
0.0156885
0.0146633
0.0146633
0.0100718
0.0134129
0.0145869
0.010156
0.0108033
0.0177561
0.0186062
0.0124655
0.0159377
0.0150653
0.0176803
0.0149935
0.0149791
0.0148164
0.0133915
0.0160032
0.0148022
0.0175055
0.0161766
0.0133915
0.016166
0.0131608
0.0148212
0.0162316
0.016166
0.0160898
0.0138021
0.0119711
0.00889857
0.0174125
0.0178963
0.0153049
0.0152861
0.0153049
0.0156217
0.0111082
0.0179021
0.0194862
0.0178906
0.0124543
0.0153723
0.0138835
0.0123806
0.0152046
0.0154679
0.0182119
0.0169607
0.0152955
0.013554
0.0168687
0.0168687
0.0168687
0.0128498
0.0180483
0.0176629
0.0199715
0.0109524
0.0157756
0.0198834
0.0167818
0.0152234
0.0171242
0.0182175
0.0187906
0.0148883
0.015377
0.0209
0.0148409
0.0145918
0.0186211
0.0154538
0.0128572
0.0199531
0.017978
0.0127685
0.0141026
0.0126206
0.0152908
0.00985547
0.0218591
0.0111082
0.019871
0.0216189
0.0216189
0.014184
0.0128426
0.0167209
0.0156893
0.0156893
0.0156893
0.0159483
0.0198895
0.0142948
0.0160207
0.0190962
0.0158573
0.0187906
0.0169607
0.0157709
0.0159343
0.0161842
0.0157709
0.0205278
0.0197952
0.0129204
0.0159977
0.0158619
0.013009
0.0146693
0.0113517
0.0161888
0.0127795
0.0174258
0.0171087
0.0111894
0.0156123
0.014184
0.0125356
0.0143512
0.0152861
0.019871
0.015617
0.0241203
0.0241203
0.0166341
0.0187514
0.0187514
0.0169248
0.0174462
0.0200228
0.0176868
0.0157709
0.0160794
0.0160794
0.0167105
0.018446
0.018446
0.0200927
0.0171087
0.0189321
0.0189321
0.0172672
0.0172672
0.0189154
0.0218394
0.0171087
0.0141758
0.0129276
0.0186805
0.0142697
0.0145061
0.0145061
0.0185167
0.0159297
0.0152721
0.0171087
0.0125172
0.0139355
0.0214413
0.0219021
0.0196129
0.0196129
0.0188334
0.0115924
0.0217375
0.0169401
0.0204032
0.0147428
0.0134129
0.0173388
0.0174207
0.0144286
0.0156847
0.014184
0.0126798
0.0173439
0.0204274
0.0198588
0.0160068
0.0160886
0.0133314
0.016084
0.022182
0.0148409
0.0148409
0.0148409
0.0220996
0.0220996
0.0162568
0.020187
0.0175845
0.0175845
0.0195615
0.0198588
0.012839
0.0154352
0.0175693
0.0168584
0.0180046
0.0160068
0.0147469
0.0161658
0.0178153
0.0190851
0.0161658
0.0187681
0.0201748
0.016084
0.0188501
0.0129132
0.0201748
0.0161521
0.0148941
0.0187569
0.0175744
0.0157663
0.0159297
0.0159931
0.0159931
0.0216057
0.020321
0.0157571
0.0157571
0.0187514
0.0155168
0.0175077
0.0215925
0.0188278
0.0215169
0.0190141
0.0217571
0.0177586
0.0154749
0.0160068
0.0187681
0.0149022
0.0160068
0.0160022
0.0160022
0.016016
0.0176614
0.0201748
0.0201748
0.0180715
0.0177434
0.020111
0.0187514
0.0179226
0.0219845
0.0224032
0.0158434
0.0191616
0.0136577
0.0206619
0.0143512
0.0206619
0.0208205
0.0152253
0.0181436
0.0205035
0.0186805
0.016639
0.016639
0.0231066
0.0194738
0.0134945
0.0162476
0.0181436
0.016648
0.0205857
0.0208205
0.0189154
0.0169715
0.0149103
0.016803
0.0135761
0.0164932
0.0165706
0.0147551
0.0179744
0.0193916
0.0160794
0.0133314
0.0163249
0.016976
0.0199676
0.0147387
0.0228922
0.016334
0.0205797
0.0164841
0.0162476
0.0179794
0.0225553
0.0196328
0.0208205
0.0181336
0.0194081
0.0208025
0.0164796
0.0204152
0.0133242
0.0139703
0.0208085
0.0149759
0.0191783
0.0195505
0.0156348
0.0163203
0.0207202
0.0136506
0.0193149
0.0204092
0.0192382
0.0223967
0.0189974
0.0147428
0.0147428
0.0177233
0.0175693
0.0175744
0.021978
0.0163249
0.0172519
0.0172519
0.0145714
0.011583
0.0218328
0.0179023
0.0146571
0.016566
0.0177333
0.019074
0.0180565
0.0219845
0.0207262
0.0187091
0.0182979
0.0204213
0.0172911
0.0238897
0.0238897
0.0175077
0.0193149
0.0188389
0.0134873
0.0180615
0.0206619
0.0152213
0.0132391
0.0207024
0.0190684
0.0178153
0.0203331
0.0210736
0.0211261
0.0207322
0.0207322
0.016234
0.0179744
0.0219021
0.0248176
0.0138886
0.0238071
0.0249078
0.0178973
0.0222318
0.0205797
0.0191561
0.0234012
0.0167896
0.016648
0.0210676
0.0135619
0.0195396
0.0195396
0.0208789
0.0174207
0.0188334
0.0160794
0.0165615
0.0163158
0.0209028
0.0211321
0.0191396
0.0212852
0.015381
0.0184673
0.019792
0.0139599
0.0204794
0.0160886
0.0193149
0.0193149
0.0195505
0.0163842
0.0208085
0.0170447
0.0210676
0.0191561
0.0183702
0.016721
0.0151354
0.0195451
0.0193204
0.0236488
0.0194628
0.0176513
0.0182157
0.0140521
0.0184623
0.0180465
0.0151394
0.0151394
0.0151394
0.0165615
0.0165615
0.0179844
0.0191616
0.0168805
0.0196274
0.0182108
0.0189209
0.0257815
0.016234
0.0164796
0.0148941
0.0180565
0.0196328
0.021138
0.0178153
0.0201824
0.016812
0.0191451
0.0139703
0.0208968
0.0239654
0.0164841
0.0153031
0.016557
0.0222253
0.02005
0.016712
0.0164841
0.0201809
0.0221428
0.0179794
0.0193861
0.0177383
0.0194628
0.0178923
0.0154669
0.0220604
0.0178973
0.0223773
0.0182108
0.0222948
0.0146571
0.0174975
0.0193149
0.0192382
0.0168805
0.0167165
0.0198084
0.0196328
0.0150616
0.0186121
0.0168672
0.0182831
0.0151475
0.0170447
0.0136435
0.0185495
0.0170402
0.0231339
0.0169715
0.0227903
0.0246003
0.0216095
0.0170447
0.0201986
0.0198635
0.0257282
0.0212265
0.0227205
0.023821
0.012957
0.0172045
0.016885
0.0228729
0.0228729
0.0225489
0.0138816
0.0198139
0.0209613
0.0171268
0.0156229
0.0213914
0.015779
0.0127058
0.023191
0.0214739
0.0156189
0.0213736
0.0213736
0.0155488
0.0183702
0.0199621
0.0182108
0.0211025
0.0211025
0.0171179
0.0240551
0.0210437
0.0222123
0.0183752
0.0198743
0.0207966
0.0208968
0.0200283
0.0152991
0.0141166
0.0232675
0.0197097
0.019397
0.0240343
0.0182207
0.0253596
0.0253596
0.019556
0.019556
0.0193094
0.0166345
0.0154629
0.0154629
0.0197097
0.0173689
0.0246209
0.0206499
0.0168761
0.0168761
0.0168761
0.016712
0.0182979
0.0212852
0.0187816
0.0196988
0.0196988
0.01762
0.0183604
0.0197097
0.0144475
0.0208968
0.01635
0.0189463
0.0188738
0.0172822
0.018864
0.0191839
0.0206885
0.016885
0.023191
0.0229428
0.0200391
0.0202703
0.020204
0.0181188
0.0156268
0.022536
0.0182207
0.0198743
0.0185347
0.0186219
0.0226379
0.0159392
0.0188591
0.0145226
0.0159471
0.0174423
0.0185446
0.0198139
0.0267309
0.0216213
0.021698
0.0156308
0.0156308
0.022962
0.0243723
0.0155568
0.0184673
0.0175158
0.0226444
0.0171179
0.0186895
0.0246072
0.0186993
0.0190239
0.0216331
0.0167985
0.0198689
0.0231847
0.0140348
0.0169581
0.0226314
0.0162756
0.0198029
0.0266401
0.0220604
0.0197206
0.0196219
0.0161779
0.0184524
0.0214443
0.0214443
0.0168761
0.0230319
0.0204354
0.0212205
0.0212086
0.0186219
0.0215328
0.0197865
0.0201053
0.0198689
0.0216921
0.0208909
0.0198029
0.015865
0.0230128
0.0197151
0.015865
0.0241309
0.0141984
0.0184426
0.0200337
0.0200229
0.0200337
0.0187816
0.0198743
0.0228601
0.0212086
0.0211202
0.0173689
0.0213736
0.0200445
0.0210497
0.0200283
0.0191014
0.0169581
0.0169581
0.0130358
0.0203636
0.01635
0.0203528
0.0187865
0.0185446
0.0228858
0.0215269
0.0209554
0.0175245
0.0175245
0.0198743
0.0201986
0.0232611
0.0171179
0.0200337
0.0231211
0.0175245
0.0258718
0.022962
0.0173556
0.0206005
0.0174335
0.0172045
0.0175289
0.0174423
0.0203636
0.0200229
0.0168805
0.0172822
0.0202757
0.0158611
0.0174555
0.0199567
0.0238352
0.0204515
0.0187915
0.0191063
0.0138405
0.0190239
0.0174379
0.0187042
0.0249185
0.021698
0.0221825
0.0219284
0.024124
0.018864
0.0201932
0.0187767
0.0198798
0.0231019
0.0173689
0.0186846
0.0175937
0.023172
0.023363
0.0170402
0.0160136
0.0241929
0.0201
0.0201161
0.0201932
0.0187718
0.0172001
0.0168672
0.0202865
0.0201986
0.0200391
0.0200391
0.019019
0.019019
0.0186121
0.0201
0.0169537
0.0245243
0.0201986
0.0156229
0.0218457
0.0197042
0.0184623
0.0144544
0.0216921
0.0159315
0.0186895
0.0214384
0.0183702
0.0190287
0.0180012
0.0213677
0.0204354
0.0160252
0.0188542
0.0216862
0.0171956
0.0201107
0.0201215
0.0194218
0.0189366
0.0203636
0.0216036
0.0180837
0.0174555
0.0217747
0.020204
0.0209152
0.0192567
0.0232038
0.0216272
0.0175071
0.0175071
0.0231211
0.0188591
0.0220111
0.0220111
0.0217688
0.0217688
0.0161779
0.0161152
0.0203636
0.0206778
0.0217806
0.0217806
0.0231974
0.0231974
0.0177583
0.024773
0.0174423
0.0206005
0.0194169
0.0194169
0.0194169
0.0165145
0.0186944
0.0226058
0.0199513
0.0203582
0.0228474
0.0214502
0.0200175
0.0173644
0.0205233
0.0145295
0.0212027
0.0161895
0.0156892
0.0167576
0.018864
0.0189317
0.0273635
0.0244483
0.0244483
0.01469
0.0217455
0.0188493
0.0192615
0.0231019
0.0201161
0.0218457
0.0201932
0.0189414
0.0205126
0.0176891
0.0243585
0.0185347
0.0201986
0.0202757
0.0284549
0.0201824
0.0201878
0.0210437
0.0202649
0.0201
0.0174335
0.0217513
0.0197865
0.0170358
0.0201771
0.0186797
0.0201107
0.0203421
0.0203744
0.0203744
0.0216213
0.0221708
0.0147619
0.0179188
0.0175201
0.0128634
0.0161113
0.023172
0.0160919
0.0176024
0.0176024
0.023363
0.0227838
0.0227838
0.0260841
0.0187718
0.0207498
0.0220938
0.0222594
0.0219342
0.0165145
0.0175245
0.019019
0.0205952
0.018864
0.0230955
0.0203636
0.0214384
0.02043
0.0187718
0.0179362
0.0228601
0.0158611
0.0234332
0.0230892
0.0230892
