0.0106863
0.00659163
0.00703514
0.00660906
0.00745007
0.00541591
0.00833071
0.00874861
0.00715408
0.0103909
0.00980078
0.00484188
0.00776609
0.00803435
0.00779403
0.0087657
0.00879144
0.0080525
0.00795092
0.00600754
0.00937394
0.00699839
0.00459766
0.00847858
0.00804388
0.00702542
0.00978391
0.00789551
0.0053001
0.0125664
0.00892214
0.00891361
0.0077835
0.00979987
0.00671981
0.0103832
0.00980891
0.00866142
0.00875714
0.00749767
0.00704489
0.00676687
0.0080525
0.00719263
0.00647147
0.0100797
0.00881791
0.00894791
0.00620714
0.00846052
0.0102199
0.0105463
0.00950511
0.00920938
0.00691456
0.00866142
0.0102354
0.00500075
0.00978391
0.00846052
0.00787729
0.0104768
0.00979268
0.0100487
0.00806957
0.00903631
0.00847815
0.00993181
0.00861729
0.00879144
0.00818229
0.0103678
0.0065789
0.00860916
0.00890511
0.00889665
0.00640085
0.00790467
0.00891361
0.0087743
0.00700792
0.0084525
0.00759044
0.00645114
0.00921778
0.00731161
0.0125537
0.0073227
0.00832192
0.00936558
0.00816514
0.00908698
0.0092262
0.00892214
0.00645378
0.00846117
0.00993181
0.00473861
0.00719263
0.00703514
0.0100797
0.00632375
0.00574328
0.00632375
0.0106691
0.00762765
0.00659163
0.00759044
0.00705467
0.00806162
0.00673948
0.00979987
0.0085138
0.00934895
0.00991611
0.0101033
0.00807077
0.011098
0.0122708
0.0099486
0.00993971
0.00790467
0.00846117
0.00672963
0.00846117
0.00938233
0.00603868
0.00643379
0.00981595
0.00733075
0.010972
0.010251
0.00773842
0.00818229
0.0102276
0.00880906
0.0113797
0.00878268
0.00762631
0.00951337
0.0092262
0.010251
0.00720235
0.0111052
0.0080434
0.00861729
0.00691456
0.0103909
0.00864368
0.00745953
0.00747854
0.00528551
0.0063135
0.00746902
0.00647147
0.00921778
0.00866142
0.00907831
0.0055812
0.00863485
0.00878268
0.0131453
0.00559192
0.0119649
0.00892184
0.0102601
0.00806162
0.0089305
0.0117104
0.012422
0.00920938
0.00733075
0.00660906
0.00937394
0.00761686
0.010531
0.0114008
0.00951337
0.00936558
0.00996477
0.0068847
0.00906114
0.00892184
0.0083571
0.00662932
0.0115627
0.0090615
0.00733075
0.0113958
0.00758121
0.0100647
0.00879144
0.0100487
0.0062959
0.00993971
0.0105233
0.00975237
0.00647831
0.00690698
0.00747854
0.00952166
0.00937394
0.00746902
0.011403
0.0105712
0.00833022
0.0090615
0.0102588
0.00980891
0.00773671
0.010819
0.00819895
0.00689713
0.0103909
0.0103832
0.00559557
0.0124382
0.00719263
0.0103678
0.00734037
0.00748809
0.00559192
0.00892184
0.00820811
0.00761686
0.00934895
0.0080525
0.00792308
0.00600754
0.00905307
0.00746902
0.00745177
0.0114008
0.0108265
0.00718295
0.00644102
0.0109429
0.00949688
0.00918438
0.00833022
0.00848701
0.0090615
0.00935725
0.00908698
0.0071733
0.0105233
0.00662932
0.00905307
0.0100797
0.00980789
0.0089305
0.00965295
0.00786907
0.00689713
0.00746902
0.00704489
0.00908698
0.0116826
0.00748809
0.0081555
0.00815635
0.00805109
0.00934895
0.0114008
0.0063135
0.00427933
0.00950428
0.00820958
0.00965295
0.00497882
0.00778469
0.00891361
0.00806162
0.00557438
0.0051595
0.00690458
0.0102199
0.0044157
0.00573968
0.00993257
0.00836502
0.00584927
0.00833022
0.0089305
0.00936558
0.00965295
0.0062931
0.0099556
0.00921778
0.00997289
0.00570783
0.00822652
0.0083571
0.0111052
0.0106636
0.0076358
0.0063135
0.00920938
0.00919269
0.00761686
0.00630328
0.00630328
0.00920938
0.0105633
0.0051595
0.00731161
0.00889665
0.00643093
0.00937394
0.00703514
0.00893928
0.0125537
0.00774761
0.00879144
0.00790467
0.00503387
0.0054119
0.00906996
0.00701573
0.0102354
0.00660906
0.00597979
0.00585965
0.0087743
0.00819128
0.00832133
0.00529636
0.00660158
0.00546929
0.00686777
0.0080434
0.00833915
0.0131529
0.00923466
0.00837517
0.00980078
0.00630328
0.00834811
0.00836502
0.00834811
0.00938233
0.012825
0.00833022
0.00977598
0.0087657
0.00852276
0.00935725
0.00673948
0.00645378
0.00833953
0.00764532
0.00836612
0.00644377
0.00820031
0.00632375
0.00615542
0.00615542
0.00514155
0.0083571
0.0083571
0.00746112
0.00411364
0.00732116
0.00966115
0.00966115
0.0102442
0.00833022
0.00890511
0.00733075
0.00733075
0.00297907
0.00791386
0.0057013
0.0057013
0.00950511
0.00789551
0.00544784
0.00544784
0.00719263
0.00702542
0.0083571
0.0083571
0.00644377
0.00879144
0.00762631
0.00690458
0.00868828
0.00963665
0.00879144
0.00820936
0.00963665
0.00863485
0.00557052
0.00689713
0.00648168
0.00661575
0.0115416
0.00396054
0.00924326
0.00633061
0.00980078
0.0118305
0.0105233
0.0103832
0.0084959
0.00559192
0.00821845
0.0134424
0.00690698
0.00836612
0.00892184
0.0114151
0.00760743
0.010694
0.00880023
0.00572223
0.00938233
0.00938233
0.0113867
0.0102276
0.00382423
0.00468291
0.00806031
0.0090615
0.00968593
0.0109968
0.00735002
0.0102276
0.00647147
0.00747854
0.0109594
0.010834
0.0109743
0.00672963
0.00686777
0.00776469
0.00572223
0.0140389
0.00716367
0.00777537
0.00746112
0.00630328
0.00670026
0.00907846
0.00792308
0.00936558
0.00772926
0.00833022
0.00920938
0.00580805
0.00691686
0.00661918
0.00848701
0.00933245
0.00788639
0.0037894
0.0062931
0.00632375
0.0058663
0.00762631
0.00907846
0.00776609
0.00730208
0.0084525
0.00793233
0.00571175
0.00806162
0.00628294
0.0104989
0.0075997
0.0071733
0.00732116
0.00848701
0.0106396
0.0106396
0.00659163
0.0084959
0.00965295
0.00734037
0.00617244
0.010129
0.00643093
0.00808818
0.0076358
0.0076358
0.0106636
0.0105618
0.0114079
0.0108416
0.0114008
0.0114008
0.00703514
0.00794161
0.0076183
0.00567014
0.0076183
0.00834811
0.0103832
0.00966115
0.00734037
0.0118274
0.00939075
0.00805109
0.00734037
0.0100719
0.00935725
0.00472264
0.00951337
0.00732116
0.00758868
0.00661918
0.00793119
0.00754438
0.003582
0.0101044
0.00891361
0.00647147
0.00468291
0.00704489
0.00648866
0.00731161
0.00865253
0.00674681
0.00675682
0.00805109
0.00941621
0.00660906
0.00557438
0.00751694
0.00751694
0.00918438
0.00733075
0.0102681
0.00674681
0.00879144
0.00598694
0.00648168
0.00744064
0.00732116
0.00863485
0.0128873
0.00720235
0.00425641
0.00818229
0.00619674
0.00733075
0.00543336
0.0113867
0.00687481
0.0104157
0.00981708
0.0090956
0.00745953
0.00918438
0.0071733
0.00636505
0.00821845
0.0102199
0.0076183
0.00543336
0.00773842
0.00541591
0.00661156
0.0119819
0.00457969
0.00572223
0.0075997
0.00587007
0.00603868
0.00907846
0.00473861
0.00847815
0.00615816
0.00806162
0.010251
0.00628585
0.00831316
0.0025233
0.00322065
0.00602057
0.00688889
0.00687753
0.00683128
0.00749885
0.00794161
0.00704489
0.00531088
0.00442711
0.00747992
0.00541591
0.00672963
0.010972
0.00225281
0.00718295
0.0051595
0.0065789
0.00513765
0.00765487
0.00877395
0.00468291
0.00715408
0.00732116
0.00732116
0.00456845
0.00660158
0.00485293
0.0071733
0.00864386
0.0063135
0.00806162
0.00806162
0.00688731
0.00952166
0.00660906
0.00834811
0.00602827
0.00600754
0.00630598
0.00979268
0.00775683
0.00862645
0.00556384
0.00309661
0.00309661
0.00647147
0.00714642
0.00417097
0.011127
0.00184115
0.00834811
0.00572903
0.00576107
0.00446153
0.00934069
0.00935725
0.0038476
0.00559192
0.00924315
0.013016
0.00691686
0.0100954
0.00952166
0.00983216
0.010531
0.00643379
0.0076358
0.0076358
0.00764532
0.0108243
0.0112602
0.0159167
0.0101594
0.00998776
0.00869684
0.0104667
0.00623006
0.00334111
0.00401873
0.0124464
0.0140369
0.0159254
0.0147686
0.00925886
0.00796964
0.00576446
0.010998
0.00706569
0.0104273
0.0111125
0.0118613
0.0140666
0.012273
0.00721326
0.00868794
0.0104064
0.00347633
0.00692677
0.00867021
0.0120041
0.00982404
0.0109868
0.0110043
0.0112819
0.0107248
0.00606186
0.0112892
0.0108799
0.00924315
0.00983216
0.00982404
0.011577
0.010004
0.00850495
0.0124447
0.00749767
0.00913007
0.0102826
0.00794161
0.0058072
0.00591204
0.0115454
0.00634661
0.00768441
0.00954539
0.0117245
0.00925167
0.0106841
0.0101011
0.00634661
0.00997967
0.00850495
0.0111343
0.0111093
0.00795092
0.0121496
0.00924315
0.0093647
0.0100875
0.013165
0.00911142
0.00967645
0.0118821
0.0114222
0.00591204
0.00926881
0.00997162
0.0138798
0.0102588
0.0109942
0.0133126
0.0109942
0.00820936
0.00893928
0.0119953
0.00952885
0.0128887
0.0110017
0.0105747
0.0145004
0.00770359
0.00596699
0.00695752
0.010998
0.0095537
0.00856755
0.00525102
0.0119974
0.0137491
0.00897259
0.00839312
0.010998
0.0101565
0.0115875
0.0103037
0.00496792
0.00653503
0.00653503
0.0057751
0.00958728
0.00748961
0.00868794
0.00998957
0.0134719
0.0079416
0.00983783
0.0101646
0.00664283
0.0112737
0.0103117
0.00796005
0.00865165
0.00407011
0.0108655
0.0101326
0.00911142
0.0107144
0.0104459
0.00751783
0.00957884
0.00738973
0.0102958
0.00869536
0.00725214
0.0101247
0.0137591
0.0155012
0.0138201
0.0201029
0.022281
0.0231399
0.0178454
0.0228462
0.0241452
0.0208345
0.0219886
0.0150898
0.0186878
0.0206879
0.0206879
0.0198247
0.0205366
0.0219871
0.0193843
0.0222588
0.0211265
0.0215444
0.0195422
0.0195311
0.0229936
0.0234331
0.0195311
0.0198207
0.0202706
0.0197005
0.0205444
0.0199715
0.0189671
0.0189671
0.0205366
0.0198494
0.0205428
0.01881
0.0210001
0.0199715
0.0202614
0.0206894
0.0229928
0.0205381
0.0182276
0.0199695
0.0179675
0.0176812
0.0193799
0.0194121
0.017538
0.0126265
0.00942886
0.00972319
0.00813514
0.0089899
0.010858
0.0120312
0.0085659
0.00926484
0.0137664
0.0105786
0.00913715
0.010858
0.00697742
0.00828065
0.0111674
0.00986216
0.0107258
0.0101565
0.0114837
0.0105709
0.0104509
0.00827156
0.0107411
0.0113219
0.0126135
0.00944866
0.0121852
0.0120183
0.0115825
0.00886904
0.00886904
0.0111674
0.00958436
0.0129077
0.010873
0.0108881
0.0105863
0.0105863
0.0131834
0.0108606
0.0112951
0.00740872
0.0103117
0.0117508
0.0129077
0.0139007
0.0127606
0.00897259
0.0141735
0.0121852
0.0101565
0.0137534
0.010858
0.0105786
0.0089986
0.0149277
0.0101134
0.0140591
0.0124795
0.0101406
0.0127542
0.0115966
0.0100013
0.01116
0.0127479
0.0118891
0.0123189
0.00927324
0.0103037
0.0100175
0.010858
0.0128888
0.0131956
0.0118909
0.0100013
0.0123323
0.0139195
0.0085392
0.0111823
0.0111823
0.0128878
0.0142007
0.0120449
0.0120176
0.00929296
0.0118703
0.0128764
0.0123062
0.0124727
0.0147755
0.00566186
0.0129077
0.0112808
0.00955945
0.0136369
0.0133367
0.0103037
0.0169368
0.0114545
0.00854807
0.00854807
0.00872376
0.0130299
0.00985402
0.0117489
0.00799732
0.0114618
0.0123056
0.0124794
0.0129077
0.0146369
0.0146369
0.0114618
0.0130485
0.0133489
0.00989825
0.0136251
0.010594
0.0117438
0.0130423
0.0129077
0.0113146
0.00859486
0.0150697
0.0105558
0.0128951
0.0112808
0.0113073
0.0144897
0.0124595
0.014337
0.0114545
0.0101447
0.00839312
0.0100013
0.0117298
0.0134838
0.0115966
0.0104314
0.0107487
0.0110128
0.00969857
0.0130423
0.0101565
0.0123189
0.0125943
0.0118634
0.00974282
0.0114618
0.0126133
0.0140908
0.0110128
0.00973145
0.012038
0.0111674
0.0130613
0.0147737
0.0147704
0.0150309
0.0205541
0.0192425
0.0231596
0.0196835
0.0211295
0.0260591
0.0267991
0.028544
0.0267772
0.0307326
0.0316035
0.0340637
0.0327416
0.0337686
0.0353292
0.0354765
0.0318432
0.0370643
0.0392381
0.0396887
0.0431564
0.0409779
0.0439333
0.0418224
0.0424193
0.0445983
0.0454548
0.0485151
0.0475147
0.0501366
0.0518056
0.0536134
0.0528205
0.054723
0.0540363
0.0541836
0.0534661
0.0528914
0.0547579
0.0557946
0.0552453
0.0508583
0.0523569
0.0546106
0.0511182
0.0486623
0.0508929
0.045188
0.0489249
0.0504162
0.0522987
0.0518748
0.0551799
0.0593457
0.0639545
0.0684195
0.0712892
0.0774565
0.0809856
0.0916913
0.0893778
0.0955993
0.0986046
0.0972446
0.106766
0.105985
0.108003
0.105505
0.105712
0.105478
0.106261
0.102934
0.104449
0.108557
0.107066
0.107525
0.108503
0.106457
0.105244
0.105764
0.105375
0.104643
0.109504
0.108771
0.111031
0.104735
0.112327
0.10925
0.103278
0.109767
0.110788
0.108114
0.110305
0.105461
0.108526
0.10957
0.107615
0.105855
0.112988
0.112988
0.107954
0.110426
0.105621
0.108395
0.110052
0.111573
0.111573
0.111923
0.112296
0.108368
0.107652
0.107917
0.112646
0.112646
0.110889
0.106493
0.114139
0.114916
0.109985
0.108293
0.114946
0.109767
0.111668
0.112177
0.110944
0.111142
0.109253
0.109931
0.109701
0.111626
0.110373
0.10957
0.112066
0.115375
0.111394
0.109755
0.110503
0.111626
0.105518
0.111373
0.107367
0.112464
0.113703
0.109183
0.110041
0.10908
0.111714
0.109775
0.107119
0.11451
0.111603
0.107472
0.110108
0.109164
0.109985
0.112759
0.110701
0.109788
0.107684
0.110503
0.112209
0.106923
0.112789
0.112495
0.110603
0.108807
0.11068
0.110394
0.113417
0.113595
0.110074
0.10908
0.11113
0.115861
0.11275
0.113417
0.113235
0.116815
0.112056
0.109612
0.109952
0.113387
0.112
0.110789
0.109876
0.11376
0.11224
0.11431
0.108704
0.109666
0.113005
0.112087
0.113652
0.110911
0.108114
0.109481
0.110911
0.114288
0.11256
0.115697
0.111428
0.112034
0.111363
0.115469
0.113501
0.112122
0.111207
0.113331
0.111737
0.113644
0.112473
0.112321
0.113188
0.110625
0.111626
0.116322
0.112703
0.111891
0.111891
0.11169
0.112902
0.110987
0.112638
0.113987
0.110856
0.110899
0.111891
0.111804
0.110251
0.109237
0.11431
0.112781
0.10959
0.111571
0.110944
0.112672
0.110338
0.109985
0.116676
0.109004
0.109965
0.112111
0.110558
0.112759
0.11134
0.111835
0.111396
0.112177
0.109767
0.111517
0.110238
0.112495
0.11057
0.111603
0.111142
0.107917
0.112003
0.110768
0.110183
0.111835
0.111318
0.109577
0.110524
0.112243
0.113909
0.110658
0.114803
0.110999
0.11584
0.109326
0.111978
0.111451
0.110149
0.11068
0.113041
0.112694
0.11201
0.111867
0.108807
0.113045
0.109447
0.109504
0.109985
0.112663
0.107811
0.10856
0.1084
0.110162
0.109094
0.109985
0.115119
0.113244
0.113681
0.112949
0.10938
0.110944
0.108024
0.112122
0.110503
0.114596
0.106976
0.112464
0.110317
0.110856
0.112918
0.112638
0.11123
0.113214
0.113015
0.109253
0.112066
0.110469
0.11178
0.111746
0.113331
0.112209
0.111539
0.106495
0.111505
0.10974
0.112439
0.11146
0.105972
0.112525
0.108204
0.106024
0.113244
0.111396
0.110217
0.109631
0.110217
0.106154
0.112694
0.107653
0.111505
0.111009
0.114016
0.112296
0.10806
0.111825
0.111714
0.112485
0.112923
0.112432
0.112576
0.114939
0.111548
0.11252
0.110095
0.114596
0.111363
0.107616
0.108915
0.110613
0.108972
0.108704
0.110007
0.116152
0.111571
0.111594
0.112397
0.111087
0.114188
0.111241
0.108811
0.108526
0.108633
0.108136
0.111516
0.110293
0.107013
0.112837
0.118551
0.111506
0.111451
0.109931
0.110019
0.110217
0.110095
0.107827
0.110768
0.10849
0.112408
0.111097
0.11275
0.108225
0.108279
0.111913
0.11297
0.112628
0.111274
0.109258
0.111648
0.111329
0.113552
0.113179
0.112056
0.114997
0.111384
0.110524
0.112342
0.114833
0.113266
0.112223
0.111793
0.112087
0.108279
0.110381
0.113292
0.111417
0.109172
0.11298
0.109205
0.110646
0.114187
0.112289
0.109062
0.107118
0.110734
0.110041
0.110886
0.109755
0.107992
0.113188
0.113188
0.109488
0.111881
0.113501
0.111042
0.110789
0.110007
0.112949
0.111054
0.109399
0.111737
0.113387
0.113414
0.111186
0.112321
0.110768
0.113584
0.115664
0.113209
0.106597
0.111031
0.111571
0.111703
0.108829
0.113292
0.113205
0.112806
0.10849
0.11209
0.110381
0.109577
0.112079
0.109775
0.110436
0.112122
0.110135
0.108754
0.108114
0.114073
0.107902
0.111594
0.111682
0.111329
0.108897
0.112087
0.113261
0.112286
0.109631
0.107172
0.110448
0.108901
0.11134
0.111539
0.107292
0.107435
0.110579
0.108897
0.113909
0.110415
0.108114
0.109415
0.106509
0.11134
0.109026
0.11275
0.109829
0.11113
0.108184
0.107367
0.108915
0.108718
0.108543
0.110402
0.111857
0.108189
0.112719
0.113205
0.111218
0.112652
0.109898
0.110204
0.108385
0.110456
0.108937
0.113932
0.11167
0.109058
0.110422
0.10874
0.114216
0.114016
0.112111
0.112688
0.11456
0.105564
0.110491
0.111428
0.111451
0.111626
0.107669
0.113062
0.109612
0.108897
0.108897
0.111451
0.110381
0.112576
0.112612
0.110326
0.107812
0.109434
0.111009
0.110074
0.107473
0.106545
0.11079
0.108507
0.10904
0.110347
0.108347
0.111042
0.110944
0.107918
0.107918
0.109701
0.110591
0.109331
0.112509
0.111109
0.109187
0.112024
0.110789
0.107526
0.106384
0.112111
0.10908
0.108722
0.108669
0.110196
0.111881
0.109237
0.108528
0.110203
0.109345
0.111913
0.110844
0.108189
0.112289
0.111218
0.109883
0.111594
0.112286
0.109577
0.113123
0.10865
0.108972
0.113471
0.110415
0.10961
0.109202
0.109666
0.109755
0.109183
0.104931
0.108543
0.109842
0.110415
0.109008
0.10931
0.109291
0.113491
0.112376
0.112525
0.10972
0.103201
0.111097
0.111848
0.110866
0.107685
0.109115
0.107653
0.112024
0.110954
0.110027
0.112401
0.108152
0.108152
0.108757
0.110217
0.10831
0.109885
0.110654
0.111904
0.109686
0.111626
0.10849
0.107812
0.109237
0.110313
0.110292
0.111363
0.109528
0.110347
0.11274
0.111384
0.109492
0.111472
0.107955
0.112632
0.112376
0.111241
0.108242
0.111451
0.107473
0.110558
0.111562
0.108832
0.106189
0.106189
0.109277
0.107955
0.109829
0.111152
0.110491
0.109864
0.109761
0.109705
0.111406
0.111968
0.111097
0.109917
0.110579
0.107526
0.11017
0.108793
0.111638
0.110007
0.110777
0.110777
0.110381
0.109596
0.112247
0.108901
0.110204
0.110402
0.110402
0.111009
0.107669
0.108811
0.111682
0.110756
0.109277
0.11015
0.110668
0.110667
0.108918
0.106206
0.112422
0.108811
0.109094
0.104675
0.108453
0.109918
0.109864
0.113864
0.112223
0.110061
0.111571
0.111241
0.109295
0.112079
0.109596
0.112345
0.1084
0.107292
0.107759
0.108618
0.107669
0.106884
0.110094
0.111119
0.113241
0.108937
0.111494
0.110921
0.110135
0.109474
0.108422
0.108919
0.11165
0.108205
0.111814
0.112376
0.10942
0.110844
0.109488
0.109241
0.110866
0.111042
0.112223
0.107669
0.110722
0.110204
0.107939
0.108417
0.10831
0.11122
0.112719
0.111582
0.109631
0.110701
0.113318
0.10972
0.10972
0.10574
0.111042
0.106415
0.109631
0.107653
0.109918
0.114273
0.110272
0.110954
0.111275
0.105655
0.105604
0.110756
0.109399
0.114216
0.109401
0.10769
0.106189
0.109509
0.107579
0.112103
0.106045
0.10908
0.109904
0.109904
0.109542
0.108807
0.110027
0.110722
0.107685
0.1077
0.112146
0.109453
0.110292
0.108024
0.110524
0.107526
0.110646
0.106719
0.10733
0.109686
0.111009
0.107685
0.109596
0.105318
0.1106
0.111506
0.10813
0.106045
0.110204
0.111737
0.107881
0.109651
0.109883
0.110272
0.110954
0.109187
0.108757
0.108115
0.108152
0.108348
0.11165
0.107292
0.10856
0.107934
0.111562
0.107738
0.112509
0.110722
0.106702
0.108811
0.111594
0.109507
0.111031
0.107383
0.109453
0.107632
0.108364
0.109399
0.106076
0.110756
0.105966
0.106402
0.10974
0.108094
0.109364
0.106506
0.108488
0.112258
0.108237
0.108094
0.10751
0.108167
0.109187
0.108184
0.111406
0.111772
0.110061
0.108578
0.109488
0.107897
0.105042
0.109794
0.108972
0.108471
0.108865
0.109528
0.106897
0.113174
0.113174
0.108385
0.109671
0.111901
0.1106
0.111603
0.11017
0.109331
0.108614
0.110224
0.109262
0.110224
0.108492
0.111139
0.109631
0.111186
0.108294
0.110477
0.110634
0.109241
0.110777
0.112024
0.110634
0.108402
0.109528
0.110491
0.108295
0.108062
0.110722
0.109742
0.108438
0.109725
0.112509
0.110007
0.109187
0.108757
0.105799
0.106493
0.109815
0.107955
0.110027
0.108545
0.109259
0.110688
0.110135
0.10667
0.108492
0.11103
0.108029
0.112565
0.109775
0.109315
0.106415
0.108471
0.108492
0.110832
0.108829
0.104032
0.107775
0.108152
0.106649
0.106363
0.110811
0.107313
0.109631
0.109993
0.108167
0.108614
0.107738
0.111605
0.110027
0.109026
0.108348
0.107366
0.10717
0.111351
0.107313
0.110634
0.109972
0.105186
0.105207
0.109616
0.110689
0.10942
0.106241
0.108274
0.107079
0.109705
0.108221
0.107093
0.111141
0.106219
0.107118
0.106845
0.104777
0.106649
0.109582
0.112135
0.109616
0.10974
0.109686
0.112159
0.109507
0.108455
0.111638
0.109237
0.108507
0.107653
0.104777
0.109829
0.108062
0.108062
0.107579
0.108115
0.107435
0.106415
0.109399
0.108524
0.108614
0.10745
0.108578
0.109848
0.107918
0.107669
0.109542
0.109187
0.110743
0.110279
0.109187
0.109883
0.10899
0.107955
0.10822
0.112534
0.107398
0.108811
0.108152
0.111296
0.110066
0.110368
0.108237
0.104736
0.103488
0.107079
0.106349
0.110853
0.109098
0.112541
0.1106
0.109992
0.104235
0.106922
0.10972
0.105932
0.108757
0.109187
0.113327
0.110743
0.107971
0.108545
0.109759
0.106831
0.109918
0.105545
0.109528
0.104706
0.10628
0.108365
0.109706
0.109883
0.109705
0.108793
0.108205
0.107971
0.108402
0.112856
0.108635
0.106493
0.110798
0.107383
0.110279
0.108311
0.109438
0.108078
0.109385
0.106845
0.107079
0.109561
0.110422
0.110921
0.106332
0.10899
0.105667
0.109455
0.108704
0.111064
0.111097
0.111439
0.10667
0.10769
0.10717
0.107488
0.108241
0.109993
0.104828
0.105935
0.111208
0.109295
0.109187
0.108455
0.106402
0.107488
0.110701
0.107632
0.108332
0.107594
0.108348
0.110204
0.109582
0.109453
0.106189
0.10399
0.106688
0.108618
0.107685
0.106845
0.110613
0.110046
0.108295
0.107562
0.104838
0.111439
0.109026
0.104521
0.107118
0.105483
0.109582
0.10399
0.108668
0.107093
0.106618
0.108757
0.106814
0.10974
0.10856
0.10856
0.107685
0.107828
0.107828
0.107435
0.108258
0.108635
0.103214
0.10574
0.109152
0.108098
0.110524
0.108402
0.104695
0.10972
0.107062
0.105987
0.109062
0.111793
0.107653
0.110921
0.110899
0.110347
0.107955
0.111936
0.107526
0.108152
0.109241
0.109205
0.105637
0.107184
0.108992
0.107897
0.110402
0.109561
0.109617
0.108311
0.111139
0.111139
0.105125
0.108402
0.110061
0.112733
0.106475
0.107419
0.108402
0.107471
0.105402
0.107971
0.108402
0.11165
0.105719
0.110887
0.109331
0.10772
0.108901
0.107632
0.109813
0.107132
0.108668
0.109869
0.105893
0.107668
0.107328
0.107261
0.108385
0.105505
0.109542
0.10974
0.105033
0.108635
0.108901
0.112876
0.105843
0.108847
0.10974
0.106831
0.107366
0.106736
0.107653
0.107615
0.110101
0.108279
0.106097
0.11062
0.106683
0.108545
0.111119
0.110313
0.109492
0.107023
0.108901
0.107275
0.107524
0.108098
0.108598
0.108598
0.109134
0.109187
0.110224
0.109152
0.105166
0.107775
0.105862
0.109528
0.11103
0.108062
0.105597
0.108635
0.110279
0.10488
0.104593
0.109187
0.108847
0.108865
0.106754
0.108811
0.104091
0.111076
0.110531
0.106149
0.109671
0.107668
0.107041
0.110204
0.108438
0.107758
0.109202
0.108221
0.107828
0.106402
0.107435
0.104685
0.111174
0.110047
0.107594
0.106683
0.108418
0.108849
0.108131
0.106702
0.106936
0.106006
0.105105
0.108438
0.109864
0.107918
0.108901
0.109367
0.109438
0.109098
0.106936
0.106936
0.108348
0.109349
0.107971
0.106579
0.109029
0.107313
0.111296
0.104327
0.108525
0.106649
0.110244
0.108205
0.110101
0.108279
0.105862
0.10985
0.106884
0.109223
0.106918
0.106723
0.106996
0.108795
0.107506
0.106806
0.106109
0.106436
0.108492
0.106344
0.106344
0.107237
0.109082
0.107457
0.108258
0.109223
0.107955
0.108024
0.109631
0.107918
0.106762
0.110135
0.112358
0.107027
0.10804
0.1096
0.107184
0.106305
0.108954
0.106988
0.108434
0.106058
0.108168
0.10874
0.102821
0.103388
0.106467
0.107132
0.104572
0.10609
0.108151
0.107705
0.110066
0.108742
0.109029
0.108279
0.107758
0.107328
0.107146
0.106936
0.108024
0.108543
0.111428
0.10399
0.110402
0.109098
0.105987
0.103251
0.108009
0.103689
0.107668
0.10985
0.109326
0.109326
0.106767
0.111097
0.108757
0.104972
0.104972
0.107328
0.109241
0.107237
0.109761
0.105115
0.106974
0.105372
0.10695
0.107223
0.107223
0.109241
0.103438
0.105627
0.110313
0.109169
0.110299
0.110299
0.110224
0.108115
0.109937
0.108885
0.109259
0.11166
0.107577
0.108078
0.109903
0.107184
0.106988
0.102964
0.108508
0.106097
0.110784
0.107093
0.110204
0.104336
0.110081
0.10931
0.107971
0.109295
0.106109
0.107705
0.110333
0.106109
0.105361
0.108508
0.108402
0.109098
0.108205
0.10442
0.109364
0.109616
0.10736
0.106936
0.105575
0.109992
0.107524
0.106149
0.108545
0.106109
0.107062
0.107237
0.109313
0.108672
0.107509
0.111241
0.107902
0.106806
0.111208
0.10908
0.109848
0.109725
0.10532
0.109582
0.108258
0.108704
0.107275
0.109759
0.105361
0.109205
0.108328
0.107577
0.107577
0.109295
0.106702
0.108652
0.102727
0.106723
0.107865
0.105914
0.108254
0.107041
0.107041
0.107632
0.104746
0.108562
0.109992
0.106723
0.106723
0.110689
0.107199
0.104479
0.106859
0.104931
0.106436
0.105218
0.108688
0.110115
0.110115
0.107041
0.108402
0.108832
0.108508
0.106936
0.105791
0.111406
0.108115
0.107366
0.106897
0.106597
0.110531
0.105862
0.111038
0.108705
0.103395
0.103395
0.106545
0.106579
0.10729
0.113748
0.107366
0.108598
0.104665
0.109387
0.106201
0.103538
0.104725
0.106527
0.106905
0.106905
0.106396
0.108152
0.106449
0.108135
0.107153
0.108975
0.109244
0.105054
0.107275
0.108795
0.110066
0.106579
0.108688
0.106038
0.105688
0.110886
0.108508
0.109582
0.108274
0.105269
0.105207
0.106859
0.108885
0.106222
0.108365
0.112733
0.107524
0.106521
0.109367
0.109367
0.108652
0.105453
0.109815
0.112354
0.10942
0.108885
0.108311
0.109385
0.106775
0.106325
0.106723
0.110101
0.102986
0.108939
0.109636
0.10574
0.1057
0.106631
0.106253
0.107237
0.106644
0.109189
0.102915
0.105063
0.105975
0.104471
0.107153
0.107153
0.107205
0.10654
0.107275
0.107971
0.108668
0.105125
0.106683
0.108007
0.10729
0.107419
0.106436
0.106775
0.108471
0.107509
0.108045
0.104685
0.105269
0.103208
0.106213
0.106006
0.105402
0.103847
0.109958
0.107271
0.110511
0.105023
0.110819
0.107062
0.108615
0.109029
0.105218
0.105218
0.104378
0.111119
0.106775
0.108151
0.101429
0.107486
0.106762
0.107166
0.107668
0.111393
0.111393
0.107562
0.106357
0.108795
0.105935
0.106827
0.1076
0.108562
0.109082
0.108135
0.105443
0.107114
0.108742
0.108544
0.108204
0.111814
0.106142
0.106984
0.105998
0.112146
0.108652
0.11021
0.107362
0.109012
0.107773
0.107114
0.107453
0.108258
0.105751
0.108492
0.103366
0.108849
0.107668
0.104859
0.107492
0.107238
0.107615
0.108365
0.111263
0.110333
0.110368
0.106618
0.105105
0.10806
0.107864
0.10617
0.103825
0.103825
0.107773
0.107864
0.108007
0.108528
0.105987
0.105515
0.106938
0.108795
0.105659
0.105751
0.106736
0.108241
0.111856
0.103976
0.1076
0.106788
0.106449
0.110853
0.109546
0.10731
0.106644
0.108655
0.108098
0.105464
0.107506
0.107381
0.107243
0.106396
0.104205
0.107225
0.105044
0.105688
0.109923
0.106886
0.107577
0.105843
0.108598
0.104378
0.108098
0.10667
0.105751
0.104263
0.108832
0.107955
0.105966
0.107758
0.108635
0.105392
0.104694
0.106222
0.11062
0.109029
0.106723
0.108294
0.107811
0.109315
0.105085
0.106931
0.109923
0.111161
0.109977
0.109459
0.106078
0.10769
0.10399
0.10399
0.109369
0.110264
0.103689
0.106201
0.108007
0.110156
0.104665
0.105771
0.109029
0.109815
0.105238
0.100468
0.105197
0.107009
0.1057
0.107955
0.10971
0.108602
0.107673
0.108762
0.111139
0.109923
0.105197
0.105464
0.107992
0.107558
0.107864
0.110606
0.103372
0.107811
0.10806
0.107166
0.105975
0.105494
0.107166
0.106273
0.105895
0.108992
0.107036
0.107955
0.105361
0.106417
0.108615
0.10697
0.108279
0.106631
0.107864
0.108705
0.104551
0.103589
0.106344
0.107415
0.104449
0.103589
0.106305
0.105044
0.108956
0.105791
0.110962
0.106417
0.10613
0.105054
0.110517
0.10797
0.107166
0.107955
0.109189
0.105392
0.1096
0.112621
0.104961
0.108131
0.104154
0.106879
0.10806
0.111139
0.108434
0.107184
0.106305
0.109459
0.107415
0.105812
0.113307
0.110388
0.105751
0.105382
0.104277
0.106344
0.108348
0.106078
0.107597
0.111359
0.105576
0.107219
0.106417
0.105248
0.105791
0.110408
0.108454
0.106625
0.106827
0.109582
0.107257
0.104716
0.105536
0.107075
0.105638
0.109136
0.108204
0.108401
0.107153
0.107401
0.109172
0.105863
0.107114
0.105863
0.10686
0.107884
0.107362
0.107127
0.10806
0.106938
0.104077
0.108188
0.106951
0.109548
0.1057
0.105095
0.109546
0.105248
0.105843
0.109958
0.105044
0.109961
0.110442
0.110299
0.106007
0.106756
0.108332
0.107755
0.107649
0.106377
0.108332
0.106723
0.103853
0.105433
0.107506
0.103566
0.109636
0.108241
0.109725
0.108188
0.109082
0.108939
0.103445
0.10492
0.106579
0.108279
0.107688
0.104263
0.103775
0.105433
0.10656
0.109459
0.105268
0.108832
0.109012
0.109888
0.106664
0.104818
0.106273
0.103108
0.105136
0.107219
0.109387
0.106344
0.108866
0.106716
0.107705
0.104572
0.107635
0.106038
0.106437
0.102626
0.104716
0.104184
0.107114
0.106109
0.108705
0.106337
0.105351
0.107705
0.10697
0.103158
0.108241
0.10684
0.108832
0.103522
0.109241
0.104716
0.107062
0.105803
0.106193
0.10138
0.104521
0.107773
0.105146
0.105372
0.105946
0.105413
0.106558
0.108045
0.106723
0.104674
0.105883
0.105238
0.104787
0.107271
0.107936
0.103372
0.104787
0.107023
0.109387
0.109387
0.10529
0.108402
0.105146
0.108257
0.102991
0.108332
0.105617
0.107023
0.108849
0.108348
0.108204
0.106892
0.105854
0.10453
0.108759
0.108635
0.108975
0.105998
0.106109
0.107582
0.107544
0.103926
0.105054
0.106182
0.104399
0.108241
0.108204
0.105946
0.107114
0.10684
0.108279
0.10529
0.104142
0.10656
0.105331
0.108992
0.105895
0.108438
0.108528
0.104767
0.10831
0.103402
0.104952
0.105751
0.106683
0.105003
0.108849
0.107884
0.10684
0.107778
0.108332
0.106644
0.109153
0.103875
0.105946
0.107023
0.10718
0.107544
0.107401
0.105442
0.106417
0.108007
0.105382
0.106775
0.110368
0.105608
0.102754
0.108795
0.107758
0.106827
0.109243
0.107166
0.105105
0.105556
0.106723
0.106579
0.108241
0.107864
0.107668
0.104716
0.107811
0.107902
0.105003
0.10697
0.106723
0.106193
0.10718
0.106501
0.104952
0.10491
0.108885
0.10731
0.106827
0.106449
0.105372
0.109082
0.104767
0.107539
0.106142
0.106142
0.106775
0.103782
0.104336
0.108849
0.109241
0.109315
0.107199
0.108098
0.108023
0.108241
0.107897
0.106676
0.106222
0.10797
0.106723
0.105197
0.102942
0.104387
0.104767
0.105895
0.106853
0.1053
0.107758
0.108151
0.108508
0.108204
0.105791
0.107114
0.104665
0.108919
0.108652
0.103378
0.106984
0.106931
0.105791
0.108438
0.109744
0.107577
0.108241
0.1053
0.108885
0.107166
0.10729
0.105854
0.104767
0.105659
0.108082
0.103825
0.108849
0.111106
0.108615
0.106683
0.106449
0.10609
0.105659
0.106193
0.103969
0.103926
0.107486
0.106683
0.105074
0.10607
0.107257
0.107093
0.10648
0.105146
0.106879
0.105269
0.106936
0.104294
0.104818
0.108545
0.110284
0.104437
0.107524
0.107251
0.105803
0.109492
0.106631
0.108902
0.107348
0.105915
0.108113
0.11166
0.110319
0.103825
0.103616
0.103639
0.104091
0.105935
0.104263
0.107917
0.107433
0.108688
0.107971
0.107864
0.105751
0.109172
0.102793
0.103616
0.106396
0.105433
0.105238
0.102853
0.107075
0.106984
0.103632
0.110066
0.10613
0.103998
0.107558
0.105248
0.106592
0.104263
0.103589
0.104019
0.105003
0.106305
0.106449
0.106631
0.104767
0.106788
0.110121
0.104725
0.101621
0.109315
0.107688
0.108507
0.105197
0.107773
0.106931
0.109546
0.105751
0.107864
0.108241
0.108992
0.105648
0.104767
0.10613
0.104458
0.105608
0.104437
0.104961
0.10138
0.108902
0.107415
0.104142
0.104581
0.108652
0.105054
0.106273
0.105946
0.107664
0.109333
0.105453
0.108065
0.106325
0.10613
0.102052
0.106233
0.104019
0.10806
0.106182
0.106573
0.103646
0.103445
0.102318
0.10492
0.106579
0.104859
0.10697
0.104725
0.107881
0.106736
0.109744
0.107075
0.105423
0.107219
0.101212
0.108902
0.107362
0.107342
0.103545
0.105505
0.10256
0.105464
0.105998
0.104982
0.103035
0.106285
0.107075
0.108241
0.10797
0.108381
0.108704
0.10453
0.106213
0.105987
0.105803
0.106058
0.108635
0.108241
0.106182
0.110066
0.105688
0.108257
0.108098
0.109977
0.104623
0.104623
0.103091
0.107166
0.107755
0.103853
0.104776
0.1057
0.106417
0.103438
0.11064
0.107205
0.105659
0.108332
0.108151
0.10412
0.104449
0.10613
0.108812
0.101814
0.106612
0.106931
0.109996
0.107075
0.108705
0.107415
0.107577
0.103883
0.103229
0.106469
0.105823
0.105987
0.106325
0.106469
0.106038
0.106899
0.105084
0.108722
0.104306
0.106827
0.106325
0.103085
0.105618
0.10613
0.103352
0.106344
0.105895
0.102848
0.109099
0.107036
0.106182
0.10256
0.106788
0.104019
0.105331
0.102724
0.107448
0.108672
0.106553
0.103833
0.105567
0.105105
0.105751
0.106305
0.105464
0.10609
0.108956
0.107362
0.106521
0.106827
0.105618
0.104818
0.10529
0.101817
0.108849
0.104407
0.10797
0.108328
0.106984
0.105576
0.107296
0.107597
0.107257
0.10613
0.106736
0.101912
0.107114
0.104027
0.108129
0.106931
0.107649
0.106142
0.106508
0.102195
0.102105
0.108902
0.10417
0.106879
0.109996
0.107826
0.105958
0.104077
0.108311
0.105926
0.108956
0.105515
0.106409
0.105711
0.105464
0.108918
0.105791
0.104263
0.10453
0.105248
0.108151
0.104767
0.107324
0.104674
0.103702
0.105987
0.106521
0.105935
0.102101
0.105597
0.105341
0.105218
0.10102
0.102803
0.104356
0.107023
0.106592
0.105791
0.107615
0.106078
0.109671
0.106142
0.106078
0.107023
0.107023
0.108491
0.110873
0.1053
0.106038
0.10797
0.106109
0.108849
0.105906
0.105392
0.107773
0.10686
0.105536
0.110194
0.106449
0.106449
0.106501
0.103516
0.103516
0.107075
0.104838
0.104077
0.108581
0.108725
0.108725
0.104736
0.105003
0.104458
0.1053
0.106233
0.104285
0.10491
0.106305
0.105556
0.108992
0.106501
0.104767
0.105935
0.10453
0.105587
0.104563
0.107611
0.106182
0.104336
0.109243
0.106683
0.108402
0.108098
0.108219
0.100971
0.108598
0.108725
0.104952
0.102675
0.106808
0.100925
0.10529
0.106644
0.106521
0.105197
0.106182
0.103279
0.104235
0.105248
0.107023
0.105998
0.104407
0.106396
0.103135
0.106337
0.104407
0.104306
0.10532
0.104961
0.109243
0.109243
0.10417
0.107467
0.102154
0.105012
0.108363
0.103251
0.103352
0.106253
0.102249
0.109996
0.105464
0.103229
0.104869
0.10684
0.108205
0.102991
0.103976
0.103709
0.108438
0.104869
0.103058
0.106801
0.111915
0.10697
0.105413
0.104294
0.105197
0.103322
0.103589
0.107075
0.105954
0.11062
0.106879
0.103301
0.105751
0.103208
0.104818
0.104818
0.106775
0.105998
0.10716
0.106233
0.104694
0.107577
0.104674
0.107075
0.10716
0.105269
0.104674
0.102031
0.105567
0.103746
0.105567
0.108795
0.103984
0.104818
0.106357
0.105659
0.102084
0.102511
0.108578
0.105341
0.107879
0.104736
0.106233
0.106723
0.103495
0.10529
0.101765
0.102908
0.102908
0.10667
0.103883
0.103883
0.105711
0.104387
0.109279
0.105751
0.103014
0.102581
0.103639
0.105895
0.106182
0.104971
0.105946
0.102991
0.107132
0.108076
0.10412
0.10772
0.106918
0.106182
0.107199
0.108434
0.101386
0.106775
0.10684
0.105926
0.105382
0.107884
0.103258
0.107296
0.107917
0.10656
0.103135
0.10752
0.10609
0.106644
0.100564
0.102339
0.105443
0.10656
0.106273
0.1053
0.109226
0.107471
0.10718
0.109099
0.105341
0.110031
0.106325
0.108151
0.104255
0.105413
0.103135
0.101961
0.108113
0.105331
0.10491
0.104716
0.102942
0.109315
0.105464
0.107257
0.108795
0.103428
0.107355
0.107355
0.101309
0.06945
0.0615366
0.0491866
0.0374083
0.0320346
0.0288517
0.0318926
0.0301639
0.0285532
0.0306051
0.0246442
0.0228984
0.0224542
0.0198554
0.0220265
0.0220265
0.0011343
-0.178682
-0.0664468
0.000366948
0.005359
0.00462586
0.0208767
-0.00138755
0.00410858
0.00402252
0.00511985
0.00527837
0.00483239
0.00526698
0.00775108
0.00368588
0.00224679
0.00339168
0.00410858
0.00282886
0.00470886
-0.00163098
0.00426197
0.00197957
0.00574199
0.00585888
0.00527837
-0.00124039
0.00236744
0.00236744
0.00372333
0.00372333
0.00111747
0.00569714
0.000353933
0.00146199
0.00412709
0.00584429
0.00384535
0.00413934
0.00568601
0.00123648
0.00123648
0.00470886
0.00586652
0.00150304
0.00312892
0.000771673
0.00470886
0.00304687
0.00189919
0.00466175
0.00223351
0.00381429
0.000795261
0.00275205
0.000197236
0.00205978
0.00205978
0.00205978
0.0016502
0.00599143
0.00279032
0.00264875
0.00264875
0.00311015
0.00352629
0.00324456
0.000914295
0.00469704
0.00307209
0.00148933
0.00148933
0.00251461
0.00573073
0.00148933
0.00569714
0.000648163
0.00216758
0.00337275
0.00482555
0.0021186
0.00421984
0.00334165
0.00280892
0.00452625
-0.00226696
0.00351384
0.00252773
0.00393723
0.00539804
0.00236744
0.00366106
0.00524429
-0.000666933
0.00337204
0.00568601
0.00238063
0.00294317
0.00363637
0.00295605
0.000520367
0.00151679
0.00324456
0.00362408
0.0054141
0.00337204
0.00337204
0.00337912
0.00147062
-0.00112374
0.0016502
0.00291213
0.00222026
0.00480246
-0.000829218
0.00553878
0.00553878
0.00378994
0.00119485
0.00421984
0.00163141
0.00295605
0.00412067
0.00266888
0.000785886
0.00230973
0.00361829
0.00147062
0.00279032
0.00321935
0.00381429
0.00624625
0.00160448
0.00324456
0.000900316
0.00164492
0.000472607
0.00118103
0.00404861
0.00380828
0.00524429
0.00030128
0.00238063
0.0021807
0.00139168
0.00380828
0.00303431
0.000110849
0.00310318
0.00310318
0.00391314
0.00423177
0.00204653
0.00204653
0.00119485
0.0033666
0.0033666
0.00160935
0.00856774
0.00856774
0.00509703
0.00320679
0.00134209
0.00510842
0.00294317
0.00298193
0.00308474
0.00308474
0.00525562
0.0033666
0.00292481
0.00175669
0.00643277
0.00332922
0.00238063
0.00250153
0.00394325
0.00263576
0.00655142
0.00264875
0.000743342
0.00250153
0.00208638
0.00434352
0.00150304
0.00366106
0.00366106
0.00351384
0.00351384
-0.000711958
-0.000711958
0.0016502
0.00175184
0.00270147
0.00522796
0.00132834
0.00250153
0.00260988
0.00303938
0.00260988
0.0047795
0.00237249
0.00359406
0.00639357
0.00216226
0.00087662
0.0038021
0.0033666
-0.000273693
0.00176523
0.00219386
0.00180557
0.00175184
0.00335411
0.00247545
0.0023356
0.000591658
0.000344416
0.00333569
0.00187265
0.000448646
0.00466676
0.00119485
0.00318177
0.00104759
0.00350762
0.00103371
0.00188591
0.000624463
0.00246246
0.00337912
0.0047858
-0.000155405
0.00525562
0.00189919
0.00257914
0.00277753
0.0068176
0.00595158
0.00308474
0.00521049
-0.00127103
0.00203331
0.00135056
0.00406055
0.00522172
0.00184623
0.00251461
0.00599143
0.00383296
0.0030648
0.00468524
0.00450269
0.00366106
0.000638741
0.00698273
0.000330006
0.00292481
0.00361829
0.00202012
0.00440283
0.00231502
0.00103371
0.00420794
0.00381429
0.000444285
0.000430171
0.00204653
0.00491555
0.000619848
0.00276477
0.000886369
0.00177021
0.00323194
0.00231502
0.00104759
0.00350141
0.00121323
0.00121323
0.00567491
0.002302
0.00159579
0.000771673
0.00404861
0.000311111
0.00234117
0.00250153
-0.000421053
0.00367345
0.00423775
0.00423775
-0.00197254
0.00103371
0.00468524
0.00101986
0.00391314
0.00377782
0.00173849
0.00452625
0.00133691
0.00246246
0.00100604
0.00214142
0.00348307
0.00275205
0.00522172
0.00148933
0.00115349
0.00246246
0.00063399
0.00264875
0.00104759
0.00538031
0.00286168
0.00319427
0.00132834
-0.000892924
0.00374712
0.00361181
0.00430831
0.000711087
0.00418424
0.00362408
0.00626763
0.00610966
0.00276477
0.00101491
0.00101986
0.0021807
0.00130094
0.00538031
-0.00172509
0.00163655
0.00655142
0.00507433
0.000771673
0.00266177
0.00453808
-0.00109324
0.00311015
0.00189919
0.00556121
0.00100604
0.00100604
0.00199383
0.00171188
0.00332922
-9.31117e-05
0.00191748
0.00188591
0.000886369
0.00247545
-0.00182535
0.00135588
0.00480246
0.00480246
-0.000347198
0.00334165
0.00117138
0.00480903
0.00466175
0.00538031
0.00552761
0.00404861
0.00206473
0.00310318
0.00392517
0.00361181
0.00267482
0.00018276
0.00421984
0.00264875
0.00087662
0.00115349
0.00131463
0.00278304
0.00278304
0.00290469
0.00119485
0.00565686
0.00262281
0.00146199
0.00243156
0.00522796
0.000448646
0.00135588
0.00305946
0.00352629
0.00163655
0.00433175
0.00433175
0.00191748
0.00191748
0.00251461
-0.0010218
0.00419607
0.00435532
0.00276477
0.0047974
0.00405421
0.00447926
0.00106606
0.0011853
0.00363637
-0.00110499
0.00366106
0.00191251
0.00418424
0.0049563
0.0021807
0.00260988
0.00350141
0.00279597
0.0053468
0.00467348
0.00103799
0.00231502
0.00366106
0.00350141
-0.00185679
-0.000406345
0.000904756
0.00380828
0.00451446
0.00538031
0.00219386
0.00104759
0.00121323
0.0039736
0.00160448
0.00348902
0.00130094
0.00366106
0.00378994
0.00351384
0.00350141
0.00204653
0.00163655
0.00305946
0.00334165
0.00410858
0.0021807
0.00308474
0.00308474
0.00261741
0.00293031
0.00047724
0.00409653
0.00579339
0.00579339
-0.000783808
0.00334165
0.00435532
0.00148933
0.00304687
0.0020916
0.0020916
-0.00143037
-0.000564593
-0.00200141
0.00396774
0.00136969
0.000610216
0.00341011
0.00494473
0.00494473
0.00494473
0.00494473
0.00755426
0.00755426
0.00623562
0.00623562
0.00146199
0.00131463
0.00131463
-0.000140891
0.00509206
0.00509206
0.00509206
0.00335411
0.00293031
0.00132834
0.00132834
3.93951e-05
0.00160448
0.00220704
0.00450837
0.00450837
0.00433175
0.00231502
0.00483239
0.0045322
0.0045322
0.00305208
0.00119925
0.000581815
0.00582849
0.00159579
0.0017432
0.00206473
0.000125169
0.00409051
0.00584429
0.00380123
