0.0246252
0.0246252
0.016272
0.0167081
0.0241199
0.0205219
0.0260824
0.0300073
0.013745
0.0209543
0.0257707
0.0184141
0.0203807
0.018798
0.0231707
0.0173401
0.0206971
0.0234873
0.0250873
0.0259573
0.0170252
0.0186029
0.0216472
0.0131602
0.0156232
0.0210821
0.0177074
0.0105071
0.0253267
0.0214557
0.017336
0.026985
0.0189858
0.0256465
0.0154425
0.0077145
0.0200623
0.0152498
0.011947
0.0110661
0.0232961
0.0230499
0.017656
0.0196992
0.0175351
0.0237551
0.0239497
0.0243136
0.0155669
0.0209086
0.00657252
0.00708536
0.0141085
0.01564
0.0132805
0.0187314
0.0208896
0.0122123
0.00653664
0.0151791
0.0151791
0.01773
0.0177166
0.0177166
0.0108029
0.0153254
0.0207632
0.021786
0.020009
0.0179738
0.0179738
0.00720086
0.0144236
0.0150572
0.0149329
0.0208404
0.0184722
0.0191879
0.0145765
0.0225397
0.0213988
0.017656
0.0176528
0.00842426
0.0189228
0.0209543
0.0158819
0.0156347
0.0221547
0.0154915
0.0132805
0.015373
0.0143023
0.0151292
0.0151292
0.0151292
0.0136708
0.0136708
0.0123325
0.0123325
0.0147392
0.0145477
0.0145477
0.0146187
0.0127234
0.0205044
0.0205018
0.0184833
0.0188537
0.0210782
0.0186334
0.03121
0.0157443
0.00909814
0.0180955
0.0266522
0.0179249
0.017093
0.0241199
0.0204508
0.0230341
0.0277365
0.0217134
0.0196243
0.0291244
0.0251357
0.0191654
0.012488
0.0157175
0.0230499
0.0289983
0.0196874
0.0234368
0.0236784
0.0204421
0.0358985
0.0267189
0.0252619
0.0299473
0.0354571
0.0300734
0.0271598
0.0275426
0.0172732
0.0250061
0.0169006
0.0221547
0.0213988
0.0208219
0.0251949
0.0245737
0.0310229
0.016077
0.015373
0.015373
0.0259494
0.0272181
0.0283681
0.0283681
0.0270296
0.0139146
0.0213988
0.0241894
0.0217443
0.017093
0.0267374
0.0179249
0.0183143
0.0251949
0.0190641
0.0181663
0.0133552
0.0165874
0.018677
0.0240603
0.0169558
0.0220808
0.0220808
0.0150572
0.0150572
0.0194318
0.0205044
0.0144788
0.00909814
0.0198784
0.0207632
0.0207632
0.0256366
0.0216472
0.0215925
0.0194318
0.0179057
0.0224686
0.0313401
0.0143685
0.0209497
0.0252619
0.0232269
0.020572
0.0231048
0.0163229
0.0207632
0.01277
0.0208404
0.0216472
0.0315352
0.0195528
0.0196243
0.0282366
0.0236784
0.0236784
0.0151791
0.0201348
0.0166374
0.0208404
0.0199411
0.0194917
0.0139146
0.01773
0.0161977
0.0194318
0.0157607
0.0118216
0.0188537
0.0196243
0.0180946
0.0180946
0.019682
0.0193595
0.0171459
0.00973197
0.0134718
0.0142288
0.0141818
0.0260106
0.0225977
0.0176062
0.0221547
0.0206971
0.0101197
0.0141085
0.019682
0.0141588
0.0226029
0.012525
0.0177812
0.0109303
0.0129967
0.00947096
0.0233596
0.0137811
0.0242453
0.0184141
0.0207593
0.0180384
0.0212051
0.0212051
0.013745
0.0169558
0.0179249
0.0273535
0.0251322
0.0159544
0.0215201
0.0132805
0.0171459
0.0174126
0.0214667
0.0170128
0.0198722
0.0229242
0.0213232
0.0130375
0.0181663
0.0152498
0.0268945
0.0115012
0.0180335
0.018677
0.0106717
0.0118813
0.0122598
0.0200623
0.0249446
0.0154315
0.0173401
0.017336
0.0167081
0.0184375
0.00566944
0.0170509
0.00720086
0.0125141
0.00657252
0.0179738
0.017656
0.0254543
0.0255016
0.0218385
0.0152034
0.016272
0.0262106
0.0182238
0.0222209
0.0170816
0.0160063
0.0134718
0.0218999
0.0220297
0.0199979
0.00739502
0.0142288
0.0186073
0.0212744
0.0152498
0.0120677
0.0150572
0.0118966
0.0124812
0.0124812
0.0200623
0.014419
0.0283681
0.0181663
0.0143562
0.0127175
0.0208896
0.0152498
0.0138483
0.0189228
0.0106808
0.0134059
0.0200623
0.0246252
0.0211568
0.0210821
0.0232299
0.017656
0.0246252
0.0246252
0.016148
0.0172732
0.0210108
0.0215201
0.00827274
0.0164473
0.0228563
0.0198066
0.0171459
0.0177812
0.0148137
0.0176062
0.0187314
0.00725213
0.0198167
0.0143023
0.0220297
0.0214512
0.0312811
0.0125797
0.0114385
0.0124559
0.0184141
0.0115063
0.0209543
0.0241199
0.0191879
0.0142592
0.0172189
0.0232961
0.0159544
0.0185511
0.00560071
0.020408
0.0344281
0.017656
0.0191141
0.0125141
0.0262745
0.018798
0.0262227
0.0100474
0.0183483
0.0194318
0.0211399
0.0111207
0.0111207
0.0159544
0.0165156
0.0186029
0.0192313
0.01689
0.0152034
0.018677
0.016272
0.0193053
0.020009
0.0179249
0.0131182
0.0131182
0.0163229
0.0151217
0.0250694
0.0220808
0.0243816
0.0165156
0.0238694
0.0215925
0.0131602
0.016272
0.0247535
0.0172189
0.0222209
0.0139398
0.0165801
0.0257026
0.0173714
0.0139146
0.0220297
0.017656
0.0181663
0.0234873
0.0146717
0.0245824
0.0187942
0.0187314
0.022732
0.0253837
0.0115787
0.0198952
0.0154423
0.0166362
0.0218385
0.00997934
0.00941439
0.0109498
0.0202012
0.020572
0.0120129
0.015373
0.00866057
0.0191141
0.0193639
0.015307
0.0130375
0.0186042
0.0186042
0.010488
0.010042
0.00756941
0.0163415
0.0177812
0.0258387
0.0148645
0.0123529
0.0179738
0.0209607
0.0140386
0.00897866
0.00897866
0.0147392
0.0147392
0.0140386
0.0140386
0.0259494
0.0132781
0.0132781
0.0246875
0.0213301
0.0178472
0.0138671
0.0188559
0.0188559
0.0128975
0.0120129
0.0143792
0.0202522
0.0108735
0.0169006
0.00560071
0.00465003
0.00922165
0.01277
0.0150086
0.0118216
0.0073132
0.00795506
0.002628
0.0201189
0.0155631
0.0169558
0.0191879
0.0129684
0.0115787
0.0123325
0.00591681
0.00795506
0.014419
0.014419
0.014419
0.00820194
0.0162582
0.0162582
0.00649553
0.013089
0.0159544
0.010171
0.00769331
0.00769331
0.00586476
0.0151791
0.00586476
0.00890319
0.000973712
0.0103625
0.00535371
0.0152498
0.00428194
0.0150572
0.00739974
0.0106808
0.0148645
0.00992589
0.0131502
0.0163889
0.0038939
0.0038939
0.00338302
0.0105539
0.00814774
0.0184722
0.00566322
0.00674956
0.0211453
0.015373
0.0178472
0.0178472
0.00407061
0.0101197
0.00668824
0.00668824
0.0172189
0.018677
0.0108007
0.0108007
0.0208404
0.0103625
0.0139078
0.0139078
0.0125797
0.0170138
0.013213
0.00674956
0.00591681
0.0116301
0.00731389
0.0142288
0.00885433
0.0194318
0.00547403
0.0127058
0.0172853
0.0104377
0.0182115
0.0132805
0.00579243
0.0148557
0.0148557
0.00966139
0.0101197
0.0208219
0.016272
0.0199303
0.0100793
0.0138542
0.0131502
0.0100035
0.0121398
0.0121398
0.0134718
0.0077972
0.0077972
0.00858257
0.0142288
0.0106327
0.00141216
0.0154423
0.00902881
0.0129099
0.0108735
0.0141085
0.00971928
0.00681332
0.0149886
0.0149886
0.00776228
0.00141216
0.0158776
0.00814774
0.00862033
0.00877274
0.00877274
0.00877274
0.0135986
0.0132805
0.0132805
0.010997
0.00344117
0.0155631
-0.0024587
0.0107535
0.00696503
-0.00024017
0.00866057
0.0128333
0.0116301
0.0143685
0.00686866
0.00686866
0.00997934
0.00625509
0.012525
0.00858411
0.00503581
0.00503581
-0.00119106
0.00065333
0.00617558
-0.0014355
0.0150434
0.00732423
0.00554774
0.00858826
0.000973712
0.00630272
0.0084667
0.0167081
0.013089
0.0115612
0.00605998
0.016069
0.00325041
0.00325041
0.013745
0.0128975
0.00274985
0.0135845
-0.004869
0.00274985
-0.00238393
0.0117724
-0.00759992
-0.00222414
-0.0265666
-0.0854088
-0.121034
-0.176056
-0.26481
-0.347421
-0.343784
-0.31399
-0.181873
-0.136862
-0.125118
-0.125123
-0.124657
-0.130352
-0.130615
-0.127021
-0.128179
-0.121451
-0.124717
-0.130862
-0.118798
-0.126465
-0.135855
-0.122875
-0.127963
-0.124703
-0.126784
-0.112239
-0.135515
-0.128383
-0.124902
-0.13271
-0.13059
-0.129699
-0.128909
-0.12926
-0.128782
-0.124634
-0.124634
-0.131199
-0.123087
-0.126601
-0.135227
-0.11809
-0.127021
-0.127152
-0.123213
-0.132858
-0.121266
-0.125498
-0.125498
-0.132121
-0.125786
-0.116837
-0.127337
-0.121372
-0.121316
-0.13358
-0.11794
-0.115366
-0.115628
-0.12873
-0.120847
-0.123924
-0.128073
-0.128073
-0.122453
-0.13907
-0.126105
-0.126868
-0.126868
-0.126075
-0.12364
-0.121313
-0.130732
-0.12842
-0.12842
-0.118608
-0.126337
-0.12834
-0.125701
-0.124476
-0.140068
-0.158017
-0.165957
-0.197828
-0.234359
-0.265406
-0.268864
-0.295269
-0.287499
-0.276272
-0.284006
-0.287971
-0.283198
-0.277094
-0.287174
-0.290742
-0.290041
-0.282206
-0.285531
-0.281373
-0.275074
-0.270767
-0.280537
-0.272994
-0.292507
-0.280384
-0.279479
-0.279479
-0.284895
-0.285623
-0.272875
-0.282282
-0.283416
-0.280842
-0.28701
-0.279854
-0.271397
-0.271397
-0.278346
-0.28429
-0.28796
-0.289788
-0.289788
-0.280459
-0.280459
-0.278788
-0.278788
-0.278183
-0.277657
-0.287507
-0.322081
-0.355461
-0.367532
-0.367532
-0.361557
-0.339878
-0.325379
-0.298105
-0.256164
-0.221482
-0.190909
-0.204086
-0.200141
-0.201114
-0.20458
-0.210639
-0.207061
-0.199121
-0.209329
-0.193294
-0.201809
-0.199388
-0.199388
-0.202501
-0.201451
-0.216485
-0.197984
-0.20124
-0.203196
-0.204521
-0.201967
-0.20502
-0.202342
-0.199882
-0.198288
-0.197786
-0.189868
-0.198651
-0.189675
-0.202472
-0.20522
-0.205054
-0.205054
-0.211182
-0.205584
-0.208763
-0.206548
-0.201175
-0.201175
-0.164009
-0.12404
-0.0783139
-0.0291876
0.0238805
0.0275862
0.0305881
0.024772
0.0213487
0.0127259
0.0246236
0.0228685
0.0268869
0.0195791
0.0100319
0.00797039
-0.00119476
0.0178669
0.0293016
0.0275887
0.0676241
0.0774712
0.0578101
0.0572305
0.0585062
0.05593
0.066514
0.060439
0.0618225
0.0670671
0.0603695
0.0475005
0.0475005
0.0534449
0.0595923
0.0683787
0.0553992
0.0367435
0.0508345
0.0508345
0.0466081
0.0483441
0.0677629
0.0550488
0.0615476
0.0529914
0.0521885
0.0605689
0.0464231
0.0605106
0.0593519
0.0514912
0.0584911
0.0497722
0.05063
0.0545409
0.0569082
0.0489978
0.0647167
0.0613233
0.0540655
0.0452988
0.0566466
0.0519623
0.0576795
0.0445284
0.0638907
0.0512308
0.0529982
0.0465501
0.052958
0.0585291
0.0480021
0.0608577
0.0544144
0.0491286
0.0435915
0.0554349
0.0573658
0.0486024
0.0436321
0.0479648
0.0519215
0.0470264
0.0517035
0.0546651
0.0508015
0.0489623
0.0482342
0.0645471
0.0532353
0.0467034
0.0458044
0.0535392
0.0520362
0.0524695
0.0447705
0.0447705
0.0474707
0.046069
0.0524337
0.0619461
0.0474023
0.048863
0.0619737
0.0467353
0.0467353
0.0530058
0.0516722
0.0479334
0.0448028
0.0519025
0.0590755
0.0577428
0.050197
0.0450278
0.0552205
0.0489747
0.0436667
0.0470746
0.0488349
0.0467646
0.0506549
0.0422726
0.0373636
0.0488885
0.050197
0.0470746
0.0486679
0.0561279
0.0561279
0.057533
0.0448028
0.0450278
0.050819
0.0434686
0.0440959
0.0536291
0.0511312
0.0524654
0.0467646
0.0567735
0.05436
0.0445653
0.0397478
0.0203197
0.00468535
-0.0208044
-0.0427104
-0.024531
-0.0483901
-0.0717145
-0.0531805
-0.064811
-0.0727554
-0.07625
-0.0863892
-0.0976977
-0.0976977
-0.0985712
-0.118487
-0.108091
-0.0995868
-0.0969734
-0.100822
-0.0922296
-0.0989362
-0.0843303
-0.104863
-0.104863
-0.0976601
-0.106067
-0.103593
-0.0936573
-0.102388
-0.104408
-0.102062
-0.0933396
-0.10589
-0.116887
-0.11076
-0.101197
-0.117708
-0.10202
-0.0921334
-0.106894
-0.113615
-0.09949
-0.0888399
-0.10046
-0.0917822
-0.0890088
-0.104511
-0.101886
-0.0964573
-0.0963633
-0.10046
-0.0955826
-0.0979254
-0.1058
-0.1058
-0.114036
-0.105378
-0.111365
-0.104134
-0.100774
-0.111365
-0.108091
-0.102313
-0.105022
-0.107175
-0.106713
-0.112651
-0.0981802
-0.10925
-0.119095
-0.102257
-0.105378
-0.104689
-0.0972808
-0.0972808
-0.103817
-0.113433
-0.109837
-0.103855
-0.108547
-0.105333
-0.115373
-0.112651
-0.107915
-0.107358
-0.116333
-0.116423
-0.108779
-0.115506
-0.108138
-0.116423
-0.110899
-0.109846
-0.103169
-0.10838
-0.106949
-0.107313
-0.11248
-0.114075
-0.0946435
-0.104372
-0.11076
-0.111544
-0.113525
-0.118223
-0.121074
-0.111772
-0.10838
-0.110944
-0.108274
-0.114682
-0.109808
-0.115551
-0.103593
-0.103593
-0.103089
-0.110719
-0.113947
-0.102442
-0.120294
-0.10925
-0.10666
-0.116709
-0.104598
-0.116842
-0.116929
-0.11662
-0.116795
-0.117487
-0.111182
-0.107212
-0.110029
-0.10666
-0.10666
-0.105058
-0.118089
-0.112786
-0.111963
-0.117622
-0.126168
-0.116578
-0.114726
-0.108048
-0.101108
-0.106448
-0.117669
-0.117669
-0.110586
-0.104504
-0.111144
-0.104993
-0.10138
-0.103558
-0.119182
-0.124304
-0.106394
-0.112143
-0.122657
-0.117577
-0.114861
-0.110674
-0.111879
-0.103686
-0.110273
-0.125777
-0.113299
-0.111233
-0.108733
-0.106488
-0.10431
-0.0964682
-0.108415
-0.115551
-0.115551
-0.102908
-0.111963
-0.124133
-0.111275
-0.10138
-0.10138
-0.119182
-0.116286
-0.115458
-0.115458
-0.103
-0.107268
-0.109846
-0.109846
-0.106488
-0.118266
-0.105671
-0.108561
-0.103169
-0.115176
-0.122775
-0.105613
-0.104824
-0.117482
-0.113615
-0.113615
-0.116151
-0.113376
-0.107268
-0.0906706
-0.105671
-0.106264
-0.106264
-0.108285
-0.111587
-0.104372
-0.114122
-0.107347
-0.118858
-0.103821
-0.115416
-0.114123
-0.108518
-0.109066
-0.109066
-0.118045
-0.106668
-0.11495
-0.118487
-0.0993625
-0.107079
-0.118778
-0.114411
-0.107823
-0.12404
-0.112326
-0.120805
-0.104408
-0.117355
-0.120762
-0.113817
-0.111275
-0.112947
-0.11248
-0.108902
-0.117643
-0.120581
-0.11248
-0.105022
-0.119273
-0.115642
-0.118605
-0.131853
-0.114594
-0.124284
-0.12241
-0.11408
-0.105744
-0.104383
-0.124996
-0.109208
-0.10903
-0.10903
-0.105244
-0.105244
-0.11429
-0.111315
-0.112054
-0.109588
-0.125133
-0.113817
-0.109751
-0.11688
-0.121938
-0.108472
-0.102716
-0.123349
-0.116241
-0.113258
-0.103558
-0.114338
-0.101478
-0.101478
-0.11311
-0.115878
-0.109939
-0.103686
-0.118823
-0.125168
-0.125168
-0.109159
-0.110338
-0.110499
-0.11201
-0.116105
-0.119239
-0.119239
-0.119942
-0.1127
-0.108343
-0.115097
-0.115097
-0.112755
-0.121279
-0.117771
-0.10838
-0.108126
-0.106579
-0.130653
-0.120803
-0.103304
-0.116105
-0.106407
-0.109079
-0.109079
-0.115323
-0.115323
-0.107784
-0.109029
-0.108937
-0.12214
-0.114682
-0.115889
-0.115931
-0.112689
-0.121542
-0.110627
-0.10138
-0.12025
-0.116333
-0.12693
-0.115416
-0.0939226
-0.107816
-0.114682
-0.109159
-0.119889
-0.116978
-0.115761
-0.121582
-0.122489
-0.122489
-0.118736
-0.113258
-0.114812
-0.109066
-0.116337
-0.108969
-0.102617
-0.125421
-0.131076
-0.130653
-0.117308
-0.113725
-0.110147
-0.116709
-0.120502
-0.115841
-0.122449
-0.126799
-0.112789
-0.115403
-0.120805
-0.120029
-0.120115
-0.122056
-0.127523
-0.119338
-0.111015
-0.114594
-0.1297
-0.112226
-0.131076
-0.12404
-0.111665
-0.116149
-0.111182
-0.119942
-0.129044
-0.126069
-0.110306
-0.110306
-0.120837
-0.11649
-0.105264
-0.110147
-0.117268
-0.114504
-0.114284
-0.106949
-0.118948
-0.114843
-0.117355
-0.12054
-0.131432
-0.112352
-0.128229
-0.114411
-0.114411
-0.119252
-0.127114
-0.103089
-0.10881
-0.1077
-0.123747
-0.105613
-0.114552
-0.118001
-0.118402
-0.114025
-0.111144
-0.119559
-0.119559
-0.111087
-0.103626
-0.112054
-0.114861
-0.104984
-0.118605
-0.119382
-0.10623
-0.118692
-0.111275
-0.106696
-0.125688
-0.124602
-0.118646
-0.118262
-0.109679
-0.106194
-0.111835
-0.102617
-0.11662
-0.112518
-0.114594
-0.121409
-0.10881
-0.121409
-0.121409
-0.125554
-0.127359
-0.106358
-0.111015
-0.115191
-0.112261
-0.118132
-0.117996
-0.117996
-0.109716
-0.11744
-0.127063
-0.113598
-0.124515
-0.126286
-0.110456
-0.135969
-0.107534
-0.120376
-0.115283
-0.117737
-0.118423
-0.124774
-0.115153
-0.117487
-0.115062
-0.123122
-0.1262
-0.121358
-0.108317
-0.108317
-0.113075
-0.116197
-0.110707
-0.107379
-0.115931
-0.115242
-0.11495
-0.11495
-0.117215
-0.121884
-0.115841
-0.114376
-0.11965
-0.113128
-0.114504
-0.108188
-0.114542
-0.104894
-0.111792
-0.109159
-0.114338
-0.123177
-0.124053
-0.109939
-0.118296
-0.118605
-0.13285
-0.13285
-0.13285
-0.114065
-0.113287
-0.114988
-0.104277
-0.12456
-0.128097
-0.121279
-0.12119
-0.112606
-0.120896
-0.114504
-0.14529
-0.104677
-0.09145
-0.117355
-0.106264
-0.115283
-0.103432
-0.117915
-0.115097
-0.0985831
-0.109621
-0.138061
-0.119239
-0.108937
-0.108937
-0.116528
-0.10623
-0.103246
-0.107616
-0.120851
-0.122868
-0.125083
-0.118515
-0.120719
-0.119515
-0.119012
-0.122142
-0.122142
-0.1262
-0.119425
-0.0974805
-0.11942
-0.12645
-0.112821
-0.115062
-0.136781
-0.112655
-0.109331
-0.127807
-0.118646
-0.118778
-0.108716
-0.122747
-0.119425
-0.103246
-0.112611
-0.109029
-0.109029
-0.102747
-0.118909
-0.113346
-0.119294
-0.126846
-0.126846
-0.111315
-0.117865
-0.100774
-0.106725
-0.113725
-0.114936
-0.0987403
-0.110053
-0.121151
-0.102813
-0.126286
-0.112744
-0.115972
-0.115972
-0.120294
-0.112054
-0.118818
-0.115416
-0.107079
-0.105919
-0.105919
-0.115506
-0.113001
-0.106821
-0.114726
-0.12602
-0.116709
-0.123251
-0.114552
-0.108992
-0.10912
-0.122414
-0.110831
-0.112389
-0.119164
-0.10337
-0.104335
-0.122056
-0.109621
-0.116842
-0.126608
-0.117577
-0.0984341
-0.121913
-0.109383
-0.105166
-0.101478
-0.111772
-0.124171
-0.119074
-0.119074
-0.0906658
-0.109375
-0.104149
-0.0950102
-0.131374
-0.136056
-0.107379
-0.094898
-0.119602
-0.119602
-0.122575
-0.117355
-0.117957
-0.122564
-0.124949
-0.10542
-0.106358
-0.106358
-0.115889
-0.108902
-0.113128
-0.104023
-0.133668
-0.123954
-0.102844
-0.117675
-0.115761
-0.125203
-0.112947
-0.107566
-0.112821
-0.113777
-0.121227
-0.117872
-0.118645
-0.118645
-0.125112
-0.120938
-0.112913
-0.114552
-0.113535
-0.113535
-0.11195
-0.114812
-0.131684
-0.122527
-0.115459
-0.109808
-0.106394
-0.121319
-0.1127
-0.115761
-0.118423
-0.118423
-0.109463
-0.109897
-0.113611
-0.1199
-0.126058
-0.116578
-0.116578
-0.114504
-0.119982
-0.123265
-0.115062
-0.123649
-0.115713
-0.10533
-0.121451
-0.128745
-0.125764
-0.11649
-0.11705
-0.110306
-0.115748
-0.119814
-0.124683
-0.123088
-0.113039
-0.120319
-0.116363
-0.118562
-0.11425
-0.123827
-0.112352
-0.120589
-0.136478
-0.126111
-0.125597
-0.119425
-0.119294
-0.124216
-0.112821
-0.101593
-0.120029
-0.126154
-0.113598
-0.114338
-0.120896
-0.11425
-0.126416
-0.120462
-0.128961
-0.118387
-0.122359
-0.123721
-0.131211
-0.121657
-0.117611
-0.12184
-0.11649
-0.115527
-0.103005
-0.118734
-0.121968
-0.115374
-0.108033
-0.115713
-0.128828
-0.128828
-0.106264
-0.106264
-0.116151
-0.125854
-0.107963
-0.119942
-0.119942
-0.118423
-0.117013
-0.108744
-0.132717
-0.119559
-0.115281
-0.132802
-0.121026
-0.119164
-0.117788
-0.113441
-0.111484
-0.123479
-0.128097
-0.112295
-0.128139
-0.109553
-0.107474
-0.128787
-0.12883
-0.12883
-0.1218
-0.120376
-0.116086
-0.112699
-0.122527
-0.113506
-0.102657
-0.122225
-0.126799
-0.11154
-0.118605
-0.125981
-0.111172
-0.110958
-0.112727
-0.119725
-0.114284
-0.123138
-0.105264
-0.120879
-0.121151
-0.107656
-0.129605
-0.129788
-0.12184
-0.12184
-0.122436
-0.115802
-0.122527
-0.118457
-0.106479
-0.128137
-0.128617
-0.128054
-0.122401
-0.112168
-0.121319
-0.122616
-0.112913
-0.112226
-0.108841
-0.115931
-0.11662
-0.111052
-0.111052
-0.108285
-0.108285
-0.1127
-0.12638
-0.121877
-0.115621
-0.111104
-0.125292
-0.128745
-0.12054
-0.107505
-0.127757
-0.111484
-0.110557
-0.119109
-0.127537
-0.109716
-0.112821
-0.115097
-0.10128
-0.120021
-0.117827
-0.105945
-0.110495
-0.110495
-0.117085
-0.113168
-0.100201
-0.124687
-0.11089
-0.111484
-0.110239
-0.119382
-0.124949
-0.098617
-0.108472
-0.129178
-0.128363
-0.114189
-0.114465
-0.126286
-0.116399
-0.115802
-0.101012
-0.113474
-0.11201
-0.124301
-0.111144
-0.115748
-0.114504
-0.115621
-0.115621
-0.123995
-0.118515
-0.106043
-0.112569
-0.114969
-0.114969
-0.121366
-0.0980271
-0.115153
-0.112852
-0.111052
-0.122789
-0.12119
-0.112611
-0.123612
-0.11649
-0.108716
-0.114284
-0.116925
-0.111172
-0.1199
-0.10533
-0.115748
-0.116112
-0.127363
-0.124643
-0.130213
-0.119294
-0.11666
-0.112261
-0.115113
-0.120631
-0.112314
-0.110937
-0.118515
-0.105982
-0.115416
-0.128536
-0.118552
-0.110207
-0.115242
-0.117915
-0.115713
-0.114465
-0.113168
-0.108716
-0.125554
-0.113991
-0.12594
-0.119038
-0.110337
-0.112789
-0.125421
-0.12231
-0.109463
-0.110925
-0.103218
-0.126759
-0.119252
-0.113855
-0.115748
-0.10937
-0.110147
-0.119294
-0.119294
-0.116834
-0.123479
-0.120851
-0.117518
-0.10912
-0.109463
-0.121968
-0.110977
-0.122364
-0.114873
-0.102492
-0.119468
-0.101156
-0.113855
-0.120851
-0.115621
-0.125421
-0.120206
-0.108969
-0.108969
-0.118045
-0.11662
-0.112168
-0.110239
-0.110239
-0.115675
-0.112611
-0.115113
-0.114411
-0.108252
-0.118823
-0.118823
-0.0941141
-0.118605
-0.106105
-0.124171
-0.107226
-0.127979
-0.127979
-0.105579
-0.133451
-0.128316
-0.109621
-0.109621
-0.123479
-0.119982
-0.0995573
-0.11161
-0.119294
-0.111015
-0.120294
-0.124996
-0.117178
-0.118476
-0.11089
-0.10542
-0.11649
-0.113689
-0.113689
-0.111738
-0.108871
-0.103432
-0.111499
-0.106579
-0.106579
-0.111831
-0.117996
-0.110178
-0.11154
-0.112727
-0.10688
-0.10688
-0.119794
-0.110456
-0.114542
-0.113564
-0.11976
-0.110495
-0.117178
-0.10925
-0.115506
-0.122657
-0.113075
-0.129144
-0.110456
-0.113352
-0.108902
-0.103124
-0.118886
-0.114936
-0.112226
-0.112352
-0.119552
-0.133327
-0.106013
-0.12054
-0.135171
-0.114316
-0.119038
-0.108003
-0.127449
-0.112389
-0.115621
-0.114726
-0.106137
-0.115761
-0.113725
-0.106821
-0.115748
-0.12404
-0.128782
-0.128782
-0.10334
-0.119252
-0.112352
-0.0949869
-0.126504
-0.116709
-0.100451
-0.121968
-0.107096
-0.117308
-0.118605
-0.104598
-0.104598
-0.118515
-0.110366
-0.111792
-0.10589
-0.110958
-0.107135
-0.123103
-0.118001
-0.111189
-0.108343
-0.115878
-0.10191
-0.0999527
-0.106358
-0.117573
-0.113777
-0.124774
-0.106915
-0.127229
-0.127229
-0.106137
-0.106843
-0.114815
-0.0988068
-0.110115
-0.115062
-0.122188
-0.117225
-0.119044
-0.117119
-0.119125
-0.116842
-0.127623
-0.107007
-0.124996
-0.0977791
-0.0932372
-0.0905762
-0.101669
-0.108158
-0.104465
-0.120115
-0.131076
-0.115931
-0.111665
-0.119982
-0.119982
-0.115283
-0.118265
-0.108472
-0.120029
-0.107136
-0.104768
-0.117225
-0.111772
-0.103558
-0.110958
-0.109716
-0.112744
-0.106358
-0.121151
-0.122099
-0.110273
-0.113109
-0.114284
-0.113598
-0.111233
-0.113855
-0.112261
-0.122099
-0.122099
-0.118776
-0.102908
-0.112821
-0.104117
-0.117788
-0.108003
-0.112261
-0.123177
-0.123014
-0.122012
-0.115841
-0.115675
-0.110543
-0.110081
-0.119164
-0.119164
-0.0979018
-0.109679
-0.106949
-0.117085
-0.110958
-0.109293
-0.113205
-0.114682
-0.122225
-0.129316
-0.110402
-0.117441
-0.127071
-0.11161
-0.100726
-0.0965663
-0.110306
-0.097025
-0.107656
-0.119982
-0.101936
-0.115153
-0.124907
-0.108937
-0.108716
-0.108561
-0.120969
-0.10378
-0.117915
-0.117737
-0.118089
-0.115802
-0.120029
-0.115242
-0.114411
-0.118823
-0.117708
-0.113258
-0.092971
-0.092971
-0.118178
-0.10753
-0.112261
-0.112611
-0.123306
-0.0997702
-0.117487
-0.11201
-0.108841
-0.121664
-0.120939
-0.11248
-0.106264
-0.114726
-0.112913
-0.115373
-0.117737
-0.125543
-0.125543
-0.119382
-0.113128
-0.122879
-0.121451
-0.102062
-0.102942
-0.118727
-0.105945
-0.111144
-0.102034
-0.104833
-0.106169
-0.114682
-0.109383
-0.10925
-0.0961965
-0.111702
-0.105029
-0.10607
-0.115242
-0.112834
-0.106488
-0.116664
-0.11376
-0.113569
-0.117915
-0.107007
-0.111772
-0.102186
-0.104297
-0.102257
-0.109197
-0.101197
-0.09868
-0.110719
-0.116241
-0.116528
-0.115972
-0.114674
-0.114674
-0.0856407
-0.115283
-0.104383
-0.100726
-0.109159
-0.11248
-0.114552
-0.119889
-0.106981
-0.107136
-0.110495
-0.102591
-0.111702
-0.111052
-0.111831
-0.127407
-0.112295
-0.10128
-0.10128
-0.107054
-0.107007
-0.0993904
-0.121784
-0.122188
-0.100016
-0.128961
-0.118692
-0.1177
-0.106821
-0.0906658
-0.100573
-0.100573
-0.0948903
-0.0916598
-0.105919
-0.109029
-0.121542
-0.118958
-0.118958
-0.106043
-0.103484
-0.119468
-0.109463
-0.115062
-0.119425
-0.119294
-0.119942
-0.12016
-0.118778
-0.111104
-0.106789
-0.108431
-0.117487
-0.107358
-0.105839
-0.106105
-0.106105
-0.106105
-0.108656
-0.0964433
-0.098617
-0.111702
-0.109588
-0.111052
-0.109029
-0.113088
-0.115199
-0.105388
-0.116925
-0.107861
-0.115889
-0.107784
-0.115283
-0.100291
-0.124774
-0.103593
-0.123525
-0.123525
-0.117399
-0.118909
-0.11248
-0.126846
-0.103246
-0.125508
-0.11662
-0.107872
-0.115242
-0.122056
-0.112295
-0.112295
-0.125688
-0.104208
-0.118605
-0.109066
-0.0979971
-0.108953
-0.107693
-0.104706
-0.108841
-0.120757
-0.10191
-0.118692
-0.10632
-0.115841
-0.115748
-0.10337
-0.11223
-0.107505
-0.107505
-0.114123
-0.110861
-0.101665
-0.101665
-0.115026
-0.115026
-0.109767
-0.111964
-0.116709
-0.111738
-0.101169
-0.101445
-0.101445
-0.118909
-0.106696
-0.114284
-0.12477
-0.111319
-0.106137
-0.110239
-0.108737
-0.113651
-0.1199
-0.115328
-0.109716
-0.109716
-0.120113
-0.107534
-0.114504
-0.118178
-0.110925
-0.119942
-0.108343
-0.102004
-0.120195
-0.0955478
-0.111365
-0.11201
-0.115199
-0.114552
-0.111087
-0.100698
-0.09154
-0.0970027
-0.113479
-0.112424
-0.110456
-0.107474
-0.111792
-0.109767
-0.105919
-0.114376
-0.117308
-0.107784
-0.117865
-0.115931
-0.122789
-0.110674
-0.110674
-0.101478
-0.101478
-0.113216
-0.0964682
-0.119852
-0.121063
-0.108687
-0.101572
-0.100045
-0.111144
-0.104706
-0.0984341
-0.0888903
-0.100236
-0.102687
-0.102096
-0.120631
-0.110627
-0.102257
-0.102257
-0.101411
-0.110977
-0.112569
-0.109029
-0.108561
-0.118178
-0.110273
-0.111015
-0.110925
-0.115782
-0.116535
-0.108252
-0.111665
-0.10313
-0.117152
-0.109159
-0.112518
-0.102942
-0.103777
-0.110147
-0.115878
-0.105579
-0.120851
-0.119333
-0.110925
-0.109716
-0.117827
-0.113075
-0.106013
-0.122703
-0.102687
-0.11339
-0.111182
-0.111665
-0.105671
-0.120072
-0.117788
-0.119425
-0.106915
-0.105485
-0.114635
-0.104961
-0.110306
-0.114504
-0.108415
-0.11649
-0.116018
-0.119338
-0.119338
-0.107784
-0.107784
-0.107656
-0.104117
-0.119252
-0.102096
-0.106915
-0.109553
-0.111015
-0.111015
-0.115761
-0.102873
-0.108343
-0.110306
-0.103993
-0.103465
-0.0913416
-0.0887708
-0.111365
-0.0970027
-0.112314
-0.111052
-0.0991399
-0.101754
-0.106394
-0.109621
-0.117957
-0.109208
-0.112655
-0.104277
-0.110402
-0.105744
-0.109883
-0.100637
-0.0997702
-0.112569
-0.113905
-0.0983611
-0.102687
-0.111319
-0.10753
-0.104677
-0.0972201
-0.110854
-0.105022
-0.097025
-0.10688
-0.113565
-0.117308
-0.10011
-0.114208
-0.102492
-0.111879
-0.109159
-0.10632
-0.101606
-0.107743
-0.109383
-0.110586
-0.115323
-0.105058
-0.11301
-0.0979284
-0.101016
-0.112518
-0.0924101
-0.100938
-0.100938
-0.100271
-0.106394
-0.11201
-0.11089
-0.107441
-0.116752
-0.101478
-0.102186
-0.104728
-0.10337
-0.112899
-0.115506
-0.105485
-0.108415
-0.107136
-0.107044
-0.102062
-0.102062
-0.102313
-0.0986089
-0.10536
-0.108216
-0.106264
-0.0938372
-0.10632
-0.10632
-0.100887
-0.111121
-0.0976601
-0.115973
-0.092066
-0.113075
-0.103263
-0.111182
-0.101445
-0.101882
-0.108225
-0.105093
-0.105485
-0.101016
-0.11662
-0.103169
-0.0994252
-0.106264
-0.117533
-0.0972201
-0.111087
-0.105744
-0.111052
-0.114542
-0.108472
-0.100668
-0.111015
-0.120757
-0.109808
-0.104928
-0.108003
-0.106968
-0.113632
-0.105632
-0.106264
-0.125463
-0.100573
-0.109808
-0.113168
-0.113168
-0.105485
-0.101376
-0.101016
-0.104894
-0.0985268
-0.108431
-0.115328
-0.101255
-0.105058
-0.104706
-0.106696
-0.105058
-0.11244
-0.110328
-0.109066
-0.11244
-0.12319
-0.10773
-0.111484
-0.111879
-0.108188
-0.114504
-0.109897
-0.110612
-0.108062
-0.102257
-0.110853
-0.126027
-0.109679
-0.0974392
-0.103593
-0.107963
-0.109939
-0.102908
-0.106915
-0.0911974
-0.107957
-0.10632
-0.109808
-0.121586
-0.11408
-0.114189
-0.106981
-0.112279
-0.117308
-0.0971479
-0.110456
-0.114635
-0.112526
-0.122695
-0.106043
-0.10881
-0.124683
-0.0961369
-0.113128
-0.111275
-0.109641
-0.107566
-0.107784
-0.116578
-0.0935543
-0.106915
-0.118265
-0.1297
-0.111087
-0.123479
-0.128229
-0.111315
-0.111879
-0.114552
-0.120851
-0.118736
-0.107474
-0.109425
-0.113725
-0.101156
-0.101156
-0.114815
-0.119889
-0.105166
-0.115242
-0.132129
-0.0970708
-0.0879942
-0.112655
-0.104768
-0.0999189
-0.0959461
-0.10838
-0.118692
-0.110147
-0.120206
-0.116146
-0.115527
-0.120341
-0.102716
-0.10138
-0.111665
-0.114036
-0.106725
-0.112352
-0.107872
-0.103465
-0.109808
-0.103593
-0.107175
-0.0980899
-0.11008
-0.120938
-0.105244
-0.1076
-0.113039
-0.118265
-0.111275
-0.102716
-0.116929
-0.110306
-0.109525
-0.102657
-0.113725
-0.110586
-0.101255
-0.113855
-0.113855
-0.0975313
-0.0897923
-0.101053
-0.112555
-0.102591
-0.100668
-0.106358
-0.10337
-0.109897
-0.116151
-0.112054
-0.101665
-0.101665
-0.107212
-0.105058
-0.10229
-0.108561
-0.108561
-0.0979018
-0.0979018
-0.107956
-0.109853
-0.104149
-0.0981232
-0.111233
-0.109716
-0.102349
-0.104335
-0.114815
-0.101156
-0.106621
-0.106621
-0.119603
-0.123612
-0.106949
-0.116286
-0.0974717
-0.0974717
-0.10337
-0.108603
-0.10611
-0.101053
-0.118605
-0.090955
-0.090955
-0.112788
-0.104335
-0.113987
-0.0971238
-0.10881
-0.10881
-0.109679
-0.102186
-0.0989556
-0.111104
-0.109079
-0.0999446
-0.0999446
-0.111831
-0.114465
-0.109494
-0.111052
-0.115642
-0.108937
-0.10632
-0.113991
-0.116698
-0.105645
-0.107136
-0.111879
-0.110958
-0.0930179
-0.104149
-0.103
-0.110456
-0.109897
-0.102908
-0.10418
-0.103817
-0.115328
-0.113431
-0.102687
-0.095639
-0.10589
-0.117487
-0.105022
-0.103465
-0.100955
-0.111922
-0.111922
-0.101445
-0.112143
-0.10925
-0.0903474
-0.0903474
-0.116151
-0.116151
-0.104243
-0.104243
-0.117014
-0.0911018
-0.0992375
-0.0992375
-0.100922
-0.0868774
-0.112352
-0.110674
-0.107044
-0.111144
-0.109897
-0.105613
-0.116103
-0.121897
-0.121897
-0.0935744
-0.102716
-0.102942
-0.0895476
-0.0944892
-0.0980899
-0.100887
-0.116105
-0.118778
-0.115373
-0.108682
-0.110958
-0.108449
-0.0946029
-0.1091
-0.113258
-0.101665
-0.107693
-0.102657
-0.0972475
-0.118216
-0.113987
-0.100045
-0.11339
-0.104465
-0.107656
-0.106696
-0.0994252
-0.100698
-0.101228
-0.0972734
-0.102908
-0.101572
-0.119515
-0.12218
-0.111665
-0.127114
-0.106821
-0.106264
-0.111922
-0.119425
-0.0916598
-0.108687
-0.108252
-0.102257
-0.101228
-0.11248
-0.11493
-0.108937
-0.102257
-0.115373
-0.113735
-0.106264
-0.10033
-0.108733
-0.108737
-0.106394
-0.0927046
-0.114769
-0.0982169
-0.107656
-0.113615
-0.0984597
-0.109939
-0.108644
-0.101351
-0.102096
-0.0989947
-0.111319
-0.103593
-0.0944526
-0.11339
-0.107313
-0.104277
-0.106358
-0.112788
-0.0994252
-0.111015
-0.102872
-0.112834
-0.101572
-0.102129
-0.11408
-0.117622
-0.102687
-0.106448
-0.117957
-0.110178
-0.10912
-0.102351
-0.102186
-0.110711
-0.110273
-0.106981
-0.106981
-0.112097
-0.112872
-0.0983818
-0.0993326
-0.113346
-0.113346
-0.0946744
-0.114395
-0.113569
-0.0910257
-0.0988068
-0.105201
-0.0941187
-0.0778572
-0.0876547
-0.104555
-0.106407
-0.0979284
-0.0979284
-0.106023
-0.0997728
-0.116105
-0.105839
-0.112352
-0.107915
-0.107915
-0.09868
-0.09949
-0.117399
-0.09952
-0.102554
-0.111144
-0.107446
-0.0954199
-0.0940505
-0.10773
-0.0995519
-0.103817
-0.100851
-0.113075
-0.120206
-0.0904718
-0.0985831
-0.116664
-0.117522
-0.114122
-0.117215
-0.0993326
-0.111544
-0.0947038
-0.0862204
-0.100978
-0.120294
-0.10337
-0.103465
-0.105022
-0.111182
-0.0989947
-0.108415
-0.101754
-0.104598
-0.11201
-0.0939917
-0.0939917
-0.105022
-0.0988377
-0.0938957
-0.0980271
-0.103686
-0.105152
-0.105152
-0.116978
-0.119294
-0.107079
-0.103657
-0.115373
-0.115373
-0.0979284
-0.0953266
-0.0904718
-0.101537
-0.103993
-0.107915
-0.107915
-0.100887
-0.0979018
-0.11076
-0.124489
-0.111087
-0.105152
-0.109197
-0.0996428
-0.104643
-0.112744
-0.112744
-0.115841
-0.0997728
-0.0967203
-0.0910038
-0.103558
-0.104277
-0.104277
-0.112097
-0.0911671
-0.106488
-0.0988662
-0.107633
-0.108781
-0.0995868
-0.0966918
-0.102796
-0.0959121
-0.0959121
-0.107313
-0.102401
-0.100726
-0.107007
-0.106448
-0.0999189
-0.106394
-0.118869
-0.102257
-0.102908
-0.0830955
-0.107402
-0.10809
-0.0920346
-0.0988068
-0.114306
-0.116197
-0.11376
-0.108547
-0.108547
-0.108547
-0.0928259
-0.104086
-0.103648
-0.0982519
-0.100237
-0.108781
-0.108781
-0.120189
-0.105839
-0.102388
-0.101053
-0.0926873
-0.0914163
-0.0892644
-0.0830187
-0.106394
-0.105933
-0.0979656
-0.0863892
-0.107823
-0.103777
-0.108003
-0.110719
-0.10589
-0.101795
-0.103529
-0.0914163
-0.103073
-0.0946744
-0.0993908
-0.110366
-0.0926873
-0.0977791
-0.0953568
-0.102062
-0.109159
-0.12144
-0.109208
-0.0973446
-0.106536
-0.0856646
-0.0882328
-0.106264
-0.119602
-0.108252
-0.0985831
-0.0985831
-0.107915
-0.101066
-0.107915
-0.0950394
-0.104504
-0.0968916
-0.102482
-0.0869991
-0.0917822
-0.109339
-0.10313
-0.0900474
-0.0962669
-0.10418
-0.107044
-0.118992
-0.114998
-0.0970487
-0.109808
-0.109808
-0.101186
-0.101186
-0.0905446
-0.101105
-0.106821
-0.0936745
-0.108343
-0.102313
-0.102222
-0.099264
-0.100045
-0.116795
-0.109883
-0.091226
-0.11306
-0.104134
-0.104928
-0.0984597
-0.101508
-0.119095
-0.0970487
-0.0957881
-0.0948243
-0.107915
-0.108343
-0.0915447
-0.110029
-0.108184
-0.0980271
-0.100271
-0.104894
-0.109751
-0.109751
-0.100698
-0.117656
-0.110627
-0.105671
-0.0871234
-0.0979018
-0.10313
-0.11965
-0.092971
-0.104442
-0.115544
-0.107743
-0.114376
-0.107007
-0.109767
-0.116978
-0.107633
-0.101572
-0.103465
-0.103465
-0.100016
-0.104677
-0.0911018
-0.0988068
-0.0980271
-0.102388
-0.109291
-0.100794
-0.104944
-0.117708
-0.11339
-0.11693
-0.103272
-0.112611
-0.108648
-0.0972201
-0.102313
-0.102942
-0.105744
-0.0945493
-0.0973446
-0.105671
-0.0981232
-0.111831
-0.103648
-0.105244
-0.0984597
-0.102482
-0.106755
-0.0937973
-0.0969787
-0.0991399
-0.09868
-0.102781
-0.108472
-0.101351
-0.12038
-0.107175
-0.107175
-0.103309
-0.104768
-0.0847653
-0.0916598
-0.102186
-0.12319
-0.0939226
-0.102004
-0.108285
-0.117487
-0.124578
-0.100142
-0.115323
-0.119738
-0.119942
-0.103497
-0.111104
-0.112611
-0.0992375
-0.0991797
-0.0952025
-0.111104
-0.0981232
-0.097804
-0.109079
-0.112611
-0.112611
-0.107358
-0.105847
-0.111182
-0.107096
-0.112279
-0.0893452
-0.106194
-0.114901
-0.100698
-0.0943534
-0.102813
-0.110115
-0.100476
-0.116197
-0.120986
-0.10925
-0.104582
-0.116237
-0.107956
-0.0844532
-0.110273
-0.108733
-0.111365
-0.0998916
-0.107566
-0.107566
-0.10124
-0.112555
-0.103686
-0.10042
-0.110273
-0.108694
-0.111275
-0.099985
-0.101255
-0.112611
-0.109641
-0.0951076
-0.0951076
-0.107784
-0.107175
-0.104117
-0.0982169
-0.107827
-0.0905446
-0.0995153
-0.103609
-0.105933
-0.106012
-0.100922
-0.09682
-0.108472
-0.108969
-0.112786
-0.112651
-0.0936963
-0.102161
-0.0981802
-0.0981802
-0.102222
-0.100726
-0.0999527
-0.103037
-0.100237
-0.101408
-0.0979656
-0.100367
-0.105579
-0.103169
-0.125543
-0.114815
-0.104083
-0.104243
-0.106448
-0.109808
-0.0984597
-0.10773
-0.116978
-0.116978
-0.0981232
-0.0860807
-0.106394
-0.103626
-0.0939917
-0.120294
-0.110436
-0.106821
-0.102813
-0.114636
-0.104117
-0.0944526
-0.100761
-0.11076
-0.104833
-0.107175
-0.101351
-0.09607
-0.0964433
-0.114411
-0.104465
-0.104833
-0.104297
-0.118605
-0.105978
-0.106915
-0.104984
-0.110628
-0.0942325
-0.0955106
-0.0988662
-0.106949
-0.0978736
-0.101936
-0.0961042
-0.126244
-0.117771
-0.122078
-0.113725
-0.106169
-0.114445
-0.106043
-0.0849856
-0.0984837
-0.104961
-0.109716
-0.102687
-0.100761
-0.104372
-0.110402
-0.117708
-0.0925915
-0.103593
-0.115037
-0.113565
-0.105264
-0.0938208
-0.106621
-0.09949
-0.0905151
-0.102129
-0.104465
-0.120986
-0.0923156
-0.104149
-0.111144
-0.110366
-0.0913224
-0.107532
-0.101016
-0.103648
-0.107784
-0.0921934
-0.0993326
-0.0777781
-0.0987403
-0.109159
-0.102129
-0.0985268
-0.106536
-0.107007
-0.100698
-0.108644
-0.114215
-0.0972475
-0.096346
-0.104408
-0.120986
-0.109751
-0.0951561
-0.0957881
-0.114376
-0.11417
-0.0972201
-0.103
-0.108216
-0.102813
-0.102813
-0.109897
-0.110402
-0.110402
-0.112327
-0.117139
-0.10191
-0.099985
-0.099985
-0.0801039
-0.0950102
-0.118297
-0.116929
-0.0907832
-0.0928758
-0.111869
-0.101842
-0.106137
-0.106488
-0.104465
-0.106358
-0.100794
-0.109808
-0.10589
-0.0980554
-0.104425
-0.108188
-0.111182
-0.102129
-0.097804
-0.108343
-0.0973138
-0.114552
-0.10925
-0.114316
-0.116795
-0.100016
-0.0972814
-0.111922
-0.101478
-0.101478
-0.104052
-0.097191
-0.108048
-0.102257
-0.0969172
-0.105632
-0.113947
-0.105378
-0.097104
-0.102222
-0.101478
-0.113216
-0.107693
-0.104149
-0.106981
-0.120805
-0.107474
-0.0904472
-0.0961369
-0.100794
-0.112834
-0.102129
-0.100825
-0.107308
-0.106358
-0.106358
-0.109939
-0.0938957
-0.101702
-0.101108
-0.10033
-0.0999446
-0.0905151
-0.107784
-0.0922572
-0.0905151
-0.113891
-0.105632
-0.108917
-0.102257
-0.0928418
-0.0990323
-0.112518
-0.0973446
-0.107402
-0.107079
-0.08921
-0.106579
-0.112143
-0.105671
-0.0870213
-0.108431
-0.100922
-0.101147
-0.101445
-0.1005
-0.107044
-0.0979971
-0.101088
-0.118089
-0.118178
-0.10773
-0.105839
-0.107044
-0.107044
-0.109621
-0.104801
-0.10688
-0.0951561
-0.0980554
-0.105579
-0.108603
-0.089988
-0.103465
-0.103999
-0.104928
-0.109808
-0.109808
-0.101537
-0.112744
-0.103817
-0.122657
-0.107861
-0.102004
-0.110402
-0.114215
-0.0889895
-0.104677
-0.0954199
-0.0928115
-0.102004
-0.105708
-0.106713
-0.105058
-0.111673
-0.107268
-0.114767
-0.114767
-0.104858
-0.102313
-0.102844
-0.0907992
-0.103723
-0.111275
-0.1058
-0.110252
-0.104442
-0.115594
-0.101795
-0.112389
-0.104801
-0.103648
-0.100201
-0.102059
-0.101375
-0.107534
-0.0910277
-0.109653
-0.0941507
-0.102716
-0.101606
-0.107823
-0.107823
-0.107308
-0.0982519
-0.102781
-0.0984837
-0.118178
-0.113433
-0.101606
-0.106526
-0.119044
-0.112054
-0.101606
-0.106949
-0.106949
-0.10925
-0.10623
-0.0873199
-0.100851
-0.102034
-0.105978
-0.109159
-0.110495
-0.105244
-0.104511
-0.104243
-0.113075
-0.116105
-0.10589
-0.102351
-0.112655
-0.102222
-0.103927
-0.109159
-0.10576
-0.118645
-0.102351
-0.102521
-0.0976977
-0.10011
-0.113258
-0.105847
-0.109159
-0.101639
-0.100794
-0.111275
-0.110958
-0.10607
-0.100922
-0.100142
-0.107096
-0.0996428
-0.0996428
-0.105485
-0.0947038
-0.0982169
-0.115263
-0.113299
-0.110627
-0.104928
-0.104335
-0.104335
-0.107226
-0.115802
-0.116565
-0.111831
-0.107136
-0.0924369
-0.101936
-0.108992
-0.119515
-0.10011
-0.104961
-0.109621
-0.109621
-0.104928
-0.100202
-0.106264
-0.0941316
-0.0838858
-0.090354
-0.090354
-0.0639782
-0.0616451
-0.0353102
-0.0235586
-0.00789936
-0.00789936
0.0171964
0.0526816
0.0812521
0.108511
0.124656
0.150375
0.18896
0.248135
0.263763
0.277206
0.298421
0.332496
0.352551
0.403899
0.444214
0.521198
0.55184
0.55184
0.643072
0.696416
0.72765
0.778917
0.781899
0.781899
0.775933
0.756126
0.756747
0.766807
0.784194
0.810929
0.821169
0.833704
0.854245
0.851871
0.855029
0.858874
0.856286
0.853057
0.876785
0.873427
0.877609
0.879877
0.889444
0.889033
0.890829
0.890829
0.899409
0.900884
0.913777
0.903014
0.913333
0.91741
0.918363
0.909436
0.914375
0.92533
0.927166
0.927166
0.927988
0.918523
0.918523
0.922432
0.925525
0.928732
0.936544
0.939652
0.929603
0.936994
0.938906
0.933844
0.936249
0.936411
0.93777
0.943772
0.925368
0.934337
0.934898
0.928183
0.923343
0.932913
0.927477
0.927552
0.93072
0.923415
0.924077
0.915161
0.919934
0.92138
0.917823
0.921927
0.908386
0.913764
0.921346
0.91189
0.918564
0.906468
0.917618
0.906894
0.904748
0.908445
0.915048
0.909775
0.909575
0.907658
0.913809
0.907658
0.902772
0.909029
0.908676
0.905138
0.910457
0.89937
0.831722
0.682821
0.510388
0.0926012
-0.0276857
-0.0249215
0.0279269
0.0437561
0.0437561
0.0264977
0.0363663
0.0341418
0.0372607
0.0314838
0.0388129
0.0388129
0.0513275
0.0485956
0.0509206
0.054243
0.0451141
0.0481935
0.053954
0.0503469
0.0503469
0.044045
0.0465272
0.0445392
0.0509505
0.0491441
0.0592095
0.0442719
0.0413387
0.0372034
0.0400742
0.0376526
0.0445275
0.0419421
0.0419421
0.0444987
0.0486659
0.0414958
0.0427256
0.0392312
0.0480713
0.0479332
0.0575038
0.0522057
0.0522057
0.0478544
0.0406682
0.0471237
0.0489599
0.0482882
0.0564833
0.0496791
0.0488713
0.0461847
0.0466917
0.0427632
0.0529332
0.0498129
0.0524371
0.056567
0.0471237
0.0471237
0.0482776
0.0458912
0.0451572
0.042385
0.0519077
0.0444303
0.0444303
0.0509845
0.0487893
0.0520315
0.0510944
0.0434934
0.0460971
0.0521249
0.0469469
0.0412238
0.0533661
0.0447276
0.0514047
0.0401521
0.0565138
0.0410217
0.0516146
0.0505815
0.0477811
0.0465368
0.0445595
0.0452923
0.0452923
0.0469092
0.0588748
0.0588748
0.0522549
0.0431059
0.0418271
0.0524821
0.044782
0.0536961
0.0441587
0.043407
0.0450834
0.05184
0.04799
0.0534603
0.044782
0.041967
0.043557
0.0458029
0.0382489
0.0470461
0.0464645
0.0448055
0.0446847
0.045932
0.045932
0.042103
0.0474812
0.0397033
0.042385
0.0459566
0.0491659
0.041967
0.0512627
0.0404203
0.0430489
0.0458313
0.0526119
0.0441587
0.0429405
0.0407221
0.0500854
0.0447069
0.0538634
0.057171
0.0481988
0.0418744
0.0464374
0.0425136
0.0483562
0.0483562
0.044198
0.0515657
0.0448055
0.045449
0.045449
0.043589
0.0493027
0.0486594
0.0452161
0.0491659
0.0426403
0.0525034
0.0509575
0.0366959
0.0376395
0.0404727
0.0506501
0.0466697
0.0455192
0.0455192
0.0475072
0.050756
0.0464898
0.0389541
0.0389541
0.0389541
0.0531558
0.0472345
0.0498095
0.0497434
0.050919
0.0526119
0.0553566
0.0537045
0.0408836
0.0523034
0.042541
0.049101
0.0475109
0.0454875
0.0497057
0.044198
0.0448356
0.0430714
0.0472438
0.0456518
0.0499426
0.0445381
0.0433815
0.0433815
0.0451434
0.0451434
0.0443266
0.0376395
0.0460382
0.0421275
0.0421275
0.0473425
0.0450359
0.0496335
0.0551574
0.0465972
0.0470002
0.0443266
0.0420029
0.0509976
0.043891
0.0416953
0.050756
0.045345
0.0480219
0.039365
0.0396701
0.049101
0.0384815
0.0494037
0.0460892
0.0481799
0.0466368
0.0412897
0.0418161
0.0418161
0.043891
0.0471055
0.0415706
0.0445669
0.0418549
0.0357067
0.0472783
0.0472783
0.0423784
0.0378714
0.043084
0.0488872
0.0477433
0.0477839
0.0415262
0.0378714
0.0431495
0.0444347
0.0483777
0.0415262
0.0429805
0.0429805
0.039018
0.0401751
0.0420334
0.0375107
0.040579
0.0481799
0.0441274
0.0421348
0.0409239
0.0515023
0.036108
0.0334347
0.0409239
0.0380731
0.0439281
0.044876
0.0492376
0.0466873
0.047982
0.0490935
0.0441274
0.0407107
0.0433815
0.0433815
0.0410192
0.0465281
0.0461319
0.041617
0.0443266
0.0363162
0.0363162
0.0441731
0.0431811
0.0389225
0.046773
0.0463301
0.0463301
0.041769
0.0472175
0.0422743
0.041184
0.0457806
0.0444795
0.0444795
0.0442939
0.0443701
0.0522291
0.0489289
0.0405126
0.0405126
0.0494356
0.0494356
0.0401159
0.0432235
0.0398091
0.0473193
0.0494356
0.0388175
0.0436198
0.0442341
0.0368989
0.0414179
0.038309
0.0456273
0.0422935
0.041617
0.0358105
0.0385512
0.0509387
0.0509387
0.0370336
0.0427186
0.0422141
0.0496335
0.0408197
0.0475276
0.0395645
0.039454
0.039454
0.039142
0.0474436
0.0471383
0.0438644
0.0427186
0.0476039
0.0428013
0.0428013
0.0445021
0.0445021
0.0446778
0.0499889
0.0413202
0.0431126
0.0498763
0.0499889
0.0419044
0.0411509
0.0393043
0.0374043
0.0433094
0.0436686
0.0437481
0.0396701
0.0541742
0.0394147
0.0455145
0.0453968
0.039454
0.0445669
0.0365439
0.036742
0.0332363
0.035949
0.0333039
0.0333039
0.041515
0.0380451
0.0334824
0.035949
0.0455145
0.0455145
0.0391257
0.0387997
0.0379991
0.0337905
0.0482899
0.0394147
0.0432235
0.0430475
0.0420181
0.035949
0.0384625
0.0427186
0.0427186
0.0436198
0.041461
0.0398091
0.0336785
0.0449272
0.035949
0.035949
0.0448137
0.046268
0.0348903
0.0387483
0.0405969
0.0477221
0.0361977
0.0361977
0.0410668
0.038661
0.0475276
0.0407022
0.0460734
0.0451364
0.0384625
0.0470814
0.0338744
0.0435537
0.0402549
0.0372931
0.0422269
0.0419791
0.0393043
0.0424099
0.0478355
0.0478355
0.0391654
0.0508241
0.0361977
0.0336785
0.0372607
0.0372607
0.0372607
0.0333669
0.0356407
0.0356407
0.0358378
0.034295
0.0315212
0.0438043
0.0392559
0.0419672
0.0341427
0.0317755
0.0317755
0.0414027
0.031582
0.0408945
0.048804
0.0344936
0.0382955
0.0328864
0.0393166
0.0357715
0.0428013
0.0429698
0.0328393
0.0328393
0.0376027
0.0376027
0.0376027
0.0386825
0.0368401
0.0326144
0.0337905
0.0312725
0.0445021
0.0411509
0.0370562
0.0370562
0.0393836
0.0321372
0.0317416
0.0317416
0.0308225
0.038489
0.038489
0.027966
0.0367856
0.0339286
0.0333956
0.0353844
0.0354571
0.0368401
0.0388758
0.0361092
0.0457633
0.0457633
0.0341222
0.0373444
0.0323347
0.0374569
0.0350174
0.0337905
0.0286085
0.0286085
0.0331722
0.0379839
0.038489
0.0446953
0.0382955
0.0373444
0.0401377
0.0341222
0.0383683
0.0361435
0.0344332
0.0424567
0.0407593
0.0407593
0.039247
0.0297536
0.0346877
0.0372931
0.0394393
0.0314705
0.0362784
0.0343157
0.0349382
0.0343157
0.0431645
0.0265931
0.0357087
0.0381762
0.0494993
0.0336785
0.0387997
0.0387435
0.0324725
0.0324725
0.0389122
0.0353844
0.0418549
0.035578
0.0373444
0.0303245
0.0303245
0.0429858
0.0369054
0.030936
0.0306286
0.0306286
0.0309625
0.0367856
0.0412787
0.0367207
0.0308786
0.0308786
0.0391257
0.0330532
0.0408945
0.0369746
0.025577
0.031081
0.0372349
0.0314733
0.0291931
0.025577
0.025808
0.025808
0.0292651
0.0387435
0.0275983
0.025577
0.0328598
0.0315212
0.0284711
0.0354495
0.0350726
0.0339286
0.0339286
0.0406722
0.034692
0.0415308
0.0369054
0.0418451
0.035578
0.0315212
0.0333026
0.0321372
0.031742
0.0376702
0.0301778
0.0386825
0.030581
0.0306811
0.0350174
0.027034
0.0354064
0.0315212
0.0399443
0.0302405
0.0327824
0.0269697
0.0359649
0.0333026
0.036473
0.0300073
0.0320265
0.0320265
0.0377916
0.0369128
0.0407022
0.0338744
0.0312733
0.0412143
0.0393818
0.0325873
0.0307042
0.0339878
0.0307665
0.0377916
0.0398857
0.0353844
0.0336104
0.0222748
0.0395572
0.0370336
0.0384768
0.0219621
0.0318463
0.0289983
0.0337905
0.0337905
0.036473
0.041654
0.0389346
0.0315971
0.0304547
0.0423062
0.0393818
0.0391083
0.0336167
0.0285506
0.0344951
0.0296935
0.0322226
0.0334824
0.0334824
0.0334824
0.0215843
0.0289983
0.0294224
0.0360882
0.0321605
0.0327824
0.03121
0.0291721
