-0.00688013
-0.00496936
-0.0103208
-0.0216888
-0.00834294
-0.00946321
-0.0171339
-0.0116123
-0.0179062
-0.012118
-0.0196087
-0.0120023
-0.012561
-0.0198892
-0.0175205
-0.0158277
-0.0111064
-0.0201635
-0.0274872
-0.018425
-0.018079
-0.0142063
-0.0182449
-0.0122885
-0.0152461
-0.0188598
-0.0205612
-0.0224723
-0.0100331
-0.0220326
-0.0112691
-0.0122848
-0.00997746
-0.00705158
-0.015758
-0.00434905
-0.0153816
-0.00592494
-0.00952961
-0.0158316
-0.0117987
-0.0134111
-0.023253
-0.0254021
-0.0195377
-0.0184164
-0.00688013
-0.00800759
-0.0116069
-0.0117771
-0.0253358
-0.0135148
-0.0122848
-0.00997746
-0.013633
-0.0150866
-0.00772599
-0.00772599
-0.00772599
-0.0190967
-0.0168849
-0.0168849
-0.012561
-0.012561
-0.0173884
-0.0197795
-0.0203908
-0.0141937
-0.0130758
-0.0107551
-0.0216279
-0.0172956
-0.0113291
-0.00929778
-0.00834294
-0.0107551
-0.0135148
-0.00755711
-8.30948e-05
-0.0116123
-0.00396548
-0.0198807
-0.00575481
-0.00575481
-0.0184794
-0.00451961
-0.0134111
-0.015497
-0.00918905
-0.00878931
-0.0105839
-0.00863079
-0.0164422
-0.0268803
-0.017462
-0.0244466
-0.0114407
-0.00963453
-0.00856981
-0.0132965
-0.0163388
-0.0163388
-0.0114367
-0.0156599
-0.00777883
-0.00300052
-0.00631577
-0.0196051
-0.0133422
-0.0104841
-0.0104841
-0.00744274
-0.0168508
-0.00840193
-0.00648847
-0.0233255
-0.00693888
-0.0132407
-0.0103692
-0.0154212
-0.0163388
-0.0121158
-0.00851442
-0.0147044
-0.00681946
-0.00969638
-0.0092894
-0.0064826
-0.0155963
-0.00935806
-0.00789878
-0.0110977
-0.0120514
-0.017048
-0.0122241
-0.0118355
-0.0182519
-0.00636637
-0.00755796
-0.0174674
-0.0129041
-0.0116123
-0.0202538
-0.0074454
-0.00823321
-0.00952961
-0.00952717
-0.0073877
-0.0242994
-0.00936184
-0.0127325
-0.0140333
-0.00660347
-0.0203908
-0.0168849
-0.00755796
-0.00885065
-0.00935806
-0.0103138
-0.0103138
-0.0131283
-0.0183488
-0.00823321
-0.0114407
-0.00851442
-0.0127922
-0.00643207
-0.00643207
-0.0101491
-0.015324
-0.00851442
-0.0126572
-0.00446237
-0.0128309
-0.010372
-0.0133526
-0.0159469
-0.0147113
-0.0146332
-0.00912518
-0.00710674
-0.0121279
-0.0151512
-0.00964329
-0.0192667
-0.0132476
-0.0122184
-0.0198892
-0.0288426
-0.0133422
-0.00575481
-0.0176324
-0.0179062
-0.0192673
-0.016615
-0.00609428
-0.0104262
-0.012454
-0.0112691
-0.0177335
-0.0155842
-0.0174108
-0.00704747
-0.0113291
-0.00952717
-0.00953976
-0.0129041
-0.0084575
-0.0105882
-0.0127325
-0.015324
-0.0192079
-0.00868046
-0.00271867
-0.00885768
-0.00907407
-0.00463257
-0.018425
-0.00980594
-0.00705158
-0.00980594
-0.00710674
-0.0131697
-0.00541751
-0.006838
-0.00981619
-0.00845562
-0.0103208
-0.0103138
-0.015551
-0.0168743
-0.00592494
-0.0087378
-0.00344749
-0.00626549
-0.00626312
-0.00609517
-0.00395508
-0.0129041
-0.011044
-0.0154212
-0.0112691
-0.00913719
-0.00508237
-0.0139761
-0.0149784
-0.00610375
-0.011194
-0.0145922
-0.00215046
-0.0114407
-0.00817155
-0.0103208
-0.0105882
-0.00384488
-0.00468621
-0.008686
-0.0119559
-0.0127427
-0.0172956
-0.0123969
-0.0101491
-0.00772599
-0.0116123
-0.0164422
-0.00592494
-0.015998
-0.00619971
-0.0138603
-0.00952717
-0.00289054
-0.0064826
-0.010993
-0.0147044
-0.0223673
-0.0122848
-0.0144682
-0.0104834
-0.0111597
-0.0163388
-0.00677024
-0.0161683
-0.00902095
-0.00868261
-0.0104157
-0.0167879
-0.00823321
-0.0138603
-0.0110497
-0.00412646
-0.0189263
-0.0192079
-0.0131786
-0.00823321
-0.0074454
-0.006993
-0.0190967
-0.0134111
-0.0161683
-0.0112063
-0.00473727
-0.0112794
-0.00530831
-0.018014
-0.0126243
-0.00947049
-0.0142944
-0.0182449
-0.0164541
-0.00772599
-0.0210209
-0.0119475
-0.0220326
-0.0184208
-0.00840193
-0.0117771
-0.0108251
-0.0134111
-0.00963453
-0.0129002
-0.00840193
-0.00626549
-0.0122885
-0.0171215
-0.0160033
-0.00710674
-0.014087
-0.0211806
-0.0134111
-0.0116069
-0.0109263
-0.0117771
-0.00980594
-0.0166283
-0.0113814
-0.018079
-0.00952717
-0.0189316
-0.0148748
-0.00525507
-0.0204497
-0.0135148
-0.0198807
-0.0186993
-0.0153388
-0.0145341
-0.01668
-0.00952717
-0.0144259
-0.0165094
-0.0254959
-0.0208348
-0.0114524
-0.0174674
-0.0193704
-0.0087378
-0.012001
-0.0188168
-0.0148748
-0.0156599
-0.0218034
-0.0130704
-0.0176324
-0.0166283
-0.0131697
-0.0136818
-0.0141328
-0.0105882
-0.0161683
-0.00840249
-0.00840249
-0.00980594
-0.0174108
-0.0226453
-0.00856981
-0.0194359
-0.0202242
-0.0202242
-0.0147044
-0.0171239
-0.00597979
-0.0158316
-0.015497
-0.010713
-0.0282509
-0.0129002
-0.017462
-0.0135148
-0.0148748
-0.0166764
-0.0166764
-0.0117153
-0.00929778
-0.0130704
-0.0132415
-0.0184164
-0.0212943
-0.0167879
-0.0122885
-0.020568
-0.0225664
-0.0154883
-0.0185981
-0.018079
-0.0178112
-0.0087378
-0.0119537
-0.0172956
-0.0169001
-0.012454
-0.012454
-0.0149784
-0.0200524
-0.0207318
-0.0150454
-0.0118328
-0.023971
-0.0171215
-0.0145341
-0.0170151
-0.0134111
-0.0108213
-0.021517
-0.0171916
-0.0131283
-0.0151512
-0.017918
-0.0131786
-0.0143677
-0.0171339
-0.0229817
-0.0226453
-0.0206722
-0.0180923
-0.026095
-0.0160033
-0.0162274
-0.00755796
-0.0197162
-0.0123969
-0.0173957
-0.0196545
-0.00558892
-0.00558892
-0.00840193
-0.0229817
-0.018079
-0.0103138
-0.0109263
-0.0211737
-0.0202242
-0.0163738
-0.0163382
-0.0143677
-0.0207318
-0.0119475
-0.00919134
-0.0114965
-0.0148748
-0.0178029
-0.0117771
-0.00677113
-0.0187898
-0.0196087
-0.00697917
-0.00806404
-0.0167808
-0.0128446
-0.018524
-0.00176112
-0.0137009
-0.0127325
-0.0176392
-0.00912518
-0.00153782
-0.0135148
-0.0133422
-0.00929198
-0.0219625
-0.0137485
-0.0145341
-0.0123897
-0.0202242
-0.0114965
-0.0193822
-0.0106002
-0.0194779
-0.0143638
-0.0122241
-0.0114367
-0.0132993
-0.0172218
-0.00840193
-0.00823414
-0.016615
-0.00874198
-0.0106546
-0.012118
-0.0116123
-0.0148058
-0.0129041
-0.0156599
-0.0171842
-0.00981619
-0.00981619
-0.0109905
-0.0150971
-0.0168027
-0.0174674
-0.012118
-0.012561
-0.0140881
-0.0130704
-0.0117771
-0.00885768
-0.00885768
-0.0037838
-0.00704747
-0.0140333
-0.0171239
-0.012561
-0.012561
-0.020396
-0.00732284
-0.0110977
-0.00929198
-0.0208308
-0.0110977
-0.0110977
-0.0102432
-0.0187598
-0.0155963
-0.00818036
-0.0137485
-0.0137485
-0.0123897
-0.0226453
-0.0198807
-0.0116646
-0.0241032
-0.0114965
-0.0114965
-0.0148748
-0.00969734
-0.0143638
-0.0214151
-0.0161683
-0.0156599
-0.0209025
-0.0127927
-0.0111607
-0.00446237
-0.017918
-0.017918
-0.0139229
-0.00817155
-0.0107608
-0.0158315
-0.0158315
-0.0113814
-0.00721754
-0.0101458
-0.00480045
-0.018588
-0.0112691
-0.0213629
-0.00947049
-0.00492339
-0.012561
-0.00970312
-0.0108213
-0.0117153
-0.00653753
-0.0132407
-0.012118
-0.00817155
-0.0140246
-0.014308
-0.014308
-0.014308
-0.00670878
-0.0073877
-0.00187569
-0.00187569
-0.00919134
-0.00170795
-0.00497325
-0.0109905
-0.00541751
-0.00918905
-0.0106546
-0.00997343
-0.00997343
-0.0098034
-0.00363519
-0.00384569
-0.0143677
-0.00828054
-0.0130704
-0.00722312
-0.0113291
-0.00980594
-0.00947049
-0.0108251
-0.00826823
-0.00406835
-0.00406835
-0.00828054
-0.0132407
-0.0123969
-0.0161058
-0.0145395
-0.00255092
-0.0194627
-0.00783492
-0.00418116
-0.00524619
-0.0135148
-0.0123969
-0.0110977
-0.0117771
-0.0116123
-0.0122848
-0.0105882
-0.0110312
-0.00936184
-0.00602727
-0.0163388
-0.0120472
-0.00823321
-0.0148058
-0.0132407
-0.0110977
-0.0116123
-0.0149784
-0.012118
-0.00980594
-0.00997746
-0.00614904
-0.0101436
-0.0108563
-0.00806404
-0.00885768
-0.00293958
-0.00564385
-0.00918905
-0.0160033
-0.0118893
-0.00541751
-0.0121158
-0.0121158
-0.00969734
-0.00997746
-0.00789497
-0.0134111
-0.0109905
-0.0109905
-0.0087378
-0.0119475
-0.0119475
-0.003
-0.00851442
-0.00609517
-0.015998
-0.0111064
-0.0127325
-0.0112691
-0.0129602
-0.00626549
-0.0104262
-0.00653753
-0.0107551
-0.00936184
-0.00688013
-0.0114985
-0.0103138
0.00104575
-0.00637225
-0.00547603
-0.0110977
-0.0104262
-0.0102522
-0.0101491
-7.58377e-05
-0.0109263
-0.0132407
-0.0122241
-0.0144833
-0.0157716
-0.0157716
-0.0101491
-0.014734
-0.014734
-0.014734
-0.012561
-0.012561
-0.0158316
-0.011194
-0.015324
-0.0158453
-0.0107743
-0.0145395
-0.0145395
-0.0101436
-0.00935806
-0.0106523
-0.0150454
-0.0122888
-0.0176324
-0.0176324
-0.0112691
-0.0205612
-0.0138603
-0.00772599
-0.015263
-0.0196545
-0.00912518
-0.00990467
-0.0139177
-0.00705158
-0.0102522
-0.00840193
-0.0137009
-0.0171239
-0.0148748
-0.00739477
-0.0173957
-0.0140333
-0.0100936
-0.0118893
-0.0123969
-0.0160033
-0.00755796
-0.00581587
-0.0204981
-0.0197162
-0.0161058
-0.01589
-0.01668
-0.0112691
-0.0128446
-0.0130758
-0.0113286
-0.0134111
-0.0147604
-0.0159319
-0.0170601
-0.0147113
-0.008686
-0.00986516
-0.0145395
-0.0131786
-0.0131786
-0.00362005
-0.00806404
-0.0255751
-0.00271867
-0.0145395
-0.0154212
-0.0206092
-0.0148162
-0.00913719
-0.00997746
-0.0146421
-0.00947049
-0.0118788
-0.0162176
-0.0117841
-0.00558478
-0.00249285
-0.0219625
-0.00851442
-0.0214525
-0.0169523
-0.0101436
-0.00463257
-0.0111607
-0.0136875
-0.0193704
-0.0148058
-0.0148058
-0.0140333
-0.00755796
-0.0117841
-0.00929778
-0.0176324
-0.00705158
-0.0212772
-0.0233862
-0.0181737
-0.00929778
-0.016615
-0.018524
-0.0106969
-0.0150712
-0.0224668
-0.00919134
-0.0221265
-0.0165094
-0.020324
-0.016615
-0.0134195
-0.015324
-0.0149903
-0.0166094
-0.0166094
-0.0104157
-0.0173957
-0.0113291
-0.00626549
-0.0105882
-0.0104841
-0.0139577
-0.0139577
-0.00919134
-0.00817155
-0.0210209
-0.0138603
-0.0186858
-0.0186858
-0.0179735
-0.0164541
-0.00935806
-0.0186993
-0.0190967
-0.0190967
-0.0148963
-0.0208465
-0.0141328
-0.014308
-0.0150454
-0.016615
-0.016615
-0.00878931
-0.0121158
-0.018079
-0.0216279
-0.0138532
-0.00997746
-0.0125601
-0.0125601
-0.0200524
-0.00755796
-0.0206902
-0.0206902
-0.0206902
-0.00835322
-0.00446237
-0.0164422
-0.0134111
-0.0176324
-0.020662
-0.0217812
-0.0158316
-0.00806404
-0.0204981
-0.0209421
-0.012561
-0.0189316
-0.0251266
-0.0211737
-0.0193704
-0.0200501
-0.0162669
-0.016097
-0.0221265
-0.0203167
-0.0260088
-0.0184348
-0.0283273
-0.0208348
-0.0300567
-0.0263485
-0.0241032
-0.0232459
-0.0133445
-0.0170163
-0.0178587
-0.0233255
-0.0185981
-0.015497
-0.00941073
-0.00722312
-0.0012999
-0.00413834
-0.00221891
-0.0114985
-0.0178112
-0.00761089
-0.00758276
-0.0161683
-0.00710882
-0.0145526
-0.0143677
-0.0167879
-0.0167879
-0.0140937
-0.00806404
-0.0106002
-0.0146421
-0.00840249
-0.0137485
-0.0122885
-0.00694778
-0.0125032
-0.00501969
-0.0157285
-0.00614904
0.00116413
-0.0140937
-0.0104841
-0.00969638
-0.012118
-0.0155963
-0.0169609
-0.00530747
-0.00530747
-0.0129602
-0.00429794
-0.00379272
-0.00981619
-0.00351077
-0.00351077
-0.0100784
-0.00986568
-0.012118
-0.0135816
-0.014308
-0.0124118
-0.00631611
-0.0117153
-0.00732659
-0.00706338
-0.0061479
-0.0109905
-0.00677024
-0.011732
-0.00581177
-0.0108251
-0.0137009
-0.00940898
-0.00940898
-0.0166283
-0.0145922
-0.00660111
-0.0111597
-0.00547667
-0.00463257
-0.0121279
-0.00806404
-0.0213537
-0.00413834
-0.0100351
-0.000298873
-0.0127325
-0.0209122
-0.0127427
-0.0137522
-0.0129621
-0.0117841
-0.015216
-0.0185981
-0.0151645
-0.0108213
-0.0151512
-0.0026642
-0.0103692
-0.0103692
-0.0117841
-0.00739477
-0.0106645
-0.00300718
-0.0117987
-0.0117987
-0.0109485
-0.00350684
-0.00874132
-0.00739477
-0.00744778
-0.00328719
-0.0110427
-0.0116255
-0.0122885
-0.00368122
-0.00451703
-0.0125861
-0.00789878
-0.00564385
-0.0122885
-0.0116646
-0.0113291
-0.00823321
-0.0109957
-0.00744274
-0.00577376
-0.0106546
-0.00835322
-0.0151645
-0.0151645
-0.00891089
-0.00284904
-0.0125861
-0.00677024
-0.00560076
0.00457845
-0.00300718
-0.00339877
-0.0112794
0.00408672
-0.00514373
-0.00558892
0.00273343
-0.0010894
0.00295785
0.00133207
-0.00492339
-0.00852619
-0.00451703
0.00492655
-0.00542787
-0.00121408
-0.00654488
0.000247758
-0.00187817
-0.00153782
-0.000756784
-0.000756784
0.000727541
-0.000756784
-0.00655994
-0.00655994
-0.00104129
0.0120203
0.00396889
0.0058846
-0.00188835
-0.00468154
-0.00284904
0.00897184
0.00554903
0.000875496
0.00133207
0.00137866
-0.00125859
-0.00125859
0.00279386
-0.00187817
-0.00671762
0.000372639
0.00249712
0.00249712
-0.00560076
0.00474899
0.00474899
0.00560022
-0.00362005
-0.00722312
0.0015501
-0.00508237
0.00397152
0.0069553
-0.000548198
0.0122631
0.0114215
0.0128993
0.0208684
0.0221958
0.0269094
0.0355767
0.037033
0.044733
0.0395688
0.0374477
0.0374477
0.0340328
0.0340328
0.054021
0.0548969
0.0454076
0.0434291
0.0476833
0.0388885
0.0427332
0.0427471
0.0480492
0.0433508
0.0353845
0.0451352
0.0451352
0.0451352
0.0515857
0.0400475
0.0422826
0.0482603
0.0442015
0.0495608
0.0495608
0.0510253
0.0411299
0.0445823
0.0454233
0.0489429
0.0427425
0.0406056
0.041665
0.0549339
0.0441201
0.0414426
0.0392124
0.0429018
0.0381614
0.0518659
0.045815
0.0420015
0.0461936
0.0461936
0.0393664
0.0480492
0.0451256
0.0564731
0.0542582
0.0411506
0.048668
0.0450084
0.0492065
0.0462774
0.0340342
0.0387726
0.0344299
0.0388334
0.0354666
0.0237784
0.0339974
0.0427824
0.0413237
0.0363896
0.0281679
0.03637
0.0301762
0.0328914
0.0234384
0.0266773
0.0230763
0.0276158
0.0282975
0.0285055
0.0209912
0.0246638
0.0247331
0.0283985
0.0222963
0.0180879
0.0204408
0.0259628
0.0215827
0.0215827
0.0195558
0.015331
0.0151719
0.0132125
0.0148387
0.0154368
0.00979417
0.000662638
0.0179778
0.000650765
0.00705921
0.00739933
0.0182431
0.0119476
0.00598988
0.00648379
0.00964747
0.00727509
0.00770254
0.00877133
0.00908602
0.00323695
0.00383719
0.0130944
0.00643044
-0.000902219
0.00762342
0.00126538
-0.000576437
0.00560094
0.013039
0.011624
0.0166812
0.00822394
0.00805303
0.0214094
0.0136653
0.0175172
0.0221401
0.0209045
0.0156836
0.0260882
0.0201808
0.0225837
0.0203991
0.0191225
0.0150987
0.0187159
0.0211201
0.0209047
0.0244921
0.0248247
0.019752
0.0203249
0.0269126
0.0171362
0.0225027
0.0124224
0.0165062
0.0165062
0.0169341
0.0200596
0.0174268
0.0120743
0.020499
0.0166864
0.030923
0.0221346
0.0175754
0.012371
0.0166566
0.0166566
0.011697
0.0143292
0.0188972
0.0224698
0.0120174
0.0126322
0.0165888
0.0242684
0.0200339
0.0255312
0.0160843
0.0183959
0.0190747
0.0160504
0.0119999
0.0149979
0.0332946
0.0467137
0.0437832
0.0552572
0.0570646
0.0536455
0.0492294
0.0372223
0.0521462
0.0417649
0.0417649
0.0408178
0.042586
0.040005
0.0354367
0.0336358
0.0339215
0.0289172
0.0300293
0.0293776
0.0272811
0.0316314
0.0329497
0.0352083
0.0389278
0.0291941
0.0309793
0.0262724
0.0278708
0.0281063
0.0299948
0.0296425
0.0266901
0.0249156
0.0260603
0.0333628
0.033319
0.0310011
0.0366317
0.0313779
0.0252706
0.0336358
0.0296805
0.0349076
0.0329195
0.020713
0.0288632
0.0381859
0.0429244
0.0505501
0.0456962
0.0619157
0.0499242
0.0570213
0.0387955
0.0515167
0.0376336
0.0434056
0.0432162
0.0361077
0.0450205
0.0390547
0.0322686
0.0342423
0.0421823
0.0354924
0.034035
0.034035
0.0262351
0.0217148
0.0300925
0.0282289
0.0400463
0.0270389
0.0288471
0.0284997
0.0262536
0.0415408
0.0317278
0.0306546
0.0367131
0.0316314
0.0315946
0.0297767
0.0261686
0.0421386
0.032115
0.032115
0.0431707
0.0500712
0.05234
0.0478088
0.0461899
0.0390547
0.0390547
0.04137
0.0342074
0.0420216
0.0445152
0.0378451
0.0289112
0.0328074
0.0392784
0.0399328
0.0321212
0.037644
0.0431998
0.0431998
0.0288053
0.0309777
0.0353814
0.0334951
0.0230956
0.0249156
0.0422511
0.0273013
0.0302922
0.0270652
0.0341985
0.0287788
0.0287788
0.0290674
0.0183687
0.0420124
0.0446295
0.0435128
0.0559067
0.0559067
0.05656
0.0546874
0.0505221
0.0472376
0.0470681
0.0371176
0.040764
0.042332
0.0389635
0.0446236
0.0414209
0.0493704
0.0493704
0.0424872
0.039485
0.0458418
0.0378265
0.0401798
0.0401798
0.0400751
0.0425079
0.0482625
0.036631
0.0432713
0.0423623
0.048602
0.0488977
0.0570578
0.072644
0.0685527
0.0685245
0.0685245
0.0426617
0.0575135
0.049419
0.0413318
0.0445209
0.0482824
0.0482824
0.0462363
0.0414591
0.0355727
0.0326996
0.0448052
0.0445106
0.040186
0.0460077
0.0407717
0.0339412
0.0420945
0.0323221
0.0323221
0.0327746
0.0421774
0.0513467
0.0536074
0.063487
0.0549056
0.0551124
0.0530011
0.0586384
0.0562708
0.0584131
0.0576623
0.0471781
0.0447285
0.0489802
0.0428342
0.0505009
0.0428342
0.0414745
0.0515199
0.0394029
0.0523461
0.0514279
0.0510627
0.0493336
0.0515032
0.0467447
0.0457892
0.0562631
0.0541075
0.0615055
0.0678121
0.0511175
0.0522302
0.0573834
0.056684
0.0518841
0.0584783
0.0485282
0.0485282
0.0552766
0.056684
0.059176
0.0612312
0.0544649
0.0544649
0.0656865
0.0526727
0.0548889
0.0486216
0.0582561
0.0577567
0.0616157
0.0613379
0.0688468
0.0720358
0.0665877
0.0687039
0.0687039
0.0655594
0.0538096
0.0577374
0.0563391
0.0497995
0.0562229
0.0583154
0.049788
0.0447102
0.0525283
0.0494762
0.0499176
0.0405548
0.0362378
0.0447656
0.0463087
0.0591449
0.0520805
0.0628308
0.0666095
0.0648325
0.0659859
0.0577098
0.0707468
0.0527141
0.0527141
0.0468667
0.0419619
0.047479
0.0525466
0.0551953
0.0499196
0.0483553
0.0485598
0.0584989
0.0598479
0.0526996
0.0564028
0.0564028
0.0634595
0.0654964
0.0813717
0.0893838
0.0871516
0.0871516
0.0746918
0.0842071
0.0769499
0.074684
0.0944471
0.0936151
0.0766249
0.0861071
0.0858159
0.0868298
0.0787359
0.0668015
0.0668015
0.0908891
0.0856874
0.0758975
0.091458
0.0959168
0.0959168
0.085078
0.0812343
0.0674392
0.0751245
0.0702446
0.0722541
0.0735779
0.0603075
0.0626335
0.0642974
0.0820486
0.0721449
0.078905
0.0724215
0.0527182
0.0644215
0.0644215
0.0681632
0.0664488
0.0729529
0.0710258
0.0775798
0.0711112
0.0693459
0.079614
0.0718997
0.0633387
0.0619043
0.0728771
0.0619356
0.0776573
0.0645909
0.0655901
0.0719237
0.0776667
0.0720427
0.079326
0.079326
0.0731814
0.0824911
0.0723463
0.073897
0.0679819
0.0817299
0.07866
0.0819006
0.089733
0.0861451
0.0746298
0.0767018
0.0807581
0.094737
0.0926225
0.0935942
0.0940772
0.0932961
0.0973125
0.0965787
0.0964759
0.0950234
0.104865
0.0974847
0.109066
0.0948213
0.104945
0.110625
0.104665
0.109258
0.102889
0.102889
0.105096
0.10306
0.117941
0.122348
0.117998
0.110835
0.110835
0.123167
0.119291
0.134052
0.114937
0.120163
0.130254
0.128227
0.123298
0.132499
0.128293
0.133263
0.137825
0.13273
0.129976
0.132985
0.135308
0.144823
0.125867
0.134468
0.139766
0.139766
0.135393
0.143606
0.135998
0.140222
0.135878
0.139938
0.1436
0.144001
0.144018
0.150191
0.148913
0.144734
0.14834
0.161847
0.149362
0.150331
0.147621
0.14818
0.152546
0.157328
0.157246
0.15056
0.160889
0.170966
0.157987
0.15806
0.158145
0.165092
0.164307
0.164307
0.166886
0.166176
0.169168
0.16752
0.172257
0.168576
0.169096
0.170033
0.17011
0.160584
0.166277
0.171292
0.172901
0.171642
0.166867
0.172924
0.162585
0.16242
0.161909
0.161909
0.165584
0.169528
0.171363
0.167304
0.16824
0.165469
0.160006
0.163466
0.157336
0.158099
0.173136
0.162026
0.160068
0.159217
0.150826
0.15474
0.146026
0.138824
0.139726
0.139726
0.137058
0.145983
0.141895
0.141432
0.131365
0.131365
0.140437
0.127182
0.127044
0.126197
0.132052
0.125579
0.117571
0.123415
0.126367
0.117396
0.132004
0.116818
0.123374
0.125067
0.127012
0.12877
0.123252
0.114867
0.125924
0.124443
0.132445
0.118922
0.118352
0.119946
0.119946
0.113127
0.121223
0.111728
0.123598
0.118399
0.115347
0.115347
0.121154
0.126674
0.123786
0.126421
0.120837
0.123598
0.120672
0.125824
0.133298
0.131978
0.126471
0.140065
0.134237
0.131264
0.126876
0.137742
0.12883
0.128902
0.133352
0.133352
0.142041
0.142988
0.142988
0.12786
0.13794
0.13794
0.138603
0.132266
0.13502
0.152175
0.142536
0.151999
0.146048
0.153664
0.152837
0.142988
0.145583
0.143386
0.154782
0.143202
0.145949
0.14977
0.159897
0.142857
0.15243
0.15243
0.152013
0.144423
0.151076
0.143613
0.15177
0.14904
0.141941
0.149132
0.134368
0.14359
0.14359
0.142893
0.126029
0.128007
0.137105
0.126226
0.134021
0.136374
0.133484
0.131315
0.142708
0.132036
0.125334
0.132573
0.129684
0.124067
0.11919
0.117912
0.124812
0.124812
0.124613
0.122453
0.114532
0.127163
0.118834
0.117056
0.12312
0.120086
0.120086
0.119156
0.119349
0.117877
0.118298
0.111037
0.112829
0.105255
0.106664
0.116094
0.108867
0.110095
0.106479
0.106479
0.11937
0.110663
0.116117
0.110308
0.116999
0.116117
0.126093
0.112114
0.117724
0.120289
0.117042
0.121568
0.112862
0.120183
0.12179
0.118724
0.119973
0.120357
0.120357
0.117628
0.120194
0.117976
0.122327
0.123606
0.125918
0.124534
0.114629
0.121568
0.118481
0.12382
0.124067
0.117597
0.131563
0.113671
0.122057
0.121973
0.13119
0.126347
0.130695
0.128853
0.127258
0.141122
0.132598
0.124067
0.136466
0.129348
0.134411
0.135404
0.136883
0.134462
0.131658
0.128119
0.14346
0.128758
0.129225
0.121849
0.131978
0.130221
0.134929
0.126986
0.135552
0.137359
0.128298
0.134599
0.12628
0.129051
0.126227
0.126882
0.124212
0.120938
0.119688
0.132455
0.128418
0.12677
0.121048
0.121048
0.114255
0.12259
0.125177
0.120086
0.123773
0.115024
0.122019
0.11881
0.10952
0.117914
0.116807
0.114968
0.124211
0.114856
0.122461
0.114711
0.112495
0.125122
0.116185
0.105769
0.119291
0.113162
0.118718
0.127143
0.118019
0.115957
0.115957
0.134673
0.134673
0.1247
0.123917
0.117228
0.117731
0.122303
0.127973
0.119132
0.119132
0.121312
0.122029
0.120471
0.123798
0.112214
0.121383
0.116909
0.107358
0.116945
0.112972
0.117775
0.117676
0.111002
0.115312
0.116224
0.111476
0.119769
0.112902
0.114328
0.113338
0.111338
0.109519
0.105528
0.114579
0.114183
0.105378
0.103792
0.11551
0.0981807
0.104723
0.106563
0.10292
0.108067
0.109707
0.110406
0.11036
0.109381
0.105633
0.108627
0.107001
0.113384
0.113384
0.108578
0.125903
0.129372
0.145856
0.132535
0.122899
0.122361
0.11887
0.126003
0.116345
0.125033
0.125181
0.125181
0.131006
0.128428
0.128976
0.125407
0.123885
0.130765
0.133352
0.130625
0.131432
0.124842
0.124882
0.127211
0.134209
0.134209
0.139319
0.155629
0.151405
0.150048
0.143668
0.147337
0.140626
0.143928
0.147003
0.146489
0.156046
0.148096
0.142759
0.146679
0.149029
0.153489
0.146187
0.144076
0.146433
0.155051
0.149288
0.158436
0.151725
0.157145
0.146433
0.138383
0.150972
0.14885
0.148235
0.156264
0.158436
0.158436
0.164651
0.163815
0.161223
0.157892
0.154191
0.164828
0.172363
0.16191
0.166204
0.158256
0.170789
0.170789
0.172555
0.170975
0.166459
0.163698
0.162699
0.164698
0.176616
0.174152
0.170964
0.169024
0.165187
0.167227
0.162757
0.169795
0.170248
0.174376
0.174407
0.172634
0.172126
0.172056
0.163312
0.160647
0.165681
0.165681
0.176751
0.176751
0.172671
0.170067
0.170359
0.162527
0.174465
0.170542
0.166445
0.180667
0.167786
0.174512
0.169045
0.171496
0.171496
0.173931
0.170044
0.167445
0.162976
0.161885
0.163776
0.163776
0.163776
0.176434
0.171515
0.169556
0.187974
0.17765
0.17072
0.166142
0.164852
0.177284
0.177284
0.169214
0.181794
0.182801
0.170722
0.176922
0.162791
0.170452
0.163922
0.166459
0.168416
0.17477
0.180003
0.175939
0.169045
0.166419
0.158452
0.160454
0.173896
0.169823
0.169823
0.172699
0.168836
0.180465
0.174047
0.175491
0.17171
0.17171
0.163396
0.167544
0.173397
0.165386
0.165479
0.168093
0.164125
0.168831
0.167658
0.170912
0.168831
0.170729
0.170729
0.169529
0.169811
0.167756
0.169651
0.170771
0.171976
0.170813
0.169811
0.170352
0.18142
0.177249
0.166963
0.169963
0.166199
0.170383
0.159473
0.16311
0.163781
0.163781
0.168114
0.165154
0.163296
0.143315
0.161859
0.162174
0.16605
0.169627
0.18645
0.184144
0.175841
0.17712
0.167809
0.147365
0.148514
0.153337
0.149733
0.162131
0.155547
0.155365
0.161046
0.155642
0.151684
0.145614
0.147477
0.147477
0.141279
0.155121
0.155897
0.158775
0.164115
0.146186
0.137534
0.13404
0.143344
0.145164
0.14305
0.154025
0.149477
0.155261
0.15529
0.150077
0.148997
0.14421
0.139622
0.145888
0.148704
0.153592
0.142429
0.142201
0.144937
0.140021
0.138635
0.13459
0.139275
0.146399
0.137244
0.141352
0.141352
0.143723
0.148
0.141386
0.144314
0.142799
0.138928
0.14375
0.141449
0.137194
0.138691
0.132079
0.129926
0.137934
0.135865
0.137233
0.141198
0.139628
0.143968
0.143968
0.143537
0.137524
0.143487
0.131502
0.138118
0.138303
0.135005
0.135005
0.121238
0.135786
0.125379
0.11689
0.129859
0.128381
0.14307
0.1505
0.13439
0.120525
0.120525
0.122379
0.115
0.107666
0.121276
0.125459
0.119351
0.111822
0.112949
0.115261
0.117027
0.111476
0.113873
0.104851
0.112004
0.120178
0.115639
0.117655
0.108822
0.108822
0.113835
0.120306
0.11053
0.124228
0.122966
0.11449
0.112584
0.109373
0.119582
0.108971
0.10891
0.11217
0.11381
0.109911
0.112959
0.129479
0.109824
0.11478
0.106352
0.115196
0.116942
0.112982
0.108572
0.106473
0.117678
0.114252
0.118482
0.118429
0.106163
0.107081
0.109704
0.115761
0.113294
0.118051
0.118051
0.127425
0.120234
0.107804
0.120176
0.109911
0.11069
0.111768
0.10261
0.111014
0.105028
0.116761
0.114035
0.117522
0.112982
0.113105
0.1128
0.10844
0.10844
0.108941
0.112155
0.117624
0.114165
0.110762
0.106605
0.114374
0.106972
0.107233
0.115763
0.115574
0.117461
0.104018
0.112229
0.109393
0.0933284
0.100708
0.0913939
0.108348
0.108348
0.107143
0.10552
0.113929
0.117988
0.106896
0.103613
0.100228
0.0939217
0.0901538
0.106181
0.101881
0.105066
0.100897
0.102258
0.102768
0.102956
0.102751
0.0960622
0.0997392
0.108254
0.110423
0.104322
0.113263
0.10015
0.0996731
0.0918119
0.0956768
0.101041
0.0950805
0.0950805
0.107083
0.107058
0.107248
0.107248
0.0969124
0.0970992
0.0970992
0.091789
0.0959459
0.103987
0.10376
0.103285
0.103285
0.0879054
0.0967255
0.0946657
0.0943651
0.0983764
0.103947
0.109632
0.099797
0.102205
0.101932
0.104082
0.101646
0.0890639
0.102988
0.107094
0.11069
0.0995932
0.104373
0.104588
0.11689
0.0983231
0.100752
0.108897
0.10065
0.103285
0.0965784
0.106911
0.104696
0.101791
0.105825
0.100258
0.111451
0.104588
0.09856
0.0979169
0.101833
0.107894
0.103243
0.109448
0.100732
0.0968448
0.0879342
0.0887651
0.103718
0.0978801
0.100972
0.0931802
0.10533
0.0897878
0.107712
0.102718
0.0830398
0.0997089
0.0893244
0.0952868
0.0959193
0.0963211
0.106703
0.105415
0.105415
0.10829
0.10829
0.0954969
0.085277
0.089738
0.0997381
0.0937185
0.0968953
0.0956611
0.102218
0.0926579
0.0942785
0.0912362
0.0971128
0.106581
0.108033
0.104568
0.10306
0.101397
0.0902746
0.0937185
0.0952402
0.0988272
0.0910649
0.0957407
0.0940598
0.102975
0.0906067
0.0954241
0.088739
0.101397
0.0947634
0.094465
0.0906241
0.102144
0.0991291
0.0904882
0.09391
0.0903578
0.101583
0.0985687
0.101583
0.106065
0.0949544
0.104048
0.111341
0.10597
0.112776
0.0975283
0.0988361
0.10486
0.10486
0.105124
0.0947454
0.10125
0.109795
0.101522
0.111787
0.0918962
0.0954262
0.0908641
0.0996031
0.0996031
0.0995875
0.102118
0.0955139
0.101978
0.105711
0.111424
0.113061
0.0957963
0.0958323
0.107261
0.105162
0.103249
0.0989643
0.103407
0.103592
0.106155
0.101022
0.0997751
0.114512
0.103803
0.112513
0.116775
0.104171
0.10979
0.104365
0.10697
0.10861
0.10597
0.107697
0.104792
0.108625
0.107788
0.0961661
0.0995167
0.0995167
0.094796
0.0974756
0.104954
0.110476
0.10329
0.114142
0.114142
0.106988
0.117732
0.0980775
0.10504
0.107044
0.103284
0.0949397
0.102163
0.0990627
0.101192
0.110597
0.103994
0.0987418
0.102256
0.0918216
0.106703
0.103666
0.105563
0.103522
0.102327
0.103948
0.102884
0.101424
0.102491
0.106683
0.10929
0.106872
0.111864
0.103087
0.108929
0.106393
0.111833
0.111833
0.106517
0.101003
0.109236
0.0977762
0.105622
0.103148
0.109576
0.111212
0.111028
0.106301
0.0996019
0.104641
0.109185
0.112203
0.111694
0.113933
0.119909
0.104525
0.110723
0.106179
0.107386
0.111442
0.111015
0.110862
0.101662
0.112203
0.108858
0.101921
0.111566
0.10883
0.111678
0.108962
0.112296
0.108453
0.108675
0.113355
0.117187
0.117187
0.116486
0.115701
0.111511
0.108104
0.111152
0.11997
0.123125
0.112131
0.107291
0.118378
0.113839
0.110606
0.107661
0.106236
0.119864
0.119864
0.114174
0.107956
0.115218
0.115218
0.116106
0.114421
0.116886
0.106877
0.124843
0.123307
0.113285
0.107255
0.105834
0.113949
0.115327
0.108768
0.110855
0.116292
0.109743
0.114668
0.112797
0.116076
0.121256
0.102677
0.107314
0.113678
0.119096
0.107457
0.129466
0.129314
0.119353
0.111547
0.111343
0.116999
0.110265
0.115324
0.117263
0.103629
0.103029
0.112675
0.111815
0.111252
0.110557
0.110557
0.119858
0.108057
0.110888
0.112646
0.10755
0.107918
0.107797
0.110438
0.10879
0.10595
0.105607
0.103668
0.118992
0.115596
0.10745
0.116447
0.115416
0.122065
0.115538
0.122659
0.124232
0.113418
0.122107
0.111467
0.110807
0.110807
0.112894
0.122879
0.125664
0.115355
0.111568
0.112071
0.117252
0.113934
0.11606
0.116549
0.117805
0.116104
0.116104
0.110327
0.11152
0.117116
0.11719
0.110979
0.122724
0.111654
0.122659
0.11719
0.114594
0.121458
0.118868
0.118868
0.113845
0.111888
0.122593
0.114968
0.125329
0.117805
0.107035
0.108819
0.105407
0.117623
0.114968
0.115864
0.121262
0.115125
0.128805
0.117057
0.118894
0.114868
0.115779
0.11483
0.108034
0.117035
0.10249
0.11352
0.107977
0.105943
0.105943
0.114901
0.113699
0.103239
0.103239
0.10664
0.10664
0.124408
0.110563
0.118924
0.120196
0.116473
0.115641
0.115641
0.116278
0.108697
0.106389
0.110816
0.11508
0.11508
0.111489
0.106333
0.105442
0.111295
0.109652
0.109847
0.110807
0.107196
0.114192
0.115147
0.103294
0.109792
0.109792
0.12332
0.107248
0.115252
0.118966
0.119738
0.119738
0.119436
0.114024
0.121378
0.115742
0.119352
0.111048
0.109792
0.120035
0.110713
0.107587
0.123887
0.107838
0.120503
0.116222
0.111491
0.114331
0.112991
0.125334
0.110851
0.114097
0.108841
0.109703
0.103544
0.116083
0.105305
0.113945
0.112601
0.109735
0.115636
0.115446
0.121378
0.115394
0.110469
0.109142
0.104743
0.107909
0.114192
0.10934
0.114687
0.114687
0.106046
0.107298
0.110662
0.110855
0.101594
0.116979
0.116894
0.118393
0.120313
0.11361
0.108009
0.115201
0.111101
0.117607
0.111918
0.107711
0.104102
0.112497
0.11829
0.117988
0.109599
0.109458
0.10462
0.112894
0.115692
0.110094
0.116894
0.108592
0.113632
0.111594
0.108697
0.105452
0.112633
0.113945
0.116668
0.115106
0.11444
0.115091
0.112601
0.110094
0.121378
0.120748
0.101698
0.118674
0.105849
0.105849
0.120478
0.11776
0.124025
0.11714
0.116404
0.108255
0.115252
0.115834
0.109458
0.116357
0.107531
0.111295
0.115252
0.113998
0.120372
0.11829
0.108286
0.120257
0.11742
0.113998
0.112938
0.123887
0.11444
0.11829
0.113752
0.111813
0.108894
0.11068
0.116028
0.117468
0.11361
0.11389
0.112938
0.112938
0.121704
0.11458
0.115779
0.108141
0.11654
0.111866
0.10898
0.110539
0.118924
0.115852
0.115349
0.120503
0.116164
0.116842
0.10823
0.106837
0.115282
0.123018
0.120066
0.112744
0.111126
0.109927
0.109114
0.11766
0.113262
0.111877
0.117741
0.117227
0.108398
0.111241
0.114138
0.113632
0.113132
0.11225
0.111489
0.115779
0.1085
0.110662
0.120637
0.119118
0.11673
0.110498
0.11352
0.11654
0.116104
0.104672
0.110539
0.120939
0.113945
0.118675
0.112012
0.112633
0.109036
0.112442
0.113699
0.115147
0.122463
0.111933
0.107903
0.111933
0.118178
0.116473
0.113507
0.117035
0.110485
0.112518
0.114764
0.116159
0.114294
0.114294
0.11993
0.124058
0.116222
0.121378
0.118558
0.11352
0.107087
0.114844
0.11037
0.110801
0.11553
0.111101
0.111376
0.10898
0.122769
0.11906
0.113828
0.116482
0.116482
0.120694
0.107903
0.109544
0.107029
0.119423
0.114273
0.115101
0.111185
0.11711
0.109114
0.11068
0.117798
0.1207
0.1207
0.11553
0.122777
0.113017
0.115662
0.111434
0.113132
0.120508
0.118058
0.115472
0.113075
0.121264
0.121264
0.114465
0.116671
0.124159
0.126309
0.120637
0.123534
0.112385
0.114294
0.11359
0.124099
0.111434
0.11673
0.111696
0.122277
0.117049
0.117612
0.122712
0.113268
0.120565
0.113963
0.112323
0.113016
0.108798
0.115587
0.112825
0.112825
0.114968
0.120639
0.116979
0.114214
0.117864
0.120826
0.120826
0.119173
0.116486
0.118809
0.117864
0.114082
0.114082
0.114774
0.108286
0.104079
0.119945
0.113132
0.118809
0.112323
0.110178
0.108921
0.119191
0.112071
0.116295
0.113132
0.116357
0.120386
0.117864
0.120954
0.116933
0.109052
0.108562
0.110429
0.112323
0.113653
0.11717
0.118057
0.112514
0.122532
0.112639
0.116803
0.118618
0.112136
0.112136
0.107539
0.112141
0.114465
0.11553
0.116104
0.120639
0.112325
0.112204
0.107587
0.119881
0.111434
0.112451
0.104884
0.10898
0.124918
0.118808
0.116422
0.115485
0.115485
0.1173
0.118115
0.120147
0.11346
0.122593
0.123662
0.123662
0.118748
0.118765
0.119063
0.118251
0.111459
0.122897
0.124853
0.11749
0.115282
0.126993
0.117934
0.112955
0.121644
0.115722
0.115229
0.108172
0.12385
0.121021
0.11787
0.116733
0.120006
0.116486
0.115101
0.122086
0.125546
0.121329
0.116295
0.118381
0.128001
0.115742
0.1224
0.123594
0.120006
0.11906
0.120322
0.11906
0.119439
0.123217
0.115742
0.125108
0.119128
0.108861
0.119382
0.126555
0.127
0.119445
0.119445
0.113525
0.121704
0.126619
0.115978
0.119573
0.114421
0.120386
0.121393
0.120386
0.124224
0.122402
0.130891
0.116295
0.119445
0.122915
0.120765
0.123725
0.126607
0.123595
0.123091
0.128501
0.116797
0.12385
0.128256
0.117237
0.116295
0.115229
0.126809
0.121264
0.122277
0.120639
0.118553
0.122769
0.12177
0.12177
0.115038
0.117249
0.12724
0.122277
0.115742
0.119886
0.117249
0.124106
0.119191
0.126535
0.111696
0.119
0.126993
0.125606
0.121021
0.127747
0.120386
0.120386
0.125362
0.11195
0.118059
0.12754
0.121084
0.117803
0.124665
0.110437
0.109816
0.122277
0.125792
0.119932
0.114718
0.115911
0.126112
0.124345
0.112845
0.113014
0.112905
0.113525
0.124159
0.129058
0.118433
0.10986
0.120257
0.123281
0.118809
0.120069
0.123471
0.114463
0.111911
0.109243
0.117552
0.119892
0.114463
0.122777
0.112009
0.11465
0.114973
0.121142
0.121021
0.118125
0.115536
0.108922
0.119506
0.108988
0.118246
0.116611
0.123594
0.104863
0.115789
0.115869
0.112523
0.112523
0.120188
0.124918
0.127425
0.127052
0.116677
0.122339
0.113781
0.12166
0.118316
0.123406
0.115283
0.125606
0.115485
0.110183
0.125014
0.117237
0.118059
0.116549
0.116549
0.114847
0.1173
0.120069
0.118433
0.116919
0.116486
0.118697
0.111565
0.11768
0.112332
0.113781
0.123907
0.111506
0.116128
0.115229
0.115789
0.113095
0.116061
0.11931
0.123091
0.119886
0.116797
0.12083
0.119881
0.124345
0.12166
0.126607
0.106906
0.118739
0.121393
0.117995
0.121635
0.128001
0.12385
0.119694
0.120955
0.119024
0.120892
0.123338
0.122147
0.12385
0.110721
0.121517
0.130434
0.114283
0.114283
0.121144
0.117037
0.116611
0.126488
0.112955
0.124037
0.12642
0.123421
0.120145
0.124539
0.121021
0.118179
0.118179
0.125417
0.118628
0.118765
0.119815
0.115921
0.117249
0.122378
0.119439
0.117291
0.115095
0.112197
0.112237
0.117991
0.114973
0.121263
0.103949
0.118808
0.115992
0.119886
0.11699
0.124345
0.113763
0.115163
0.118381
0.112714
0.118438
0.118438
0.122781
0.116098
0.116731
0.115992
0.12297
0.117291
0.124918
0.118108
0.117317
0.125346
0.123712
0.117991
0.11718
0.104799
0.11787
0.115611
0.115485
0.124599
0.120643
0.117934
0.124534
0.121144
0.121468
0.124829
0.125088
0.121004
0.111007
0.132633
0.11542
0.121377
0.115095
0.114837
0.12672
0.120887
0.113425
0.130618
0.116611
0.121564
0.113095
0.116473
0.125229
0.121191
0.116919
0.111386
0.11217
0.121821
0.118179
0.124205
0.1164
0.117108
0.117734
0.123525
0.123782
0.115066
0.119697
0.116473
0.125605
0.11468
0.123594
0.117803
0.120069
0.121639
0.124039
0.113714
0.117892
0.124297
0.126794
0.127797
0.121196
0.120576
0.121901
0.124487
0.115935
0.131651
0.112431
0.120004
0.125486
0.127425
0.127425
0.122303
0.117558
0.117991
0.127724
0.127724
0.114353
0.115731
0.119078
0.113548
0.128167
0.119697
0.122711
0.117934
0.117033
0.124158
0.117477
0.117734
0.122265
0.119627
0.117108
0.119182
0.122899
0.126535
0.118669
0.127091
0.123455
0.112314
0.12824
0.113165
0.113165
0.118368
0.118368
0.116473
0.125605
0.125605
0.12063
0.12063
0.121712
0.128802
0.115542
0.124228
0.127797
0.116444
0.119111
0.116731
0.121191
0.119748
0.121263
0.123899
0.12297
0.12297
0.12754
0.120454
0.119078
0.132463
0.121783
0.118995
0.118556
0.122193
0.122015
0.122335
0.112501
0.122452
0.125644
0.125644
0.12724
0.122303
0.115992
0.115992
0.117991
0.121334
0.12209
0.122523
0.120404
0.123384
0.115283
0.124829
0.119369
0.117509
0.12672
0.119307
0.122781
0.125273
0.121821
0.117059
0.124832
0.121523
0.109976
0.116801
0.117477
0.123934
0.125533
0.119761
0.112645
0.117821
0.125014
0.117849
0.119297
0.122711
0.118556
0.123751
0.129687
0.123365
0.115699
0.11993
0.118084
0.118668
0.119269
0.125793
0.117821
0.121523
0.121223
0.127311
0.123826
0.131624
0.122899
0.128687
0.116827
0.126169
0.124534
0.120265
0.129314
0.113476
0.122354
0.115495
0.121783
0.121783
0.12642
0.124829
0.121827
0.121827
0.132064
0.118249
0.114094
0.122899
0.123462
0.114851
0.120567
0.119182
0.124228
0.11699
0.122118
0.126054
0.117357
0.126676
0.124571
0.120336
0.129171
0.127726
0.127428
0.117747
0.11718
0.116847
0.126314
0.1298
0.119853
0.121144
0.12209
0.12209
0.12846
0.125173
0.10908
0.116943
0.121116
0.118108
0.121377
0.128353
0.127616
0.127616
0.124937
0.126465
0.123349
0.126054
0.128311
0.128644
0.131955
0.120191
0.12297
0.123934
0.122711
0.115921
0.13076
0.12175
0.123462
0.1216
0.125793
0.120075
0.121639
0.132878
0.123462
0.11666
0.126906
0.118817
0.114229
0.123274
0.125566
0.132617
0.125459
0.131354
0.131354
0.114662
0.113811
0.124346
0.12364
0.122202
0.118744
0.12297
0.117108
0.119743
0.126202
0.130458
0.114123
0.115659
0.125644
0.122335
0.127353
0.115585
0.127091
0.124832
0.120454
0.122899
0.118995
0.119482
0.12357
0.116598
0.116615
0.111575
0.114211
0.114211
0.123197
0.126906
0.124197
0.120855
0.125382
0.125382
0.129355
0.121639
0.124796
0.121191
0.124985
0.124909
0.120075
0.119853
0.119853
0.119853
0.12357
0.130883
0.127982
0.117295
0.12102
0.119384
0.117295
0.126279
0.108714
0.118776
0.127428
0.109245
0.119038
0.121223
0.127091
0.117033
0.115992
0.118295
0.125362
0.125644
0.126385
0.134958
0.126202
0.120191
0.120191
0.117108
0.112028
0.111689
0.112748
0.11721
0.12067
0.115188
0.117407
0.119668
0.119119
0.118511
0.123837
0.121451
0.120596
0.1275
0.118556
0.133512
0.127539
0.125894
0.125894
0.121564
0.123011
0.118327
0.113949
0.124382
0.115879
0.120754
0.113949
0.120855
0.109812
0.117671
0.109701
0.118481
0.120454
0.111612
0.120567
0.120143
0.118511
0.120559
0.123801
0.122749
0.120675
0.121116
0.119591
0.118931
0.120777
0.123039
0.124722
0.121301
0.11378
0.121301
0.116488
0.120567
0.127091
0.125668
0.125668
0.124459
0.114662
0.115259
0.124722
0.116145
0.122468
0.11722
0.127013
0.125668
0.117593
0.118467
0.11943
0.12375
0.122564
0.11822
0.123856
0.113138
0.11451
0.120489
0.112253
0.115283
0.114696
0.119006
0.118046
0.118855
0.115305
0.114323
0.133063
0.11515
0.127479
0.123462
0.119148
0.115069
0.117671
0.117407
0.112789
0.11443
0.117862
0.117593
0.116411
0.120191
0.115879
0.11995
0.11943
0.121564
0.128563
0.128563
0.126092
0.123198
0.125471
0.118591
0.117779
0.127013
0.118879
0.122671
0.127132
0.122408
0.109898
0.111647
0.120004
0.124011
0.109976
0.121223
0.112065
0.119166
0.128644
0.120489
0.110081
0.120831
0.114237
0.119761
0.120029
0.120029
0.121223
0.111953
0.123384
0.118776
0.121857
0.118511
0.117033
0.116222
0.12662
0.124119
0.126199
0.126199
0.119573
0.121827
0.120039
0.121407
0.118511
0.120143
0.119041
0.123384
0.119853
0.120489
0.115508
0.119384
0.117246
0.117246
0.111072
0.111083
0.115606
0.12672
0.122671
0.122671
0.121672
0.108174
0.109355
0.11611
0.116064
0.121937
0.114851
0.112172
0.124752
0.128739
0.118405
0.119573
0.13001
0.12357
0.123649
0.130458
0.117323
0.115614
0.12456
0.122279
0.126465
0.115958
0.124567
0.113476
0.119041
0.119775
0.119591
0.115879
0.11515
0.118931
0.120143
0.11689
0.11995
0.121827
0.121286
0.124382
0.108137
0.118327
0.114616
0.123198
0.115685
0.114662
0.124486
0.119959
0.105757
0.105582
0.105582
0.0860467
0.0598837
0.0448094
0.0522688
0.0522688
0.0447718
0.0309515
0.0243295
0.0320172
0.0284842
0.0382788
0.0285884
0.0285884
0.0282759
0.028117
0.0298646
0.0298646
0.0243428
0.0268431
0.0291318
0.0228367
0.0237659
0.0239021
0.0234816
0.0155436
0.0216915
0.0211023
0.0227038
0.0227038
0.0289508
0.0209852
0.0355618
0.0355618
0.0250454
0.0250454
0.0240821
0.0237037
0.024442
0.0174158
0.0288155
0.0182778
0.0212983
0.0134508
0.0090714
0.0199201
0.0229147
0.0253014
0.0223393
0.0224862
0.0170082
0.0179311
0.0137687
0.0205303
0.0167268
0.0178284
0.0178284
0.0180094
0.0236625
0.0250731
0.0162269
0.0220645
0.0247586
0.0237659
0.0207459
0.0202466
0.0232036
0.0131307
0.0215253
0.0232036
0.0187437
0.0204181
0.0219498
0.0155096
0.0159568
0.0213454
0.0202024
0.0254027
0.0158697
0.0192872
0.0168694
0.0286357
0.0227038
0.0225216
0.0203837
0.0233432
0.0225216
0.0267593
0.0227462
0.0217708
0.0220233
0.0146352
0.0250731
0.0256198
0.0276445
0.0144103
0.0196491
0.0248907
0.0305598
0.0209268
0.0205648
0.0266821
0.0217051
0.0202509
0.0257202
0.0187437
0.0194224
0.0181993
0.0273578
0.0186926
0.0248014
0.0262593
0.0257202
0.0254027
0.0223393
0.0249058
0.0331872
0.0282169
0.0296743
0.022244
0.0208809
0.0229837
0.0294936
0.0222043
0.0241564
0.0347888
0.0197475
0.0252604
0.0198867
0.0170517
0.0257597
0.0257597
0.0233005
0.0171863
0.0135862
0.0226239
0.0242049
0.0217454
0.0160943
0.0173288
0.0173288
0.0215253
0.0272176
0.025936
0.022566
0.0238434
0.0238434
0.0187878
0.0167808
0.0168694
0.0246217
0.018925
0.0169689
0.0169689
0.0296743
0.0278966
0.0189676
0.0182478
0.0171489
0.012987
0.0167808
0.0217051
0.023303
0.0212455
0.0165047
0.0238021
0.0233782
0.0134903
0.0124916
0.015906
0.0137319
0.024442
0.0212063
0.0155064
0.0212455
0.0277171
0.0226648
0.021562
0.0249769
0.0260827
0.0189676
0.0223852
0.0220233
0.0220233
0.0308576
0.0209268
0.0209268
0.0235228
0.0183712
0.0124916
0.0239797
0.0189676
0.0189676
0.0202095
0.0146352
0.0242049
0.0155489
0.0195689
0.0192872
0.0267593
0.0299545
0.0184672
0.0324019
0.0187437
0.0191952
0.0191952
0.0191952
0.0202466
0.0179672
0.0225209
0.0168694
0.029811
0.0186926
0.0238434
0.0198568
0.0188285
0.0290318
0.0259684
0.0255303
0.0124916
0.0167808
0.0154104
0.0157275
0.0192872
0.0233344
0.0233344
0.0264725
0.0199692
0.0198299
0.0168189
0.0185742
0.0274414
0.0274414
0.0260797
0.0251206
0.0155926
0.0223852
0.0223852
0.0210276
0.0278966
0.0168626
0.0133512
0.0141747
0.0114471
0.0123534
0.00957215
0.00464332
0.0159952
0.0202466
0.0210276
0.0186458
0.0110747
0.0120933
0.0172338
0.016768
0.0175978
0.019787
0.016409
0.0102568
0.0102568
0.011491
0.0227744
0.0201046
0.00857096
0.0232
0.0162269
0.015906
0.0191952
0.0109912
0.0141334
0.0233869
0.0140894
0.0111286
0.0143554
0.0214276
0.0215632
0.0271791
0.0214165
0.0186458
0.0123534
0.0125343
0.0263955
0.0165504
0.0220204
0.0186458
0.0220645
0.014729
0.0144103
0.0104916
0.011311
0.0143554
0.0128562
0.0202362
0.00975456
0.019735
0.0201046
0.0210633
0.0210633
0.0105708
0.0163694
0.0208851
0.0153702
0.0212395
0.0207459
0.0183218
0.0159702
0.0140289
0.0227467
0.0175086
0.0238021
0.0121723
0.0174159
