0.0600072
0.0631578
0.0539802
0.0574175
0.0718939
0.0578599
0.0644312
0.0615908
0.0644342
0.0628612
0.0617319
0.0630081
0.054276
0.0611495
0.0594355
0.0594355
0.0461158
0.0595755
0.0541255
0.0598731
0.0594244
0.0647338
0.0541255
0.0612953
0.0581492
0.0525593
0.0574175
0.058161
0.0527048
0.0529967
0.0630034
0.0577142
0.0578577
0.0580075
0.0542741
0.0548558
0.0611477
0.0544279
0.056437
0.0577105
0.0667478
0.0667478
0.0631578
0.0615848
0.0630081
0.0531473
0.0559944
0.0678595
0.0561441
0.0556959
0.0547093
0.0575649
0.0575649
0.0680113
0.0664397
0.0664397
0.0545656
0.0580075
0.0634593
0.0529936
0.0534426
0.063446
0.0582996
0.0615966
0.0564399
0.0580022
0.0618828
0.0612953
0.0542741
0.0647318
0.0631525
0.0665864
0.065332
0.0595755
0.056297
0.0581581
0.0548661
0.0611495
0.0618902
0.0668869
0.0633082
0.0633082
0.0528549
0.0592811
0.0630081
0.0647318
0.0600142
0.0701722
0.0683108
0.0578577
0.0600209
0.0528523
0.0661479
0.0547124
0.0668869
0.0594264
0.0610042
0.0592826
0.0597254
0.0615937
0.0633082
0.064587
0.0631604
0.0631604
0.0600072
0.0617386
0.0578577
0.0578577
0.0544212
0.0631578
0.0580022
0.0594264
0.0600107
0.0600107
0.0597201
0.0597201
0.0633053
0.0648799
0.0698769
0.059864
0.057716
0.054571
0.0578599
0.0648824
0.0595732
0.0561324
0.0577105
0.0630148
0.0597353
0.0607058
0.056284
0.0561349
0.0561349
0.0678698
0.0572716
0.0650253
0.0581492
0.0581492
0.06272
0.0648723
0.0558469
0.0684559
0.0601651
0.0632992
0.0668934
0.0633111
0.0631604
0.061443
0.0614404
0.0614404
0.0645762
0.0597305
0.0627143
0.0565744
0.0614404
0.0662949
0.0527025
0.0684499
0.0628631
0.0589885
0.0562894
0.049702
0.0635929
0.070027
0.0561418
0.0753196
0.0608514
0.0681585
0.0527002
0.06458
0.0579995
0.0680184
0.0598702
0.0598702
0.0647296
0.0594264
0.0639911
0.0639911
0.0628649
0.0628649
0.0594283
0.0634528
0.0681562
0.0631604
0.0610001
0.0561418
0.0608536
0.0608536
0.0597305
0.0475496
0.0594264
0.0633053
0.0633023
0.0633023
0.0528575
0.0612931
0.0600306
0.0644327
0.056434
0.0662985
0.0614456
0.0614456
0.0592826
0.0592826
0.0489738
0.0610042
0.0598761
0.0598761
0.0617419
0.0612996
0.054571
0.054571
0.0700319
0.0615937
0.0581552
0.0663003
0.0614456
0.0612885
0.0561396
0.0527071
0.0544164
0.0617386
0.0544212
0.0559905
0.0630126
0.0539814
0.0597228
0.0561372
0.0509859
0.0565813
0.0509859
0.0580049
0.0578554
0.0581552
0.0683082
0.0592811
0.0578554
0.0681649
0.0594283
0.0683108
0.0583095
0.0592855
0.0581552
0.0665917
0.059278
0.0600306
0.0630081
0.0642886
0.0498526
0.0548695
0.0630034
0.0630034
0.0542721
0.0610015
0.0580022
0.0511306
0.0559925
0.0497156
0.0472513
0.061448
0.0628649
0.0561483
0.0578577
0.0648774
0.0559885
0.0559885
0.0665942
0.0662985
0.0547244
0.054276
0.059278
0.051572
0.066293
0.0631552
0.0662967
0.0633139
0.0580101
0.0580101
0.056284
0.0561462
0.0631629
0.0677214
0.0628612
0.0630169
0.0630169
0.0736011
0.0614456
0.0597228
0.0545736
0.0561418
0.052984
0.0529967
0.057853
0.0542721
0.056588
0.0601651
0.061443
0.0612953
0.0650253
0.0680184
0.0631629
0.0613017
0.0578577
0.068015
0.0594302
0.0594302
0.0627214
0.0503953
0.0542741
0.0511279
0.0492571
0.0492571
0.0630104
0.0662985
0.0667333
0.0648749
0.0631578
0.0594355
0.06272
0.056284
0.0633167
0.0633167
0.0662949
0.0559925
0.0665942
0.0665942
0.061448
0.0514282
0.0595709
0.0595709
0.0664464
0.0664464
0.0594283
0.0615994
0.0562867
0.0647229
0.0600142
0.0600142
0.0612931
0.0541271
0.054571
0.0597228
0.0581429
0.0648723
0.0528523
0.0561372
0.0631604
0.069879
0.0561396
0.0564399
0.0489753
0.0582996
0.0594338
0.0594223
0.0630104
0.0633023
0.0558405
0.0612996
0.0612996
0.0581639
0.0508367
0.0492667
0.0488252
0.0564309
0.0528469
0.0528549
0.0597118
0.0580075
0.0528549
0.0631604
0.0578456
0.0706196
0.0624222
0.0627173
0.0611512
0.0664485
0.0645819
0.0597174
0.0597174
0.0582962
0.0647318
0.054438
0.0648749
0.0598702
0.0631604
0.0667393
0.0628684
0.0547093
0.0561396
0.0575649
0.0642865
0.0642865
0.0597147
0.0577124
0.0580075
0.0564399
0.0562867
0.0611458
0.0615937
0.0630169
0.0527002
0.0615878
0.0594338
0.0527071
0.0595732
0.0595732
0.0578577
0.0491214
0.056437
0.059134
0.0594264
0.0577105
0.0509812
0.0581552
0.0595799
0.0595799
0.0545656
0.0538333
0.0538333
0.0508405
0.044402
0.0542779
0.0561349
0.0527002
0.0580151
0.0458344
0.0458344
0.0564428
0.0439625
0.0580049
0.0539814
0.0489723
0.0489723
0.0545683
0.0545683
0.0538325
0.0664464
0.0607051
0.0577124
0.0577124
0.0544212
0.045972
0.0547244
0.0559962
0.0471071
0.0471071
0.0631678
0.0631678
0.0645853
0.052407
0.0662985
0.0662985
0.0524117
0.0561483
0.0601651
0.0665891
0.0581461
0.0677184
0.0677184
0.0615848
0.0577142
0.0564309
0.0631604
0.0686068
0.0495674
0.0678685
0.0578577
0.0594264
0.0561372
0.0677161
0.0614404
0.0564278
0.0584544
0.0624222
0.052563
0.0608526
0.0665917
0.0665917
0.0561418
0.0647229
0.0628684
0.0611419
0.066581
0.0614295
0.0614295
0.0580075
0.0561462
0.0561462
0.0524146
0.0667393
0.0667393
0.059134
0.0594283
0.0574164
0.056284
0.0647274
0.0544279
0.0544279
0.0500081
0.0491175
0.0578643
0.0578643
0.0615966
0.0615966
0.0610001
0.0665917
0.0611477
0.0647229
0.0578704
0.0558454
0.0558454
0.0558454
0.0664526
0.0597147
0.0542721
0.0594302
0.0594302
0.0701779
0.0701693
0.0663003
0.0662967
0.0597174
0.0717405
0.066002
0.0598789
0.0631525
0.0611439
0.0704784
0.0559905
0.0634593
0.0634593
0.0634593
0.0665942
0.0661494
0.0631497
0.0647296
0.0720393
0.0525515
0.0683082
0.061443
0.0667363
0.0562894
0.0612908
0.0653139
0.0612996
0.0648696
0.0601688
0.0665837
0.0667478
0.0667478
0.0562813
0.0611458
0.0734563
0.0541271
0.0580101
0.0611495
0.0561396
0.0580022
0.0665837
0.0627143
0.0627143
0.0564399
0.0561324
0.054571
0.0684698
0.058987
0.0506881
0.0671742
0.0575618
0.0681585
0.0681585
0.0645782
0.0647338
0.062711
0.059278
0.0612931
0.0612931
0.0577124
0.0632961
0.0664397
0.0595732
0.0580049
0.0662985
0.0627158
0.0681628
0.0683108
0.0683108
0.0631604
0.0628631
0.0594283
0.0594283
0.0611439
0.0630126
0.0600142
0.0630126
0.0598731
0.0718939
0.0631578
0.0650102
0.0578643
0.056434
0.0781555
0.0684588
0.0687513
0.0648774
0.0618902
0.0633023
0.059432
0.0631578
0.0631578
0.0542797
0.0697328
0.0609986
0.0653139
0.0628667
0.0631654
0.0631654
0.0545761
0.0578621
0.0561441
0.0582962
0.0631525
0.0658561
0.0580022
0.0597329
0.0615966
0.0597201
0.0647296
0.0683108
0.0648749
0.0644342
0.0644356
0.0650194
0.061443
0.0542701
0.0597377
0.0597377
0.0592811
0.070027
0.0701722
0.0617353
0.0668869
0.061443
0.0611477
0.061448
0.0506864
0.0559962
0.0475449
0.0542701
0.0591328
0.0559925
0.0541271
0.0589885
0.06272
0.057716
0.0594244
0.0591363
0.0597228
0.0598702
0.0581581
0.0578621
0.0594283
0.0594283
0.0700219
0.0644296
0.061443
0.0630126
0.0664464
0.0561441
0.071447
0.066442
0.059728
0.0594283
0.0714434
0.0539802
0.0680132
0.0680132
0.0648749
0.0615878
0.0562894
0.0597254
0.0578599
0.0595799
0.0578577
0.0614404
0.0614404
0.0653249
0.0611439
0.0612908
0.0697275
0.0697275
0.0631552
0.0677214
0.057853
0.070027
0.061443
0.057991
0.0597201
0.0683132
0.0628631
0.0628631
0.0651797
0.0700245
0.0692899
0.0653213
0.0618791
0.0572702
0.0592841
0.0630126
0.0580126
0.0580126
0.064587
0.064587
0.0630126
0.0612908
0.0565847
0.0565847
0.0489723
0.0489723
0.0489723
0.0556996
0.0597329
0.0597174
0.0661508
0.055998
0.0615878
0.0539836
0.0508459
0.0614404
0.058987
0.0511359
0.0645853
0.0630189
0.0577105
0.0558422
0.0542797
0.0542797
0.0542797
0.0630126
0.0647296
0.0600176
0.061443
0.061443
0.0581552
0.0578554
0.0600142
0.0548593
0.0580022
0.0580022
0.0575678
0.0627187
0.0664397
0.0577105
0.0700245
0.0580049
0.0580049
0.0628649
0.061725
0.0594338
0.0558469
0.0665992
0.0630126
0.0580101
0.0575602
0.0575602
0.0548627
0.0598671
0.0512746
0.0509836
0.0595778
0.0678657
0.0733127
0.0628649
0.0607051
0.0615937
0.0592826
0.0614378
0.056437
0.0580101
0.0580101
0.0545761
0.0598702
0.0594223
0.0683108
0.0612908
0.0678672
0.0711491
0.0630126
0.0630126
0.0594264
0.0628592
0.0555488
0.0679969
0.0589823
0.0589823
0.058834
0.0621258
0.0585471
0.0585471
0.0688467
0.0652699
0.0685543
0.0732721
0.0774222
0.0619804
0.0674244
0.0689924
0.069431
0.0765735
0.0829864
0.0889452
0.09036
0.09036
0.0988848
0.0976867
0.119528
0.306631
0.306631
0.550222
0.910575
0.910575
0.910575
1.07921
1.02395
0.939341
0.826742
0.562535
0.384734
0.330769
0.315999
0.278588
0.278588
0.244903
0.19951
0.199724
0.201742
0.211452
0.201487
0.201487
0.201487
0.188008
0.186775
0.186775
0.19587
0.19587
0.202279
0.201155
0.197787
0.202197
0.205107
0.213711
0.213711
0.213711
0.221297
0.227272
0.245776
0.26784
0.304219
0.316052
0.322945
0.343679
0.351935
0.354627
0.367007
0.367007
0.375699
0.383442
0.39782
0.404617
0.414503
0.414503
0.414503
0.414503
0.456531
0.488755
0.514935
0.532265
0.533566
0.483733
0.453408
0.407037
0.385922
0.345418
0.300765
0.271353
0.226352
0.197282
0.176276
0.172605
0.172605
0.15548
0.151677
0.133628
0.140266
0.144966
0.151031
0.1545
0.149555
0.155052
0.162194
0.174658
0.174658
0.151016
0.138912
0.142074
0.140969
0.144549
0.149919
0.142502
0.135906
0.132713
0.132713
0.142909
0.139781
0.129314
0.142993
0.125843
0.132782
0.12602
0.122768
0.122768
0.127985
0.121356
0.117421
0.124158
0.117558
0.119564
0.131176
0.116133
0.114434
0.119237
0.11806
0.132164
0.123291
0.125184
0.128259
0.124847
0.128695
0.121637
0.118216
0.118216
0.118193
0.113293
0.114794
0.111796
0.109533
0.110198
0.109972
0.121904
0.119885
0.11155
0.116556
0.123398
0.115096
0.111301
0.117769
0.10399
0.108978
0.11573
0.119299
0.125839
0.116375
0.121771
0.120204
0.113411
0.116741
0.116741
0.12557
0.116993
0.106008
0.1199
0.113446
0.118938
0.118938
0.11366
0.112391
0.111933
0.115034
0.120375
0.120375
0.113634
0.11213
0.107189
0.117202
0.125366
0.122323
0.122323
0.116591
0.122061
0.122088
0.117202
0.132209
0.116867
0.123568
0.118193
0.112985
0.108547
0.124778
0.124778
0.12152
0.123827
0.111395
0.132058
0.128446
0.14822
0.14822
0.206352
0.233747
0.258155
0.258815
0.240375
0.249061
0.248696
0.260683
0.251802
0.254647
0.250223
0.239954
0.244842
0.243476
0.253165
0.253353
0.246031
0.240222
0.240703
0.240703
0.246041
0.246453
0.2515
0.245762
0.251259
0.251259
0.253216
0.248086
0.246214
0.253258
0.251623
0.254829
0.255601
0.24818
0.250504
0.250586
0.245208
0.246835
0.246835
0.244797
0.245208
0.249197
0.253429
0.253429
0.251868
0.268617
0.3144
0.371763
0.437284
0.484396
0.555257
0.623533
0.699861
0.763335
0.845214
0.921741
0.999135
1.07949
1.07949
1.1282
1.15973
1.17937
1.19051
1.20492
1.23077
1.2577
1.26524
1.29413
1.30452
1.32774
1.34909
1.37792
1.40133
1.44577
1.48245
1.52022
1.55116
1.60158
1.60158
1.62128
1.68838
1.71787
1.75343
1.79478
1.82637
1.86666
1.901
1.93887
1.97873
2.02336
2.06544
2.1143
2.1143
2.1492
2.24621
2.29523
2.37922
2.45754
2.45754
2.59288
2.63596
2.67625
2.70248
2.70856
2.70856
2.70847
2.69436
2.69716
2.69901
2.69684
2.70098
2.70098
2.70662
2.72683
2.72556
2.72453
2.72784
2.72811
2.72811
2.73554
2.72697
2.73195
2.72476
2.72608
2.73216
2.73539
2.73539
2.73606
2.73421
2.73575
2.73559
2.72938
2.72557
2.72751
2.72907
2.72832
2.72514
2.72514
2.72628
2.72587
2.7189
2.7241
2.7268
2.72856
2.71851
2.72244
2.72403
2.7148
2.72316
2.71413
2.71856
2.71962
2.71962
2.72805
2.72247
2.72218
2.71983
2.72065
2.7188
2.71767
2.71997
2.71997
2.71936
2.72901
2.71809
2.71944
2.71451
2.71369
2.71369
2.71831
2.72057
2.72321
2.718
2.71821
2.71374
2.71838
2.71139
2.7165
2.71953
2.71132
2.70964
2.70964
2.70664
2.71088
2.70939
2.70764
2.70797
2.70949
2.71195
2.71424
2.71365
2.71278
2.7096
2.70778
2.70235
2.70543
2.70235
2.71021
2.7049
2.70433
2.70379
2.7074
2.7076
2.70967
2.70152
2.70663
2.70297
2.70297
2.69901
2.70267
2.6983
2.71006
2.70204
2.70121
2.70121
2.69644
2.70755
2.70526
2.69275
2.69736
2.69736
2.69543
2.69303
2.7022
2.69407
2.69639
2.68966
2.69931
2.6946
2.69614
2.69742
2.69576
2.69875
2.69862
2.69833
2.69938
2.69991
2.69443
2.69618
2.69133
2.69692
2.69845
2.6989
2.70344
2.68768
2.68927
2.6962
2.6962
2.69505
2.69209
2.69373
2.68984
2.69037
2.68905
2.68524
2.68849
2.68491
2.68845
2.68574
2.68126
2.68362
2.6965
2.68991
2.68858
2.67841
2.68083
2.67879
2.67879
2.68712
2.70997
2.70602
2.7023
2.69934
2.70253
2.70253
2.70279
2.70023
2.69858
2.70484
2.69949
2.70397
2.69308
2.69627
2.70206
2.70295
2.70295
2.70336
2.69709
2.68288
2.68288
2.69934
2.69934
2.6913
2.6913
2.68816
2.68838
2.68546
2.68234
2.68234
2.66179
2.66179
2.66633
2.64049
2.62861
2.618
2.61574
2.61574
2.5866
2.57777
2.55677
2.53659
2.52118
2.50822
2.50822
2.48576
2.46803
2.45777
2.44802
2.45661
2.44812
2.45322
2.4615
2.45515
2.45655
2.45309
2.46544
2.46544
2.45997
2.46277
2.46938
2.46192
2.467
2.46767
2.46793
2.44678
2.42774
2.42027
2.42632
2.42634
2.43265
2.43289
2.43209
2.43075
2.43254
2.43873
2.44556
2.44556
2.44161
2.4354
2.44661
2.4473
2.4477
2.44642
2.44642
2.45197
2.4522
2.44913
2.45615
2.44956
2.46629
2.45895
2.46159
2.46373
2.45633
2.46438
2.46725
2.46725
2.46515
2.45522
2.43254
2.42323
2.41459
2.41706
2.4205
2.4205
2.42488
2.42338
2.43002
2.42857
2.42857
2.43593
2.43221
2.43814
2.42641
2.42864
2.44043
2.44087
2.44129
2.44299
2.44236
2.44128
2.44345
2.44153
2.44206
2.43168
2.43867
2.44378
2.45036
2.44175
2.44063
2.45254
2.44873
2.44011
2.44953
2.45728
2.45728
2.45135
2.45435
2.44431
2.45675
2.45503
2.45318
2.4472
2.44862
2.45494
2.4506
2.46548
2.46287
2.4677
2.46743
2.45816
2.45782
2.46705
2.46658
2.46075
2.45549
2.45847
2.46336
2.46525
2.46341
2.43288
2.41497
2.41497
2.4126
2.40719
2.41746
2.4097
2.41247
2.4148
2.4148
2.4177
2.41883
2.42381
2.42655
2.41684
2.41684
2.40839
2.42232
2.42353
2.41604
2.42265
2.41697
2.41921
2.42711
2.42875
2.42482
2.42534
2.42889
2.43299
2.43299
2.43021
2.43147
2.43176
2.43454
2.43588
2.43588
2.43491
2.43491
2.43101
2.43153
2.42847
2.43139
2.44153
2.44216
2.43866
2.43163
2.4354
2.4433
2.43759
2.44055
2.43567
2.43374
2.44022
2.43484
2.44424
2.44424
2.43752
2.45304
2.44314
2.43482
2.44263
2.44345
2.4386
2.43805
2.4386
2.44773
2.44952
2.44677
2.44229
2.43887
2.44792
2.44081
2.44396
2.44194
2.45525
2.45525
2.44941
2.45485
2.44897
2.44474
2.43994
2.44675
2.44675
2.45141
2.4406
2.44185
2.4585
2.44794
2.44168
2.45182
2.45507
2.44876
2.45062
2.45339
2.44529
2.44285
2.44874
2.45574
2.44856
2.45456
2.44792
2.45062
2.45598
2.45624
2.44544
2.44233
2.44021
2.4468
2.45302
2.45261
2.44898
2.44272
2.45047
2.43796
2.43796
2.44113
2.44458
2.44262
2.45326
2.44949
2.45412
2.45412
2.44769
2.4579
2.4531
2.44955
2.45199
2.45019
2.44143
2.4422
2.45242
2.44978
2.45374
2.4438
2.45114
2.45409
2.44945
2.45915
2.45442
2.44861
2.44861
2.44988
2.45502
2.45492
2.45492
2.44962
2.44962
2.44988
2.45292
2.42496
2.4036
2.39133
2.39302
2.39302
2.40141
2.39557
2.38387
2.39392
2.40278
2.40861
2.39749
2.39749
2.39749
2.39853
2.41213
2.40079
2.40949
2.40949
2.41201
2.40546
2.4097
2.41357
2.41022
2.40609
2.40768
2.40976
2.40444
2.40833
2.41115
2.4028
2.41191
2.41354
2.41781
2.4157
2.42052
2.41746
2.41746
2.41749
2.41524
2.41597
2.41516
2.4154
2.41871
2.41819
2.40652
2.40725
2.40755
2.4146
2.41699
2.41212
2.40924
2.40915
2.40915
2.42035
2.41469
2.41134
2.42687
2.42687
2.41847
2.41884
2.41635
2.41667
2.42056
2.42056
2.41136
2.41153
2.4193
2.42056
2.41728
2.42068
2.42048
2.42318
2.42082
2.41947
2.41947
2.42336
2.42336
2.41768
2.4152
2.4206
2.42088
2.42326
2.42334
2.42334
2.43144
2.42409
2.41731
2.42821
2.42543
2.42543
2.41018
2.41993
2.42144
2.42214
2.42367
2.42367
2.42291
2.42131
2.4302
2.42523
2.42029
2.42029
2.42974
2.43216
2.42279
2.42732
2.42205
2.42208
2.42208
2.42595
2.42264
2.42456
2.42513
2.43345
2.43448
2.42096
2.42346
2.4326
2.425
2.42937
2.42961
2.42903
2.42906
2.4337
2.4337
2.43902
2.43844
2.43116
2.42533
2.4255
2.42283
2.42481
2.41933
2.41933
2.42709
2.4313
2.42931
2.42615
2.43271
2.43271
2.42476
2.42417
2.4314
2.43159
2.42512
2.42512
2.43074
2.42718
2.43269
2.43491
2.43234
2.43234
2.4277
2.43229
2.42699
2.43267
2.43074
2.43221
2.43851
2.43851
2.42405
2.43098
2.43242
2.43578
2.43311
2.42458
2.42458
2.42615
2.43533
2.43369
2.42496
2.42947
2.42947
2.43269
2.43561
2.43483
2.43802
2.43415
2.43156
2.44265
2.43127
2.43545
2.43642
2.43593
2.43304
2.44351
2.4342
2.44196
2.42909
2.43474
2.43619
2.43619
2.44128
2.42907
2.42611
2.43569
2.43444
2.43488
2.43488
2.43328
2.43563
2.42984
2.43188
2.4318
2.4318
2.43188
2.43528
2.43738
2.43385
2.44214
2.43649
2.42409
2.43483
2.43656
2.43626
2.43029
2.4334
2.4334
2.43245
2.43926
2.43456
2.4375
2.43475
2.43475
2.43865
2.43887
2.43486
2.43458
2.43674
2.43658
2.43505
2.43775
2.4395
2.43642
2.43396
2.43885
2.43415
2.43415
2.43127
2.43991
2.43653
2.43657
2.44587
2.44587
2.44096
2.44164
2.43052
2.43736
2.44246
2.44413
2.44413
2.44037
2.4477
2.43992
2.42919
2.42919
2.42638
2.43157
2.44
2.43817
2.43357
2.43428
2.44206
2.44158
2.44158
2.43126
2.43872
2.44237
2.44102
2.44111
2.44111
2.4419
2.43706
2.43641
2.43475
2.44167
2.44071
2.44071
2.43593
2.42546
2.44453
2.44317
2.43659
2.43674
2.43668
2.44158
2.43214
2.43344
2.43282
2.44445
2.44002
2.43839
2.43046
2.43642
2.43992
2.44104
2.43953
2.43953
2.43905
2.44579
2.44231
2.44144
2.43198
2.43198
2.44223
2.43454
2.435
2.43032
2.44168
2.43875
2.44262
2.44104
2.43722
2.43055
2.43545
2.43545
2.4389
2.44644
2.43922
2.43787
2.4461
2.4393
2.44144
2.43708
2.43708
2.44263
2.4381
2.44272
2.44272
2.44168
2.44168
2.44238
2.43589
2.44857
2.43834
2.4381
2.4381
2.44834
2.44135
2.44487
2.44089
2.44437
2.4466
2.43803
2.43408
2.4312
2.43311
2.44265
2.43874
2.43874
2.44191
2.43535
2.44415
2.44136
2.43438
2.4337
2.4337
2.4382
2.43568
2.43352
2.43812
2.44684
2.44358
2.44186
2.43693
2.43549
2.42605
2.43946
2.43684
2.43313
2.43313
2.43971
2.43971
2.44042
2.44502
2.44502
2.44106
2.43986
2.43701
2.44003
2.43884
2.44456
2.43798
2.43798
2.4493
2.43869
2.4349
2.44009
2.43439
2.43747
2.44304
2.44168
2.44027
2.44453
2.43145
2.44796
2.44177
2.44321
2.44059
2.43924
2.44708
2.44099
2.44377
2.44377
2.44377
2.44306
2.44426
2.44077
2.43305
2.45041
2.44471
2.44439
2.44201
2.45011
2.44995
2.4379
2.4379
2.44092
2.44314
2.4433
2.44392
2.44574
2.44574
2.44204
2.44351
2.44462
2.43894
2.44369
2.44299
2.44161
2.44161
2.44766
2.44956
2.44299
2.44669
2.44423
2.44423
2.44131
2.4425
2.44472
2.44463
2.4475
2.44327
2.44327
2.4363
2.43418
2.4356
2.44179
2.44013
2.44815
2.44901
2.44019
2.44067
2.43417
2.44823
2.44324
2.44324
2.44031
2.44236
2.43957
2.446
2.44735
2.44377
2.45718
2.45066
2.44433
2.45368
2.44592
2.44989
2.44377
2.44229
2.44139
2.4464
2.44555
2.44631
2.44266
2.44266
2.44444
2.4391
2.44324
2.4404
2.44672
2.45336
2.44317
2.44522
2.44555
2.44148
2.44909
2.44334
2.44334
2.44169
2.43889
2.44356
2.43959
2.44267
2.44148
2.44148
2.43648
2.43824
2.44671
2.4343
2.43635
2.43943
2.44395
2.43586
2.44324
2.44348
2.4377
2.44078
2.43785
2.4411
2.44578
2.43873
2.44637
2.43768
2.43768
2.43717
2.446
2.44363
2.43448
2.43602
2.44411
2.44411
2.43549
2.43234
2.4384
2.44072
2.43967
2.4472
2.4427
2.43915
2.43428
2.44419
2.43494
2.43865
2.43865
2.43838
2.43531
2.44118
2.44234
2.44445
2.43969
2.43538
2.42659
2.43619
2.43515
2.44573
2.43727
2.43727
2.44221
2.44221
2.44506
2.43973
2.43133
2.44368
2.43596
2.42586
2.43031
2.44485
2.44538
2.44438
2.44438
2.44413
2.44681
2.44086
2.44419
2.44444
2.44444
2.44524
2.44438
2.44772
2.44468
2.44503
2.44503
2.4462
2.43832
2.44033
2.43787
2.44376
2.4399
2.44469
2.44469
2.44158
2.43935
2.43811
2.43322
2.43322
2.44474
2.44628
2.43713
2.43713
2.44374
2.43434
2.43434
2.43369
2.44387
2.44215
2.43831
2.43831
2.43379
2.43379
2.44435
2.44167
2.44426
2.43365
2.43483
2.43483
2.44276
2.43377
2.44024
2.43919
2.44256
2.44256
2.43373
2.43998
2.44689
2.43548
2.44865
2.44289
2.44247
2.44149
2.43627
2.43789
2.43993
2.44814
2.44814
2.43261
2.44266
2.44358
2.44474
2.44059
2.4427
2.4427
2.44737
2.4492
2.44511
2.44511
2.43819
2.44203
2.44203
2.43645
2.44428
2.44212
2.44568
2.44611
2.44362
2.43988
2.441
2.43946
2.44096
2.44271
2.4436
2.44538
2.44796
2.43731
2.44018
2.44611
2.44182
2.44699
2.43377
2.44339
2.44446
2.45088
2.44185
2.445
2.43477
2.43803
2.44691
2.44765
2.44859
2.44556
2.44788
2.44788
2.45096
2.44741
2.44407
2.44186
2.44795
2.44795
2.44628
2.44579
2.44362
2.44362
2.44302
2.44302
2.44603
2.44157
2.45333
2.44558
2.4491
2.44876
2.44876
2.44312
2.44029
2.4463
2.44691
2.44443
2.44198
2.44487
2.43935
2.44759
2.449
2.44465
2.44172
2.44172
2.44451
2.44524
2.44695
2.45151
2.43398
2.44084
2.44084
2.44955
2.44135
2.43924
2.44191
2.45454
2.4383
2.4383
2.4372
2.44642
2.44371
2.44661
2.44371
2.44371
2.44548
2.44419
2.43929
2.44713
2.44299
2.44299
2.45373
2.45327
2.44536
2.44859
2.44681
2.44522
2.44773
2.44773
2.44111
2.44493
2.44178
2.44892
2.44156
2.44156
2.44851
2.44824
2.44627
2.44567
2.45135
2.44667
2.44667
2.44866
2.43836
2.44872
2.44536
2.44326
2.44321
2.44812
2.44931
2.44792
2.44009
2.4354
2.43447
2.44741
2.4424
2.4556
2.45151
2.44454
2.44084
2.44629
2.44629
2.44313
2.4409
2.44379
2.44598
2.45339
2.44481
2.4409
2.44647
2.44701
2.44461
2.44274
2.44454
2.43935
2.44531
2.45164
2.45176
2.44321
2.44457
2.44429
2.44429
2.44247
2.44945
2.44945
2.45019
2.44892
2.44892
2.44938
2.44393
2.44842
2.44249
2.44248
2.44159
2.44693
2.446
2.4495
2.44604
2.44506
2.4465
2.43912
2.4442
2.44774
2.45308
2.45105
2.44514
2.44911
2.44252
2.43576
2.44572
2.44574
2.43987
2.44018
2.44385
2.44385
2.4376
2.44238
2.44542
2.44249
2.44673
2.44985
2.44542
2.44522
2.45137
2.44701
2.45023
2.44503
2.44139
2.44966
2.44004
2.44823
2.44473
2.44743
2.44743
2.44357
2.43918
2.44078
2.43871
2.45218
2.44484
2.44484
2.44313
2.44125
2.4345
2.44304
2.44166
2.43976
2.4463
2.44582
2.44418
2.44241
2.45112
2.44588
2.44588
2.43429
2.43808
2.4378
2.43726
2.44461
2.446
2.446
2.44241
2.44773
2.44711
2.43513
2.44211
2.43996
2.44401
2.44809
2.44021
2.4383
2.4517
2.44103
2.44916
2.43896
2.44578
2.4402
2.44111
2.44137
2.43978
2.4404
2.44163
2.4481
2.44159
2.4349
2.44462
2.45007
2.45266
2.44619
2.44335
2.45027
2.44062
2.44592
2.44592
2.44804
2.43695
2.44629
2.44346
2.44224
2.43189
2.44882
2.43643
2.44766
2.4396
2.4375
2.43962
2.44361
2.44467
2.43435
2.43695
2.43937
2.43949
2.44227
2.44227
2.44227
2.43849
2.44324
2.43769
2.44471
2.43907
2.44028
2.43722
2.44106
2.43556
2.43445
2.4407
2.44381
2.44018
2.44018
2.44133
2.43897
2.43227
2.44125
2.4357
2.44318
2.43722
2.43736
2.43065
2.44031
2.44031
2.4432
2.43542
2.44362
2.44362
2.44556
2.44556
2.44471
2.44635
2.44616
2.44616
2.44514
2.43882
2.43968
2.44723
2.44739
2.44564
2.44511
2.44933
2.44933
2.44036
2.44346
2.44346
2.43556
2.44393
2.44703
2.43413
2.44437
2.41776
2.41776
2.39733
2.39449
2.38496
2.39165
2.3923
2.38756
2.38105
2.38166
2.39692
2.38771
2.39692
2.39108
2.39133
2.39142
2.39142
2.39229
2.39349
2.39119
2.38633
2.38769
2.38377
2.39749
2.39749
2.38231
2.38517
2.38882
2.39397
2.39935
2.39235
2.3966
2.39285
2.39507
2.38864
2.39125
2.39125
2.38791
2.39684
2.39493
2.38875
2.39237
2.3863
2.39509
2.39501
2.39215
2.40637
2.40498
2.39911
2.39755
2.39348
2.39158
2.38762
2.39115
2.39115
2.39519
2.4008
2.40054
2.39823
2.40023
2.39902
2.39902
2.39662
2.39383
2.40092
2.39622
2.40504
2.39885
2.39885
2.40119
2.40607
2.39852
2.40391
2.39947
2.39947
2.40288
2.39863
2.38631
2.40404
2.39204
2.39822
2.39095
2.40077
2.40077
2.40165
2.39876
2.40243
2.40219
2.40221
2.40674
2.40587
2.40827
2.39707
2.40435
2.40908
2.40082
2.40005
2.40069
2.39579
2.4006
2.4006
2.4006
2.40172
2.4046
2.39654
2.39191
2.3978
2.40068
2.40068
2.39604
2.39981
2.40021
2.40242
2.40188
2.40188
2.39733
2.40427
2.40419
2.403
2.40746
2.40746
2.41361
2.40547
2.40499
2.41355
2.40499
2.41146
2.41146
2.41201
2.40145
2.40731
2.4054
2.39976
2.39852
2.40308
2.40092
2.40068
2.40068
2.38995
2.3994
2.4077
2.40697
2.397
2.40276
2.4073
2.4093
2.40554
2.40291
2.40275
2.40315
2.40323
2.40667
2.40483
2.40362
2.40419
2.40834
2.40674
2.40281
2.40196
2.40458
2.40834
2.40746
2.40402
2.41017
2.41383
2.41121
2.41073
2.41073
2.39964
2.41743
2.40721
2.40634
2.41041
2.40331
2.40905
2.39923
2.40642
2.40778
2.40482
2.4077
2.40817
2.41318
2.4081
2.40259
2.39924
2.41614
2.41614
2.40746
2.40746
2.4053
2.40235
2.4128
2.40865
2.4073
2.40961
2.41622
2.40992
2.40147
2.39988
2.39988
2.41654
2.4112
2.39916
2.40355
2.4049
2.4069
2.4069
2.40657
2.40035
2.4069
2.4069
2.41152
2.41152
2.40745
2.41949
2.39827
2.40762
2.4006
2.4069
2.40474
2.40937
2.40346
2.40834
2.41073
2.41885
2.41112
2.4112
2.40857
2.41917
2.41089
2.40928
2.40944
2.40929
2.40586
2.41438
2.41611
2.41551
2.4272
2.4163
2.4163
2.41136
2.40307
2.4061
2.40945
2.40594
2.41197
2.41558
2.40706
2.41719
2.40562
2.41532
2.41392
2.41072
2.41072
2.40722
2.40639
2.40394
2.40968
2.40977
2.40977
2.40387
2.40425
2.40681
2.41311
2.41566
2.41519
2.40835
2.41638
2.41638
2.41495
2.4061
2.41366
2.4123
2.41868
2.41169
2.41615
2.41613
2.41613
2.42097
2.41345
2.41295
2.41134
2.41279
2.4073
2.41216
2.4191
2.41972
2.41336
2.41265
2.41097
2.41097
2.41691
2.41691
2.41471
2.41829
2.42393
2.41813
2.41871
2.41448
2.40731
2.41949
2.40578
2.42107
2.41224
2.42244
2.42563
2.4272
2.41607
2.41232
2.41964
2.41366
2.42521
2.41567
2.41456
2.41969
2.41993
2.41305
2.41305
2.4174
2.42338
2.42252
2.41997
2.41631
2.41727
2.42081
2.40143
2.41907
2.42085
2.41966
2.40933
2.40933
2.41566
2.41487
2.414
2.4272
2.41907
2.41756
2.41756
2.41576
2.4183
2.41694
2.41053
2.41009
2.41462
2.41462
2.4135
2.41954
2.41311
2.4123
2.41194
2.41194
2.42817
2.41868
2.41473
2.41599
2.41574
2.42131
2.41269
2.41569
2.4211
2.42456
2.41934
2.40915
2.4167
2.4167
2.42294
2.41032
2.4136
2.41738
2.41686
2.41686
2.41551
2.41369
2.41712
2.42625
2.42247
2.41717
2.41717
2.41607
2.42221
2.41126
2.42211
2.42109
2.41268
2.42054
2.41793
2.41522
2.41266
2.41795
2.41513
2.41675
2.41441
2.41998
2.42154
2.42336
2.4152
2.42313
2.42313
2.41927
2.42427
2.41988
2.42092
2.41503
2.41686
2.42347
2.41582
2.41842
2.4205
2.41799
2.4237
2.41814
2.41718
2.41378
2.42115
2.41864
2.41964
2.41584
2.41584
2.42246
2.41837
2.4179
2.4179
2.41233
2.4144
2.41941
2.41494
2.41687
2.41915
2.42046
2.42046
2.41161
2.41161
2.4269
2.41838
2.40747
2.41601
2.42482
2.41834
2.4181
2.41868
2.42019
2.42282
2.42605
2.42605
2.42929
2.41783
2.42084
2.42679
2.42425
2.42425
2.42131
2.41887
2.41525
2.41989
2.41854
2.41224
2.4205
2.41374
2.4171
2.42154
2.41903
2.41272
2.41457
2.42238
2.42834
2.4191
2.41761
2.42293
2.42638
2.42638
2.42444
2.41336
2.41938
2.41938
2.41607
2.41757
2.41757
2.42194
2.41829
2.41424
2.42012
2.42081
2.42337
2.41957
2.41585
2.41775
2.41451
2.41983
2.41512
2.41512
2.42074
2.42074
2.41733
2.41555
2.42487
2.42181
2.42181
2.42433
2.41688
2.41753
2.42344
2.42549
2.4173
2.42263
2.43004
2.42297
2.42204
2.41052
2.42038
2.42038
2.42217
2.4132
2.41377
2.42313
2.41467
2.43019
2.42552
2.4227
2.42444
2.4187
2.42275
2.43116
2.43116
2.42058
2.42572
2.42552
2.4288
2.42111
2.42846
2.42143
2.41908
2.42069
2.42212
2.42742
2.4293
2.4293
2.41645
2.42011
2.4156
2.41306
2.41829
2.41842
2.41842
2.42834
2.42572
2.41568
2.40668
2.41964
2.41964
2.42752
2.4231
2.41621
2.42109
2.42283
2.42283
2.41429
2.41888
2.42592
2.42537
2.41953
2.41953
2.41579
2.41414
2.42303
2.4281
2.42989
2.42732
2.41757
2.41073
2.41538
2.42136
2.42136
2.42136
2.42136
2.42387
2.41411
2.42305
2.42203
2.42719
2.42719
2.42348
2.42348
2.4216
2.428
2.42969
2.41781
2.4251
2.42255
2.42394
2.41749
2.41974
2.42253
2.42253
2.41966
2.42067
2.41955
2.42696
2.41886
2.42765
2.42765
2.42765
2.41758
2.41073
2.41452
2.41757
2.42247
2.41594
2.41594
2.41075
2.42689
2.4322
2.41479
2.41479
2.41778
2.42739
2.42592
2.41505
2.42253
2.42446
2.41085
2.41051
2.42562
2.41987
2.42302
2.41904
2.42515
2.42604
2.4263
2.43247
2.41491
2.42352
2.42352
2.43109
2.42415
2.42758
2.42067
2.4314
2.4314
2.42804
2.42862
2.42973
2.4268
2.41926
2.42376
2.42376
2.42411
2.42588
2.42618
2.42132
2.42472
2.43312
2.43312
2.42209
2.43513
2.42464
2.43398
2.42352
2.42309
2.42309
2.42753
2.41806
2.43533
2.42835
2.41868
2.41868
2.43509
2.4279
2.41975
2.42472
2.42627
2.42306
2.42415
2.42214
2.42831
2.42616
2.4253
2.42645
2.42645
2.42866
2.43425
2.42886
2.4302
2.42658
2.42391
2.43524
2.43051
2.42948
2.42042
2.42541
2.42982
2.42944
2.42442
2.4268
2.42812
2.42704
2.43086
2.42959
2.42905
2.42083
2.42303
2.42443
2.43113
2.4345
2.4345
2.42168
2.42168
2.42771
2.43064
2.42515
2.42477
2.42477
2.43463
2.4344
2.43421
2.43313
2.42619
2.42983
2.43603
2.42966
2.43203
2.4378
2.43206
2.42565
2.43262
2.43262
2.42931
2.4223
2.42494
2.42468
2.43291
2.43291
2.4233
2.43002
2.42353
2.42564
2.43394
2.42456
2.42456
2.43296
2.42292
2.42788
2.42788
2.43039
2.43039
2.42607
2.42286
2.42156
2.42432
2.42462
2.43005
2.42181
2.42503
2.42796
2.42367
2.42956
2.43075
2.41493
2.41493
2.42405
2.42286
2.42345
2.42434
2.42434
2.42266
2.41844
2.41225
2.4272
2.41708
2.41708
2.41635
2.43079
2.42333
2.43075
2.42009
2.4233
2.43081
2.42295
2.42338
2.4187
2.43171
2.43171
2.42963
2.42852
2.41983
2.42706
2.42401
2.42317
2.42313
2.4298
2.43319
2.43064
2.43064
2.43514
2.42496
2.42892
2.43776
2.43776
2.43064
2.42782
2.4272
2.42454
2.42679
2.42679
2.42939
2.42211
2.43283
2.42948
2.42381
2.4285
2.4285
2.42841
2.42429
2.42453
2.42494
2.42381
2.42668
2.42421
2.43014
2.43293
2.43134
2.42966
2.42144
2.42144
2.42967
2.42967
2.4248
2.42404
2.43102
2.42773
2.42773
2.43387
2.42891
2.42571
2.42908
2.43014
2.4276
2.43027
2.42662
2.43036
2.43028
2.43149
2.43269
2.43237
2.4284
2.43394
2.43411
2.43627
2.43214
2.43107
2.43107
2.4262
2.42624
2.43819
2.43131
2.42811
2.43097
2.4356
2.42762
2.43431
2.4351
2.43614
2.42913
2.42913
2.42614
2.42556
2.42609
2.42543
2.42895
2.43185
2.42817
2.43276
2.4365
2.4311
2.42935
2.42748
2.42998
2.42666
2.42501
2.42878
2.43604
2.43291
2.43291
2.42422
2.42753
2.43029
2.4294
2.42865
2.42796
2.4173
2.4173
2.41882
2.42405
2.42872
2.42787
2.42884
2.42376
2.42744
2.43301
2.42462
2.42806
2.42795
2.42614
2.42614
2.42615
2.42767
2.42478
2.41904
2.43018
2.42908
2.42904
2.42851
2.43298
2.43043
2.43322
2.42167
2.42167
2.42308
2.42956
2.42536
2.43553
2.42556
2.42167
2.43097
2.43314
2.43105
2.4215
2.42226
2.43201
2.42217
2.42128
2.42807
2.42438
2.42332
2.42765
2.42399
2.43177
2.41596
2.42098
2.42475
2.43307
2.43292
2.43292
2.4303
2.42281
2.42803
2.4264
2.42318
2.42339
2.42075
2.4247
2.42989
2.42895
2.42054
2.4193
2.42121
2.42799
2.42941
2.42668
2.42848
2.42776
2.43308
2.43308
2.42716
2.4279
2.42062
2.4233
2.42759
2.41784
2.42656
2.42575
2.42153
2.42476
2.42255
2.41938
2.42603
2.42858
2.43149
2.43246
2.42753
2.43076
2.43076
2.43118
2.43118
2.43001
2.43152
2.4267
2.42185
2.42185
2.43821
2.4294
2.43162
2.42472
2.43689
2.43449
2.43449
2.43172
2.43536
2.43135
2.43345
2.43345
2.42926
2.4269
2.42699
2.43397
2.42429
2.41809
2.42747
2.43105
2.43235
2.43856
2.43263
2.42803
2.42662
2.42662
2.43136
2.41822
2.42209
2.43148
2.43148
2.43147
2.43147
2.42534
2.42737
2.42737
2.4249
2.42977
2.43458
2.43689
2.43456
2.43043
2.4303
2.4323
2.43813
2.43813
2.42752
2.43173
2.43322
2.43425
2.42541
2.42386
2.43563
2.42567
2.42804
2.42211
2.42615
2.42783
2.42812
2.4237
2.43108
2.42774
2.43009
2.436
2.42865
2.42865
2.43188
2.43338
2.43712
2.43035
2.42804
2.43149
2.43149
2.43135
2.43269
2.43105
2.43712
2.43885
2.44019
2.44019
2.43345
2.43587
2.43196
2.42819
2.43396
2.43853
2.42666
2.42666
2.43205
2.42774
2.43118
2.43156
2.43156
2.43283
2.43405
2.4315
2.4315
2.43442
2.42625
2.42977
2.43532
2.42814
2.43119
2.42798
2.4345
2.42958
2.43384
2.43045
2.42466
2.43763
2.42477
2.4307
2.4307
2.42731
2.43102
2.43328
2.43181
2.43003
2.43003
2.43621
2.43135
2.43135
2.43245
2.42657
2.42657
2.42977
2.42731
2.43405
2.43
2.43082
2.43197
2.43609
2.43293
2.42784
2.4276
2.4359
2.43292
2.43166
2.43166
2.43029
2.4282
2.43224
2.43098
2.42693
2.42513
2.42326
2.42326
2.43182
2.43111
2.42145
2.42145
2.4288
2.4243
2.42682
2.43224
2.42746
2.42746
2.43008
2.4324
2.42521
2.42963
2.42769
2.42829
2.42454
2.42454
2.42941
2.42965
2.43037
2.42174
2.42443
2.42443
2.43015
2.43031
2.43031
2.42062
2.42645
2.42844
2.42844
2.43219
2.4348
2.42872
2.42676
2.43212
2.42747
2.42434
2.42937
2.43396
2.42221
2.42822
2.42769
2.42769
2.43284
2.43207
2.43526
2.42763
2.42712
2.42712
2.43328
2.43391
2.43315
2.42657
2.4282
2.43629
2.43158
2.43631
2.43188
2.43434
2.42159
2.43632
2.43632
2.42627
2.4393
2.42786
2.42786
2.4321
2.44108
2.43218
2.43218
2.43413
2.42812
2.43714
2.4303
2.4303
2.43413
2.4314
2.4314
2.42678
2.43931
2.43931
2.43669
2.4449
2.43372
2.43372
2.43131
2.42927
2.43704
2.43727
2.4307
2.43331
2.43331
2.43585
2.43585
2.43464
2.43464
2.43503
2.42144
2.42701
2.42701
2.43045
2.42911
2.42911
2.42701
2.43293
2.43361
2.42866
2.42866
2.42493
2.43142
2.43347
2.43722
2.43722
2.42259
2.43053
2.4396
2.43579
2.42335
2.42762
2.42762
2.42995
2.43144
2.43098
2.43098
2.43136
2.43637
2.43058
2.42991
2.43008
2.43093
2.43466
2.4332
2.43005
2.43005
2.44004
2.43323
2.43323
2.43069
2.43205
2.42897
2.43772
2.42438
2.42658
2.43691
2.42289
2.42486
2.42541
2.43241
2.42845
2.43113
2.43401
2.42887
2.42989
2.44126
2.4435
2.43943
2.43383
2.42935
2.42822
2.42627
2.43136
2.43069
2.43045
2.42702
2.43291
2.42623
2.43029
2.43091
2.42778
2.425
2.42638
2.42638
2.42386
2.42874
2.43581
2.43534
2.43091
2.42864
2.42864
2.43516
2.43069
2.42701
2.42537
2.4322
2.434
2.434
2.42649
2.42649
2.42917
2.43108
2.43795
2.4324
2.4246
2.42722
2.4345
2.42905
2.4286
2.4286
2.42977
2.43018
2.41856
2.41856
2.42644
2.42641
2.43166
2.43018
2.4343
2.43384
2.43227
2.4307
2.43299
2.4311
2.43007
2.43281
2.43078
2.4322
2.43105
2.43105
2.4342
2.43379
2.44177
2.44638
2.44787
2.43882
2.43976
2.44235
2.44979
2.44518
2.43568
2.44518
2.44518
2.44443
2.4437
2.44422
2.4475
2.44849
2.43987
2.44502
2.44622
2.44608
2.4489
2.45376
2.44608
2.44639
2.4487
2.44683
2.44797
2.44947
2.45222
2.45222
2.45356
2.45926
2.44891
2.45053
2.45395
2.45503
2.45503
2.45955
2.45412
2.45163
2.45129
2.44838
2.45793
2.45793
2.46004
2.45137
2.44966
2.45482
2.45806
2.45546
2.4525
2.4525
2.4574
2.45167
2.44954
2.44954
2.45413
2.45291
2.45265
2.45606
2.45466
2.44959
2.45623
2.46925
2.46194
2.4631
2.46407
2.46929
2.46929
2.47208
2.46352
2.45749
2.45974
2.46318
2.46947
2.47225
2.47612
2.47612
2.47108
2.47271
2.44381
2.41608
2.36529
2.28166
2.2202
2.10448
2.01578
1.87006
1.87006
1.60423
1.45447
1.30087
1.30087
1.01267
0.912257
0.912257
0.912257
0.811902
0.666949
0.645966
0.348214
0.348214
0.14869
0.202428
0.224483
0.265719
0.230882
0.230882
0.244307
0.253508
0.272509
0.316967
0.362017
0.46238
0.46238
0.416943
0.280069
0.174108
0.148276
0.170013
0.158076
0.156599
0.16497
0.16497
0.161931
0.15952
0.152374
0.156834
0.156845
0.148172
0.153109
0.154172
0.149734
0.147353
0.156365
0.149724
0.142755
0.145974
0.148718
0.142908
0.143923
0.142561
0.144109
0.142054
0.13898
0.144105
0.134032
0.134032
0.139147
0.139147
0.135917
0.132005
0.136769
0.133536
0.123295
0.130465
0.13013
0.150899
0.135736
0.133709
0.136926
0.140186
0.140504
0.140504
0.141688
0.131123
0.132344
0.136783
0.136783
0.138648
0.136754
0.136754
0.143919
0.133522
0.134042
0.133361
0.135065
0.135568
0.130288
0.1303
0.133864
0.126698
0.136774
0.128408
0.130113
0.127065
0.126532
0.132334
0.121594
0.121594
0.126877
0.123304
0.121915
0.124491
0.128237
0.126527
0.130108
0.127221
0.125345
0.129612
0.125505
0.116805
0.132495
0.129262
0.12843
0.118011
0.118011
0.12294
0.118516
0.121922
0.123799
0.131822
0.131822
0.126191
0.130284
0.130284
0.12501
0.121079
0.121751
0.124831
0.123473
0.120036
0.133693
0.130451
0.128247
0.120045
0.119029
0.119029
0.130625
0.129088
0.128923
0.118167
0.118167
0.127554
0.127554
0.123116
0.133531
0.124997
0.128232
0.121755
0.126366
0.130462
0.130462
0.125519
0.124491
0.131647
0.133527
0.123461
0.123461
0.113054
0.115272
0.116134
0.124821
0.124821
0.121763
0.118516
0.116473
0.123799
0.107765
0.120045
0.120045
0.120223
0.126366
0.121759
0.107943
0.121759
0.121254
0.124826
0.124826
0.127379
0.118338
0.126555
0.125505
0.11852
0.108266
0.108266
0.121759
0.116976
0.109971
0.109971
0.120049
0.116982
0.114083
0.111167
0.120223
0.113394
0.113394
0.114573
0.114573
0.116982
0.118851
0.120551
0.11835
0.120569
0.108266
0.115098
0.111017
0.11322
0.120234
0.116802
0.116802
0.109634
0.117655
0.107416
0.113567
0.104348
0.107756
0.111177
0.107596
0.109651
0.111329
0.111329
0.104682
0.108797
0.107751
0.116285
0.118001
0.112699
0.112699
0.113561
0.111679
0.0962995
0.101098
0.109971
0.113731
0.113731
0.114601
0.104862
0.109978
0.111853
0.100405
0.114757
0.115272
0.116647
0.120053
0.108096
0.109974
0.109974
0.107586
0.111516
0.110848
0.116304
0.11305
0.11287
0.11287
0.106561
0.104159
0.110832
0.114753
0.111153
0.111153
0.104324
0.113059
0.106226
0.111022
0.104513
0.111338
0.114762
0.110843
0.110843
0.114924
0.116294
0.111843
0.113054
0.116979
0.118509
0.116294
0.113561
0.111686
0.112884
0.111846
0.109643
0.102969
0.118516
0.111172
0.111351
0.111167
0.111167
0.108266
0.110124
0.110124
0.112884
0.121589
0.110488
0.110138
0.109274
0.108262
0.106204
0.115436
0.104179
0.104179
0.106564
0.109124
0.108096
0.109304
0.112191
0.109634
0.11646
0.112017
0.111686
0.111686
0.102799
0.106391
0.109978
0.109651
0.109643
0.109643
0.114592
0.108092
0.11288
0.109478
0.108096
0.103309
0.0925389
0.108276
0.0993844
0.0993844
0.104174
0.107947
0.113398
0.10827
0.121594
0.110323
0.11288
0.101437
0.0997128
0.104352
0.104352
0.104334
0.104838
0.113046
0.115098
0.100938
0.100938
0.108262
0.108262
0.0954671
0.106057
0.109625
0.109625
0.108262
0.104529
0.104848
0.107765
0.106209
