0.0230317
0.0252325
0.0246722
0.0267617
0.0253977
0.0240352
0.0237004
0.0231947
0.0239135
0.0239258
0.0280114
0.0244917
0.0238316
0.0255349
0.0245947
0.023807
0.0230887
0.0244423
0.0238519
0.0245699
0.0270944
0.0238439
0.024749
0.023807
0.0254028
0.0284835
0.0269911
0.0247419
0.0248858
0.0253369
0.0246686
0.024774
0.0239258
0.0278752
0.0269455
0.0247015
0.0264059
0.0246317
0.0263935
0.0239214
0.0245947
0.0253948
0.0246317
0.027107
0.0255144
0.0253824
0.0238889
0.0247543
0.0263436
0.027845
0.0241168
0.0253617
0.0224509
0.0224509
0.0263635
0.0248611
0.0255551
0.0239012
0.0254478
0.0261656
0.0254277
0.0254852
0.0239952
0.0260623
0.0255676
0.0238272
0.0224065
0.0233083
0.0239012
0.0255101
0.0230317
0.0255427
0.0232837
0.0271648
0.0246769
0.0262734
0.0255924
0.0225685
0.023807
0.0262859
0.0271822
0.0241339
0.0254195
0.0239707
0.0248286
0.0231456
0.0239214
0.0231743
0.0255473
0.0269705
0.0247836
0.0247752
0.024097
0.0238929
0.0256296
0.026137
0.0248163
0.0262406
0.0263481
0.0246892
0.0232557
0.025575
0.0254109
0.0263311
0.0262322
0.0249998
0.0278956
0.0241093
0.023105
0.0241292
0.0246563
0.0232761
0.0270867
0.0248487
0.0231499
0.0254232
0.0272276
0.0271899
0.023762
0.0254773
0.0254773
0.0246194
0.0264387
0.0255225
0.028024
0.0247219
0.0247262
0.0238476
0.0233005
0.0240154
0.0247791
0.0264183
0.0233285
0.0240234
0.02558
0.0239538
0.0249024
0.0263233
0.0263311
0.0241014
0.025502
0.025502
0.0249105
0.023105
0.024759
0.0262903
0.0238562
0.0233492
0.0254812
0.0262281
0.0231255
0.0239214
0.023938
0.0263561
0.0263561
0.0254401
0.0260451
0.0253037
0.0239173
0.026137
0.026315
0.026315
0.0262734
0.0255473
0.0279459
0.026933
0.0262156
0.0273373
0.0245286
0.0240724
0.0224105
0.0255924
0.0247543
0.0263436
0.0224829
0.023105
0.0229868
0.0269705
0.0247342
0.0246769
0.0231947
0.023227
0.0263233
0.0248409
0.0239135
0.0239295
0.0269954
0.0272025
0.0240401
0.0244584
0.0232192
0.0264387
0.0247667
0.0255101
0.0286258
0.0246769
0.0238889
0.0231255
0.0247667
0.0246563
0.0223172
0.0232393
0.0232069
0.0232468
0.0247507
0.0236676
0.0246892
0.0238684
0.0240031
0.0247713
0.0248487
0.0246892
0.0263186
0.0240476
0.0237534
0.0246521
0.0247139
0.0247836
0.0254897
0.0248734
0.0270366
0.0247095
0.0256296
0.0247139
0.0231622
0.0261702
0.0247915
0.0255551
0.0237374
0.0270617
0.0246398
0.0238807
0.0262406
0.0231377
0.025374
0.0222807
0.0254277
0.0247791
0.0221994
0.0245947
0.0225483
0.0232714
0.0238193
0.0262734
0.0256125
0.0223498
0.0247989
0.0247915
0.0245863
0.0248932
0.0245863
0.0253824
0.023105
0.0230025
0.0255676
0.0256447
0.0270566
0.0239584
0.0239503
0.0231825
0.0263686
0.024607
0.0232069
0.0246722
0.024759
0.024644
0.0270867
0.0252998
0.0248611
0.0247466
0.0272401
0.0270617
0.0263357
0.0255676
0.0246722
0.0237534
0.0261702
0.0271447
0.0261702
0.0239584
0.0239337
0.0246521
0.027746
0.027746
0.0248808
0.0240104
0.0240891
0.0263311
0.0246795
0.0246317
0.0254277
0.0239707
0.0252998
0.0237497
0.023983
0.0232314
0.0263186
0.0263186
0.0230317
0.0256697
0.0241859
0.0247262
0.0263436
0.026966
0.0246769
0.0278626
0.0264387
0.0238354
0.0247219
0.0254072
0.0230234
0.0242229
0.0254977
0.0240154
0.0239337
0.0238562
0.0246847
0.0255473
0.0231255
0.0231579
0.0262031
0.0261656
0.0255551
0.0263635
0.0255676
0.0248163
0.0247836
0.0262859
0.0239952
0.0248409
0.0238929
0.0263561
0.0239907
0.0239952
0.026253
0.0241584
0.0263357
0.0239707
0.0269911
0.0237987
0.0262031
0.0254977
0.0255101
0.0248982
0.0254649
0.0260748
0.0253778
0.0255101
0.0246476
0.0278752
0.0261203
0.0261453
0.026306
0.0247015
0.0263233
0.0270867
0.0247836
0.0240724
0.0240075
0.0241785
0.0240476
0.0247342
0.0248039
0.0245986
0.0279003
0.0262984
0.0233249
0.0239135
0.0223821
0.0247915
0.0239214
0.0256946
0.0232516
0.024644
0.0253824
0.024097
0.0240154
0.0223051
0.0252874
0.0262359
0.0255302
0.0246892
0.0240796
0.0256125
0.0232837
0.0270491
0.0230806
0.0254028
0.0238439
0.0246349
0.024644
0.0232192
0.0255551
0.0246769
0.0223619
0.02537
0.0255144
0.0248238
0.0254773
0.0232591
0.0231499
0.0224754
0.0260415
0.024097
0.0238766
0.023101
0.0238684
0.0269455
0.0255349
0.0253903
0.0247989
0.0239258
0.0247342
0.0255225
0.02537
0.0254277
0.0262753
0.0239163
0.0231255
0.0222442
0.0239731
0.0255302
0.0238562
0.026933
0.0247791
0.0248533
0.0271117
0.024759
0.02558
0.0269786
0.0247543
0.0246274
0.0238643
0.0253824
0.0255302
0.0262031
0.0247543
0.0254977
0.0255427
0.0249002
0.0247095
0.0271774
0.0230112
0.025502
0.0230684
0.0240476
0.0253327
0.026351
0.0242353
0.0247384
0.0254525
0.0249057
0.023811
0.0256498
0.0247713
0.0247713
0.0238354
0.0218188
0.0277035
0.0238719
0.0224431
0.0254927
0.0246521
0.0222319
0.0230112
0.0245823
0.0253122
0.0240075
0.0239135
0.0241136
0.0270366
0.0239907
0.0263233
0.023807
0.0215295
0.0239258
0.0278877
0.02558
0.024644
0.0255427
0.0246476
0.0246476
0.0254852
0.026381
0.023072
0.0231947
0.0241339
0.0223376
0.0261826
0.0263384
0.0246398
0.0230887
0.0263311
0.0271822
0.0247713
0.0262984
0.0256498
0.0245531
0.0254897
0.0256048
0.0239503
0.0248163
0.0253948
0.0270661
0.0263606
0.0208865
0.0240769
0.0216427
0.0256048
0.0264962
0.0253824
0.0253824
0.0247139
0.023938
0.0231377
0.0240198
0.0240198
0.0271196
0.0248039
0.0257891
0.0241216
0.0238684
0.0255967
0.0262199
0.0246354
0.0247419
0.0263561
0.0262903
0.0231865
0.0231947
0.0254401
0.0246645
0.0239135
0.0262281
0.0285421
0.0215575
0.0270819
0.0230562
0.0253903
0.0247419
0.0248114
0.0280056
0.0238766
0.026253
0.023938
0.0253369
0.0255349
0.0238889
0.024607
0.0232147
0.0239012
0.0246645
0.0253824
0.0232761
0.0254072
0.0254072
0.0215328
0.0238889
0.0238889
0.0247095
0.0215861
0.0215861
0.0249351
0.0247139
0.0254442
0.0254525
0.0223498
0.0238476
0.0263686
0.0271822
0.0255349
0.0262322
0.0254401
0.0264137
0.0254897
0.0222481
0.0263233
0.0254277
0.0255924
0.0277792
0.0253948
0.0253948
0.0239012
0.0255349
0.0263606
0.0247915
0.0247095
0.0230025
0.0248163
0.0263481
0.023811
0.0240847
0.0260328
0.0246892
0.0248487
0.026958
0.0247384
0.0240724
0.0260997
0.026476
0.0255225
0.0286428
0.0247836
0.0271117
0.0262654
0.0231825
0.0254152
0.0272098
0.0263686
0.0252913
0.0247342
0.0246521
0.0239952
0.0278877
0.025316
0.0240198
0.0253824
0.0241415
0.0248858
0.0238598
0.0248114
0.0250885
0.025539
0.0278043
0.0240401
0.0248611
0.0262734
0.0245575
0.0262156
0.0263186
0.0257195
0.02537
0.0254277
0.0231333
0.0270037
0.0247543
0.0240847
0.0263686
0.0255101
0.0247836
0.0238193
0.0269862
0.0254728
0.0252874
0.0231133
0.0271321
0.0232468
0.0231973
0.0265605
0.0252543
0.0247342
0.0261453
0.0225063
0.0238396
0.0290436
0.0294998
0.032998
0.0470099
0.0314923
0.0343058
0.0343058
0.0395121
0.0495948
0.0412769
0.0257347
0.0261113
0.0277259
0.0294449
0.023422
0.0241961
0.0223393
0.0191774
0.0221863
0.0198323
0.0206159
0.0208736
0.0231247
0.0216005
0.0222191
0.0189146
0.018961
0.0198519
0.0215998
0.0189814
0.0216332
0.020642
0.022285
0.0207016
0.0230501
0.0207351
0.0207351
0.0214146
0.0215007
0.0196717
0.019791
0.0182135
0.0229897
0.0221984
0.0206159
0.0180775
0.0197443
0.0206341
0.0190073
0.0182878
0.0182878
0.019778
0.0214856
0.021357
0.0236425
0.0221249
0.0204412
0.021287
0.0220221
0.0198169
0.0221302
0.0197105
0.022908
0.0212398
0.0212398
0.0229737
0.025197
0.0195649
0.0204962
0.0205613
0.0188472
0.0213051
0.0212529
0.0196893
0.0227944
0.0180182
0.0211712
0.022104
0.0204152
0.0212529
0.0236113
0.0205872
0.0234754
0.0220091
0.0203077
0.0219909
0.0188086
0.0213546
0.0199373
0.0220702
0.024053
0.0200272
0.0192462
0.0127921
0.0146314
0.011124
0.0111753
0.00816504
0.00967707
0.0145881
0.0144521
0.00972393
0.0127121
0.0161362
0.0120289
0.0152195
0.0143489
0.0177277
0.0135578
0.0160887
0.0151701
0.0151829
0.0175988
0.0159882
0.0151273
0.0144609
0.0183255
0.0142238
0.0134126
0.0157969
0.0142948
0.011797
0.0150499
0.0152402
0.0143157
0.0150427
0.0166799
0.0142241
0.0143089
0.0134193
0.0141248
0.0166803
0.0142737
0.0151775
0.0152954
0.0128125
0.0175044
0.0241246
0.0241246
0.0533574
0.0501718
0.0486517
0.0437059
0.0404396
0.0470739
0.047946
0.0479707
0.0397886
0.0413736
0.0463111
0.0471613
0.0456583
0.0446359
0.0462151
0.0487286
0.0512829
0.0513024
0.0520652
0.0538568
0.0495407
0.0446217
0.0479839
0.0495585
0.0488744
0.0545588
0.0513244
0.0504768
0.0463929
0.0504129
0.0496709
0.0522247
0.0495835
0.0487981
0.0496709
0.0487339
0.0480109
0.0456508
0.0472026
0.0522246
0.050544
0.0469912
0.0462911
0.0486052
0.050479
0.0471629
0.0390033
0.0331181
0.0265589
0.0241578
0.0295468
0.0306698
0.0282937
0.0234814
0.0177034
0.0152622
0.0168011
0.022405
0.0173073
0.0166471
0.0184186
0.0197796
0.0197986
0.017509
0.0175547
0.0165435
0.0197521
0.0197521
0.0189943
0.019054
0.0191714
0.0175616
0.0176457
0.0175874
0.0182689
0.0191324
0.0174504
0.0168469
0.0190665
0.0160098
0.0166987
0.0205373
0.0190014
0.0197651
0.0190924
0.0174962
0.018216
0.0174376
0.0158421
0.0213471
0.0196925
0.0198116
0.0206232
0.0181238
0.0189276
0.0183264
0.0206082
0.0197105
0.0183136
0.0189146
0.0199099
0.0196925
0.0183078
0.0190591
0.0174376
0.0207291
0.0190332
0.0158979
0.0165929
0.017509
0.0189998
0.0174833
0.0198505
0.0197391
0.0173379
0.019072
0.0190073
0.0188086
0.0180823
0.0167045
0.0190073
0.018881
0.0197651
0.0166769
0.0180695
0.0205742
0.0190256
0.0182342
0.0174576
0.0173887
0.018116
0.0196248
0.0181288
0.0183316
0.0189943
0.0183189
0.0174045
0.0189534
0.0205561
0.0166133
0.0158396
0.0166769
0.0181587
0.019796
0.0165596
0.0189196
0.0197702
0.018188
0.0213653
0.0304228
0.037937
0.037937
0.0422463
0.0407372
0.045113
0.0465111
0.0489393
0.0532534
0.0513849
0.0496935
0.0497388
0.0482532
0.0479604
0.0464173
0.0502617
0.0543889
0.0537578
0.0551934
0.0570795
0.0556895
0.0562736
0.0548972
0.0557604
0.0540837
0.0556816
0.0566384
0.0550786
0.0559093
0.0604908
0.0600351
0.0643888
0.0652216
0.0638209
0.062752
0.0637773
0.0668652
0.0619805
0.0618542
0.0589026
0.0578856
0.0580223
0.0623025
0.0663364
0.0640346
0.0654048
0.0673431
0.0673431
0.070697
0.0721042
0.0715278
0.0691625
0.0698283
0.0693432
0.0722583
0.0689771
0.0672035
0.0626384
0.0690834
0.0664709
0.0664206
0.0664206
0.065398
0.0696304
0.0714721
0.0729387
0.0714376
0.0721215
0.0687894
0.0696961
0.0719225
0.0704058
0.0694501
0.0694774
0.0712914
0.0682831
0.0645271
0.0648085
0.0685878
0.0666631
0.066177
0.0656205
0.065449
0.0643102
0.0586148
0.0635497
0.066177
0.0636445
0.0636609
0.0604525
0.062828
0.0620462
0.062873
0.0646544
0.0612302
0.0628539
0.0619812
0.0638538
0.0628214
0.0617799
0.0568589
0.0569059
0.0573501
0.0554134
0.0561973
0.0569448
0.0554134
0.060171
0.0578947
0.0587109
0.0576117
0.0530186
0.0585461
0.0553592
0.0580742
0.0592121
0.0602672
0.0591724
0.0615646
0.0620207
0.0603849
0.0607171
0.0628539
0.0568352
0.0605431
0.0612499
0.0554144
0.0609243
0.0594186
0.0594973
0.0560272
0.0553755
0.0553443
0.0554066
0.0583881
0.0559546
0.0566999
0.0551405
0.0573641
0.0563986
0.0558771
0.0594469
0.0571485
0.0580015
0.0539056
0.0539668
0.0521024
0.0535684
0.0528247
0.0560386
0.0544751
0.0518813
0.0543347
0.0532992
0.0504194
0.0510213
0.0490912
0.0476605
0.0477437
0.0474895
0.0484169
0.0482328
0.0490197
0.0473894
0.0473182
0.0483333
0.0467296
0.0433439
0.045016
0.045128
0.0464626
0.0464051
0.0489351
0.0448758
0.0438351
0.045619
0.0456908
0.0472345
0.044132
0.0394111
0.0399912
0.0399912
0.0398801
0.0407909
0.0392326
0.0384054
0.0382264
0.0384332
0.0427796
0.0391637
0.0449464
0.0465896
0.0424469
0.0461622
0.0439483
0.0455341
0.0422924
0.042037
0.0399074
0.0422639
0.0412822
0.0402287
0.0404111
0.0395579
0.0379879
0.038743
0.0393608
0.0393564
0.0376354
0.0376651
0.0353958
0.0351205
0.036682
0.0353825
0.036909
0.035153
0.0365237
0.0374165
0.0366649
0.0294609
0.0358294
0.0309946
0.0316508
0.0317505
0.0332308
0.0336553
0.0322665
0.0308179
0.0285172
0.0281954
0.0284746
0.026809
0.0321915
0.0275744
0.0281573
0.0261686
0.0274278
0.02895
0.0298732
0.0281827
0.0297555
0.0297555
0.0281878
0.0287932
0.0273466
0.0274781
0.0264549
0.0250193
0.0272961
0.0266476
0.0248959
0.0240792
0.0256629
0.0262362
0.0263796
0.0263361
0.0256754
0.0270965
0.0247532
0.0239126
0.0224408
0.025638
0.0202181
0.0239435
0.0263361
0.0247905
0.0253326
0.0260666
0.0262674
0.0253889
0.0252638
0.0268446
0.0238131
0.0246665
0.0229177
0.0219846
0.0205285
0.0229107
0.0235438
0.0244542
0.0218884
0.0227057
0.0234828
0.0242031
0.0205527
0.0218965
0.0204538
0.0227179
0.0228303
0.0213112
0.0188552
0.0211272
0.0197
0.0197
0.0209711
0.0205406
0.021275
0.0205333
0.0211754
0.0220131
0.0205333
0.0212313
0.0228547
0.0219648
0.0180343
0.0165186
0.02035
0.0179673
0.0190087
0.0180659
0.0194618
0.0204658
0.0197
0.0195688
0.0188235
0.0195214
0.0195771
0.0211074
0.0219527
0.0195533
0.0202625
0.0198244
0.017979
0.0244296
0.0210513
0.0229911
0.0244789
0.0203341
0.021391
0.0222441
0.0205595
0.0182113
0.0206872
0.0227619
0.0196042
0.0259654
0.0174407
0.0245545
0.0220405
0.0227179
0.022998
0.0237951
0.0252197
0.0267314
0.0206872
0.0285973
0.02293
0.0280195
0.0206939
0.0246229
0.0238939
0.0261233
0.0235956
0.0235956
0.0212871
0.0262612
0.019712
0.024772
0.0253258
0.0221763
0.0260915
0.0251309
0.0294901
0.0252124
0.0255012
0.0229789
0.028177
0.024772
0.0248835
0.0303134
0.0255197
0.0281011
0.0247407
0.0262612
0.0274837
0.0264924
0.0288498
0.0279885
0.0264912
0.0279572
0.0280011
0.0273031
0.0304324
0.0278563
0.0242021
0.0257436
0.0232998
0.0240485
0.022502
0.0265668
0.0264424
0.0281265
0.0288553
0.0282995
0.0264983
0.0289244
0.0266782
0.029433
0.0273592
0.0256319
0.0265039
0.0279686
0.0255821
0.0273697
0.0281827
0.0241964
0.0258243
0.0280264
0.0280828
0.0281239
0.0272021
0.0273466
0.0280575
0.025638
0.0272156
0.0289117
0.0273824
0.0258224
0.0281878
0.0266277
0.0288244
0.0265039
0.028919
0.0250498
0.0256812
0.027278
0.02633
0.0289571
0.0264237
0.0272835
0.0286729
0.0239372
0.0264858
0.0264983
0.0217711
0.0260025
0.0215452
0.0256629
0.0247899
0.0214826
0.0201877
0.0214899
0.0240668
0.0253134
0.024141
0.0256754
0.0281138
0.024809
0.0264112
0.025607
0.0280503
0.0241773
0.0227584
0.0240238
0.0224347
0.0234648
0.024042
0.0257436
0.0247161
0.0250373
0.0249141
0.0256004
0.029735
0.0305149
0.0256255
0.0264732
0.0296166
0.0280575
0.0255627
0.022526
0.0263361
0.0253826
0.0249571
0.0249571
0.027352
0.0247284
0.0297607
0.0280322
0.0255883
0.0281827
0.0256812
0.0264983
0.0256505
0.0280757
0.0273266
0.0272401
0.0297244
0.0264674
0.0263988
0.0272281
0.0280702
0.0222752
0.0241897
0.0256195
0.0233735
0.0242269
0.0240238
0.0241286
0.0249017
0.0249639
0.0265109
0.0264732
0.0279698
0.0271655
0.0272906
0.0263988
0.029439
0.0279193
0.027272
0.025638
0.0234648
0.0256255
0.0258118
0.0279378
0.0262986
0.0256629
0.0287678
0.0232383
0.0262549
0.0238936
0.0258174
0.0277934
0.0254637
0.0247161
0.0272595
0.0240114
0.029547
0.0278121
0.0248835
0.0267226
0.0273031
0.0272343
0.0264173
0.0257251
0.0257312
0.0258424
0.0265359
0.0250925
0.0273157
0.0240608
0.0266043
0.0273533
0.0273533
0.0281265
0.0281518
0.0296294
0.0288936
0.02817
0.0271655
0.0271587
0.0265484
0.0273658
0.0266293
0.0271274
0.0287617
0.0280326
0.0296107
0.0273466
0.0311312
0.0296294
0.0281392
0.0303519
0.0305484
0.0306488
0.027806
0.027438
0.031297
0.0274152
0.0303006
0.0296038
0.0304089
0.0303519
0.0287805
0.0273157
0.0297171
0.0295156
0.0312842
0.0282459
0.0290624
0.0297171
0.0288116
0.027932
0.0271529
0.0282739
0.0239618
0.0241345
0.0287734
0.029019
0.0302306
0.0281954
0.0280702
0.0272595
0.0281207
0.0284062
0.0265668
0.0271216
0.0264237
0.0257744
0.0248278
0.0236906
0.0258058
0.0305171
0.0273283
0.0259048
0.0296803
0.0305794
0.0291822
0.0290768
0.0296107
0.0280828
0.0289317
0.0323002
0.0305043
0.0313337
0.0292204
0.0290953
0.0312398
0.0273344
0.0265234
0.0297427
0.0297607
0.0321656
0.0299246
0.027352
0.0312013
0.031181
0.0297478
0.0296477
0.0311368
0.0281573
0.0288681
0.0264674
0.0327214
0.0313284
0.0312013
0.0289627
0.0327733
0.0297171
0.0282768
0.0299195
0.0273592
0.0299759
0.0281896
0.0304089
0.0267765
0.0313413
0.028208
0.0304659
0.028208
0.0266667
0.0291007
0.028208
0.0271716
0.0288625
0.0274711
0.0288185
0.0297299
0.027334
0.0280201
0.0272281
0.0329661
0.0266727
0.0296234
0.0287491
0.0272343
0.0272092
0.0280075
0.0280893
0.0267085
0.0298192
0.0288878
0.0281332
0.027272
0.0274345
0.0265734
0.0296361
0.0297498
0.0305612
0.0289063
0.028039
0.0289131
0.0313037
0.0289444
0.0312713
0.029781
0.0320641
0.0296421
0.0328698
0.0313413
0.0289697
0.0321343
0.0321472
0.0320641
0.0282148
0.0298758
0.0272906
0.0281896
0.0282711
0.0280893
0.0295722
0.0291388
0.0297563
0.0287364
0.0304411
0.0305426
0.0291458
0.0313355
0.0296866
0.0345454
0.0322115
0.0335209
0.0313337
0.0321343
0.0305426
0.0304473
0.0314497
0.031431
0.0295283
0.0295283
0.029541
0.0295537
0.0327801
0.0274278
0.0289317
0.0312585
0.0289067
0.0281518
0.0320696
0.0279758
0.0321601
0.0330161
0.0283147
0.0306051
0.029731
0.0298376
0.0303902
0.0303262
0.0298812
0.0275444
0.0281392
0.0326836
0.0327919
0.0319808
0.0313854
0.0314163
0.0305612
0.0296992
0.0313774
0.0300193
0.0306617
0.0266727
0.0314111
0.030636
0.0290624
0.0291515
0.0314989
0.0337703
0.0345323
0.0341299
0.0363378
0.0332177
0.0362846
0.0332439
0.0340252
0.0316147
0.0310333
0.0345323
0.0314809
0.033161
0.033034
0.032432
0.032432
0.0339156
0.0323002
0.0356051
0.0355611
0.0370964
0.0340907
0.0377164
0.0326145
0.0340907
0.0338617
0.0341346
0.0330161
0.03238
0.032506
0.0348064
0.0340252
0.0365008
0.0339989
0.036453
0.0331641
0.0308824
0.0332439
0.0333268
0.0349337
0.0365008
0.0326838
0.0370922
0.0363689
0.0388108
0.0365503
0.0373667
0.0371767
0.0381315
0.032427
0.0315425
0.0364264
0.0310204
0.0332831
0.0369361
0.0370075
0.036474
0.0395418
0.0381718
0.0380505
0.0397087
0.0387742
0.0371366
0.0356582
0.0358028
0.0371366
0.0366178
0.0372959
0.036474
0.033344
0.0405385
0.0389609
0.0428286
0.0397566
0.0396408
0.0407257
0.0397018
0.0412038
0.0412897
0.0387526
0.0396135
0.042635
0.0415246
0.0404223
0.0373936
0.0388863
0.0396911
0.0413342
0.0423628
0.0397087
0.0415193
0.0387974
0.0350434
0.0396987
0.0380911
0.0397532
0.0357949
0.036722
0.0371232
0.0379311
0.0389712
0.0366383
0.036621
0.0396987
0.037508
0.0340992
0.0378149
0.0388958
0.0365544
0.0340557
0.0373764
0.0358596
0.0381621
0.0357021
0.0391846
0.0373094
0.0387298
0.0379891
0.0363997
0.0359395
0.0333092
0.0278751
0.0270555
0.025272
0.0230303
0.0236182
0.0244113
0.0228619
0.0212516
0.0219355
0.0209245
0.0250133
0.021704
0.0218502
0.0227036
0.0203628
0.0229043
0.0232815
0.0195523
0.0225508
0.0217469
0.0216417
0.022502
0.0200236
0.021685
0.021759
0.0223169
0.021704
0.0200236
0.022459
0.0193417
0.0224469
0.0224401
0.0202542
0.0232627
0.023349
0.0215935
0.0187181
0.020095
0.0224712
0.0223361
0.021427
0.0247967
0.0225508
0.0209414
0.0200424
0.0218073
0.0201262
0.0201091
0.0217522
0.0217402
0.0215306
0.0232
0.023306
0.0208385
0.0217896
0.0200044
0.021709
0.0209978
0.0225993
0.0217763
0.023195
0.017843
0.0217642
0.0194795
0.0216246
0.0218194
0.0215982
0.019292
0.02015
0.0224955
0.02565
0.0233857
0.0266727
0.0289258
0.0257934
0.0288942
0.0298065
0.0289444
0.0329144
0.0346607
0.0339634
0.0329848
0.0331122
0.0370209
0.0338356
0.0355435
0.0369046
0.036793
0.0330421
0.0330939
0.0328698
0.0329403
0.0328884
0.0376848
0.0355831
0.0360213
0.0354727
0.0376581
0.0331693
0.0355387
0.0364617
0.0361059
0.036053
0.0361586
0.0361323
0.0363065
0.0322044
0.0322873
0.0316119
0.0267159
0.0265609
0.0241221
0.0240854
0.0224401
0.0250191
0.0250191
0.0255759
0.0222174
0.021716
0.0191779
0.0183563
0.0207423
0.0223361
0.0201331
0.0192514
0.0220769
0.0216488
0.0215261
0.0198897
0.0206321
0.0216004
0.0201187
0.0239059
0.0206921
0.022329
0.0192564
0.0199686
0.0222491
0.0222491
0.0216609
0.0239304
0.0207664
0.021697
0.0208265
0.0190918
0.0207713
0.0192992
0.0205931
0.0206288
0.0206288
0.0183873
0.0221812
0.0221812
0.0183755
0.0206725
0.0170034
0.0206288
0.0191586
0.0219602
0.0181483
0.0197912
0.0182231
0.0183603
0.0214345
0.0199016
0.0184346
0.0191468
0.0168456
0.0230154
0.0201331
0.019135
0.0207713
0.0229351
0.0215186
0.0207354
0.0199925
0.0198702
0.0205136
0.0197595
0.0222054
0.018411
0.0159736
0.020073
0.0200084
0.0165925
0.0201262
0.0209175
0.0208576
0.0212033
0.0223048
0.0192326
0.0184228
0.019894
0.0198897
0.0222491
0.018411
0.0207905
0.019013
0.0221691
0.0199686
0.0200236
0.0199925
0.0205931
0.023742
0.0221854
0.0193467
0.0206606
0.020728
0.0173471
0.0208696
0.021391
0.0205812
0.0191941
0.0215664
0.0207399
0.0207399
0.0229154
0.0229154
0.0181483
0.0181483
0.0200831
0.0198584
0.021415
0.0230276
0.019135
0.0205573
0.018815
0.0222733
0.0223214
0.0161014
0.0221494
0.0226775
0.02004
0.0199567
0.0198821
0.0182898
0.0191898
0.0214465
0.0199805
0.0197275
0.0207399
0.0205453
0.0205888
0.0214071
0.0200236
0.0188471
0.0192445
0.0199177
0.0213832
0.0191508
0.0200594
0.0213473
0.0215502
0.0205136
0.0222491
0.0205291
0.0182702
0.0230276
0.0207874
0.0216776
0.0199567
0.018411
0.0222927
0.0229878
0.0200544
0.0191468
0.0230033
0.019166
0.0212713
0.0213713
0.0183563
0.0182584
0.0161631
0.0207082
0.0205731
0.0198386
0.0191272
0.0206367
0.0198658
0.0200281
0.0215186
0.0199058
0.0198505
0.021697
0.0199492
0.0167639
0.0215186
0.0198268
0.0207474
0.0205255
0.0183486
0.0222684
0.0223604
0.0191898
0.0199088
0.0198897
0.0215306
0.0220572
0.021451
0.0213189
0.0223214
0.019973
0.021451
0.0200236
0.0208265
0.0220692
0.019894
0.0191541
0.0208505
0.0221812
0.0221132
0.0198658
0.0197912
0.0189261
0.0192445
0.0221253
0.0223048
0.019803
0.0206921
0.0198464
0.0229154
0.0206486
0.0206526
0.0223846
0.0214899
0.0183369
0.019052
0.0208072
0.0207082
0.0190918
0.0216056
0.02015
0.0222128
0.0174918
0.0200236
0.0228629
0.0193348
0.0204579
0.0200594
0.0190918
0.0206169
0.0208265
0.0221734
0.0206486
0.0207952
0.019013
0.0182936
0.0214345
0.0206801
0.0207082
0.0199966
0.0222094
0.0214947
0.0206606
0.0183369
0.0208385
0.019973
0.0231199
0.0192608
0.0205931
0.0207399
0.0201211
0.0206606
0.0214749
0.0199492
0.0198226
0.0198268
0.0183251
0.0182584
0.0176746
0.0184537
0.0208385
0.0184655
0.020585
0.0206486
0.0166785
0.0197595
0.01908
0.020716
0.0208505
0.0214988
0.0214706
0.0214706
0.0192844
0.0191272
0.019249
0.0216296
0.0207952
0.0198303
0.0191823
0.0207594
0.0198386
0.0198623
0.018579
0.0220451
0.0207594
0.0199177
0.0192088
0.0182386
0.0191468
0.0197239
0.0197713
0.0197357
0.020095
0.0174996
0.0207594
0.0199255
0.0213593
0.0213034
0.0213034
0.0208145
0.0207399
0.0190721
0.021697
0.0208455
0.0208455
0.0209004
0.0199996
0.0208265
0.0184817
0.0253552
0.018462
0.018462
0.0207518
0.0206367
0.0199016
0.0216609
0.0200044
0.021427
0.0198149
0.0207637
0.020716
0.0197713
0.019135
0.0193348
0.0221253
0.0229517
0.0198067
0.0200831
0.020728
0.0193348
0.0198268
0.0199925
0.0191154
0.0205888
0.0201381
0.0198658
0.0199686
0.0200063
0.0199686
0.0213952
0.0222974
0.0197239
0.0230591
0.0205692
0.0182349
0.0183209
0.0190485
0.0185128
0.0183755
0.0191823
0.0191272
0.0205931
0.021439
0.0197476
0.0206247
0.0237298
0.0191898
0.0197949
0.0190993
0.0212833
0.0215622
0.0191586
0.0191586
0.021463
0.0206762
0.021451
0.0182936
0.0199876
0.0205812
0.0189697
0.0200116
0.0191231
0.0206288
0.0189261
0.0212794
0.0214465
0.0237571
0.0198345
0.0221812
0.0206725
0.0199135
0.0207234
0.0197867
0.0214947
0.0222853
0.0221449
0.0215815
0.0206367
0.0208385
0.0206561
0.0228953
0.0190956
0.0230881
0.0230881
0.020716
0.0207756
0.0199413
0.0183563
0.0208145
0.0191898
0.020157
0.0223531
0.0208265
0.0205017
0.0183681
0.0208265
0.021403
0.0214947
0.0169307
0.0191036
0.0174879
0.020716
0.0191154
0.0209414
0.0190249
0.02015
0.0189697
0.0206801
0.0198386
0.022847
0.0199295
0.019803
0.0183133
0.0189775
0.019166
0.0198345
0.0205573
0.0199373
0.0197949
0.0183053
0.0222094
0.0214345
0.0193656
0.0190755
0.0175894
0.0215141
0.0212115
0.0206921
0.0205888
0.0213034
0.0236975
0.0228712
0.0173785
0.0206128
0.0184228
0.0206801
0.0224037
0.0206247
0.0215694
0.0190563
0.0204852
0.0196207
0.0207905
0.0198702
0.0223048
0.0210954
0.0190249
0.0198538
0.0207852
0.0182898
0.0197673
0.0213473
0.0221011
0.0213832
0.0196921
0.0205213
0.0216246
0.0205573
0.0208505
0.0203341
0.0206008
0.0206681
0.0205573
0.0213473
0.0198967
0.0197
0.0220692
0.021391
0.0229594
0.0199686
0.0228547
0.0205333
0.0199208
0.0199088
0.02062
0.0197507
0.0211315
0.0206367
0.0190325
0.0222491
0.0222491
0.0191231
0.0206247
0.0199373
0.0211951
0.0205333
0.0207518
0.0207518
0.0197239
0.019135
0.019135
0.0213713
0.0206725
0.0198658
0.0200784
0.0215067
0.0220572
0.0183327
0.0176011
0.0214778
0.0214778
0.0220933
0.0205333
0.0206441
0.021502
0.0213668
0.0205767
0.0205374
0.0206921
0.0206008
0.021427
0.022089
0.022157
0.0198226
0.0214778
0.0224037
0.0183327
0.018418
0.0206561
0.0213952
0.021403
0.0188353
0.0192753
0.022089
0.0197793
0.021427
0.0214586
0.0216004
0.0208265
0.0190444
0.02004
0.0198777
0.0214706
0.0206801
0.016834
0.0199567
0.0199848
0.0198464
0.0200474
0.02062
0.0175894
0.0208265
0.018946
0.0199255
0.0206921
0.0205692
0.0213473
0.0213473
0.0184152
0.021502
0.0222214
0.0222054
0.0197357
0.0192254
0.021391
0.0199255
