-0.0249599
-0.0202885
-0.0225283
-0.0158102
-0.0295446
-0.00991783
-0.0235023
-0.0300788
-0.00633763
-0.00748291
0.000732077
-0.00748721
-0.0156476
-0.00444931
-0.0150869
-0.0151827
-0.000770896
-0.0118024
-0.0218963
-0.00939467
-0.0218129
-0.0239634
0.0224849
0.0258138
0.0131712
0.0256767
0.0215819
0.0342314
0.0210942
0.031718
0.0112971
0.0251072
0.0385692
0.0334822
0.0264093
0.0191598
0.0248749
0.0342443
0.0256797
0.0194224
0.0201133
0.0203003
0.0200251
0.0323709
0.0210435
0.00865578
0.0291815
0.0119314
0.000416991
0.00200106
0.00413192
-0.0138272
1.29318e-05
0.00892914
-0.0210393
-0.0147062
-0.0176489
0.000449538
-0.00163936
0.00648827
-0.0319725
0.000322105
-0.0159492
-0.0119471
0.00554999
0.0108829
-0.0174662
-0.0136071
-0.0133012
-0.00881431
-0.0061182
-0.00481381
-0.00931269
-0.0242925
-0.0166474
-0.0151522
-0.0184012
-0.0347781
0.0110968
-0.0114133
-0.013339
-0.00788084
-0.0187377
-0.0181069
-0.0190617
-0.00459077
0.008512
-0.00602532
-0.00668853
-0.0130263
-0.00427458
-0.00430784
-0.00180598
-0.0147577
0.00988869
-0.0121628
0.0003758
-0.00788864
-0.0280313
-0.0130199
-0.00358417
0.000447339
0.000940556
-0.0047796
-0.0138034
-0.00964727
-0.0116416
-0.0201741
-0.00284506
-0.00876609
-0.0184964
-0.0114471
-0.0187054
-0.00506022
-0.00102546
-0.0107662
-0.00202483
-0.00787373
-0.0187311
-0.01584
-0.0168672
-0.022528
-0.00698079
-0.00461371
-0.0207631
-0.00862671
-0.00126895
-0.00984667
-0.00774814
0.00063002
0.00774123
-0.00435468
-0.00732281
-0.00743461
0.00346709
-0.00916386
0.00474561
-0.00205018
0.00490686
-0.0250767
-0.0239994
0.00421428
-0.0157621
0.00490614
-0.0135354
-0.00603395
-0.0260631
-0.000522264
-0.0175455
-0.0244413
-0.00414463
-0.0179305
-0.0041244
-0.0255316
-0.00828046
-0.00918389
-0.0135839
-0.00788194
-0.000997613
0.00274433
0.0093002
0.00230311
-0.0217431
-0.0128885
-0.0227956
-0.00887437
-0.00961891
-0.0201368
-0.0155705
-0.0128535
-0.0168948
-0.00616873
-0.00817086
-0.0102307
-0.0143123
-0.0155297
0.0123093
0.00294398
-0.0101776
-0.00882903
-0.0158457
-0.0130818
-0.000884385
-0.0202608
-0.000327966
-0.00933138
-0.00133489
-0.00626423
-0.00131558
-0.015473
-0.0123231
-0.0151029
-0.0153185
-0.0110964
-0.01181
0.00392659
-0.0242665
-0.0103122
-0.010293
-0.0169942
-0.022577
-0.0249343
-0.0268533
-0.00976026
-0.01193
0.00181185
-0.0285759
-0.0132603
-0.00565563
-0.0124265
-0.0279371
-0.0113874
-0.00395767
0.0126859
0.00347535
-0.0224913
-0.00435126
-0.0192052
0.00526957
-0.00141824
-0.00172247
-0.00461539
-0.0154714
-0.00921098
-0.0145961
-0.0126124
-0.00541475
-0.0188893
0.00424025
-0.0134512
-0.00534401
-0.0118664
0.00499271
0.00801629
-0.0135545
0.000146917
-0.025298
-0.014698
-0.00131377
0.00992183
-0.00482185
-0.0107184
-0.0247461
-0.0201109
-0.0130978
-0.00618827
0.0023089
0.00464367
-0.00677346
-0.00708994
-0.0355095
-0.00449893
-0.00887226
-0.0181103
-0.0252925
-0.0224215
-0.0166627
-0.0107921
-0.0234602
-0.0221618
-0.0256612
-0.0129759
-0.0142117
-0.0156405
0.00341955
0.00345288
-0.0135101
0.00403751
-0.0202729
-0.0144044
-0.00843568
-0.0103636
-0.0164622
-0.0183527
-0.00588129
-0.00451651
-0.0119118
0.0121115
-0.0123978
-0.0108001
-0.00249232
-0.0187695
-0.00047466
-0.00690592
-0.0100267
0.0110215
-0.0109032
-0.00994243
-0.00633098
-0.0122023
-0.0136543
-0.00703145
-0.0204254
-0.0174071
-0.00300814
-0.00760258
-0.00477173
-0.00485383
-0.00579905
0.0053868
-0.0069114
-0.00444273
-0.00579922
-0.0215152
-0.0168345
-0.0133567
-0.0158934
-0.00841791
-0.00291101
-0.0203898
-0.0128163
-0.0059825
-0.0169502
-0.0119814
-0.0165659
-0.0092766
-0.0121048
-0.0217505
0.00019737
-0.0161548
-0.0131719
0.00994217
-0.0150628
-0.0113293
-0.00964338
-0.0188521
-0.0157309
-0.0168536
-0.0224512
-0.0151918
-0.00386983
-0.0154814
-0.0117197
-0.0131862
-0.0081405
-0.00991807
-0.0104102
-0.0231212
-0.01745
-0.00757076
-0.018305
-0.00518437
-0.0173066
-0.017013
-0.0161439
-0.00972163
-0.0207936
-0.0189212
-0.0204181
-0.0128793
-0.000802532
-0.0275845
-0.0174532
-0.0197584
-0.0139625
-0.000649339
-0.00681233
-0.00913952
-0.00512606
-0.0186411
-0.0238097
-0.0150222
-0.0323236
-0.0227092
0.00731859
-0.00851101
-0.00752433
-0.0150616
-0.00670442
-0.00880756
-0.00193453
-0.0203432
-0.0138361
-0.0232317
-0.0345323
-0.019411
-0.0342124
-0.00998192
-0.0191828
-0.00538481
-0.0207707
-0.00834497
-0.021887
-0.00843201
-0.00630397
-0.0196465
0.0018906
-0.018099
-0.0192077
-0.000451024
-0.00887896
-0.0187513
-0.0164295
-0.0180074
-0.0185558
-0.0139351
-0.0190782
-0.00743899
0.00236388
-0.0149002
-0.0167262
-0.0215465
-0.0191054
-0.0138919
-0.0337537
-0.0228453
0.00185592
-0.0261432
-0.0223329
-0.0191149
-0.0178378
-0.0270431
-0.0120335
-0.0110771
-0.0162126
-0.0189405
-0.0169725
-0.0285651
-0.0115819
-0.0022373
-0.00303235
-0.0232043
-0.0201591
-0.0239936
-0.0178183
-0.013026
-0.016798
-0.021495
-0.118569
0.0185603
0.0125458
0.0207593
0.0329323
-0.118266
-0.191797
-0.23474
-0.236591
-0.154426
-0.00538416
0.02837
-0.042911
-0.131409
-0.105581
0.028468
0.088556
0.0492869
0.0253706
0.0323895
0.017542
0.0527566
0.0748503
0.0763787
0.0722575
0.0585215
0.0471858
0.0310118
0.0810053
0.0907945
0.0471371
0.0322338
0.0311751
0.0608005
0.0684735
0.0418433
0.0302116
0.0503651
0.0670423
0.0650482
0.030964
0.0233284
0.0478286
0.0509711
0.0469091
0.0432451
0.0636288
0.0478548
0.0463796
0.0416827
0.0544068
0.0578451
0.0533195
0.0518656
0.057802
0.056279
0.0310424
0.0551697
0.0482643
0.053554
0.0442307
0.0468363
0.0445281
0.0423637
0.0590066
0.0391569
0.0465194
0.0364561
0.053357
0.0423371
0.0307067
0.0319474
0.053639
0.0467456
0.022123
0.0433765
0.0388089
0.0236142
0.0430377
0.0468492
0.0438584
0.038554
0.0278539
0.0437142
0.0361985
0.0391811
0.0449099
0.0341657
0.0367403
0.0380117
0.0299904
-0.024853
-0.0144121
-0.0568287
-0.133133
-0.186813
-0.20692
-0.158786
-0.248807
-0.261761
-0.264101
-0.236469
-0.198825
-0.238405
-0.246558
-0.223442
-0.238676
-0.228692
-0.238929
-0.222387
-0.222764
-0.219941
-0.228806
-0.216241
-0.214573
-0.229906
-0.227172
-0.221639
-0.229305
-0.214803
-0.228028
-0.223378
-0.195772
-0.221274
-0.212648
-0.23176
-0.234795
-0.213048
-0.217844
-0.235699
-0.215739
-0.200711
-0.212434
-0.23498
-0.228763
-0.20945
-0.196249
-0.213358
-0.226317
-0.220844
-0.192492
-0.200506
-0.242119
-0.491171
-0.549023
-0.552901
-0.57413
-0.826826
-0.861408
-0.71398
-0.808179
-0.84851
-0.858756
-0.836921
-0.802647
-0.831494
-0.854301
-0.823534
-0.81639
-0.84958
-0.85674
-0.833621
-0.798837
-0.824246
-0.802908
-0.806528
-0.782066
-0.825209
-0.832739
-0.80496
-0.791641
-0.813939
-0.829665
-0.81264
-0.768593
-0.816068
-0.82632
-0.831742
-0.801871
-0.796683
-0.802863
-0.833659
-0.813137
-0.788561
-0.801569
-0.827036
-0.820709
-0.793035
-0.778135
-0.813332
-0.814343
-0.775105
-0.777268
-0.65755
-0.709375
-0.645559
-0.470394
-0.258712
-0.15312
0.0148273
0.135798
0.108422
0.113725
0.140684
0.183975
0.178345
0.119601
0.0997597
0.134233
0.166478
0.138107
0.122644
0.115016
0.152735
0.150478
0.153423
0.129709
0.121818
0.155042
0.144209
0.139697
0.13569
0.129905
0.153729
0.140946
0.141969
0.139556
0.127353
0.149844
0.156233
0.136663
0.125449
0.131247
0.128142
0.154854
0.137561
0.121061
0.133623
0.133369
0.139246
0.112692
0.120056
0.1436
0.135939
0.124332
0.124416
0.119487
0.139318
0.129089
0.119279
0.116832
0.129478
0.139255
0.129165
0.123268
0.121419
0.144435
0.12883
0.128101
0.118221
0.122431
0.130219
0.109884
0.111364
0.125461
0.121054
0.126175
0.131277
0.118931
0.117638
0.124036
0.121754
0.120971
0.120491
0.12531
0.10909
0.110856
0.1317
0.136974
0.119657
0.104424
0.109049
0.126599
0.115378
0.12155
0.105725
0.145044
0.124177
0.119983
0.117646
0.115603
0.103194
0.11772
0.112442
0.123301
0.126799
0.114919
0.124643
0.125718
0.103774
0.112943
0.10375
0.108234
0.13309
0.111558
0.110922
0.138642
0.120316
0.121188
0.145755
0.218544
0.209326
0.169757
0.200151
0.292059
0.336351
0.334539
0.305354
0.313117
0.293285
0.358954
0.389927
0.37637
0.37356
0.261338
0.195828
0.204227
0.230769
0.177549
0.0645711
0.00552545
-0.00823715
0.05785
0.124232
0.0377888
-0.0363282
-0.0604344
-0.0857535
-0.0954476
-0.0888486
-0.12375
-0.181195
-0.284973
-0.315684
-0.370936
-0.388316
-0.415009
-0.465382
-0.536631
-0.612562
-0.637337
-0.62553
-0.625912
-0.618666
-0.629703
-0.633965
-0.630842
-0.646044
-0.644562
-0.617629
-0.633151
-0.648423
-0.63911
-0.653268
-0.641735
-0.608251
-0.619258
-0.584891
-0.528133
-0.496449
-0.476992
-0.442671
-0.476263
-0.540525
-0.584108
-0.560578
-0.569053
-0.544021
-0.482902
-0.479351
-0.477604
-0.477033
-0.484531
-0.497192
-0.490474
-0.459918
-0.423122
-0.438835
-0.445961
-0.486095
-0.465535
-0.365071
-0.322727
-0.257423
-0.300511
-0.437944
-0.481699
-0.38076
-0.270543
-0.350551
-0.403618
-0.388344
-0.445794
-0.504532
-0.453511
-0.343449
-0.322691
-0.385006
-0.482376
-0.475271
-0.417317
-0.511393
-0.626882
-0.613496
-0.497475
-0.536668
-0.704526
-0.673724
-0.59258
-0.627495
-0.705742
-0.700022
-0.650396
-0.636774
-0.690108
-0.75075
-0.673099
-0.558388
-0.552927
-0.613302
-0.605931
-0.583072
-0.592117
-0.661232
-0.700062
-0.66715
-0.618074
-0.660623
-0.633559
-0.541132
-0.531245
-0.529354
-0.448878
-0.305304
-0.203842
-0.189267
0.194783
0.240315
0.327028
0.377603
0.453373
0.479839
0.422384
0.47816
0.603403
0.551593
0.473615
0.411807
0.549666
0.581109
0.486882
0.543002
0.574927
0.583437
0.483425
0.507854
0.475361
0.497717
0.560163
0.465976
0.473144
0.421731
0.400374
0.398142
0.43457
0.446914
0.366986
0.354831
0.362272
0.363333
0.360298
0.324428
0.347389
0.372065
0.379595
0.330015
0.351638
0.350673
0.57038
0.549753
0.202552
-0.238822
-0.544769
-0.440295
-1.31967
-2.00155
-1.7099
-1.10477
-1.10439
-1.14047
-1.37601
-1.70012
-1.78817
-1.5611
-1.39412
-1.35617
-1.49471
-1.58125
-1.54781
-1.55288
-1.57295
-1.65906
-1.59546
-1.50674
-1.42627
-1.4248
-1.46896
-1.50367
-1.49382
-1.44135
-1.40506
-1.4289
-1.49431
-1.4882
-1.41018
-1.32263
-1.35738
-1.38832
-1.40108
-1.39287
-1.38584
-1.34317
-1.33339
-1.31817
-1.36539
-1.35037
-1.34075
-1.33055
-1.3708
-1.39775
-1.38421
-1.44099
-1.33073
-1.33552
-1.31808
-1.25048
-1.27368
-1.18907
-1.14914
-1.11736
-1.19274
-1.14233
-1.08545
-1.04209
-1.08495
-1.04344
-1.00348
-0.978277
-1.01366
-0.970708
-0.926149
-0.937495
-0.912068
-1.04441
-1.02229
-1.07859
-1.01911
-1.08608
-1.11459
-1.1455
-1.08148
-1.01612
-1.09725
-1.12325
-1.11573
-1.07635
-0.969514
-0.996856
-1.00156
-1.01625
-0.969951
-0.951275
-1.03816
-1.05354
-1.00864
-0.953451
-0.999637
-1.02999
-0.964048
-0.955989
-0.954902
-0.970208
-0.918734
-0.971072
-0.847059
-0.695221
-0.71009
-0.454124
-0.396815
-0.0836142
-0.254134
-0.0771442
0.0498639
0.0721255
0.0318808
0.0245358
-0.0896298
-0.0785359
-0.134486
-0.14679
-0.203752
-0.201784
-0.151861
-0.147921
-0.205338
-0.20096
-0.215884
-0.148471
-0.166075
-0.188166
-0.270764
-0.241748
-0.231481
-0.258349
-0.269751
-0.273334
-0.302603
-0.277491
-0.262402
-0.275995
-0.333651
-0.349909
-0.295958
-0.285426
-0.332064
-0.368868
-0.363819
-0.349506
-0.355933
-0.36949
-0.322476
-0.32589
-0.353209
-0.366063
-0.384635
-0.331464
-0.140797
-0.0147652
0.135063
0.228502
0.541345
0.47651
0.321121
0.110808
0.149481
0.193865
0.246856
0.274476
0.183155
0.128796
0.191814
0.179613
0.122584
0.0858318
0.0191491
0.0529
0.0932449
0.123781
0.082506
0.0685237
0.0285944
0.063009
0.0640639
0.0393161
-0.011492
0.0442011
0.0780504
0.0641292
0.0192586
-0.0212698
0.0290915
0.141871
0.0720572
-0.0303602
-0.0183351
0.0489119
0.010017
-0.0038337
-0.00108729
0.0528956
-0.10892
0.0110012
-0.0710998
0.0122715
-0.0286646
-0.0774169
-0.0733627
-0.0442804
-0.139544
-0.290289
-0.309173
-0.362827
-0.217994
-0.1544
0.0871912
0.155969
0.199061
0.228497
0.249569
0.18762
0.230151
0.16887
0.1668
0.134535
0.177132
0.16119
0.149657
0.144979
0.144784
0.137271
0.150444
0.116152
0.0646885
0.0468641
0.0762777
0.0926101
0.0159481
0.0320746
0.0613751
0.0492871
0.0264858
0.0395255
0.0406479
0.0677156
0.0664135
0.0504135
0.0294048
0.044878
0.0479255
0.0645018
0.023317
0.024027
0.00219508
0.00791568
0.00441444
-3.70455e-05
0.0393007
0.000159107
-0.00199586
-0.0262326
-0.0285588
-0.0308021
-0.0116511
-0.0192584
-0.0370202
-0.0480098
-0.0480669
-0.0588579
-0.0372409
-0.0513686
-0.0328357
-0.0440795
-0.0446068
-0.0513038
-0.0644368
-0.0566324
-0.0732965
-0.0670099
-0.0764042
-0.0693701
-0.121246
-0.0544857
-0.0198892
-0.0149378
-0.0442372
-0.0559349
-0.0562389
-0.0842893
-0.0798738
-0.0684628
-0.0962641
-0.104048
-0.0995934
-0.102815
-0.112127
-0.111349
-0.0812876
-0.0896113
-0.109213
-0.109833
-0.116886
-0.0904112
-0.0784308
-0.144321
-0.141219
-0.111612
-0.158145
-0.123966
-0.109623
-0.126188
-0.102043
-0.100088
-0.116336
-0.109862
-0.132358
-0.124654
-0.148123
-0.127654
-0.135486
-0.106026
-0.105529
-0.157877
-0.154336
-0.15686
-0.145775
-0.158034
-0.175301
-0.138098
-0.122653
-0.134098
-0.203308
-0.155134
-0.16384
-0.122516
-0.0855015
-0.192678
-0.247059
-0.13354
-0.112782
-0.174203
-0.183824
-0.149132
-0.159975
-0.186446
-0.183147
-0.185743
-0.14762
-0.160305
-0.160544
-0.165348
-0.17474
-0.169842
-0.185972
-0.198067
-0.17685
-0.185168
-0.189107
-0.187807
-0.197219
-0.204507
-0.217946
-0.206095
-0.205073
-0.190142
-0.175153
-0.193407
-0.185319
-0.157574
-0.170493
-0.232638
-0.204348
-0.175531
-0.178104
-0.195664
-0.207064
-0.206458
-0.199628
-0.190002
-0.200484
-0.223283
-0.222002
-0.218394
-0.256969
-0.136688
-0.19458
-0.190754
-0.268434
-0.199251
-0.200084
-0.225376
-0.230253
-0.226583
-0.268173
-0.248229
-0.233438
-0.197761
-0.218693
-0.203468
-0.210384
-0.187119
-0.18046
-0.241353
-0.236572
-0.253117
-0.234096
-0.248835
-0.261065
-0.251407
-0.229804
-0.219599
-0.230801
-0.247746
-0.210405
-0.210314
-0.20824
-0.221865
-0.243221
-0.25494
-0.272682
-0.224308
-0.239507
-0.249447
-0.234047
-0.253524
-0.206071
-0.218517
-0.215804
-0.179208
-0.244906
-0.314288
-0.262449
-0.250928
-0.24106
-0.238414
-0.280555
-0.261942
-0.248027
-0.246105
-0.225128
-0.248208
-0.261217
-0.225422
-0.220763
-0.233969
-0.241292
-0.269946
-0.320468
-0.278444
-0.255352
-0.260862
-0.266326
-0.266003
-0.281814
-0.26824
-0.264361
-0.261779
-0.252977
-0.303021
-0.236643
-0.23332
-0.247761
-0.248333
-0.206499
-0.265755
-0.34121
-0.319189
-0.265435
-0.254541
-0.279894
-0.289084
-0.270928
-0.283128
-0.303624
-0.290149
-0.265071
-0.258534
-0.28924
-0.2956
-0.290724
-0.29917
-0.288112
-0.284711
-0.27711
-0.279589
-0.319386
-0.308718
-0.294561
-0.266271
-0.240264
-0.241396
-0.276277
-0.312736
-0.282867
-0.292749
-0.287406
-0.271156
-0.298886
-0.304724
-0.297709
-0.30116
-0.340526
-0.309363
-0.263974
-0.282854
-0.271197
-0.266729
-0.309292
-0.307206
-0.29604
-0.315566
-0.316341
-0.333627
-0.317157
-0.299785
-0.311335
-0.320587
-0.289108
-0.292485
-0.263539
-0.291981
-0.302161
-0.310972
-0.299261
-0.293028
-0.313581
-0.312126
-0.299391
-0.296166
-0.291764
-0.298908
-0.31325
-0.332641
-0.295482
-0.299246
-0.302457
-0.324411
-0.358107
-0.322147
-0.334202
-0.308103
-0.326333
-0.320963
-0.326628
-0.349863
-0.303122
-0.289192
-0.296102
-0.284377
-0.330583
-0.32773
-0.242143
-0.266968
-0.30898
-0.380436
-0.274394
-0.295833
-0.374643
-0.320904
-0.322666
-0.340074
-0.30837
-0.282545
-0.314487
-0.325197
-0.304612
-0.346745
-0.343647
-0.318687
-0.378576
-0.357954
-0.318407
-0.328159
-0.357013
-0.330012
-0.330253
-0.321792
-0.27294
-0.309068
-0.296418
-0.327775
-0.317913
-0.307308
-0.309357
-0.308575
-0.359707
-0.353686
-0.332799
-0.364274
-0.36705
-0.323391
-0.29269
-0.323086
-0.321313
-0.337831
-0.337771
-0.337053
-0.356547
-0.328178
-0.305395
-0.334643
-0.342192
-0.329743
-0.329318
-0.326454
-0.362434
-0.348575
-0.337798
-0.310596
-0.350364
-0.336567
-0.326215
-0.361982
-0.330941
-0.3696
-0.363313
-0.376215
-0.34308
-0.341326
-0.341659
-0.343978
-0.370323
-0.335571
-0.339223
-0.355336
-0.341002
-0.350771
-0.33802
-0.319808
-0.36629
-0.400759
-0.354251
-0.355313
-0.375085
-0.347235
-0.368099
-0.375381
-0.365617
-0.349756
-0.351496
-0.343824
-0.338578
-0.345013
-0.37842
-0.344663
-0.353555
-0.340097
-0.329154
-0.349977
-0.337561
-0.352419
-0.360911
-0.361086
-0.360627
-0.346417
-0.344957
-0.343589
-0.347881
-0.380641
-0.352615
-0.367682
-0.382121
-0.376084
-0.370982
-0.367793
-0.351738
-0.343839
-0.341713
-0.331236
-0.383121
-0.370489
-0.323484
-0.342496
-0.341428
-0.388091
-0.372642
-0.35708
-0.381034
-0.340325
-0.364865
-0.393282
-0.383583
-0.381371
-0.363352
-0.323048
-0.358721
-0.36007
-0.356009
-0.367305
-0.387944
-0.3563
-0.379869
-0.396189
-0.406358
-0.361045
-0.359267
-0.380016
-0.387025
-0.382345
-0.359099
-0.345984
-0.352469
-0.347009
-0.341659
-0.34402
-0.375171
-0.365317
-0.360735
-0.382187
-0.413153
-0.385068
-0.388251
-0.392372
-0.358756
-0.32282
-0.352307
-0.360064
-0.324632
-0.406479
-0.373607
-0.35856
-0.417808
-0.409012
-0.388302
-0.383447
-0.415258
-0.391437
-0.384901
-0.3758
-0.349283
-0.35815
-0.340099
-0.338478
-0.383327
-0.398221
-0.376419
-0.403113
-0.412117
-0.380942
-0.410385
-0.398823
-0.395732
-0.362745
-0.34794
-0.366449
-0.376901
-0.382102
-0.368383
-0.387811
-0.387424
-0.378708
-0.38938
-0.395841
-0.366343
-0.387319
-0.378798
-0.379485
-0.376386
-0.379463
-0.375073
-0.406463
-0.40923
-0.395378
-0.396355
-0.37377
-0.392459
-0.437605
-0.381913
-0.363226
-0.371751
-0.391369
-0.392054
-0.374296
-0.399394
-0.413715
-0.405593
-0.396192
-0.394584
-0.400922
-0.402197
-0.399938
-0.389513
-0.412625
-0.401308
-0.404585
-0.427058
-0.357368
-0.365551
-0.392981
-0.388139
-0.402309
-0.41
-0.383995
-0.377299
-0.365134
-0.362247
-0.419197
-0.413485
-0.397885
-0.416664
-0.40368
-0.417053
-0.41801
-0.424298
-0.370685
-0.401774
-0.435864
-0.393923
-0.396586
-0.402612
-0.390773
-0.396327
-0.40325
-0.408115
-0.43673
-0.424276
-0.402784
-0.376016
-0.387349
-0.40999
-0.378509
-0.370155
-0.398776
-0.401539
-0.394927
-0.421662
-0.446445
-0.417899
-0.425082
-0.400162
-0.360902
-0.386625
-0.365965
-0.402435
-0.450283
-0.42424
-0.380185
-0.420438
-0.431661
-0.442753
-0.452155
-0.409612
-0.373751
-0.391652
-0.368072
-0.401005
-0.447674
-0.416531
-0.374793
-0.3873
-0.407564
-0.397232
-0.432216
-0.416704
-0.421422
-0.394128
-0.396425
-0.393961
-0.410392
-0.423608
-0.394327
-0.408081
-0.426451
-0.458024
-0.436735
-0.412601
-0.392199
-0.403309
-0.370508
-0.357214
-0.411426
-0.419857
-0.417677
-0.392846
-0.404243
-0.419614
-0.452969
-0.442453
-0.399132
-0.380451
-0.404034
-0.401264
-0.39364
-0.409665
-0.423156
-0.403107
-0.46447
-0.45536
-0.401302
-0.40437
-0.461638
-0.452632
-0.438842
-0.40204
-0.407985
-0.416232
-0.41375
-0.413249
-0.426812
-0.399544
-0.412437
-0.430119
-0.413295
-0.399085
-0.42453
-0.419931
-0.42089
-0.428336
-0.450418
-0.417857
-0.411441
-0.429603
-0.42146
-0.438959
-0.439121
-0.431855
-0.422728
-0.39329
-0.41851
-0.427864
-0.456377
-0.438252
-0.404972
-0.42006
-0.425615
-0.429785
-0.440304
-0.430787
-0.419578
-0.415583
-0.428226
-0.404962
-0.425629
-0.411537
-0.434045
-0.443093
-0.429277
-0.425656
-0.400574
-0.414948
-0.406925
-0.42696
-0.434058
-0.428361
-0.421915
-0.423643
-0.430169
-0.422792
-0.422157
-0.460468
-0.458441
-0.421616
-0.428197
-0.426117
-0.414421
-0.401009
-0.443903
-0.442513
-0.435616
-0.43514
-0.441629
-0.399714
-0.418558
-0.441998
-0.416856
-0.442369
-0.416913
-0.391861
-0.424581
-0.456252
-0.42843
-0.46582
-0.44765
-0.464218
-0.448336
-0.433532
-0.444747
-0.446749
-0.38819
-0.382465
-0.436064
-0.417085
-0.440355
-0.419918
-0.448939
-0.451223
-0.456953
-0.447548
-0.416707
-0.434103
-0.400568
-0.430831
-0.431356
-0.435554
-0.452014
-0.439272
-0.440596
-0.447286
-0.436827
-0.433867
-0.412091
-0.427951
-0.422717
-0.429995
-0.45127
-0.464039
-0.429354
-0.423408
-0.47029
-0.458252
-0.471585
-0.44931
-0.430717
-0.414298
-0.400533
-0.40803
-0.432587
-0.429595
-0.446786
-0.429599
-0.3956
-0.448251
-0.449808
-0.452789
-0.435965
-0.452164
-0.45268
-0.449494
-0.446626
-0.463277
-0.453991
-0.427145
-0.449322
-0.437194
-0.451701
-0.431164
-0.44385
-0.431559
-0.412376
-0.42289
-0.446424
-0.442858
-0.466091
-0.442167
-0.46434
-0.458493
-0.468311
-0.432924
-0.444599
-0.428033
-0.42984
-0.438507
-0.436769
-0.433308
-0.443416
-0.432831
-0.431978
-0.435628
-0.44732
-0.450169
-0.461114
-0.444467
-0.429406
-0.453505
-0.423796
-0.412889
-0.451509
-0.45897
-0.41753
-0.443219
-0.440665
-0.441354
-0.442905
-0.450374
-0.460865
-0.481858
-0.464127
-0.466867
-0.461672
-0.45335
-0.443603
-0.421167
-0.407077
-0.431663
-0.372497
-0.516558
-0.445927
-0.437951
-0.442355
-0.512556
-0.411095
-0.454332
-0.453212
-0.459985
-0.480767
-0.436779
-0.428663
-0.445884
-0.460291
-0.425274
-0.448965
-0.443334
-0.418631
-0.477047
-0.478227
-0.420789
-0.414264
-0.459707
-0.461178
-0.409758
-0.446875
-0.42233
-0.436376
-0.44964
-0.444556
-0.459886
-0.43725
-0.440906
-0.446338
-0.456346
-0.451569
-0.456643
-0.426102
-0.438768
-0.440479
-0.424852
-0.415181
-0.488803
-0.481293
-0.459997
-0.455552
-0.449719
-0.430028
-0.450848
-0.4721
-0.447006
-0.463924
-0.470925
-0.456715
-0.425528
-0.438589
-0.45374
-0.428289
-0.413551
-0.457024
-0.454489
-0.443651
-0.445591
-0.456907
-0.445794
-0.46366
-0.445359
-0.442957
-0.459594
-0.434876
-0.449128
-0.461435
-0.435721
-0.458981
-0.448254
-0.449521
-0.459501
-0.475186
-0.443079
-0.446304
-0.481987
-0.427054
-0.436471
-0.458435
-0.426602
-0.440909
-0.449501
-0.446103
-0.460204
-0.468002
-0.462383
-0.454143
-0.446439
-0.467374
-0.396761
-0.453362
-0.500885
-0.413719
-0.480358
-0.411346
-0.496306
-0.465661
-0.457381
-0.449585
-0.47408
-0.486149
-0.457052
-0.431925
-0.410007
-0.467635
-0.434555
-0.46957
-0.444267
-0.446755
-0.458529
-0.468533
-0.418675
-0.432115
-0.492891
-0.411242
-0.428608
-0.452543
-0.431019
-0.431686
-0.55317
-0.549543
-0.469234
-0.459166
-0.503981
-0.470801
-0.425021
-0.453169
-0.450889
-0.447008
-0.491911
-0.448089
-0.42476
-0.452401
-0.43197
-0.47681
-0.475961
-0.463811
-0.450272
-0.470131
-0.463107
-0.466843
-0.478509
-0.43369
-0.457147
-0.461774
-0.460109
-0.444785
-0.443135
-0.446751
-0.469141
-0.457277
-0.459183
-0.471482
-0.449955
-0.436811
-0.452915
-0.44306
-0.456547
-0.471244
-0.458411
-0.457477
-0.451724
-0.45657
-0.4594
-0.477277
-0.464861
-0.442434
-0.455266
-0.450357
-0.462729
-0.45282
-0.458108
-0.446611
-0.443224
-0.45182
-0.448878
-0.462578
-0.439209
-0.458938
-0.480955
-0.493831
-0.441621
-0.475684
-0.47649
-0.46006
-0.458893
-0.431362
-0.459314
-0.436057
-0.440298
-0.4478
-0.46739
-0.47526
-0.506223
-0.489269
-0.473703
-0.478098
-0.467478
-0.443311
-0.458005
-0.42951
-0.37507
-0.480509
-0.526018
-0.450929
-0.450021
-0.519931
-0.479157
-0.412167
-0.463525
-0.494903
-0.498625
-0.403003
-0.493534
-0.473006
-0.449052
-0.439052
-0.500033
-0.524752
-0.503288
-0.495382
-0.469062
-0.389658
-0.507782
-0.46624
-0.533574
-0.438542
-0.454547
-0.461837
-0.463765
-0.486143
-0.42338
-0.442393
-0.464582
-0.498563
-0.434407
-0.484605
-0.477179
-0.450514
-0.473576
-0.473052
-0.41718
-0.473574
-0.457507
-0.472596
-0.454602
-0.482793
-0.490061
-0.442769
-0.470061
-0.495827
-0.516003
-0.441081
-0.419945
-0.47722
-0.463269
-0.442241
-0.454931
-0.5248
-0.497395
-0.42968
-0.452868
-0.482357
-0.469702
-0.484891
-0.515369
-0.478583
-0.444681
-0.488059
-0.45402
-0.442659
-0.461867
-0.468602
-0.471508
-0.487429
-0.501922
-0.510199
-0.501357
-0.468552
-0.39521
-0.419183
-0.495047
-0.468598
-0.4167
-0.430766
-0.459624
-0.435673
-0.44185
-0.536923
-0.486949
-0.416799
-0.456985
-0.485899
-0.44724
-0.478673
-0.478333
-0.478553
-0.487107
-0.49537
-0.481536
-0.483752
-0.475549
-0.451299
-0.447461
-0.469672
-0.460565
-0.480974
-0.482545
-0.455946
-0.487027
-0.473722
-0.483529
-0.477641
-0.455869
-0.468753
-0.457325
-0.457464
-0.463975
-0.472688
-0.47162
-0.483115
-0.485589
-0.469231
-0.454017
-0.461744
-0.462812
-0.472269
-0.484512
-0.464107
-0.4919
-0.472674
-0.473606
-0.481493
-0.471147
-0.464656
-0.487203
-0.460987
-0.467448
-0.478006
-0.497206
-0.488355
-0.488107
-0.48144
-0.486431
-0.481308
-0.47933
-0.463102
-0.461991
-0.464916
-0.475305
-0.461423
-0.485554
-0.457176
-0.45992
-0.451698
-0.470975
-0.472099
-0.459847
-0.463994
-0.46158
-0.443362
-0.485262
-0.507322
-0.455737
-0.467877
-0.528506
-0.482265
-0.450479
-0.502576
-0.483398
-0.452176
-0.494038
-0.489325
-0.525738
-0.460234
-0.420715
-0.522225
-0.528075
-0.446386
-0.478871
-0.500097
-0.455109
-0.442475
-0.455092
-0.464373
-0.474039
-0.491688
-0.459121
-0.442563
-0.457993
-0.481819
-0.488113
-0.486284
-0.467354
-0.465156
-0.480831
-0.491871
-0.490053
-0.484237
-0.449634
-0.447674
-0.466548
-0.495302
-0.440024
-0.516903
-0.492038
-0.435868
-0.510158
-0.509204
-0.456675
-0.477609
-0.486026
-0.482923
-0.493933
-0.467791
-0.469315
-0.486728
-0.462922
-0.45238
-0.459138
-0.490223
-0.47993
-0.481064
-0.482806
-0.49341
-0.469882
-0.447615
-0.480659
-0.458999
-0.487843
-0.479035
-0.476859
-0.490933
-0.560068
-0.473983
-0.469827
-0.466002
-0.461898
-0.486012
-0.502677
-0.480929
-0.45856
-0.458512
-0.471394
-0.464185
-0.485338
-0.47558
-0.472226
-0.479681
-0.514886
-0.48939
-0.460274
-0.456939
-0.512051
-0.463648
-0.490952
-0.473138
-0.465792
-0.488624
-0.470356
-0.455023
-0.452875
-0.519309
-0.501023
-0.487501
-0.50988
-0.489474
-0.473959
-0.473594
-0.479706
-0.469223
-0.463687
-0.453527
-0.483441
-0.506396
-0.500165
-0.490564
-0.505885
-0.481941
-0.450049
-0.46983
-0.480657
-0.483773
-0.494068
-0.511565
-0.49177
-0.490077
-0.49862
-0.490286
-0.479106
-0.496304
-0.473345
-0.456517
-0.463712
-0.485253
-0.473801
-0.493888
-0.494777
-0.472632
-0.487316
-0.484328
-0.47874
-0.450361
-0.473216
-0.495909
-0.536343
-0.497229
-0.502269
-0.512453
-0.480523
-0.441423
-0.505886
-0.480542
-0.471302
-0.481069
-0.45852
-0.478966
-0.491826
-0.502322
-0.505454
-0.476192
-0.444565
-0.483337
-0.508932
-0.472565
-0.481187
-0.460083
-0.486954
-0.520155
-0.551268
-0.494
-0.466448
-0.463181
-0.493126
-0.470059
-0.50624
-0.516758
-0.490837
-0.456784
-0.518515
-0.513698
-0.502347
-0.458869
-0.438921
-0.467505
-0.472041
-0.477735
-0.480278
-0.471438
-0.467859
-0.52067
-0.514583
-0.480408
-0.509941
-0.475119
-0.501613
-0.500564
-0.47157
-0.48772
-0.509891
-0.474581
-0.477336
-0.491749
-0.486435
-0.507419
-0.491175
-0.468092
-0.479744
-0.471008
-0.482701
-0.502905
-0.486075
-0.468655
-0.502488
-0.473795
-0.464595
-0.494119
-0.454164
-0.48046
-0.507167
-0.498563
-0.50853
-0.51078
-0.460228
-0.473348
-0.513915
-0.459293
-0.454047
-0.464121
-0.541238
-0.458118
-0.465656
-0.469519
-0.49061
-0.495441
-0.490473
-0.463184
-0.478274
-0.487906
-0.496539
-0.487959
-0.496392
-0.513554
-0.515947
-0.491409
-0.471554
-0.497341
-0.479283
-0.48343
-0.507088
-0.496534
-0.453679
-0.46756
-0.474072
-0.4952
-0.501348
-0.535562
-0.482863
-0.484917
-0.461139
-0.486088
-0.508364
-0.503144
-0.48014
-0.46522
-0.478282
-0.509882
-0.481974
-0.490735
-0.490509
-0.510919
-0.453946
-0.50779
-0.49379
-0.484396
-0.472752
-0.451598
-0.497089
-0.530007
-0.527081
-0.499919
-0.471858
-0.487243
-0.452792
-0.492453
-0.490604
-0.493176
-0.47334
-0.488824
-0.486925
-0.491075
-0.507282
-0.495197
-0.490742
-0.507551
-0.493873
-0.478404
-0.47239
-0.458543
-0.458535
-0.500478
-0.477405
-0.470604
-0.501814
-0.506012
-0.464784
-0.501676
-0.515423
-0.498116
-0.469624
-0.479906
-0.473681
-0.502445
-0.527804
-0.48815
-0.493431
-0.509926
-0.487318
-0.474035
-0.5051
-0.500168
-0.475748
-0.507219
-0.498806
-0.490053
-0.483795
-0.508949
-0.503126
-0.483119
-0.492604
-0.520436
-0.490119
-0.479522
-0.480833
-0.47403
-0.520007
-0.511137
-0.542836
-0.492812
-0.439149
-0.461997
-0.542238
-0.473866
-0.48285
-0.500267
-0.495614
-0.479781
-0.476329
-0.482721
-0.491962
-0.498419
-0.496519
-0.512306
-0.484132
-0.457393
-0.47863
-0.527745
-0.510731
-0.483517
-0.470145
-0.482694
-0.545101
-0.495738
-0.475314
-0.466052
-0.477633
-0.518077
-0.533483
-0.489322
-0.475696
-0.496567
-0.520008
-0.521069
-0.53848
-0.464031
-0.436924
-0.482583
-0.497029
-0.465775
-0.481296
-0.476394
-0.505011
-0.519557
-0.516738
-0.525703
-0.506555
-0.462294
-0.501204
-0.481515
-0.475501
-0.468676
-0.476959
-0.479778
-0.487124
-0.478387
-0.508841
-0.512705
-0.511717
-0.501461
-0.469902
-0.503451
-0.52909
-0.526145
-0.453831
-0.449507
-0.509109
-0.519938
-0.501257
-0.517927
-0.53098
-0.483317
-0.479363
-0.462278
-0.481049
-0.466649
-0.469093
-0.496643
-0.502002
-0.557662
-0.51527
-0.512571
-0.520725
-0.482544
-0.511769
-0.508863
-0.462902
-0.458889
-0.480127
-0.482653
-0.483872
-0.468511
-0.482844
-0.521886
-0.532808
-0.529734
-0.485578
-0.5046
-0.502749
-0.505851
-0.469026
-0.489338
-0.525346
-0.495611
-0.477306
-0.482224
-0.514708
-0.499009
-0.497206
-0.509063
-0.499073
-0.501256
-0.4668
-0.4794
-0.504488
-0.497152
-0.51189
-0.497717
-0.513318
-0.521062
-0.479278
-0.492875
-0.517561
-0.519615
-0.490887
-0.509096
-0.485906
-0.513633
-0.526083
-0.536171
-0.528031
-0.495522
-0.436334
-0.501705
-0.511075
-0.487093
-0.492918
-0.497441
-0.504076
-0.500256
-0.524369
-0.518932
-0.509464
-0.504844
-0.453509
-0.481088
-0.47693
-0.470026
-0.468119
-0.472177
-0.442219
-0.484848
-0.5404
-0.54911
-0.533486
-0.510928
-0.499532
-0.503315
-0.510391
-0.496301
-0.477802
-0.453263
-0.490042
-0.496355
-0.520682
-0.527762
-0.504658
-0.523625
-0.501193
-0.477058
-0.477953
-0.480125
-0.508785
-0.503666
-0.499162
-0.508614
-0.516078
-0.508054
-0.515107
-0.498758
-0.510932
-0.523851
-0.515016
-0.494956
-0.472422
-0.479803
-0.462541
-0.487837
-0.499746
-0.515058
-0.503522
-0.522149
-0.52922
-0.517904
-0.516304
-0.532992
-0.518752
-0.502257
-0.47899
-0.498991
-0.507554
-0.480352
-0.504732
-0.498216
-0.527959
-0.511706
-0.504376
-0.54921
-0.511189
-0.51233
-0.499429
-0.495458
-0.487699
-0.500591
-0.477634
-0.490238
-0.5131
-0.479974
-0.518893
-0.503533
-0.501137
-0.496453
-0.516178
-0.516737
-0.54497
-0.53
-0.514171
-0.486031
-0.501784
-0.51016
-0.472082
-0.497058
-0.519705
-0.481151
-0.482592
-0.499277
-0.491955
-0.49657
-0.488022
-0.519342
-0.505547
-0.495215
-0.491575
-0.505927
-0.520588
-0.505402
-0.511114
-0.505792
-0.50427
-0.504646
-0.516762
-0.517245
-0.500234
-0.517178
-0.537645
-0.570783
-0.481998
-0.504271
-0.50538
-0.473113
-0.510478
-0.49805
-0.474612
-0.49643
-0.494608
-0.486237
-0.50696
-0.525365
-0.534389
-0.515805
-0.467819
-0.504295
-0.498325
-0.519065
-0.479086
-0.448182
-0.516617
-0.533645
-0.492834
-0.498023
-0.53695
-0.503395
-0.513374
-0.525448
-0.507926
-0.480804
-0.479748
-0.516473
-0.506467
-0.504942
-0.489107
-0.49821
-0.497376
-0.51992
-0.51615
-0.526252
-0.525339
-0.50546
-0.479121
-0.496211
-0.512249
-0.483348
-0.495013
-0.512017
-0.510755
-0.502763
-0.498752
-0.496455
-0.525416
-0.530645
-0.495406
-0.484834
-0.51815
-0.483759
-0.48551
-0.511019
-0.532056
-0.547957
-0.490929
-0.487024
-0.516321
-0.506652
-0.516804
-0.51272
-0.503803
-0.491125
-0.504337
-0.498396
-0.498546
-0.488037
-0.466952
-0.489458
-0.524722
-0.518897
-0.514401
-0.513688
-0.511489
-0.520981
-0.504362
-0.484101
-0.520833
-0.531662
-0.503759
-0.503691
-0.496983
-0.504027
-0.499585
-0.516688
-0.540157
-0.503332
-0.507296
-0.520936
-0.531411
-0.508946
-0.496536
-0.505724
-0.516371
-0.486263
-0.474488
-0.515409
-0.506789
-0.4995
-0.505201
-0.497522
-0.510385
-0.523747
-0.503234
-0.506133
-0.507007
-0.505052
-0.50568
-0.498471
-0.492027
-0.496212
-0.521823
-0.512355
-0.503583
-0.484256
-0.505497
-0.50831
-0.525318
-0.512692
-0.482113
-0.527075
-0.494447
-0.491268
-0.493659
-0.522617
-0.55863
-0.512643
-0.531483
-0.522699
-0.522884
-0.506186
-0.521742
-0.511755
-0.476992
-0.513769
-0.485357
-0.489845
-0.506661
-0.509671
-0.532941
-0.531078
-0.517023
-0.499984
-0.499073
-0.547839
-0.521458
-0.495254
-0.492871
-0.52615
-0.550032
-0.515417
-0.491427
-0.539927
-0.498688
-0.534647
-0.530323
-0.501006
-0.472889
-0.470928
-0.495986
-0.52351
-0.50521
-0.511342
-0.528865
-0.507504
-0.509287
-0.521722
-0.507094
-0.530928
-0.518644
-0.503579
-0.508903
-0.473892
-0.532149
-0.511076
-0.494046
-0.537448
-0.485754
-0.48639
-0.518814
-0.547669
-0.4836
-0.475165
-0.537147
-0.569036
-0.532788
-0.477043
-0.443087
-0.524438
-0.519899
-0.512914
-0.528832
-0.512157
-0.521754
-0.525129
-0.517975
-0.510994
-0.496344
-0.524566
-0.544077
-0.53733
-0.467867
-0.48006
-0.506618
-0.513216
-0.520186
-0.46533
-0.519039
-0.546852
-0.519121
-0.501106
-0.515909
-0.514309
-0.523775
-0.529519
-0.510783
-0.493875
-0.510401
-0.495292
-0.507917
-0.520815
-0.494413
-0.50278
-0.523755
-0.498662
-0.514699
-0.549547
-0.517701
-0.528701
-0.509508
-0.523781
-0.521765
-0.524135
-0.505262
-0.511676
-0.504272
-0.490299
-0.480952
-0.486787
-0.543482
-0.514195
-0.488812
-0.528596
-0.532037
-0.498691
-0.490941
-0.515851
-0.505185
-0.512692
-0.524372
-0.499452
-0.538656
-0.525496
-0.548557
-0.540718
-0.548286
-0.507996
-0.514645
-0.509508
-0.487115
-0.510748
-0.52078
-0.515226
-0.490679
-0.503425
-0.534992
-0.540202
-0.519619
-0.527499
-0.528219
-0.548442
-0.492175
-0.515935
-0.518261
-0.486869
-0.507671
-0.595715
-0.50494
-0.489589
-0.546029
-0.535288
-0.524572
-0.472485
-0.484274
-0.508905
-0.619244
-0.468113
-0.507796
-0.528237
-0.524929
-0.487242
-0.513141
-0.47813
-0.505203
-0.526914
-0.524618
-0.467735
-0.462388
-0.500111
-0.555519
-0.549727
-0.546225
-0.557501
-0.518874
-0.490894
-0.50608
-0.483412
-0.491723
-0.45577
-0.470382
-0.526094
-0.582581
-0.479824
-0.499343
-0.510764
-0.548335
-0.541624
-0.501318
-0.521833
-0.511278
-0.499077
-0.48955
-0.477495
-0.501893
-0.563558
-0.521359
-0.490573
-0.508643
-0.509429
-0.497447
-0.506888
-0.524877
-0.506818
-0.535969
-0.580977
-0.525622
-0.488943
-0.513768
-0.485871
-0.522774
-0.511519
-0.485894
-0.505048
-0.494589
-0.493538
-0.527946
-0.556499
-0.549679
-0.543885
-0.542734
-0.515943
-0.489978
-0.490165
-0.485551
-0.499037
-0.522077
-0.481417
-0.465233
-0.544224
-0.563743
-0.510102
-0.507995
-0.545716
-0.511963
-0.516866
-0.509512
-0.525453
-0.492599
-0.466604
-0.483432
-0.503204
-0.498753
-0.513902
-0.536045
-0.546123
-0.539678
-0.549781
-0.538881
-0.529006
-0.507322
-0.503277
-0.511415
-0.486669
-0.501868
-0.516959
-0.527549
-0.5329
-0.538036
-0.492912
-0.585036
-0.495782
-0.524278
-0.474048
-0.578177
-0.497164
-0.535639
-0.551629
-0.512623
-0.485706
-0.495661
-0.558678
-0.491559
-0.51384
-0.511534
-0.578483
-0.510276
-0.481608
-0.491763
-0.524764
-0.515611
-0.5496
-0.528444
-0.576169
-0.521312
-0.546385
-0.509398
-0.546429
-0.529669
-0.536006
-0.456947
-0.465477
-0.52216
-0.608888
-0.533135
-0.428426
-0.534175
-0.600664
-0.513092
-0.475868
-0.508193
-0.480742
-0.537537
-0.54159
-0.492629
-0.471513
-0.49328
-0.524425
-0.518638
-0.563826
-0.571419
-0.53579
-0.552576
-0.552776
-0.556831
-0.547655
-0.491546
-0.493693
-0.561553
-0.502436
-0.449205
-0.536243
-0.531259
-0.525552
-0.490768
-0.498913
-0.541956
-0.567538
-0.488722
-0.486933
-0.52899
-0.51976
-0.521541
-0.538779
-0.538514
-0.531238
-0.528796
-0.506227
-0.510918
-0.543685
-0.523627
-0.522565
-0.526617
-0.518716
-0.521132
-0.535764
-0.531607
-0.516839
-0.522991
-0.519999
-0.540809
-0.573195
-0.534579
-0.50341
-0.486574
-0.508807
-0.498752
-0.504583
-0.528313
-0.51141
-0.550227
-0.537091
-0.522189
-0.527269
-0.48297
-0.482018
-0.551987
-0.546863
-0.526203
-0.496138
-0.542244
-0.558409
-0.518307
-0.493997
-0.505173
-0.536767
-0.527608
-0.497344
-0.50196
-0.524608
-0.500177
-0.524295
-0.556705
-0.545265
-0.558129
-0.557446
-0.540503
-0.521869
-0.493099
-0.530601
-0.502669
-0.476715
-0.472165
-0.515909
-0.543341
-0.514236
-0.507772
-0.5308
-0.579968
-0.524848
-0.497456
-0.510414
-0.489494
-0.564526
-0.505779
-0.508686
-0.538072
-0.523575
-0.589744
-0.529386
-0.51337
-0.510747
-0.525233
-0.526181
-0.537985
-0.480599
-0.476861
-0.51416
-0.550896
-0.514414
-0.515778
-0.502247
-0.553688
-0.564698
-0.473271
-0.466387
-0.510039
-0.613561
-0.517027
-0.553301
-0.467746
-0.578524
-0.53409
-0.534962
-0.448097
-0.47695
-0.512583
-0.524079
-0.555258
-0.507075
-0.518144
-0.525977
-0.584729
-0.54569
-0.527744
-0.534131
-0.519629
-0.495119
-0.543729
-0.531236
-0.482766
-0.517002
-0.526206
-0.528701
-0.498789
-0.528642
-0.556713
-0.554204
-0.511724
-0.508945
-0.50663
-0.534718
-0.513556
-0.489942
-0.513703
-0.562077
-0.531368
-0.516959
-0.557752
-0.550106
-0.53784
-0.516268
-0.483782
-0.55385
-0.556533
-0.547222
-0.545406
-0.561911
-0.537217
-0.49948
-0.50255
-0.509271
-0.498432
-0.497052
-0.522799
-0.526682
-0.523719
-0.50151
-0.573199
-0.56879
-0.524552
-0.505372
-0.523864
-0.555076
-0.556409
-0.531753
-0.521785
-0.516861
-0.534966
-0.530669
-0.551728
-0.530858
-0.510138
-0.49811
-0.529737
-0.53842
-0.540273
-0.601797
-0.776678
-0.867193
-0.83517
-0.873164
-0.90463
-0.890917
-0.902526
-1.05367
-1.1459
-1.18896
-1.21315
-1.23964
-1.31634
-1.41641
-1.42685
-1.44063
-1.42873
-1.36737
-1.36045
-1.38067
-1.34496
-1.28067
-1.23371
-1.19566
-1.16539
-1.11818
-1.04926
-1.03881
-1.01271
-0.992406
-0.986082
-0.950708
-0.941785
-0.947844
-0.912176
-0.893529
-0.901061
-0.917468
-0.915325
-0.906385
-0.906184
-0.904204
-0.910633
-0.920241
-0.897346
-0.897223
-0.929107
-0.91763
-0.93188
-0.908347
-0.920389
-0.908775
-0.919877
-0.920245
-0.915697
-0.912873
-0.894905
-0.907502
-0.89947
-0.913361
-0.91284
-0.903525
-0.92403
-0.906598
-0.914496
-0.92443
-0.928497
-0.896072
-0.915483
-0.898295
-0.943304
-0.908223
-0.913781
-0.921417
-0.910716
-0.921342
-0.924702
-0.909393
-0.903771
-0.918983
-0.902366
-0.913512
-0.894341
-0.899476
-0.913805
-0.924799
-0.915199
-0.900748
-0.914552
-0.919885
-0.919253
-0.912091
-0.899896
-0.897965
-0.900187
-0.915785
-0.914315
-0.896681
-0.90504
-0.903839
-0.921168
-0.909671
-0.904234
-0.918464
-0.910994
-0.902632
-0.891931
-0.899289
-0.889156
-0.892835
-0.906293
-0.912452
-0.900918
-0.909516
-0.914244
-0.905246
-0.903436
-0.893946
-0.89308
-0.900253
-0.895646
-0.903443
-0.899512
-0.898912
-0.902708
-0.905986
-0.915934
-0.898803
-0.903575
-0.912351
-0.906444
-0.897156
-0.908166
-0.904622
-0.903514
-0.904246
-0.907583
-0.904109
-0.912444
-0.890003
-0.896539
-0.88685
-0.892535
-0.903377
-0.917082
-0.899849
-0.888099
-0.894423
-0.886994
-0.895091
-0.899427
-0.895771
-0.884936
-0.900771
-0.893181
-0.894375
-0.902156
-0.890553
-0.902039
-0.905701
-0.90417
-0.899536
-0.899974
-0.914583
-0.897909
-0.909842
-0.88907
-0.891158
-0.882849
-0.894167
-0.897516
-0.886968
-0.900802
-0.901277
-0.894477
-0.899873
-0.909421
-0.889667
-0.889924
-0.898555
-0.896411
-0.885363
-0.887699
-0.887934
-0.89825
-0.892765
-0.890358
-0.886315
-0.899064
-0.890175
-0.892388
-0.87711
-0.897332
-0.917104
-0.887577
-0.889142
-0.885111
-0.895278
-0.882884
-0.891608
-0.892569
-0.866236
-0.875078
-0.888255
-0.881201
-0.895018
-0.870509
-0.873515
-0.90116
-0.877047
-0.899467
-0.875903
-0.87984
-0.872309
-0.873401
-0.900295
-0.87856
-0.894125
-0.889722
-0.892985
-0.894638
-0.886037
-0.882551
-0.879332
-0.878457
-0.896223
-0.901258
-0.885784
-0.884262
-0.880476
-0.899894
-0.898553
-0.881185
-0.881971
-0.888353
-0.880911
-0.890869
-0.89088
-0.904744
-0.870472
-0.865439
-0.895045
-0.88899
-0.90223
-0.87525
-0.887879
-0.876406
-0.886156
-0.891691
-0.889965
-0.879587
-0.900874
-0.881104
-0.883303
-0.898748
-0.87837
-0.885643
-0.888124
-0.869844
-0.876188
-0.873733
-0.877886
-0.877336
-0.88283
-0.874128
-0.869248
-0.874114
-0.888551
-0.89281
-0.875739
-0.885978
-0.882395
-0.888039
-0.87683
-0.886051
-0.895646
-0.878921
-0.87848
-0.888382
-0.890673
-0.881771
-0.888615
-0.879777
-0.876253
-0.884456
-0.876424
-0.880639
-0.874581
-0.872334
-0.876351
-0.881079
-0.881426
-0.890303
-0.868529
-0.886654
-0.874295
-0.872795
-0.888946
-0.871051
-0.87426
-0.862913
-0.876191
-0.8791
-0.876486
-0.887735
-0.888611
-0.891047
-0.88532
-0.888209
-0.876524
-0.862268
-0.875028
-0.884974
-0.838353
-0.713554
-0.644039
-0.583378
-0.537266
-0.523126
-0.470208
-0.52837
-0.424432
-0.382525
-0.406025
-0.39667
-0.405253
-0.341181
-0.364397
-0.429908
-0.456279
-0.443112
-0.467572
-0.512217
-0.587383
-0.623614
-0.57495
-0.51599
-0.526956
-0.572083
-0.531518
-0.524186
-0.55425
-0.48481
-0.383646
-0.303986
-0.232937
-0.178705
-0.15263
-0.127393
-0.0938561
-0.0795753
-0.0609439
-0.0713739
-0.0589355
-0.0573735
-0.0603293
-0.0559643
-0.0576463
-0.0620014
-0.0527008
-0.051594
-0.0559759
-0.0505801
-0.0542233
-0.0428509
-0.0603949
-0.0553773
-0.0604853
-0.0374542
-0.045087
-0.0455843
-0.0462046
-0.0551387
-0.0313262
-0.0396433
-0.0469294
-0.0306789
-0.0386369
-0.0472054
-0.0301847
-0.0427356
-0.0424481
-0.0401088
-0.0647957
-0.0341192
-0.0351055
-0.0225735
-0.0358509
-0.031061
-0.0254784
-0.0397049
-0.0167632
-0.0142518
-0.037667
-0.0437152
-0.0439896
-0.0469262
-0.0411473
-0.0399487
-0.0427348
-0.0301593
-0.0181958
-0.0442215
-0.0389654
-0.0530368
-0.0372738
-0.0305273
-0.0381207
-0.0415184
-0.0236045
-0.0333524
-0.0275185
-0.0311298
-0.0430569
-0.0265948
-0.0344933
-0.02981
-0.0315728
-0.0445447
-0.028086
-0.0420437
-0.0439112
-0.0366395
-0.0303074
-0.0331816
-0.045309
-0.0168704
-0.0328048
-0.0324032
-0.0418492
-0.0403788
-0.0385318
-0.0460326
-0.0368411
-0.0246315
-0.0508914
-0.0284572
-0.0237016
-0.0187588
-0.038527
-0.0346165
-0.0286458
-0.0373563
-0.0272783
-0.046649
-0.045147
-0.0351904
-0.0266634
-0.0158535
-0.0126466
-0.0216955
-0.0363618
-0.0310117
-0.0291293
-0.0326195
-0.0266104
-0.0265159
-0.0142899
-0.0324576
-0.0282698
-0.0233415
-0.0215288
-0.0139843
-0.0193508
-0.0176088
-0.0291871
-0.0281898
-0.00872529
-0.0338092
-0.0351867
-0.021933
-0.0456787
-0.0295112
-0.00428082
-0.0261791
-0.0343019
-0.0171413
-0.0224389
-0.0302965
-0.0270016
-0.0200264
-0.0100625
-0.0199473
-0.0118441
-0.0103796
-0.00954912
-0.00346087
-0.030707
-0.0179205
-0.00298606
-0.0212926
-0.0142068
-0.0143493
-0.000974154
-0.0159151
-0.0270816
-0.018945
-0.0217029
-0.0165012
-0.00973603
-0.026797
-0.0153188
-0.0162665
-0.00719818
-0.0101852
-0.0139557
-0.00586295
-0.0122791
-0.00877248
-0.0170481
-0.0190244
-0.0156622
-0.0337499
-0.0200321
-0.00453048
-0.0401774
-0.00710622
-0.0274656
-0.015823
-0.0187088
-0.0319006
-0.00825
-0.0284483
0.000148266
-0.0362419
-0.0196989
-0.0455892
-0.0153844
-0.0103361
-0.0216216
-0.0201033
-0.0340711
-0.0352229
-0.0116494
-0.00774135
-0.0314103
-0.0123212
-0.00565098
-0.0170244
-0.0175388
-0.0200635
-0.000460171
-0.0218477
-0.011382
-0.0303691
