0.000834904
-0.00708355
-0.00632792
-0.0107887
-0.00208958
-0.00350981
-0.00493692
-0.00996256
-0.00558259
0.000317939
-0.00794408
-0.00366854
-0.00104372
-0.0035469
-0.0108361
-0.00272523
-0.00535845
-0.0106351
-0.00689559
-0.00764804
-0.0082042
-0.000474663
-0.00835679
-0.00805175
-0.00370537
0.00233651
-0.00704756
-0.0105419
0.00136362
-0.00937244
-0.00629161
0.000759291
-0.00487383
-0.0086647
-0.00978534
-0.00701156
-0.00561898
-0.00516128
-0.00490023
-0.00532203
-0.0118867
-0.0115083
0.000497419
-0.00463917
-0.00753167
-0.00913732
-0.00727162
-0.000782232
-0.0112842
-0.012111
-0.00347273
-0.00636422
-0.00467589
-0.00741361
-0.00744978
-0.00467589
-0.011167
-0.00955053
-0.00609572
-0.0151791
-0.0104937
-0.00422737
-0.00204542
-0.00828511
-0.00752212
-0.0120519
-0.00216408
-0.00898449
-0.010801
-0.00519794
-0.0105914
-0.0119111
-0.00715291
-0.00613228
-9.32298e-05
-0.00445161
-0.0123252
-0.00620539
-0.00962193
-0.00868093
-0.00868093
-0.0092903
-0.0102956
-0.0124402
-0.000474663
-0.00590779
-0.00734355
-0.00982079
-0.00321118
-0.00463917
-0.00519794
-0.00231381
-0.00794408
-0.00984643
-0.00298677
-0.0040723
-0.0040723
0.00140173
-0.00253206
-0.00910157
-0.00223936
-0.00467589
-0.00913732
-0.00824006
-0.0078364
-0.00832096
-0.0114973
-0.00434135
0.000279964
-0.00677652
-0.0062553
-0.00726151
-0.00981076
-0.00298677
-0.0078723
8.6862e-05
-0.00448836
-0.00887715
-0.010045
-0.00978534
-0.00553222
-0.00392957
-0.0058712
-0.00790819
-0.00992839
-0.0106474
-0.0104937
-0.0020829
-0.00568335
-0.0104937
-0.0104937
-0.00793498
-0.00628375
-0.00826782
-0.00328541
-0.0102956
-0.00629161
-0.00854535
-0.0104583
-0.0110131
-0.0104937
-0.00579803
-0.00527575
-0.0128889
-0.00999969
-0.00903005
-0.0107534
-0.00692844
-0.00531239
-0.00486353
-0.00534903
-0.00437811
-0.00122272
-0.00955053
-0.00505127
-0.000923214
-0.00737743
-0.00178338
-0.00677652
-0.00381914
-0.00647963
-0.00816834
-0.00956112
-0.00944342
-0.00944342
-0.00741361
-0.0010348
-0.00925457
-0.0112375
-0.00366015
-0.00467589
-0.00857283
-0.0106474
-0.00350981
-0.00590779
-0.00140951
-0.00343564
-0.00680603
-0.00680603
-0.00534903
-0.0155939
-0.00583462
-0.0121709
-0.00860887
-0.00599468
-0.0131133
-0.00748595
-0.0101887
-0.00715291
-0.00403283
-0.00137195
-0.0123955
-0.0114267
-0.00910157
-0.00257528
-0.00902238
-0.00902238
-0.0130088
-0.0130088
-0.00332252
-0.00651592
-0.00651592
-0.00463917
-0.00700089
-0.00358398
-0.00358398
-0.00561012
-0.00206327
-0.00374221
-0.00768396
-0.00584314
-0.00299615
-0.00463917
-0.00539486
-0.0058712
-0.0082042
-0.00107239
-0.00813247
-0.00392957
-0.00670772
-0.00797997
-0.0129364
-0.0129364
-0.00599468
-0.00190268
-0.00892429
-0.0113543
-0.00422737
-0.00745978
-0.00242547
-0.00881762
0.00203604
-0.00220132
0.000197809
-0.00374221
-0.00656352
-0.00656352
-0.00821677
-0.00821677
-0.0100588
-0.00498324
-0.00193996
-0.00708355
-0.00381587
-0.0046863
-0.00768396
-0.0087602
-0.00726151
-0.00771988
-0.000212766
-0.0047228
-0.00779171
-0.0082042
-0.0051708
-0.00377904
-0.00280906
-0.00749573
-0.00561898
-0.00727162
-0.012111
-0.00599468
-0.00607957
-0.00651592
-0.00892429
-0.0108847
-0.00374221
-0.0103047
-0.0119567
-0.00446235
-0.00961098
-0.00190268
-0.00888873
-0.0051708
0.0016552
-0.00607957
-0.00513435
-0.00446235
-0.00329401
-0.00232419
-0.0103401
-0.00426415
0.000797097
0.000797097
-0.0106957
-0.013597
-0.00103604
-0.00861698
-0.00584314
-0.0101159
-0.00865279
-0.00670401
-0.00675149
-0.00227659
-0.000931789
-0.0123496
-0.00917307
-0.00272523
-0.00801586
-0.0114973
-0.00471262
-0.0108947
-0.00374221
-0.00982079
-0.00467589
-0.00888873
-0.00396638
-0.00122272
-0.0082042
-0.00403998
-0.00816834
-0.00581955
-0.0129364
-0.00797997
-0.00565537
-0.00318334
-0.0117325
-0.00419059
0.00143984
-0.0058795
-0.00636422
-0.0084643
-0.00768396
-0.00225019
-0.0051708
-0.00614002
-0.00956112
-0.00441486
0.00166408
-0.0014172
-0.00480088
-0.0082042
-0.00678752
-0.00238825
-0.00280906
-0.0130912
-0.0130912
-0.00727162
-0.00558259
-0.00861698
-0.00513435
-0.00442583
-0.0103047
-0.000558776
-0.0118025
-0.0110131
-0.0087244
-0.000857014
-0.00415382
0.00143984
0.00143984
-0.00640053
-0.00768396
-0.00632792
-0.00801586
-0.00423845
-0.0046863
-0.00449887
-0.00744978
-0.00569175
-0.0025851
-0.00808763
-0.00236119
-0.00633958
-0.00813247
-0.0107659
-0.00231381
-0.00449887
-0.00685957
-0.000483902
-0.00678752
-0.00262207
-0.00366854
-0.00396638
-0.00543128
-0.00273517
-0.00614002
-0.00779171
-0.00449887
-0.00844071
-0.000981547
-0.004275
-0.00403998
-0.00911281
-0.00180235
-0.00538568
-0.0103179
-0.00715291
-0.0113192
-0.00895984
-0.00895984
-0.00205233
-0.00333089
-0.00842847
-0.00235103
-0.000997209
-0.0118517
-0.0131258
-0.0194281
-0.00550981
-0.0102693
-0.00463917
-0.00674027
-0.0102339
-0.00253206
-0.00347273
-0.00160397
-0.00723564
-0.00610369
-0.00606735
-0.00508794
-0.0065522
-0.0104937
-0.00726151
-0.0082042
-0.0133377
-0.0134704
-0.01099
-0.00774658
-0.00467589
-0.00741361
-0.00881762
-0.00253808
-0.00253808
-0.0107887
-0.014178
-0.00325712
-0.00486353
-0.0115083
-0.00704756
-0.00704756
-0.00892429
-0.0055462
-0.00606735
-0.00104372
-0.00561898
-0.00888873
-0.0110837
-0.00550981
-0.00821677
-0.00348122
-0.00374221
-0.00442583
-0.00332252
-0.00561898
-0.0119217
-0.00636422
-0.00884137
-0.00914834
-0.0104937
-0.0118025
-0.0144859
-0.00303307
-0.00328541
-0.0107887
-0.00899429
0.00200863
0.00200863
-0.015438
-0.00936175
-0.00936175
-0.00632792
-0.00806074
-0.00806074
-0.00512461
-0.00561898
-0.0124052
-0.00302391
-0.00302391
-0.0100096
-0.0104937
-0.00914834
-0.00395877
-0.0092903
-0.00839263
-0.00816834
-0.00692844
-0.00956112
-0.00527575
-0.00618268
-0.00722531
-0.0124052
-0.0102339
-0.00584314
-0.00730508
-0.0101985
-0.00861698
-0.00710956
-0.0123703
-0.00508794
-0.00508794
-0.0035469
-0.0027624
-0.00917307
-0.00688527
-0.00974989
-0.0126994
-0.00110998
-0.0111317
-0.00681277
-0.00917307
-0.00930144
-0.00690355
-0.00881762
-0.00227659
-0.00179085
-0.00614002
-0.0062553
-0.00910157
-0.00932603
-0.0076743
-0.0123604
-0.00700089
-0.00939748
-0.00599468
-0.0076743
-0.0076743
-0.0121357
-0.00456572
-0.00793498
-0.00715291
-0.00706715
-0.00763815
-0.00437811
-0.00936175
-0.00887715
-0.0136778
-0.00501459
-0.0076743
-0.0076743
-0.0113915
-0.00734126
-0.00970374
-0.00377133
-0.00640706
-0.00722531
-0.00722531
-0.00621899
-0.00429698
-0.00910157
-0.00748595
-0.00854535
-0.00670401
-0.00670401
-0.00426415
-0.00370537
-0.00985624
-0.00156667
-0.00614002
-0.00614002
0.00192644
-0.010529
-0.0103401
-0.00539486
-0.000969173
-0.000969173
-0.00615178
-0.0110952
-0.00756761
-0.00579803
-0.00674027
-0.00647963
-0.00580678
-0.0060226
-0.00268806
-0.0104937
-0.0114973
-0.0119815
-0.00632792
-0.00632792
-0.00580678
-0.011144
-0.00516128
-0.00415382
-0.00749573
-0.00325712
-0.00123052
-0.00123052
-0.00423845
-0.00689559
-0.00351808
-0.00144707
-0.00253808
-0.00561898
-0.00794408
-0.00865279
-0.00519794
-0.0102693
-0.00701156
-0.00322023
-0.00606735
-0.00790819
-0.00703712
-0.00636422
-0.0115083
-0.0080966
-0.0082042
-0.0100939
-0.00904175
-0.00467589
-0.00677652
-0.00677652
-0.00963206
-0.00111844
-0.00914834
-0.00989168
-0.0116625
-0.00842847
-0.00700089
-0.00532203
-0.00329401
-0.00145452
-0.0103047
-0.0118375
-0.00126787
-0.00918387
-0.00828511
-0.0102475
-0.00111844
-0.00355494
-0.0145402
-0.0118274
-0.0118274
-0.00299615
-0.00407678
-0.00636422
-0.00749573
-0.0104937
-0.0104937
-0.00801586
-0.00700089
-0.000101734
-0.00969332
-0.0100805
-0.00982079
-0.0161916
-0.00861698
-0.00675149
-0.00929044
-0.00134253
-0.0112728
-0.00658847
-0.00460245
-0.0058712
-0.00264966
-0.0114267
-0.00490023
-0.00325712
-0.00813247
-0.00647963
-0.00962193
-0.00701156
-0.0112022
-0.0100805
-0.01509
-0.00836949
-0.00933694
-0.00606735
-0.00419059
-0.00684902
-0.014989
-0.00366854
-0.00703712
-0.00940794
-0.000811819
-0.0077558
-0.00832096
-0.00832096
-0.0058795
-0.0151924
-0.0127343
-0.00493692
-0.00742383
-0.00963206
-0.00797997
0.0027976
-0.0104013
-0.0107887
-0.00959659
-0.00677652
0.000683686
0.000683686
-0.00134253
-0.00794408
-0.00535845
-0.00839263
-0.0134191
-0.00868859
-0.00227659
-0.00205233
-0.00911281
-0.00918387
-0.00528561
-0.0116975
-0.00659957
-0.00675149
-0.00591586
-0.00797997
-0.000175072
-0.00745978
-0.00272523
-0.00844071
-0.00753167
-0.00753167
-0.0119217
-0.0101159
-0.0101159
-0.00753167
-0.00250088
-0.00550981
-0.0131481
-0.00129684
-0.0058795
-0.00118514
-0.000436997
-0.00850013
-0.00546769
-0.00658847
-0.00611568
-0.00344436
-0.0116975
-0.00730759
-0.0107534
-0.00580678
-0.00580678
-0.00894871
-0.00870028
-0.00868859
-0.00940794
-0.0119917
-0.00749573
-0.00205233
-0.00565537
-0.00952564
-0.00227659
-0.0045768
-0.00850013
-0.00850013
-0.00824006
-0.00946892
-0.0101513
-0.00415382
-0.0107659
-0.0107659
-0.0094332
-0.00965763
-0.00512461
-0.00392957
-0.00959659
-0.00959659
-0.000736551
-0.000736551
-0.00437811
-0.00839263
-0.00797997
-0.010045
-0.000548349
-0.00419059
-0.0119217
-0.00520724
0.000459644
-0.0119463
-0.0124402
-0.0124402
-0.0084643
-0.00206327
-0.00918387
-0.00509791
-0.00449887
-0.00632792
-0.00708355
-0.00708355
-0.0115784
-0.00629161
-0.0125231
-0.0031438
-0.0112842
-0.00584314
-0.00584314
-0.00907728
-0.0047228
-0.00629161
-0.00895984
-0.00895984
-0.00933694
-0.00236119
0.00098334
-0.00137987
-0.00110998
-0.0103047
0.000421871
-0.000774186
-0.000363524
0.0105965
0.0150174
0.0239069
0.0325551
0.0325551
0.019264
0.00991758
0.0190405
0.0238701
0.0175576
0.0175576
0.0175576
0.0239649
0.0466646
0.0500085
0.0665174
0.0735593
0.0893891
0.0893891
0.125382
0.171192
0.188175
0.193009
0.181196
0.164647
0.165586
0.1529
0.163398
0.195564
0.185393
0.165194
0.163521
0.163778
0.165942
0.161978
0.161978
0.164616
0.167931
0.169507
0.167193
0.170058
0.170058
0.170943
0.171829
0.171281
0.175911
0.168115
0.168115
0.159884
0.160762
0.166166
0.166717
0.167745
0.169249
0.166936
0.166899
0.158231
0.154848
0.168034
0.164844
0.171789
0.162751
0.161831
0.161576
0.164805
0.170648
0.170648
0.166936
0.163443
0.162163
0.167231
0.164801
0.170834
0.170278
0.161055
0.168109
0.169619
0.168404
0.163778
0.159738
0.164143
0.165432
0.167011
0.170758
0.158712
0.16363
0.174802
0.162823
0.161796
0.160365
0.157205
0.15482
0.169324
0.16778
0.165503
0.159225
0.164184
0.165688
0.16778
0.165397
0.160072
0.165833
0.184009
0.169782
0.169782
0.1634
0.170553
0.185799
0.187096
0.177611
0.170395
0.155016
0.175119
0.179376
0.173569
0.170254
0.168234
0.168234
0.178868
0.178868
0.170575
0.171399
0.171298
0.169461
0.168739
0.166326
0.171543
0.173739
0.169709
0.173883
0.168234
0.175795
0.164088
0.165342
0.165312
0.166137
0.177071
0.171254
0.170069
0.164886
0.170964
0.170964
0.177557
0.16676
0.169275
0.172726
0.160781
0.169058
0.170675
0.185657
0.164699
0.157862
0.183498
0.179016
0.179378
0.188929
0.171792
0.159623
0.167959
0.16248
0.170799
0.159734
0.151468
0.156147
0.153897
0.170077
0.165016
0.160328
0.151164
0.148356
0.150968
0.163286
0.160545
0.159825
0.161855
0.159908
0.154284
0.16199
0.16199
0.163286
0.157966
0.15954
0.16055
0.155646
0.149673
0.153396
0.153283
0.157966
0.153993
0.151107
0.156743
0.152195
0.143695
0.153349
0.143759
0.159911
0.159911
0.151259
0.152044
0.179718
0.187625
0.204092
0.231392
0.231392
0.251886
0.248316
0.271682
0.271213
0.28965
0.291634
0.286286
0.284464
0.297347
0.303356
0.266352
0.289083
0.289083
0.309413
0.314342
0.324991
0.317138
0.312702
0.338029
0.338029
0.370449
0.38367
0.391437
0.407114
0.429605
0.447643
0.470857
0.480859
0.486297
0.500573
0.470123
0.461518
0.450966
0.445474
0.437233
0.448313
0.45432
0.448583
0.456463
0.459168
0.452638
0.449773
0.438961
0.453473
0.451629
0.4574
0.454455
0.443324
0.4336
0.430415
0.428138
0.429126
0.434131
0.432964
0.431561
0.426574
0.424263
0.416338
0.416338
0.417842
0.418389
0.420699
0.423966
0.411612
0.423196
0.416737
0.416737
0.417411
0.427443
0.416249
0.417484
0.421775
0.420123
0.410749
0.412104
0.414577
0.40858
0.41392
0.412258
0.407136
0.40268
0.407645
0.406225
0.402641
0.411486
0.406199
0.400051
0.400848
0.397653
0.402147
0.396529
0.405364
0.403853
0.397478
0.401613
0.396912
0.398834
0.392662
0.399007
0.405899
0.399424
0.40268
0.390151
0.400259
0.395673
0.402448
0.398395
0.392567
0.396567
0.397363
0.392662
0.391307
0.388267
0.395235
0.39179
0.396912
0.394757
0.394757
0.379626
0.385678
0.389553
0.384811
0.3864
0.390974
0.392839
0.386625
0.382527
0.380339
0.387658
0.388154
0.393997
0.382552
0.393086
0.382332
0.380339
0.383586
0.385485
0.38325
0.383265
0.380548
0.380019
0.378778
0.386163
0.386597
0.386224
0.385728
0.37648
0.381592
0.383071
0.37659
0.370127
0.372852
0.380868
0.370346
0.384714
0.372006
0.378249
0.376872
0.373985
0.376062
0.379933
0.373974
0.37826
0.374722
0.377229
0.377745
0.368993
0.370455
0.37702
0.366171
0.374304
0.381941
0.380562
0.365227
0.368258
0.37836
0.373896
0.377401
0.370137
0.375423
0.36794
0.365969
0.36304
0.361582
0.385294
0.400481
0.423091
0.438266
0.442641
0.464545
0.487742
0.488841
0.495726
0.493638
0.516183
0.532504
0.548749
0.572052
0.569434
0.574559
0.559518
0.569755
0.614029
0.697266
0.806127
0.902714
1.01514
1.06343
1.15448
1.23323
1.35452
1.45344
1.54782
1.64083
1.70113
1.75623
1.75545
1.76326
1.76251
1.76253
1.8004
1.77233
1.74381
1.70983
1.70983
1.65916
1.605
1.50347
1.46441
1.45437
1.48722
1.48018
1.46605
1.41533
1.35168
1.32921
1.34377
1.34377
1.38934
1.29926
1.32023
1.35522
1.33248
1.31507
1.27487
1.27652
1.28141
1.26186
1.2471
1.23992
1.28536
1.26088
1.2414
1.25889
1.29322
1.30906
1.31827
1.28558
1.31086
1.37634
1.41002
1.40816
1.41334
1.42406
1.43153
1.46483
1.44246
1.40132
1.39589
1.40388
1.39181
1.35904
1.33664
1.31915
1.30877
1.29388
1.27009
1.26073
1.25213
1.23296
1.22559
1.21193
1.19377
1.18159
1.16567
1.19195
1.17475
1.17056
1.15685
1.14399
1.17269
1.14721
1.15103
1.20047
1.196
1.16193
1.18266
1.23195
1.28161
1.28873
1.29776
1.34346
1.38948
1.38948
1.46216
1.49648
1.50982
1.49535
1.48882
1.5439
1.51893
1.45521
1.47459
1.48389
1.46405
1.43257
1.39923
1.40141
1.39334
1.4087
1.40616
1.42172
1.43919
1.43919
1.43901
1.42828
1.45116
1.44542
1.41914
1.40036
1.40014
1.39416
1.37023
1.37211
1.39883
1.39022
1.39022
1.35698
1.38997
1.39192
1.37828
1.3732
1.38689
1.39023
1.41038
1.38226
1.45588
1.46481
1.45935
1.49321
1.51891
1.52654
1.53452
1.55882
1.57856
1.58742
1.58742
1.603
1.68334
1.68946
1.69841
1.67296
1.7125
1.71326
1.68226
1.69707
1.72866
1.7179
1.70098
1.69821
1.6827
1.64967
1.63193
1.61066
1.58825
1.56304
1.53443
1.53443
1.54767
1.52015
1.50597
1.51129
1.48749
1.46451
1.48348
1.47627
1.48456
1.4617
1.43548
1.47313
1.45205
1.4558
1.46436
1.44411
1.43909
1.44037
1.44037
1.47747
1.51538
1.49649
1.511
1.57755
1.59474
1.5548
1.52752
1.54699
1.5749
1.5478
1.55629
1.63456
1.59749
1.4995
1.54583
1.58001
1.61703
1.66871
1.66871
1.71867
1.70972
1.70705
1.69599
1.69316
1.69447
1.66833
1.66341
1.65202
1.64407
1.63402
1.63632
1.64627
1.62652
1.60854
1.58016
1.56102
1.55846
1.57119
1.55967
1.55319
1.586
1.60314
1.60296
1.63016
1.59438
1.62959
1.69968
1.67129
1.67908
1.68873
1.66052
1.63878
1.64679
1.66922
1.62084
1.57545
1.63092
1.64679
1.59733
1.6153
1.65059
1.63573
1.62094
1.62722
1.63199
1.63031
1.62969
1.60214
1.61408
1.62431
1.60338
1.60338
1.60402
1.59163
1.55735
1.55775
1.66775
1.56538
1.6245
1.68724
1.58523
1.59112
1.59216
1.58317
1.61569
1.56742
1.58765
1.5887
1.55135
1.60157
1.65559
1.65524
1.65448
1.65177
1.64555
1.62395
1.62166
1.62559
1.62939
1.62478
1.61057
1.60994
1.59864
1.59864
1.5391
1.54639
1.60764
1.55541
1.55798
1.55798
1.58782
1.59261
1.62681
1.56972
1.59136
1.656
1.656
1.65668
1.66097
1.72044
1.65482
1.64283
1.6914
1.6754
1.65481
1.69242
1.68903
1.67471
1.65753
1.66026
1.66296
1.65468
1.64597
1.62066
1.64076
1.62887
1.61446
1.63433
1.64628
1.6331
1.63078
1.67751
1.6814
1.6814
1.6814
1.69725
1.68612
1.69331
1.81527
1.97093
1.99302
2.04381
2.03003
2.00224
1.99226
1.99226
1.96696
1.98282
1.97211
1.96089
1.98409
1.97171
1.97774
1.98211
1.98102
2.06823
2.12751
2.07188
2.31562
2.23266
2.23201
2.26149
2.23086
2.28386
2.34197
2.30205
2.35613
2.39034
2.38605
2.40138
2.4104
2.33115
2.36482
2.3925
2.38526
2.4424
2.47857
2.4843
2.48852
2.48987
2.45495
2.43438
2.41365
2.38825
2.38657
2.38812
2.36592
2.37894
2.39964
2.37894
2.33211
2.3331
2.29626
2.25284
2.25416
2.20654
2.17319
2.19394
2.19671
2.18627
2.16942
2.15436
2.09361
2.08464
2.08464
2.02826
1.97628
2.01482
2.09006
2.11709
2.15368
2.13893
2.13179
2.15827
2.14692
2.12522
2.13147
2.13127
2.19285
2.18798
2.22261
2.17053
2.16506
2.13008
2.16804
2.15389
2.12224
2.09048
2.10321
2.1225
2.12539
2.11544
2.11634
2.08646
2.07287
2.07346
2.08064
2.10708
2.11547
2.12861
2.12726
2.1225
2.09718
2.06963
2.05216
2.03059
2.03206
2.01871
2.02318
2.0167
2.01599
2.00889
1.9897
1.98323
1.96016
1.94136
1.9351
1.9306
1.92837
1.91812
1.90786
1.91406
1.905
1.89911
1.88141
1.86889
1.8577
1.86215
1.84822
1.84463
1.8431
1.84673
1.83255
1.84269
1.82958
1.80367
1.79368
1.79643
1.79027
1.76912
1.75631
1.7501
1.7501
1.72286
1.7271
1.73607
1.72927
1.72542
1.70535
1.70535
1.74288
1.74032
1.75533
1.77048
1.9076
1.83952
1.80867
1.7872
1.86536
1.87487
1.81487
1.84142
1.88088
1.85313
1.8572
1.90721
1.94127
1.89063
1.90883
1.94508
1.99076
2.01012
2.01262
2.01392
1.98526
1.97574
1.97574
1.93926
1.96938
1.97521
1.98358
1.9938
1.97988
1.97926
1.96902
1.95375
1.94782
1.92243
1.89552
1.89552
1.89124
1.88709
1.85456
1.87606
1.88379
1.85019
1.8302
1.83499
1.81594
1.82055
1.84668
1.82903
1.80206
1.79741
1.80185
1.77024
1.73052
1.71211
1.6865
1.68754
1.67087
1.64996
1.63281
1.63192
1.64421
1.64083
1.6463
1.63763
1.61927
1.58865
1.6045
1.61228
1.57783
1.5768
1.60659
1.58783
1.59103
1.60719
1.56903
1.53325
1.50887
1.45478
1.4307
1.42838
1.41984
1.44059
1.42488
1.42513
1.44091
1.43702
1.4239
1.43017
1.4387
1.42215
1.40773
1.42969
1.42315
1.41822
1.44339
1.42252
1.38451
1.40939
1.40629
1.36912
1.36912
1.34242
1.30658
1.28666
1.28477
1.27496
1.28565
1.30024
1.3117
1.30219
1.33413
1.33235
1.30009
1.29698
1.29722
1.29188
1.29387
1.28942
1.28831
1.30275
1.3184
1.32149
1.32512
1.36123
1.32472
1.32472
1.31055
1.3071
1.23026
1.27883
1.27055
1.2593
1.29727
1.26495
1.26495
1.27089
1.30533
1.26927
1.31302
1.30074
1.29229
1.32473
1.34397
1.35076
1.33725
1.28942
1.26099
1.23193
1.21529
1.21037
1.17715
1.17945
1.18056
1.16239
1.16959
1.18728
1.1532
1.14387
1.21692
1.2009
1.17848
1.2076
1.21936
1.20856
1.20017
1.20447
1.22494
1.22071
1.20698
1.21127
1.19303
1.1669
1.17205
1.177
1.15835
1.13159
1.12237
1.13573
1.13573
1.14336
1.1306
1.12532
1.12083
1.11503
1.1041
1.12052
1.13201
1.12062
1.13985
1.16586
1.16291
1.16236
1.18083
1.18072
1.13744
1.1057
1.1053
1.08949
1.06179
1.06077
1.08391
1.08687
1.06729
1.08042
1.09518
1.08783
1.08269
1.08596
1.07881
1.07716
1.10689
1.1079
1.09323
1.0987
1.13077
1.1298
1.10467
1.10465
1.09066
1.07188
1.06616
1.06644
1.04693
1.04693
1.05544
1.04383
1.03151
1.07533
1.07533
1.1871
1.27473
1.3127
1.22895
1.21882
1.16987
1.16474
1.2055
1.19614
1.19058
1.19243
1.13534
1.12669
1.10922
1.13733
1.18417
1.17827
1.16456
1.17586
1.17586
1.18142
1.19034
1.19949
1.1881
1.17807
1.17274
1.15577
1.16102
1.14123
1.14702
1.15822
1.15737
1.14994
1.14123
1.14123
1.14289
1.13997
1.13267
1.11475
1.11475
1.10823
1.10516
1.11146
1.10728
1.10613
1.10613
1.10838
1.10825
1.09912
1.09816
1.0931
1.0863
1.08193
1.09178
1.08606
1.08196
1.09036
1.08421
1.08344
1.07169
1.07183
1.06274
1.04866
1.05286
1.05369
1.05128
1.05744
1.06416
1.06483
1.07112
1.06164
1.06164
1.04736
1.03887
1.04058
1.0331
1.02859
1.03411
1.03714
1.03951
1.05098
1.04385
1.03817
1.02713
1.0245
1.02358
1.01639
1.01676
1.01069
1.01467
1.02025
1.02304
1.0136
1.02266
1.01757
1.01488
1.00409
1.00329
1.00651
1.00189
1.00329
1.00184
1.00265
1.00296
1.00839
1.00839
1.00238
0.994701
0.984829
0.993415
0.990841
0.990139
0.98971
0.992771
0.991379
0.982901
0.980164
0.977924
0.975293
0.978139
0.982535
0.978188
0.980379
0.978421
0.977843
0.974864
0.97142
0.974497
0.966499
0.966499
0.964147
0.949611
0.939116
0.93515
0.949496
0.959817
0.959817
0.950268
0.958626
0.971515
0.968684
0.947687
0.948845
0.92887
0.919084
0.935127
0.951616
0.955081
0.974466
0.993032
1.01943
1.02996
1.02699
1.01466
0.999018
0.976401
0.976401
0.961094
0.919606
0.915687
0.904438
0.908162
0.921437
0.927732
0.93306
0.927507
0.92661
0.922343
0.910891
0.914621
0.917015
0.9322
0.93429
0.926223
0.937894
0.944672
0.937397
0.939451
0.939451
0.925781
0.918891
0.919786
0.923622
0.934187
0.948118
0.943837
0.939511
0.933975
0.925965
0.91366
0.921412
0.913512
0.915569
0.914406
0.923012
0.923334
0.916385
0.914343
0.916181
0.929109
0.931124
0.920896
0.914225
0.914779
0.917875
0.926512
0.930795
0.930795
0.933214
0.924815
0.915655
0.915655
0.907819
0.909849
0.917996
0.923407
0.931554
0.923881
0.936242
0.947832
0.947504
0.932354
0.923873
0.917613
0.913649
0.913831
0.911957
0.907047
0.915939
0.918509
0.93751
0.938915
0.938885
0.935052
0.932276
0.939057
0.924779
0.91753
0.919953
0.920885
0.924673
0.928679
0.93726
0.933076
0.930868
0.929934
0.928424
0.928424
0.929363
0.925146
0.924211
0.925653
0.924457
0.929033
0.929794
0.929326
0.93167
0.929288
0.93556
0.931239
0.927803
0.931808
0.933837
0.93726
0.932861
0.938099
0.93802
0.935674
0.938372
0.938372
0.941826
0.941046
0.945197
0.946171
0.949004
0.949004
0.952015
0.954598
0.94895
0.947719
0.954389
0.949408
0.95786
0.954776
0.953397
0.955617
0.955617
0.957837
0.961658
0.963274
0.956954
0.959736
0.957644
0.957644
0.953202
0.959261
0.962779
0.960731
0.956888
0.958334
0.955596
0.969119
0.964135
0.95883
0.962322
0.96701
0.968117
0.961522
0.959565
0.966534
0.962779
0.966534
0.962106
0.959046
0.960966
0.964889
0.967027
0.963505
0.963029
0.970074
0.963766
0.963766
0.96329
0.957189
0.964027
0.970517
0.965119
0.966165
0.970827
0.960275
0.974163
0.963675
0.967948
0.967855
0.961415
0.962798
0.966073
0.965857
0.968484
0.962752
0.961258
0.968041
0.963074
0.962813
0.965334
0.965334
0.962537
0.966301
0.963812
0.968426
0.963444
0.969562
0.962752
0.965765
0.960966
0.959432
0.961199
0.966994
0.965012
0.968548
0.96406
0.964843
0.965719
0.962246
0.965242
0.963013
0.963936
0.960616
0.964106
0.957056
0.957897
0.957897
0.970959
0.965765
0.963936
0.976313
0.969739
0.965027
0.959279
0.958804
0.956067
0.958633
0.967435
0.972139
0.959405
0.950833
0.945494
0.971565
0.981892
0.971302
0.980925
0.975921
0.963965
0.973312
0.964857
0.938945
0.939364
0.939364
0.955962
0.95857
0.962076
0.962752
0.97335
0.971868
0.974533
0.970302
0.966211
0.953784
0.952941
0.940979
0.940979
0.949301
0.956366
0.963221
0.967489
0.970002
0.968379
0.974493
0.971222
0.955592
0.959636
0.94767
0.94767
0.941667
0.945088
0.956166
0.955891
0.961384
0.964165
0.965334
0.96881
0.972355
0.963982
0.950575
0.94377
0.939108
0.947928
0.953157
0.954294
0.955808
0.958373
0.957145
0.961324
0.955358
0.955486
0.95572
0.951629
0.947971
0.949585
0.947991
0.954294
0.954598
0.951387
0.946157
0.953397
0.954537
0.955288
0.951543
0.947713
0.950144
0.94715
0.951715
0.951715
0.950594
0.944699
0.944699
0.951974
0.956239
0.94896
0.939404
0.947002
0.946289
0.949305
0.949326
0.94754
0.949305
0.940723
0.939754
0.946787
0.944374
0.943298
0.942368
0.948636
0.948529
0.942179
0.949886
0.943364
0.945667
0.944011
0.940953
0.936051
0.940332
0.944249
0.947366
0.945062
0.942436
0.950595
0.944033
0.944914
0.945667
0.935326
0.934434
0.930468
0.935159
0.939067
0.938677
0.946356
0.945452
0.933993
0.933993
0.939982
0.938354
0.930751
0.933954
0.932562
0.934611
0.93659
0.940845
0.936294
0.935041
0.940723
0.940144
0.930899
0.933964
0.938354
0.932123
0.925433
0.934532
0.934434
0.934434
0.931083
0.935581
0.933279
0.932308
0.928919
0.930259
0.930545
0.933455
0.934209
0.928096
0.930187
0.933777
0.933886
0.930899
0.926834
0.922951
0.929642
0.92615
0.930938
0.935365
0.934464
0.92856
0.936522
0.929891
0.926721
0.929067
0.925682
0.925682
0.929675
0.931044
0.934787
0.930606
0.930606
0.92802
0.927918
0.930468
0.923024
0.923923
0.924822
0.924822
0.932739
0.928274
0.92284
0.924352
0.924173
0.930106
0.926188
0.919821
0.928413
0.923166
0.917126
0.918097
0.922625
0.926728
0.917882
0.925757
0.922556
0.922267
0.92065
0.919535
0.917772
0.925214
0.919139
0.918313
0.916835
0.919427
0.925468
0.920003
0.919858
0.925468
0.918097
0.920073
0.920073
0.924998
0.914068
0.924389
0.916695
0.925251
0.920145
0.922483
0.916479
0.923452
0.915256
0.913712
0.913962
0.911008
0.908458
0.907098
0.918313
0.915903
0.915221
0.913128
0.913128
0.910655
0.911274
0.908425
0.905412
0.907314
0.911483
0.90911
0.90764
0.907241
0.911343
0.908934
0.907132
0.907856
0.907856
0.909432
0.918024
0.905739
0.904766
0.904583
0.917557
0.91303
0.915472
0.913318
0.911302
0.909259
0.909259
0.90106
0.909475
0.904007
0.911052
0.908342
0.909509
0.910877
0.9089
0.90656
0.900382
0.903947
0.903947
0.905445
0.908254
0.906428
0.911274
0.905445
0.906817
0.899686
0.903622
0.900365
0.896645
0.895721
0.904151
0.904119
0.904302
0.899424
0.899487
0.895177
0.894827
0.894827
0.894685
0.896152
0.892088
0.892172
0.8945
0.892603
0.892603
0.898154
0.891382
0.899424
0.90291
0.89455
0.896293
0.898698
0.908287
0.897261
0.904438
0.896368
0.892948
0.895474
0.898388
0.88852
0.900566
0.899919
0.897126
0.897526
0.897526
0.893607
0.896799
0.898082
0.898746
0.895228
0.895012
0.89853
0.888491
0.902231
0.894088
0.895522
0.892733
0.892733
0.895276
0.895413
0.892528
0.893872
0.895012
0.892066
0.889896
0.886381
0.891627
0.892603
0.885192
0.883382
0.885734
0.890661
0.894069
0.881299
0.880652
0.886381
0.886082
0.880107
0.880107
0.879164
0.883653
0.883625
0.881245
0.882733
0.881676
0.880754
0.876219
0.879379
0.877194
0.891084
0.884328
0.884597
0.884056
0.878357
0.882247
0.880653
0.880653
0.886087
0.886058
0.888373
0.892778
0.893271
0.892652
0.89424
0.892994
0.896474
0.9002
0.894744
0.897472
0.893097
0.896968
0.892531
0.900664
0.903062
0.900734
0.898006
0.910047
0.902564
0.899772
0.901849
0.899556
0.907652
0.902813
0.898594
0.902347
0.908116
0.90191
0.901632
0.9055
0.908785
0.908785
0.903857
0.904202
0.899803
0.909276
0.90671
0.907634
0.915029
0.910825
0.913748
0.919661
0.913875
0.913875
0.921658
0.925959
0.930546
0.933308
0.933785
0.932402
0.935424
0.934692
0.936331
0.932445
0.936372
0.931713
0.931713
0.930725
0.927015
0.939527
0.934606
0.937235
0.937235
0.937019
0.924988
0.93611
0.926487
0.928693
0.928693
0.928775
0.934333
0.928122
0.939391
0.935067
0.93269
0.929895
0.932439
0.924081
0.930548
0.928911
0.928911
0.931747
0.928042
0.932402
0.923864
0.952708
1.04419
1.01725
1.08701
1.08272
1.06632
1.06632
1.17206
1.06522
1.06522
1.07896
1.07896
1.08654
1.08654
1.16103
1.06762
1.06302
1.14329
1.09821
1.14121
1.14121
1.20681
1.22116
1.28725
1.24638
1.21647
1.21647
1.18395
1.15684
1.14891
1.1559
1.15621
1.16001
1.16001
1.1493
1.1645
1.15843
1.172
1.18618
1.17478
1.19517
1.19842
1.20494
1.20503
1.20447
1.18092
1.18092
1.1413
1.10717
1.09914
1.09801
1.11892
1.13845
1.16122
1.17718
1.20242
1.19699
1.1998
1.17424
1.15728
1.13904
1.11804
1.1044
1.08456
1.09209
1.11038
1.12535
1.12896
1.13658
1.13436
1.13732
1.14271
1.14271
1.14095
1.13088
1.12194
1.12637
1.11038
1.10788
1.09714
1.09676
1.09786
1.10574
1.11742
1.12681
1.13947
1.13997
1.1281
1.12779
1.11863
1.09596
1.09596
1.08821
1.08491
1.08845
1.09044
1.09644
1.10766
1.10766
1.10766
1.11648
1.1124
1.10975
1.10465
1.09731
1.08168
1.08781
1.08815
1.08867
1.09688
1.09039
1.09476
1.09123
1.09433
1.09522
1.09617
1.0959
1.0984
1.09979
1.09115
1.08502
1.07775
1.07775
1.06927
1.06913
1.06736
1.07138
1.07431
1.07912
1.0814
1.08281
1.08174
1.07977
1.07109
1.07037
1.06403
1.06403
1.06367
1.05925
1.05657
1.06117
1.06526
1.06963
1.07144
1.06251
1.06178
1.06496
1.06338
1.0637
1.0637
1.06258
1.05838
1.05722
1.05295
1.04709
1.04427
1.04506
1.04546
1.04875
1.05157
1.04785
1.0514
1.05592
1.04763
1.03962
1.04948
1.04253
1.03778
1.03908
1.03459
1.02401
1.03593
1.03615
1.04046
1.04147
1.04085
1.03521
1.03414
1.03619
1.03243
1.03415
1.03134
1.02083
1.01736
1.02496
1.02668
1.02902
1.02033
1.02461
1.02552
1.02489
1.0195
1.02381
1.02148
1.01632
1.02461
1.02333
1.02029
1.01773
1.0116
1.01067
1.0168
1.01289
1.01191
1.01392
1.0118
1.01329
1.01329
1.01529
1.01575
1.00302
1.00765
0.999696
1.00418
1.00075
0.995423
1.0076
1.00282
0.999666
0.998632
0.995697
0.998196
0.991794
0.998755
0.995205
0.996407
0.984015
0.989561
0.977287
0.978265
0.973917
0.969681
0.966254
0.965116
0.959841
0.963576
0.960977
0.954563
0.949733
0.951567
0.951567
0.942953
0.946367
0.942216
0.929172
0.929144
0.934908
0.926139
0.924932
0.923084
0.926396
0.923598
0.927553
0.926613
0.913194
0.922874
0.919726
0.912034
0.914174
0.90946
0.90946
0.905834
0.890709
0.895422
0.889439
0.893088
0.891505
0.895622
0.890587
0.889735
0.884354
0.887898
0.881305
0.87905
0.886638
0.884172
0.869555
0.874117
0.866315
0.870937
0.866519
0.870631
0.86556
0.855215
0.856826
0.85678
0.851661
0.855214
0.857088
0.862857
0.856654
0.856346
0.862816
0.85702
0.85702
0.852427
0.849583
0.849875
0.844807
0.844948
0.844948
0.838328
0.843807
0.843353
0.834788
0.838074
0.839629
0.839629
0.842584
0.827884
0.826767
0.828836
0.832039
0.834841
0.830687
0.825133
0.833458
0.83017
0.8279
0.8279
0.819607
0.818797
0.814511
0.819173
0.819546
0.812211
0.809684
0.807099
0.811697
0.805214
0.808712
0.801758
0.805029
0.805029
0.798938
0.798938
0.797735
0.797301
0.797181
0.79719
0.802289
0.811794
0.805572
0.811432
0.811865
0.80805
0.814038
0.814281
0.817972
0.803363
0.809603
0.812645
0.810254
0.811536
0.80533
0.809181
0.79935
0.802862
0.798159
0.798159
0.795557
0.788674
0.790873
0.787166
0.793921
0.793921
0.787704
0.795532
0.792399
0.793273
0.792182
0.785752
0.781059
0.775721
0.784223
0.779422
0.774403
0.776588
0.774627
0.780187
0.77713
0.773531
0.776921
0.779092
0.780505
0.780505
0.773424
0.770484
0.774089
0.776584
0.772659
0.763074
0.765144
0.766665
0.769071
0.767651
0.767653
0.77081
0.77081
0.759031
0.760668
0.75903
0.760016
0.760018
0.76274
0.76274
0.752045
0.763824
0.761102
0.756407
0.754979
0.757267
0.757267
0.754979
0.754636
0.756404
0.758164
0.763509
0.763509
0.766448
0.764824
0.775401
0.773759
0.764277
0.774961
0.773431
0.767332
0.775833
0.767111
0.769837
0.770274
0.767648
0.767868
0.774089
0.764161
0.767432
0.76874
0.763173
0.761101
0.759801
0.759801
0.758067
0.758813
0.755441
0.755104
0.759584
0.758596
0.758907
0.756402
0.753466
0.748555
0.754329
0.75761
0.742457
0.754236
0.755968
0.751046
0.74975
0.749112
0.745272
0.75019
0.752909
0.746481
0.753344
0.748988
0.748988
0.747344
0.753559
0.741764
0.745052
0.744283
0.748847
0.74014
0.740996
0.744847
0.734786
0.744067
0.74528
0.735212
0.737436
0.737279
0.737279
0.742424
0.733926
0.735991
0.734359
0.744354
0.738195
0.738207
0.73828
0.736919
0.735639
0.739485
0.737068
0.738572
0.736431
0.7377
0.735422
0.73171
0.733204
0.736492
0.730921
0.73184
0.727781
0.731269
0.727581
0.730844
0.730055
0.729413
0.726142
0.729196
0.724502
0.725341
0.733783
0.725275
0.728222
0.723663
0.723663
0.724078
0.726557
0.722853
0.727198
0.725151
0.725142
0.726765
0.73113
0.724493
0.717078
0.72141
0.717284
0.72406
0.725474
0.720367
0.728631
0.719346
0.720564
0.717251
0.718913
0.726765
0.72241
0.719253
0.717212
0.711019
0.721336
0.721336
0.716417
0.714766
0.718972
0.720573
0.720573
0.713934
0.707488
0.715598
0.715562
0.718284
0.714139
0.717418
0.71197
0.718913
0.709413
0.70875
0.715345
0.713079
0.709833
0.710223
0.714983
0.716248
0.714333
0.711257
0.711007
0.715984
0.714778
0.716065
0.713559
0.711257
0.711257
0.710699
0.711702
0.704021
0.709262
0.71359
0.715849
0.708775
0.709413
0.708383
0.71047
0.708966
0.7094
0.707837
0.714197
0.711269
0.712352
0.712773
0.714846
0.712909
0.708396
0.704512
0.704512
0.709898
0.708179
0.713764
0.708842
0.7051
0.707556
0.711107
0.710266
0.713992
0.705483
0.71455
0.709656
0.703814
0.69869
0.710903
0.710102
0.707607
0.707109
0.71169
0.709833
0.703877
0.713343
0.713547
0.707785
0.707785
0.701197
0.702809
0.712609
0.709682
0.705736
0.707607
0.708014
0.700794
0.708383
0.707377
0.703626
0.703458
0.701197
0.697699
0.704911
0.703675
0.706574
0.701167
0.703473
0.697436
0.710266
0.700715
0.697576
0.701846
0.698876
0.706371
0.699309
0.711972
0.704911
0.711053
0.715894
0.718881
0.724417
0.73335
0.733709
0.735117
0.741192
0.738491
0.737835
0.737056
0.735334
0.729783
0.732288
0.733343
0.73904
0.730336
0.733492
0.73763
0.730836
0.725275
0.727322
0.725709
0.726124
0.73335
0.723626
0.728337
0.729558
0.728554
0.728554
0.730418
0.725558
0.721543
0.725293
0.72241
0.710848
0.718078
0.72125
0.717766
0.72241
0.72406
0.716138
0.716138
0.712476
0.718252
0.707691
0.716201
0.716201
0.711392
0.713899
0.708706
0.711199
0.714743
0.71039
0.717034
0.70982
0.705483
0.707989
0.710811
0.710402
0.713319
0.710661
0.704224
0.704616
0.707461
0.705483
0.706459
0.706459
0.707123
0.705607
0.69787
0.708842
0.71151
0.703423
0.706105
0.713386
0.708015
0.712728
0.704925
0.703843
0.709707
0.70327
0.709249
0.706676
0.701152
0.693276
0.708829
0.708829
0.704925
0.702773
0.699509
0.704883
0.700966
0.705699
0.706552
0.695425
0.700346
0.699494
0.693526
0.703626
0.697654
0.697654
0.702621
0.697034
0.703891
0.697715
0.696833
0.702245
0.697684
0.694343
0.698844
0.69227
0.694543
0.696601
0.702823
0.6962
0.695234
0.69456
0.696184
0.700301
0.699046
0.6964
0.698876
0.690488
0.69977
0.697282
0.694744
0.694744
0.700562
0.689189
0.691085
0.696227
0.697483
0.694008
0.694008
0.69195
0.691445
0.695161
0.69292
0.69267
0.693086
0.69047
0.690829
0.69456
0.695794
0.693936
0.693719
0.692544
0.693103
0.699697
0.691301
0.690237
0.690237
0.687729
0.693969
0.689388
0.692077
0.688578
0.688955
0.690219
0.692345
0.689408
0.69108
0.689659
0.687964
0.692703
0.687134
0.682227
0.688521
0.694391
0.69316
0.691644
0.688794
0.695434
0.683637
0.685294
0.686738
0.686738
0.688812
0.683003
0.686159
0.691263
0.691263
0.686107
0.682856
0.687152
0.687152
0.690219
0.69206
0.683619
0.690003
0.684447
0.699108
0.688829
0.678657
0.685727
0.687332
0.680895
0.690652
0.678874
0.689858
0.68257
0.689028
0.689028
0.68423
0.682787
0.682945
0.688144
0.686503
0.68423
0.68279
0.683995
0.685059
0.685059
0.68607
0.68607
0.683398
0.680876
0.683003
0.687332
0.683542
0.68439
0.68439
0.68295
0.682767
0.684212
0.681506
0.682353
0.685492
0.680299
0.681775
0.682787
0.67907
0.679876
0.676395
0.680093
0.685906
0.681539
0.687747
0.678605
0.681519
0.676996
0.673063
0.682767
0.680093
0.681073
0.680889
0.681053
0.684244
0.681155
0.671833
0.687747
0.674124
0.684249
0.680909
0.68423
0.675738
0.672071
0.68257
0.678274
0.679511
0.679511
0.682168
0.686357
0.679287
0.682798
0.681991
0.684696
0.685313
0.683898
0.681017
0.686357
0.67607
0.676265
0.676807
0.670668
0.677016
0.687365
0.679483
0.682188
0.679523
0.678084
0.672071
0.672677
0.676004
0.679119
0.678084
0.681361
0.678706
0.677996
0.677408
0.673453
0.673453
0.679099
0.682385
0.678882
0.676827
0.673044
0.675138
0.682629
0.684696
0.676827
0.677064
0.671229
0.678874
0.673715
0.675142
0.672677
0.678254
0.678882
0.675787
0.682995
0.673131
0.683831
0.668937
0.673088
0.67659
0.68504
0.682984
0.679511
0.679511
0.670385
0.679936
0.677821
0.677631
0.670602
0.673886
0.67034
0.670577
0.670818
0.671877
0.674747
0.674947
0.67263
0.677604
0.677713
0.664809
0.67099
0.676224
0.676224
0.671638
0.67849
0.669369
0.669997
0.677672
0.676245
0.676245
0.677952
0.674146
0.678556
0.680808
0.673694
0.680376
0.673974
0.679184
0.676436
0.671034
0.674362
0.675639
0.675639
0.677692
0.68556
0.672936
0.672547
0.672742
0.671251
0.682255
0.675185
0.673995
0.671725
0.673369
0.677931
0.677931
0.678752
0.672958
0.671899
0.671055
0.668526
0.668743
0.670796
0.675401
0.676656
0.67607
0.67607
0.676419
0.675617
0.671727
0.679375
0.673953
0.677695
0.668762
0.676848
0.674622
0.674599
0.672915
0.681214
0.678766
0.673974
0.671705
0.671705
0.670883
0.667533
0.669608
0.670212
0.671423
0.673131
0.667146
0.667294
0.678686
0.673953
0.677219
0.676419
0.671899
0.670063
0.669176
0.674103
0.673087
0.670861
0.679335
0.685344
0.669001
0.669802
0.672266
0.67311
0.673521
0.670406
0.674321
0.668569
0.674537
0.662365
0.670689
0.669194
0.668569
0.671727
0.679124
0.676481
0.677479
0.67272
0.669187
0.669608
0.668159
0.672482
0.678727
0.674385
0.667726
0.664832
0.667749
0.672936
0.669347
0.671877
0.671099
0.671099
0.665713
0.664248
0.668785
0.674189
0.667959
0.677713
0.671703
0.67458
0.671877
0.673932
0.670624
0.671811
0.670191
0.668093
0.673304
0.668333
0.674493
0.676182
0.667943
0.67789
0.667726
0.671855
0.66872
0.666276
0.672699
0.667077
0.669369
0.67099
0.676419
0.673326
0.672699
0.671703
0.6709
0.672113
0.677064
0.668005
0.668159
0.666539
0.66137
0.670689
0.662605
0.667357
0.671681
0.667141
0.671251
0.66941
0.66323
0.667965
0.666778
0.666778
0.670212
0.672526
0.668801
0.669675
0.681262
0.669024
0.669024
0.839555
0.719808
0.787945
0.703011
0.68556
0.999777
0.943755
0.972046
0.81104
0.740051
0.743173
0.743173
0.740205
0.699332
0.488175
0.433145
0.303629
0.249672
0.228334
0.212959
0.212853
0.212853
0.165414
0.111628
0.046374
0.0355398
0.0363402
0.0351372
0.0334788
0.028281
0.0264133
0.0332191
0.0223041
0.0278531
0.0263272
0.0267388
0.0275378
0.0272714
0.0265591
0.0228339
0.0213706
0.0213706
0.0258385
0.0268688
0.0263793
0.0204255
0.0232062
0.0263793
0.0263793
0.0277607
0.0241491
0.022091
0.02473
0.0216355
0.0228027
0.0169453
0.0287479
0.0228984
0.0233336
0.0228027
0.0228027
0.0162349
0.0231955
0.0250396
0.0188234
0.0197986
0.0218584
0.0218584
0.0185173
0.0211056
0.0148442
0.0190049
0.0192695
0.0184644
0.0184644
0.0213706
0.0187819
0.0256157
0.0225372
0.0225372
0.0236173
0.0112715
0.0199483
0.0197153
0.0215514
0.0181125
0.0168316
0.0173914
0.0152497
0.0235566
0.0181837
0.0178893
0.0151485
0.0124397
0.0124397
0.0176555
0.0176247
0.0169453
0.0164456
0.0150267
0.0150267
0.0150267
0.0168632
0.015777
0.020032
0.015777
0.0164991
0.0221757
0.0165401
0.0211476
0.0159184
0.0159184
0.0268589
0.0162349
0.0198549
0.0206482
0.0131892
0.0263272
0.01202
0.0150267
0.0146074
0.0124397
0.0186989
0.014986
0.0143443
0.0143443
0.0208826
0.0195756
0.0171273
0.0131491
0.0131491
0.0145267
0.00917096
0.0172916
0.0154529
0.019311
0.0182417
0.0227179
0.0118766
0.0175321
0.0255216
0.00470835
0.0138582
0.0138582
0.0184759
0.0228339
0.0137157
0.0125425
0.0143573
0.0164991
0.0167908
0.0194508
0.0167092
0.0206482
0.0141617
0.0206482
0.0126886
0.0126886
0.0167222
0.0160813
0.0186003
0.0186003
0.0155133
0.019339
0.0136755
0.0127285
0.0103251
0.0167686
0.00935472
0.0100628
0.015554
0.0145491
0.0185588
0.0164048
0.0106022
0.0179607
0.0190465
0.0130063
0.0232487
0.0183653
0.0166812
0.0197153
0.0145399
0.00961699
0.0133721
0.014763
0.0125199
0.0112715
0.0134525
0.0130578
0.0122566
0.0122566
0.0130174
0.00827832
0.00827832
0.0119301
0.0114033
0.0142556
0.0141746
0.0120734
0.0120734
0.0120734
0.0127536
0.0158703
0.0195756
0.0153009
0.0153009
0.0186003
0.0146616
0.0155946
0.0158294
0.0106815
0.0106815
0.0126
0.0161939
0.0151592
0.0150673
0.0121134
0.0164581
0.0132294
0.0182249
0.0116933
0.00805504
0.00805504
0.0111399
0.015777
0.0122966
0.00842321
0.0172505
0.00872473
0.0131268
0.0131268
0.0163988
0.0110999
0.0127832
0.0156878
0.0122966
0.015606
0.0160936
0.0128963
0.014621
0.0138704
0.0130063
0.0198088
0.00760834
0.0154529
0.012743
0.010235
0.00997209
0.00692477
0.0139109
0.0139109
0.0123768
0.0120734
0.0113633
0.0106815
0.0178893
0.00580815
0.0174841
0.0174841
0.0138704
0.01185
0.0183849
0.00926238
0.0154235
0.00911783
0.00907837
0.0139514
0.0136471
0.0127939
0.0144384
0.00671438
0.0152903
0.0118766
0.0131491
0.014621
0.0154726
0.0154726
0.0130063
0.0161939
0.0146616
0.0143979
0.00846238
0.00955106
0.00955106
0.0126
0.0142151
0.00854072
0.00989296
0.0132294
0.0132294
0.00861908
0.0165401
0.0114432
0.00760834
0.0193526
0.00265989
0.00265989
0.0136067
0.00621626
0.0147938
0.0114548
0.0111399
0.0111279
0.0111279
0.0111279
0.01181
0.0170274
0.0160527
0.0120333
0.00906556
0.0113633
0.0106815
0.00926238
0.0136876
0.0169547
0.0147022
0.0105221
0.0114033
0.0104187
0.0115467
0.00625494
0.00907837
0.00907837
0.0124798
0.0124798
0.0157475
0.00823917
0.00823917
0.0104583
0.00974873
0.0136471
0.0144384
0.0101558
0.0101558
0.00805504
0.0132294
0.00813328
0.0128233
0.0179307
0.00910479
0.0122566
0.00840758
0.0100766
0.0101954
0.00899945
0.0155651
0.0120734
0.0148848
0.0160117
0.0109047
0.0201158
0.0120333
0.00508475
0.00508475
0.0116138
0.0116138
0.00837993
0.00837993
0.0159521
0.0153827
0.0150775
0.0151485
0.0101954
0.00902633
0.00779262
0.00779262
0.0181539
0.0128233
0.0146616
0.0114702
0.0106815
0.0138985
0.0138985
0.00755534
0.0137962
0.0033685
0.009394
0.010379
0.0105733
0.0130063
0.00830208
0.0143573
0.00995795
0.0101558
0.0109047
0.0153716
0.0153716
0.00989296
0.0103394
-0.00118258
0.00654662
0.00654662
0.0098534
0.0104583
0.0107608
0.0156353
0.0106815
0.00914394
0.0126628
0.0126628
0.0163579
0.0110485
0.015606
0.0123367
0.0151485
0.0151485
0.00987928
0.00785609
0.00785609
0.0103142
0.00880314
0.00827832
0.00978827
0.0125599
0.013362
0.00613891
0.00850155
0.0096563
0.0109047
0.00440865
0.0178784
0.00500812
0.00924947
0.0125199
0.0140936
0.00921021
0.00809416
0.010166
0.00603157
0.00290706
0.012743
0.012743
0.0139109
0.0140936
0.013979
0.00878686
0.00966966
0.00966966
0.0151079
0.0151079
0.00928873
0.00456168
0.00884234
0.00744872
0.011574
0.00595426
0.00744872
0.00383748
0.0106815
0.00831747
0.0122966
0.0107726
0.0107726
0.00633505
0.00419146
0.0119301
0.00662408
0.00667542
0.0122566
0.00175269
0.00647826
0.00647826
0.0033685
0.00809416
0.0128233
0.0123768
0.00993252
0.00993252
0.00722553
0.0085799
0.00902633
0.010235
0.01177
0.0132812
0.0132812
0.0114033
0.00655568
0.01177
0.00924947
0.0079768
0.0132812
0.0132812
0.0104583
0.00509906
0.00911783
0.00712244
0.00712244
0.00934135
0.00720047
0.00236463
0.00915729
0.0142556
0.00880314
0.00655568
0.00923621
0.00974873
0.0128342
0.0144071
0.0144071
0.0144071
0.00961425
0.00742396
0.00359193
0.0117066
0.0117066
0.00742396
0.0106815
0.0119301
0.00813328
0.00692477
0.00910479
0.0153516
0.0141836
0.00130575
0.0100117
0.0100512
0.0116267
0.00768648
0.00479845
0.00231274
0.0124798
0.00643956
0.0155651
0.0148541
0.00528402
0.00569228
0.00813328
0.00735546
0.00982781
0.0112597
0.00371848
0.00371848
0.0118592
0.0100117
0.00907837
0.00756928
0.00861908
0.00861908
0.00697692
0.00840758
0.0116355
0.0116667
0.0109841
0.00764741
0.00764741
0.00663646
0.00411505
0.00322122
0.0152409
0.00765777
0.00787081
0.00596565
0.00105592
0.00663646
0.00663646
0.0115867
0.00855242
0.00344475
0.00670154
0.00670154
0.00704106
0.0135451
0.0135451
0.00742396
0.0054303
0.00823917
0.00764741
0.0101954
0.0144384
0.0104979
0.0085799
0.0114304
0.00422369
0.0109563
0.00599291
0.00569228
0.00889425
0.00839577
0.0108366
0.0091317
0.00926238
0.0108254
0.0108254
0.00787081
0.0132294
0.0132294
0.0085799
0.00800132
0.00800132
0.00504643
0.00921021
0.00725466
0.00725466
0.0110485
0.00283138
0.011351
0.0113907
0.0085799
0.00952532
0.00556948
0.0147122
0.00539171
0.00591562
0.000843368
0.0104979
0.00974873
0.0104039
0.00591562
0.00350499
0.00350499
0.01185
0.00809416
0.00591562
0.00482321
0.0120333
0.0104187
0.0104187
0.0104187
0.0111399
0.00710917
0.00482321
0.00948581
0.0101558
0.00426192
0.00869711
0.00569228
0.0135855
0.00182811
0.00182811
0.00558468
0.00960435
0.00467647
0.0115467
0.00810519
0.0100908
0.00543831
0.00543831
0.00543831
0.0115867
0.0115867
0.0104979
0.00295957
0.0123871
0.0139918
0.00722553
0.00487548
0.00832883
0.0079099
0.00906556
0.0119301
0.0016423
0.0085799
0.0085799
0.00456168
0.00760834
0.00322122
0.00407684
-0.00313638
-0.00313638
0.0140323
0.0148848
0.00554608
0.00448516
0.00670154
0.0128634
0.00885482
0.0063323
0.00114143
0.00114143
0.00956483
