0.0970916
0.10978
0.106229
0.0950399
0.114659
0.116064
0.110425
0.0936514
0.104272
0.107082
0.0987607
0.106799
0.0988209
0.11179
0.104574
0.0988695
0.109437
0.100317
0.0977194
0.0989766
0.114444
0.113711
0.112197
0.111335
0.105373
0.109456
0.114507
0.111335
0.11544
0.110082
0.105872
0.118095
0.104444
0.112608
0.117939
0.119875
0.107555
0.112608
0.119476
0.109952
0.111678
0.119322
0.108071
0.115415
0.11295
0.104402
0.113516
0.114271
0.118111
0.110708
0.106476
0.0958376
0.111335
0.0901525
0.107082
0.112091
0.108182
0.117142
0.118221
0.109324
0.111223
0.108981
0.103361
0.101399
0.101766
0.0945633
0.111849
0.108636
0.119931
0.10691
0.102545
0.107711
0.120732
0.107538
0.122171
0.105414
0.115869
0.105072
0.111495
0.107538
0.107538
0.109437
0.114032
0.115914
0.113194
0.112154
0.111962
0.105545
0.115415
0.101593
0.101804
0.101917
0.0986496
0.100379
0.110017
0.110708
0.110708
0.114315
0.0929471
0.111092
0.113062
0.0970529
0.109496
0.108463
0.116384
0.0997535
0.10049
0.11483
0.105482
0.115587
0.113688
0.106992
0.0912936
0.106627
0.1049
0.102027
0.106
0.111962
0.102431
0.0948477
0.10691
0.106455
0.0967486
0.110536
0.103361
0.101917
0.103645
0.103059
0.108869
0.11295
0.11295
0.106343
0.105545
0.11088
0.0962929
0.105356
0.10226
0.10142
0.0929648
0.114143
0.114961
0.115869
0.0915782
0.096943
0.102545
0.115268
0.1079
0.100361
0.104855
0.105528
0.0995608
0.105028
0.109264
0.1049
0.105545
0.10049
0.109324
0.103533
0.104402
0.106172
0.117997
0.103645
0.108636
0.101461
0.101461
0.103517
0.114659
0.113819
0.102717
0.1161
0.111223
0.110065
0.115415
0.116213
0.113405
0.127516
0.10978
0.0978331
0.0978331
0.111445
0.0992767
0.101633
0.116213
0.105072
0.105827
0.113576
0.0940471
0.107163
0.114961
0.0985879
0.105373
0.107192
0.0996902
0.0990428
0.112762
0.0995608
0.0995608
0.109324
0.102373
0.109456
0.104919
0.104919
0.100189
0.100189
0.1041
0.1041
0.109245
0.0988695
0.114487
0.108831
0.11179
0.105243
0.0976608
0.103127
0.108071
0.112889
0.0995608
0.108526
0.100834
0.101006
0.0978331
0.109264
0.109264
0.110082
0.10319
0.108698
0.101917
0.099237
0.108698
0.1057
0.108071
0.0958376
0.122171
0.105201
0.101461
0.0968804
0.107555
0.114771
0.112544
0.112544
0.110865
0.109564
0.108809
0.115869
0.107102
0.116213
0.110363
0.11179
0.103472
0.102829
0.115587
0.109496
0.103776
0.0970916
0.108526
0.101448
0.103174
0.116688
0.111678
0.0995817
0.111465
0.106343
0.101289
0.109153
0.104728
0.0866896
0.11507
0.103988
0.117595
0.116384
0.114617
0.108055
0.113062
0.110082
0.0898076
0.120447
0.101975
0.108526
0.118049
0.121715
0.10226
0.110425
0.110425
0.107769
0.103988
0.108981
0.0999044
0.103645
0.10226
0.115415
0.100704
0.105356
0.0986496
0.117011
0.119819
0.114789
0.105717
0.100771
0.114032
0.111335
0.115999
0.117939
0.10834
0.116384
0.107728
0.105545
0.0956484
0.103472
0.118049
0.118524
0.106799
0.11202
0.114032
0.106455
0.12143
0.115758
0.104574
0.120463
0.106282
0.103361
0.107598
0.104272
0.120008
0.10682
0.100035
0.1057
0.108397
0.115415
0.109609
0.106131
0.112091
0.10682
0.115286
0.111335
0.0983058
0.0959491
0.111052
0.0950197
0.109264
0.116969
0.108182
0.108981
0.112717
0.1212
0.107102
0.111507
0.105872
0.104615
0.0948681
0.0948681
0.109952
0.10226
0.0987841
0.0943916
0.0918621
0.106
0.109111
0.112933
0.108636
0.103688
0.0927923
0.0972045
0.107255
0.101633
0.113087
0.108226
0.104261
0.115999
0.114032
0.105545
0.115856
0.116748
0.105356
0.103988
0.0969202
0.107383
0.111052
0.11902
0.104787
0.114897
0.112263
0.108009
0.106
0.0976608
0.0916896
0.113562
0.10978
0.0962777
0.089354
0.101744
0.106282
0.0961621
0.102373
0.104159
0.109284
0.110536
0.108243
0.113405
0.111394
0.111618
0.102132
0.0981765
0.0920342
0.102089
0.0995608
0.103988
0.0988055
0.115474
0.114373
0.111678
0.0956038
0.0930251
0.10697
0.0973765
0.10319
0.0956484
0.0993885
0.0887035
0.104159
0.102735
0.0936342
0.110425
0.101289
0.101791
0.102046
0.0994095
0.093404
0.0957766
0.0956484
0.0956484
0.102499
0.110425
0.0972045
0.105373
0.0926625
0.102089
0.0997328
0.0940923
0.0983477
0.0913666
0.0970322
0.0979103
0.0926625
0.100944
0.109609
0.106538
0.103174
0.109496
0.0925483
0.0890336
0.104787
0.0984779
0.0981765
0.100317
0.102089
0.11088
0.11088
0.107617
0.103704
0.103704
0.105128
0.10319
0.10319
0.0988209
0.107883
0.105091
0.118221
0.118221
0.119666
0.113676
0.117011
0.108981
0.11295
0.108869
0.111962
0.103645
0.108182
0.100834
0.0984779
0.101161
0.116668
0.110237
0.109609
0.0987607
0.103927
0.105028
0.100189
0.106172
0.104919
0.11099
0.0951914
0.110363
0.102829
0.107836
0.105308
0.113516
0.109284
0.110597
0.105717
0.103174
0.117939
0.111495
0.109737
0.111962
0.098634
0.102545
0.10697
0.102888
0.105545
0.0964643
0.110254
0.113258
0.115758
0.101117
0.114487
0.114143
0.116213
0.098023
0.0959491
0.109628
0.0971605
0.113104
0.0988209
0.103059
0.121372
0.104444
0.109952
0.118908
0.119947
0.106329
0.112933
0.106627
0.105072
0.1041
0.114961
0.114961
0.102089
0.114507
0.11483
0.106476
0.104787
0.10226
0.10226
0.101804
0.103361
0.114487
0.0945633
0.11099
0.11099
0.122776
0.108463
0.109628
0.107728
0.106627
0.106627
0.106172
0.113405
0.0986496
0.111678
0.100646
0.109091
0.10319
0.114961
0.110708
0.101399
0.100818
0.107383
0.107141
0.107141
0.113819
0.108683
0.110536
0.107255
0.109324
0.093137
0.100944
0.100944
0.0948477
0.093764
0.105545
0.111849
0.105373
0.108243
0.117124
0.100379
0.11386
0.110768
0.108226
0.123679
0.110123
0.106799
0.111638
0.1033
0.106304
0.107555
0.0948477
0.114943
0.0978512
0.100944
0.112436
0.112436
0.108354
0.111185
0.0762767
0.103988
0.10114
0.108417
0.108981
0.114961
0.107274
0.099105
0.102717
0.0933088
0.104261
0.0946754
0.0967486
0.10319
0.0970322
0.0928539
0.103645
0.0992159
0.0992159
0.0901904
0.0933088
0.098933
0.0956484
0.111052
0.111052
0.0998443
0.0945027
0.0912342
0.1079
0.102373
0.109153
0.108243
0.113405
0.112933
0.116384
0.101633
0.107102
0.108354
0.099237
0.108568
0.108354
0.0970789
0.114961
0.111507
0.101917
0.0943916
0.109496
0.0923772
0.0932466
0.0873178
0.107255
0.102089
0.106172
0.105028
0.0967074
0.0965765
0.104465
0.0961212
0.0970322
0.0927923
0.106627
0.0965765
0.101289
0.101289
0.0973765
0.100361
0.105072
0.093463
0.0995608
0.103668
0.0962929
0.0907618
0.116668
0.0972251
0.0978331
0.0953222
0.0888015
0.0888015
0.0990641
0.106
0.0954944
0.0956944
0.103361
0.107141
0.107728
0.104574
0.113516
0.113747
0.100208
0.100208
0.0903047
0.0948477
0.107883
0.0970916
0.112608
0.108698
0.109324
0.100662
0.107883
0.107883
0.0997328
0.106059
0.106059
0.109609
0.0959746
0.0967486
0.105072
0.105072
0.0961212
0.0924905
0.0924905
0.0947346
0.106929
0.0936342
0.0846142
0.08922
0.0992767
0.103059
0.111962
0.105655
0.105655
0.09407
0.103345
0.106
0.103059
0.0959491
0.1079
0.103817
0.0972045
0.102673
0.107598
0.103817
0.0904344
0.0924905
0.116496
0.104787
0.104402
0.0967486
0.0968595
0.105373
0.110123
0.109324
0.104747
0.115587
0.104808
0.104808
0.108526
0.108526
0.108354
0.1022
0.104615
0.10904
0.104272
0.104747
0.103018
0.10978
0.110425
0.103472
0.0870329
0.106043
0.0992767
0.103419
0.0918621
0.106737
0.101744
0.102563
0.098634
0.098634
0.0896983
0.103974
0.103517
0.0992998
0.111638
0.109153
0.109153
0.106757
0.107426
0.106627
0.099448
0.099448
0.104228
0.100017
0.11202
0.0992767
0.105091
0.108981
0.105888
0.103018
0.117314
0.115645
0.121221
0.108722
0.100968
0.100968
0.0996902
0.0987841
0.089848
0.0969202
0.102452
0.102452
0.102452
0.113234
0.0970529
0.105227
0.0983316
0.108584
0.103361
0.103361
0.110794
0.0927923
0.0848401
0.0931646
0.11066
0.104668
0.106085
0.100467
0.088791
0.0902121
0.0912936
0.0945233
0.0986115
0.100317
0.0988463
0.0933088
0.103078
0.0965996
0.100551
0.0988463
0.103106
0.104293
0.104293
0.0923994
0.10353
0.0917123
0.102281
0.100096
0.100096
0.0829637
0.116517
0.104841
0.106196
0.111247
0.107788
0.104637
0.0953826
0.106024
0.0968804
0.0925105
0.102281
0.0741136
0.0939358
0.102872
0.100096
0.0929648
0.0959746
0.0959746
0.0959746
0.0946183
0.0990172
0.0838746
0.0873396
0.098051
0.101827
0.102907
0.0961466
0.0903826
0.0985362
0.0916029
0.103559
0.0988209
0.100236
0.0974274
0.0956939
0.0972851
0.0873396
0.0934803
0.0936514
0.0971142
0.097397
0.0977396
0.0852626
0.0892445
0.0921657
0.0953826
0.094303
0.0936171
0.0975481
0.106367
0.0998122
0.101827
0.0862605
0.0983655
0.0933363
0.0933363
0.100127
0.0873396
0.0895585
0.0870909
0.0879952
0.0959234
0.0993328
0.0996745
0.0897304
0.0917742
0.0906965
0.0916981
0.090073
0.0835936
0.0919595
0.0864684
0.0831347
0.0986751
0.0916376
0.0941669
0.0993328
0.102281
0.0865418
0.0886196
0.100896
0.0946183
0.100896
0.0988817
0.0935449
0.094132
0.0925805
0.10186
0.10407
0.100167
0.103106
0.0931646
0.0993328
0.101346
0.0983673
0.102824
0.0881405
0.0980889
0.0879952
0.0955222
0.096244
0.0975076
0.113725
0.103703
0.10377
0.116173
0.113196
0.129406
0.111275
0.115458
0.110223
0.104303
0.0987904
0.11947
0.124959
0.112239
0.121306
0.113802
0.106739
0.114933
0.117032
0.117555
0.119219
0.117727
0.119715
0.11319
0.103944
0.119642
0.112578
0.112578
0.115276
0.111357
0.109612
0.10569
0.104899
0.120252
0.116499
0.098445
0.0946036
0.108039
0.109163
0.105606
0.106024
0.109436
0.119391
0.0956489
0.108135
0.108135
0.110046
0.0998357
0.110835
0.125506
0.121543
0.114697
0.114697
0.118852
0.149954
0.141187
0.142465
0.13243
0.133323
0.137057
0.132258
0.141408
0.137426
0.139752
0.119766
0.119766
0.1423
0.135128
0.140576
0.135666
0.133145
0.146926
0.146926
0.134831
0.141156
0.148865
0.123269
0.145143
0.142538
0.137981
0.133835
0.135602
0.142991
0.130484
0.123881
0.128788
0.119895
0.11544
0.127261
0.125505
0.124848
0.111389
0.117933
0.119694
0.143192
0.127542
0.12927
0.134311
0.134141
0.121112
0.123497
0.122876
0.136941
0.126469
0.12664
0.120065
0.127488
0.128028
0.129612
0.120974
0.125362
0.125362
0.118683
0.125081
0.131681
0.123463
0.125848
0.116919
0.133298
0.133298
0.12664
0.119755
0.115049
0.116097
0.114315
0.110794
0.108413
0.110059
0.116295
0.122107
0.124798
0.11729
0.129161
0.123238
0.120264
0.118512
0.114879
0.111474
0.111961
0.107987
0.12871
0.118534
0.112977
0.118871
0.116012
0.117684
0.111135
0.11689
0.121656
0.121339
0.120095
0.124289
0.118852
0.129612
0.12854
0.124008
0.120264
0.115672
0.121
0.119755
0.128506
0.122899
0.124459
0.125137
0.112552
0.117402
0.115842
0.116634
0.117258
0.113827
0.113827
0.109945
0.113205
0.122899
0.124598
0.116499
0.111928
0.120717
0.115389
0.108986
0.129331
0.115219
0.120095
0.130574
0.125955
0.116012
0.129639
0.129782
0.12837
0.125392
0.121559
0.11808
0.116465
0.106742
0.125589
0.125227
0.131366
0.134821
0.110681
0.12809
0.11712
0.13796
0.119925
0.123743
0.140139
0.124684
0.123407
0.116669
0.129976
0.130574
0.116838
0.125137
0.123407
0.120095
0.120585
0.123387
0.117911
0.111811
0.114484
0.11635
0.114315
0.101203
0.119925
0.128879
0.119494
0.110872
0.112721
0.11712
0.125899
0.11289
0.123895
0.112266
0.122469
0.124684
0.118871
0.135929
0.116723
0.1295
0.119271
0.122776
0.116159
0.126749
0.12063
0.112605
0.131076
0.135323
0.12886
0.123811
0.131987
0.123986
0.115241
0.116636
0.116903
0.129221
0.112475
0.122218
0.105237
0.102692
0.0898307
0.0853898
0.0982273
0.0854551
0.0793148
0.0852283
0.0735282
0.0675566
0.0770853
0.0701788
0.0589699
0.022699
0.0220451
0.0306652
0.0485912
0.0521329
0.0492145
0.0649975
0.0798986
0.0798986
0.105921
0.106248
0.164985
0.200001
0.23038
0.252103
0.266799
0.280396
0.302774
0.336537
0.331639
0.336893
0.336893
0.293091
0.2989
0.295319
0.280328
0.256621
0.237433
0.219565
0.209
0.194402
0.185291
0.177362
0.175971
0.158304
0.148509
0.139147
0.133604
0.138863
0.129852
0.125664
0.121727
0.122961
0.112044
0.120672
0.123923
0.130216
0.132992
0.124782
0.134183
0.12686
0.133265
0.132444
0.141312
0.155566
0.179884
0.160953
0.176728
0.17618
0.178209
0.181007
0.16361
0.158727
0.151425
0.149439
0.13229
0.138961
0.139946
0.134872
0.11411
0.113482
0.0813724
0.100931
0.102771
0.0882938
0.0923696
0.097319
0.0714874
0.0479992
0.0662501
0.0658787
0.0533133
0.0483064
0.0447031
0.0460821
0.0448083
0.0552385
0.0552385
0.0585612
0.0700649
0.0761831
0.0683038
0.0734155
0.0608417
0.0707304
0.0840333
0.0754163
0.0679966
0.071552
0.0636632
0.0739165
0.0758041
0.0717912
0.0683734
0.0588668
0.0582402
0.0616406
0.0616406
0.0652605
0.0635217
0.0644341
0.0557162
0.0612722
0.0759173
0.0777833
0.0784813
0.0772596
0.0743509
0.0721332
0.0761801
0.0761801
0.083415
0.079364
0.0759336
0.0744184
0.0824352
0.0828616
0.06712
0.0663085
0.0682005
0.0552507
0.047034
0.0692356
0.0727586
0.0691592
0.0694939
0.0806237
0.0814331
0.0987244
0.113724
0.113724
0.115325
0.142055
0.153989
0.165324
0.160073
0.159751
0.168107
0.170891
0.159345
0.164061
0.166468
0.149578
0.144484
0.135383
0.126649
0.130206
0.131499
0.129583
0.141454
0.114751
0.123627
0.123627
0.111233
0.117136
0.10682
0.116034
0.118371
0.105415
0.10308
0.101088
0.106595
0.0945879
0.105989
0.0931277
0.101855
0.0969412
0.100255
0.0953887
0.0994866
0.0994866
0.0917101
0.091778
0.0958737
0.104871
0.109978
0.103633
0.111117
0.113133
0.13192
0.129644
0.134872
0.148155
0.155231
0.135871
0.165313
0.15241
0.152078
0.160107
0.160221
0.160221
0.144793
0.137909
0.137161
0.139044
0.141801
0.13561
0.133578
0.146902
0.138915
0.133553
0.141996
0.143682
0.142759
0.137417
0.148461
0.149023
0.146296
0.138378
0.134501
0.118606
0.133572
0.133651
0.106556
0.123466
0.101661
0.105552
0.110375
0.0944691
0.0988805
0.100274
0.0927005
0.0765336
0.0876474
0.0842848
0.0845625
0.0849831
0.093081
0.08936
0.0844078
0.078356
0.0695443
0.0759084
0.0694793
0.0756886
0.0633531
0.0603152
0.061959
0.052502
0.059565
0.051983
0.0559604
0.0651554
0.0549766
0.0422832
0.0595787
0.0643435
0.0593595
0.0342411
0.055495
0.0507877
0.0390724
0.0512147
0.0484249
0.0530744
0.0533032
0.0531559
0.0476781
0.061811
0.0500729
0.0619844
0.0540217
0.0520747
0.0505227
0.0392965
0.0461939
0.0551023
0.0556014
0.0527117
0.0551551
0.0513606
0.0514141
0.0540828
0.0520747
0.0485866
0.0576537
0.0797163
0.0680814
0.0667291
0.0733477
0.0730648
0.0730648
0.0624005
0.0724523
0.0647984
0.0645071
0.0792082
0.070612
0.070612
0.071484
0.0654781
0.0646097
0.075803
0.080188
0.073738
0.0890525
0.0947395
0.0975782
0.100615
0.119469
0.121292
0.128082
0.139659
0.122326
0.146695
0.152033
0.154626
0.154678
0.161134
0.164372
0.162047
0.167021
0.167114
0.157401
0.175882
0.175882
0.180281
0.185823
0.176467
0.175631
0.179402
0.187799
0.185661
0.196879
0.191031
0.200805
0.210066
0.210066
0.213412
0.218003
0.213122
0.221842
0.218935
0.21874
0.226649
0.234681
0.216185
0.223152
0.212194
0.220406
0.204917
0.230155
0.228391
0.236962
0.238265
0.258745
0.258745
0.259901
0.264001
0.264836
0.275262
0.273909
0.275452
0.279489
0.284547
0.285939
0.287146
0.269992
0.261898
0.258311
0.242977
0.247317
0.253565
0.24745
0.24745
0.251506
0.244311
0.234316
0.250292
0.240363
0.236175
0.231733
0.233687
0.236189
0.237709
0.241379
0.237236
0.245649
0.238642
0.242405
0.236894
0.235702
0.233998
0.229417
0.222752
0.222831
0.222831
0.232032
0.241626
0.261005
0.251822
0.227202
0.237175
0.206353
0.215462
0.214346
0.219151
0.212382
0.225725
0.205884
0.210156
0.194725
0.188832
0.192729
0.18328
0.203548
0.206377
0.191094
0.191348
0.191979
0.185786
0.178382
0.192788
0.186633
0.18708
0.17254
0.174789
0.17532
0.176515
0.171697
0.175448
0.163729
0.153488
0.160955
0.136861
0.145304
0.143835
0.154409
0.166209
0.154611
0.154784
0.140193
0.129857
0.128829
0.133605
0.145694
0.144222
0.13649
0.137442
0.141004
0.145184
0.143173
0.132142
0.144221
0.139177
0.135876
0.138047
0.129813
0.140753
0.115368
0.136233
0.126308
0.121104
0.124656
0.124566
0.121449
0.126323
0.131796
0.129431
0.133084
0.119608
0.130808
0.127247
0.13785
0.123431
0.130714
0.124549
0.128716
0.132055
0.121081
0.121338
0.121338
0.126841
0.117376
0.116058
0.122849
0.10131
0.106921
0.112599
0.112698
0.0992702
0.112094
0.117522
0.0968857
0.105783
0.0971394
0.116265
0.0874604
0.0939066
0.11703
0.100484
0.103036
0.110289
0.10191
0.10958
0.105386
0.119311
0.121574
0.121574
0.107209
0.122681
0.108325
0.110811
0.113903
0.121457
0.109722
0.100787
0.122207
0.108085
0.106298
0.111971
0.111971
0.0984871
0.0943088
0.106319
0.0942006
0.0864202
0.0979074
0.0840546
0.0936394
0.0987064
0.105418
0.081997
0.086461
0.0801287
0.0758517
0.0846524
0.0778217
0.0784191
0.0860835
0.0860835
0.0822403
0.0862487
0.0811751
0.0879305
0.0913107
0.0903215
0.0884258
0.08881
0.0852219
0.0822264
0.0861345
0.0821909
0.0862685
0.0831768
0.0841271
0.084406
0.0760578
0.0790257
0.0799047
0.0823678
0.0848653
0.0739228
0.0811762
0.0927353
0.089693
0.086015
0.0804547
0.0812505
0.0767701
0.088331
0.100961
0.0896541
0.0961164
0.0900934
0.0813791
0.0741789
0.0932912
0.0904645
0.0800559
0.0782414
0.074512
0.0816292
0.0847775
0.0806684
0.0896656
0.0896656
0.101123
0.0884968
0.0827562
0.0899276
0.0827241
0.077145
0.08969
0.0896656
0.0883761
0.0913014
0.0947407
0.0871863
0.0881328
0.0884968
0.0869709
0.0795288
0.077384
0.0868541
0.0687668
0.0813896
0.0846816
0.089189
0.0839811
0.0849217
0.0849217
0.0825843
0.0944079
0.0938123
0.0774039
0.0763253
0.0948713
0.0861367
0.0856708
0.0950793
0.0921642
0.0776488
0.0757805
0.0770508
0.0872082
0.0904016
0.07445
0.0825471
0.0861001
0.0793842
0.0927608
0.0902871
0.0898181
0.0979603
0.0868941
0.102909
0.102078
0.0854612
0.0990631
0.103272
0.0886244
0.0811816
0.089691
0.08971
0.104897
0.078051
0.10114
0.0984348
0.0892376
0.0985291
0.096298
0.0964073
0.0919273
0.0906381
0.0972568
0.0932168
0.0972653
0.107025
0.0981941
0.109743
0.0938123
0.0971329
0.097864
0.0915852
0.0915805
0.0985617
0.10182
0.0854699
0.0889926
0.0773235
0.099258
0.0907792
0.0922566
0.0965642
0.0958599
0.10301
0.0907489
0.0829607
0.0890861
0.0764575
0.0931119
0.0898239
0.0855691
0.0832029
0.0924545
0.0933807
0.0844033
0.0885281
0.0969002
0.0969002
0.0793172
0.0856661
0.0934786
0.0861681
0.0956051
0.0904226
0.0874641
0.0947746
0.108917
0.0862949
0.090544
0.0845339
0.0980638
0.0987935
0.0895575
0.0878311
0.0911196
0.0939414
0.0939414
0.0850076
0.0886625
0.0986962
0.0953012
0.0953012
0.0919987
0.0783486
0.0789733
0.0836824
0.079447
0.0783507
0.0929148
0.0860717
0.0900566
0.0963892
0.0948059
0.103164
0.111384
0.100352
0.109507
0.101137
0.10289
0.102989
0.0998962
0.0998962
0.0936567
0.100166
0.0954514
0.0947665
0.0980426
0.0781821
0.100166
0.0926414
0.0943143
0.0913517
0.101331
0.0884799
0.105811
0.0835291
0.103138
0.0996975
0.0953702
0.103787
0.10207
0.10207
0.0973658
0.102164
0.092881
0.0965308
0.098977
0.10771
0.10771
0.101235
0.0760426
0.100238
0.0980534
0.0987466
0.0927371
0.0972229
0.086724
0.104666
0.0854848
0.0919562
0.0946871
0.0962183
0.0957562
0.0954693
0.1055
0.0969087
0.0877894
0.104208
0.104499
0.101245
0.108684
0.094546
0.0993253
0.0993253
0.110958
0.101768
0.100932
0.110584
0.107397
0.0938607
0.102683
0.102221
0.115292
0.100238
0.117875
0.109749
0.101162
0.106018
0.107164
0.106249
0.115896
0.112023
0.0921879
0.117357
0.119164
0.124931
0.103431
0.100624
0.108834
0.103978
0.107164
0.093946
0.103603
0.102288
0.115377
0.101162
0.100477
0.100477
0.0919035
0.0904409
0.0991191
0.0904409
0.0949273
0.0905878
0.101622
0.104354
0.0932552
0.1055
0.103978
0.108904
0.105644
0.0986609
0.107085
0.091277
0.102143
0.10815
0.103288
0.107691
0.10746
0.105874
0.110353
0.110353
0.106479
0.10321
0.0962217
0.0983498
0.102683
0.102143
0.104644
0.108314
0.101537
0.0978817
0.0926504
0.107481
0.101622
0.0950098
0.104729
0.115951
0.099612
0.101128
0.10859
0.116302
0.11143
0.0987033
0.111492
0.111817
0.100096
0.091673
0.091673
0.0995564
0.122937
0.107606
0.115123
0.11012
0.101756
0.103503
0.113686
0.117184
0.104268
0.107021
0.110813
0.113235
0.108067
0.0972556
0.101075
0.0982556
0.115187
0.118213
0.111851
0.10746
0.10746
0.0995564
0.106089
0.111938
0.105251
0.111295
0.110454
0.117514
0.107587
0.113366
0.101001
0.113917
0.0969685
0.101075
0.118018
0.118841
0.10889
0.115395
0.114667
0.109122
0.115419
0.105395
0.10775
0.107374
0.104499
0.108297
0.110496
0.117467
0.105232
0.105232
0.111829
0.117234
0.110639
0.110639
0.102079
0.111707
0.113973
0.108193
0.109175
0.104765
0.111223
0.114458
0.112201
0.107727
0.0995858
0.1088
0.109408
0.106911
0.101361
0.104181
0.111013
0.11169
0.118354
0.112339
0.0969518
0.106887
0.110315
0.103858
0.107259
0.0999875
0.106446
0.102037
0.106652
0.119866
0.102176
0.0978367
0.111967
0.11432
0.120068
0.120068
0.0921421
0.106514
0.104159
0.117514
0.102079
0.111126
0.0945393
0.108537
0.0979752
0.102314
0.107024
0.104297
0.101707
0.097062
0.0914378
0.104944
0.0988808
0.100158
0.09383
0.0948053
0.115438
0.0963531
0.089043
0.100158
0.100529
0.0884369
0.0952843
0.10258
0.0938634
0.106276
0.0898865
0.104396
0.111667
0.106589
0.109342
0.0998953
0.090926
0.0915325
0.0927472
0.0874233
0.0944969
0.0948386
0.0852542
0.0923772
0.0927472
0.0927472
0.0904494
0.0973286
0.0918346
0.102674
0.0886328
0.0955321
0.0877234
0.0879616
0.0975928
0.0995794
0.101566
0.101697
0.0935429
0.0975214
0.0955321
0.10435
0.0907062
0.0974102
0.0981274
0.0873734
0.0873734
0.0825274
0.0936013
0.0920897
0.102008
0.101277
0.103096
0.103096
0.102729
0.0925831
0.105747
0.0975933
0.0933035
0.0903517
0.0949886
0.103151
0.0940264
0.100627
0.10563
0.0946312
0.0925831
0.105506
0.104783
0.087316
0.101277
0.0938509
0.101161
0.110338
0.0997784
0.10762
0.110935
0.110935
0.114558
0.103632
0.0902803
0.110583
0.0924565
0.0958425
0.10629
0.106896
0.0991031
0.114922
0.108101
0.10563
0.102182
0.107015
0.115947
0.0962077
0.110033
0.0981341
0.102064
0.0838673
0.102484
0.0951129
0.0933009
0.0874382
0.0987401
0.0987401
0.104118
0.102727
0.107679
0.106774
0.0945114
0.105686
0.0969252
0.106048
0.0960204
0.11136
0.0934855
0.0976474
0.0995245
0.0975294
0.109672
0.100971
0.101871
0.0999445
0.0999445
0.114373
0.112333
0.108575
0.113653
0.117572
0.107011
0.107011
0.111533
0.101871
0.10816
0.11377
0.110454
0.0937822
0.106165
0.122935
0.111416
0.100907
0.0998142
0.107186
0.107186
0.106767
0.109423
0.106465
0.0951012
0.108087
0.106092
0.0962521
0.0988536
0.103866
0.0977027
0.10477
0.0969674
0.0969252
0.107555
0.109837
0.100891
0.108142
0.103678
0.104167
0.101812
0.108989
0.102838
0.089913
0.0984348
0.115033
0.104054
0.0922533
0.0975713
0.0938949
0.11025
0.108583
0.0875372
0.095346
0.116897
0.099456
0.0973791
0.104525
0.1108
0.114544
0.118157
0.108087
0.102091
0.106522
0.0981179
0.111892
0.100363
0.114355
0.107105
0.11906
0.11296
0.11296
0.111617
0.115448
0.109648
0.0935148
0.109156
0.107674
0.110004
0.11025
0.10294
0.101381
0.108252
0.100941
0.115531
0.107896
0.122013
0.122013
0.101434
0.119196
0.116954
0.115312
0.109817
0.1178
0.115508
0.117309
0.120704
0.115092
0.119966
0.118568
0.117121
0.1239
0.112849
0.121412
0.113919
0.113941
0.100672
0.112662
0.122749
0.105738
0.0981179
0.112382
0.110986
0.12931
0.116294
0.118706
0.130108
0.123056
0.120213
0.120213
0.125226
0.112738
0.0991614
0.105846
0.116108
0.121859
0.112849
0.114847
0.11933
0.114801
0.119196
0.110273
0.0997197
0.116652
0.120529
0.113536
0.113781
0.114109
0.10974
0.109673
0.0997197
0.105492
0.107847
0.107074
0.116489
0.107385
0.111647
0.109894
0.104892
0.108474
0.105953
0.112938
0.10292
0.106119
0.112515
0.11434
0.109985
0.107385
0.110801
0.119461
0.110938
0.118177
0.118597
0.101873
0.119614
0.116733
0.113292
0.113292
0.110584
0.111183
0.11156
0.106718
0.106718
0.100318
0.110693
0.119154
0.108583
0.100252
0.10714
0.10714
0.117998
0.103763
0.12281
0.124082
0.115645
0.11367
0.109673
0.110404
0.10503
0.109249
0.119888
0.110517
0.11578
0.109206
0.108607
0.108962
0.11023
0.122484
0.127649
0.106571
0.107806
0.125298
0.113182
0.103519
0.11651
0.116378
0.105057
0.110474
0.115913
0.0962698
0.109767
0.113072
0.113072
0.105379
0.116267
0.120303
0.11434
0.106851
0.118342
0.112828
0.124455
0.113426
0.107094
0.114232
0.116323
0.108293
0.110048
0.113914
0.113879
0.122021
0.131329
0.122727
0.122727
0.125189
0.124726
0.114998
0.111335
0.12381
0.116753
0.123966
0.105897
0.132021
0.114366
0.117072
0.117072
0.118266
0.118266
0.110048
0.125919
0.116267
0.120236
0.118234
0.111205
0.108009
0.104739
0.118638
0.115801
0.116367
0.116367
0.111803
0.124968
0.111416
0.110954
0.107223
0.109304
0.107898
0.111389
0.108222
0.1144
0.121182
0.116851
0.104593
0.0999903
0.123291
0.107059
0.100831
0.107433
0.111335
0.0958678
0.113418
0.109788
0.0996564
0.11377
0.108114
0.117575
0.110384
0.114366
0.111437
0.123798
0.116996
0.115801
0.106353
0.0921276
0.098007
0.111287
0.107079
0.107079
0.105801
0.111901
0.108136
0.11874
0.117774
0.114032
0.118962
0.113902
0.109349
0.102963
0.111588
0.114255
0.109323
0.114851
0.110732
0.0970572
0.11817
0.120259
0.113107
0.128983
0.10921
0.11698
0.122853
0.10897
0.117461
0.10897
0.112781
0.121598
0.10001
0.114032
0.110158
0.11416
0.11416
0.118056
0.111805
0.118868
0.106726
0.114626
0.112867
0.117347
0.0983763
0.110158
0.0948124
0.0935452
0.104289
0.110398
0.111805
0.104166
0.0996922
0.107688
0.110168
0.117795
0.122982
0.111117
0.116514
0.110168
0.11571
0.10945
0.116542
0.122886
0.103339
0.107813
0.10969
0.106981
0.113102
0.105218
0.11937
0.119461
0.121486
0.109477
0.101337
0.101337
0.116401
0.10945
0.111452
0.10724
0.114878
0.101098
0.112975
0.112524
0.108504
0.124854
0.115587
0.116754
0.101307
0.102495
0.113355
0.108391
0.1217
0.116525
0.108265
0.106172
0.111577
0.107095
0.101082
0.111692
0.110395
0.110173
0.111331
0.102391
0.107912
0.111577
0.121471
0.129701
0.136991
0.136991
0.117238
0.117108
0.123471
0.117346
0.111109
0.132879
0.131591
0.127235
0.127235
0.126061
0.118648
0.118648
0.151206
0.132412
0.131238
0.135466
0.116647
0.121122
0.134178
0.134886
0.127945
0.132884
0.129712
0.124064
0.124064
0.125949
0.131591
0.121357
0.127242
0.136179
0.132415
0.129588
0.121008
0.114058
0.133004
0.136057
0.136057
0.115116
0.129588
0.110047
0.12041
0.114999
0.123818
0.124529
0.126992
0.13052
0.125705
0.124407
0.124407
0.125103
0.126635
0.122622
0.127687
0.126873
0.110981
0.115238
0.111552
0.108766
0.107253
0.107253
0.0963379
0.111246
0.111246
0.114553
0.118693
0.104338
0.104338
0.116891
0.12866
0.124641
0.101588
0.119707
0.106926
0.106926
0.0998228
0.108444
0.0915724
0.0982898
0.0915805
0.101382
0.100649
0.104631
0.0995789
0.103191
0.102166
0.0956591
0.0956591
0.10129
0.123222
0.106879
0.109016
0.102944
0.0972315
0.105336
0.0989928
0.107488
0.0979243
0.0963935
0.103329
0.0993003
0.105067
0.111469
0.111843
0.121633
0.115282
0.1131
0.0955499
0.0982468
0.0874157
0.0953212
0.111223
0.109324
0.1112
0.107471
0.108256
0.104177
0.106643
0.113897
0.0995785
0.103728
0.107991
0.0997248
0.103617
0.099499
0.10268
0.10268
0.1047
0.108441
0.103503
0.114422
0.10874
0.103687
0.103756
0.0933206
0.0983734
0.109637
0.103355
0.0868432
0.103393
0.0921302
0.099686
0.0943424
0.100731
0.109821
0.109821
0.103039
0.103003
0.101282
0.106489
0.0848839
0.0977748
0.0977748
0.0977748
0.094371
0.0878087
0.0932801
0.111423
0.10244
0.10464
0.106058
0.0988855
0.105775
0.110708
0.0987033
0.0930072
0.0991453
0.0989245
0.0911838
0.0953662
0.0987658
0.104176
0.098103
0.0944889
0.0969689
0.0893895
0.0893895
0.0945468
0.100626
0.0922308
0.0976671
0.0925104
0.0865895
0.0977688
0.100682
0.0960281
0.0908094
0.100463
0.0976671
0.0971666
0.0971666
0.099102
0.100244
0.0798258
0.0996444
0.0891021
0.110652
0.105559
0.101498
0.106979
0.107915
0.0850965
0.0997425
0.0997425
0.103802
0.101498
0.105442
0.0987553
0.114981
0.0923395
0.0907425
0.0868416
0.0959457
0.0937585
0.0807654
0.100561
0.0873458
0.0918982
0.0724532
0.0928847
0.0804802
0.0874445
0.0931542
0.0788205
0.0909594
0.0998874
0.0881653
0.0923334
0.0960125
0.0890402
0.0815705
0.103189
0.0959457
0.0879344
0.0906242
0.0890402
0.0906242
0.0894731
0.107228
0.0975295
0.0878917
0.0926532
0.0786041
0.0999008
0.0828236
0.0911151
0.101093
0.0926532
0.0915448
0.0846421
0.0942338
0.0929835
0.0903345
0.0906681
0.0928267
0.0867244
0.0918748
0.0877599
0.101869
0.0897302
0.0983038
0.0983038
0.0862198
0.0812431
0.0867147
0.104483
0.094118
0.0962621
0.0913678
0.0932985
0.107542
0.096364
0.0947237
0.0948772
0.0944878
0.0835665
0.0966903
0.0944878
0.0821406
0.0751729
0.0933713
0.0801717
0.0800254
0.0871413
0.0787454
0.0859271
0.0889247
0.0914364
0.0754814
0.0851717
0.0884126
0.084599
0.0887695
0.0889247
0.0889247
0.0932781
0.0927352
0.0870145
0.0850495
0.0874099
0.0786657
0.0866835
0.0767527
0.0926739
0.0933044
0.0870386
0.101022
0.0939489
0.084678
0.0909828
0.0891641
0.104524
0.0766311
0.0852832
0.0852832
0.0917341
0.0825465
0.0867043
0.0845524
0.0940094
0.0829431
0.0843438
0.0875197
0.078011
0.0741813
0.0928458
0.0892905
0.0784915
0.0703955
0.0957634
0.0899776
0.0926374
0.081793
0.0782837
0.0774848
0.0952209
0.093482
0.0883501
0.0916502
0.0899661
0.0873289
0.0922559
0.099937
0.0940886
0.0963838
0.0985502
0.100157
0.109983
0.109983
0.086609
0.0947052
0.0913167
0.093082
0.0960467
0.0940988
0.0978102
0.0841986
0.0889691
0.0980148
0.100635
0.077899
0.077899
0.0825032
0.0976703
0.0870199
0.0901916
0.0838473
0.0850689
0.0795347
0.103401
0.0972746
0.0915432
0.0990275
0.0990275
0.0903961
0.0838564
0.090804
0.0856805
0.0945082
0.0990941
0.0823743
0.0976811
0.0792035
0.102799
0.0866932
0.0850689
0.0874349
0.0874349
0.0947838
0.0947838
0.0868956
0.0843319
0.0913541
0.0854803
0.0735361
0.10105
0.0926275
0.0893298
0.0739427
0.0798088
0.08514
0.0781925
0.0819712
0.0817684
0.0804181
0.0939736
0.084127
0.0730597
0.0748834
0.0890534
0.0896605
0.0794067
0.0971422
0.0717106
0.0776526
0.0912803
0.10206
0.0815656
0.0837877
0.0837877
0.0829833
0.0993664
0.0902681
0.0792047
0.0763005
0.0970014
0.0784615
0.0945814
0.0784615
0.0837235
0.0892544
0.0804172
0.0884454
0.0904675
0.0896594
0.0994972
0.0908737
0.0961313
0.102661
0.102661
0.103674
0.0938353
0.0936282
0.0875645
0.0906622
0.100242
0.0892544
0.084195
0.0877015
0.0849386
0.0766396
0.0800112
0.0800112
0.0881023
0.0940354
0.0839879
0.0791282
0.0816266
0.0790645
0.0790645
0.0994923
0.0858021
0.0916673
0.0863488
0.0800727
0.0865274
0.0865274
0.0859416
0.0900562
0.0841878
0.0854037
0.0861412
0.0861412
0.0867562
0.0833216
0.099559
0.0865486
0.0786571
0.0822345
0.0848715
0.102461
0.0971391
0.0974003
0.0934284
0.0768935
0.0879021
0.0985448
0.0841878
0.0857418
0.100703
0.0800727
0.0991595
0.0843955
0.0873644
0.0873644
0.0936282
0.0957794
0.0926829
0.0990135
0.0948426
0.0930804
0.0916108
0.091938
0.0895062
0.10353
0.0969342
0.0960471
0.0836257
0.0899147
0.0859329
0.0927283
0.0926155
0.0890981
0.0790567
0.0847726
0.0840362
0.0869472
0.0875424
0.0944236
0.0944236
0.0881496
0.0938866
0.0845864
0.0892825
0.0883611
0.0928691
0.0895631
0.0901002
0.0859867
0.0712049
0.0841663
0.0814615
0.0855767
0.0844127
0.10009
0.108229
0.0812642
0.0898882
0.0886773
0.0940679
0.0884921
0.0973889
0.10487
0.0909193
0.0917086
0.110585
0.0897602
0.0944789
0.105873
0.089957
0.0810509
0.0804587
0.0831987
0.0915118
0.0866094
0.0809442
0.0873308
0.0961642
0.0712049
0.0867376
0.0897767
0.0890981
0.0879374
0.0934607
0.0915438
0.0956229
0.0989814
0.0826594
0.0919227
0.0989814
0.0995886
0.0995886
0.0912786
0.0846086
0.0753087
0.0856069
0.0824632
0.104433
0.0908873
0.089134
0.0912978
0.101535
0.0895453
0.0851816
0.100536
0.100142
0.090477
0.0999302
0.095068
0.0929046
0.0934427
0.090762
0.0892825
0.0984252
0.0978174
0.0809065
0.0836092
0.0940021
0.0940021
0.0848244
0.0952636
0.0918852
0.0954098
0.0954098
0.107853
0.0964563
0.0911536
0.0948514
0.105251
0.096408
0.109407
0.107267
0.0937081
0.109427
0.086558
0.101172
0.0932469
0.0930999
0.0914939
0.111567
0.0958018
0.106105
0.0954802
0.0954802
0.0846824
0.0845447
0.0938534
0.0970647
0.0952636
0.0952636
0.0856289
0.0901534
0.0786707
0.0940491
0.0732097
0.0919325
0.0908182
0.100175
0.0989618
0.0917086
0.0787403
0.0897415
0.0846086
0.0794734
0.0939826
0.0820514
0.102728
0.0838541
0.0924923
0.10132
0.109992
0.109992
0.0903276
0.0921527
0.0935129
0.0947062
0.0741405
0.0966034
0.0938333
0.0885755
0.0974265
0.0988145
0.0872382
0.0976221
0.0942224
0.0939262
0.10178
0.0947062
0.094028
0.0898173
0.0952411
0.0821019
0.0960426
0.0799348
0.0952411
0.0964563
0.0964563
0.101366
0.0923472
0.111179
0.111011
0.0898173
0.0895983
0.0930999
0.10037
0.0966504
0.111011
0.0936837
0.102728
0.0835163
0.0883565
0.0834637
0.10297
0.100392
0.104673
0.0954353
0.0897931
0.0996168
0.0920802
0.0925413
0.100032
0.102897
0.0923472
0.09113
0.0913243
0.102583
0.0943169
0.110551
0.0918852
0.0796895
0.101021
0.101414
0.1
0.105931
0.0990336
0.0976423
0.094872
0.0943398
0.0919051
0.108071
0.102533
0.0895453
0.0901534
0.089957
0.0946756
0.089152
0.086558
0.0940491
0.0968191
0.0887938
0.0907405
0.0954802
0.0802761
0.090958
0.0992024
0.0992024
0.0839805
0.0881851
0.0907166
0.0887938
0.0992284
0.0883805
0.08602
0.0870184
0.0909354
0.109288
0.0999579
0.0864335
0.0864335
0.097794
0.0913243
0.0928819
0.0924923
0.0924923
0.106518
0.110014
0.0870184
0.0936837
0.105473
0.113491
0.104478
0.103116
0.0932949
0.0980614
0.0963127
0.0879675
0.0996168
0.100953
0.0856826
0.107296
0.0899876
0.103917
0.109431
0.110209
0.0903276
0.10309
0.100032
0.0998372
0.0988145
0.0924693
0.0990872
0.0968442
0.109044
0.101298
0.103724
0.101366
0.104911
0.10037
0.109816
0.0944855
0.0987883
0.105061
0.112394
0.112394
0.0984252
0.0992024
0.0938776
0.109652
0.10156
0.0978677
0.0938776
0.0990086
0.0960426
0.113366
0.10297
0.108824
0.111063
0.111063
0.0966504
0.101947
0.102554
0.10156
0.10494
0.10251
0.103917
0.10895
0.112172
0.105104
0.101879
0.10783
0.104111
0.109238
0.110039
0.103802
0.101366
0.10783
0.106274
0.103192
0.103917
0.104137
0.103889
0.0915182
0.104911
0.104911
0.110622
0.0859696
0.100346
0.102168
0.101974
0.0934637
0.0934637
0.0934895
0.105104
0.0954353
0.103475
0.101366
0.0952874
0.0919049
0.104331
0.103917
0.0960426
0.101724
0.0942345
0.086798
0.105742
0.0995457
0.0995457
0.108901
0.108901
0.0968914
0.104304
0.0919813
0.107313
0.114112
0.108068
0.115934
0.107045
0.109431
0.112172
0.105104
0.100998
0.112407
0.106024
0.104605
0.100965
0.10666
0.105104
0.109816
0.0968914
0.0976158
0.0903461
0.106853
0.100774
0.100774
0.0952572
0.100346
0.0962088
0.0995889
0.0995889
0.104798
0.0982238
0.0952572
0.0989814
0.0937306
0.0925129
0.111757
0.0970083
0.103163
0.100319
0.0905385
0.0954804
0.0995586
0.0844089
0.0894288
0.0846759
0.104765
0.0964013
0.0927495
0.0980315
0.0980315
0.101753
0.0972396
0.0920668
0.0856254
0.0888187
0.0893623
0.0887873
0.0794626
0.0850595
0.0916828
0.094457
0.094457
0.0839941
0.102523
0.0999739
0.0966989
0.0950648
0.097392
0.097392
0.0946495
0.107652
0.102939
0.0978078
0.087986
0.096282
0.113771
0.0946902
0.086619
0.0975833
0.0941155
0.0879541
0.102409
0.0939233
0.0954804
0.116158
0.096282
0.102715
0.095143
0.0881784
0.0899304
0.102182
0.102331
0.105712
0.101532
0.104156
0.102564
0.0964402
0.103131
0.1102
0.0994416
0.104911
0.108603
0.108643
0.0966661
0.108835
0.0997503
0.0987985
0.0987985
0.103131
0.102554
0.1026
0.0952995
0.0855934
0.110545
0.10074
0.101799
0.104312
0.106822
0.104156
0.0994416
0.109785
0.104122
0.103821
0.0996334
0.112364
0.0982238
0.107844
0.105263
0.100207
0.0988324
0.101347
0.110008
0.0964742
0.0986073
0.106478
0.103964
0.108795
0.0934731
0.0934731
0.0954492
0.0958321
0.109431
0.101382
0.103821
0.102944
0.108227
0.0933142
0.0834568
0.10553
0.10093
0.104348
0.0972396
0.0933219
0.103931
0.092558
0.10119
0.0893256
0.0946176
0.105148
0.0996334
0.0976935
0.0909625
0.100207
0.115134
0.126678
0.0931682
0.0931682
0.0855934
0.100625
0.0942723
0.0868107
0.0959458
0.0954903
0.0893623
0.0873836
0.0891353
0.0929406
0.108076
0.101573
0.107468
0.0994069
0.0949169
0.100357
0.102108
0.0989894
0.0989894
0.106896
0.107087
0.10473
0.102146
0.11047
0.109252
0.109252
0.110774
0.108036
0.0984157
0.102715
0.104921
0.0960231
0.101426
0.106896
0.0931314
0.105111
0.0891353
0.105072
0.105072
0.10568
0.102108
0.101955
0.102939
0.0966311
0.095527
0.108418
0.0989894
0.100816
0.100205
0.0956807
0.0982677
0.0982677
0.102409
0.112442
0.0987985
0.0966311
0.0970488
0.103783
0.0938901
0.101765
0.0901624
0.0916855
0.0916855
0.102373
0.0935507
0.112971
0.0956063
0.0929406
0.103593
0.105488
0.0995977
0.107886
0.106442
0.0884122
0.0971676
0.0964402
0.105111
0.100587
0.100587
0.094653
0.0959095
0.102792
0.117306
0.105072
0.101006
0.103288
0.0986487
0.102373
0.0998248
0.105949
0.0895886
0.0989894
0.0983816
0.0928622
0.107428
0.0971309
0.105072
0.0865842
0.0942348
0.104121
0.102185
0.0879928
0.0935507
0.101006
0.0990243
0.0989894
0.101426
0.0915727
0.103364
0.0887536
0.112369
0.0997881
0.0983451
0.104348
0.0899715
0.0966311
0.0992158
0.111989
0.0978487
0.103783
0.0950715
0.0922938
0.097658
0.102564
0.101616
0.0970488
0.0929406
0.0941614
0.0995977
0.108608
0.108608
0.0944628
0.0897438
0.0867748
0.102336
0.097391
0.102336
0.103134
0.10694
0.0921399
0.0877291
0.0941614
0.0950715
0.0897438
0.0998695
0.102983
0.108305
0.0913391
0.10572
0.0905812
0.0982677
0.0954903
0.110357
0.0895155
0.0996383
0.0890226
0.104122
0.100168
0.110242
0.0964805
0.103553
0.0960231
0.102525
0.102754
0.110242
0.0995977
0.0996383
0.0991799
0.0918754
0.0980391
0.0745466
0.104921
0.101196
0.108645
0.0962136
0.105111
0.103134
0.0862423
0.0924836
0.0944628
0.0944628
0.0929026
0.109406
0.0930924
0.0936382
0.0900395
0.0904575
0.0904575
0.0789347
0.0842872
0.0662983
0.06385
0.0558389
0.0558245
0.0480179
0.0558112
0.0453358
0.0607389
0.0672773
0.0672773
0.0583324
0.0773443
0.0780066
0.0711257
0.0923007
0.0943296
0.109564
0.0948364
0.0926549
0.0926788
0.106791
0.102499
0.110627
0.108765
0.113539
0.122126
0.124331
0.119149
0.108486
0.119905
0.108621
0.109418
0.11861
0.106757
0.115999
0.111982
0.108938
0.111918
0.115869
0.115869
0.120424
0.105958
0.103949
0.11181
0.11084
0.109628
0.109628
0.102219
0.116969
0.110945
0.113991
0.129206
0.112091
0.120703
0.125472
0.111185
0.131872
0.112263
0.112263
0.132109
0.118555
0.116344
0.112717
0.108463
0.112847
0.112847
0.134592
0.133425
0.11507
0.119775
0.128102
0.122126
0.122126
0.128898
0.108698
0.102545
0.122189
0.122189
0.111013
0.112325
0.111507
0.109111
0.121544
0.12808
0.115177
0.118221
0.114507
0.126246
0.107064
0.121544
0.122471
0.121089
0.121089
0.126655
0.118848
0.108182
0.114961
0.116041
0.116041
0.116041
0.116213
0.120401
0.10904
0.118565
0.106172
0.118565
0.112325
0.122171
0.128596
0.128596
0.105717
0.130624
0.128596
0.131528
0.112608
0.117639
0.114617
0.121999
0.127306
0.115132
0.108526
0.105655
0.112933
0.0968595
0.101289
0.117182
0.122342
0.110082
0.110082
0.112291
0.121544
0.116797
0.121674
0.127328
0.124258
0.118452
0.120573
0.112418
0.129804
0.109175
0.115697
0.112263
0.112263
0.118908
0.113234
0.112325
0.11295
0.104228
0.113688
0.121886
0.106024
0.114487
0.108182
0.11544
0.11386
0.11386
0.11058
0.10697
0.0992767
0.0992767
0.116041
0.115415
0.114599
0.106343
0.121715
0.115587
0.120119
0.125619
0.115869
0.114507
0.120119
0.12344
0.121886
0.126529
0.119666
0.126891
0.102907
0.122643
0.119666
0.103174
0.114659
0.128298
0.120573
0.116748
0.11876
0.130624
0.124369
0.110938
0.116668
0.120119
0.118282
0.118848
0.118848
0.118565
0.109346
0.11627
0.127043
0.120119
0.120119
0.120119
0.112134
0.119819
0.105827
0.116726
0.112608
0.108809
0.109346
0.106213
0.112134
0.10978
0.119648
0.112134
0.115474
0.104747
0.124478
0.109153
0.116213
0.115929
0.114203
0.118737
0.121028
0.121028
0.11088
0.116578
0.11386
0.11058
0.121886
0.122985
0.109264
0.109264
0.118565
0.12297
0.112608
0.118565
0.112091
0.123782
0.124822
0.111849
0.100533
0.110254
0.116384
0.123551
0.109517
0.115474
0.105243
0.113747
0.118908
0.115171
0.109003
0.109003
0.115243
0.120104
0.110425
0.108354
0.112933
0.11339
0.104728
0.104728
0.116726
0.121906
0.116668
0.11386
0.116213
0.118282
0.0951914
0.10697
0.112779
0.115227
0.114444
0.110708
0.1161
0.112263
0.120904
0.120291
0.129506
0.129506
0.113516
0.118267
0.101006
0.111678
0.0984779
0.101804
0.101804
0.107274
0.11058
0.100361
0.105128
0.119725
0.119725
0.112477
0.103974
0.115304
0.120291
0.130832
0.116797
0.116797
0.111335
0.118737
0.103645
0.124408
0.116213
0.114203
0.114203
0.114203
0.1293
0.112762
0.114032
0.117767
0.09829
0.0979606
0.101348
0.111678
0.105262
0.102089
0.112477
0.120276
0.117011
0.108413
0.113576
0.119666
0.10978
0.10978
0.11202
0.11202
0.112779
0.101289
0.101289
0.11202
0.124066
0.121886
0.115628
0.117767
0.117767
0.119192
0.115304
0.111052
0.127555
0.113688
0.114203
0.124066
0.115929
0.105091
0.108055
0.120332
0.11295
0.114203
0.111208
0.116041
0.108526
0.113234
0.115474
0.114943
0.114943
0.110082
0.110082
0.117924
0.114487
0.116085
0.125606
0.10978
0.103988
0.129523
0.115758
0.113275
0.117939
0.116726
0.119192
0.120161
0.112889
0.125149
0.115286
0.115286
0.127516
0.118908
0.124822
0.116578
0.123782
0.118565
0.111962
0.115758
0.125677
0.122985
0.117182
0.113405
0.109688
0.109688
0.118565
0.127841
0.111982
0.119363
0.119363
0.108526
0.123097
0.126588
0.107082
0.108981
0.108009
0.118908
0.118908
0.11058
0.121544
0.124066
0.122217
0.118908
0.118908
0.126132
0.106172
0.110123
0.120573
0.118676
0.113121
0.114659
0.12344
0.112933
0.110123
0.132897
0.125619
0.112436
0.119363
0.114032
0.108526
0.119666
0.128767
0.111507
0.117182
0.115457
0.117314
0.118437
0.123611
0.126184
0.126184
0.118737
0.128012
0.104444
0.124882
0.121544
0.121544
0.115929
0.115929
0.117656
0.115132
0.11155
0.119819
0.12236
0.116726
0.111335
0.115
0.126588
0.123269
0.118111
0.108071
0.118437
0.118095
0.117523
0.127233
0.106
0.11202
0.118111
0.127214
0.115474
0.115474
0.125923
0.121736
0.110464
0.118282
0.122342
0.122342
0.124178
0.114373
0.118452
0.111849
0.121715
0.115132
0.115132
0.11684
0.118737
0.122057
0.129279
0.115171
0.138788
0.138788
0.120161
0.113747
0.109666
0.109837
0.109837
0.111849
0.109153
0.11295
0.120179
0.127516
0.110082
0.126171
0.121704
0.111678
0.13032
0.120917
0.120917
0.108526
0.111982
0.1079
0.109324
0.102735
0.102735
0.111052
0.111052
0.124237
0.108055
0.10921
0.113576
0.113576
0.122227
0.10904
0.115415
0.11058
0.10921
0.115798
0.114373
0.120161
0.115415
0.112647
0.117124
0.122531
0.112134
0.11781
0.121484
0.114487
0.120447
0.113405
0.107598
0.107598
0.114789
0.122057
0.113104
0.0973765
0.116256
0.116256
0.10226
0.119363
0.119648
0.115628
0.116543
0.113539
0.113539
0.118608
0.107617
0.115587
0.118565
0.121544
0.113104
0.107426
0.119192
0.119991
0.115457
0.115457
0.129695
0.114257
0.128312
0.128312
0.120447
0.110653
0.110653
0.111507
0.116726
0.116324
0.109496
0.118394
0.107555
0.116213
0.121544
0.114659
0.119078
0.118452
0.116726
0.122683
0.112124
0.118908
0.114961
0.111564
0.11686
0.115286
0.115286
0.114771
0.11781
0.11781
0.111052
0.12797
0.123916
0.11259
0.114943
0.115132
0.115132
0.109666
0.134263
0.12126
0.112477
0.12096
0.121564
0.122342
0.112779
0.119078
0.107617
0.113275
0.12236
0.119837
0.114315
0.113462
0.120975
0.120975
0.109496
0.123097
0.110425
0.108009
0.118452
0.117485
0.117485
0.117485
0.108584
0.110007
0.111323
0.134433
0.11684
0.115171
0.120789
0.100722
0.115161
0.1161
0.1161
0.118394
0.109324
0.113747
0.0967486
0.108869
0.120634
0.107255
0.107255
0.121544
0.124178
0.124178
0.110768
0.111871
0.114659
0.122171
0.121372
0.120618
0.115457
0.126406
0.121544
0.112779
0.117485
0.126891
0.126891
0.126828
0.117011
0.119476
0.123269
0.119534
0.119534
0.120634
0.127956
0.125962
0.124237
0.117939
0.100417
0.119991
0.116041
0.125204
0.125204
0.12113
