0.0221963
0.0264856
0.0193212
0.0207821
0.0180294
0.0279538
0.0236588
0.0264409
0.0193628
0.022322
0.0236986
0.0208224
0.0237885
0.0179877
0.0209067
0.0165746
0.0235777
0.0209092
0.0209092
0.0167828
0.0196113
0.0252388
0.0181118
0.0224489
0.0239493
0.0265763
0.0209067
0.0221991
0.026624
0.022573
0.0224448
0.0195743
0.0237443
0.0236588
0.02229
0.0252008
0.0223233
0.0210299
0.0209495
0.0209884
0.0264992
0.0224115
0.0207847
0.0209079
0.0236204
0.026417
0.0224529
0.0250819
0.0167035
0.0222847
0.0207796
0.0222005
0.0222377
0.0238165
0.0222847
0.0207783
0.020991
0.0223647
0.0237414
0.0223247
0.0194101
0.0194032
0.0223634
0.0279502
0.0207895
0.0194113
0.0223714
0.0165336
0.0208249
0.025158
0.0208713
0.0237399
0.0251976
0.0236084
0.0181524
0.0237752
0.0208701
0.0194495
0.022322
0.0209507
0.0237384
0.0236175
0.0264497
0.0209092
0.0250788
0.0210739
0.0207354
0.0165755
0.0222045
0.0224502
0.019455
0.0180335
0.019409
0.0222059
0.0237001
0.0223247
0.0237399
0.023616
0.0195721
0.0237414
0.0180261
0.023703
0.0265335
0.02086
0.0264391
0.0251878
0.0208172
0.02361
0.0208224
0.0208298
0.0208249
0.0235273
0.0209507
0.0221577
0.0180272
0.0251088
0.0208172
0.0180679
0.0250376
0.0236543
0.0224475
0.0236588
0.0223287
0.0222473
0.0251246
0.0194998
0.0207468
0.0208664
0.0208701
0.0222873
0.0237384
0.0179114
0.0208713
0.0207468
0.0194518
0.0209519
0.0236543
0.0280802
0.0207834
0.0223339
0.0237443
0.0237087
0.0207029
0.0165781
0.0223274
0.0250361
0.0264103
0.0180325
0.0179073
0.0209079
0.0208689
0.0236632
0.0193685
0.0179094
0.0236603
0.0210361
0.0209092
0.0194079
0.0194113
0.0250804
0.0222433
0.0294114
0.0208274
0.0195361
0.0221991
0.0223261
0.0194911
0.0180773
0.025158
0.0223261
0.0179459
0.0193246
0.0209092
0.0179928
0.02512
0.0194101
0.0194911
0.0223326
0.0179491
0.0193729
0.0224128
0.0222473
0.0237827
0.0251928
0.0208664
0.0221645
0.0237399
0.0180335
0.0179928
0.0207016
0.0224141
0.0222819
0.0207444
0.025112
0.0207859
0.018116
0.0194865
0.0167018
0.0193663
0.0222886
0.0209531
0.0180315
0.0194966
0.0179908
0.0221645
0.02361
0.0251137
0.0209054
0.0250608
0.0179438
0.0209054
0.025196
0.0194495
0.019364
0.0164909
0.0209054
0.0209054
0.0181546
0.0181546
0.023815
0.0251862
0.0236895
0.0208587
0.0122779
0.0250296
0.0237339
0.0151531
0.023521
0.0222377
0.0208533
0.0208574
0.0209079
0.0194067
0.0208664
0.0208587
0.0207847
0.01949
0.0194044
0.0223233
0.0207368
0.0194388
0.0208224
0.0208613
0.0180668
0.0152353
0.0237292
0.0222763
0.020777
0.0264873
0.0265607
0.0235655
0.0208158
0.0221977
0.018069
0.022232
0.0180645
0.0194472
0.01653
0.0194484
0.019446
0.0194791
0.0208224
0.0235671
0.0192318
0.0165261
0.0238165
0.0236941
0.0164891
0.019402
0.025112
0.0266053
0.0223287
0.0208587
0.0181096
0.0235702
0.0208948
0.0222349
0.0209391
0.0206939
0.0180294
0.025158
0.0207716
0.0165755
0.02073
0.0209884
0.0236603
0.0250329
0.0209002
0.0237016
0.0251054
0.0224006
0.0264908
0.0222778
0.0222833
0.0179449
0.0209431
0.0137332
0.0236895
0.0223991
0.0249521
0.0237737
0.0195743
0.0236956
0.0180272
0.0222792
0.0221462
0.0222377
0.0194804
0.0208158
0.0207847
0.0221949
0.0193651
0.0193651
0.0180294
0.0193604
0.0167453
0.0209418
0.0208185
0.0222363
0.0194113
0.0208701
0.0237414
0.0209469
0.0251565
0.0194472
0.0222819
0.0250659
0.0209469
0.0208249
0.0180722
0.0250725
0.0194877
0.0209029
0.0207796
0.0237292
0.0221891
0.0221492
0.0224102
0.0179844
0.0265318
0.023703
0.0193592
0.0293668
0.0208145
0.023613
0.0209531
0.022362
0.0221591
0.0165261
0.0224088
0.022286
0.0236233
0.0207468
0.0222005
0.0223634
0.0194056
0.0250788
0.0166954
0.0279128
0.022362
0.0208274
0.0222819
0.0181139
0.0194067
0.0223206
0.022322
0.0237399
0.023616
0.0208185
0.0209067
0.0180732
0.0222335
0.0180743
0.023613
0.0252008
0.0236513
0.0209507
0.0207883
0.023691
0.0235762
0.0165327
0.023645
0.023645
0.0208185
0.0222377
0.0222873
0.0180261
0.0180711
0.0251976
0.026566
0.0224448
0.0208652
0.019446
0.0165746
0.0251104
0.0237384
0.0222792
0.0207809
0.0251088
0.0194888
0.0207783
0.0194506
0.0208664
0.0180261
0.0193628
0.0265249
0.0222792
0.0223274
0.0264975
0.0194484
0.0194829
0.0193674
0.0208158
0.0235639
0.0250692
0.0250264
0.0193674
0.0179866
0.0208664
0.0194888
0.0222763
0.0167391
0.0194472
0.019653
0.0181973
0.0251184
0.0223647
0.0235747
0.019364
0.0165746
0.0224061
0.0223233
0.0179084
0.0222886
0.0279947
0.0222847
0.0208664
0.0207883
0.0223634
0.0209872
0.0207406
0.0265712
0.0222833
0.0208198
0.0194484
0.0264548
0.0223661
0.0193628
0.0194472
0.0223592
0.0194079
0.025112
0.0265352
0.017948
0.0249933
0.0235702
0.0264873
0.0221535
0.0180743
0.018025
0.018025
0.0224061
0.0224061
0.0250676
0.022322
0.0195293
0.0195316
0.0235791
0.0179928
0.0236558
0.0251169
0.0236204
0.0236543
0.0194529
0.020831
0.0194124
0.0180743
0.0221577
0.0194506
0.0222335
0.0238696
0.0236956
0.0208274
0.0210325
0.0208237
0.0237812
0.0194067
0.023616
0.0236588
0.0194437
0.0222349
0.0222847
0.0181535
0.0211065
0.0237767
0.0209469
0.0194044
0.0222806
0.023616
0.0165718
0.0223287
0.0222405
0.0222792
0.0236986
0.018237
0.0180325
0.0266053
0.0210299
0.0221577
0.0208274
0.0222306
0.0223134
0.0224075
0.0235732
0.0180305
0.0193235
0.0193258
0.0238623
0.02086
0.0221591
0.0237369
0.0222486
0.0236543
0.0194425
0.0221492
0.0209897
0.0209482
0.0208626
0.0194853
0.0209833
0.0180753
0.0251992
0.0165755
0.022442
0.0237797
0.0181149
0.0264355
0.0208249
0.0236926
0.0193188
0.0194032
0.0207821
0.0221492
0.0222735
0.0208249
0.0181139
0.0192783
0.018238
0.018069
0.0235671
0.0195316
0.0236573
0.019358
0.0193188
0.0221906
0.0152798
0.0192819
0.0194829
0.0222792
0.0251153
0.0250659
0.0192391
0.0224075
0.0237323
0.0208574
0.0180283
0.0193592
0.0208158
0.0236497
0.0278142
0.0179918
0.0235639
0.0237369
0.0194008
0.0208713
0.0208639
0.01949
0.0166982
0.0194032
0.0223606
0.0180711
0.01653
0.0193628
0.022312
0.0208587
0.023691
0.0180701
0.0207743
0.0194388
0.0222819
0.0223206
0.0194829
0.0208172
0.0193188
0.0180701
0.0209884
0.0235319
0.0210299
0.0222806
0.0194877
0.0195755
0.0194877
0.0222433
0.0178207
0.019402
0.0194945
0.0166545
0.0194067
0.0223261
0.0248994
0.0223261
0.0208664
0.0236145
0.0151916
0.0208613
0.0181074
0.0223577
0.0222405
0.0238195
0.0209116
0.0179511
0.0207431
0.0208274
0.0237429
0.0224929
0.0222405
0.0223287
0.0207809
0.023691
0.0150749
0.0208249
0.0222391
0.0180261
0.0166564
0.0208298
0.0264614
0.0223313
0.0209128
0.0222446
0.0222045
0.0208664
0.0207834
0.0209482
0.0236603
0.019364
0.0179491
0.0194067
0.0194495
0.0180335
0.0264908
0.0222433
0.0221591
0.0251516
0.0209041
0.0207381
0.0250345
0.0222833
0.0194506
0.0238195
0.023619
0.0209067
0.0222005
0.0194472
0.0224061
0.0179918
0.0251532
0.0180346
0.0222847
0.0179438
0.0239066
0.0222763
0.0166591
0.0250692
0.0237384
0.0224502
0.0209079
0.0180294
0.0265318
0.0237323
0.0167009
0.0221991
0.0237856
0.0249995
0.0179459
0.02361
0.0150314
0.0152007
0.0280248
0.0208249
0.0237384
0.0250213
0.0180315
0.0207716
0.0208989
0.0251137
0.02086
0.0263998
0.0224834
0.0237812
0.0207847
0.0195327
0.026364
0.0236573
0.0207381
0.0222377
0.0137769
0.0164472
0.0236588
0.0194518
0.0237001
0.0165746
0.0207354
0.0222377
0.0179031
0.025196
0.0164453
0.0208158
0.0221963
0.0251516
0.0251466
0.0179449
0.0236466
0.0193592
0.0221906
0.0221477
0.0207688
0.0236543
0.0194484
0.0207341
0.0164025
0.0180272
0.016529
0.0235686
0.0194437
0.0209444
0.0209922
0.0221991
0.0180782
0.0178239
0.0194911
0.0222806
0.0208613
0.0223177
0.0209391
0.0221521
0.0178975
0.0207314
0.0222749
0.022119
0.0220678
0.0237443
0.0195339
0.023691
0.0237339
0.0194484
0.0208211
0.0209444
0.0194056
0.0223149
0.0236115
0.0194008
0.0179042
0.0249489
0.0194865
0.0222377
0.0222419
0.0221963
0.0194518
0.0209897
0.0180283
0.0221521
0.0178603
0.0180283
0.0236895
0.0208185
0.023616
0.0179908
0.0222019
0.0179908
0.0222019
0.0194484
0.0251549
0.023619
0.0208652
0.0222847
0.0236497
0.0208237
0.0195281
0.0251088
0.0180239
0.0237472
0.0237001
0.0195281
0.0222405
0.0194032
0.0194032
0.0222072
0.019402
0.0157418
0.0101189
0.0184038
0.0159542
0.023104
0.0131194
0.0141538
0.0170727
0.0170727
-0.00161952
-0.0132659
-0.00402036
0.01288
-0.00251194
-0.0171031
-0.0235166
0.00268988
0.0239766
0.0275944
0.0198031
0.0107935
0.00869154
0.0147926
0.0164551
0.0157867
0.0152413
0.0181106
0.0170708
0.0103131
0.0157909
0.0128003
0.0198909
0.0184814
0.0141672
0.0140805
0.0129254
0.0146679
0.0132585
0.0101437
0.0141666
0.0184397
0.0143329
0.0116369
0.0130072
0.0157882
0.0143756
0.0186956
0.0142908
0.0169871
0.0127936
0.0172373
0.0171176
0.00971987
0.0184009
0.0213464
0.0130092
0.0115984
0.0113855
0.0128392
0.0184426
0.0156578
0.0113441
0.021261
0.0198898
0.0156616
0.0169844
0.0170263
0.0170725
0.015657
0.0129219
0.0198492
0.0141626
0.0128381
0.0155799
0.014206
0.011303
0.0171562
0.0171963
0.0157448
0.0157448
0.0156197
0.0183601
0.0156609
0.0157064
0.00860592
0.0142481
0.0128833
0.0171594
0.0157496
0.0170766
0.0128003
0.0143393
0.0142542
0.0127965
0.0128416
0.0141647
0.0142915
0.014336
0.0159963
0.00796079
-0.00252201
-0.000855179
-0.00520264
0.00323044
0.00748979
0.000420535
-0.00252426
-0.00367275
0.00173826
-0.00380308
-0.00235326
-0.00235326
-0.000857071
-0.00226417
0.000418469
0.00173693
0.00050184
-0.00410639
0.0046352
-0.00116177
-0.00103005
0.00178086
-0.00252426
0.00182475
0.00156566
0.00169479
-0.00107735
-0.00669906
0.000243661
-0.00103271
-0.0010746
0.00446369
0.0001601
-0.00687825
0.000328733
0.00165175
0.000243072
0.000245351
-0.00388998
0.000285604
-0.00112204
-0.00401509
0.000202201
-0.00116177
-0.000765768
-0.00609687
-0.0274394
-0.0350532
-0.040786
-0.065262
-0.0699037
-0.0621056
-0.045182
-0.0451645
-0.0635087
-0.0582091
-0.0413476
-0.0387711
-0.0473658
-0.0473658
-0.0472206
-0.0455796
-0.0484758
-0.0568063
-0.0568108
-0.0495274
-0.0553481
-0.0567793
-0.0512419
-0.0525652
-0.063532
-0.0648488
-0.0635238
-0.0580966
-0.0579754
-0.0579228
-0.0552004
-0.059402
-0.0595123
-0.060848
-0.0608674
-0.0607757
-0.0540381
-0.0581011
-0.0608769
-0.0539214
-0.0568317
-0.0539214
-0.0554828
-0.0498154
-0.0568542
-0.0525858
-0.0582588
-0.054251
-0.0511825
-0.0643425
-0.0598088
-0.0402077
-0.0109052
0.0238084
0.0521832
0.0645097
0.0866676
0.108449
0.160863
0.236337
0.296233
0.345697
0.424758
0.494481
0.548129
0.588316
0.635521
0.66829
0.687879
0.722667
0.757882
0.765108
0.740424
0.724962
0.724962
0.747839
0.75342
0.738203
0.74856
0.761998
0.751965
0.746778
0.753855
0.757045
0.752759
0.756337
0.749516
0.752402
0.739156
0.746445
0.750474
0.747919
0.750443
0.747692
0.75459
0.753559
0.74323
0.748721
0.751458
0.745982
0.749068
0.745185
0.745651
0.744176
0.744491
0.740919
0.740963
0.743749
0.742558
0.734956
0.737699
0.736814
0.737802
0.73118
0.736253
0.736711
0.736726
0.73158
0.732296
0.733054
0.730853
0.734896
0.73478
0.73072
0.737452
0.731059
0.731027
0.732987
0.732913
0.729991
0.731731
0.732078
0.729551
0.724477
0.724444
0.725616
0.721883
0.726991
0.728802
0.724477
0.727571
0.723586
0.725041
0.726267
0.725094
0.731772
0.724792
0.722655
0.719857
0.719857
0.72291
0.721559
0.725429
0.727009
0.723282
0.719254
0.721846
0.719397
0.721061
0.720847
0.722296
0.722263
0.714497
0.719586
0.714522
0.718493
0.721587
0.72019
0.71187
0.714605
0.713497
0.713273
0.717538
0.718908
0.713639
0.716493
0.714876
0.718933
0.716526
0.718298
0.708766
0.712481
0.713909
0.715301
0.714263
0.711525
0.713873
0.714416
0.712124
0.713587
0.711583
0.712941
0.709069
0.714637
0.709631
0.705372
0.71341
0.711865
0.713259
0.713269
0.709653
0.710928
0.709677
0.708459
0.705697
0.712299
0.709747
0.705801
0.710015
0.707287
0.704605
0.710377
0.711421
0.707159
0.706451
0.708854
0.707903
0.707717
0.70946
0.707729
0.707729
0.704907
0.703433
0.702376
0.706729
0.705312
0.715154
0.705162
0.704127
0.706868
0.702952
0.708378
0.706567
0.707833
0.70166
0.703965
0.704484
0.700451
0.704138
0.704196
0.702595
0.704461
0.698864
0.70294
0.704461
0.704196
0.704416
0.701593
0.699081
0.699436
0.70596
0.707539
0.703424
0.707862
0.705015
0.700797
0.705095
0.707886
0.701034
0.69962
0.702283
0.701059
0.697148
0.695994
0.699963
0.697422
0.697195
0.697227
0.694337
0.694463
0.696163
0.698795
0.697778
0.696551
0.698957
0.701484
0.701644
0.69494
0.700374
0.6994
0.69663
0.701712
0.697982
0.697731
0.699296
0.695302
0.693603
0.699299
0.698036
0.696587
0.695552
0.69561
0.694167
0.68223
0.682364
0.684839
0.676723
0.676923
0.688679
0.687495
0.685414
0.683855
0.681168
0.679715
0.684906
0.684878
0.68764
0.689181
0.688026
0.683798
0.675708
0.684114
0.681025
0.684123
0.688409
0.685357
0.682602
0.680019
0.678898
0.682926
0.685529
0.686503
0.683012
0.683894
0.680067
0.681635
0.680381
0.680476
0.684256
0.681872
0.678089
0.682993
0.678059
0.677634
0.683241
0.680637
0.677995
0.677995
0.679335
0.678994
0.682139
0.679543
0.680343
0.680343
0.680912
0.678107
0.68459
0.676749
0.675682
0.680798
0.67674
0.682319
0.68366
0.680988
0.676496
0.675523
0.679723
0.678477
0.682462
0.678137
0.68325
0.675475
0.675541
0.679363
0.675682
0.675748
0.676845
0.678344
0.674644
0.674219
0.675739
0.673238
0.678335
0.675343
0.67707
0.678467
0.679808
0.672935
0.678467
0.677334
0.671997
0.670714
0.669129
0.676041
0.671932
0.676322
0.677532
0.674512
0.677514
0.675984
0.680139
0.676143
0.676014
0.676415
0.674503
0.677504
0.674802
0.677852
0.674885
0.673666
0.676472
0.673526
0.675047
0.67772
0.672259
0.673649
0.671211
0.676546
0.673461
0.671049
0.677768
0.674972
0.674125
0.676454
0.672586
0.667059
0.673696
0.676699
0.675169
0.673649
0.673884
0.669691
0.670927
0.669773
0.673509
0.677618
0.669977
0.671571
0.671571
0.675375
0.674107
0.674203
0.671415
0.672617
0.669798
0.670042
0.672865
0.671684
0.671367
0.668701
0.670002
0.672996
0.667619
0.665978
0.670155
0.671528
0.672944
0.67009
0.672848
0.667886
0.667919
0.671619
0.669181
0.666253
0.674538
0.667765
0.669
0.670546
0.673018
0.670636
0.670399
0.671684
0.663626
0.667926
0.666552
0.663819
0.669446
0.6666
0.670749
0.669415
0.670879
0.66957
0.670498
0.668089
0.670684
0.667101
0.672066
0.670814
0.668356
0.67354
0.673457
0.669618
0.668364
0.66935
0.668323
0.668202
0.666827
0.668396
0.666996
0.671043
0.67354
0.667061
0.667061
0.664311
0.671277
0.665404
0.668258
0.665662
0.672222
0.665984
0.670072
0.667021
0.672448
0.662992
0.671153
0.660393
0.665927
0.665662
0.671325
0.664721
0.666081
0.667577
0.665847
0.665702
0.665855
0.664584
0.664713
0.664512
0.663441
0.667311
0.660434
0.662935
0.666088
0.664825
0.664431
0.668509
0.661672
0.664777
0.663369
0.667376
0.663441
0.669261
0.666113
0.664946
0.660618
0.663497
0.668663
0.664777
0.665976
0.667448
0.663313
0.657016
0.661721
0.663505
0.667117
0.666225
0.663441
0.662033
0.659418
0.663698
0.663458
0.662305
0.664721
0.668953
0.662617
0.662466
0.660946
0.662617
0.66253
0.673439
0.662546
0.659689
0.66
0.666418
0.661033
0.66125
0.66509
0.661265
0.666499
0.665002
0.66641
0.66497
0.661089
0.662666
0.662617
0.659801
0.66682
0.66641
0.661153
0.663907
0.661265
0.658465
0.66233
0.659681
0.658528
0.659929
0.662617
0.661209
0.665138
0.662546
0.661377
0.656573
0.661058
0.658655
0.657531
0.657531
0.661344
0.66229
0.659977
0.662809
0.665395
0.66
0.66
0.662546
0.659737
0.665411
0.661528
0.661329
0.66397
0.662898
0.660311
0.657135
0.657867
0.66433
0.663281
0.661625
0.658973
0.657692
0.661569
0.659123
0.658854
0.660135
0.662977
0.660104
0.658958
0.658809
0.657389
0.66137
0.661265
0.66285
0.657628
0.658869
0.657572
0.660382
0.659029
0.657445
0.657516
0.6591
0.661688
0.657953
0.663097
0.657889
0.660382
0.664314
0.660232
0.657565
0.66137
0.656481
0.660239
0.656797
0.6591
0.660654
0.663424
0.657628
0.666044
0.656797
0.656797
0.655122
0.653883
0.655066
0.656481
0.659425
0.660479
0.657726
0.653875
0.660542
0.655017
0.657819
0.659712
0.659712
0.660692
0.653861
0.652649
0.652845
0.656656
0.657964
0.658016
0.656812
0.657953
0.655682
0.654106
0.653973
0.659507
0.656775
0.659339
0.65403
0.651618
0.659443
0.65304
0.652607
0.658333
0.656901
0.65686
0.659649
0.65774
0.652705
0.654379
0.656916
0.654288
0.652481
0.658184
0.652901
0.651492
0.654602
0.656846
0.656734
0.655507
0.654505
0.654281
0.655718
0.653005
0.655619
0.655619
0.65686
0.655578
0.657113
0.653026
0.653994
0.650216
0.655486
0.652894
0.654547
0.655949
0.652649
0.654665
0.651667
0.655752
0.65879
0.654791
0.65461
0.655367
0.654365
0.657028
0.654141
0.656053
0.652887
0.658247
0.650529
0.653187
0.654462
0.646413
0.654631
0.656033
0.654554
0.656019
0.649183
0.651994
0.653201
0.649391
0.652001
0.648927
0.64919
0.652894
0.655774
0.654644
0.65327
0.652056
0.658783
0.657659
0.652063
0.648989
0.654455
0.655682
0.650731
0.652182
0.654602
0.651597
0.653326
0.65613
0.650384
0.654624
0.653326
0.656012
0.649204
0.650849
0.654665
0.652112
0.650606
0.653437
0.650418
0.650565
0.649453
0.653375
0.6535
0.657147
0.654714
0.653138
0.650543
0.655752
0.650703
0.650696
0.64901
0.650766
0.65071
0.649447
0.653437
0.649371
0.650953
0.648349
0.650842
0.650648
0.649364
0.650766
0.65046
0.649308
0.652119
0.653514
0.649676
0.650467
0.649128
0.653466
0.64944
0.652189
0.650911
0.650911
0.653828
0.653452
0.64792
0.648038
0.650911
0.652112
0.653138
0.653375
0.647949
0.650898
0.643957
0.648044
0.649433
0.650675
0.64846
0.648356
0.648162
0.651022
0.646747
0.602547
0.547505
0.433371
0.385097
0.336824
0.353071
0.364224
0.383187
0.390005
0.392699
0.396642
0.400868
0.415721
0.44401
0.46033
0.465696
0.471062
0.477879
0.48708
0.487062
0.500554
0.517986
0.532852
0.554408
0.571849
0.590789
0.611117
0.631159
0.648358
0.680755
0.696949
0.691967
0.70664
0.702642
0.711108
0.736616
0.763249
0.79487
0.820135
0.841557
0.860672
0.885137
0.91721
0.941941
0.957473
0.959586
0.949657
0.949657
0.969403
0.973604
0.966344
0.968261
0.96917
0.970117
0.971128
0.972531
0.963299
0.962047
0.962047
0.967398
0.964767
0.966481
0.961114
0.958195
0.965134
0.965102
0.966026
0.963269
0.967765
0.963707
0.961194
0.965174
0.967109
0.964943
0.963397
0.962805
0.948727
0.961005
0.968702
0.957806
0.955549
0.972766
0.971441
0.958471
0.958172
0.957973
0.959502
0.960166
0.959408
0.959551
0.956772
0.956456
0.957785
0.956456
0.951476
0.960231
0.968547
0.956772
0.948465
0.955397
0.956292
0.958262
0.963103
0.975446
0.96565
0.955161
0.96183
0.956925
0.96444
0.959023
0.963683
0.960367
0.961886
0.964328
0.952656
0.964567
0.956595
0.959015
0.963175
0.959213
0.951358
0.960486
0.964463
0.964025
0.968446
0.964518
0.956816
0.966053
0.972838
0.965662
0.966911
0.965869
0.963269
0.961798
0.961941
0.961743
0.969316
0.966219
0.964859
0.962777
0.955103
0.960288
0.967308
0.971203
0.970786
0.969404
0.969626
0.966843
0.962839
0.965709
0.967004
0.972345
0.972335
0.967073
0.967027
0.967106
0.965636
0.973387
0.966866
0.965811
0.962831
0.971151
0.970702
0.966963
0.967041
0.971229
0.97237
0.96295
0.965764
0.965953
0.973762
0.972436
0.972403
0.971164
0.972458
0.97352
0.967248
0.969981
0.970604
0.969564
0.973818
0.974049
0.976328
0.97145
0.969597
0.973742
0.971109
0.976471
0.96919
0.968151
0.969675
0.969532
0.975808
0.972184
0.971024
0.967152
0.971307
0.97751
0.979156
0.974094
0.974094
0.968206
0.971154
0.970969
0.974947
0.973653
0.969545
0.976526
0.981985
0.978669
0.976217
0.972207
0.977211
0.972581
0.975123
0.97542
0.974149
0.973852
0.97635
0.975012
0.97868
0.980437
0.9831
0.971814
0.96845
0.971343
0.972197
0.974704
0.979706
0.97246
0.966543
0.970705
0.989068
0.980327
0.967573
0.977477
0.979573
0.980437
0.977267
0.970848
0.969402
0.973764
0.969532
0.972219
0.982533
0.977355
0.969982
0.979894
0.978636
0.977377
0.987773
0.985205
0.976019
0.977432
0.987675
0.978215
0.978691
0.975986
0.981053
0.984024
0.972066
0.965209
0.971714
0.978813
0.973368
0.972109
0.987998
0.988041
0.9792
0.976284
0.985383
0.989804
0.985684
0.977455
0.977333
0.982577
0.976593
0.9736
0.986449
0.982587
0.975003
0.978304
0.980337
0.982877
0.976538
0.981485
0.981739
0.985472
0.979861
0.97487
0.982954
0.986963
0.987841
0.978514
0.975421
0.979805
0.984135
0.985926
0.981518
0.977786
0.986249
0.988952
0.976946
0.973227
0.982476
0.986572
0.980919
0.984768
0.983144
0.983589
0.980775
0.977012
0.987862
0.989055
0.989097
0.983978
0.977278
0.980227
0.983923
0.993784
0.995883
0.990545
0.977134
0.987594
0.986394
0.986618
0.982132
0.981329
0.980548
0.970467
0.975622
0.987382
0.97592
0.981185
0.976437
0.977023
1.00058
1.0017
0.979794
0.980575
0.988752
0.997913
0.993048
0.983567
0.974628
0.983423
0.975566
0.990263
0.990174
0.980864
0.980093
0.985091
0.98627
0.991442
0.990635
0.984913
0.98756
0.985392
0.986381
0.980941
0.986483
0.986372
0.988582
0.985969
0.985002
0.987258
0.979284
0.982577
0.991304
0.994379
0.98708
0.979883
0.986326
0.990421
0.984713
0.979539
0.982443
0.990242
0.994607
0.983678
0.98518
0.983589
0.98182
0.988714
0.996486
0.99366
0.982433
0.975732
0.97785
0.97868
0.975777
0.974198
0.981239
0.98765
0.991766
0.990332
0.989029
0.982298
0.9849
0.9916
0.995571
0.99178
0.989187
0.994324
0.995751
0.995793
0.993035
0.990655
0.996576
0.993132
0.991249
0.9906
0.995357
0.998259
0.998003
0.991545
0.979861
0.974484
0.990834
0.993304
0.997546
0.98292
0.987939
0.993394
0.997186
0.9946
0.986147
0.989455
0.987862
0.990532
0.993394
0.994552
0.994379
0.995398
0.989994
0.995163
0.988671
0.993145
0.996625
0.994303
0.993104
0.9928
0.992551
0.992855
0.989828
0.991476
0.999297
0.998364
0.994123
0.987224
0.988347
0.995287
0.991049
0.99411
0.993784
0.997447
1.00203
0.995682
0.993483
0.9944
0.995897
0.993021
0.992461
0.995128
0.995232
0.996756
0.993909
0.988582
1.00105
0.995647
0.991352
0.995973
0.992675
0.993104
0.995398
1.00217
1.00348
0.995613
0.995377
0.996361
0.994913
0.998024
0.995128
0.997773
0.995433
0.993784
0.996811
1.00029
0.994061
0.993861
0.999533
0.989747
0.995827
1.00395
1.00323
0.994234
0.998364
0.995578
0.99686
0.995668
1.00085
0.995647
0.999513
0.997241
0.999924
0.996881
0.997026
0.997151
0.996777
0.996901
0.996666
0.992897
0.993
0.998009
0.997954
1.00109
0.998315
0.995799
0.995412
0.996666
1.00466
0.997116
0.997186
0.993035
1.00593
0.994179
1.00315
1.00439
0.989892
0.984612
0.987569
1.00223
1.00769
1.00062
0.983755
0.99853
1.00388
1.00478
0.991539
0.998915
1.00975
0.997669
0.999347
0.995772
1.00352
1.0105
1.00457
0.996686
0.995647
1.00139
1.00212
1.00306
1.00348
0.999041
1.00183
0.998149
1.0004
0.988522
0.998044
1.00711
1.01
1.00835
1.00589
1.00188
1.00062
0.9987
0.991587
0.999332
1.00828
1.00582
0.992517
0.999251
1.01011
1.00578
1.00197
0.992358
0.990208
1.00433
0.997593
0.992192
0.998463
1.00178
1.00538
1.00973
1.00312
1.00205
1.00134
1.00812
1.00279
0.994006
0.997537
0.999061
1.00633
0.997808
0.996541
0.997773
1.00598
1.00156
1.00402
1.00882
1.00852
1.01627
1.00692
0.997718
1.00694
1.00281
1.00174
1.00029
1.00203
1.00402
1.00303
1.00096
1.00078
1.00484
1.00471
1.00665
1.00448
1.01058
1.00823
1.00716
1.0013
1.00162
0.997211
1.00832
1.01491
1.00826
1.00411
1.00947
1.00783
1.00668
1.01337
1.0052
1.01496
1.01337
1.00534
1.00246
1.00667
1.01252
0.994733
1.00663
1.01641
1.00788
1.00683
1.00946
1.00949
1.02262
1.01733
0.996069
1.00134
1.01193
1.01065
1.0087
1.00304
1.01188
1.01845
1.01357
1.01471
1.00764
1.0073
1.00279
1.00968
1.0067
1.00511
1.00277
1.00925
1.00852
1.01388
1.0121
1.01017
1.01327
1.00813
1.01182
1.02001
1.01682
1.00547
1.00771
1.01241
1.01295
1.00782
1.00418
1.00448
1.01069
1.01012
1.00907
1.00937
1.00632
1.01157
1.0136
1.0096
1.00823
1.00823
1.00937
1.00937
1.01724
1.00974
1.00502
1.01462
1.0108
1.0108
1.00681
1.00154
1.00267
1.01203
1.0276
1.02141
1.00564
0.999186
1.01351
1.01168
1.01876
1.01412
1.00529
1.01566
1.01329
1.00937
1.00828
1.00802
1.01201
1.01726
1.01526
1.01199
1.01462
1.01329
1.01456
1.01491
1.0172
1.01495
1.01603
1.02152
1.0105
1.00688
1.01733
1.01966
1.00938
1.0117
1.01161
1.01979
1.01634
1.01339
1.01098
1.0159
1.01757
1.0174
1.01834
1.02016
1.01487
1.0173
1.01473
1.01096
1.00685
1.00926
1.02073
1.0199
1.01783
1.01333
1.01342
1.01368
1.01649
1.03175
1.03262
1.01562
1.00581
1.02399
1.02273
1.00918
1.00703
1.0215
1.01889
1.01196
1.00792
1.01559
1.02359
1.02201
1.02193
1.02195
1.01588
1.0107
1.02301
1.03021
1.01542
1.01226
1.01667
1.00966
1.01737
1.0183
1.01329
1.01984
1.02403
1.01983
1.01386
1.02706
1.02386
1.0101
1.01597
1.0303
1.02909
1.02349
1.01467
1.01458
1.01999
1.0018
1.01081
1.02135
1.02115
1.01566
1.0106
1.01919
1.02247
1.01999
1.02355
1.02909
1.0145
1.0065
1.02052
1.02342
1.02247
1.01526
1.02063
1.02096
1.02087
1.01825
1.00339
1.02043
1.02184
1.01267
1.00658
1.01418
1.03019
1.03288
1.03379
1.0234
1.01188
1.01428
1.02454
1.02591
1.0197
1.01957
1.01948
1.02094
1.02144
1.02342
1.01397
1.01029
1.03132
1.02623
1.01654
1.00893
1.01799
1.0287
1.0419
1.02584
1.00783
1.01423
1.03302
1.03232
1.03434
1.03922
1.0377
1.01388
1.03132
1.02857
1.00894
1.01784
1.01784
1.02982
1.0231
1.02476
1.0234
1.0164
1.02738
1.01951
1.02089
1.01959
1.02357
1.02032
1.01713
1.01925
1.02331
1.02632
1.02247
1.02322
1.01684
1.02267
1.02052
1.021
1.02716
1.02375
1.02742
1.03074
1.02725
1.03123
1.02602
1.026
1.02342
1.026
1.02377
1.02491
1.02496
1.03006
1.02215
1.01999
1.02788
1.02418
1.02758
1.02335
1.02435
1.02327
1.02744
1.02035
1.02487
1.02415
1.02586
1.02571
1.02182
1.02755
1.02688
1.02435
1.02705
1.02712
1.02651
1.0165
1.0105
1.01244
0.990214
0.967128
0.9676
0.974043
0.96965
0.956683
0.958138
0.945728
0.924557
0.904306
0.90571
0.896457
0.896074
0.884614
0.884562
0.887049
0.892224
0.892629
0.894115
0.892521
0.886908
0.873923
0.87241
0.866577
0.864729
0.86239
0.857099
0.860582
0.859251
0.858345
0.849197
0.844979
0.838143
0.838318
0.831528
0.829268
0.832084
0.829322
0.830289
0.830878
0.827899
0.830518
0.82817
0.829039
0.82767
0.824122
0.825267
0.823831
0.823983
0.823798
0.822614
0.827518
0.826843
0.823852
0.825516
0.829322
0.823886
0.822429
0.822505
0.822387
0.821392
0.826277
0.825213
0.824845
0.827451
0.826484
0.826603
0.825428
0.822333
0.826581
0.824134
0.822416
0.825094
0.817103
0.820263
0.818491
0.824038
0.825158
0.818429
0.821803
0.818868
0.821405
0.818621
0.81921
0.821171
0.820003
0.819203
0.82135
0.821782
0.818998
0.820538
0.824383
0.822038
0.821309
0.821782
0.819018
0.816697
0.817526
0.816329
0.820283
0.81511
0.821467
0.821866
0.820818
0.82287
0.823324
0.816847
0.818012
0.817424
0.819005
0.819332
0.81767
0.816472
0.820332
0.818141
0.819565
0.819169
0.823358
0.813822
0.818087
0.816908
0.817854
0.816417
0.820408
0.816813
0.817971
0.8181
0.814196
0.811404
0.823399
0.821933
0.814217
0.818012
0.812345
0.816929
0.816588
0.818394
0.815709
0.820722
0.814142
0.814067
0.814196
0.81936
0.817759
0.81669
0.814081
0.814047
0.813857
0.815879
0.817303
0.81436
0.818141
0.815859
0.812828
0.808955
0.808955
0.815505
0.815818
0.815225
0.818257
0.817058
0.816888
0.814162
0.818066
0.814631
0.812942
0.814475
0.81457
0.816738
0.814435
0.818633
0.812284
0.816049
0.818687
0.818599
0.814625
0.812888
0.809361
0.810587
0.811688
0.814645
0.80777
0.809327
0.812135
0.81459
0.809272
0.811797
0.813295
0.811911
0.81592
0.81457
0.809436
0.81476
0.813485
0.813464
0.811196
0.814719
0.812249
0.814828
0.813613
0.814869
0.813613
0.813648
0.810879
0.812264
0.812095
0.815147
0.811433
0.809609
0.809589
0.808516
0.812378
0.809312
0.81198
0.817753
0.813613
0.808239
0.810919
0.811082
0.810448
0.811325
0.816083
0.812527
0.815113
0.806815
0.808442
0.808239
0.811068
0.815242
0.814814
0.807794
0.803232
0.80445
0.807943
0.812155
0.81077
0.811946
0.808126
0.805816
0.805889
0.805913
0.808333
0.809866
0.811013
0.811439
0.808442
0.806702
