-0.0282796
-0.0301712
-0.0252075
-0.0316098
-0.0152365
-0.0179386
-0.020048
-0.0266878
-0.0244863
-0.0228333
-0.0175207
-0.0175207
-0.0196623
-0.0196623
-0.0341395
-0.0161078
-0.0247986
-0.0247986
-0.0250315
-0.0250315
-0.022987
-0.0244895
-0.0295405
-0.0295405
-0.0228333
-0.0304342
-0.0272741
-0.0267971
-0.0331134
-0.0310439
-0.0225994
-0.0243357
-0.039674
-0.039674
-0.0267971
-0.0281256
-0.0281256
-0.0327232
-0.0326357
-0.0336126
-0.0210093
-0.0338324
-0.0252075
-0.0252075
-0.0274068
-0.0221526
-0.0283676
-0.0272282
-0.0272282
-0.0330515
-0.0322414
-0.0249665
-0.0273411
-0.0260579
-0.0274068
-0.0214848
-0.022115
-0.022115
-0.0218738
-0.0233165
-0.0233165
-0.0216775
-0.0271207
-0.0194403
-0.0273411
-0.0255975
-0.0255975
-0.0309119
-0.0228987
-0.0228987
-0.0271207
-0.019111
-0.0242689
-0.022987
-0.0223569
-0.0304342
-0.0295797
-0.0267766
-0.0337511
-0.0272282
-0.0159298
-0.0293873
-0.0312863
-0.0198944
-0.0207665
-0.0176971
-0.0233112
-0.0251199
-0.0211546
-0.0193528
-0.0179168
-0.0172877
-0.022115
-0.0221355
-0.0228987
-0.0228987
-0.0332006
-0.0264452
-0.0305888
-0.0305888
-0.0256181
-0.0205244
-0.0183274
-0.0328099
-0.0301712
-0.0320049
-0.0330893
-0.0309785
-0.0257383
-0.0257383
-0.0303473
-0.02891
-0.0193292
-0.0255167
-0.0125635
-0.0238593
-0.0287564
-0.0208547
-0.0208547
-0.0222687
-0.021727
-0.0312197
-0.0175207
-0.0230525
-0.0251849
-0.0214848
-0.0320711
-0.0320711
-0.0287564
-0.0338095
-0.0318507
-0.0293873
-0.0295405
-0.0282132
-0.0282132
-0.0264692
-0.0298662
-0.0298662
-0.0273179
-0.0334412
-0.0251401
-0.0360549
-0.0360549
-0.024095
-0.029064
-0.0265343
-0.0348582
-0.0348582
-0.0319168
-0.0287314
-0.0266878
-0.0319376
-0.0210905
-0.0244895
-0.032482
-0.0279916
-0.0156967
-0.0286905
-0.0295622
-0.0295622
-0.0279057
-0.0279057
-0.0213074
-0.0243357
-0.0228333
-0.0282132
-0.0213965
-0.0347044
-0.0310655
-0.0280486
-0.0186349
-0.0206129
-0.0271648
-0.0221355
-0.0221355
-0.0274068
-0.0264774
-0.0264774
-0.0309785
-0.0251199
-0.0301064
-0.0317835
-0.0317835
-0.0302801
-0.0322474
-0.0322474
-0.0165695
-0.0194186
-0.0272533
-0.0267766
-0.0304133
-0.027428
-0.020307
-0.0435776
-0.0323287
-0.0216389
-0.0274068
-0.0252944
-0.0269519
-0.0269519
-0.0252075
-0.0298709
-0.0273411
-0.0258383
-0.0275825
-0.0275825
-0.0311322
-0.0213074
-0.0315438
-0.0362083
-0.0267102
-0.0328099
-0.0328099
-0.0255167
-0.0334412
-0.0238361
-0.0284549
-0.0357309
-0.0357309
-0.034227
-0.0422264
-0.0331784
-0.0283676
-0.032403
-0.0347907
-0.0347907
-0.0271648
-0.0312197
-0.0326357
-0.0209855
-0.0287564
-0.0399515
-0.0267102
-0.0267102
-0.0164796
-0.0124098
-0.0257505
-0.0257505
-0.0243357
-0.0319376
-0.020048
-0.0204597
-0.0204597
-0.0267102
-0.0185461
-0.0213965
-0.0213965
-0.0236173
-0.0222897
-0.0180055
-0.0310439
-0.0271876
-0.0200027
-0.0267102
-0.0303473
-0.022987
-0.0144536
-0.0273411
-0.0267766
-0.0267766
-0.0177628
-0.0250537
-0.0250537
-0.0207665
-0.027495
-0.027495
-0.0209207
-0.0235289
-0.0216389
-0.0229204
-0.0276495
-0.0276495
-0.0172877
-0.0215049
-0.0247261
-0.0247261
-0.0202412
-0.0201368
-0.0308253
-0.0161956
-0.0182394
-0.0276691
-0.0243357
-0.0252075
-0.0241823
-0.0199827
-0.0220266
-0.027495
-0.0214848
-0.0325011
-0.0348358
-0.0204597
-0.0222213
-0.0313064
-0.0289981
-0.0274068
-0.036513
-0.0207665
-0.0288441
-0.02891
-0.0244227
-0.0245551
-0.0215502
-0.0235289
-0.0226568
-0.0226568
-0.0259922
-0.0282132
-0.0282132
-0.0243357
-0.023464
-0.0303659
-0.024577
-0.024577
-0.0209422
-0.0252075
-0.0360334
-0.0340514
-0.0340514
-0.0311518
-0.0259922
-0.0259922
-0.0215902
-0.0387182
-0.0301937
-0.0301937
-0.0281909
-0.0339857
-0.0323942
-0.0295405
-0.0202021
-0.0208313
-0.0208313
-0.0236823
-0.0252738
-0.0297829
-0.0273599
-0.0273599
-0.022987
-0.0203122
-0.0233761
-0.0237712
-0.0260116
-0.0297163
-0.0222687
-0.0295622
-0.0295622
-0.0267102
-0.0219373
-0.0282312
-0.0168909
-0.0197627
-0.0197627
-0.0209382
-0.0224443
-0.0312197
-0.0262345
-0.0262345
-0.024095
-0.024095
-0.0287564
-0.0160422
-0.0311518
-0.0313064
-0.0250537
-0.0250537
-0.0326357
-0.0326357
-0.0209422
-0.0260579
-0.0262523
-0.0197627
-0.0177842
-0.0177842
-0.0131933
-0.0248786
-0.0270122
-0.0317835
-0.023296
-0.0220266
-0.0216389
-0.0146944
-0.0197412
-0.0209422
-0.0100779
-0.0147815
-0.020547
-0.0238593
-0.0203939
-0.0198291
-0.0241593
-0.0152457
-0.0152457
-0.0158893
-0.0237712
-0.0283
-0.0198291
-0.0278842
-0.0278842
-0.0317835
-0.0267102
-0.0156317
-0.023705
-0.0156526
-0.0212793
-0.0260796
-0.0296288
-0.0212432
-0.0275143
-0.0308907
-0.0268646
-0.0204597
-0.0283
-0.0355554
-0.0289981
-0.0236173
-0.0266226
-0.0251199
-0.0239426
-0.0239426
-0.0263898
-0.0210753
-0.0264692
-0.0129602
-0.0274068
-0.0308253
-0.0286905
-0.0269519
-0.0197627
-0.0289981
-0.0199585
-0.0295622
-0.0191756
-0.0251849
-0.0210289
-0.0233616
-0.0195886
-0.0267971
-0.0170444
-0.0305014
-0.0191988
-0.025445
-0.0275609
-0.017851
-0.0305014
-0.0361213
-0.0260796
-0.0330255
-0.0246637
-0.0260796
-0.0265563
-0.0281256
-0.0281256
-0.0356628
-0.0274068
-0.0282796
-0.0362947
-0.0362947
-0.0393032
-0.0265563
-0.0264692
-0.0215502
-0.0243357
-0.0339189
-0.0312197
-0.0340727
-0.0350998
-0.034227
-0.0345933
-0.0259922
-0.0315479
-0.032482
-0.0355554
-0.0257505
-0.0305014
-0.0201368
-0.0254492
-0.022115
-0.0282796
-0.0295622
-0.0311322
-0.0311322
-0.0287564
-0.030656
-0.0185461
-0.0214182
-0.0222897
-0.0255975
-0.0255975
-0.0331784
-0.0270122
-0.0270122
-0.0291722
-0.0228333
-0.0266427
-0.0266427
-0.0325011
-0.0145809
-0.0154779
-0.0242689
-0.0242689
-0.0305014
-0.0302801
-0.0302801
-0.025662
-0.0298891
-0.0267102
-0.0313743
-0.0259039
-0.025815
-0.025815
-0.032482
-0.0226865
-0.0233761
-0.0271876
-0.0285226
-0.0291526
-0.0291526
-0.0280592
-0.027495
-0.0249054
-0.0260796
-0.0257505
-0.0144395
-0.0244895
-0.0286033
-0.0259039
-0.0222687
-0.0250537
-0.0237712
-0.0265563
-0.0271073
-0.0316098
-0.0316098
-0.0324153
-0.0324153
-0.0192646
-0.0192646
-0.0336825
-0.0271648
-0.0325475
-0.0323344
-0.0294752
-0.0305014
-0.0305014
-0.0303244
-0.0362947
-0.0422434
-0.0230746
-0.0326553
-0.0266226
-0.0266226
-0.0322474
-0.0277374
-0.0300446
-0.0213965
-0.0264692
-0.0342444
-0.0222027
-0.035161
-0.0295405
-0.0362083
-0.0297829
-0.0213311
-0.0262123
-0.0347706
-0.0282132
-0.0276495
-0.0374491
-0.03279
-0.0369268
-0.029396
-0.029396
-0.0400027
-0.0400027
-0.0366485
-0.0370807
-0.0348763
-0.0228987
-0.0228987
-0.0286033
-0.0321596
-0.0387395
-0.0387395
-0.0295622
-0.0308651
-0.0308651
-0.0296288
-0.0189444
-0.0323942
-0.0311976
-0.0267102
-0.042945
-0.0195886
-0.0358176
-0.0325475
-0.0325475
-0.0333544
-0.0264692
-0.0303473
-0.0320711
-0.0302801
-0.0280592
-0.0254492
-0.0297829
-0.0230525
-0.0325011
-0.0281256
-0.0221798
-0.019111
-0.0316098
-0.027428
-0.0294087
-0.0305014
-0.0271876
-0.0336634
-0.0336634
-0.017067
-0.0312197
-0.0237235
-0.0267766
-0.0288441
-0.0297342
-0.0301937
-0.0294515
-0.0287564
-0.0267102
-0.0284341
-0.0319376
-0.0336634
-0.0283676
-0.0262926
-0.0251199
-0.0371478
-0.0281256
-0.0387395
-0.0297584
-0.0261465
-0.0261465
-0.0311322
-0.0202433
-0.0266878
-0.0294087
-0.0294087
-0.0280373
-0.0228987
-0.0287564
-0.0305204
-0.0205879
-0.0205879
-0.0231614
-0.0308907
-0.0282132
-0.03279
-0.0297163
-0.0347907
-0.0347907
-0.0266878
-0.0282132
-0.0269519
-0.0221355
-0.032569
-0.0332668
-0.0236823
-0.0257714
-0.0281256
-0.0237712
-0.0189579
-0.0189579
-0.0268832
-0.0248786
-0.0181744
-0.02268
-0.0317631
-0.0317631
-0.0238593
-0.0237235
-0.0303473
-0.0160192
-0.0301064
-0.0258383
-0.0100779
-0.0100779
-0.0246195
-0.0154779
-0.0164151
-0.0244227
-0.0244227
-0.0305888
-0.0222687
-0.019111
-0.0171332
-0.0204352
-0.0170444
-0.0251199
-0.0251199
-0.0237712
-0.0141305
-0.0279721
-0.0252944
-0.0271003
-0.0271003
-0.0238593
-0.0348582
-0.0279721
-0.0279057
-0.0297163
-0.0316747
-0.0257505
-0.0206129
-0.0302596
-0.0317631
-0.0135013
-0.0259253
-0.0259253
-0.0325862
-0.0346823
-0.027428
-0.0242689
-0.0236173
-0.0311322
-0.0222687
-0.0237919
-0.0298662
-0.022049
-0.0213965
-0.0227454
-0.0193528
-0.0193528
-0.0254206
-0.0312197
-0.0297829
-0.0297829
-0.0185867
-0.027495
-0.0337451
-0.0208547
-0.0291526
-0.0326357
-0.0266226
-0.0239254
-0.0233761
-0.0233761
-0.0334412
-0.0297163
-0.023705
-0.0257505
-0.027086
-0.0299581
-0.0252738
-0.0231614
-0.02891
-0.0286033
-0.0223336
-0.0319818
-0.0307438
-0.0259922
-0.0315438
-0.0315438
-0.038431
-0.0291722
-0.0267102
-0.0315856
-0.0244227
-0.0307128
-0.0307128
-0.0231413
-0.0256848
-0.0256848
-0.024577
-0.0201572
-0.0201572
-0.0222687
-0.0235289
-0.0314332
-0.0245551
-0.0309119
-0.024577
-0.024577
-0.0225116
-0.0258572
-0.0305014
-0.0346369
-0.0297342
-0.0297342
-0.0297342
-0.0284549
-0.0349897
-0.0286905
-0.0303473
-0.0243357
-0.0388261
-0.0358809
-0.0305014
-0.0311322
-0.0348763
-0.0362083
-0.0162612
-0.0392169
-0.0335086
-0.0355085
-0.03773
-0.0283848
-0.0283848
-0.0283848
-0.0299297
-0.0299297
-0.0398491
-0.035342
-0.0371478
-0.0339857
-0.0354019
-0.0369938
-0.0348582
-0.0348582
-0.0333544
-0.0333544
-0.0282132
-0.0282132
-0.0324153
-0.0324153
-0.030656
-0.030656
-0.0363623
-0.0263898
-0.0264692
-0.0323942
-0.0254206
-0.0305675
-0.0318507
-0.0199163
-0.0294752
-0.0219373
-0.0287564
-0.0317835
-0.0317835
-0.039867
-0.039867
-0.0403307
-0.0320049
-0.0413537
-0.0278842
-0.0278842
-0.0304342
-0.0404147
-0.0304133
-0.0381694
-0.0313696
-0.0313696
-0.0313696
-0.0344643
-0.0322414
-0.0322414
-0.0346823
-0.0281013
-0.0281909
-0.0319818
-0.0314571
-0.0314571
-0.0314571
-0.0314571
-0.0391299
-0.0391299
-0.0391299
-0.0384981
-0.0366005
-0.0388425
-0.0359726
-0.0411603
-0.0406935
-0.0382044
-0.0425043
-0.0417883
-0.0376251
-0.0376251
-0.0474834
-0.0321641
-0.0384614
-0.0275157
-0.0275157
-0.0217852
-0.0177813
-0.00851212
-0.0258275
-0.0456195
-0.0654989
-0.0569559
-0.0737662
-0.0714516
-0.0719205
-0.0751965
-0.0601559
-0.0601559
-0.0635561
-0.0585866
-0.061713
-0.0624478
-0.0648042
-0.0643501
-0.0643501
-0.0620577
-0.0583938
-0.0589119
-0.0668961
-0.0563685
-0.0639594
-0.0639594
-0.0626352
-0.0583938
-0.0491728
-0.0574072
-0.0567536
-0.059369
-0.059369
-0.0550519
-0.0618611
-0.0575361
-0.060815
-0.0535477
-0.0535477
-0.0602941
-0.0585755
-0.0553214
-0.0566247
-0.0522409
-0.0544667
-0.0544667
-0.0565563
-0.0543161
-0.0489669
-0.0549126
-0.0589715
-0.0589715
-0.0610105
-0.0573381
-0.0583184
-0.0553174
-0.0519743
-0.0620512
-0.0620512
-0.0620512
-0.0519743
-0.046683
-0.0517203
-0.0547857
-0.0543292
-0.0543292
-0.0588429
-0.0571508
-0.0484995
-0.0633585
-0.0558206
-0.0558206
-0.0589013
-0.0579218
-0.0588429
-0.0601505
-0.0470669
-0.053351
-0.0583184
-0.0548552
-0.0576184
-0.0500322
-0.0427779
-0.0471454
-0.0496309
-0.0496309
-0.0530291
-0.0530291
-0.041199
-0.0450531
-0.0546697
-0.0460171
-0.0459603
-0.0543379
-0.0513211
-0.0510662
-0.0541887
-0.0489526
-0.0489526
-0.0505478
-0.0517887
-0.0444678
-0.0444678
-0.0621928
-0.0436635
-0.0436635
-0.0437344
-0.0443304
-0.039823
-0.047449
-0.0417069
-0.0392826
-0.053351
-0.044783
-0.044783
-0.0534784
-0.0520437
-0.0364906
-0.0364906
-0.0415216
-0.0415216
-0.0445847
-0.0418471
-0.0459024
-0.0459024
-0.0438045
-0.0438045
-0.0286777
-0.0266017
-0.0148656
-0.0148656
-0.0160943
-0.0142423
-0.0228656
-0.0139873
-0.0141146
-0.0102695
-0.0138606
-0.0138606
-0.0113159
-0.0251452
-0.0209015
-0.0158118
-0.0148353
-0.0289257
-0.0289257
-0.0283417
-0.0283417
-0.0130689
-0.0130689
-0.0126722
-0.017819
-0.0207045
-0.0192624
-0.0103966
-0.0152329
-0.014765
-0.0156699
-0.0171826
-0.0292407
-0.0224457
-0.0224457
-0.0216677
-0.0179465
-0.0179465
-0.0225175
-0.0225739
-0.0246807
-0.0321143
-0.0249249
-0.0345241
-0.0224457
-0.0343954
-0.0257888
-0.0231107
-0.030077
-0.0295567
-0.0295567
-0.033509
-0.0339142
-0.0369352
-0.0352873
-0.034595
-0.0431939
-0.0431939
-0.0456339
-0.0418189
-0.0421427
-0.0313773
-0.0360833
-0.0432663
-0.0432663
-0.0394816
-0.0313773
-0.035991
-0.0436075
-0.0436075
-0.0466148
-0.0371427
-0.0354282
-0.0452215
-0.0388302
-0.0372706
-0.0415792
-0.0415792
-0.0450751
-0.0379075
-0.0379075
-0.0400768
-0.0443871
-0.0343804
-0.047591
-0.0413817
-0.0318452
-0.0430666
-0.0345783
-0.0387585
-0.0387585
-0.0481731
-0.0444426
-0.0444426
-0.0370726
-0.0418917
-0.0387727
-0.0341965
-0.0444426
-0.0444426
-0.0395527
-0.0364906
-0.037582
-0.0369103
-0.0296928
-0.0500774
-0.0401332
-0.0401332
-0.0364054
-0.038486
-0.038486
-0.0370567
-0.0370567
-0.0414911
-0.0414911
-0.0363498
-0.0365485
-0.0413252
-0.0489669
-0.0363498
-0.0369301
-0.0370017
-0.0377804
-0.0407291
-0.0407291
-0.0386309
-0.0349035
-0.0363327
-0.0388864
-0.0387585
-0.0387585
-0.0365329
-0.0334019
-0.0353558
-0.0422155
-0.0450949
-0.0385588
-0.0385588
-0.0356084
-0.0414369
-0.040785
-0.040785
-0.044783
-0.0398621
-0.0398621
-0.0319725
-0.0407291
-0.039354
-0.0443871
-0.0422155
-0.0422155
-0.033456
-0.0374563
-0.0379075
-0.0379794
-0.0364054
-0.0362784
-0.0362784
-0.028228
-0.0370567
-0.0341799
-0.0339265
-0.0378348
-0.0398793
-0.0398793
-0.0388864
-0.0388864
-0.0368577
-0.0257502
-0.0285734
-0.0408564
-0.0423018
-0.0423018
-0.0347043
-0.0303264
-0.0392826
-0.0405319
-0.0405319
-0.036732
-0.0350467
-0.0373843
-0.0453485
-0.0437721
-0.0408186
-0.037582
-0.0433379
-0.0379225
-0.0411134
-0.0411134
-0.0401332
-0.0436456
-0.0390842
-0.0452215
-0.0401884
-0.047449
-0.0361518
-0.0493531
-0.0493531
-0.0436456
-0.0408564
-0.0487542
-0.0487542
-0.0449689
-0.0367894
-0.0367894
-0.0377082
-0.0414911
-0.0430666
-0.0405865
-0.0405865
-0.0405865
-0.0366594
-0.0357688
-0.0414911
-0.0361331
-0.0490072
-0.0339265
-0.0339265
-0.03874
-0.0365346
-0.0370017
-0.0442601
-0.0428674
-0.0496202
-0.0345241
-0.0399885
-0.0435919
-0.0457636
-0.0431208
-0.0361518
-0.0361518
-0.0347043
-0.0317736
-0.0377804
-0.0311769
-0.0311769
-0.0363327
-0.0296928
-0.0366053
-0.0366053
-0.033275
-0.0363327
-0.0379794
-0.0443161
-0.0443161
-0.0399344
-0.0399344
-0.0375276
-0.0333291
-0.0333291
-0.0413647
-0.0356817
-0.0311769
-0.0290979
-0.0373113
-0.0427415
-0.0427415
-0.0361331
-0.0318276
-0.0458735
-0.0458735
-0.0410551
-0.0322794
-0.0372376
-0.0377804
-0.04064
-0.0378348
-0.0377614
-0.0388136
-0.0347043
-0.0347043
-0.0424149
-0.0424149
-0.0338321
-0.0381614
-0.0367846
-0.0367846
-0.0316282
-0.026674
-0.0259504
-0.027377
-0.027377
-0.0371632
-0.0397363
-0.0399885
-0.0377247
-0.0377804
-0.0330767
-0.0383382
-0.0312304
-0.0346501
-0.0378518
-0.0327818
-0.0327818
-0.04064
-0.0356084
-0.036732
-0.0231504
-0.0394643
-0.0378881
-0.0391559
-0.0390117
-0.0461446
-0.0373113
-0.0373113
-0.0382867
-0.0359849
-0.0376352
-0.0428674
-0.0428674
-0.038686
-0.0335451
-0.0335451
-0.0378518
-0.0319545
-0.0234736
-0.0315028
-0.0311035
-0.0311035
-0.0325515
-0.0362784
-0.0378881
-0.0378881
-0.040785
-0.0383771
-0.0382867
-0.0334739
-0.0325515
-0.0382867
-0.029549
-0.0316048
-0.0275244
-0.0303264
-0.0316282
-0.0479753
-0.0479753
-0.0311035
-0.0332556
-0.0332556
-0.028626
-0.0294532
-0.0327325
-0.0327325
-0.0316282
-0.0399344
-0.0341066
-0.0436456
-0.0397153
-0.0397153
-0.0375615
-0.0355547
-0.0355547
-0.0331814
-0.03608
-0.0327319
-0.0339065
-0.0373843
-0.0447693
-0.0415638
-0.0422155
-0.0441188
-0.0294532
-0.0292029
-0.0292029
-0.0313042
-0.0365329
-0.0306707
-0.0317013
-0.0317013
-0.0377614
-0.0392104
-0.0316282
-0.0360258
-0.0341799
-0.0285007
-0.028626
-0.0347212
-0.0386128
-0.0373622
-0.0280271
-0.0346313
-0.0346313
-0.0404409
-0.0386161
-0.0324049
-0.0324049
-0.022173
-0.039915
-0.0401468
-0.0367846
-0.0353022
-0.0423589
-0.0259689
-0.0274284
-0.0250999
-0.0303992
-0.0369103
-0.0324785
-0.0324785
-0.0347043
-0.0347043
-0.0245233
-0.0406582
-0.0340325
-0.0345783
-0.0371838
-0.0318805
-0.0377082
-0.0347573
-0.0193734
-0.0354083
-0.0254259
-0.0355135
-0.03608
-0.03608
-0.0477782
-0.035031
-0.0371632
-0.0339801
-0.0362061
-0.0362061
-0.0322794
-0.037582
-0.037582
-0.0409122
-0.0346831
-0.0319004
-0.0206509
-0.0430469
-0.0354282
-0.0273974
-0.0362229
-0.030829
-0.0349035
-0.0389584
-0.0310502
-0.0312304
-0.028626
-0.0363113
-0.030829
-0.0306541
-0.03874
-0.0348092
-0.0390638
-0.0363327
-0.0363327
-0.026674
-0.0351575
-0.0351589
-0.0379794
-0.0264006
-0.0371838
-0.0303264
-0.0364054
-0.0321555
-0.0302725
-0.0297291
-0.0290253
-0.0319004
-0.0319004
-0.0242497
-0.0357355
-0.0362593
-0.0327319
-0.0327319
-0.0376873
-0.0376873
-0.0433218
-0.0339065
-0.0369839
-0.0360594
-0.0349578
-0.0349578
-0.0273022
-0.0296023
-0.0348308
-0.0265475
-0.0339982
-0.0317541
-0.0346313
-0.0346313
-0.0309238
-0.0362061
-0.0362061
-0.0242497
-0.028878
-0.0360075
-0.0366053
-0.038486
-0.0316282
-0.0236907
-0.0266005
-0.0266005
-0.0256245
-0.0349578
-0.0325308
-0.0352588
-0.0314798
-0.0309035
-0.0299306
-0.0228754
-0.0228754
-0.0423424
-0.0288982
-0.0286991
-0.0302001
-0.0324251
-0.0323304
-0.0385588
-0.0297484
-0.0406582
-0.026674
-0.026674
-0.032605
-0.0307781
-0.034053
-0.034053
-0.0258968
-0.0331296
-0.038035
-0.0377082
-0.0303791
-0.0303791
-0.0342336
-0.0296023
-0.0296023
-0.0283551
-0.0444426
-0.0279013
-0.0377804
-0.0453648
-0.0341066
-0.0341066
-0.04504
-0.0362061
-0.039915
-0.0391375
-0.0322794
-0.028626
-0.0384125
-0.0408396
-0.0408396
