-0.879912
-0.886983
-0.874456
-0.881554
-0.888143
-0.889467
-0.880404
-0.871488
-0.88957
-0.887747
-0.870994
-0.878249
-0.878061
-0.874175
-0.87647
-0.87483
-0.882362
-0.895051
-0.88051
-0.861916
-0.891543
-0.88538
-0.903937
-0.893399
-0.872922
-0.872118
-0.878195
-0.872038
-0.888149
-0.895551
-0.886255
-0.8802
-0.883386
-0.875844
-0.883991
-0.864231
-0.88162
-0.897639
-0.891338
-0.899337
-0.885522
-0.87702
-0.892375
-0.880662
-0.878807
-0.883107
-0.856727
-0.892075
-0.854262
-0.863693
-0.877041
-0.876518
-0.870928
-0.867049
-0.875372
-0.88517
-0.878958
-0.862519
-0.876304
-0.88847
-0.871427
-0.871741
-0.862212
-0.892682
-0.877408
-0.883465
-0.877257
-0.872415
-0.886732
-0.878217
-0.868179
-0.894348
-0.877497
-0.852162
-0.897599
-0.859706
-0.884181
-0.865409
-0.861465
-0.878219
-0.862739
-0.877514
-0.848317
-0.872329
-0.852948
-0.865774
-0.840409
-0.85908
-0.858537
-0.838646
-0.86327
-0.856871
-0.874452
-0.849057
-0.846504
-0.846193
-0.861656
-0.850419
-0.868835
-0.867866
-0.85956
-0.839122
-0.851727
-0.860281
-0.85794
-0.851888
-0.86848
-0.87144
-0.857305
-0.853626
-0.865677
-0.875113
-0.852751
-0.854174
-0.86453
-0.870145
-0.871308
-0.852123
-0.851727
-0.840002
-0.840864
-0.857206
-0.864122
-0.849649
-0.857098
-0.845781
-0.83454
-0.845032
-0.82843
-0.830875
-0.84124
-0.825711
-0.837483
-0.84926
-0.85813
-0.81047
-0.865984
-0.832944
-0.823788
-0.829331
-0.849908
-0.842102
-0.825437
-0.832649
-0.835197
-0.821627
-0.83752
-0.832828
-0.830804
-0.840055
-0.818174
-0.831449
-0.842636
-0.818805
-0.830806
-0.855554
-0.816302
-0.844862
-0.802647
-0.838571
-0.83638
-0.845304
-0.840812
-0.826153
-0.826232
-0.814435
-0.826519
-0.84294
-0.834921
-0.823552
-0.841684
-0.818033
-0.833517
-0.845578
-0.816689
-0.844614
-0.828374
-0.812701
-0.822368
-0.829027
-0.798718
-0.82336
-0.816392
-0.818966
-0.823153
-0.808794
-0.822228
-0.818272
-0.813378
-0.819536
-0.807066
-0.816431
-0.806712
-0.811755
-0.820829
-0.792244
-0.828961
-0.805006
-0.828513
-0.799722
-0.791646
-0.822891
-0.81173
-0.79209
-0.802116
-0.791335
-0.829796
-0.813367
-0.807125
-0.805661
-0.817025
-0.809509
-0.822102
-0.817816
-0.800436
-0.812746
-0.80454
-0.811222
-0.835311
-0.819621
-0.816628
-0.818818
-0.808561
-0.82045
-0.802067
-0.800732
-0.804608
-0.803407
-0.807017
-0.815668
-0.799592
-0.821528
-0.816368
-0.81247
-0.80024
-0.805857
-0.808981
-0.793614
-0.816144
-0.806416
-0.812116
-0.788783
-0.78189
-0.778232
-0.80895
-0.798723
-0.810463
-0.790702
-0.820017
-0.806785
-0.793007
-0.811173
-0.785136
-0.773691
-0.776098
-0.807838
-0.790416
-0.791211
-0.76614
-0.796003
-0.774302
-0.786543
-0.78025
-0.766775
-0.76724
-0.761853
-0.788641
-0.759364
-0.77902
-0.803975
-0.793365
-0.784676
-0.784119
-0.763573
-0.792856
-0.776841
-0.791599
-0.646128
-0.761927
-0.838155
-0.934974
-0.695719
-0.871199
-0.712972
-0.582529
-0.886841
-0.748272
-0.871268
-0.762888
-0.695263
-0.739401
-0.767135
-0.715363
-0.754514
-0.766907
-0.773529
-0.76372
-0.735718
-0.729403
-0.690915
-0.702807
-0.7374
-0.733643
-0.712045
-0.709972
-0.702771
-0.661185
-0.651308
-0.669978
-0.679347
-0.681806
-0.672453
-0.684477
-0.67393
-0.664942
-0.662497
-0.632499
-0.649612
-0.678863
-0.663992
-0.640833
-0.647125
-0.647824
-0.647965
-0.639873
-0.669185
-0.637365
-0.621653
-0.626742
-0.618608
-0.602744
-0.628677
-0.622351
-0.633381
-0.629585
-0.622375
-0.620196
-0.610213
-0.600615
-0.618469
-0.606786
-0.64408
-0.597875
-0.602125
-0.633177
-0.588792
-0.607458
-0.589185
-0.622519
-0.616439
-0.58658
-0.599382
-0.596204
-0.593153
-0.582633
-0.580405
-0.614909
-0.582153
-0.577385
-0.583293
-0.585395
-0.588248
-0.613188
-0.696019
-0.529252
-0.44979
-0.658512
-1.09638
-1.38738
-1.39676
-1.33431
-1.32864
-1.32001
-1.28849
-1.26935
-1.26241
-1.26338
-1.24664
-1.25116
-1.22736
-1.24124
-1.23451
-1.22829
-1.22317
-1.20303
-1.21612
-1.18081
-1.21644
-1.2081
-1.1905
-1.19548
-1.1766
-1.16439
-1.16811
-1.18606
-1.181
-1.16039
-1.17085
-1.15593
-1.13083
-1.13747
-1.14537
-1.14793
-1.14722
-1.15439
-1.12936
-1.12962
-1.15405
-1.14555
-1.14728
-1.13047
-1.11539
-1.04215
-0.950488
-0.874586
-1.07168
-1.0468
-0.995281
-1.07835
-1.49371
-1.95449
-1.88988
-1.86652
-1.85483
-2.26927
-2.2813
-2.23935
-2.1991
-2.11309
-2.06347
-2.07053
-2.0674
-2.03937
-2.06613
-2.02464
-1.98793
-1.96594
-1.97725
-1.94389
-1.95908
-1.94534
-1.94957
-1.92305
-1.90318
-1.90948
-1.90981
-1.90613
-1.8918
-1.88399
-1.86602
-1.85555
-1.85656
-1.84676
-1.83567
-1.83146
-1.84739
-1.83387
-1.82343
-1.81354
-1.82002
-1.79621
-1.79357
-1.7872
-1.80717
-1.80228
-1.80547
-1.76358
-1.76101
-1.74732
-1.76889
-1.76677
-1.77022
-1.75161
-1.76238
-1.76359
-1.75787
-1.74406
-1.73996
-1.73478
-1.73036
-1.71793
-1.70274
-1.70051
-1.71504
-1.71305
-1.70429
-1.70175
-1.70573
-1.70497
-1.69681
-1.68118
-1.69322
-1.70281
-1.6771
-1.68784
-1.6575
-1.69238
-1.66608
-1.68245
-1.67331
-1.64763
-1.66501
-1.62883
-1.66718
-1.67086
-1.6521
-1.65994
-1.6458
-1.62995
-1.64108
-1.62052
-1.62593
-1.64207
-1.61897
-1.39378
-0.911884
-0.42453
0.153873
0.00664381
-0.240201
-0.214143
-0.847568
-1.18352
-1.06346
-1.07207
-1.10999
-1.15991
-1.17756
-1.19392
-1.22305
-1.23138
-1.32454
-1.55363
-1.53364
-1.58466
-1.5149
-1.49558
-1.47725
-1.45461
-1.44938
-1.43571
-1.4602
-1.4468
-1.44053
-1.42402
-1.41877
-1.39938
-1.40951
-1.39647
-1.39546
-1.37687
-1.38834
-1.3698
-1.34695
-1.35565
-1.34831
-1.35575
-1.33327
-1.35264
-1.34572
-1.32731
-1.33733
-1.33441
-1.32288
-1.3388
-1.3457
-1.30607
-1.30662
-1.32345
-1.3087
-1.31514
-1.30124
-1.30353
-1.29067
-1.29088
-1.27906
-1.2964
-1.28183
-1.27951
-1.27271
-1.2838
-1.27152
-1.29245
-1.27159
-1.27525
-1.26454
-1.2674
-1.28068
-1.24228
-1.26432
-1.24863
-1.26177
-1.25322
-1.24096
-1.25466
-1.2293
-1.22855
-1.25854
-1.23329
-1.25106
-1.232
-1.22623
-1.23228
-1.22886
-1.23862
-1.23841
-1.21161
-1.23647
-1.22399
-1.20517
-1.21386
-1.20812
-1.21269
-1.20895
-1.2156
-1.22692
-1.32156
-1.91748
-2.26349
-2.31209
-2.27879
-1.96904
-1.35665
-0.929084
-1.00916
-0.957451
-0.827974
-0.665851
-0.631971
-0.691385
-0.738254
-0.904772
-0.960173
-0.831765
-0.537186
-0.599389
-0.615434
-0.650089
-0.639758
-0.707014
-0.713225
-0.723929
-0.754776
-0.757335
-0.760314
-0.799402
-0.803811
-0.825186
-0.826134
-0.842636
-0.823711
-0.847846
-0.840064
-0.824679
-0.85112
-0.83588
-0.848164
-0.851405
-0.86928
-0.838133
-0.860613
-0.864602
-0.850391
-0.864627
-0.859577
-0.85702
-0.8543
-0.854711
-0.863363
-0.861188
-0.868938
-0.879699
-0.889469
-0.853134
-0.901685
-0.878353
-0.886468
-0.861943
-0.86897
-0.878638
-0.874424
-0.8887
-0.887354
-0.870031
-0.874336
-0.8806
-0.865396
-0.869998
-0.883178
-0.889282
-0.890622
-0.892526
-0.878171
-0.861634
-0.868975
-0.863682
-0.861514
-0.88272
-0.872007
-0.874692
-0.884221
-0.875038
-0.874798
-0.859539
-0.878487
-0.883256
-0.882088
-0.882708
-0.888657
-0.860619
-0.877646
-0.867355
-0.872094
-0.90173
-0.881547
-0.888774
-0.884322
-0.906895
-0.875988
-0.864649
-0.880489
-0.876466
-0.878126
-0.879953
-0.876825
-0.885404
-0.876011
-0.912821
-0.901631
-0.866189
-0.873939
-0.893761
-0.896698
-0.896507
-0.895585
-0.88948
-0.890998
-0.876268
-0.899372
-0.898592
-0.89841
-0.894563
-0.888656
-0.883748
-0.89148
-0.900764
-0.884308
-0.893541
-0.902126
-0.903393
-0.907844
-0.893872
-0.905135
-0.892589
-0.899916
-0.903558
-0.918459
-0.891859
-0.888139
-0.877793
-0.909906
-0.891855
-0.923818
-0.909015
-0.900558
-0.910484
-0.896892
-0.893328
-0.914432
-0.921607
-0.901387
-0.89447
-0.898673
-0.913717
-0.892425
-0.884929
-0.890726
-0.918422
-0.927267
-0.891097
-0.91329
-0.922143
-0.904102
-0.908689
-0.925279
-0.903763
-0.924802
-0.911238
-0.913017
-0.906437
-0.918316
-0.924248
-0.919499
-0.908238
-0.917046
-0.917172
-0.923205
-0.911908
-0.89867
-0.915454
-0.915998
-0.925072
-0.920839
-0.929955
-0.918839
-0.906887
-0.945746
-0.908492
-0.93268
-0.922036
-0.934001
-0.927962
-0.901049
-0.936073
-0.926361
-0.913104
-0.931789
-0.914716
-0.932314
-0.904095
-0.940926
-0.916918
-0.908765
-0.912274
-0.915939
-0.90925
-0.919542
-0.903965
-0.906003
-0.929553
-0.923596
-0.921324
-0.930792
-0.932887
-0.921386
-0.91239
-0.911692
-0.912225
-0.936228
-0.925002
-0.918899
-0.913385
-0.924469
-0.926558
-0.920972
-0.923875
-0.917685
-0.922858
-0.936888
-0.929783
-0.920014
-0.922623
-0.923112
-0.918047
-0.911708
-0.920966
-0.924607
-0.904515
-0.921568
-0.922741
-0.910071
-0.935409
-0.931315
-0.908206
-0.922685
-0.924556
-0.922457
-0.911969
-0.924727
-0.920371
-0.9163
-0.922164
-0.915107
-0.894092
-0.911425
-0.901182
-0.927365
-0.920996
-0.910951
-0.927679
-0.902212
-0.901199
-0.912264
-0.913854
-0.899535
-0.913164
-0.916571
-0.922924
-0.915568
-0.899488
-0.91728
-0.907579
-0.8954
-0.916171
-0.925039
-0.908462
-0.920455
-0.91014
-0.913649
-0.930381
-0.915078
-0.920056
-0.947495
-0.920784
-0.919321
-0.905761
-0.921157
-0.925175
-0.940251
-0.90557
-0.914271
-0.91755
-0.92603
-0.924855
-0.926372
-0.909518
-0.933584
-0.920827
-0.926113
-0.908022
-0.904452
-0.900926
-0.921323
-0.924577
-0.925987
-0.924245
-0.929814
-0.911619
-0.930634
-0.921151
-0.943057
-0.92481
-0.912962
-0.90734
-0.913691
-0.911626
-0.910148
-0.905664
-0.914647
-0.911895
-0.927096
-0.913844
-0.917112
-0.907315
-0.901722
-0.922263
-0.915427
-0.908587
-0.891166
-0.89238
-0.894346
-0.922229
-0.905474
-0.930499
-0.902629
-0.892749
-0.910408
-0.919348
-0.899194
-0.899466
-0.890362
-0.910622
-0.893372
-0.915805
-0.907804
-0.902395
-0.903137
-0.915748
-0.917474
-0.915684
-0.910341
-0.912493
-0.909675
-0.901549
-0.903386
-0.912931
-0.930666
-0.890339
-0.908589
-0.905614
-0.91382
-0.924265
-0.906063
-0.911894
-0.920084
-0.902523
-0.902322
-0.915834
-0.906519
-0.906646
-0.902205
-0.914381
-0.922329
-0.926688
-0.91879
-0.922057
-0.906749
-0.899446
-0.921191
-0.904279
-0.910533
-0.902909
-0.897807
-0.916454
-0.893476
-0.91024
-0.908168
-0.904847
-0.917393
-0.909506
-0.911654
-0.916386
-0.912085
-0.905757
-0.908414
-0.921527
-0.915333
-0.921057
-0.914026
-0.906078
-0.919495
-0.902903
-0.925882
-0.905891
-0.910803
-0.93223
-0.915341
-0.916446
-0.891819
-0.903466
-0.906571
-0.917035
-0.91342
-0.90826
-0.908457
-0.912467
-0.935274
-0.916502
-0.923099
-0.91609
-0.892107
-0.926106
-0.898979
-0.90938
-0.918323
-0.920486
-0.91934
-0.905019
-0.886639
-0.91675
-0.91607
-0.895044
-0.925145
-0.916332
-0.925149
-0.906131
-0.914556
-0.900492
-0.894514
-0.897619
-0.902822
-0.903475
-0.925748
-0.926595
-0.918706
-0.900823
-0.903904
-0.924303
-0.917038
-0.910734
-0.922599
-0.894459
-0.894319
-0.908384
-0.914391
-0.912733
-0.893059
-0.891123
-0.902347
-0.889366
-0.894489
-0.8979
-0.892788
-0.898099
-0.913731
-0.912411
-0.893478
-0.921653
-0.918574
-0.907672
-0.900276
-0.903205
-0.91146
-0.905983
-0.922529
-0.911198
-0.903886
-0.91011
-0.901246
-0.905357
-0.911529
-0.91232
-0.911696
-0.900273
-0.920989
-0.916952
-0.903286
-0.889793
-0.892765
-0.904027
-0.909682
-0.904249
-0.909177
-0.90392
-0.92539
-0.897436
-0.90203
-0.92357
-0.907656
-0.898902
-0.889149
-0.930884
-0.915519
-0.902103
-0.910177
-0.893429
-0.892821
-0.906071
-0.908718
-0.905733
-0.886513
-0.896564
-0.896105
-0.908643
-0.899898
-0.904961
-0.907856
-0.89494
-0.927049
-0.931896
-0.898159
-0.903274
-0.889429
-0.9158
-0.889608
-0.900082
-0.910681
-0.89309
-0.900535
-0.894766
-0.913568
-0.897855
-0.924459
-0.922452
-0.929389
-0.913003
-0.911156
-0.914827
-0.917821
-0.908501
-0.919854
-0.917416
-0.916182
-0.901003
-0.915982
-0.910694
-0.915692
-0.920608
-0.89618
-0.921195
-0.916566
-0.910397
-0.890356
-0.9338
-0.905105
-0.896298
-0.910068
-0.897247
-0.88566
-0.914455
-0.893854
-0.90762
-0.908047
-0.919506
-0.913985
-0.928018
-0.899697
-0.894193
-0.907122
-0.912114
-0.924122
-0.914533
-0.910669
-0.900013
-0.931333
-0.922874
-0.899402
-0.909122
-0.888274
-0.889662
-0.909246
-0.894502
-0.916676
-0.918256
-0.918946
-0.908332
-0.889586
-0.880123
-0.922272
-0.903694
-0.898978
-0.904902
-0.913982
-0.903932
-0.901005
-0.911368
-0.908831
-0.90499
-0.897252
-0.919446
-0.918498
-0.898955
-0.923511
-0.912857
-0.89588
-0.919849
-0.907868
-0.914746
-0.897606
-0.906751
-0.896269
-0.909358
-0.912636
-0.909877
-0.894174
-0.895911
-0.900415
-0.90118
-0.89876
-0.911314
-0.90082
-0.911918
-0.902809
-0.907056
-0.90813
-0.888536
-0.90005
-0.911231
-0.916426
-0.91706
-0.902248
-0.899932
-0.907585
-0.891913
-0.889735
-0.927632
-0.915943
-0.934825
-0.91205
-0.900984
-0.891586
-0.918864
-0.89837
-0.938934
-0.910817
-0.907977
-0.925384
-0.925227
-0.903247
-0.89821
-0.899512
-0.90296
-0.910308
-0.913683
-0.894005
-0.903932
-0.906152
-0.930522
-0.903573
-0.916238
-0.91487
-0.905053
-0.902551
-0.911042
-0.927426
-0.91212
-0.900895
-0.932297
-0.917596
-0.898364
-0.91088
-0.896456
-0.919768
-0.910712
-0.910186
-0.90863
-0.892275
-0.898992
-0.909415
-0.930607
-0.910881
-0.921064
-0.91257
-0.899625
-0.893871
-0.908782
-0.913077
-0.881287
-0.915042
-0.893033
-0.904481
-0.901046
-0.902281
-0.909757
-0.931088
-0.90634
-0.904382
-0.913699
-0.911145
-0.884529
-0.931831
-0.888244
-0.902071
-0.895985
-0.892418
-0.880764
-0.905947
-0.909598
-0.924832
-0.902099
-0.909511
-0.912811
-0.892053
-0.903115
-0.912144
-0.885937
-0.905063
-0.94209
-0.899676
-0.922394
-0.892632
-0.902528
-0.921743
-0.904875
-0.892372
-0.907654
-0.900497
-0.923405
-0.923358
-0.912639
-0.92162
-0.897432
-0.926024
-0.915462
-0.92371
-0.915411
-0.915136
-0.931572
-0.896285
-0.880501
-0.92398
-0.892698
-0.910427
-0.875417
-0.895049
-0.911427
-0.903889
-0.908407
-0.907696
-0.931299
-0.918758
-0.903623
-0.928463
-0.906226
-0.921715
-0.880781
-0.883984
-0.885931
-0.908444
-0.916393
-0.903294
-0.908027
-0.899517
-0.918901
