0.0221528
0.0257706
0.0423283
0.0300617
0.0331096
0.0174806
0.0358338
0.0386105
0.0199554
0.0287277
0.0338744
0.0385573
0.0338744
0.0315052
0.0358338
0.0326658
0.0294408
0.0293869
0.0215305
0.027497
0.0288723
0.0314726
0.0276776
0.0262708
0.0280334
0.0308316
0.0196404
0.0222247
0.0336088
0.0383598
0.026074
0.027497
0.0189995
0.0209725
0.0243108
0.026984
0.0303847
0.0317023
0.0323441
0.0194433
0.0224751
0.0286752
0.0296911
0.0370789
0.0370789
0.0349436
0.0282989
0.0315977
0.0203886
0.0256987
0.0352456
0.0224218
0.0261985
0.0261985
0.0346024
0.0322912
0.027234
0.027234
0.0314533
0.0261462
0.025023
0.0196404
0.0213511
0.0260931
0.0278564
0.0333786
0.0360311
0.0351211
0.0261462
0.0288723
0.0179829
0.0367956
0.0281058
0.0211539
0.026768
0.0333069
0.0306347
0.0222963
0.0351408
0.0260212
0.0288723
0.0295126
0.0331816
0.0331816
0.025005
0.0224218
0.0238807
0.0369545
0.0369545
0.0369545
0.0359392
0.0372758
0.0279089
0.0404435
0.0329842
0.028819
0.0362608
0.0309696
0.0232412
0.0264093
0.0269122
0.0202083
0.0308316
0.0258961
0.0196225
0.0265895
0.0384853
0.0369023
0.0430712
0.0291733
0.0241322
0.0288001
0.0341253
0.029638
0.0267869
0.0331096
0.0247356
0.0384853
0.0333069
0.0252021
0.0266613
0.0350687
0.0293152
0.0358869
0.0256615
0.0231872
0.0233665
0.0424528
0.0240066
0.0363849
0.0314006
0.0276776
0.0260212
0.0308836
0.0256987
0.0271621
0.0328624
0.0284421
0.0381665
0.0288001
0.0291733
0.0269122
0.0380422
0.0269122
0.028819
0.0291215
0.0417078
0.0216556
0.0220447
0.0286752
0.0232412
0.0270175
0.0249515
0.0225999
0.0297631
0.0296189
0.0333069
0.025023
0.0250769
0.0316503
0.0219895
0.0325412
0.0358144
0.0333069
0.0295661
0.0227965
0.0305622
0.0288723
0.0194972
0.0238807
0.0249684
0.0429685
0.0339461
0.0379697
0.0399475
0.0266613
0.0270373
0.0263429
0.028997
0.022864
0.026715
0.0355825
0.0305098
0.0243827
0.0310076
0.0286752
0.0222963
0.0362088
0.0269122
0.0285501
0.0215305
0.0291893
0.0346753
0.0346753
0.0242036
0.02299
0.0295661
0.0231158
0.0240066
0.0294408
0.0279999
0.0287277
0.0266613
0.0254516
0.0334319
0.0315256
0.0303125
0.0327177
0.0382687
0.0276776
0.0219184
0.030582
0.0253926
0.0253926
0.0360118
0.0288723
0.0255903
0.0276776
0.0225469
0.0158953
0.0236832
0.0269653
0.0205856
0.0273898
0.0280532
0.0334319
0.0280334
0.0225999
0.020657
0.028568
0.0224751
0.0313472
0.0122916
0.0189995
0.017786
0.0288723
0.0216556
0.0186236
0.0180359
0.0209015
0.0169742
0.0280532
0.0288001
0.0308836
0.0314006
0.0233665
0.0275339
0.0251485
0.0222963
0.0322912
0.0234194
0.0260931
0.0260931
0.0269122
0.0334319
0.027266
0.0194433
0.0275518
0.0254516
0.0254516
0.0240605
0.0253794
0.0250769
0.026984
0.0207109
0.0141836
0.0187308
0.0140033
0.0162105
0.0083627
0.0136798
0.0176066
0.0115794
0.0160922
0.0202083
0.0222247
0.0198722
0.0155173
0.0251301
0.0251301
0.0253069
0.0207439
0.0150038
0.0343545
0.0199554
0.0214587
0.0251301
0.0350687
0.0167153
0.0169661
0.0290492
0.0253269
0.0272144
0.0279812
0.0234381
0.0216556
0.0325934
0.023935
0.0275339
0.0296911
0.0261647
0.0283707
0.0212797
0.0238807
0.0218327
0.0259678
0.0173404
0.0278564
0.0196404
0.0203343
0.0263429
0.0281729
0.0227245
0.0322912
0.0296911
0.0186776
0.0205856
0.0252021
0.0265354
0.0265354
0.0233128
0.0217602
0.028997
0.0260212
0.0246321
0.0291733
0.030956
0.0222247
0.0285501
0.0256449
0.0199442
0.0223501
0.0223501
0.0304568
0.0349436
0.0322191
0.0279812
0.0415833
0.0272867
0.0272867
0.0317023
0.028622
0.0186236
0.0233665
0.0341253
0.0285501
0.0259847
0.0341781
0.0309348
0.0247541
0.0215305
0.033784
0.0278564
0.0272144
0.0270373
0.0219895
0.0238632
0.0323441
0.0323441
0.0279089
0.0360118
0.0213335
0.0343752
0.0378451
0.0286752
0.0243108
0.029638
0.0314533
0.0259678
0.0219184
0.034
0.034
0.0278564
0.0249515
0.0272867
0.0248258
0.0248258
0.025824
0.0308316
0.0308316
0.0207109
0.0389119
0.0305285
0.0269122
0.0293152
0.0287473
0.0322191
0.0351211
0.0456202
0.0405684
0.0441085
0.0420786
0.0420786
0.0349963
0.028819
0.0258961
0.0314726
0.0188557
0.0125248
0.0222247
0.0324163
0.0318263
0.0175518
0.0317944
0.0195146
0.030582
0.0192624
0.0185521
0.0378969
0.0313284
0.0214053
0.0330374
0.0389119
0.0295126
0.0194972
0.0403183
0.0332348
0.023544
0.0294408
0.0297631
0.0297436
0.0263429
0.0341253
0.0233128
0.029638
0.0233665
0.0295841
0.0267328
0.0315977
0.0325934
0.0158953
0.0269122
0.0217083
0.0304568
0.0251825
0.0408686
0.0311499
0.0166055
0.0303313
0.0329842
0.0167153
0.0169661
0.0199554
0.0195689
0.0233128
0.0260931
0.0167867
0.00930978
0.027234
0.0349618
0.0296911
0.02299
0.0232412
0.0232412
0.0196943
0.0249515
0.0231872
0.0166608
0.0196753
0.0196753
0.0184426
0.0228487
0.0203886
0.0364575
0.0152007
0.0341253
0.0241858
0.0277312
0.0279812
0.0284965
0.0221706
0.0213511
0.0213511
0.0260212
0.0348713
0.0253269
0.0263952
0.0232945
0.0252021
0.021208
0.0177488
0.0291733
0.0231158
0.025573
0.025005
0.0222247
0.0196943
0.0196943
0.0250769
0.0230614
0.0218327
0.0201406
0.0347259
0.0347259
0.0234194
0.0214587
0.0357083
0.020137
0.0343028
0.0343028
0.0307069
0.0278564
0.0168578
0.0203343
0.0249515
0.0293869
0.0277312
0.0333069
0.0292609
0.0310076
0.0291733
0.0268403
0.0261462
0.0314006
0.0395533
0.0362608
0.028622
0.0203886
0.0309348
0.0309348
0.0269653
0.0389847
0.0323441
0.0234381
0.0415108
0.0252021
0.0380422
0.0297436
0.0257877
0.0289248
0.0276058
0.0351727
0.0280532
0.0265354
0.0270175
0.0240605
0.0328416
0.029638
0.0231158
0.0307069
0.0321658
0.0321658
0.0332348
0.0316503
0.0298159
0.0331096
0.020137
0.0203886
0.0285501
0.0195146
0.0195146
0.0272867
0.0210823
0.0253794
0.0234194
0.0182453
0.0221706
0.0253269
0.0206391
0.0257706
0.0223501
0.0222247
0.0326658
0.0315256
0.0240066
0.0222247
0.0345514
0.0298159
0.0249515
0.0249515
0.0211539
0.0211539
0.0315256
0.0303313
0.0277312
0.0264638
0.0264638
0.0194433
0.0166608
0.0204601
0.0324163
0.0289248
0.0284246
0.0284246
0.0288723
0.0249515
0.0401745
0.0257517
0.0169836
0.0169836
0.0252021
0.026715
0.0139479
0.0243633
0.0282816
0.038663
0.038663
0.0362088
0.0323441
0.0338201
0.0288523
0.0267869
0.0296911
0.0278564
0.025023
0.0255903
0.0265895
0.0347644
0.0375952
0.0252021
0.031899
0.0286937
0.0369023
0.0253988
0.0400508
0.0287473
0.0225999
0.0361364
0.0358338
0.0274802
0.0343752
0.0304568
0.0221706
0.0313472
0.0256987
0.0171012
0.0222419
0.0314533
0.0314533
0.0315977
0.0307593
0.026715
0.0222247
0.0234194
0.0296911
0.0215305
0.0308109
0.0337329
0.0301872
0.031847
0.0334844
0.0334844
0.0286937
0.0284421
0.0274258
0.028622
0.0232412
0.0229353
0.0229353
0.0230614
0.0252021
0.0279283
0.0188204
0.025005
0.0241322
0.0332348
0.0267328
0.0297631
0.0312931
0.0277312
0.0331625
0.0311499
0.028819
0.030137
0.0286937
0.0227925
0.0241858
0.0323441
0.0296911
0.0269653
0.0321117
0.0278564
0.0185521
0.0296911
0.0296911
0.0299405
0.0391814
0.0339279
0.0255903
0.0377393
0.0286752
0.0396978
0.0319683
0.0292609
0.0287277
0.0311499
0.0307069
0.0328755
0.0238807
0.0250769
0.0232412
0.0326449
0.0175518
0.0296911
0.0296911
0.0296911
0.0194433
0.0288723
0.0270373
0.0335506
0.0157696
0.0299405
0.0251485
0.0360118
0.025005
0.0288723
0.0288723
0.0288723
0.0188028
0.0202629
0.0202629
0.0281058
0.0241858
0.0241858
0.0292609
0.0310076
0.0335362
0.0237545
0.0342504
0.0268585
0.039036
0.039036
0.0286752
0.0257706
0.0325934
0.0243108
0.0243108
0.0262708
0.0268585
0.0128983
0.0315256
0.0234914
0.0221706
0.0316503
0.029888
0.0222247
0.0166608
0.0251301
0.0251301
0.0299922
0.0350156
0.0293152
0.0360118
0.0256785
0.0313284
0.0214053
0.0351936
0.0258961
0.0345514
0.0170377
0.0170377
0.0315256
0.0220447
0.0301337
0.0316616
0.038145
0.0196943
0.0156435
0.020657
0.0288723
0.0281779
0.0186776
0.038094
0.038094
0.0261462
0.0307069
0.0208358
0.0253269
0.0353181
0.0244356
0.0303313
0.0148235
0.0242576
0.0324163
0.0166055
0.0313284
0.0248972
0.0260212
0.0169836
0.0169836
0.0269653
0.0270373
0.0340532
0.0286029
0.0286029
0.0304568
0.0223501
0.0195689
0.0195689
0.0202083
0.026768
0.0360118
0.0262708
0.028622
0.0408686
0.0279812
0.0320401
0.0362608
0.0276776
0.0325934
0.0384653
0.0383417
0.0383417
0.0383417
0.0310801
0.0310801
0.0317748
0.0317748
0.0502735
0.0502735
0.0287473
0.0508851
0.0492099
0.0442849
0.0461167
0.0527478
0.0481453
0.0494064
0.0592163
0.0631608
0.0701405
0.0800641
0.0970809
0.0970809
0.0900196
0.0890134
0.0899385
0.0968151
0.0990108
0.0991488
0.0991488
0.0944756
0.0944756
0.0841917
0.0932488
0.0852599
0.0908345
0.0897685
0.0908632
0.0797306
0.0740355
0.0729251
0.0729251
0.0676317
0.0611177
0.0611177
0.0520536
0.053959
0.0509263
0.0516287
0.0510101
0.0640241
0.0640241
0.0504656
0.0529966
0.0550575
0.0688955
0.0537333
0.0617436
0.0521382
0.0568858
0.0454445
0.0522948
0.0467659
0.0577803
0.0471148
0.0520971
0.0575076
0.0463724
0.0514765
0.0583252
0.050774
0.0485549
0.0422102
0.0537333
0.055603
0.0477012
0.0385064
0.0430292
0.0430292
0.0547852
0.0340226
0.0502327
0.0445842
0.0272751
0.0383466
0.0469547
0.0569228
0.0501918
0.0501918
0.0529563
0.0389297
0.0389297
0.0449762
0.0449762
0.0383891
0.0438071
0.0509686
0.0509686
0.0494144
0.0500746
0.0384643
0.0364396
0.0454029
0.0447016
0.0447016
0.0445418
0.0380355
0.0345321
0.0461791
0.0553689
0.0414619
0.0372161
0.040568
0.0450054
0.0450054
0.047191
0.0408467
0.043218
0.0346073
0.0436477
0.0499148
0.052376
0.0540469
0.0512072
0.0655962
0.0506553
0.0506553
0.0579313
0.0498407
0.0503846
0.0385817
0.0515159
0.0438827
0.0438827
0.0365991
0.0445498
0.0447016
0.0403032
0.0342083
0.0482862
0.051203
0.0428709
0.0518282
0.0408796
0.0381961
0.0416237
0.0416237
0.0392085
0.0372591
0.0502729
0.0416234
0.0457185
0.0452851
0.0452851
0.0383891
0.0448597
0.056693
0.0434544
0.0425927
0.0582887
0.0574713
0.0477294
0.0473917
0.0490211
0.0374597
0.0502327
0.043614
0.0436898
0.0489456
0.0499557
0.0519482
0.0539488
0.0512462
0.0512462
0.0541056
0.0568988
0.0538822
0.0434896
0.0327326
0.0466422
0.0439165
0.0499553
0.0388157
0.0497234
0.037452
0.042519
0.0479284
0.0519001
0.0398275
0.0390891
0.0415832
0.0375269
0.0375269
0.0437621
0.0449697
0.0487124
0.0459059
0.042519
0.0404455
0.042519
0.0402959
0.0394012
0.0381125
0.0404132
0.0396764
0.0447016
0.0447016
0.0360471
0.0484791
0.0406471
0.0540837
0.0396354
0.0434896
0.0340547
0.0339368
0.037762
0.0383891
0.0452476
0.0457545
0.0508889
0.0570356
0.0694428
0.0627092
0.0603707
0.0508889
0.049474
0.0552491
0.062084
0.0593662
0.0560532
0.0623534
0.0512685
0.0512685
0.0476836
0.048509
0.0351262
0.0410948
0.0433933
0.0448424
0.0520464
0.0475673
0.0560232
0.0417975
0.0444487
0.0442867
0.0489724
0.0338759
0.0391891
0.0421447
0.0405499
0.0374954
0.0303541
0.0303541
0.037048
0.037303
0.0344239
0.044257
0.0309564
0.0430379
0.0357819
0.0378241
0.0350529
0.0367214
0.0367214
0.0379858
0.0355165
0.0366023
0.0299696
0.031756
0.0291488
0.0353503
0.0352303
0.0328165
0.0408945
0.0366023
0.0291957
0.0334442
0.0291957
0.0327436
0.0373493
0.0346963
0.0263734
0.0341589
0.0410137
0.0410137
0.0299696
0.0308629
0.0336369
0.0398356
0.0363632
0.0169543
0.0169543
0.0387179
0.0378101
0.0307902
0.0373948
0.0318961
0.0299442
0.0312732
0.0259986
0.0282559
0.0397596
0.035007
0.0406708
0.0406708
0.0445655
0.0440325
0.0429301
0.0459825
0.0417959
0.0504359
0.0504359
0.0599924
0.0563775
0.0519449
0.0499564
0.0527611
0.0556018
0.0601122
0.0597581
0.0589824
0.0598365
0.0622818
0.0552086
0.0552086
0.0663655
0.0652741
0.077073
0.0701241
0.0736436
0.0765923
0.0719345
0.07999
0.0760003
0.107959
0.107959
0.095259
0.0984229
0.103877
0.100742
0.103429
0.104564
0.108615
0.109792
0.110124
0.110403
0.11336
0.122692
0.11244
0.113051
0.125095
0.131011
0.137348
0.132598
0.144549
0.159752
0.189089
0.195184
0.204943
0.217573
0.244233
0.253374
0.260145
0.248828
0.237223
0.23914
0.237068
0.23645
0.244938
0.244938
0.250414
0.247008
0.240795
0.239887
0.230155
0.235499
0.230263
0.226686
0.229215
0.229232
0.231637
0.231637
0.234288
0.217701
0.229378
0.232775
0.238366
0.234634
0.228456
0.228456
0.238921
0.249758
0.230027
0.232808
0.230663
0.239976
0.23366
0.224733
0.222868
0.222746
0.23259
0.244828
0.244828
0.231566
0.231815
0.230861
0.224337
0.231782
0.220266
0.220266
0.221966
0.225387
0.226934
0.223434
0.221933
0.232051
0.224717
0.22918
0.225512
0.226488
0.21402
0.217573
0.220758
0.228308
0.229809
0.226342
0.231597
0.226628
0.227355
0.227355
0.225782
0.223125
0.221078
0.222777
0.221244
0.207581
0.207394
0.218123
0.215182
0.212439
0.207766
0.208735
0.208735
0.233561
0.233931
0.22647
0.231656
0.221826
0.215872
0.218443
0.212561
0.228367
0.203888
0.222148
0.207674
0.207923
0.207845
0.203486
0.195113
0.198808
0.200763
0.208749
0.19611
0.206327
0.231482
0.221948
0.226389
0.227424
0.219132
0.227841
0.228258
0.224824
0.210238
0.2167
0.21855
0.209593
0.217405
0.210344
0.20656
0.207648
0.217573
0.20884
0.210647
0.209546
0.21339
0.211522
0.209806
0.229162
0.223757
0.231637
0.230225
0.220324
0.21808
0.214952
0.219617
0.218641
0.220865
0.221154
0.215946
0.212517
0.221425
0.197384
0.214309
0.221107
0.2167
0.207216
0.205175
0.213481
0.226864
0.229986
0.229938
0.219471
0.231656
0.22654
0.223017
0.217737
0.217737
0.226559
0.22204
0.22918
0.227714
0.215182
0.215994
0.226463
0.231184
0.214385
0.209821
0.215197
0.217445
0.207964
0.209129
0.212347
0.207845
0.215675
0.2259
0.233582
0.229868
0.226628
0.238455
0.221407
0.231077
0.22936
0.230191
0.230191
0.225111
0.224279
0.230084
0.219485
0.213511
0.212699
0.22126
0.21777
0.212242
0.211641
0.218717
0.216989
0.215197
0.205465
0.206876
0.199005
0.216912
0.210647
0.204389
0.203028
0.2008
0.223159
0.233627
0.237332
0.230205
0.233582
0.233248
0.222221
0.214934
0.214227
0.219527
0.225979
0.219707
0.212107
0.213284
0.206221
0.210541
0.218131
0.211431
0.209009
0.203553
0.214126
0.216373
0.214491
0.226015
0.198994
0.203486
0.215134
0.204574
0.206447
0.199376
0.199376
0.204574
0.203841
0.202767
0.207707
0.200332
0.203497
0.203497
0.2435
0.240921
0.225791
0.235436
0.228768
0.228768
0.227481
0.231237
0.229162
0.221515
0.218731
0.222311
0.222311
0.228582
0.21947
0.218795
0.212411
0.220645
0.216791
0.216791
0.21717
0.211796
0.211492
0.21071
0.206144
0.211628
0.215363
0.21556
0.207153
0.211916
0.214415
0.211719
0.215197
0.209129
0.203497
0.201337
0.204469
0.207609
0.214703
0.217031
0.21942
0.247044
0.243525
0.232942
0.225016
0.225016
0.232846
0.233202
0.223286
0.228475
0.217809
0.23753
0.228634
0.214097
0.219454
0.229646
0.220628
0.223017
0.221458
0.221458
0.225128
0.207125
0.216282
0.214217
0.214217
0.215042
0.213144
0.207661
0.217877
0.226918
0.211522
0.206888
0.207871
0.212502
0.212254
0.206968
0.21318
0.212623
0.21777
0.211886
0.206629
0.206472
0.208134
0.212439
0.218891
0.237374
0.231176
0.231197
0.235743
0.238302
0.241102
0.226068
0.234881
0.225692
0.227131
0.215075
0.223813
0.222203
0.224082
0.224082
0.227571
0.214188
0.218748
0.2144
0.226194
0.216973
0.214203
0.211902
0.222087
0.220555
0.224422
0.215288
0.225941
0.219651
0.214475
0.225667
0.217367
0.208134
0.222632
0.219955
0.215212
0.220767
0.212714
0.217892
0.217892
0.203683
0.201796
0.206524
0.212452
0.212452
0.215054
0.213708
0.20735
0.225997
0.245797
0.251713
0.250834
0.243833
0.24465
0.252668
0.241984
0.240307
0.238718
0.233005
0.23375
0.233909
0.23583
0.234125
0.23476
0.23476
0.231979
0.231979
0.24994
0.235166
0.222163
0.229557
0.235716
0.22672
0.229575
0.224135
0.218703
0.22773
0.218855
0.217983
0.212714
0.21717
0.218689
0.22406
0.22406
0.225941
0.219083
0.216206
0.222615
0.224181
0.220858
0.220858
0.219938
0.221276
0.232177
0.216115
0.213722
0.223969
0.222435
0.210184
0.212819
0.216036
0.213511
0.219985
0.237463
0.241056
0.231927
0.248816
0.243869
0.242712
0.229738
0.235035
0.244737
0.237507
0.218713
0.232141
0.225145
0.232101
0.232101
0.230511
0.234921
0.239555
0.231415
0.231415
0.219544
0.227589
0.217951
0.217951
0.224101
0.220341
0.21891
0.227965
0.214475
0.22406
0.223248
0.227607
0.221276
0.219683
0.219485
0.226613
0.213645
0.201692
0.218855
0.219758
0.220028
0.218977
0.221564
0.220752
0.219591
0.218074
0.221579
0.209757
0.215134
0.214139
0.221488
0.221488
0.22227
0.227714
0.214323
0.224947
0.220842
0.220948
0.220948
0.24011
0.257344
0.247608
0.240859
0.237461
0.237461
0.243784
0.247825
0.240946
0.245531
0.247599
0.246097
0.232365
0.226667
0.231415
0.240329
0.239664
0.23766
0.239161
0.239161
0.232121
0.227589
0.233928
0.239378
0.229646
0.230495
0.230495
0.228831
0.234086
0.233044
0.229485
0.226523
0.229485
0.23327
0.23053
0.220645
0.226901
0.218764
0.225924
0.231381
0.229861
0.225308
0.22406
0.235009
0.234303
0.234251
0.236762
0.223354
0.236039
0.216553
0.220479
0.223263
0.216023
0.221981
0.229535
0.234322
0.233169
0.227911
0.220508
0.22525
0.222542
0.23568
0.222451
0.222451
0.226949
0.226062
0.224181
0.231308
0.222361
0.217906
0.227327
0.226138
0.226646
0.224793
0.224476
0.243186
0.25819
0.257092
0.259042
0.245568
0.249186
0.235633
0.252618
0.252618
0.247488
0.239687
0.238189
0.243966
0.258956
0.251701
0.247361
0.250159
0.253768
0.241918
0.246501
0.239092
0.236756
0.240241
0.242048
0.246568
0.246568
0.241145
0.244668
0.238475
0.236865
0.241253
0.236619
0.233222
0.235735
0.238366
0.244804
0.235893
0.235893
0.236865
0.226775
0.24035
0.239731
0.229395
0.231184
0.237769
0.242971
0.236797
0.226737
0.228672
0.225272
0.232013
0.230162
0.234162
0.230585
0.225128
0.230478
0.223322
0.226015
0.22699
0.221818
0.235136
0.232103
0.215394
0.229879
0.229879
0.232267
0.220691
0.22516
0.235802
0.228707
0.22955
0.222573
0.222542
0.228976
0.223429
0.231505
0.226228
0.233169
0.236816
0.232463
0.224315
0.229519
0.225341
0.227836
0.22845
0.217735
0.220676
0.231505
0.232194
0.236756
0.236756
0.263087
0.26348
0.255422
0.261757
0.258103
0.250287
0.261615
0.259067
0.249146
0.251701
0.249444
0.258359
0.251104
0.241211
0.243125
0.24476
0.249917
0.250114
0.24943
0.247471
0.243988
0.248243
0.236049
0.24401
0.24401
0.249233
0.241495
0.249365
0.249013
0.238672
0.247295
0.246522
0.243236
0.247513
0.258174
0.239664
0.245945
0.241959
0.243988
0.239731
0.250268
0.243988
0.241691
0.246013
0.237897
0.245481
0.235753
0.249915
0.245861
0.239398
0.232445
0.241273
0.247356
0.247492
0.244668
0.240319
0.227457
0.244776
0.250268
0.240478
0.238442
0.236057
0.235136
0.244051
0.242811
0.235225
0.237737
0.246631
0.234341
0.235482
0.235482
0.23165
0.241311
0.229754
0.234884
0.236039
0.23358
0.243294
0.243802
0.233832
0.237897
0.24299
0.237826
0.242918
0.237754
0.225053
0.233186
0.234179
0.225431
0.232958
0.226949
0.233276
0.224272
0.238673
0.229609
0.239542
0.235842
0.236885
0.235188
0.234179
0.243167
0.239791
0.239791
0.244196
0.242373
0.274189
0.274189
0.280201
0.267749
0.267749
0.275988
0.269755
0.278619
0.263566
0.255305
0.274218
0.261841
0.255502
0.255006
0.266219
0.255587
0.268032
0.258944
0.258051
0.263874
0.262398
0.248243
0.246764
0.261605
0.259945
0.268059
0.256406
0.256304
0.252008
0.260227
0.260227
0.251921
0.257403
0.251104
0.255724
0.249474
0.249474
0.236198
0.259117
0.254498
0.250995
0.246147
0.249256
0.253768
0.246677
0.242931
0.254717
0.258682
0.262484
0.259203
0.249365
0.253769
0.251965
0.256675
0.244162
0.243988
0.245728
0.23485
0.238584
0.239309
0.253878
0.248258
0.247492
0.250092
0.25214
0.252955
0.248365
0.243962
0.243127
0.249365
0.249365
0.251237
0.241273
0.241558
0.250159
0.257337
0.252824
0.249277
0.248504
0.2388
0.247798
0.253152
0.244668
0.233276
0.233456
0.248416
0.244845
0.240478
0.252779
0.244119
0.251346
0.246079
0.246033
0.246033
0.240605
0.244051
0.238442
0.241836
0.254692
0.239702
0.239702
0.242882
0.241095
0.244206
0.234072
0.247533
0.238711
0.245945
0.243892
0.249427
0.245785
0.239506
0.239524
0.247622
0.246935
0.244159
0.247356
0.242399
0.241292
0.232338
0.236002
0.237647
0.251103
0.243962
0.237138
0.24232
0.233456
0.241311
0.240567
0.24382
0.233112
0.24407
0.243344
0.243344
0.239721
0.235154
0.250355
0.250268
0.246758
0.230799
0.227654
0.228886
0.27421
0.289245
0.285609
0.288164
0.293695
0.293695
0.280003
0.271225
0.266249
0.272576
0.276561
0.27241
0.275967
0.27772
0.265431
0.272299
0.262434
0.268
0.268
0.277636
0.273259
0.27865
0.269188
0.271225
0.265204
0.265204
0.274078
0.266081
0.26902
0.264609
0.266081
0.2669
0.264352
0.266336
0.275263
0.281193
0.269891
0.269891
0.255502
0.25208
0.260789
0.27088
0.270769
0.270572
0.258103
0.249297
0.261156
0.268085
0.25976
0.267378
0.259117
0.265341
0.270854
0.269891
0.277069
0.26805
0.255771
0.255771
0.266158
0.267853
0.268073
0.257358
0.261096
0.255532
0.264659
0.252888
0.259178
0.259164
0.255423
0.256675
0.256675
0.254026
0.261974
0.248636
0.262046
0.259141
0.252314
0.254011
0.254782
0.253854
0.25018
0.241979
0.255511
0.272437
0.253171
0.250201
0.257228
0.257506
0.260338
0.252052
0.249298
0.247777
0.260044
0.256478
0.247668
0.247601
0.251921
0.251921
0.265476
0.258306
0.267108
0.262773
0.26477
0.251301
0.245551
0.251279
0.249365
0.25848
0.252204
0.257358
0.257664
0.247622
0.250974
0.260067
0.256077
0.257687
0.249495
0.246698
0.249407
0.247513
0.25476
0.254583
0.26013
0.247732
0.247732
0.243059
0.241273
0.242951
0.239378
0.243981
0.247571
0.245816
0.247492
0.246786
0.247777
0.242245
0.259274
0.259274
0.245767
0.239683
0.25229
0.245904
0.251965
0.248416
0.244335
0.245964
0.245945
0.254695
0.250726
0.245696
0.245696
0.242195
0.248524
0.246873
0.254978
0.242176
0.246631
0.245551
0.253836
0.247091
0.247622
0.245088
0.234341
0.244865
0.237915
0.239772
0.245197
0.248416
0.251103
0.253858
0.243256
0.25412
0.259011
0.239791
0.243059
0.245061
0.248327
0.244979
0.245816
0.243167
0.250329
0.246827
0.248483
0.248483
0.251191
0.267237
0.303628
0.298776
0.289312
0.284842
0.284774
0.282308
0.286422
0.281289
0.26554
0.280284
0.274406
0.286896
0.274302
0.277912
0.27944
0.286733
0.286912
0.274331
0.267835
0.277829
0.271618
0.278816
0.269615
0.269812
0.269812
0.281164
0.26447
0.266219
0.277097
0.271422
0.267155
0.2643
0.260738
0.262716
0.260003
0.265459
0.267293
0.269754
0.271395
0.278566
0.270118
0.26365
0.263593
0.264438
0.275885
0.267463
0.260167
0.261367
0.261367
0.271534
0.262093
0.257334
0.263474
0.268792
0.257429
0.264609
0.254433
0.256541
0.266219
0.26639
0.255724
0.259227
0.259178
0.260874
0.257566
0.262827
0.256431
0.259141
0.253854
0.262422
0.258274
0.259934
0.258371
0.258944
0.260167
0.251449
0.247426
0.247426
0.259934
0.26101
0.25742
0.247295
0.25482
0.25737
0.263705
0.247645
0.258792
0.245751
0.257137
0.260474
0.259164
0.24661
0.252008
0.261071
0.252737
0.247425
0.249386
0.253768
0.253768
0.253768
0.245728
0.255638
0.269951
0.250092
0.250765
0.256413
0.253061
0.256084
0.261889
0.251877
0.258218
0.251811
0.254051
0.257294
0.246764
0.254033
0.247513
0.257119
0.257119
0.249452
0.250443
0.249452
0.250092
0.259934
0.260946
0.257468
0.256588
0.256588
0.25203
0.255335
0.248198
0.248198
0.245795
0.247492
0.251258
0.253727
0.251788
0.251965
0.252582
0.250092
0.263587
0.259934
0.258299
0.258299
0.258544
0.249318
0.250137
0.259141
0.25912
0.242738
0.242738
0.253858
0.254739
0.243148
0.256435
0.259099
0.264597
0.247513
0.253639
0.261143
0.251346
0.25271
0.259141
0.259141
0.241273
0.258218
0.253395
0.255335
0.260217
0.257445
0.257052
0.25716
0.260794
0.257294
0.252799
0.244934
0.263781
0.260327
0.251279
0.258218
0.25562
0.263654
0.250906
0.253681
0.252204
0.256413
0.250004
0.250092
0.25463
0.252779
0.250865
0.260946
0.253878
0.252976
0.256501
0.268889
0.259892
0.263478
0.252867
0.259164
0.260837
0.266141
0.266141
0.263457
0.253749
0.26152
0.252933
0.247266
0.263654
0.266141
0.258654
0.260969
0.260969
0.306386
0.306386
0.306621
0.314686
0.31044
0.294475
0.300433
0.306936
0.28821
0.282127
0.283806
0.299922
0.291992
0.294832
0.282112
0.282902
0.293475
0.291041
0.299472
0.299947
0.289414
0.285396
0.284659
0.284875
0.277297
0.298092
0.298092
0.285747
0.285747
0.290844
0.28925
0.291897
0.287422
0.287422
0.284689
0.29464
0.282288
0.27865
0.284803
0.285615
0.285615
0.281135
0.27947
0.290236
0.284907
0.279357
0.284012
0.274189
0.284886
0.282257
0.285706
0.282858
0.282371
0.283591
0.283591
0.279414
0.282288
0.284466
0.270289
0.283816
0.280486
0.282996
0.269727
0.275009
0.273202
0.273117
0.281384
0.281384
0.272411
0.273993
0.273993
0.28737
0.276138
0.278396
0.279245
0.281498
0.275093
0.273849
0.269839
0.278624
0.278427
0.279637
0.273455
0.265144
0.28122
0.275093
0.285706
0.285706
0.274923
0.275093
0.275799
0.278511
0.270598
0.268817
0.268817
0.26758
0.276817
0.273314
0.283195
0.280514
0.280514
0.279469
0.287512
0.287619
0.280766
0.288978
0.285083
0.284209
0.281188
0.277519
0.276872
0.280598
0.274974
0.278593
0.278593
0.275942
0.28122
0.278708
0.284154
0.286039
0.286039
0.291855
0.269812
0.273229
0.27676
0.278369
0.281332
0.273144
0.265452
0.275937
0.278763
0.27506
0.267877
0.265129
0.272181
0.279695
0.276193
0.26633
0.275962
0.281361
0.281528
0.276899
0.266228
0.272363
0.275374
0.283816
0.271586
0.273391
0.271646
0.271507
0.281417
0.274132
0.279262
0.268582
0.283901
0.282404
0.279723
0.276048
0.27351
0.281102
0.268731
0.2759
0.27695
0.270473
0.267208
0.279639
0.284004
0.279521
0.279666
0.27351
0.265597
0.273108
0.27444
0.271697
0.285987
0.282123
0.264377
0.276754
0.279666
0.270708
0.273194
0.274217
0.283195
0.278815
0.280711
0.283052
0.283052
0.28164
0.285
0.280312
0.283078
0.283928
0.271414
0.271414
0.276839
0.271611
0.284125
0.270362
0.281529
0.280423
0.262422
0.283052
0.280594
0.277887
0.271611
0.278619
0.274269
0.274576
0.274949
0.27695
0.281417
0.271438
0.280397
0.277122
0.280312
0.268025
0.270708
0.276925
0.276925
0.275231
0.274269
0.273563
0.269964
0.267963
0.27401
0.273083
0.278049
0.27067
0.266118
0.281332
0.280226
0.280312
0.279348
0.269941
0.270598
0.268842
0.271868
0.275146
0.274498
0.273679
0.269062
0.259934
0.265279
0.273366
0.270232
0.276159
0.263411
0.27256
0.267281
0.271462
0.268988
0.280533
0.271697
0.265413
0.264684
0.271783
0.26639
0.273305
0.27067
0.265476
0.274848
0.2668
0.263369
0.263369
0.268952
0.265476
0.272599
0.279012
0.269658
0.261739
0.266911
0.265303
0.275085
0.264533
0.262555
0.270905
0.267877
0.27506
0.271611
0.264511
0.263608
0.27266
0.266158
0.266158
0.264424
0.260706
0.270646
0.267963
0.272685
0.272685
0.263544
0.273391
0.271611
0.264359
0.264359
0.268976
0.271548
0.262555
0.26983
0.266379
0.270002
0.2655
0.275342
0.268952
0.278644
0.268246
0.269854
0.268952
0.258989
0.256435
0.268627
0.267171
0.266425
0.261587
0.269964
0.267085
0.27067
0.276889
0.273673
0.281942
0.269917
0.262729
0.263566
0.265151
0.271548
0.281385
0.260001
0.26526
0.271586
0.261849
0.267454
0.259208
0.263631
0.271571
0.264271
0.26367
0.281324
0.268911
0.274465
0.266974
0.266974
0.267304
0.260176
0.262882
0.273329
0.276925
0.272473
0.272473
0.268866
0.273415
0.26805
0.264511
0.273329
0.271635
0.271635
0.26805
0.262509
0.260307
0.269768
0.269616
0.263781
0.262664
0.270646
0.266315
0.284065
0.284065
0.256304
0.270002
0.26978
0.268889
0.263144
0.251855
0.251855
0.262925
0.257795
0.26534
0.254692
0.265326
0.265413
0.259296
0.255465
0.264487
0.274379
0.271438
0.276715
0.261936
0.269124
0.251015
0.259957
0.26429
0.263566
0.254495
0.254495
0.259141
0.273415
0.260089
0.263675
0.262773
0.265413
0.276889
0.260903
0.273588
0.263521
0.268307
0.271219
0.258284
0.267304
0.268293
0.261652
0.267987
0.27266
0.268356
0.266337
0.266998
0.260794
0.269854
0.273502
0.261717
0.268911
0.26024
0.27412
0.264573
0.273859
0.261784
0.270583
0.273502
0.274144
0.279888
0.276011
0.26537
0.27234
0.27234
0.330438
0.318937
0.318937
0.315119
0.303343
0.31642
0.319015
0.305
0.304803
0.308741
0.311384
0.315042
0.306895
0.312204
0.301327
0.293557
0.305948
0.300028
0.302149
0.302149
0.304235
0.298092
0.291864
0.291667
0.28925
0.28925
0.296351
0.294706
0.299192
0.295376
0.292553
0.297846
0.291897
0.30522
0.295562
0.29801
0.302543
0.292522
0.296269
0.300491
0.29469
0.290019
0.297221
0.29801
0.294887
0.284635
0.302329
0.295447
0.300917
0.298272
0.293349
0.301706
0.301706
0.295573
0.294557
0.293684
0.295397
0.295397
0.295429
0.293654
0.294722
0.292698
0.292698
0.294753
0.301673
0.295511
0.289965
0.288386
0.292075
0.298812
0.298812
0.291037
0.288076
0.289343
0.290049
0.289426
0.294617
0.290868
0.283645
0.289312
0.291171
0.2974
0.296362
0.291315
0.282886
0.292864
0.302526
0.292833
0.284832
0.288048
0.287566
0.297181
0.294503
0.290133
0.280402
0.298956
0.292644
0.292644
0.280511
0.280511
0.289007
0.291741
0.290162
0.28562
0.28754
0.282208
0.282604
0.284012
0.287174
0.284691
0.284691
0.286693
0.296362
0.290671
0.294587
0.288499
0.288161
0.296445
0.293575
0.288892
0.289853
0.282998
0.290981
0.286638
0.288358
0.290981
0.300055
0.293827
0.29084
0.290304
0.290304
0.29084
0.290219
0.293743
0.298054
0.287512
0.287512
0.291741
0.285508
0.293743
0.288443
0.275851
0.282235
0.282208
0.291938
0.284182
0.291093
0.28215
0.292644
0.292644
0.298189
0.286638
0.292023
0.290191
0.289035
0.285508
0.285508
0.285585
0.292192
0.28833
0.28833
0.278619
0.286015
0.288273
0.287624
0.288358
0.290022
0.296365
0.288666
0.282292
0.293715
0.276984
0.28294
0.286581
0.285705
0.293772
0.293772
0.28483
0.28483
0.292895
0.283986
0.281274
0.282064
0.282064
0.294504
0.287338
0.279639
0.28218
0.282998
0.280508
0.284065
0.290191
0.281389
0.288443
0.277716
0.291768
0.291768
0.288246
0.296505
0.275996
0.277938
0.277938
0.280099
0.281359
0.285875
0.26972
0.278644
0.281102
0.29549
0.286581
0.290275
0.291855
0.290388
0.287791
0.278763
0.271303
0.284633
0.287483
0.280336
0.279545
0.274379
0.285732
0.266974
0.285732
0.276245
0.284065
0.279581
0.290952
0.288273
0.274072
0.290135
0.292616
0.291374
0.28556
0.289089
0.277828
0.282906
0.282906
0.289063
0.285817
0.275316
0.288299
0.290191
0.287286
0.282176
0.284744
0.288188
0.290107
0.280139
0.281299
0.273132
0.28209
0.298225
0.280336
0.265767
0.275937
0.287956
0.287624
0.283222
0.287595
0.286608
0.27283
0.283249
0.283249
0.284744
0.281359
0.287449
0.275171
0.291883
0.281444
0.273218
0.273218
0.276715
0.282906
0.292785
0.289175
0.281385
0.278274
0.274379
0.278533
0.279435
0.287371
0.277742
0.286634
0.276108
0.283137
0.290416
0.297266
0.283052
0.280483
0.282966
0.289991
0.277972
0.280139
0.281444
0.277631
0.281127
0.282347
0.269768
0.285987
0.284125
0.291121
0.292898
0.292076
0.275132
0.278557
0.282347
0.293659
0.284915
0.28209
0.287449
0.284856
0.291121
0.289089
0.287706
0.271484
0.275573
0.285987
0.289398
0.287363
0.285499
0.284151
0.286745
0.285929
0.288496
0.291938
0.290781
0.291374
0.278581
0.282261
0.282201
0.292192
0.287338
0.288496
0.282053
0.2802
0.2802
0.281745
0.281745
0.279459
0.28311
0.287535
0.270692
0.278407
0.291206
0.290135
0.284973
0.284125
0.282163
0.27487
0.289429
0.28232
0.277852
0.277419
0.28847
0.28847
0.282992
0.290102
0.286804
0.289372
0.285732
0.280099
0.28141
0.288522
0.278926
0.271242
0.282201
0.288325
0.283249
0.283249
0.283103
0.283127
0.288128
0.288555
0.288411
0.284598
0.286573
0.280336
0.283174
0.279803
0.289227
0.295009
0.285868
0.290745
0.287595
0.287737
0.28293
0.287621
0.287621
0.288385
0.289844
0.282954
0.281213
0.294504
0.277605
0.288666
0.281667
0.288608
0.284065
0.288358
0.293911
0.293911
0.29278
0.276912
0.276518
0.284622
0.290806
0.284684
0.296136
0.285523
0.275085
0.289115
0.279237
0.283017
0.283017
0.287568
0.285508
0.278986
0.279545
0.274935
0.282287
0.282287
0.284065
0.276738
0.28293
0.28025
0.279521
0.279521
0.273155
0.274912
0.274293
0.279569
0.275367
0.287646
0.287646
0.276715
0.279435
0.279606
0.28483
0.276343
0.281274
0.28768
0.28768
0.273549
0.275045
0.283868
0.272363
0.280705
0.286719
0.284622
0.277483
0.27032
0.272427
0.272427
0.272386
0.27832
0.284573
0.272685
0.270583
0.281459
0.284856
0.28209
0.273111
0.279262
0.272599
0.286608
0.286608
0.287483
0.292023
0.291004
0.285585
0.280447
0.291063
0.285875
0.278801
0.269746
0.275683
0.282287
0.284915
0.283127
0.276935
0.280912
0.287535
0.286573
0.287535
0.294248
0.289423
0.279435
0.277396
0.278557
0.272386
0.278557
0.281088
0.278471
0.26805
0.273329
0.280361
0.280568
0.298251
0.298251
0.283127
0.278581
0.284028
0.287621
0.285902
0.280384
0.276097
0.273859
0.279717
0.273549
0.272298
0.284622
0.276839
0.278815
0.281966
0.27298
0.273415
0.275132
0.283893
0.280568
0.275109
0.275085
0.280034
0.289286
0.279286
0.271636
0.271636
0.292719
0.289764
0.279569
0.287252
0.290076
0.282543
0.279459
0.286745
0.290128
0.291905
0.281285
0.285585
0.280644
0.280644
0.289275
0.282004
0.285585
0.280361
0.28835
0.282843
0.280423
0.275837
0.270605
0.288325
0.288325
0.287474
0.283657
0.277616
0.284819
0.288522
0.285027
0.286573
0.282139
0.272386
0.286486
0.277036
0.277036
0.28572
0.279483
0.280533
0.290128
0.274269
0.283744
0.28201
0.272913
0.276802
0.278593
0.280644
0.274231
0.269703
0.282312
0.285757
0.285757
0.273991
0.283078
0.283868
0.277852
0.270517
0.283744
0.288496
0.285
0.280274
0.280471
0.288239
0.28073
0.287016
0.280977
0.283964
0.285016
0.287757
0.2912
0.292891
0.284992
0.281324
0.28651
0.281198
0.289078
0.275085
0.283017
0.295199
0.279632
0.271832
0.273155
0.27056
0.271745
0.281
0.279656
0.287338
0.28756
0.272013
0.274166
0.286597
0.291089
0.288264
0.28604
0.28604
0.283854
0.296589
0.297319
0.269725
0.285585
0.297351
0.297351
0.297351
0.293715
0.284905
0.284598
0.289115
0.286941
0.274406
0.271242
0.2912
0.288581
0.287817
0.282999
0.282999
0.291089
0.285085
0.27779
0.28572
0.288311
0.281262
0.295569
0.288027
0.289189
0.294049
0.287535
0.287387
0.279545
0.27654
0.290978
0.287509
0.289362
0.283127
0.293422
0.289398
0.293259
0.276825
0.279528
0.281459
0.285696
0.285843
0.286573
0.268599
0.27676
0.287474
0.281299
0.29362
0.270802
0.282906
0.293509
0.285757
0.276692
0.274317
0.279396
0.283979
0.288153
0.288153
0.272276
0.284004
0.286336
0.276738
0.289189
0.278627
0.280384
0.287646
0.276978
0.281834
0.284795
0.292805
0.27968
0.283744
0.281238
0.293656
0.293767
0.284941
0.278517
0.279569
0.27843
0.276628
0.278605
0.275924
0.275924
0.290358
0.276999
0.280644
0.280644
0.286533
0.278407
0.278407
0.283127
0.274782
0.281372
0.289227
0.289227
0.293595
0.282999
0.290273
0.276011
0.276023
0.27779
0.280361
0.283151
0.274848
0.27884
0.291063
0.283127
0.274935
0.279221
0.276159
0.266162
0.279459
0.278533
0.28677
0.278692
0.271506
0.271374
0.271374
0.264533
0.272054
0.272054
0.274935
0.264556
0.272804
0.277545
0.279879
0.277529
0.268999
0.276999
0.277569
0.286522
0.285671
0.271418
0.275814
0.275814
0.27133
0.268206
0.272298
0.275282
0.294701
0.287449
0.279308
0.273526
0.278517
0.278644
0.278926
0.274514
0.277441
0.282954
0.28304
0.27245
0.275704
0.271681
0.27779
0.283274
0.283954
0.280447
0.278951
0.273374
0.287449
0.285782
0.275814
0.279528
0.280164
0.277703
0.27766
0.277639
0.28304
0.280557
0.275837
0.268824
0.271594
0.279483
0.2912
0.287301
0.281878
0.275067
0.27445
0.279418
0.27498
0.284028
0.27968
0.284708
0.282201
0.272685
0.273374
0.273374
0.279331
0.286423
0.286423
0.289299
0.283979
0.273396
0.287621
0.282889
0.290041
0.290041
0.292951
0.284321
0.281324
0.277726
0.273265
0.279286
0.278644
0.276999
0.276999
0.275177
0.274144
0.276034
0.286597
0.284183
0.275859
0.275859
0.292076
0.289014
0.284819
0.28409
0.279396
0.286745
0.276738
0.277766
0.282226
0.285979
0.276207
0.285546
0.295799
0.289423
0.27801
0.284755
0.280274
0.291063
0.289534
0.273308
0.2713
0.28993
0.281299
0.281545
0.275177
0.276121
0.2864
0.275814
0.273308
0.265808
0.283941
0.282029
0.282398
0.277987
0.280384
0.274935
0.277703
0.281324
0.293544
0.293544
0.273002
0.279632
0.28677
0.283151
0.269834
0.279506
0.278254
0.277726
0.269725
0.275045
0.279221
0.29041
0.278888
0.275177
0.27588
0.285435
0.288522
0.280407
0.276869
0.276869
0.277593
0.283237
0.272473
0.284028
0.283274
0.283274
0.285782
0.267679
0.281238
0.281238
0.266228
0.273571
0.293656
0.28651
0.282226
0.277639
0.266114
0.268886
0.282954
0.285732
0.284176
0.274079
0.281262
0.2741
0.280384
0.277022
0.277022
0.279286
0.280423
0.293853
0.28111
0.273439
0.279483
0.279703
0.279656
0.279593
0.279593
0.277726
0.283086
0.284176
0.288461
0.28236
0.282273
0.282273
0.279593
0.279528
0.27256
0.27801
0.276562
0.275242
0.279459
0.286573
0.282201
0.285929
0.285138
0.281262
0.28304
0.279569
0.284795
0.271594
0.276143
0.276143
0.271309
0.29041
0.290966
0.270714
0.276847
0.276847
0.290325
0.279593
0.271636
0.277769
0.277963
0.276975
0.276975
0.27588
0.277813
0.286446
0.284905
0.279483
0.287449
0.287449
0.280297
0.273571
0.275837
0.277813
0.282446
0.271965
0.28047
0.265457
0.274427
0.286745
0.281307
0.275155
0.275155
0.285806
0.274056
0.274341
0.276184
0.275089
0.279593
0.276628
0.274341
0.274537
0.27843
0.28604
0.281065
0.281545
0.277766
0.276912
0.274341
0.280533
0.267944
0.267944
0.27487
0.268736
0.284138
0.278073
0.279852
0.275416
0.268736
0.270757
0.280384
0.279593
0.273969
0.278778
0.27588
0.276802
0.275045
0.272473
0.276825
0.275089
0.283445
0.283445
0.280471
0.274803
0.281262
0.284905
0.283189
0.282312
0.273265
0.272427
0.275045
0.281022
0.274188
0.273588
0.282098
0.278517
0.271439
0.278714
0.281238
0.286486
0.271484
0.271484
0.277551
0.281285
0.276121
0.270757
0.265239
0.27045
0.278692
0.278692
0.274341
0.284967
0.267944
0.270866
0.256406
0.318897
0.341556
0.339151
0.32321
0.315432
0.311462
0.471061
0.508581
0.504988
0.380215
0.373566
0.322343
0.343864
0.158232
0.148627
0.213873
0.248971
0.195155
0.195155
0.169982
0.169982
0.169185
0.163005
0.127708
0.10244
0.100693
0.0901737
0.0901737
0.0769358
0.0957945
0.0903198
0.0870448
0.0881018
0.0949217
0.0980827
0.122926
0.141293
0.119758
0.0685284
0.0664278
0.0789032
0.0639166
0.0797169
0.075054
0.075054
0.075054
0.0731335
0.0733314
0.0655473
0.0640712
0.0669605
0.0662682
0.0588318
0.0646101
0.0597218
0.0629041
0.0674501
0.0628571
0.0616738
0.0571256
0.0581869
0.0547729
0.0580159
0.0559396
0.0520788
0.0645629
0.0646852
0.0721159
0.0633438
0.0633438
0.0627348
0.0653303
0.0660225
0.0653303
0.063625
0.063625
0.063625
0.063625
0.0574932
0.0627609
0.0627609
0.0600422
0.0674501
0.0577692
0.0653303
0.0653303
0.0728841
0.0728841
0.063625
0.0655275
0.0573228
0.0678596
0.0590292
0.0576153
0.060335
0.0681705
0.0646852
0.0582616
0.0635766
0.067999
0.0672807
0.0571999
0.0571507
0.0711793
0.0654048
0.0680108
0.0636726
0.0580901
0.0720405
0.0729765
0.0749538
0.0765365
0.065453
0.0709352
0.0754028
0.0674031
0.0771064
0.0771064
0.0771064
0.0593489
0.0748322
0.0748322
0.0654048
0.0544308
0.0656976
0.0656976
0.0623909
0.0575197
0.056677
0.0556639
0.0629792
0.063625
0.0672807
0.0672807
0.0571999
0.059152
0.059152
0.0617966
0.0689107
0.0630258
0.064515
0.064515
0.0689856
0.060883
0.0580159
0.0580159
0.0612256
0.065453
0.0639916
0.0639916
0.0677685
0.060735
0.0592746
0.0572484
0.0646376
0.0566292
0.0584585
0.0684153
0.0553703
0.0664655
0.0571507
0.0571507
0.064515
0.0557111
0.0581389
0.0664655
0.0565066
0.0541836
0.0541836
0.057274
0.0529208
0.0536143
0.0560135
0.0644169
0.0574932
0.0574932
0.0534296
0.0592746
0.06476
0.0643176
0.0717767
0.0717767
0.0552471
0.0664655
0.0617481
0.0589302
0.0766582
0.0565066
0.0545046
0.0666348
0.0581389
0.0562109
0.0532433
0.0675718
0.0675718
0.0602601
0.0619191
0.0525267
0.0545046
0.0600158
0.0600158
0.0600158
0.0655754
0.0524033
0.0594246
0.0694742
0.0694742
0.064515
0.064515
0.0615753
0.0695203
0.0576422
0.0486144
0.0629318
0.0655754
0.0580406
0.0542572
0.0588566
0.0600905
0.066097
0.0592746
0.053983
0.0571999
0.0571999
0.0655275
0.0600422
0.0682182
0.0715436
0.0593222
0.0593222
0.0562844
0.0562844
0.059796
0.0645893
0.0672807
0.0586747
0.0610551
0.0588566
0.0588566
0.0578118
0.0712543
0.0656976
0.0593002
0.0635022
0.0649289
0.0611778
0.0727619
0.0674297
0.0643921
0.0693052
0.0654048
0.0657723
0.0716537
0.0565066
0.0652817
0.0608091
0.0537375
0.0611034
0.0605116
0.0634535
0.06476
0.0711323
0.0655754
0.0628094
0.0628094
0.062116
0.062116
0.0554443
0.0676
0.0639443
0.0639443
0.0615753
0.0657723
0.0597462
0.0655275
0.0669864
0.063054
0.0620679
0.0591033
0.0645893
0.063625
0.0635766
0.057274
0.0616249
0.0692304
0.0665129
0.06476
0.0674031
0.0582871
0.0708127
0.0624646
0.0717767
0.0579668
0.0579668
0.0584585
0.0664173
0.0611778
0.0611778
0.0609323
0.0701949
0.0694273
0.06654
0.0648345
0.0648345
0.0648345
0.0626867
0.0550735
0.0550735
0.0552709
0.0630063
0.0719942
0.0613001
0.0637474
0.0526744
0.0622382
0.0547253
0.0553946
0.0617481
0.0584585
0.0584585
0.05841
0.060165
0.060165
0.054381
0.0585327
0.0558896
0.0558896
0.0592262
0.0591033
0.0592262
0.0598699
0.0582871
0.0628837
0.059152
0.059152
0.0611778
0.0556902
0.070486
0.0664914
0.0665878
0.0606117
0.0578927
0.0567033
0.0629318
0.054922
0.055518
0.0554443
0.0554443
0.0574709
0.059796
0.0550735
0.0590292
0.0590292
0.0612256
0.0612256
0.0627609
0.0618221
0.0390132
0.0550735
0.0500767
0.0500767
0.0544308
0.064732
0.0599192
0.0534909
0.0656976
0.0645893
0.0645893
0.0645893
0.058164
0.0600905
0.0444596
0.0628349
0.0692572
0.0604381
0.0594713
0.0594713
0.0585062
0.057274
0.057274
0.0572244
0.0583359
0.0656501
0.0569033
0.0659689
0.0571007
0.060165
0.0655275
0.0655275
0.0655275
0.0608091
0.0573477
0.0602391
0.0633301
0.0582871
0.0574709
0.0574709
0.057274
0.0609323
0.0609323
0.0645402
0.060883
0.0599932
0.0547509
0.0547509
0.0592262
0.0610287
0.0631759
0.0510905
0.0570271
0.0570271
0.0653558
0.0638963
0.0582616
0.0663429
0.0632802
0.0627609
0.0627609
0.0593969
0.059152
0.0550735
0.073283
0.0603617
0.0560872
0.0553946
0.0530677
0.0591033
0.0566292
0.0701467
0.0618221
0.0618221
0.0580406
0.0562109
0.0756
0.0756
0.0630063
0.0666624
0.0575197
0.0579668
0.0579668
0.0496552
0.0496552
0.0517841
0.0517841
0.0615753
0.060165
0.060165
0.0496552
0.0595984
0.0536635
0.0583359
0.0500269
0.0500269
0.0644663
0.0574455
0.0574455
0.0561372
0.0560872
0.0655754
0.0565066
0.059152
0.0625883
0.0625883
0.0588566
0.0588566
0.0537375
0.0547996
0.053983
0.0570271
0.0633301
0.0594442
0.0631286
0.0673553
0.0563344
0.0609323
0.0595935
0.0535404
0.0627118
0.058164
0.058164
0.0644169
0.0582131
0.0632802
0.0602874
0.0602874
0.0601163
0.0588566
0.0588566
0.0614007
0.056677
0.0654048
0.064343
0.0591033
0.0591033
0.055321
0.055321
0.055321
0.0562109
0.0571507
