-0.0164634
-0.0205977
-0.0197232
-0.0221438
-0.0159699
-0.0200604
-0.0188013
-0.0234044
-0.0206643
-0.0215864
-0.0206643
-0.0173376
-0.0168303
-0.0168303
-0.0194525
-0.0180544
-0.0177697
-0.0201978
-0.0201978
-0.019006
-0.019006
-0.0196911
-0.0205353
-0.0223677
-0.016844
-0.021092
-0.0169089
-0.0173061
-0.0212685
-0.0177183
-0.0179271
-0.0252664
-0.015096
-0.0213627
-0.0207741
-0.0226181
-0.02017
-0.0194091
-0.0160345
-0.0163505
-0.0209824
-0.020327
-0.0166379
-0.0204881
-0.0221908
-0.0240093
-0.0167342
-0.0192001
-0.0153801
-0.0153801
-0.0194051
-0.0180226
-0.016954
-0.0193429
-0.0187537
-0.0171011
-0.0172247
-0.0182598
-0.0166861
-0.0162704
-0.0199618
-0.0197857
-0.0197857
-0.0180368
-0.0162544
-0.0179891
-0.0160317
-0.0159836
-0.0154283
-0.0177808
-0.015761
-0.0166212
-0.0196284
-0.0170496
-0.0205033
-0.0178314
-0.0188161
-0.0128683
-0.0177041
-0.0180844
-0.0250246
-0.0173376
-0.0212685
-0.0209312
-0.020837
-0.0192335
-0.0197232
-0.0168303
-0.0191525
-0.0241491
-0.0196944
-0.0196944
-0.0161925
-0.0177355
-0.0159567
-0.0233835
-0.0180065
-0.0215241
-0.0219512
-0.0218102
-0.0218102
-0.0191048
-0.0219716
-0.0167823
-0.0195186
-0.0213203
-0.0188489
-0.0212533
-0.0180406
-0.0189627
-0.0178793
-0.0185782
-0.0202173
-0.0202173
-0.0208684
-0.02192
-0.0211115
-0.0197232
-0.0181501
-0.0171627
-0.0183253
-0.0193101
-0.0192001
-0.0191818
-0.0240178
-0.0240178
-0.0182456
-0.0207116
-0.0166729
-0.0226228
-0.0226228
-0.0208061
-0.0184687
-0.024056
-0.0205825
-0.0172279
-0.0187208
-0.0163537
-0.0200604
-0.0185825
-0.0236379
-0.0227634
-0.0225758
-0.0206496
-0.0159567
-0.0183775
-0.0183775
-0.0231335
-0.0198992
-0.0188348
-0.0188348
-0.0181364
-0.0178177
-0.0209352
-0.0168919
-0.0205353
-0.0257275
-0.0204408
-0.0191196
-0.0228936
-0.0233885
-0.0174375
-0.0216335
-0.0229405
-0.0154798
-0.0191196
-0.0179271
-0.0218836
-0.0192335
-0.0197895
-0.0204881
-0.0166729
-0.0210642
-0.0231645
-0.0193904
-0.0228936
-0.0195809
-0.0204734
-0.0199319
-0.0189292
-0.0189627
-0.0197085
-0.0213677
-0.0185306
-0.0193429
-0.0188489
-0.0219716
-0.0219716
-0.0183116
-0.0184388
-0.0230498
-0.0194711
-0.0190245
-0.0178177
-0.0214297
-0.0199319
-0.0201553
-0.0219716
-0.0215864
-0.0194711
-0.0218836
-0.0210296
-0.0210296
-0.0216805
-0.0216805
-0.0180406
-0.0180406
-0.0181979
-0.0209204
-0.0209824
-0.021092
-0.0186258
-0.0186258
-0.0226432
-0.0215394
-0.0225083
-0.0219512
-0.0163369
-0.0163369
-0.0213004
-0.0194568
-0.0222425
-0.0212857
-0.0186441
-0.0202363
-0.0202363
-0.0207914
-0.0210296
-0.0233885
-0.0193429
-0.0211239
-0.0160701
-0.0160701
-0.0201553
-0.0168607
-0.0200129
-0.0191382
-0.0183075
-0.0190245
-0.0188348
-0.027075
-0.0224615
-0.016402
-0.0225083
-0.0202173
-0.0173855
-0.019742
-0.0204261
-0.0183732
-0.0166556
-0.0217949
-0.0195662
-0.0218572
-0.0198897
-0.022175
-0.0203313
-0.0192954
-0.022128
-0.0215864
-0.0160798
-0.0186583
-0.0234766
-0.0203935
-0.0189111
-0.0170531
-0.0156509
-0.0159699
-0.0176705
-0.0159085
-0.0223475
-0.0196284
-0.0153801
-0.0153801
-0.0151092
-0.0204408
-0.0173998
-0.0154766
-0.0182121
-0.0174954
-0.0166212
-0.0174954
-0.0202173
-0.0184829
-0.0191818
-0.0221908
-0.0172725
-0.0194204
-0.0188013
-0.0177661
-0.0164464
-0.0216292
-0.0177661
-0.0177661
-0.0194999
-0.0214725
-0.0222376
-0.0232902
-0.02179
-0.0173855
-0.020617
-0.0205977
-0.0183253
-0.0183253
-0.0202173
-0.0168474
-0.0149351
-0.0179413
-0.0216805
-0.0188489
-0.020617
-0.0184687
-0.0146644
-0.0172105
-0.0201226
-0.020327
-0.0183732
-0.0183732
-0.0183551
-0.0190245
-0.0177661
-0.0224146
-0.0204408
-0.0204088
-0.0141738
-0.0165732
-0.0198992
-0.0162407
-0.0191344
-0.0203742
-0.0220187
-0.0218102
-0.0213946
-0.0210768
-0.0152541
-0.0187872
-0.0179749
-0.0164634
-0.0196137
-0.021092
-0.0197232
-0.02343
-0.0197232
-0.019837
-0.0184829
-0.0167823
-0.0175947
-0.0186404
-0.0174988
-0.0208879
-0.0213157
-0.0179749
-0.0195662
-0.0202646
-0.0184352
-0.0234468
-0.0193712
-0.0203118
-0.0185782
-0.021092
-0.0192292
-0.0177519
-0.0177519
-0.0196611
-0.0188489
-0.0193904
-0.0142551
-0.0142551
-0.0199466
-0.0191196
-0.0216335
-0.0228421
-0.0183075
-0.0183075
-0.0202646
-0.0188964
-0.020327
-0.0202173
-0.0199792
-0.0203118
-0.0226697
-0.0163985
-0.0192292
-0.0194091
-0.0184829
-0.0192954
-0.0203118
-0.0189627
-0.0189627
-0.0203313
-0.0169398
-0.0204881
-0.0210296
-0.0210296
-0.0221541
-0.0157342
-0.0202646
-0.0166076
-0.0190245
-0.0188013
-0.0188013
-0.0162888
-0.0251806
-0.0200752
-0.0185306
-0.018132
-0.0221598
-0.0221598
-0.0214622
-0.019742
-0.0180406
-0.017149
-0.021889
-0.0188194
-0.0226228
-0.0215241
-0.0226228
-0.0181364
-0.0181364
-0.020617
-0.0180703
-0.0224713
-0.0165115
-0.0175468
-0.0231176
-0.0217006
-0.0188489
-0.0186258
-0.0181023
-0.02017
-0.0196468
-0.0204881
-0.0169398
-0.0217478
-0.0182456
-0.0176563
-0.0143321
-0.0165115
-0.0165115
-0.0215394
-0.0189586
-0.0193429
-0.0166981
-0.0185782
-0.0204088
-0.0171148
-0.0171148
-0.0197384
-0.0175605
-0.0156991
-0.0194204
-0.0155527
-0.0152541
-0.0189292
-0.0193576
-0.0163369
-0.0197705
-0.0213157
-0.0195472
-0.0199466
-0.0164771
-0.0161925
-0.0227281
-0.0209977
-0.0190869
-0.0184352
-0.0208684
-0.0176055
-0.0181979
-0.0177041
-0.0173376
-0.0192766
-0.0183075
-0.0183075
-0.0216335
-0.0216805
-0.020327
-0.0193904
-0.0195662
-0.0202499
-0.0173239
-0.0149703
-0.0207116
-0.0193904
-0.0198845
-0.0156346
-0.0156346
-0.0200412
-0.0198845
-0.015096
-0.015096
-0.0223312
-0.0186879
-0.0191344
-0.0190533
-0.0173202
-0.0231594
-0.020617
-0.0241491
-0.0241491
-0.0193712
-0.0207741
-0.0202173
-0.0177519
-0.0165595
-0.0198992
-0.019006
-0.0179927
-0.0188013
-0.020437
-0.0172725
-0.0205977
-0.0205977
-0.0159699
-0.018915
-0.0176563
-0.0190721
-0.0223312
-0.0189769
-0.0189769
-0.02017
-0.0177519
-0.0216335
-0.022378
-0.0240178
-0.0183551
-0.0205977
-0.0189586
-0.0214451
-0.0203935
-0.0213157
-0.0192001
-0.0161758
-0.0161758
-0.0185164
-0.022128
-0.0194525
-0.0230341
-0.0230341
-0.0190245
-0.0190245
-0.0185484
-0.0185484
-0.0168919
-0.0168919
-0.0196137
-0.0179271
-0.0182456
-0.0192954
-0.0155767
-0.00732993
-0.00690755
0.00235609
0.0131365
0.0119857
-0.000599698
-0.0254019
-0.0297931
0.0202434
0.0156945
0.0156945
0.0011025
0.0011025
0.0131952
0.000554759
0.00519244
0.00344507
0.00431771
0.0053537
0.00137505
0.00284546
0.0052999
0.00219435
0.0053537
0.00240771
0.00584408
0.00328302
0.00328302
0.00878636
0.00551583
0.00677027
0.00677027
0.00432056
0.00415553
0.00687859
0.0101472
0.011184
0.00551733
0.00835002
0.00992981
0.00388054
0.00278986
0.00845882
0.00382796
0.00622596
0.0069342
0.00720654
0.00513536
0.00600587
0.00655221
0.00170021
0.00529704
0.00965761
0.00497173
0.00497173
0.0043143
0.00333636
0.00606186
0.00660635
0.00110294
0.00540844
0.00142807
0.00453484
0.00649621
0.00611616
0.00682437
0.00682437
0.00388054
0.00677027
0.00660437
0.00786017
0.00987539
0.00578763
0.0056804
0.00949277
0.00780454
0.00747734
0.00862369
0.00862369
0.0106918
0.0106918
0.0090031
0.00349967
0.00459097
0.00475331
0.00475331
0.0112361
0.0143406
0.023928
0.0239521
0.0180244
0.0208446
0.0164465
0.0228115
0.0192697
0.0226445
0.0257242
0.0253447
0.0239329
0.0211721
0.0228695
0.0238344
0.0243224
0.025997
0.025997
0.02214
0.0259003
0.0230256
0.026542
0.0256756
0.0240487
0.0255578
0.024809
0.026815
0.0242249
0.0293537
0.0201993
0.0262697
0.0251892
0.0274678
0.0250819
0.0275504
0.0275504
0.0200418
0.0248195
0.0283933
0.0219347
0.026457
0.0218849
0.0268631
0.0268631
-0.0044855
-0.0153155
-0.0858014
-0.116993
-0.112827
-0.112827
-0.123875
-0.117933
-0.117749
-0.111985
-0.117293
-0.117282
-0.117282
-0.112696
-0.10922
-0.107357
-0.110656
-0.110426
-0.108779
-0.109293
-0.108979
-0.107709
-0.110246
-0.110185
-0.1084
-0.11407
-0.11407
-0.110745
-0.109523
-0.112982
-0.109154
-0.109154
-0.113421
-0.10754
-0.108293
-0.110381
-0.110381
-0.104877
-0.108976
-0.108976
-0.106889
-0.107692
-0.107749
-0.105016
-0.106755
-0.106755
-0.104776
-0.107705
-0.107299
-0.144167
-0.147602
-0.177449
-0.219976
-0.241577
-0.251199
-0.259837
-0.275619
-0.278503
-0.278503
-0.296145
-0.298244
-0.300281
-0.296184
-0.296184
-0.284565
-0.287218
-0.276514
-0.265832
-0.254204
-0.243194
-0.235383
-0.235383
-0.234177
-0.227692
-0.228682
-0.226221
-0.232169
-0.229867
-0.229867
-0.228564
-0.223372
-0.225105
-0.222321
-0.223677
-0.225119
-0.218077
-0.225096
-0.221648
-0.226169
-0.222845
-0.223349
-0.220577
-0.221784
-0.224791
-0.220325
-0.22087
-0.221248
-0.220334
-0.220133
-0.220062
-0.21878
-0.214122
-0.222698
-0.218654
-0.220607
-0.220607
-0.214122
-0.213672
-0.214951
-0.215074
-0.214823
-0.217039
-0.213777
-0.216271
-0.217373
-0.216671
-0.213766
-0.214016
-0.209951
-0.210424
-0.213538
-0.216126
-0.219345
-0.217217
-0.213894
-0.213989
-0.215372
-0.216263
-0.212315
-0.217837
-0.21464
-0.21464
-0.215679
-0.213855
-0.211132
-0.210708
-0.212671
-0.207914
-0.207914
-0.207547
-0.210576
-0.208304
-0.207263
-0.208292
-0.20499
-0.204492
-0.207771
-0.207926
-0.205628
-0.208613
-0.208613
-0.206352
-0.205819
-0.210436
-0.21002
-0.210848
-0.207559
-0.212732
-0.20925
-0.208222
-0.205381
-0.208339
-0.208883
-0.208222
-0.208801
-0.209405
-0.205418
-0.204402
-0.204402
-0.204402
-0.205443
-0.20543
-0.204389
-0.202995
-0.204585
-0.203878
-0.203878
-0.199554
-0.192746
-0.188273
-0.179659
-0.180551
-0.180551
-0.170739
-0.168176
-0.162594
-0.170594
-0.166442
-0.159078
-0.160749
-0.157085
-0.148879
-0.14935
-0.153943
-0.144164
-0.145788
-0.146225
-0.141904
-0.145243
-0.156866
-0.165717
-0.171007
-0.179566
-0.188142
-0.189128
-0.194506
-0.200294
-0.208685
-0.205797
-0.205797
-0.210086
-0.218168
-0.218186
-0.221643
-0.228325
-0.228325
-0.240501
-0.247973
-0.254251
-0.266023
-0.266369
-0.267469
-0.266328
-0.261002
-0.255254
-0.260399
-0.257981
-0.249966
-0.249031
-0.239091
-0.230002
-0.229009
-0.229878
-0.225968
-0.220731
-0.220731
-0.219283
-0.215409
-0.213619
-0.211508
-0.212726
-0.211774
-0.214228
-0.206776
-0.20354
-0.203231
-0.201155
-0.200866
-0.200658
-0.200657
-0.198967
-0.202539
-0.195541
-0.199627
-0.198243
-0.198243
-0.192007
-0.193357
-0.19204
-0.191974
-0.187208
-0.19271
-0.188045
-0.187031
-0.187031
-0.175784
-0.174804
-0.176362
-0.176362
-0.167054
-0.177525
-0.172596
-0.166198
-0.166487
-0.165796
-0.1638
-0.161127
-0.161392
-0.156228
-0.160565
-0.158745
-0.157781
-0.156668
-0.156802
-0.158434
-0.154038
-0.153291
-0.149595
-0.153902
-0.153309
-0.150606
-0.155725
-0.152523
-0.151047
-0.150182
-0.14513
-0.144193
-0.14301
-0.139318
-0.141425
-0.140583
-0.139442
-0.134337
-0.139205
-0.138834
-0.135817
-0.13478
-0.134247
-0.13784
-0.135684
-0.135763
-0.137633
-0.132996
-0.134198
-0.136198
-0.136198
-0.131723
-0.132827
-0.130051
-0.134379
-0.134379
-0.132134
-0.12652
-0.129685
-0.126372
-0.126389
-0.125083
-0.127636
-0.129274
-0.131064
-0.128094
-0.127321
-0.127581
-0.123734
-0.12913
-0.124856
-0.121872
-0.127935
-0.1211
-0.118511
-0.12103
-0.122021
-0.12249
-0.122204
-0.122864
-0.120316
-0.126873
-0.123419
-0.120058
-0.118067
-0.12282
-0.113739
-0.121005
-0.117469
-0.12738
-0.124569
-0.119526
-0.121779
-0.11599
-0.117227
-0.123177
-0.118754
-0.119704
-0.117169
-0.117783
-0.117783
-0.117629
-0.117271
-0.11564
-0.119087
-0.12256
-0.115822
-0.115822
-0.117368
-0.108498
-0.118454
-0.114123
-0.114123
-0.111498
-0.113481
-0.116593
-0.116479
-0.110457
-0.115248
-0.112977
-0.110389
-0.11134
-0.11474
-0.11134
-0.118645
-0.111762
-0.117475
-0.112622
-0.112026
-0.113813
-0.113813
-0.108354
-0.11293
-0.115713
-0.107949
-0.10968
-0.10898
-0.114296
-0.114296
-0.113852
-0.106723
-0.110721
-0.11149
-0.111272
-0.110525
-0.110525
-0.111649
-0.107239
-0.108315
-0.114206
-0.111112
-0.113143
-0.113143
-0.114403
-0.111686
-0.109278
-0.109943
-0.115135
-0.111377
-0.109497
-0.110184
-0.110321
-0.107366
-0.112856
-0.110025
-0.111044
-0.111731
-0.108763
-0.111035
-0.110379
-0.108671
-0.108029
-0.106126
-0.11029
-0.107114
-0.111044
-0.108523
-0.105599
-0.10966
-0.114502
-0.110762
-0.107088
-0.112862
-0.112529
-0.108203
-0.108203
-0.109935
-0.107582
-0.113792
-0.113027
-0.110798
-0.108893
-0.111548
-0.113623
-0.113314
-0.111635
-0.111795
-0.111039
-0.110008
-0.112245
-0.112245
-0.10771
-0.114269
-0.10838
-0.10838
-0.10896
-0.115665
-0.113304
-0.113304
-0.10896
-0.11151
-0.109021
-0.110225
-0.110581
-0.109201
-0.113537
-0.117499
-0.117499
-0.114267
-0.116057
-0.114528
-0.112731
-0.108751
-0.11111
-0.11111
-0.107869
-0.110596
-0.115069
-0.124297
-0.118325
-0.118325
-0.12096
-0.122452
-0.123058
-0.124671
-0.124671
-0.11768
-0.123623
-0.122163
-0.119922
-0.121053
-0.12112
-0.12112
-0.119988
-0.127519
-0.118874
-0.115555
-0.117814
-0.121136
-0.122539
-0.123269
-0.122239
-0.122952
-0.123699
-0.124834
-0.125452
-0.125452
-0.132032
-0.131405
-0.126859
-0.130458
-0.133617
-0.133617
-0.137734
-0.133967
-0.133115
-0.129603
-0.135891
-0.134035
-0.136096
-0.140646
-0.141296
-0.144463
-0.135195
-0.137145
-0.137841
-0.13986
-0.142038
-0.14352
-0.144173
-0.142038
-0.142621
-0.142083
-0.142419
-0.141899
-0.151354
-0.148492
-0.152257
-0.147681
-0.147681
-0.151027
-0.153003
-0.154884
-0.146917
-0.157596
-0.161268
-0.161049
-0.156853
-0.167549
-0.162065
-0.168038
-0.169352
-0.164117
-0.161985
-0.156484
-0.156079
-0.158696
-0.157722
-0.161405
-0.161405
-0.167313
-0.167674
-0.165691
-0.170745
-0.168594
-0.168594
-0.161302
-0.166862
-0.164185
-0.169225
-0.165943
-0.170803
-0.16555
-0.172024
-0.165465
-0.161491
-0.16608
-0.168891
-0.166261
-0.166903
-0.171453
-0.171983
-0.171159
-0.167925
-0.166775
-0.164647
-0.164647
-0.167506
-0.162597
-0.166679
-0.160584
-0.164032
-0.166315
-0.168706
-0.170722
-0.171789
-0.165737
-0.16616
-0.168497
-0.16379
-0.16578
-0.164904
-0.161733
-0.165855
-0.162822
-0.16686
-0.16928
-0.171607
-0.166101
-0.164647
-0.166933
-0.160438
-0.160438
-0.156897
-0.165994
-0.165615
-0.164627
-0.169562
-0.169562
-0.166037
-0.172125
-0.171845
-0.170192
-0.168273
-0.16766
-0.169338
-0.16327
-0.16302
-0.164893
-0.15967
-0.163954
-0.171522
-0.163858
-0.165578
-0.162459
-0.170807
-0.157247
-0.162251
-0.163469
-0.166021
-0.175473
-0.165978
-0.169155
-0.173861
-0.173861
-0.171311
-0.169939
-0.163997
-0.167269
-0.170528
-0.169618
-0.172768
-0.174755
-0.173062
-0.171649
-0.174643
-0.169547
-0.16597
-0.165075
-0.16562
-0.169604
-0.168023
-0.172093
-0.173413
-0.175342
-0.174714
-0.173632
-0.16759
-0.166822
-0.162897
-0.163409
-0.164514
-0.16759
-0.163824
-0.166779
-0.162994
-0.167981
-0.166165
-0.16703
-0.168569
-0.168415
-0.165118
-0.164194
-0.169757
-0.168765
-0.168765
-0.171691
-0.169814
-0.168317
-0.168317
-0.171228
-0.169085
-0.171571
-0.167479
-0.16594
-0.169562
-0.169562
-0.171031
-0.168611
-0.175424
-0.173855
-0.171759
-0.179122
-0.176022
-0.171271
-0.175859
-0.176731
-0.17745
-0.17817
-0.183259
-0.181323
-0.186447
-0.182275
-0.180735
-0.181387
-0.183651
-0.188061
-0.186407
-0.181781
-0.178962
-0.178496
-0.182687
-0.182409
-0.190087
-0.187945
-0.196216
-0.196216
-0.18243
-0.18243
-0.190117
-0.195997
-0.190518
-0.197243
-0.197832
-0.195811
-0.195811
-0.198084
-0.19993
-0.204824
-0.200077
-0.198901
-0.200409
-0.200409
-0.199342
-0.197431
-0.190489
-0.197982
-0.194343
-0.197544
-0.197544
-0.20273
-0.206669
-0.203908
-0.208397
-0.205526
-0.204275
-0.201221
-0.203833
-0.205236
-0.205933
-0.203577
-0.203577
-0.204384
-0.202466
-0.200377
-0.199824
-0.204463
-0.204463
-0.202657
-0.206232
-0.205459
-0.209726
-0.211281
-0.209147
-0.215007
-0.208216
-0.207697
-0.206524
-0.208992
-0.206524
-0.207589
-0.215997
-0.215112
-0.215112
-0.213269
-0.211676
-0.211676
-0.217354
-0.212014
-0.214639
-0.209286
-0.21322
-0.217949
-0.217949
-0.214484
-0.214341
-0.217394
-0.221692
-0.220155
-0.222899
-0.230317
-0.224395
-0.225414
-0.212782
-0.216409
-0.216409
-0.219951
-0.224112
-0.223414
-0.222506
-0.229498
-0.236001
-0.236001
-0.23869
-0.240726
-0.24365
-0.245519
-0.244211
-0.246671
-0.243838
-0.243838
-0.252091
-0.25574
-0.26052
-0.266572
-0.275759
-0.29035
-0.290327
-0.294563
-0.299986
-0.30236
-0.30236
-0.303399
-0.307009
-0.308242
-0.313495
-0.317726
-0.32098
-0.321905
-0.322154
-0.325932
-0.327366
-0.31979
-0.317199
-0.31622
-0.317371
-0.323076
-0.324075
-0.324634
-0.325913
-0.326403
-0.322731
-0.328156
-0.321401
-0.320598
-0.321453
-0.318564
-0.32051
-0.323028
-0.324952
-0.325949
-0.325635
-0.32483
-0.321822
-0.322731
-0.322731
-0.322225
-0.31943
-0.31943
-0.31943
-0.322225
-0.31854
-0.319536
-0.314303
-0.314303
-0.31528
-0.315664
-0.315471
-0.312953
-0.312177
-0.311201
-0.31035
-0.312427
-0.31302
-0.308801
-0.308018
-0.310821
-0.304881
-0.304881
-0.30628
-0.305494
-0.307062
-0.303185
-0.302276
-0.30166
-0.301301
-0.298103
-0.303312
-0.292879
-0.298189
-0.295585
-0.295585
-0.296918
-0.291337
-0.298653
-0.296814
-0.29037
-0.287874
-0.287874
-0.285637
-0.285507
-0.289377
-0.288132
-0.286949
-0.28874
-0.284795
-0.28315
-0.284546
-0.283575
-0.281895
-0.282463
-0.282463
-0.274037
-0.27842
-0.273151
-0.270247
-0.265517
-0.271692
-0.271692
-0.269978
-0.265706
-0.264846
-0.270668
-0.263845
-0.260388
-0.261785
-0.267178
-0.261891
-0.257762
-0.262187
-0.263073
-0.256501
-0.263472
-0.259344
-0.252759
-0.252759
-0.251415
-0.248338
-0.243073
-0.243938
-0.252664
-0.251733
-0.250428
-0.236798
-0.237315
-0.237813
-0.231909
-0.234944
-0.232575
-0.233272
-0.234574
-0.242245
-0.241148
-0.243043
-0.24003
-0.23304
-0.233332
-0.227825
-0.223806
-0.221629
-0.228752
-0.221397
-0.219883
-0.222347
-0.222759
-0.222759
-0.218233
-0.218579
-0.216739
-0.21043
-0.210439
-0.210439
-0.214119
-0.212021
-0.214277
-0.214085
-0.212943
-0.206434
-0.206434
-0.206247
-0.205809
-0.208389
-0.209057
-0.210287
-0.204669
-0.205436
-0.205436
-0.195897
-0.199565
-0.19139
-0.192526
-0.199085
-0.190694
-0.192782
-0.190292
-0.195384
-0.19293
-0.189157
-0.191865
-0.19095
-0.185355
-0.185161
-0.18366
-0.185679
-0.181871
-0.188275
-0.189846
-0.183086
-0.184768
-0.177128
-0.177128
-0.169184
-0.169184
-0.167643
-0.166445
-0.16983
-0.171514
-0.173116
-0.172271
-0.174771
-0.174392
-0.175909
-0.177904
-0.178157
-0.172993
-0.172993
-0.174979
-0.169703
-0.169314
-0.163304
-0.163304
-0.168363
-0.168053
-0.162387
-0.167215
-0.163053
-0.16361
-0.16361
-0.163346
-0.159532
-0.156414
-0.164126
-0.164093
-0.16276
-0.152166
-0.151133
-0.152858
-0.160409
-0.162448
-0.160935
-0.165909
-0.156405
-0.156103
-0.154786
-0.151879
-0.144936
-0.151586
-0.151586
-0.149187
-0.147611
-0.151168
-0.152659
-0.149731
-0.150487
-0.148446
-0.148304
-0.14369
-0.145915
-0.146575
-0.146575
-0.150262
-0.15612
-0.147922
-0.150487
-0.149923
-0.146034
-0.149683
-0.142668
-0.142174
-0.139322
-0.147654
-0.139415
-0.142513
-0.137994
-0.140984
-0.142032
-0.143517
-0.142112
-0.138022
-0.138022
-0.141326
-0.136836
-0.146899
-0.141432
-0.143592
-0.146868
-0.143563
-0.14688
-0.140629
-0.142205
-0.13609
-0.138699
-0.139876
-0.142606
-0.136685
-0.140385
-0.137885
-0.140185
-0.140247
-0.140247
-0.132618
-0.131971
-0.136609
-0.140412
-0.140198
-0.136548
-0.14123
-0.14123
-0.141417
-0.135567
-0.13901
-0.13901
-0.135895
-0.14052
-0.139886
-0.143406
-0.138746
-0.138746
-0.13964
-0.137781
-0.139506
-0.138324
-0.140194
-0.139256
-0.143437
-0.143609
-0.142668
-0.14225
-0.136202
-0.136202
-0.137729
-0.138141
-0.140288
-0.138282
-0.140886
-0.143603
-0.144748
-0.144998
-0.144194
-0.146777
-0.142498
-0.145926
-0.145926
-0.144888
-0.137485
-0.142522
-0.145786
-0.143541
-0.146372
-0.148091
-0.151717
-0.151081
-0.147008
-0.15133
-0.154695
-0.15212
-0.147319
-0.149687
-0.147549
-0.146356
-0.145906
-0.152668
-0.155245
-0.161085
-0.15603
-0.158763
-0.15434
-0.156669
-0.156144
-0.161432
-0.158968
-0.160114
-0.163488
-0.165389
-0.166721
-0.172082
-0.160423
-0.160423
-0.165842
-0.167559
-0.167559
-0.173328
-0.169016
-0.160985
-0.160985
-0.16635
-0.167428
-0.170782
-0.168026
-0.17031
-0.175071
-0.172183
-0.170202
-0.169655
-0.172631
-0.172294
-0.172067
-0.176677
-0.176677
-0.175182
-0.179634
-0.177414
-0.177938
-0.17566
-0.173477
-0.172656
-0.17513
-0.180194
-0.173028
-0.1795
-0.179061
-0.180633
-0.173306
-0.178819
-0.178819
-0.175331
-0.175477
-0.175358
-0.177845
-0.180174
-0.181735
-0.182105
-0.179335
-0.17799
-0.18404
-0.177912
-0.175916
-0.183671
-0.177338
-0.177338
-0.1824
-0.178215
-0.180072
-0.184005
-0.184005
-0.181202
-0.180627
-0.184111
-0.183136
-0.185862
-0.184117
-0.183352
-0.178843
-0.182215
-0.184334
-0.185676
-0.18226
-0.188186
-0.180623
-0.184515
-0.187028
-0.185644
-0.191059
-0.188477
-0.188288
-0.184446
-0.188222
-0.190911
-0.186697
-0.183206
-0.191855
-0.191855
-0.190541
-0.187958
-0.189051
-0.190505
-0.188576
-0.188576
-0.192508
-0.192463
-0.18996
-0.192975
-0.192579
-0.1957
-0.189201
-0.191556
-0.197636
-0.192673
-0.197708
-0.185814
-0.191615
-0.192847
-0.192812
-0.193441
-0.199575
-0.194986
-0.189443
-0.189443
-0.195637
-0.19367
-0.190429
-0.190429
-0.195499
-0.200001
-0.194556
-0.19331
-0.197519
-0.190558
-0.194216
-0.198357
-0.199623
-0.199623
-0.198818
-0.19769
-0.199246
-0.197192
-0.19367
-0.199212
-0.203645
-0.203903
-0.198201
-0.200253
-0.200253
-0.198337
-0.20068
-0.206727
-0.199242
-0.200866
-0.204974
-0.20271
-0.203587
-0.201344
-0.206373
-0.205109
-0.205495
-0.205495
-0.205038
-0.203136
-0.207307
-0.204006
-0.207989
-0.205951
-0.210391
-0.208475
-0.207668
-0.204399
-0.204307
-0.204908
-0.206241
-0.210514
-0.207369
-0.209252
-0.211323
-0.207088
-0.211063
-0.208123
-0.206923
-0.210514
-0.207731
-0.206272
-0.213617
-0.208404
-0.208404
-0.210347
-0.207668
-0.211414
-0.210183
-0.2096
-0.211058
-0.215659
-0.214256
-0.214316
-0.212826
-0.216198
-0.214865
-0.215345
-0.215345
-0.216689
-0.212506
-0.218876
-0.212984
-0.211815
-0.213895
-0.213895
-0.217356
-0.217298
-0.217124
-0.217356
-0.217892
-0.217892
-0.219585
-0.215214
-0.213784
-0.217703
-0.215403
-0.215403
-0.215865
-0.220324
-0.214246
-0.217964
-0.218094
-0.216835
-0.213868
-0.218456
-0.218774
-0.223204
-0.218094
-0.221395
-0.221583
-0.219513
-0.221366
-0.221366
-0.220451
-0.218355
-0.221105
-0.222364
-0.222235
-0.21857
-0.225975
-0.218745
-0.223912
-0.225795
-0.222336
-0.221656
-0.221656
-0.226273
-0.22404
-0.222047
-0.222047
-0.227026
-0.225506
-0.227315
-0.222493
-0.225667
-0.226065
-0.226065
-0.228682
-0.227975
-0.226218
-0.228029
-0.225768
-0.23002
-0.226549
-0.230935
-0.23433
-0.22955
-0.230962
-0.230357
-0.230357
-0.235763
-0.236316
-0.235989
-0.232947
-0.231124
-0.236228
-0.235109
-0.232797
-0.238881
-0.238782
-0.238152
-0.238681
-0.237524
-0.234607
-0.241196
-0.236292
-0.238656
-0.245156
-0.236167
-0.236167
-0.242038
-0.242354
-0.2439
-0.240591
-0.243611
-0.247911
-0.247911
-0.245664
-0.242013
-0.239748
-0.246579
-0.242932
-0.246199
-0.250599
-0.242719
-0.246798
-0.246678
-0.24436
-0.25238
-0.247257
-0.255115
-0.248733
-0.253515
-0.254093
-0.249411
-0.253159
-0.255137
-0.257408
-0.256272
-0.260285
-0.258205
-0.263655
-0.260554
-0.261303
-0.263504
-0.262192
-0.266553
-0.26198
-0.266553
-0.270531
-0.270933
-0.269987
-0.277116
-0.280072
-0.281905
-0.29157
-0.305065
-0.348375
-0.382052
-0.38977
-0.393147
-0.401552
-0.402336
-0.404165
-0.406899
-0.410159
-0.41066
-0.410465
-0.410966
-0.410966
-0.410871
-0.4156
-0.414656
-0.416021
-0.423546
-0.419576
-0.421429
-0.419576
-0.422204
-0.417944
-0.425909
-0.420171
-0.420171
-0.424842
-0.423202
-0.427347
-0.420177
-0.426669
-0.427266
-0.428227
-0.428162
-0.424664
-0.427774
-0.431338
-0.432907
-0.432317
-0.430958
-0.430958
-0.432236
-0.432236
-0.43378
-0.434662
-0.434662
-0.430279
-0.43281
-0.43408
-0.43408
-0.433691
-0.431839
-0.436974
-0.432818
-0.435553
-0.430288
-0.434653
-0.436815
-0.432704
-0.432704
-0.435351
-0.435526
-0.434671
-0.434282
-0.434953
-0.434953
-0.437167
-0.433472
-0.433029
-0.434644
-0.437309
-0.439902
-0.437669
-0.433911
-0.437698
-0.442037
-0.438853
-0.435817
-0.444886
-0.437299
-0.43973
-0.434899
-0.436815
-0.439261
-0.435526
-0.435526
-0.435146
-0.434855
-0.436971
-0.437748
-0.440785
-0.440484
-0.440484
-0.439144
-0.43834
-0.439804
-0.435798
-0.437748
-0.438068
-0.438068
-0.441086
-0.439124
-0.439124
-0.438892
-0.44397
-0.439222
-0.433374
-0.439242
-0.442037
-0.438039
-0.442048
-0.442037
-0.442037
-0.438349
-0.440775
-0.442105
-0.441638
-0.442998
-0.440755
-0.440755
-0.440755
-0.440272
-0.442297
-0.440874
-0.43698
-0.439291
-0.444173
-0.438902
-0.438232
-0.437817
-0.439572
-0.440444
-0.440444
-0.442385
-0.436623
-0.444821
-0.441695
-0.445501
-0.438291
-0.445501
-0.441435
-0.447357
-0.447066
-0.439115
-0.446094
-0.446094
-0.440745
-0.445567
-0.447311
-0.439562
-0.441036
-0.441026
-0.441026
-0.443324
-0.440153
-0.442276
-0.441222
-0.443516
-0.438281
-0.440403
-0.443236
-0.442287
-0.441394
-0.440833
-0.446317
-0.44663
-0.443817
-0.443159
-0.445177
-0.443559
-0.442622
-0.442546
-0.446642
-0.446317
-0.442266
-0.44577
-0.441597
-0.443883
-0.441975
-0.446729
-0.446817
-0.44117
-0.444678
-0.445413
-0.443687
-0.442655
-0.444486
-0.447189
-0.441607
-0.449962
-0.44634
-0.446729
-0.441674
-0.441729
-0.443883
-0.4395
-0.441383
-0.440749
-0.440179
-0.448497
-0.445724
-0.443883
-0.447665
-0.447665
-0.445812
-0.44483
-0.44483
-0.446794
-0.449607
-0.443396
-0.44414
-0.441362
-0.442513
-0.446427
-0.449723
-0.444475
-0.441362
-0.446962
-0.442891
-0.445132
-0.444215
-0.447845
-0.444611
-0.444611
-0.442277
-0.446207
-0.445724
-0.44529
-0.450051
-0.447154
-0.444765
-0.447833
-0.447363
-0.448488
-0.447228
-0.447339
-0.44288
-0.44695
-0.441544
-0.445034
-0.448174
-0.445992
-0.448135
-0.451059
-0.446561
-0.449637
-0.454038
-0.449335
-0.45143
-0.45143
-0.450693
-0.447908
-0.451225
-0.448099
-0.454011
-0.447154
-0.447154
-0.452448
-0.449952
-0.451478
-0.44718
-0.449347
-0.445969
-0.450329
-0.448402
-0.451794
-0.449069
-0.451452
-0.448803
-0.446549
-0.451188
-0.449322
-0.447797
-0.448644
-0.448439
-0.450014
-0.450014
-0.450039
-0.4512
-0.454288
-0.449044
-0.452059
-0.452059
-0.454315
-0.451828
-0.44604
-0.448607
-0.447471
-0.448137
-0.448366
-0.450398
-0.453041
-0.451175
-0.451354
-0.451137
-0.4496
-0.448063
-0.452448
-0.448063
-0.44823
-0.449408
-0.44902
-0.44902
-0.448236
-0.447192
-0.45159
-0.448149
-0.444106
-0.451551
-0.449759
-0.449686
-0.451828
-0.444675
-0.450556
-0.451598
-0.44649
-0.449007
-0.44678
-0.450932
-0.450932
-0.450569
-0.44649
-0.44435
-0.449588
-0.453391
-0.449759
-0.452297
-0.449938
-0.449938
-0.448427
-0.449903
-0.446792
-0.449625
-0.446564
-0.449106
-0.450326
-0.452119
-0.452771
-0.450279
-0.444134
-0.447749
-0.452106
-0.44868
-0.453048
-0.448186
-0.451222
-0.445572
-0.456436
-0.452455
-0.451512
-0.452468
-0.449055
-0.452567
-0.451763
-0.449042
-0.449042
-0.445343
-0.448463
-0.447132
-0.448619
-0.448075
-0.45341
-0.447434
-0.447156
-0.453253
-0.454815
-0.452106
-0.452106
-0.456726
-0.45129
-0.452369
-0.453905
-0.454512
-0.454583
-0.452718
-0.453615
-0.451349
-0.45469
-0.449583
-0.451691
-0.453714
-0.451763
-0.4503
-0.451776
-0.452356
-0.45233
-0.450782
-0.453431
-0.448667
-0.453793
-0.448049
-0.449524
-0.449524
-0.454959
-0.456047
-0.452705
-0.449794
-0.45146
-0.45279
-0.448075
-0.452554
-0.451559
-0.450228
-0.454351
-0.45457
-0.451368
-0.449332
-0.45351
-0.450011
-0.45373
-0.451473
-0.45283
-0.452994
-0.452994
-0.451862
-0.453397
-0.44926
-0.44926
-0.453437
-0.448352
-0.452514
-0.446213
-0.453383
-0.448727
-0.448727
-0.448654
-0.452066
-0.453035
-0.44932
-0.450577
-0.451183
-0.450479
-0.450189
-0.447555
-0.452401
-0.446865
-0.452442
-0.449912
-0.450274
-0.451907
-0.448049
-0.455453
-0.451862
-0.451862
-0.450663
-0.44781
-0.453659
-0.453455
-0.454556
-0.45088
-0.452486
-0.451341
-0.447858
-0.4525
-0.453066
-0.451545
-0.451545
-0.449392
-0.450333
-0.450623
-0.456161
-0.452401
-0.450419
-0.450939
-0.454988
-0.450176
-0.452142
-0.450261
-0.45113
-0.451795
-0.449379
-0.452473
-0.455482
-0.454556
-0.450841
-0.451215
-0.453659
-0.455179
-0.452677
-0.456565
-0.452749
-0.453935
-0.452071
-0.455786
-0.451492
-0.452255
-0.450689
-0.453271
-0.449847
-0.458488
-0.456175
-0.454974
-0.453025
-0.451536
-0.451536
-0.451144
-0.451519
-0.450841
-0.450841
-0.44957
-0.453907
-0.456613
-0.45739
-0.451808
-0.456796
-0.451175
-0.461149
-0.453688
-0.453688
-0.448399
-0.459257
-0.455772
-0.454917
-0.457071
-0.45015
-0.45015
-0.453145
-0.453202
-0.453631
-0.456033
-0.45294
-0.45294
-0.456019
-0.450716
-0.452026
-0.456712
-0.450137
-0.454416
-0.454416
-0.45674
-0.453964
-0.455398
-0.455066
-0.453025
-0.458892
-0.452664
-0.453674
-0.457207
-0.455454
-0.45239
-0.45239
-0.454099
-0.451175
-0.452792
-0.458618
-0.456752
-0.45479
-0.45479
-0.456697
-0.45758
-0.452842
-0.455122
-0.453025
-0.452376
-0.45787
-0.453823
-0.45232
-0.453011
-0.449505
-0.455221
-0.455221
-0.453893
-0.453893
-0.456627
-0.451973
-0.457262
-0.454197
-0.458793
-0.453688
-0.455525
-0.455701
-0.451768
-0.453519
-0.453272
-0.453688
-0.456104
-0.454847
-0.452404
-0.458908
-0.458908
-0.457595
-0.447163
-0.460744
-0.452306
-0.455884
-0.455884
-0.456492
-0.450017
-0.454282
-0.454931
-0.451768
-0.454253
-0.455496
-0.453258
-0.458449
-0.454183
-0.456668
-0.458548
-0.458548
-0.459197
-0.455454
-0.458922
-0.452016
-0.451036
-0.456393
-0.454832
-0.462017
-0.453548
-0.455064
-0.458489
-0.463344
-0.457925
-0.452899
-0.457401
-0.451023
-0.453357
-0.458413
-0.455221
-0.452693
-0.458383
-0.456478
-0.453244
-0.453357
-0.453357
-0.457316
-0.452969
-0.453837
-0.450929
-0.455411
-0.45239
-0.456335
-0.454225
-0.452983
-0.454642
-0.456408
-0.457016
-0.457016
-0.452778
-0.454613
-0.458832
-0.456434
-0.456144
-0.453548
-0.451797
-0.45203
-0.454613
-0.45594
-0.454196
-0.449687
-0.455467
-0.452969
-0.454902
-0.454471
-0.453025
-0.456389
-0.454295
-0.454295
-0.457141
-0.455539
-0.45558
-0.458299
-0.451177
-0.45922
-0.45922
-0.452475
-0.453921
-0.453053
-0.457071
-0.458383
-0.458094
-0.456434
-0.459251
-0.453011
-0.453618
-0.452871
-0.454804
-0.455467
-0.456982
-0.456792
-0.456019
-0.455148
-0.457386
-0.455276
-0.453716
-0.454888
-0.457111
-0.455064
-0.455064
-0.45457
-0.455686
-0.456389
-0.455437
-0.453878
-0.453109
-0.453823
-0.455551
-0.455785
-0.458573
-0.456463
-0.456463
-0.455148
-0.455262
-0.455262
-0.454555
-0.45148
-0.455119
-0.457774
-0.457934
-0.454266
-0.455134
-0.45558
-0.457949
-0.457949
-0.458916
-0.457919
-0.45658
-0.458832
-0.455093
-0.451312
-0.453216
-0.45788
-0.4597
-0.457934
-0.455134
-0.456708
-0.459715
-0.45629
-0.453575
-0.454141
-0.457645
-0.452955
-0.455825
-0.456792
-0.459205
-0.455064
-0.4533
-0.456526
-0.456526
-0.456663
-0.459205
-0.454457
-0.456967
-0.458558
-0.458512
-0.455903
-0.460005
-0.452236
-0.461907
-0.455119
-0.454112
-0.453244
-0.450776
-0.456016
-0.457789
-0.459136
-0.459136
-0.457645
-0.462213
-0.455727
-0.458018
-0.456762
-0.457919
-0.457919
-0.45607
-0.461313
-0.456473
-0.460393
-0.454486
-0.458854
-0.458238
-0.454237
-0.455104
-0.455986
-0.459684
-0.459684
-0.456732
-0.455393
-0.456374
-0.459737
-0.454069
-0.458527
-0.459395
-0.456359
-0.457987
-0.456359
-0.454291
-0.453011
-0.456762
-0.45887
-0.459128
-0.458718
-0.459432
-0.455104
-0.458307
-0.458307
-0.458413
-0.458444
-0.4575
-0.459684
-0.459417
-0.459174
-0.455927
-0.461907
-0.456594
-0.45938
-0.45855
-0.460331
-0.460331
-0.454717
-0.451933
-0.45531
-0.458801
-0.461686
-0.461297
-0.461297
-0.460604
-0.461602
-0.458854
-0.457531
-0.457295
-0.457158
-0.457516
-0.45938
-0.455393
-0.458703
-0.46167
-0.458109
-0.458208
-0.455888
-0.459805
-0.456085
-0.459364
-0.461792
-0.461792
-0.461465
-0.459349
-0.457667
-0.457158
-0.456359
-0.459753
-0.459753
-0.457546
-0.458823
-0.458823
-0.457903
-0.459159
-0.459958
-0.459958
-0.459995
-0.458755
-0.458261
-0.456717
-0.456329
-0.459706
-0.459274
-0.460573
-0.456139
-0.45655
-0.460541
-0.458079
-0.458162
-0.460977
-0.45734
-0.454055
-0.45906
-0.455349
-0.462315
-0.457295
-0.456633
-0.455089
-0.460925
-0.466395
-0.463372
-0.460573
-0.456163
-0.456771
-0.462117
-0.457098
-0.458383
-0.458383
-0.461201
-0.461745
-0.454673
-0.458435
-0.456216
-0.459813
-0.459607
-0.46149
-0.463273
-0.460201
-0.46466
-0.45842
-0.45842
-0.458466
-0.456854
-0.455653
-0.458466
-0.457857
-0.459638
-0.460878
-0.457485
-0.460026
-0.460588
-0.461472
-0.457455
-0.457805
-0.455334
-0.454384
-0.457599
-0.458565
-0.461266
-0.457135
-0.458792
-0.457279
-0.460284
-0.454124
-0.45842
-0.459896
-0.459896
-0.459995
-0.461844
-0.459979
-0.458724
-0.45922
-0.457098
-0.460691
-0.455349
-0.457387
-0.458724
-0.461472
-0.459235
-0.459159
-0.459159
-0.45731
-0.458451
-0.456466
-0.458503
-0.457956
-0.454535
-0.459029
-0.459349
-0.456671
-0.460094
-0.459081
-0.45906
-0.45906
-0.454497
-0.463777
-0.456754
-0.455319
-0.458451
-0.458451
-0.460434
-0.45601
-0.456428
-0.461622
-0.459896
-0.457972
-0.458115
-0.45598
-0.45598
-0.456118
-0.460913
-0.464355
-0.458776
-0.458823
-0.45918
-0.460945
-0.456093
-0.459857
-0.458313
-0.458313
-0.463017
-0.45696
-0.45696
-0.456913
-0.459081
-0.459947
-0.457135
-0.457249
-0.459725
-0.461894
-0.461894
-0.460559
-0.463149
-0.464355
-0.461201
-0.460862
-0.458404
-0.458404
-0.459611
-0.463133
-0.45747
-0.457878
-0.45652
-0.460604
-0.460604
-0.456892
-0.459081
-0.458966
-0.458792
-0.461012
-0.462151
-0.463571
-0.458146
-0.45506
-0.457842
-0.452537
-0.463422
-0.454839
-0.456093
-0.457316
-0.458875
-0.458875
-0.469222
-0.457368
-0.454452
-0.457972
-0.462877
-0.457249
-0.458471
-0.458471
-0.460367
-0.456898
-0.460402
-0.460046
-0.463166
-0.46064
-0.458891
-0.456382
-0.457316
-0.457925
-0.463339
-0.459437
-0.46064
-0.461589
-0.461506
-0.459757
-0.460046
-0.457279
-0.460418
-0.457316
-0.457196
-0.461012
-0.457264
-0.459757
-0.459065
-0.461911
-0.461911
-0.462266
-0.460945
-0.459385
-0.46376
-0.461458
-0.461458
-0.459642
-0.460046
-0.460541
-0.4622
-0.461046
-0.458891
-0.460367
-0.463422
-0.461812
-0.457279
-0.461169
-0.460913
-0.460913
-0.461235
-0.459849
-0.458935
-0.463595
-0.463694
-0.459239
-0.459239
-0.459849
-0.461169
-0.462423
-0.463355
-0.460731
-0.463983
-0.460608
-0.464238
-0.462052
-0.465781
-0.459979
-0.45876
-0.458389
-0.458487
-0.461878
-0.461878
-0.462712
-0.463199
-0.463199
-0.460097
-0.462472
-0.463066
-0.461234
-0.462622
-0.462622
-0.462712
-0.457589
-0.461673
-0.458084
-0.456846
-0.459741
-0.463149
-0.455964
-0.458807
-0.457941
-0.462811
-0.461945
-0.461945
-0.464743
-0.455372
-0.457187
-0.462266
-0.456336
-0.459247
-0.45918
-0.455743
-0.457811
-0.460236
-0.458935
-0.465031
-0.465031
-0.461301
-0.460929
-0.458792
-0.461384
-0.463999
-0.458776
-0.459452
-0.459452
-0.456253
-0.460979
-0.461012
-0.462722
-0.453526
-0.461268
-0.466911
-0.460369
-0.463505
-0.457542
-0.457542
-0.461119
-0.461506
-0.463743
-0.459504
-0.46286
-0.459709
-0.459709
-0.459049
-0.460386
-0.457811
-0.463405
-0.464288
-0.459306
-0.459642
-0.456336
-0.46088
-0.458424
-0.460386
-0.459725
-0.457475
-0.462151
-0.460014
-0.464899
-0.459354
-0.459255
-0.461829
-0.457202
-0.458728
-0.461351
-0.459065
-0.457104
-0.459033
-0.457589
-0.459049
-0.456913
-0.459709
-0.459611
-0.459693
-0.46093
-0.4623
-0.461928
-0.465577
-0.462423
-0.459931
-0.453443
-0.463083
-0.463083
-0.461508
-0.458404
-0.464626
-0.458677
-0.461185
-0.466375
-0.466375
-0.460204
-0.465846
-0.457697
-0.464543
-0.463932
-0.45844
-0.460509
-0.459817
-0.463321
-0.461252
-0.462291
-0.460254
-0.460254
-0.461071
-0.461087
-0.463644
-0.464172
-0.467224
-0.460188
-0.464271
-0.463001
-0.463017
-0.460204
-0.466134
-0.46239
-0.462373
-0.461978
-0.46385
-0.460287
-0.467135
-0.464963
-0.463388
-0.462679
-0.462679
-0.463966
-0.460543
-0.462407
-0.458408
-0.461442
-0.463981
-0.460493
-0.462242
-0.461169
-0.46112
-0.460963
-0.464543
-0.464238
-0.461458
-0.463223
-0.464139
-0.465269
-0.464221
-0.463915
-0.465286
-0.463207
-0.459528
-0.464592
-0.459356
-0.46597
-0.46597
-0.464543
-0.461442
-0.465303
-0.465303
-0.463321
-0.462761
-0.464041
-0.457728
-0.465138
-0.462118
-0.463677
-0.46239
-0.46022
-0.4631
-0.460642
-0.459322
-0.459084
-0.465286
-0.457254
-0.464221
-0.464221
-0.464032
-0.462085
-0.462085
-0.464049
-0.465475
-0.461796
-0.462167
-0.464411
-0.464411
-0.465475
-0.4622
-0.46522
-0.4581
-0.462134
-0.461137
-0.459645
-0.466423
-0.461491
-0.462439
-0.46522
-0.46522
-0.461137
-0.457408
-0.463677
-0.463554
-0.458135
-0.458728
-0.464428
-0.462695
-0.461879
-0.46093
-0.464709
-0.462712
-0.459645
-0.465234
-0.46554
-0.460914
-0.465169
-0.462694
-0.462694
-0.463743
-0.466523
-0.46088
-0.46088
-0.46003
-0.460864
-0.45934
-0.459677
-0.461474
-0.466069
-0.465492
-0.466405
-0.466746
-0.460989
-0.46507
-0.467
-0.463158
-0.464946
-0.465342
-0.463239
-0.46305
-0.463001
-0.465005
-0.468796
-0.463355
-0.463355
-0.465359
-0.465828
-0.465169
-0.464411
-0.466548
-0.466965
-0.463496
-0.464493
-0.464781
-0.464221
-0.46361
-0.466729
-0.463966
-0.465846
-0.46215
-0.461219
-0.465846
-0.461928
-0.464046
-0.464815
-0.465846
-0.463966
-0.463627
-0.46305
-0.463912
-0.464286
-0.459356
-0.462679
-0.46376
-0.462712
-0.463033
-0.464592
-0.462068
-0.457346
-0.465014
-0.462085
-0.464798
-0.462373
-0.46464
-0.462308
-0.464286
-0.463338
-0.463338
-0.459258
-0.459274
-0.463644
-0.464238
-0.462761
-0.463438
-0.466694
-0.466694
-0.464286
-0.466423
-0.460896
-0.462407
-0.462984
-0.463304
-0.463304
-0.463998
-0.467884
-0.46239
-0.466358
-0.463372
-0.459562
-0.466694
-0.467423
-0.462679
-0.46432
-0.463817
-0.463817
-0.467624
-0.462439
-0.465087
-0.462662
-0.465781
-0.465104
-0.465104
-0.465104
-0.46305
-0.464105
-0.466099
-0.429578
-0.449248
-0.390513
-0.368386
-0.34272
-0.317193
-0.292803
-0.270079
-0.2674
-0.234328
-0.191871
-0.198597
-0.17605
-0.179018
-0.174539
-0.167006
-0.0786543
-0.0427732
-0.0333759
-0.0377278
-0.0377278
-0.0409341
-0.0428105
-0.0463574
-0.0423255
-0.0469099
-0.0486754
-0.0474821
-0.0447885
-0.0418378
-0.041794
-0.041794
-0.0433669
-0.0419129
-0.0405683
-0.0405683
-0.0405683
-0.0428035
-0.0400695
-0.036686
-0.036686
-0.0393747
-0.0372733
-0.0408273
-0.0407518
-0.039602
-0.0372133
-0.0354742
-0.039588
-0.0407518
-0.0350499
-0.0399487
-0.0362725
-0.0362725
-0.03656
-0.03656
-0.0369235
-0.0414784
-0.0372133
-0.0372133
-0.0371029
-0.0397658
-0.0379539
-0.0371952
-0.0387053
-0.0387053
-0.0444122
-0.0387986
-0.040145
-0.0383777
-0.0367243
-0.0367243
-0.0371952
-0.0335401
-0.0340998
-0.0342353
-0.035593
-0.0369835
-0.035231
-0.0368762
-0.0393999
-0.0373029
-0.0373215
-0.03608
-0.0344789
-0.03466
-0.0335843
-0.0349765
-0.0333582
-0.0389954
-0.0353215
-0.0345068
-0.0401575
-0.0364593
-0.0341624
-0.037727
-0.037727
-0.0331493
-0.0348412
-0.0345419
-0.0363065
-0.0371545
-0.0340545
-0.0386047
-0.037727
-0.0334208
-0.0380175
-0.0374816
-0.0374816
-0.0391475
-0.03466
-0.0350844
-0.0380429
-0.0325171
-0.0351403
-0.0351403
-0.0347784
-0.0329063
-0.0341564
-0.030539
-0.0348688
-0.030503
-0.0310358
-0.0348236
-0.0356455
-0.0346318
-0.0342806
-0.0362885
-0.0362885
-0.0355642
-0.0352478
-0.0339363
-0.0344163
-0.0351126
-0.0351126
-0.03202
-0.0277178
-0.0321377
-0.0323367
-0.0366675
-0.0366675
-0.038422
-0.0379492
-0.0299599
-0.0320486
-0.0338284
-0.0371209
-0.0372733
-0.0330702
-0.0361248
-0.0312806
-0.0287877
-0.0330428
-0.0330428
-0.0330428
-0.0315328
-0.0355821
-0.0350215
-0.0328899
-0.0349765
-0.0355821
-0.0326364
-0.0350665
-0.0396589
-0.0353378
-0.0331323
-0.0347051
-0.0361696
-0.0322744
-0.0322744
-0.0353557
-0.0353557
-0.0311437
-0.0347331
-0.0347331
-0.0315949
-0.0343886
-0.0317032
-0.0348581
-0.0354005
-0.0336476
-0.0356718
-0.0354742
-0.0362327
-0.0363514
-0.0363514
-0.0339363
-0.03305
-0.0367418
-0.0315949
-0.0325171
-0.032092
-0.0324546
-0.0319412
-0.0325625
-0.0322288
-0.0311077
-0.0343434
-0.0343434
-0.0343434
-0.033665
-0.033105
-0.0279891
-0.0313236
-0.0294539
-0.0371355
-0.0318663
-0.0337831
-0.0330771
-0.0317584
-0.0330428
-0.0330597
-0.0368198
-0.0291206
-0.0333033
-0.0340265
-0.0324716
-0.029438
-0.0342977
-0.0292035
-0.0292286
-0.0317488
-0.0315785
-0.0293919
-0.0329244
-0.0349852
-0.0280514
-0.0280514
-0.031098
-0.0282525
-0.0272681
-0.0294703
-0.0275552
-0.0337099
-0.033276
-0.0296539
-0.0296539
-0.0340895
-0.0335021
-0.0313406
-0.0330318
-0.0307096
-0.0307096
-0.0336372
-0.0271132
-0.033665
-0.0297165
-0.0326706
-0.0326253
-0.0326253
-0.0326253
-0.0326253
-0.029199
-0.029199
-0.0329597
-0.0329597
-0.0315405
-0.0326253
-0.0326253
-0.0296035
-0.0295458
-0.0318206
-0.0337732
-0.0302841
-0.0333484
-0.0321109
-0.0354453
-0.0331225
-0.0331225
-0.0309441
-0.0284391
-0.031415
