0.0569744
0.0320576
0.0673315
0.0445322
0.039123
0.0526604
0.059699
0.0540869
0.0472285
0.0528284
0.0560376
0.0485777
0.0339541
0.053266
0.0642339
0.0515725
0.0425975
0.0489825
0.0574915
0.0363765
0.0561325
0.0565184
0.0590987
0.0406109
0.0327757
0.0586018
0.0651633
0.0529909
0.0393572
0.0380296
0.0567316
0.0539395
0.0341724
0.0612506
0.0452384
0.0619128
0.0612497
0.0637623
0.057413
0.05708
0.0257691
0.0662031
0.0592092
0.0448023
0.0622506
0.0599068
0.0497486
0.061637
0.0608873
0.0537199
0.0590713
0.0345693
0.0318285
0.0504855
0.0456954
0.0486609
0.0507041
0.0518724
0.0491877
0.0485354
0.0441485
0.0565
0.0602573
0.0523049
0.0462588
0.0433994
0.0522047
0.0435513
0.03183
0.0390129
0.0445959
0.0677671
0.043683
0.0533402
0.0543664
0.0470379
0.0526027
0.0372433
0.0252132
0.0500083
0.0413285
0.0365205
0.0606389
0.0498228
0.0490377
0.0592055
0.0491856
0.0389759
0.0559648
0.0510106
0.0631358
0.0489444
0.0580411
0.044049
0.0534945
0.0326539
0.0531916
0.0666247
0.0385103
0.0623777
0.039962
0.0487516
0.0444632
0.0532638
0.061413
0.0418626
0.053084
0.0511918
0.0413103
0.0313377
0.0475224
0.0484013
0.0578049
0.0474231
0.0293953
0.0502414
0.0571031
0.0517227
0.0440792
0.0485678
0.0500852
0.0506109
0.0559083
0.0502402
0.0459412
0.0548375
0.0572735
0.0562276
0.054888
0.0519292
0.0370872
0.0425623
0.040869
0.0580358
0.0589528
0.0336165
0.0524419
0.0510502
0.038411
0.045505
0.0449167
0.0444579
0.048144
0.0553873
0.0409522
0.0475202
0.0511781
0.0484416
0.0680792
0.045012
0.0527384
0.0612676
0.0413994
0.0328597
0.0426399
0.0601589
0.0474295
0.0389294
0.0487953
0.053902
0.0474734
0.0556007
0.0328748
0.0564913
0.0439086
0.0487988
0.0629255
0.0550348
0.054833
0.0740283
0.0800599
0.0323043
0.0586661
0.0481951
0.0535408
0.0596104
0.0483568
0.043737
0.0521015
0.054624
0.0366836
0.0483667
0.039253
0.0601392
0.0530348
0.053195
0.0444207
0.047103
0.0460175
0.0463406
0.0373198
0.0353144
0.0347855
0.049563
0.0483091
0.046278
0.0391871
0.0525417
0.038815
0.0457774
0.0596644
0.0575108
0.056801
0.0450668
0.0318776
0.0459583
0.053504
0.0401869
0.055577
0.0310835
0.0327816
0.0623424
0.0421802
0.0474943
0.0485392
0.0491852
0.050992
0.0565482
0.0279
0.0493821
0.0573463
0.0524332
0.0501258
0.0519393
0.0444546
0.0448138
0.047457
0.0367195
0.0498496
0.0322769
0.0293806
0.0522082
0.0454007
0.0394581
0.0301906
0.0646305
0.0514925
0.04983
0.023508
0.0570482
0.0510123
0.0543747
0.0464472
0.039595
0.0429686
0.0427201
0.0394796
0.0489988
0.0546652
0.0409324
0.0439828
0.0519268
0.0505544
0.0601435
0.0444364
0.0574921
0.050834
0.0482578
0.0522961
0.0596949
0.0533326
0.0358413
0.055004
0.0499262
0.0464304
0.0642403
0.0521079
0.0535659
0.0307099
0.0519648
0.0557165
0.0545562
0.0426904
0.0503616
0.039427
0.0536095
0.0473348
0.0649288
0.0538178
0.0473738
0.0394244
0.0545071
0.0559065
0.0523829
0.0511287
0.0541018
0.0534722
0.0434653
0.0445839
0.0421665
0.0513955
0.0502188
0.0588149
0.0500481
0.0486546
0.052618
0.0479374
0.0649975
0.0312543
0.0399664
0.0562708
0.0581057
0.0464246
0.0505375
0.0539109
0.045221
0.0457609
0.0467342
0.0518349
0.0444452
0.0335552
0.0487618
0.0408605
0.0431498
0.0396858
0.0388586
0.0370271
0.0443971
0.0381772
0.0436352
0.0611308
0.0478311
0.0510928
0.0410605
0.0457731
0.0517852
0.0686624
0.0532022
0.0552879
0.0439124
0.050052
0.0402033
0.057566
0.0582109
0.0476689
0.042489
0.0388718
0.0428746
0.0654804
0.0505389
0.0460998
0.0461947
0.0567264
0.0573905
0.0539141
0.0402965
0.0457585
0.0564741
0.0404008
0.0492466
0.0445783
0.0406741
0.057686
0.0559582
0.057866
0.0371331
0.0473613
0.0611124
0.0385952
0.0429497
0.045034
0.0474541
0.0395041
0.0451593
0.0653985
0.0524638
0.0323869
0.0400418
0.0602335
0.0458363
0.0533696
0.0707783
0.0655162
0.0328955
0.0400801
0.0432941
0.0529147
0.0496154
0.0605334
0.0517609
0.0357597
0.0324156
0.0501963
0.0377507
0.0632761
0.0486187
0.0491117
0.0532849
0.0505685
0.0540208
0.0452653
0.0467534
0.0392708
0.0556387
0.0406922
0.0362042
0.0333411
0.0253099
0.0598598
0.0501773
0.0471062
0.0407703
0.0465322
0.0440159
0.0667337
0.0387988
0.0453337
0.050837
0.0437168
0.0536045
0.064173
0.0502577
0.0430773
0.0403433
0.0506234
0.0501198
0.0480959
0.0450273
0.0415501
0.0727605
0.0376889
0.0525599
0.0394292
0.0553025
0.0494514
0.0594308
0.0605886
0.048873
0.0410659
0.0585623
0.0542263
0.0560414
0.031087
0.028923
0.048699
0.0478978
0.0544362
0.0521174
0.0427951
0.0423693
0.0564024
0.0546007
0.0436517
0.0575912
0.0518592
0.0538046
0.0470941
0.0346679
0.0529358
0.0314766
0.0561162
0.0539452
0.0417943
0.0553307
0.0500338
0.0425792
0.0652398
0.039785
0.0631325
0.0486814
0.0498699
0.0655523
0.0634218
0.059641
0.0647449
0.0553702
0.0548691
0.0509912
0.0485688
0.0649987
0.059297
0.0379619
0.0362131
0.0478631
0.0435442
0.0410403
0.0494736
0.0482975
0.0527096
0.049672
0.0438016
0.0387079
0.0372488
0.0457143
0.0512921
0.0512368
0.0575447
0.0253549
0.0342219
0.0425887
0.0464773
0.0328374
0.0557515
0.0591883
0.0308298
0.0400822
0.0412266
0.0490858
0.0504483
0.0504483
0.0428292
0.0552803
0.0578661
0.0380805
0.0608627
0.0446897
0.0287652
0.0455696
0.0452936
0.0441206
0.0277243
0.0512583
0.0454421
0.0386854
0.0403882
0.0277313
0.0521805
0.0514703
0.0481707
0.0481707
0.0300407
0.0433373
0.0441083
0.0504068
0.0467555
0.0513101
0.031415
0.0345
0.0442339
0.0505303
0.0533925
0.0490301
0.0506214
0.055505
0.0318194
0.0316059
0.0455965
0.049586
0.0611396
0.061536
0.0463846
0.0333789
0.0429189
0.0544681
0.0391676
0.0519968
0.0519968
0.0447796
0.0503618
0.0482725
0.0366541
0.0440265
0.0536735
0.037348
0.0387155
0.0603647
0.0295514
0.0538256
0.0595268
0.0418678
0.034674
0.0576996
0.0399444
0.0239499
0.042844
0.0314615
0.0357545
0.0311778
0.0569084
0.0518086
0.0522133
0.0353394
0.0249056
0.0497898
0.0564967
0.0597675
0.0493272
0.0497327
0.0458502
0.0412707
0.0393471
0.0533422
0.0351286
0.0553399
0.0320304
0.060725
0.0499165
0.0361403
0.0484328
0.0354746
0.0555549
0.0327475
0.0336177
0.0353982
0.0543052
0.0471384
0.0575618
0.059233
0.0630853
0.0697941
0.0489266
0.04196
0.0430748
0.059253
0.0390677
0.0440573
0.0489236
0.0361283
0.043837
0.0417095
0.0380609
0.0433333
0.0414759
0.0488175
0.0504054
0.0540412
0.0324352
0.0427662
0.0546516
0.0658077
0.040755
0.0439592
0.0445242
0.0431271
0.0476162
0.0455716
0.061371
0.0641912
0.0405607
0.0580916
0.0486748
0.038377
0.0307409
0.0419816
0.0386943
0.0584646
0.0555923
0.050642
0.0510207
0.0454742
0.0586256
0.0551665
0.0362198
0.0470958
0.0444378
0.0401028
0.047447
0.048549
0.061095
0.0378241
0.0429114
0.0495214
0.04488
0.0529016
0.0450194
0.0517962
0.0423773
0.0502089
0.0409784
0.0435341
0.0530448
0.0483041
0.0505578
0.0365016
0.0504353
0.0426349
0.0348983
0.0377012
0.0360311
0.0393321
0.0331026
0.0446699
0.0492478
0.0470118
0.0553642
0.0316852
0.0591647
0.0537988
0.0549598
0.0477499
0.0480188
0.0368881
0.0451828
0.0382875
0.0677247
0.062441
0.0560605
0.0349908
0.0510352
0.0415608
0.0379556
0.0379556
0.0490179
0.0314642
0.0388733
0.060537
0.0520963
0.0550791
0.0494801
0.0511105
0.0271129
0.0450766
0.0276777
0.0464919
0.0342978
0.0249344
0.0326875
0.0389157
0.04549
0.0382946
0.0593624
0.0459703
0.0269451
0.0446367
0.0530165
0.0641251
0.0442545
0.0561965
0.0418436
0.0525524
0.0543348
0.0377471
0.0385119
0.0584619
0.042204
0.0438126
0.0330214
0.0469145
0.0485868
0.0654814
0.0587273
0.0345862
0.0366632
0.0511311
0.0512177
0.0489842
0.0422035
0.0655409
0.0381473
0.0443543
0.0493932
0.0581638
0.0621756
0.0485926
0.0558855
0.0450353
0.0435861
0.0567564
0.0381585
0.0442972
0.041749
0.0458463
0.0469658
0.0291993
0.0291993
0.0254947
0.056999
0.0464572
0.038564
0.0427825
0.0439821
0.0440817
0.0463999
0.0372205
0.040293
0.0451019
0.0486239
0.0435947
0.0438081
0.0443788
0.0510471
0.0456693
0.0524461
0.0537373
0.0434185
0.0441948
0.0458676
0.0251385
0.0484031
0.033581
0.0561665
0.0443062
0.0470952
0.0450449
0.0338346
0.0378103
0.0563931
0.017216
0.0352888
0.0367057
0.0302859
0.0347533
0.029427
0.0241228
0.0341619
0.0488443
0.0369566
0.0511086
0.050359
0.03874
0.0189144
0.0615313
0.0456434
0.0257898
0.0366289
0.0312199
0.0416498
0.047054
0.0429157
0.0423535
0.046349
0.045533
0.045533
0.0296131
0.0447622
0.0489315
0.038501
0.0455733
0.0509791
0.0343184
0.0352775
0.0349216
0.041469
0.0523385
0.0308678
0.0396477
0.0564898
0.0488515
0.05091
0.0467449
0.0289406
0.0351839
0.042393
0.0393905
0.0384229
0.0334078
0.0465127
0.0391069
0.0253492
0.0297637
0.039876
0.053089
0.0372952
0.0325597
0.02655
0.0526006
0.0509459
0.0236619
0.0297434
0.0357419
0.0468674
0.0454278
0.0309994
0.0477524
0.0311681
0.0415194
0.0316836
0.0386253
0.033894
0.0290746
0.0476218
0.0637472
0.0290359
0.037309
0.0419412
0.0257219
0.0409527
0.0210096
0.032638
0.0509479
0.0270364
0.0305466
0.0322633
0.0465944
0.048374
0.0564376
0.0556692
0.0424445
0.0141666
0.0475568
0.04599
0.0299317
0.0622368
0.0456895
0.0456895
0.0456895
0.0496832
0.0464094
0.0335664
0.0452074
0.0507546
0.0389907
0.0448232
0.0229928
0.0257397
0.0371765
0.0318862
0.0347505
0.0445723
0.0409576
0.0369009
0.0540205
0.030392
0.0167315
0.0354423
0.0248657
0.0408523
0.0214057
0.0210494
0.0240172
0.0297762
0.0231545
0.0192838
0.0322303
0.0268424
0.0326282
0.0242255
0.0378211
0.0414281
0.0259724
0.0319935
0.0341237
0.0348218
0.0370863
0.0346804
0.050346
0.0213978
0.040391
0.0459786
0.038483
0.0107775
0.0284874
0.027994
0.019636
0.0241301
0.0295244
0.0354047
0.0183607
0.0240581
0.0296497
0.0364869
0.0245373
0.0280819
0.021045
0.0183571
0.0330549
0.0220815
0.0296482
-0.00652562
0.00337383
0.0332708
0.0271733
0.0255176
0.036465
0.0450047
0.0487227
0.044724
0.044724
0.043673
0.0178388
0.0197661
0.00738563
-0.0113057
-0.0648876
-0.0746686
-0.0417923
-0.129336
-0.135317
-0.164539
-0.174057
-0.230706
-0.454828
-0.572328
-0.56513
-0.783001
-0.941127
-1.18938
-1.37207
-1.54243
-1.73393
-1.80074
-1.84743
-1.4978
-1.31953
-1.31953
-0.873248
-0.613312
-0.604555
-0.496479
-0.574563
-0.51917
-0.601613
-0.51764
-0.559745
-0.568679
-0.561909
-0.556528
-0.563679
-0.587119
-0.590691
-0.570732
-0.588074
-0.574134
-0.548517
-0.551961
-0.593235
-0.608584
-0.591754
-0.637886
-0.646508
-0.654903
-0.646227
-0.61751
-0.602472
-0.550661
-0.560005
-0.506102
-0.430325
-0.464973
-0.448829
-0.466558
-0.436868
-0.463747
-0.453466
-0.445177
-0.4656
-0.457262
-0.443437
-0.44417
-0.432484
-0.425602
-0.436345
-0.439926
-0.448481
-0.466025
-0.440773
-0.441513
-0.434764
-0.446264
-0.450527
-0.455234
-0.43218
-0.442223
-0.452786
-0.451975
-0.454528
-0.44508
-0.431191
-0.453635
-0.431598
-0.447454
-0.458165
-0.458668
-0.454087
-0.443507
-0.436817
-0.449238
-0.4557
-0.460185
-0.430605
-0.431743
-0.488793
-0.554665
-0.639884
-0.639884
-0.960623
-0.958951
-0.981847
-1.01707
-0.97552
-0.978992
-1.00334
-0.997795
-0.969503
-0.988155
-0.989424
-0.982073
-0.978335
-0.986638
-0.979051
-0.974201
-0.987495
-0.961972
-0.9669
-0.969921
-0.986205
-0.977677
-0.979507
-0.979481
-0.972776
-0.981452
-0.976544
-0.98
-0.961602
-0.958625
-0.975163
-0.957152
-0.966413
-0.952593
-0.955426
-0.963596
-0.963882
-0.958511
-0.958084
-0.955008
-0.959015
-0.966339
-0.972392
-1.00287
-1.21095
-1.25614
-1.53876
-1.7171
-1.93453
-2.09455
-1.95394
-2.01553
-2.03272
-1.987
-2.04674
-2.00797
-2.00284
-2.01492
-1.96366
-2.01504
-1.98014
-1.96135
-1.96874
-1.99092
-1.97169
-1.98113
-1.99405
-1.97574
-1.95748
-1.96243
-1.94148
-1.93904
-1.96982
-1.95577
-1.95883
-1.971
-1.95246
-1.93927
-1.94665
-1.93706
-1.95278
-1.93469
-1.9485
-1.93479
-1.94525
-1.93837
-1.9308
-1.92987
-1.93704
-1.92602
-1.92374
-1.93001
-1.92853
-1.92467
-1.93932
-1.93837
-1.92876
-1.92179
-1.93062
-1.91381
-1.9223
-1.9242
-1.92956
-1.92114
-1.90951
-1.9283
-1.9292
-1.90973
-1.91101
-1.90608
-1.91662
-1.92807
-1.90924
-1.90702
-1.91464
-1.9297
-1.90869
-1.91872
-1.90681
-1.91728
-1.90621
-1.89786
-1.90128
-1.91216
-1.92025
-1.90805
-1.90619
-1.89858
-1.92191
-1.90727
-1.91158
-1.90724
-1.90795
-1.88539
-1.88552
-1.8975
-1.89764
-1.87703
-1.90569
-1.89733
-1.8999
-1.87665
-1.89812
-1.90544
-1.8847
-1.89483
-1.87868
-1.89677
-1.8793
-1.89409
-1.90217
-1.87355
-1.8926
-1.88698
-1.88896
-1.88053
-1.89625
-1.8903
-1.8903
-1.9087
-1.87595
-1.8748
-1.88109
-1.8898
-1.88471
-1.88922
-1.87621
-1.90136
-1.88472
-1.87537
-1.87596
-1.87697
-1.87531
-1.87375
-1.88665
-1.86335
-1.8514
-1.85587
-1.87984
-1.87956
-1.8754
-1.8876
-1.87954
-1.88107
-1.86808
-1.86871
-1.89409
-1.87598
-1.87547
-1.89691
-1.88657
-1.88857
-1.87962
-1.88223
-1.86636
-1.87649
-1.85535
-1.87795
-1.87983
-1.87093
-1.87444
-1.88258
-1.86543
-1.88754
-1.88069
-1.89136
-1.86358
-1.86048
-1.87739
-1.87337
-1.87088
-1.87
-1.89453
-1.86487
-1.89454
-1.85918
-1.87879
-1.87591
-1.8817
-1.84534
-1.84619
-1.88081
-1.87214
-1.86903
-1.85293
-1.87281
-1.86687
-1.87245
-1.86007
-1.88628
-1.88063
-1.86651
-1.86572
-1.86257
-1.86671
-1.85937
-1.85898
-1.86873
-1.85705
-1.85184
-1.8578
-1.86633
-1.8698
-1.8722
-1.86144
-1.87469
-1.85691
-1.85535
-1.86951
-1.85477
-1.8542
-1.8639
-1.86951
-1.87374
-1.86483
-1.86898
-1.8576
-1.85777
-1.84629
-1.86011
-1.86994
-1.86535
-1.86902
-1.8683
-1.8774
-1.86867
-1.86683
-1.85375
-1.84212
-1.87059
-1.84873
-1.8524
-1.85913
-1.84746
-1.85598
-1.85261
-1.84675
-1.86608
-1.8625
-1.86142
-1.86114
-1.84959
-1.85343
-1.856
-1.85208
-1.85918
-1.86745
-1.85786
-1.83913
-1.84454
-1.85567
-1.84533
-1.87216
-1.88105
-1.84552
-1.83853
-1.85093
-1.85506
-1.85626
-1.85072
-1.85394
-1.86536
-1.85337
-1.85509
-1.85743
-1.84598
-1.84545
-1.85097
-1.8525
-1.8644
-1.84914
-1.8392
-1.86521
-1.85187
-1.83369
-1.85049
-1.85181
-1.84808
-1.85409
-1.85763
-1.82809
-1.84379
-1.86178
-1.83423
-1.83498
-1.83613
-1.8467
-1.83815
-1.84762
-1.85391
-1.85215
-1.84232
-1.86846
-1.8628
-1.84491
-1.84422
-1.85244
-1.83363
-1.849
-1.85036
-1.86615
-1.84345
-1.84777
-1.8456
-1.83285
-1.84363
-1.86427
-1.85694
-1.85091
-1.84125
-1.82866
-1.84302
-1.82991
-1.85628
-1.85628
-1.84305
-1.84844
-1.83659
-1.83548
-1.84698
-1.83633
-1.852
-1.83987
-1.83225
-1.8304
-1.84278
-1.84162
-1.85493
-1.84205
-1.83936
-1.8515
-1.84901
-1.8395
-1.85193
-1.84578
-1.83264
-1.83595
-1.83794
-1.85059
-1.83445
-1.84582
-1.83805
-1.85739
-1.84016
-1.84041
-1.83063
-1.81956
-1.83772
-1.82499
-1.83735
-1.83241
-1.83165
-1.83068
-1.84464
-1.83379
-1.84442
-1.83569
-1.83441
-1.85779
-1.85618
-1.84704
-1.83038
-1.82906
-1.84106
-1.83537
-1.83746
-1.8397
-1.83044
-1.83766
-1.83467
-1.83566
-1.8339
-1.83124
-1.82116
-1.82884
-1.82572
-1.84322
-1.83418
-1.84461
-1.83499
-1.83706
-1.84355
-1.8222
-1.83473
-1.84844
-1.82035
-1.83238
-1.81687
-1.84822
-1.82829
-1.83692
-1.83557
-1.83172
-1.83436
-1.8354
-1.82078
-1.82397
-1.83543
-1.84855
-1.83145
-1.84281
-1.81975
-1.83518
-1.83508
-1.79992
-1.82364
-1.83367
-1.82254
-1.84022
-1.8235
-1.83843
-1.83045
-1.80728
-1.82306
-1.82514
-1.84113
-1.84353
-1.81979
-1.84641
-1.83706
-1.82768
-1.814
-1.83383
-1.82413
-1.84047
-1.82448
-1.83472
-1.82454
-1.82856
-1.83491
-1.82492
-1.82734
-1.82748
-1.81373
-1.81921
-1.83507
-1.82152
-1.83765
-1.84599
-1.82114
-1.84163
-1.83006
-1.82522
-1.84927
-1.83646
-1.83943
-1.81106
-1.83294
-1.84521
-1.84044
-1.82181
-1.81622
