-0.002332
-0.00144349
-0.00376229
-0.000629878
0.000120938
-0.00407444
0.00100502
-0.00287436
-0.00131417
-0.00305351
-0.00405492
0.0031956
-0.000606419
-0.00377823
-0.00333401
-0.000153548
-0.00364599
-0.00290924
-0.00115166
-0.00147678
-0.00361428
-0.00439992
-0.00479521
-0.0079936
-0.00349785
-0.000869852
-0.00407112
-0.000606419
-0.00268881
-0.00453184
-0.00666301
-0.00234705
-0.00405837
-0.00390689
-0.00106072
-0.00349785
-0.000161831
-0.00188769
-0.00651501
-0.00234705
-0.00262827
-0.00264345
-0.0039423
-0.00115166
-0.00218388
-0.00367758
-0.00334972
-0.00338105
-0.000323775
-0.00175859
-0.00334664
-0.00127072
-0.00192144
-0.00438365
-0.000364866
-0.00156201
-0.0029209
-0.00170994
0.000578909
-0.00577766
0
-0.002332
-0.00382586
-0.00234705
-0.00188769
-0.000545427
0.000169697
-0.00133911
-0.0002776
-0.000989274
-0.000750053
-0.00466101
-0.00390689
-0.00617558
-0.00277642
-0.00129972
-0.00106072
0.000547273
-0.00274189
-0.00430277
-0.0011804
-0.00451546
-0.000360554
-0.00419025
-0.00193609
-0.00377823
-0.00451546
-0.00449906
-0.000601853
-0.00364599
-0.00141865
-0.000254663
-0.00554997
-0.0011804
-0.000254663
-0.000615881
0.000547273
-0.0036618
-0.00425168
-0.00448262
0.00056047
-0.00230181
-0.00218388
-0.00239587
-0.00107926
-0.0033654
-0.0033654
-0.00346627
-0.000606419
-0.00295518
-0.00105111
-0.00327086
-0.00102284
-0.00102284
-0.00441617
-0.00407444
0.000909424
-0.00499302
-0.00334972
-0.00466699
-0.00509142
-0.004351
-0.00256723
-0.00359837
-0.00409048
-0.00307276
-0.00292458
-0.000477244
-0.00234705
-0.00385746
-0.00192144
-0.00162499
-0.00249524
-0.00333803
-0.0032328
-0.000189188
-0.0035136
-0.00282207
-0.00277642
-0.0014623
-0.00453184
-0.00107491
-0.00172926
-0.00484473
0.00043888
-0.00251033
0.00187564
-0.00118518
-0.00682885
-0.00480914
-0.00249524
-0.00449906
-0.0033025
-0.00308457
-0.00160626
-0.00248013
-0.000458211
-0.00471283
-0.00395825
-0.00323639
-0.00235132
-0.0057178
-0.00019422
-0.00143323
-0.00439992
-0.00161044
-0.00248013
-0.00320547
-0.00568111
-0.00364599
-0.00443238
-0.00215382
-0.00249524
0.00124482
0.00130133
-0.00227149
-0.00377823
-0.00295518
-0.00331827
-0.00301093
-0.00525627
-0.00499302
-0.00456745
-0.00352931
-0.00481175
-0.00376229
-0.00161541
0.000250712
0.000129233
-0.00174394
-0.00216887
-0.00569817
-0.00219887
-0.00494331
-0.00161044
-0.00234705
-0.00333401
2.74127e-05
-0.00261306
0.00143105
0.000398998
-0.00334972
-0.00410344
-0.00249524
0.00103112
-0.00246498
0.000708667
-0.00295518
-0.00321722
-0.00469645
-0.0020507
-0.0032328
0.00128847
-0.00625413
0
-0.00574919
-0.00361088
-0.00384168
-0.00174394
-0.00420295
-0.00297043
-0.0032328
-0.000388612
-0.00273049
-0.00377823
-0.000296224
-0.003791
-0.00346627
-0.000754638
-0.00321722
-0.00257848
-0.00236207
-0.00147678
-0.00120902
-0.00287846
-0.00679317
-0.00507472
-0.00248013
0.00232596
-0.00554997
-0.00323639
-0.00338105
-0.00463063
-0.00444966
-0.0052536
0.00135312
-0.0035136
-0.00509142
-0.002332
-0.00144778
-0.00243459
-0.000337503
0.00128283
-0.00393914
-0.00280688
-0.00315458
-0.00145814
-0.00173961
-0.00159585
-0.00479521
-0.00132859
0.000161719
-0.00627163
-0.000337503
-0.0026586
-0.00636701
0.000250712
-0.0026586
-0.00438365
-0.000472037
-0.000606419
-0.00113725
-0.00231692
-0.00246498
-0.00289386
-0.00346627
-0.00289386
0.000883075
0.00176515
1.36907e-05
-0.00441617
-0.00262827
-0.00279167
-0.00392633
-0.0024545
-0.00482826
-0.00217339
-0.000444354
-0.00119937
-0.00249524
-0.00220312
-0.00220312
-0.000592496
-0.00146725
-0.00483153
-0.00273049
-0.00456449
-0.00162499
-0.00439992
-0.00484473
-0.00338466
-0.00277642
-0.00277642
-0.00349785
-0.00747538
-0.00463063
-0.00280688
-0.00261306
-0.00322095
-0.00292458
-0.00425474
-0.00220312
0.00157926
-0.00127072
-0.00172479
-0.00263271
-0.00614285
-0.00348208
-0.00307276
-0.00464713
0.000600247
-0.00189204
-0.00364599
-0.00105111
-0.00282207
-0.00405837
-0.00249524
-0.006568
-0.00392633
-0.00249524
-0.0028899
0.000115807
-0.00280688
-0.000846463
-0.00479521
-0.000869852
0.00056769
-0.000888815
-0.00302643
-0.00379414
-0.000578541
-0.00103699
-0.00407444
-0.00410649
-0.00364599
-0.00334972
0.000161719
-0.00533385
-0.0035136
1.36907e-05
-0.0065327
-0.00551593
-0.00436734
-0.00379414
-0.00391032
-0.0046636
-0.00221382
-0.0028899
-0.00176915
-0.00333401
-0.00180235
-0.00318597
-0.00163951
-0.00163951
-0.00540178
-0.00530403
-0.00334972
-0.00623901
-0.00464713
-0.00382586
0.00101805
-0.00139934
0.000520974
-0.000869852
-0.00407112
-0.0015102
-0.0046636
-0.00118518
-0.00218388
-0.00484473
-0.00280688
-0.00273049
-0.0033536
-0.0039423
-0.00201049
-0.00161044
-0.00115166
-0.00246498
-0.00134298
-0.00320547
0.000465624
-0.00318597
-0.00409048
-0.00292458
-0.00507472
-0.00251033
0.00056047
-0.00090287
0.000419528
-0.00264345
-0.00251448
-0.00451546
-0.0063084
-0.00318996
-0.00249953
-0.0039423
-0.00689984
-0.0046636
-0.00714298
-0.00638708
-0.00204015
-0.00137605
-0.00177321
-0.00205493
-0.00381382
-0.00597741
-0.00482826
-0.00379414
-0.0067912
-0.00277642
0
-0.00582925
-0.00150566
0.000735022
-0.00551593
-0.00174394
0.000586957
-0.00277275
-0.00423866
-5.93267e-05
-0.0036618
-0.00119473
-0.00234705
0
-0.00156659
0.00140581
0.000129233
-0.00263271
-0.00554997
-0.00159585
-0.00472917
-0.00382586
-0.000161831
-0.00186793
-0.000989274
-0.00178779
-0.00349785
-0.00512472
-0.000167137
-0.00223272
-0.00755128
-0.00427078
-0.00456745
-0.00505799
-0.0036618
-0.0039423
-0.00347044
-0.0036618
-0.0026586
-0.00428679
-0.00556951
-0.00366558
-0.00318996
-0.00277642
-0.00219887
-0.00584639
-0.00290924
-0.00438686
-0.00160096
-0.00160096
-0.0033536
-0.00347044
-0.00192144
-0.00438365
-0.00522277
-0.00522277
-0.00326719
-0.00290924
-0.00382586
-0.00199562
-0.00192144
-0.00168288
-0.000698495
-0.00259781
-0.00251448
-0.00251448
-0.00449906
-0.00133338
-0.00246498
-0.000268548
-0.00438686
-0.00540447
-0.00512472
-0.00745738
-0.00410649
-0.00307276
-0.00338906
-0.00205493
-0.00162982
-0.00330679
-0.0063084
-0.0036618
-0.00415432
-0.00420642
-0.00392633
-0.00377823
-0.00377823
-0.00249953
-0.00479876
-0.00535088
-0.00147678
-0.00192144
-0.00235132
-0.00204015
-0.00354848
-0.00610829
-0.00290924
-0.00538767
-0.00144778
-0.00423866
-0.0033025
-0.00305735
-0.00305735
-0.00276114
-0.00427078
-0.0067515
-0.00617729
-0.00525627
-0.00251033
-0.00251033
-0.00554997
-0.00482826
-0.00259781
-0.0035136
-0.00145287
-0.00422256
-0.00391032
-0.00278088
-0.00834559
-0.00537084
-0.00133338
-0.00653515
-0.00642197
-0.00507472
-0.00727317
-0.00191736
-0.00152446
-0.00423866
-0.00248455
-0.00273049
-0.00204015
-0.00174394
-0.0037823
-0.00538767
-0.00262827
-0.00149592
-0.00205493
-0.00450257
-0.00655268
-0.00655268
-0.00238105
-0.00453507
-0.00338466
-0.00610829
-0.00596018
-0.00350175
0.000425555
-0.00374632
-0.00391032
-0.00238105
-0.00540447
-0.0037348
-0.00187729
-0.00377823
-0.000698495
-0.00202534
-0.00658764
-0.00290924
-0.00468329
-0.00133338
-0.00409048
-0.00218827
-0.00332243
-0.00289386
-0.00273049
-0.00277642
-0.00217339
-0.00102284
-0.00609096
-0.00609096
-0.00553297
-0.00393042
-0.000989274
-0.00419025
-0.00359493
-0.000328963
-0.000328963
-0.00186251
-0.00336915
-0.00566401
-0.00392633
-0.00466699
-0.000504528
-0.00374632
-0.00504122
-0.00223272
-0.00433825
-0.00190675
-0.00261306
-0.00374632
-0.0024498
-0.00119937
-0.00320161
-0.00364599
-0.00322095
-0.00238878
0.000761502
0.000492494
-0.00229148
-0.00489331
-0.000522411
0.000761502
0.00134679
0.000962497
-0.000246753
0.000876969
-0.00260253
-0.000690445
0.000156178
0.000929246
-0.000846463
0.000244939
0.000465624
-0.000388612
0.00404336
-0.00100866
-0.00183286
0.00191879
0.000304213
-0.00187729
0.00252263
0.000889991
6.26608e-05
0.000889991
-0.00115672
-0.00127606
0.000851018
-0.00114244
0.000728897
-0.00258254
0.00071584
0.00215349
0.000903045
0.000452236
0.000883075
0.000183248
0.000169697
0.000863978
0.00221464
0.00119889
0.000863978
0.000452236
0.00247405
-0.0018477
0.00132111
-0.0018477
0.00179044
0.000592304
0.00223397
-0.000282401
-0.000578541
-0.00100866
0.0035263
-0.00282754
0.000317667
-0.000860612
-0.00318597
-0.00317442
-0.000812649
-0.00109381
-0.000444354
0.000586957
-0.00130479
-0.00031534
0.000465624
0.00103799
-0.00217339
-0.00159585
-0.000296224
-0.00201049
-0.000268548
-0.000818072
0.00146914
-0.000120562
0.0027702
-0.00162499
0.00130832
0.00363988
-0.000726629
-0.00112812
-5.42333e-06
-0.00229148
0.00348036
0.00219009
-0.000960478
0.00141842
0.00056047
-0.00155191
-0.00495991
0.000344668
0.00151299
0.00367418
-0.00273536
-0.000550539
0.0014819
-0.000846463
-0.000416546
0.000929246
0.00369721
-0.00318597
-0.000570328
-0.00137472
-0.00118518
0.000169697
-0.00259781
-0.00307276
-0.0046636
-0.00509142
-0.00107926
-0.00330679
-0.000240746
-0.000606419
0.00351477
-0.00185789
0.00220235
4.89813e-05
-4.0884e-05
-0.00187729
0.00247405
-0.00171455
-0.000402595
-0.000226798
-0.000832283
-0.00153721
0.000721829
-0.000167137
-0.00202534
-0.00143846
-0.000698495
-0.00189204
0.000317667
2.17163e-05
0.00178337
-0.00345043
-0.00315885
-0.00420642
0.000876969
0.000465624
-0.00423866
-0.000656058
-0.000232942
0.00107704
0.00179593
0.0102716
0.00503057
0.00504133
0.0082069
0.00839834
0.0119722
0.00748882
0.00721248
0.008077
0.00964324
0.00516745
0.0101212
0.00619052
0.00618049
0.00720304
0.00819816
0.0067991
0.010129
0.00375781
0.0064658
0.00876911
0.00764559
0.00620058
0.0100786
0.00593637
0.00878873
0.00996594
0.010098
0.00722296
0.0103739
0.00981846
0.00673169
0.00998957
0.0104189
0.00865822
0.00575774
0.0113949
0.00704604
0.0109788
0.00808803
0.00693777
0.00776577
0.0106929
0.00696715
0.0114086
0.00777484
0.00484883
0.00613981
0.00146914
0.00162984
0.000465624
-0.00144778
0.000986348
0.00129556
0.00526046
0.00346896
-0.00249524
0.00175841
0.000107408
0.00316099
-0.00573222
0.0034918
0.00393601
0.000600247
-0.00171455
-0.00468004
0.0031725
-0.00156659
-0.00220312
-0.00215382
0.00068982
-0.00382586
0.00130832
0.00103112
0.000412261
-0.00410649
-0.00264776
-0.00206968
-0.000436082
-0.00281107
0.00099921
-0.00357107
-0.00135733
-0.00131417
-0.00131417
0.000148094
-0.000754638
-0.000301685
0.00246198
0.00263416
0.000412261
0.000412261
0.00156669
-0.00178779
0.00172746
-0.000120562
0.00286435
-0.00146725
0.00014269
-0.000980197
0.000573698
0.000573698
-0.000328963
-0.00031534
-0.00074065
-0.00349785
-0.0014623
-0.000726629
-0.00340014
0.00161715
-9.888e-05
0.00129556
-0.00159154
0.000304213
-0.00277642
0.00117308
-0.00103699
0.00120523
-0.0036618
-0.00134298
0.00330929
-0.00150566
-0.00302232
0.00156669
-0.00330679
0.00156669
-0.00192144
0.000600247
-0.0033536
-4.0884e-05
-0.000606419
0.00150099
0.00150099
-0.000564556
-0.00623901
-0.0020507
-0.00348208
-0.00172926
0.000960717
-0.0020507
-0.00421923
-0.00204015
0.000986348
-0.000287999
-0.00172926
0.00056047
-0.000592496
-0.00201049
0.00100502
-0.00163951
0.000986348
0.00117308
-0.00336915
-0.00204015
-1.89462e-05
-1.89462e-05
-0.00147678
0.00275122
-0.00175859
-0.00174394
-0.00105111
0.000708667
0.000304213
-0.000296224
0.000290791
0.00068982
-0.000444354
-0.00101795
-0.0014623
-0.00295518
-0.00346627
-0.00261764
0.000425555
0.00161715
-0.000296224
-0.0029399
-0.0029399
0.0010121
-0.000458211
0.00188161
-0.00246498
-0.00405837
0.00131423
-0.00464713
-0.000106742
-0.000592496
-0.00143323
0.000129233
0.00214135
-0.00134298
0.00134679
0.0014819
-3.24377e-05
0.00580511
0.00451209
0.00565695
0.00627874
0.00425753
0.00425753
0.00627874
0.0069899
0.0074148
0.00932796
0.0116258
0.00743386
0.00818232
0.00598185
0.00987113
0.0090591
0.0107812
0.0113547
0.00931221
0.00757284
0.0071379
0.00797265
0.00784158
0.00493518
0.0071379
0.00651758
0.00786763
0.00801558
0.010034
0.0114767
0.00785023
0.0103301
0.00597297
0.00597297
0.00847635
0.00841547
0.00817213
0.00901608
0.00477653
0.00710136
0.00872803
0.00916415
0.0106404
0.0103301
0.00885199
0.00797265
0.00885998
0.00626896
0.00628854
0.00870376
0.00870376
0.00349539
0.00724062
0.00680482
0.00917208
0.00773873
0.0033322
0.00682329
0.0113613
0.00872803
0.0103015
0.00551745
0.00711045
0.00261493
0.0074158
0.00960059
0.0140922
0.0194929
0.0159812
0.0169938
0.0185999
0.0251756
0.0229824
0.0253049
0.0282505
0.0333487
0.0337627
0.0327348
0.0318688
0.0312925
0.0317268
0.0331862
0.0309904
0.0342074
0.0331862
0.0367065
0.0343556
0.0361195
0.0364162
0.0398853
0.0396002
0.0391558
0.0388489
0.0412102
0.0404962
0.0435641
0.0416915
0.0463812
0.0453425
0.0435921
0.0428379
0.0457435
0.047718
0.0428508
0.0457582
0.0456541
0.0470933
0.0443044
0.0449548
0.0430383
0.0436045
0.043618
0.0452519
0.0426744
0.0458026
0.0592943
0.0704427
0.0911172
0.107987
0.132825
0.139467
0.132724
0.133736
0.143235
0.177951
0.198413
0.201267
0.187111
0.176961
0.175107
0.184401
0.188059
0.185219
0.185828
0.179084
0.179141
0.18519
0.181647
0.184558
0.182894
0.184184
0.185788
0.184184
0.181617
0.184765
0.183685
0.18519
0.185579
0.181526
0.188441
0.1843
0.18726
0.190735
0.185348
0.190158
0.18897
0.191345
0.184734
0.184858
0.196032
0.191724
0.193763
0.188419
0.190927
0.228805
0.277137
0.350972
0.422763
0.484149
0.191923
0.0611849
0.116923
0.200964
0.19826
0.149595
0.0710756
0.0714751
0.0879241
0.125231
0.124596
0.103757
0.0795974
0.0919094
0.084855
0.0962674
0.0927646
0.0859103
0.0683582
0.0633882
0.0650385
0.0789891
0.0881059
0.0961521
0.0934259
0.0934259
0.0803066
0.0856
0.0803066
0.0826404
0.0798213
0.0928503
0.0924674
0.094008
0.0988701
0.102076
0.0979826
0.0955791
0.0955791
0.10636
0.103999
0.11111
0.114106
0.113019
0.106364
0.113388
0.105526
0.111524
0.119645
0.121337
0.108494
0.108798
0.116077
0.142879
0.164892
0.17454
0.186781
0.199007
0.189343
0.191418
0.222917
0.253644
0.257835
0.260286
0.265625
0.28614
0.294472
0.304785
0.30692
0.321298
0.342138
0.378719
0.430527
0.46489
0.487369
0.510997
0.55756
0.617313
0.665515
0.708738
0.713045
0.703408
0.703834
0.691183
0.713431
0.719098
0.706492
0.707023
0.70569
0.704888
0.733623
0.740801
0.746215
0.751583
0.754006
0.758428
0.749135
0.769613
0.769613
0.843754
0.859218
0.901622
0.951714
0.987602
1.00825
1.03255
1.04781
1.05557
1.03908
1.00521
1.00704
1.01117
0.993673
0.979155
0.968216
0.968216
0.962179
0.960108
0.95665
0.94957
0.936371
0.929001
0.922411
0.930268
0.922543
0.91947
0.916563
0.909854
0.907992
0.895895
0.893455
0.897362
0.899765
0.89308
0.888101
0.874302
0.877
0.880666
0.884053
0.876859
0.868287
0.860089
0.8589
0.858273
0.859091
0.855722
0.84871
0.845791
0.871544
0.919102
0.993645
1.01896
1.11412
1.25251
1.16286
1.27155
1.29206
1.23794
1.22165
1.26776
1.25648
1.20239
1.21114
1.21937
1.21698
1.1985
1.188
1.18763
1.18798
1.1978
1.19086
1.17953
1.17067
1.1651
1.16694
1.16941
1.15525
1.13966
1.13822
1.13931
1.14134
1.12903
1.10404
1.11449
1.13357
1.12111
1.11605
1.11794
1.122
1.1091
1.09651
1.10183
1.10157
1.10686
1.10686
1.1174
1.07099
1.09421
1.10788
1.10795
1.20803
1.30066
1.34777
1.3249
1.29252
1.30445
1.2872
1.22855
1.21491
1.22506
1.21631
1.18426
1.16108
1.15827
1.16426
1.16062
1.16231
1.17433
1.16615
1.15416
1.15376
1.15319
1.1647
1.17018
1.1511
1.14105
1.14266
1.15602
1.14667
1.13649
1.1371
1.12073
1.12479
1.1264
1.1296
1.12214
1.11686
1.1269
1.12667
1.12263
1.11069
1.10698
1.1162
1.12195
1.11644
1.10505
1.0915
1.08526
1.10002
1.11505
1.10431
1.09306
1.0909
1.10226
1.10015
1.09957
1.10022
1.08869
1.08869
1.08834
1.08526
1.08526
1.08018
1.08145
1.08342
1.08342
1.07281
1.07914
1.07914
1.083
1.06716
1.06343
1.06889
1.06573
1.06342
1.06369
1.05776
1.05943
1.05901
1.06381
1.06077
1.06156
1.0591
1.06078
1.05936
1.05909
1.05697
1.05257
1.045
1.04922
1.05227
1.05983
1.05263
1.04121
1.03738
1.0424
1.04582
1.03929
1.03414
1.0341
1.04138
1.04144
1.03801
1.03515
1.03441
1.03441
1.02927
1.02574
1.02479
1.03094
1.02917
1.02421
1.02746
1.02561
1.02015
1.02429
1.03091
1.0313
1.02719
1.0247
1.02304
1.01705
1.01473
1.0135
1.0131
1.01203
1.01162
1.00841
1.00211
1.00898
1.00619
1.00619
1.01306
1.01233
1.00522
0.994288
0.994988
1.00352
1.01063
1.00879
0.986451
0.995001
1.01175
0.993638
0.984374
1.00269
1.00072
0.996172
1.00292
0.99504
0.990093
0.993957
0.998819
0.989265
0.98909
0.98918
0.987958
0.975587
0.97327
0.978326
0.982666
0.98221
0.982602
0.977495
0.982602
0.982341
0.980198
0.98055
0.98221
0.980955
0.977031
0.982182
0.9729
0.978185
0.980316
0.974486
0.973594
0.971621
0.975863
0.977747
0.978045
0.975985
0.96926
0.973406
0.965525
0.964589
0.95738
0.958944
0.970472
0.966103
0.961106
0.952533
0.963837
0.966291
0.970864
0.970593
0.966145
0.960587
0.952508
0.956541
0.962886
0.962432
0.960715
0.958866
0.956048
0.944004
0.951283
0.961454
0.95957
0.952087
0.947743
0.95271
0.958761
0.952579
0.945762
0.946975
0.948586
0.94872
0.944171
0.94056
0.942981
0.95125
0.944058
0.943918
0.943386
0.949134
0.94683
0.938842
0.934985
0.93899
0.940447
0.941114
0.933526
0.935235
0.93939
0.942499
0.936202
0.941817
0.944092
0.942602
0.932733
0.928731
0.935005
0.936207
0.932338
0.927274
0.927271
0.931273
0.92847
0.92289
0.930077
0.932499
0.93236
0.931161
0.925294
0.920377
0.923699
0.925973
0.927021
0.92383
0.928908
0.921572
0.921851
0.927023
0.922507
0.927959
0.927843
0.925181
0.916783
0.921559
0.919586
0.91931
0.913736
0.914816
0.906876
0.918243
0.918506
0.916354
0.913547
0.915062
0.93291
0.914009
0.917209
0.930171
0.903306
0.904348
0.935118
0.913547
0.913547
0.897502
0.916829
0.881652
0.927087
0.927087
0.894239
0.89111
0.906919
0.91175
0.907184
0.909531
0.909531
0.891777
0.905295
0.918535
0.901708
0.895401
0.896381
0.896381
0.907089
0.90938
0.894336
0.893768
0.895319
0.900136
0.896357
0.896477
0.896273
0.896752
0.894482
0.893496
0.889431
0.895808
0.902841
0.897872
0.895164
0.892383
0.891634
0.893325
0.895451
0.895939
0.883625
0.883504
0.893594
0.890122
0.889223
0.893339
0.90337
0.903693
0.892277
0.878566
0.880956
0.889014
0.889796
0.878838
0.875672
0.881008
0.886164
0.880101
0.878198
0.883585
0.890806
0.888331
0.884247
0.882049
0.881381
0.880593
0.880856
0.880561
0.885428
0.88221
0.877464
0.876776
0.877878
0.878175
0.876027
0.881705
0.874154
0.878819
0.874412
0.875321
0.875895
0.875895
0.873543
0.878085
0.882946
0.870353
0.865715
0.872149
0.88387
0.874236
0.866054
0.864786
0.8631
0.871356
0.876405
0.868368
0.867572
0.865388
0.865388
0.878827
0.873874
0.872438
0.871525
0.868838
0.864073
0.861572
0.857783
0.863904
0.867617
0.871026
0.869108
0.86957
0.864629
0.86487
0.872392
0.867743
0.859056
0.854002
0.858792
0.861064
0.861238
0.865808
0.871994
0.866563
0.858535
0.855881
0.860002
0.86096
0.864299
0.862949
0.850926
0.845623
0.848403
0.859927
0.859304
0.86221
0.873003
0.860512
0.853492
0.856834
0.859522
0.853634
0.850719
0.84635
0.846524
0.85904
0.85483
0.845417
0.848065
0.860056
0.855183
0.848114
0.852711
0.853233
0.850809
0.849217
0.856193
0.853771
0.845414
0.848114
0.857316
0.850541
0.84269
0.84238
0.850371
0.852625
0.847103
0.845116
0.835129
0.835366
0.842415
0.841861
0.843594
0.8448
0.856569
0.85705
0.848208
0.845168
0.848254
0.846311
0.840145
0.834945
0.839929
0.84723
0.845107
0.837617
0.829968
0.838311
0.837912
0.841852
0.841805
0.842043
0.846036
0.840532
0.839653
0.836242
0.832617
0.834046
0.842371
0.84088
0.829232
0.840065
0.840414
0.833886
0.83267
0.841523
0.838729
0.835635
0.830728
0.829649
0.829683
0.832353
0.842057
0.839537
0.834308
0.825246
0.832646
0.836699
0.826586
0.827359
0.833968
0.834841
0.82806
0.831392
0.835955
0.833943
0.828042
0.834738
0.833836
0.831559
0.824189
0.826643
0.82681
0.8297
0.8297
0.825173
0.827796
0.826963
0.824412
0.827621
0.826379
0.828891
0.826737
0.816733
0.820328
0.819596
0.820195
0.829952
0.83082
0.835878
0.828835
0.821224
0.823942
0.824056
0.827489
0.823221
0.815219
0.817595
0.81747
0.818006
0.818202
0.822103
0.824111
0.821511
0.82198
0.825603
0.815549
0.813631
0.81694
0.820766
0.818458
0.816538
0.814956
0.813368
0.821378
0.81926
0.818264
0.819057
0.824485
0.820105
0.809337
0.814629
0.811847
0.810986
0.813569
0.814819
0.818518
0.823689
0.811714
0.811714
0.816665
0.821763
0.814293
0.808939
0.810921
0.809599
0.807608
0.812308
0.815089
0.813898
0.810656
0.810061
0.80617
0.808667
0.810524
0.810916
0.810128
0.804452
0.813566
0.810656
0.806818
0.806099
0.81072
0.809005
0.816003
0.809724
0.797844
0.801002
0.805699
0.806619
0.802144
0.804912
0.809919
0.807876
0.805018
0.806358
0.810588
0.806163
0.808075
0.805627
0.798489
0.797012
0.806221
0.806685
0.808801
0.803176
0.79711
0.800382
0.804822
0.797517
0.799675
0.805102
0.800819
0.798186
0.803182
0.798219
0.798541
0.799549
0.797639
0.801038
0.799491
0.795235
0.789764
0.797672
0.804795
0.79482
0.802458
0.803374
0.797085
0.790311
0.798371
0.799732
0.792801
0.793948
0.795573
0.792181
0.79967
0.7992
0.797379
0.799241
0.795988
0.793798
0.795988
0.795368
0.791426
0.792482
0.793306
0.788282
0.793682
0.796309
0.792402
0.797555
0.796456
0.790288
0.790046
0.797539
0.789256
0.786329
0.784113
0.794171
0.795628
0.797023
0.793399
0.785665
0.787701
0.794624
0.792928
0.791241
0.791849
0.788643
0.783867
0.784609
0.788283
0.786476
0.790947
0.791443
0.791147
0.790474
0.786953
0.789093
0.785111
0.789891
0.785825
0.786273
0.785847
0.789151
0.785731
0.787961
0.786638
0.782644
0.783335
0.786323
0.78231
0.782023
0.787056
0.789567
0.785658
0.786021
0.788059
0.788087
0.78663
0.782911
0.775899
0.784619
0.78766
0.779145
0.779952
0.783756
0.782191
0.781401
0.785965
0.787708
0.784619
0.780378
0.778968
0.771977
0.775101
0.78149
0.783527
0.78486
0.775976
0.774753
0.775758
0.776946
0.779989
0.779456
0.778559
0.774784
0.779989
0.779036
0.78149
0.779064
0.773771
0.77707
0.780282
0.774427
0.774395
0.770596
0.777474
0.783507
0.77926
0.773459
0.771484
0.774386
0.777061
0.768354
0.768354
0.771435
0.771621
0.768059
0.768583
0.776366
0.779838
0.775643
0.776325
0.77455
0.779616
0.771877
0.765819
0.759095
0.775115
0.764672
0.76127
0.785744
0.777963
0.753691
0.76998
0.76998
0.769397
0.772665
0.771989
0.763011
0.761718
0.770723
0.765492
0.76725
0.768171
0.771504
0.769713
0.768959
0.768487
0.75964
0.765808
0.761547
0.761696
0.762495
0.765528
0.769713
0.764524
0.763348
0.760441
0.765928
0.764959
0.766148
0.761816
0.778371
0.779549
0.755808
0.764641
0.770668
0.756074
0.760141
0.766824
0.761639
0.74796
0.758036
0.784527
0.761884
0.753909
0.762588
0.772898
0.767347
0.767409
0.763156
0.754833
0.759271
0.759748
0.754343
0.750799
0.760773
0.767068
0.764274
0.761783
0.753458
0.757681
0.76205
0.771056
0.76249
0.76249
0.752828
0.759051
0.759585
0.75853
0.752828
0.750425
0.761249
0.760015
0.751613
0.748627
0.753482
0.764645
0.754922
0.753707
0.756287
0.757075
0.753191
0.751867
0.752041
0.75688
0.764379
0.767709
0.749641
0.747209
0.762798
0.751309
0.732051
0.753869
0.761572
0.746495
0.759038
0.759103
0.746311
0.753818
0.750345
0.748961
0.762122
0.747948
0.741517
0.754939
0.762136
0.75568
0.745994
0.746671
0.752322
0.755211
0.750372
0.74952
0.74952
0.750438
0.752924
0.752864
0.751361
0.756014
0.755236
0.750307
0.756078
0.746785
0.747634
0.741341
0.746371
0.751853
0.75837
0.750734
0.74964
0.746682
0.747013
0.746988
0.746282
0.745924
0.743549
0.743779
0.746274
0.747982
0.750707
0.751705
0.743793
0.745827
0.749518
0.743316
0.737857
0.73851
0.746565
0.748288
0.74968
0.747042
0.751414
0.749385
0.724748
0.743917
0.750849
0.74125
0.741571
0.747359
0.741978
0.734532
0.734532
0.744735
0.740947
0.743438
0.741235
0.739163
0.741156
0.746533
0.741978
0.735551
0.735551
0.741409
0.741496
0.741984
0.748454
0.739701
0.740814
0.740814
0.749264
0.740355
0.740814
0.733397
0.738861
0.738005
0.73894
0.735747
0.734365
0.741389
0.74809
0.744162
0.744899
0.747384
0.73919
0.73769
0.737022
0.739399
0.738748
0.746015
0.72464
0.738379
0.752263
0.733408
0.722939
0.734682
0.736988
0.732457
0.737978
0.733163
0.741121
0.742062
0.734581
0.736621
0.7398
0.740526
0.736538
0.736051
0.731537
0.733878
0.74473
0.726648
0.737976
0.74603
0.736554
0.729078
0.738328
0.740263
0.727312
0.726753
0.73632
0.738036
0.721728
0.745588
0.741125
0.720348
0.73189
0.753599
0.726147
0.71778
0.735702
0.72783
0.729588
0.741376
0.736354
0.724332
0.734059
0.740129
0.728808
0.730333
0.734315
0.728643
0.735451
0.733276
0.735616
0.729071
0.728362
0.729651
0.73428
0.726852
0.72684
0.734264
0.738613
0.740299
0.71931
0.728214
0.742067
0.72873
0.722605
0.728732
0.730109
0.72773
0.734798
0.728732
0.72149
0.734412
0.744597
0.7278
0.718227
0.731382
0.731503
0.720821
0.731142
0.736133
0.723842
0.729011
0.729191
0.717661
0.725928
0.731516
0.733536
0.725976
0.725172
0.723478
0.721292
0.72239
0.720446
0.724616
0.726876
0.725125
0.728638
0.726608
0.719736
0.728726
0.730875
0.724654
0.71791
0.727338
0.727338
0.726801
0.723774
0.725277
0.725783
0.727021
0.727021
0.725737
0.717783
0.718324
0.716632
0.716221
0.725555
0.720901
0.720167
0.721863
0.726961
0.725094
0.725248
0.726773
0.721021
0.713016
0.720133
0.72478
0.722264
0.727463
0.723842
0.72304
0.721843
0.718752
0.724415
0.729669
0.721567
0.726701
0.719388
0.720925
0.720478
0.722797
0.714719
0.714873
0.721826
0.717623
0.717416
0.7254
0.727274
0.702797
0.713582
0.718846
0.715594
0.7188
0.721567
0.711141
0.721059
0.721567
0.715789
0.717322
0.712131
0.712175
0.717831
0.724062
0.723717
0.714366
0.719269
0.727661
0.709106
0.715551
0.723517
0.718067
0.713203
0.720697
0.723886
0.71868
0.72368
0.715115
0.703192
0.711409
0.719558
0.718752
0.717425
0.712832
0.715397
0.722192
0.720448
0.713551
0.710384
0.720636
0.727444
0.719986
0.714885
0.710719
0.716344
0.721001
0.723625
0.713263
0.705824
0.698467
0.704266
0.721001
0.723087
0.715475
0.720133
0.714217
0.707388
0.717779
0.714354
0.7075
0.708974
0.7133
0.713705
0.710678
0.714995
0.707347
0.708419
0.706585
0.713727
0.719622
0.71473
0.709236
0.71527
0.708419
0.706718
0.703662
0.700165
0.690221
0.696757
0.696757
0.703436
0.707026
0.712248
0.714709
0.717216
0.70815
0.715944
0.71179
0.709491
0.707009
0.711327
0.704652
0.714891
0.714709
0.70359
0.707251
0.711415
0.715404
0.710274
0.710274
0.702145
0.705701
0.706447
0.706447
0.711349
0.711193
0.711193
0.707768
0.70553
0.708418
0.706467
0.705806
0.709045
0.709045
0.706195
0.706064
0.704362
0.709088
0.711978
0.707882
0.706296
0.710388
0.70763
0.706044
0.707114
0.705264
0.707632
0.710026
0.706429
0.70118
0.707649
0.709909
0.706313
0.70631
0.707915
0.711306
0.703574
0.707264
0.703963
0.706845
0.70511
0.704075
0.702629
0.705389
0.707646
0.706047
0.706044
0.706044
0.706991
0.703542
0.70236
0.701054
0.696456
0.703305
0.70287
0.694358
0.693567
0.693567
0.711844
0.707746
0.693035
0.692656
0.701334
0.7033
0.702217
0.709602
0.707878
0.703407
0.712629
0.712821
0.702874
0.690019
0.702884
0.706457
0.706982
0.701037
0.693552
0.700917
0.704301
0.705654
0.697361
0.691058
0.697787
0.703264
0.708529
0.69371
0.688578
0.714916
0.72296
0.706295
0.694992
0.712337
0.697466
0.700147
0.702896
0.694986
0.69711
0.698777
0.704062
0.69277
0.702136
0.695925
0.694747
0.702091
0.696304
0.691572
0.705527
0.713302
0.704301
0.692259
0.698153
0.701019
0.701832
0.697235
0.688148
0.69854
0.704309
0.697173
0.704827
0.696423
0.689652
0.703143
0.706142
0.696826
0.695112
0.699552
0.69617
0.699046
0.698138
0.690528
0.69119
0.696423
0.700251
0.702597
0.698802
0.701826
0.697592
0.698913
0.695645
0.692106
0.697489
0.696832
0.699331
0.69587
0.690262
0.691975
0.697592
0.698926
0.693804
0.693162
0.687106
0.694977
0.703517
0.69999
0.701294
0.699824
0.698518
0.695775
0.69658
0.683402
0.701147
0.69979
0.68295
0.689734
0.715099
0.701255
0.68274
0.69838
0.690521
0.684754
0.699425
0.700465
0.684884
0.680832
0.711882
0.686466
0.683597
0.706371
0.689592
0.669229
0.669229
0.705574
0.687319
0.683035
0.694415
0.692207
0.704167
0.699913
0.688785
0.686174
0.690996
0.693506
0.68268
0.687531
0.69063
0.683951
0.679169
0.683935
0.685879
0.69272
0.694021
0.694555
0.684494
0.684447
0.702856
0.702562
0.702419
0.685084
0.680246
0.687834
0.694302
0.685648
0.670963
0.687865
0.682774
0.682774
0.683891
0.687585
0.687585
0.683672
0.687882
0.688395
0.692164
0.690496
0.682325
0.691009
0.696395
0.686279
0.685782
0.688504
0.685096
0.685626
0.685331
0.682481
0.677215
0.681557
0.688381
0.689444
0.68616
0.691533
0.691533
0.684716
0.681161
0.698081
0.683128
0.681708
0.681708
0.695352
0.67645
0.676815
0.685323
0.687989
0.673413
0.674996
0.690252
0.68454
0.70736
0.70736
0.66338
0.703829
0.686518
0.668863
0.68013
0.68013
0.684085
0.68174
0.698675
0.662333
0.656144
0.692807
0.682387
0.669323
0.681736
0.676019
0.68143
0.687906
0.688086
0.66509
0.667273
0.697011
0.684709
0.680253
0.686834
0.681158
0.680361
0.680779
0.683184
0.672271
0.683532
0.684803
0.669992
0.679502
0.673874
0.673547
0.672691
0.672691
0.678677
0.673678
0.68232
0.684118
0.676154
0.67652
0.680103
0.683253
0.679001
0.682572
0.673655
0.675976
0.679519
0.683478
0.680712
0.673343
0.681763
0.678482
0.68179
0.68455
0.678661
0.671019
0.674682
0.682957
0.677701
0.671797
0.666115
0.680287
0.683738
0.675239
0.671665
0.679681
0.680058
0.674985
0.677708
0.678123
0.673
0.67327
0.678476
0.675863
0.67641
0.675728
0.678361
0.679681
0.667539
0.669647
0.670751
0.677275
0.674319
0.67585
0.681521
0.681763
0.676875
0.675906
0.672086
0.667975
0.674004
0.682284
0.671168
0.671282
0.677819
0.674695
0.672446
0.67665
0.672977
0.672311
0.677544
0.674655
0.669318
0.669318
0.679277
0.673
0.674678
0.66292
0.663611
0.670768
0.680005
0.674008
0.668023
0.674766
0.680161
0.682419
0.672462
0.672553
0.673023
0.654166
0.662993
0.681179
0.670523
0.66256
0.672801
0.678445
0.682514
0.671396
0.664638
0.668533
0.669691
0.669854
0.66784
0.671932
0.673223
0.670542
0.671928
0.669719
0.663206
0.663746
0.679776
0.675054
0.664881
0.65907
0.665711
0.673988
0.678476
0.67823
0.672562
0.663881
0.667678
0.668484
0.665122
0.659882
0.669938
0.674905
0.671009
0.672216
0.664583
0.668269
0.669806
0.672731
0.672573
0.671364
0.672304
0.671747
0.670449
0.661138
0.665577
0.677688
0.680165
0.666305
0.661169
0.659038
0.663311
0.667138
0.67552
0.669152
0.670719
0.669749
0.672562
0.667238
0.665066
0.66649
0.664582
0.666377
0.660365
0.677736
0.666328
0.667048
0.679711
0.679711
0.665335
0.67071
0.666115
0.661439
0.673166
0.661409
0.659582
0.669103
0.673087
0.662382
0.652656
0.663506
0.667133
0.667699
0.670667
0.665576
0.667784
0.665227
0.666194
0.676982
0.675034
0.670041
0.664554
0.652729
0.652241
0.660563
0.676054
0.662811
0.654242
0.663206
0.664419
0.676977
0.680645
0.666381
0.660495
0.663416
0.664044
0.660763
0.661648
0.664526
0.661814
0.66442
0.668322
0.673101
0.674666
0.667672
0.664387
0.652417
0.653444
0.662217
0.663156
0.665923
0.666893
0.661948
0.665082
0.66648
0.666141
0.657486
0.654712
0.667291
0.674338
0.657353
0.657116
0.667189
0.668402
0.67827
0.661856
0.658226
0.668961
0.666565
0.666896
0.648071
0.649656
0.663072
0.674444
0.660974
0.654072
0.661314
0.671208
0.666355
0.661992
0.657353
0.660196
0.660298
0.663184
0.654615
0.656949
0.669992
0.66937
0.666598
0.662936
0.666623
0.661409
0.654719
0.66033
0.664196
0.663852
0.667186
0.662127
0.655528
0.661065
0.665063
0.665063
0.655258
0.653684
0.65732
0.662293
0.65759
0.663342
0.663639
0.665709
0.663342
0.655909
0.644513
0.669019
0.684293
0.647939
0.656119
0.655221
0.644719
0.669767
0.679347
0.669238
0.642852
0.659791
0.66829
0.640407
0.638096
0.651364
0.657488
0.661655
0.67131
0.664447
0.663956
0.67445
0.672086
0.660631
0.659344
0.654042
0.649478
0.649613
0.652444
0.660775
0.665382
0.6606
0.6606
0.659489
0.660672
0.654546
0.652998
0.657355
0.653707
0.651536
0.660909
0.656505
0.657488
0.656681
0.661887
0.663475
0.65783
0.648907
0.649544
0.661826
0.66033
0.655425
0.655695
0.662831
0.656206
0.65134
0.658064
0.655802
0.653743
0.65641
0.654145
0.648527
0.647667
0.65137
0.654376
0.65641
0.663743
0.662346
0.65587
0.65218
0.658338
0.657627
0.651873
0.654145
0.654145
0.652787
0.652781
0.651603
0.652467
0.650702
0.657391
0.660196
0.649996
0.651775
0.651775
0.650732
0.653236
0.658473
0.651043
0.658033
0.664866
0.66441
0.654916
0.652111
0.651546
0.656879
0.654183
0.655769
0.643704
0.640338
0.650516
0.656265
0.649355
0.652577
0.652651
0.652454
0.646035
0.64922
0.654344
0.658134
0.653408
0.649661
0.651276
0.661182
0.661587
0.652724
0.65067
0.653196
0.649996
0.648264
0.650359
0.652143
0.655971
0.658878
0.650908
0.638753
0.642988
0.655005
0.653637
0.650224
0.647397
0.647909
0.648958
0.656845
0.659489
0.647133
0.650473
0.659456
0.666049
0.649396
0.646852
0.645677
0.643528
0.650412
0.657152
0.654045
0.643663
0.648011
0.64563
0.64868
0.665139
0.664731
0.647984
0.639851
0.64567
0.64276
0.646081
0.649505
0.651006
0.646582
0.654623
0.659457
0.651546
0.655838
0.659219
0.647133
0.645487
0.640406
0.635942
0.640893
0.64964
0.646542
0.63916
0.646503
0.656138
0.659354
0.660306
0.649767
0.644908
0.651145
0.651473
0.64895
0.643867
0.645541
0.645008
0.642075
0.644492
0.648733
0.651006
0.648186
0.64368
0.650657
0.651959
0.651959
0.648373
0.646906
0.643908
0.641308
0.645684
0.648733
0.648733
0.642085
0.644415
0.647596
0.648091
0.64227
0.640035
0.648669
0.653335
0.658305
0.652827
0.641857
0.646225
0.652615
0.649177
0.647217
0.649684
0.646396
0.637368
0.650424
0.650889
0.640298
0.64112
0.648733
0.647056
0.643639
0.641637
0.64505
0.641897
0.646184
0.643773
0.644914
0.647923
0.647646
0.647832
0.64254
0.642727
0.651784
0.65361
0.649303
0.643274
0.648141
0.649936
0.641012
0.63385
0.63693
0.644321
0.641038
0.641934
0.640955
0.648322
0.652484
0.644509
0.635999
0.642049
0.643094
0.638782
0.634684
0.641182
0.651435
0.648512
0.646189
0.647883
0.647517
0.648474
0.653065
0.645138
0.64314
0.63773
0.635324
0.635189
0.642622
0.642279
0.63856
0.638663
0.642963
0.646104
0.648879
0.640323
0.639272
0.647375
0.644874
0.639329
0.63937
0.639731
0.639556
0.642997
0.642918
0.642337
0.641416
0.643005
0.638438
0.636864
0.645969
0.649845
0.641492
0.633134
0.641233
0.640921
0.633627
0.638124
0.63801
0.645699
0.646098
0.641873
0.64246
0.644152
0.65047
0.639287
0.634472
0.645233
0.640546
0.638503
0.633754
0.634491
0.634849
0.645827
0.646469
0.63756
0.636459
0.636694
0.644287
0.643053
0.636683
0.641004
0.639605
0.638099
0.632682
0.638469
0.646611
0.645016
0.63809
0.634976
0.638
0.64309
0.64401
0.64341
0.64168
0.639731
0.639532
0.638045
0.635895
0.636493
0.635055
0.645564
0.641291
0.633349
0.630678
0.63846
0.638142
0.636131
0.640415
0.644969
0.641511
0.636672
0.637107
0.639417
0.642963
0.644193
0.637154
0.636819
0.636784
0.6371
0.639678
0.634696
0.635367
0.642828
0.644281
0.636088
0.63368
0.641133
0.650707
0.647066
0.639614
0.641098
0.638925
0.630308
0.641786
0.639914
0.632842
0.631872
0.638055
0.638055
0.648976
0.650358
0.638199
0.628446
0.634077
0.643612
0.630962
0.625655
0.636694
0.636694
0.642008
0.63025
0.637605
0.640886
0.640929
0.635111
0.636335
0.633704
0.632377
0.632325
0.629917
0.636413
0.635425
0.641062
0.636704
0.635605
0.634738
0.634705
0.641646
0.637875
0.631933
0.646286
0.643154
0.643154
0.624894
0.624894
0.63025
0.640651
0.639056
0.636369
0.635502
0.633169
0.634245
0.636908
0.639914
0.63906
0.642244
0.636143
0.635649
0.633053
0.625603
0.632599
0.635984
0.634696
0.639788
0.63746
0.634344
0.635332
0.631062
0.634373
0.642201
0.63557
0.62414
0.631332
0.631404
0.636513
0.634761
0.632167
0.631283
0.631602
0.631602
0.633616
0.6371
0.633314
0.630999
0.633868
0.63747
0.637008
0.628741
0.625671
0.625671
0.637938
0.630127
0.631553
0.637054
0.636289
0.63747
0.63747
0.629732
0.627725
0.631689
0.631276
0.635345
0.634167
0.637389
0.632437
0.624627
0.628076
0.635583
0.628062
0.629832
0.634015
0.63864
0.624018
0.621498
0.629796
0.644253
0.639609
0.638064
0.630127
0.628332
0.630372
0.63084
0.634826
0.634826
0.633897
0.631984
0.627956
0.628095
0.632293
0.630949
0.624252
0.633152
0.638099
0.634941
0.626579
0.619933
0.629832
0.635678
0.632759
0.632759
0.634141
0.635083
0.613216
0.632352
0.622712
0.622899
0.638615
0.630485
0.627098
0.634074
0.6353
0.624858
0.636488
0.62863
0.622721
0.636434
0.63386
0.63386
0.623776
0.62656
0.631159
0.626897
0.623613
0.627402
0.631296
0.631492
0.629219
0.628066
0.630927
0.632448
0.633403
0.630286
0.624824
0.625567
0.630492
0.6335
0.62836
0.619725
0.622234
0.624485
0.637421
0.633745
0.628017
0.626627
0.633242
0.644545
0.616562
0.611077
0.632993
0.634446
0.615412
0.629902
0.63278
0.630015
0.627184
0.632507
0.614601
0.633143
0.646474
0.620918
0.617176
0.642683
0.626258
0.608656
0.624573
0.632009
0.618774
0.624471
0.634385
0.627876
0.625565
0.631193
0.624989
0.623645
0.631338
0.631996
0.622504
0.623508
0.624553
0.62521
0.620678
0.626543
0.626167
0.619492
0.62057
0.627819
0.634531
0.634037
0.6264
0.619097
0.623073
0.63217
0.627586
0.615205
0.618411
0.624133
0.622991
0.621542
0.626654
0.634318
0.630681
0.622069
0.626206
0.626117
0.626117
0.637136
0.609679
0.643864
0.633593
0.591981
0.591981
0.640644
0.619399
0.621298
0.628076
0.623378
0.620886
0.635811
0.635811
0.627769
0.6181
0.62271
0.636235
0.620387
0.610234
0.614702
0.62309
0.629269
0.626034
0.617578
0.616325
0.628174
0.624538
0.619447
0.624304
0.62429
0.626485
0.625983
0.618852
0.621464
0.622453
0.632218
0.625042
0.617078
0.617927
0.619473
0.624907
0.629324
0.626704
0.62171
0.621816
0.6224
0.616746
0.611516
0.621272
0.62435
0.622819
0.618278
0.621162
0.621352
0.633486
0.635453
0.622573
0.612698
0.62363
0.633632
0.627769
0.619398
0.61808
0.617949
0.609528
0.613698
0.620866
0.621288
0.612409
0.618317
0.626447
0.62581
0.627759
0.621238
0.621238
0.62568
0.634283
0.634283
0.619478
0.609132
0.613738
0.618215
0.620173
0.623795
0.628712
0.618224
0.60682
0.622871
0.626319
0.611694
0.618839
0.626429
0.628898
0.626282
0.624144
0.615783
0.61416
0.617195
0.625408
0.622088
0.621758
0.610578
0.621207
0.638723
0.63616
0.621845
0.611403
0.611673
0.619478
0.622883
0.618773
0.618024
0.621748
0.625146
0.625146
0.624549
0.61642
0.616267
0.62106
0.618932
0.613971
0.619049
0.617731
0.621926
0.628847
0.6242
0.618527
0.622467
0.621276
0.627514
0.623576
0.61619
0.617446
0.617098
0.622613
0.617602
0.611715
0.616479
0.620516
0.614891
0.62907
0.607617
0.609776
0.636262
0.63316
0.609036
0.615975
0.615975
0.606023
0.632477
0.616397
0.612158
0.618278
0.635783
0.605326
0.62019
0.615261
0.607556
0.623071
0.639874
0.60857
0.612006
0.619846
0.618391
0.61843
0.63017
0.625862
0.603031
0.631185
0.61266
0.597372
0.615064
0.62252
0.617912
0.61867
0.606869
0.612621
0.61723
0.617803
0.572606
0.52634
0.504186
0.507047
0.499875
0.485217
0.465907
0.452583
0.464734
0.44662
0.401018
0.405552
0.414548
0.399753
0.374757
0.365725
0.352676
0.338262
0.323757
0.308391
0.287852
0.267314
0.244326
0.229632
0.213264
0.196662
0.194378
0.193009
0.184126
0.17208
0.159171
0.148848
0.147863
0.153481
0.154919
0.161258
0.169009
0.165675
0.159228
0.158237
0.156549
0.152327
0.147275
0.144742
0.142437
0.142993
0.139927
0.135379
0.137437
0.141653
0.13571
0.137151
0.133657
0.130296
0.12892
0.123109
0.124285
0.125098
0.123616
0.124095
0.121841
0.118649
0.116011
0.112732
0.110473
0.110291
0.102862
0.0986646
0.0970317
0.0936263
0.0939051
0.0921263
0.0882259
0.0841227
0.0808216
0.0777468
0.0762781
0.0473169
-0.00148262
-0.0375215
-0.0637715
-0.0854465
-0.147834
-0.18261
-0.199131
-0.212895
-0.211549
-0.207505
-0.187893
-0.154219
-0.123734
-0.105929
-0.0580839
-0.00823361
0.0279607
0.0343994
0.0339495
0.0333178
0.0308551
0.0329083
0.0296696
0.0303955
0.0327334
0.0321378
0.0292236
0.0295088
0.0293744
0.0274586
0.0273324
0.0271678
0.0271809
0.0287748
0.0263116
0.0265925
0.0302314
0.0287553
0.0255744
0.030371
0.0245527
0.027172
0.0261453
0.0251277
0.0258529
0.0251413
0.0238276
0.0270202
0.0254078
0.0257065
0.0276128
0.0281902
0.0241095
0.0265925
0.0246826
0.0267177
0.0270372
0.0271519
0.0261467
0.0264369
0.0287677
0.0271497
0.0264433
0.0286245
0.0299322
0.0227925
0.0275995
0.025839
0.0262735
0.0268652
0.027161
0.0271497
0.0230752
0.0283379
0.0268745
0.024834
0.0245393
0.0242437
0.0254111
0.0259836
0.0246724
0.0259866
0.0258542
0.0274518
0.0233707
0.0277576
0.0306701
0.0278923
0.0297869
0.0259931
0.0283187
0.025111
0.0249817
0.0252623
0.0287614
0.0235186
0.0235186
0.0271519
0.0299517
0.0287476
0.0251178
0.0274542
0.0280407
0.0267327
0.0248185
0.0278841
0.0260033
0.0276071
0.0258451
0.023962
0.0259866
0.0230767
0.0293525
0.0219097
0.0276097
0.0287709
0.0240959
0.0271633
0.0283187
0.0239485
0.0278869
0.0290428
0.0254123
0.026435
0.0274542
0.0221895
0.0245239
0.0265737
0.0254089
0.0239339
0.0293381
0.0238003
0.0278841
0.021759
0.0281827
0.0270108
0.0235043
0.0226318
0.026282
0.0281827
0.0281827
0.0281827
0.0284522
0.0291874
0.0248211
0.0267216
0.0275938
0.0259931
0.0255492
0.0246611
0.023787
0.0283076
0.0208692
0.024956
0.0265613
0.024229
0.0274406
0.0274542
0.0253971
0.0237875
0.0239475
0.0251015
0.0252493
0.0248069
0.0272978
0.0242284
0.0240812
0.0232227
0.0238003
0.0251178
0.0245246
0.0245246
0.0232089
0.0283139
0.0223361
0.0264235
0.0248103
0.0214496
0.0224835
0.024822
0.0248211
0.0248211
0.0237848
0.0261219
0.0262697
0.0264214
0.0246611
0.0265599
0.0264156
0.024511
0.0271423
0.022617
0.022617
0.0284651
0.0265673
0.0223361
0.023061
0.0223355
0.0243755
0.0283171
0.0275938
0.0207402
0.0207402
0.0245288
0.024527
0.0236524
0.0233568
0.024527
0.024513
0.0240824
0.0267173
0.0271498
0.0268587
0.0218932
0.0233568
0.0197035
0.0197035
0.0240812
0.0229129
0.0252506
0.0268467
0.027438
0.0255336
0.0262697
0.0232091
0.02466
0.0251092
0.0236527
0.0224693
0.0208746
0.0243649
0.0274354
0.0242297
0.020425
0.0274432
0.0272978
0.023788
0.0211689
0.022187
0.0269922
0.0207239
0.0252532
0.0246724
0.0234912
0.0221865
0.0261294
0.0213111
0.0215957
0.0239339
0.02466
0.02466
0.0239329
0.0227652
0.0246611
0.0239356
0.024675
0.0221723
0.0253984
0.0239339
0.0223355
0.0283171
0.0268608
0.0223204
0.0223361
0.0265694
0.0236381
0.0248115
0.0243768
0.021021
0.0251039
0.0251039
0.0269969
0.02568
0.024527
0.0262716
0.0262697
0.0246611
0.0240837
0.0220441
0.0214487
0.0201417
0.0261256
0.0261256
0.023061
0.023061
0.0218924
0.0271448
0.0172198
0.0255492
0.0249548
0.0207225
0.025532
0.0246741
0.0269969
0.0269969
0.0269969
0.0245162
0.0218924
0.0240837
0.0245151
0.0210197
0.0230612
0.0236385
0.0251015
0.0231949
0.0272731
0.0240664
0.0252376
0.0226175
0.0252333
0.0252333
0.0231947
0.0231947
0.0220255
0.0233425
0.022321
0.0227654
0.024364
0.023786
0.021016
0.021016
0.021743
0.0236385
0.0202802
0.0237875
0.0267194
0.0239356
0.022765
0.022913
0.0272978
0.0267173
0.0252532
0.0294989
0.0265554
0.0239339
0.0243775
0.0227648
0.0270018
0.0253984
0.0270177
0.0274458
0.0229129
0.0211676
0.0233567
0.0233567
0.023787
0.0243775
