0.0398694
0.0362932
0.0338771
0.0376168
0.0272236
0.0302681
0.0259079
0.0322412
0.0301754
0.0287281
0.0401237
0.0366392
0.0334079
0.0275713
0.0338115
0.0315834
0.0328425
0.0329383
0.0372968
0.0389017
0.0360766
0.0337549
0.0354187
0.0324958
0.0315834
0.0389315
0.0343461
0.0379925
0.0280403
0.0378314
0.0337549
0.0234803
0.034789
0.0378314
0.0292634
0.03617
0.0462358
0.0349773
0.0321185
0.0317163
0.0294894
0.026245
0.0306706
0.0331536
0.0364239
0.0280699
0.0413157
0.0373625
0.0323072
0.0328729
0.0308334
0.0340657
0.0329383
0.0338771
0.033031
0.0293295
0.0313285
0.03909
0.0365737
0.0327502
0.034881
0.0382084
0.0359817
0.0381524
0.0309568
0.0422566
0.0342541
0.027693
0.027693
0.0357272
0.03617
0.0357006
0.0382393
0.0367052
0.0325619
0.0377391
0.0344425
0.0309257
0.0347236
0.0351927
0.0268763
0.0268763
0.033031
0.03802
0.0307777
0.0349773
0.0344122
0.0318381
0.0353243
0.0320926
0.0345349
0.0368277
0.0308037
0.034855
0.0314351
0.0310217
0.0256825
0.0320926
0.0317163
0.0268113
0.0288864
0.0407156
0.033311
0.0324031
0.0297327
0.0328729
0.0322412
0.0297989
0.0359817
0.0326285
0.029544
0.0272625
0.029856
0.0346956
0.0333424
0.0323072
0.037674
0.0322806
0.0355125
0.0288864
0.0271576
0.0317069
0.0392432
0.0355417
0.0299872
0.0272236
0.0328729
0.0320926
0.0297055
0.0370161
0.0370161
0.0349773
0.0317163
0.035136
0.0368277
0.0359159
0.0334998
0.0346007
0.0320265
0.0256531
0.0278815
0.0313688
0.0334739
0.0281358
0.0308334
0.0322806
0.0280699
0.0319331
0.0256924
0.0316799
0.0250239
0.0301099
0.0326564
0.0300164
0.0301099
0.032587
0.029478
0.0299214
0.0280046
0.0305516
0.0274118
0.0340657
0.0266583
0.0336885
0.0284465
0.0219752
0.0320265
0.0358886
0.0310217
0.0299214
0.027693
0.0307111
0.0245819
0.0293865
0.0266226
0.0280699
0.0358506
0.033908
0.033908
0.029105
0.0256825
0.0259337
0.0278159
0.0280699
0.0381433
0.0263775
0.0293295
0.0268763
0.0268763
0.0251173
0.0251173
0.0322149
0.0291699
0.034789
0.027102
0.031303
0.0332496
0.0318381
0.027627
0.0243932
0.0265295
0.0340912
0.0335962
0.0255868
0.0269418
0.0286977
0.0264338
0.026311
0.0227294
0.0211287
0.0211287
0.0280046
0.0259641
0.0299214
0.0354187
0.0281358
0.0292889
0.0262838
0.023613
0.039589
0.0295175
0.0315834
0.0244592
0.0258415
0.0284172
0.0287937
0.0251173
0.0264338
0.0299214
0.0303636
0.0272236
0.026969
0.0324958
0.0352582
0.0309568
0.0339432
0.026218
0.0251173
0.0280699
0.0311144
0.0321852
0.0286055
0.027693
0.0294518
0.0292634
0.0299214
0.0282583
0.0355787
0.0295175
0.0249016
0.0307111
0.0334739
0.0337844
0.0274118
0.0298283
0.0215976
0.0307111
0.0273462
0.0274118
0.0249954
0.0244592
0.0307111
0.0344789
0.0374854
0.0284172
0.0327502
0.0331264
0.0217608
0.0282583
0.0336619
0.0310217
0.0323072
0.033531
0.0347236
0.022541
0.0376094
0.0280046
0.0374854
0.0324031
0.0240468
0.0278159
0.0284742
0.0314915
0.0272492
0.0348148
0.032776
0.0249954
0.033908
0.0302336
0.0296401
0.0317722
0.0323651
0.0311144
0.0296019
0.0260561
0.0310487
0.0303907
0.0313688
0.0289263
0.0355125
0.0315834
0.0282288
0.0362932
0.0341572
0.0341572
0.0297055
0.0293553
0.0324031
0.0384622
0.0328165
0.0348191
0.0358844
0.0301754
0.0332496
0.0386456
0.0290749
0.0364817
0.019117
0.0290089
0.0232914
0.0186467
0.0334079
0.0322149
0.0196533
0.0280962
0.0303907
0.0374541
0.0270352
0.0316894
0.0299872
0.0353243
0.0353243
0.0245819
0.0269418
0.0276
0.0272811
0.0280046
0.0261527
0.0322149
0.026311
0.0256825
0.026311
0.0222591
0.0244592
0.0280699
0.0193053
0.0242354
0.0242354
0.0293295
0.0281358
0.0318381
0.0320265
0.0328729
0.0239235
0.0239235
0.0341314
0.0304566
0.0311144
0.0314915
0.0314915
0.026969
0.0334079
0.0288201
0.0296401
0.0297636
0.0286055
0.0302984
0.0308992
0.0290749
0.0287588
0.0291977
0.0277881
0.0289819
0.030611
0.0328729
0.0275045
0.0297055
0.023735
0.023735
0.0314915
0.0349122
0.0320265
0.0258707
0.0280403
0.0301754
0.0301754
0.0320265
0.0354468
0.0279734
0.0227294
0.0282852
0.0316799
0.0339432
0.0166051
0.0274118
0.0314915
0.0167273
0.0288201
0.0261527
0.0289819
0.027693
0.0294816
0.0294816
0.0337844
0.0267538
0.0234803
0.0289819
0.0264995
0.0347236
0.0269999
0.030269
0.0207812
0.0251173
0.0247402
0.0254647
0.030645
0.0211583
0.0230108
0.0311144
0.0218826
0.0216942
0.0302018
0.0245819
0.0245819
0.0286631
0.0256531
0.0288864
0.0285396
0.0226332
0.0221639
0.0266583
0.0237071
0.0227294
0.0240157
0.0311797
0.0258415
0.0287937
0.0283818
0.0231994
0.0223525
0.0254942
0.0296401
0.0259641
0.0234534
0.0234534
0.0272236
0.0258415
0.0264349
0.0264349
0.0214394
0.0256531
0.0240157
0.0355417
0.0348475
0.0310591
0.0226069
0.0226069
0.0276
0.0288201
0.0280699
0.0289531
0.0253717
0.0243932
0.0274779
0.0287648
0.0271576
0.030523
0.0274118
0.0227294
0.0235464
0.0253058
0.029544
0.0231994
0.0269032
0.0253058
0.0302984
0.0302984
0.0254381
0.029544
0.0187797
0.0187797
0.0353815
0.0283509
0.0322806
0.0366392
0.0282583
0.0342541
0.0342541
0.0333797
0.0230415
0.0302984
0.0266879
0.0255597
0.016766
0.0158803
0.0158803
0.0212506
0.0355125
0.0307681
0.0287937
0.0275347
0.0329383
0.02729
0.033031
0.0258415
0.0354776
0.0301754
0.0288598
0.0337196
0.0346308
0.0263411
0.0279734
0.0326844
0.0351007
0.0254
0.0317163
0.0325913
0.0325913
0.034413
0.0286347
0.0282288
0.0294221
0.0294221
0.0270352
0.0259356
0.0259356
0.0246475
0.0203781
0.0224188
0.0245515
0.0193053
0.0240824
0.0323382
0.0253717
0.0307111
0.0307111
0.0265941
0.0265941
0.0266879
0.0287648
0.0251173
0.0302984
0.0302984
0.0168589
0.031961
0.022795
0.0236416
0.0260959
0.0347495
0.0315518
0.0235924
0.0287284
0.0196122
0.0237595
0.0344811
0.0358815
0.0852999
0.141106
0.222279
0.258013
0.275602
0.368133
0.460918
0.609152
0.811876
1.00576
1.12083
1.12083
1.01192
0.87611
0.742087
0.616238
0.534614
0.518692
0.518692
0.592154
0.644382
0.632859
0.584235
0.58517
0.592752
0.596192
0.623911
0.625451
0.598628
0.598482
0.612075
0.632781
0.636033
0.609638
0.609638
0.60176
0.610469
0.631946
0.623989
0.617968
0.608974
0.619197
0.617061
0.620365
0.636949
0.621312
0.625825
0.622846
0.628198
0.635013
0.631396
0.636512
0.624445
0.625365
0.635527
0.639075
0.641073
0.632735
0.632255
0.633228
0.633132
0.642441
0.637668
0.639108
0.636435
0.637194
0.637194
0.63401
0.637653
0.634224
0.629795
0.636104
0.63853
0.63727
0.641214
0.642293
0.637804
0.63957
0.636616
0.636616
0.639685
0.641782
0.633232
0.636749
0.646419
0.645298
0.648551
0.646634
0.639323
0.647025
0.647025
0.643722
0.640749
0.65008
0.643933
0.64987
0.618519
0.606938
0.57166
0.518912
0.495741
0.464882
0.474905
0.466391
0.472279
0.487071
0.486073
0.486073
0.483309
0.481802
0.481802
0.487464
0.483829
0.491348
0.494428
0.48698
0.493711
0.497276
0.493376
0.491619
0.489737
0.489737
0.493838
0.502483
0.502483
0.497779
0.49578
0.489717
0.493128
0.496537
0.495342
0.492576
0.495194
0.49781
0.483596
0.503833
0.503833
0.489903
0.484912
0.491531
0.498515
0.502145
0.48212
0.454088
0.453773
0.432341
0.438439
0.454192
0.464506
0.47261
0.462381
0.468602
0.462896
0.462896
0.476699
0.472574
0.472418
0.46784
0.473333
0.473321
0.473321
0.477309
0.467023
0.471079
0.46996
0.478446
0.466117
0.469712
0.474093
0.470447
0.473147
0.467242
0.472947
0.468374
0.481542
0.468026
0.472553
0.477499
0.474126
0.478824
0.475017
0.473899
0.473547
0.473547
0.479798
0.472398
0.481123
0.475639
0.476942
0.484939
0.481137
0.47487
0.481975
0.468301
0.47727
0.464052
0.464052
0.464793
0.482472
0.482472
0.483026
0.467737
0.473849
0.478819
0.480718
0.474548
0.477051
0.478189
0.473748
0.473748
0.469046
0.478878
0.472164
0.482292
0.473115
0.472267
0.460858
0.475675
0.469108
0.469427
0.474319
0.476054
0.474696
0.476114
0.476243
0.475907
0.474375
0.473968
0.479329
0.469995
0.47132
0.473371
0.472456
0.47301
0.475878
0.473579
0.477899
0.479383
0.481854
0.476763
0.483069
0.46897
0.472821
0.472821
0.473593
0.473371
0.472016
0.472265
0.471698
0.473925
0.472282
0.474539
0.476666
0.474948
0.472646
0.470213
0.471699
0.472324
0.470197
0.475527
0.478016
0.475907
0.46909
0.473607
0.479157
0.477393
0.477772
0.473782
0.473025
0.482446
0.484726
0.475471
0.469953
0.472487
0.475043
0.470897
0.475485
0.474696
0.477015
0.47881
0.471523
0.476289
0.473388
0.477251
0.484046
0.474016
0.482211
0.470046
0.467965
0.479381
0.469206
0.469791
0.474107
0.4791
0.472322
0.471953
0.465707
0.465265
0.464231
0.462645
0.45712
0.483723
0.487749
0.514916
0.514916
0.526953
0.5639
0.563075
0.55957
0.564685
0.553685
0.562924
0.562712
0.576175
0.576175
0.568788
0.566749
0.566749
0.583049
0.567831
0.586221
0.585139
0.590761
0.588626
0.59105
0.581723
0.569466
0.57085
0.55635
0.551685
0.546128
0.531585
0.52467
0.518563
0.512485
0.51897
0.510952
0.502671
0.502671
0.496142
0.493697
0.49197
0.487791
0.49197
0.49197
0.537535
0.450076
0.538044
0.557966
0.609037
0.646736
0.714506
0.717022
0.688893
0.6583
0.668058
0.640902
0.658989
0.659847
0.683152
0.679962
0.683143
0.669978
0.67253
0.683841
0.684589
0.690349
0.687841
0.694973
0.686874
0.69463
0.682812
0.677869
0.665074
0.663962
0.658124
0.661401
0.666412
0.684745
0.6918
0.694602
0.694717
0.686636
0.698968
0.691229
0.670886
0.67597
0.677801
0.689411
0.681275
0.68572
0.685448
0.698761
0.699992
0.691125
0.681777
0.693052
0.696801
0.702441
0.701256
0.697726
0.692411
0.691722
0.684797
0.681033
0.685149
0.685149
0.689983
0.692762
0.692762
0.693755
0.699041
0.700637
0.700637
0.691936
0.687641
0.692451
0.701322
0.754577
0.827133
0.920946
0.988477
1.01946
1.0221
0.977699
0.962378
0.968978
0.985587
0.98495
0.965701
0.967136
0.965785
0.972515
0.979228
0.969354
0.964163
0.950901
0.949239
0.95177
0.959126
0.978157
0.973263
0.973263
0.947279
0.946311
0.94439
0.942556
0.947552
0.953611
0.961603
0.960101
0.965856
0.967643
0.96373
0.949244
0.946284
0.945377
0.940772
0.945578
0.948714
0.956985
0.960915
0.959532
0.951061
0.94483
0.953374
0.954519
0.941319
0.951374
0.951374
0.940019
0.948112
0.955492
0.955492
0.938626
0.936476
0.943362
0.938891
0.948592
0.948592
0.961256
0.950823
0.951334
0.951334
0.937472
0.93713
0.941244
0.941244
0.932616
0.954407
0.966632
0.960612
0.958942
0.95618
0.95374
0.947309
0.947271
0.948331
0.937106
0.938157
0.940688
0.951407
0.940816
0.936324
0.937513
0.943465
0.944949
0.947478
0.960268
0.972991
0.961986
0.947896
0.934068
0.934068
0.934317
0.939802
0.931477
0.935142
0.932186
0.94193
0.947059
0.949242
0.949717
0.959269
0.942047
0.933184
0.92471
0.93296
0.943629
0.940543
0.939967
0.939871
0.939472
0.937489
0.935831
0.939221
0.944695
0.958901
0.947295
0.939576
0.941113
0.940793
0.939778
0.931986
0.931479
0.935387
0.934082
0.944827
0.937085
0.944092
0.953849
0.946692
0.941115
0.94389
0.933892
0.93042
0.93523
0.924663
0.93426
0.942463
0.94533
0.936481
0.936509
0.940197
0.936359
0.93418
0.937319
0.932972
0.93601
0.932114
0.928467
0.936951
0.939399
0.937775
0.933636
0.927577
0.936882
0.941996
0.937781
0.928597
0.924286
0.933895
0.932106
0.936037
0.928649
0.937871
0.94474
0.939735
0.940448
0.942114
0.933731
0.93985
0.943423
0.930603
0.931535
0.93219
0.927223
0.929974
0.94597
0.953941
0.937991
0.936365
0.940251
0.940895
0.934199
0.930986
0.937847
0.943466
0.935631
0.935405
0.928623
0.937361
0.938755
0.956644
0.951736
0.943423
0.943423
0.942368
0.942368
0.941676
0.941676
0.940838
0.933533
0.928883
0.942447
0.934795
0.932959
0.937599
0.954199
0.956057
0.946811
0.935855
0.938705
0.938761
0.935361
0.941526
0.944588
0.946177
0.952684
0.924524
0.942149
0.928372
0.924536
0.924536
0.942336
0.94624
0.953288
0.946371
0.941559
0.929245
0.941747
0.945546
0.937917
0.926711
0.938243
0.934128
0.939597
0.929453
0.940196
0.945187
0.948141
0.934204
0.934638
0.949536
0.95129
0.940518
0.94598
0.935558
0.934318
0.939593
0.945463
0.94362
0.938311
0.939518
0.941752
0.939398
0.932406
0.932406
0.944347
0.937287
0.944013
0.938595
0.937043
0.944789
0.940237
0.946504
0.940797
0.939359
0.936999
0.933515
0.948443
0.946896
0.94154
0.93636
0.93636
0.942427
0.931465
0.931465
0.938957
0.944347
0.946402
0.933992
0.939079
0.930158
0.938872
0.939989
0.938968
0.93791
0.945981
0.948419
0.943374
0.933356
0.938115
0.939423
0.938581
0.933423
0.938099
0.92481
0.92481
0.94373
0.964197
0.950998
0.949845
0.958717
0.943201
0.92857
0.932281
0.941382
0.938734
0.927026
0.923784
0.943563
0.954649
0.958061
0.950134
0.936861
0.938577
0.939832
0.937202
0.939521
0.947782
0.944739
0.950724
0.958511
0.958511
0.951363
0.94688
0.943864
0.942689
0.942779
0.939311
0.946509
0.944008
0.943952
0.948325
0.944467
0.949861
0.945007
0.959562
0.947482
0.940704
0.934967
0.947658
0.957359
0.949257
0.944395
0.93989
0.946303
0.952394
0.960221
0.961715
0.950869
0.953099
0.954196
0.951326
0.938604
0.937464
0.949712
0.956493
0.956493
0.938628
0.948558
0.957155
0.955465
0.954798
0.947296
0.948851
0.94098
0.950058
0.941584
0.957923
0.959131
0.957199
0.949601
0.951247
0.956861
0.953571
0.957877
0.955798
0.956474
0.952625
0.941994
0.951774
0.956812
0.954877
0.959811
0.951558
0.94271
0.94355
0.952991
0.954537
0.956279
0.955916
0.950746
0.958036
0.96409
0.952886
0.950839
0.951779
0.960247
0.95497
0.955703
0.955194
0.955916
0.955673
0.966552
0.965709
0.962898
0.96184
0.962109
0.953796
0.950498
0.953228
0.963783
0.960669
0.963962
0.967317
0.956908
0.959375
0.964852
0.966085
0.956624
0.95596
0.963295
0.973032
0.967234
0.965437
0.965558
0.96303
0.967154
0.966912
0.961497
0.961861
0.953876
0.961415
0.955653
0.955653
0.952699
0.958258
0.965169
0.964629
0.976479
0.969012
0.963252
0.953672
0.952491
0.962042
0.962042
0.966987
0.958898
0.96133
0.96369
0.954783
0.967818
0.974705
0.972798
0.972798
0.959141
0.968494
0.959109
0.961848
0.970403
0.972706
0.972706
0.968947
0.977908
0.976021
0.970159
0.969708
0.976712
0.970317
0.961056
0.967747
0.975878
0.975878
0.979659
0.980544
0.980544
0.974821
0.9736
0.97038
0.963413
0.961431
0.969483
0.969483
0.985263
0.970745
0.970574
0.973109
0.964326
0.969755
0.969967
0.970374
0.963745
0.974189
0.980175
0.979551
0.977638
0.974444
0.982151
0.979019
0.975944
0.97261
0.98024
0.975373
0.973335
0.982448
0.974689
0.969706
0.96868
0.982076
0.976218
0.970423
0.973256
0.981765
0.975716
0.983264
0.9756
0.98161
0.981998
0.97555
0.9783
0.976061
0.980284
0.982463
0.986468
0.980261
0.980261
0.981079
0.982478
0.980633
0.979593
0.990701
0.983389
0.982403
0.977615
0.977841
0.97726
0.976752
0.974003
0.981697
0.981697
1.00301
0.995474
0.993804
0.984494
0.97894
0.979052
0.992338
0.975029
0.967993
0.989406
0.985112
0.972528
0.991829
1.00113
0.992577
0.988284
0.995556
0.962703
0.962588
0.975044
0.975044
0.9899
0.990393
0.986771
0.981454
0.991178
0.984111
0.984111
0.979391
0.985128
0.986957
0.983049
0.983391
0.993598
0.986704
0.985847
0.977616
0.974153
0.996611
0.982654
0.970224
0.976026
0.99548
1.00812
0.998414
0.987342
0.985363
0.989271
0.990741
0.992955
0.9867
0.983738
0.9813
0.984971
0.990998
0.990998
0.988792
0.983287
0.980806
0.980806
0.98988
0.986208
0.990376
1.00033
0.997991
0.997991
0.992117
0.985961
0.984016
0.984016
0.99702
1.00095
0.990772
0.983265
0.987068
0.997033
0.993072
0.987437
0.995295
0.992355
0.983013
0.979686
0.982383
0.992335
0.995784
1.00657
0.996023
0.991107
0.990403
0.960739
0.982984
0.999936
0.998691
0.994159
0.991218
0.991486
0.983383
0.983376
0.988663
0.995172
0.998471
0.998708
0.98336
0.989378
0.999192
0.986525
0.988508
0.99698
0.989864
0.990706
0.985055
0.992907
0.989124
0.99192
0.999914
0.98569
0.983084
0.98595
0.98595
0.990489
0.987372
0.981588
0.988718
0.986144
0.990066
0.994213
0.991184
0.9912
0.992678
0.998089
1.00016
0.995217
0.986191
0.982686
0.992793
0.992179
0.987499
0.988696
0.988102
0.997052
0.987121
0.990415
0.995315
0.996891
0.990559
0.981779
0.991272
1.00244
0.979834
1.00308
0.993493
0.986315
0.989512
0.98327
0.980177
0.989953
0.989953
1.00026
0.992951
0.997104
0.995175
0.995175
0.992093
0.982112
0.974742
0.981012
0.985485
0.990161
0.992866
0.989632
0.98606
0.990864
0.998961
0.993749
0.985402
0.9862
0.99404
0.981513
0.97679
0.98727
0.984577
0.980018
0.979429
0.995283
0.996548
0.99795
0.988254
0.990622
0.990622
1.00309
1.00615
0.996946
0.989504
0.983617
0.981695
0.98431
0.98431
0.992547
0.991519
0.983999
0.971371
0.993692
0.986092
0.972669
1.00021
1.00991
0.995917
1.00183
1.00431
0.985694
0.979721
0.98139
1.00166
0.996807
0.980777
0.986627
0.986627
0.986599
0.980164
0.988196
0.993393
1.00098
1.00044
0.996768
0.998571
0.99806
0.977745
0.987688
0.984759
0.998604
0.996906
0.996398
0.984655
0.974135
0.984042
0.996259
0.996187
0.991191
0.995338
0.991431
0.996873
0.994764
0.989455
0.990304
0.984754
0.988231
0.983569
0.985307
0.984558
0.984558
0.987678
0.988331
0.991397
0.990408
0.991027
0.991157
0.991157
0.986293
0.977777
0.991328
0.992753
0.992397
0.99149
0.99252
0.991429
0.994743
1.00142
0.998508
0.993331
0.993331
0.991154
0.99385
0.997942
0.988902
0.986927
0.982225
0.982225
0.988158
0.990224
1.0003
0.986748
0.982746
0.984497
0.984258
0.989675
0.988212
0.988212
0.991728
0.983534
0.981694
0.99846
0.989665
0.984483
0.987778
0.999068
1.0033
0.995263
0.995263
0.995852
0.981996
1.00433
0.983977
0.982992
1.00857
1.01022
0.974228
0.982709
0.989388
1.01177
1.00607
0.971716
0.972942
0.980996
0.976338
0.970585
0.980778
0.990095
0.985572
0.977575
0.991027
0.993426
0.986558
0.985339
0.985807
0.985807
0.993286
0.98562
0.989527
0.990939
0.980708
0.985546
0.980267
0.979441
0.981941
0.984724
0.992362
0.980252
0.984121
0.990335
0.989055
0.986422
0.971873
0.981521
0.972948
0.981006
0.983594
0.989818
0.989532
0.981295
0.985996
0.987376
0.984497
0.985218
0.987842
0.997153
0.995711
0.987173
0.986714
0.989532
0.973509
0.979846
0.982263
0.975528
0.983271
0.992259
0.996204
0.994331
0.994331
0.99635
0.998427
0.989523
0.977273
0.969276
0.989162
0.986043
0.976642
0.979067
0.982093
0.993729
0.97142
0.97142
0.980886
0.981409
0.97607
0.97607
0.983251
0.999975
0.998376
0.991424
0.9805
0.997677
1.00017
0.998157
1.00863
0.99325
0.983557
0.982132
0.985673
0.9958
0.991548
0.977714
0.980438
0.973965
0.981725
0.987846
0.985575
0.986912
0.983152
0.984442
0.97374
0.971149
0.974801
0.978227
0.985805
0.984772
0.987688
0.991885
0.996044
1.00432
0.985952
0.98284
0.981064
0.980954
0.985785
0.988262
0.982314
0.989945
0.995969
0.999315
0.976798
0.985722
0.985722
0.982702
0.989937
0.98412
0.991398
0.988582
0.988135
0.976969
0.975306
0.975812
0.980243
0.98326
0.986782
0.988523
0.99426
0.994488
0.99611
0.983638
0.979131
0.978753
0.978843
0.981898
0.979899
0.988455
0.984484
0.984484
0.987388
0.986076
0.985996
0.986523
0.977827
0.985584
0.980939
0.981248
0.985768
0.983835
0.984304
0.997677
0.99683
0.983095
0.974597
0.993717
0.989738
0.986364
0.980133
0.990561
0.976497
0.976497
0.969751
0.978043
0.979899
0.973426
0.967485
0.970567
0.990867
0.994873
0.988245
0.97636
0.976416
0.992562
0.983934
0.983548
0.972111
0.981339
0.97636
0.981292
0.977923
0.980273
0.982564
0.975624
0.969599
0.981849
0.977391
0.979677
0.989667
0.987588
0.986242
0.981217
0.984435
0.986807
0.989013
0.977405
0.988257
0.989451
0.996561
0.986566
0.983918
0.985128
0.978176
0.979053
0.993905
0.992053
0.969495
0.969495
0.979674
0.979674
0.964557
0.989529
0.986566
0.980246
0.977792
0.98142
0.975122
0.983376
0.986932
0.984726
0.984726
0.986469
0.992125
0.981078
0.971232
0.967413
0.985975
0.985191
0.986125
0.981323
0.981337
0.982653
0.989743
0.989743
0.979163
0.972612
0.972612
0.991714
0.972807
0.96375
0.969347
0.982379
0.979817
0.963875
0.963319
0.974935
0.974622
0.97819
0.993526
0.99889
0.99889
0.989996
0.982669
0.981684
0.987082
0.99297
0.979096
0.976523
0.977134
0.988196
0.985262
0.981436
0.990362
0.999652
0.978747
0.962384
0.957942
0.98159
0.978755
0.976851
0.971124
0.983652
0.981455
0.975178
0.980004
0.978248
1.00224
0.993565
0.984281
0.975163
0.975684
0.969917
0.962985
0.981141
0.983482
0.973119
0.969766
0.983418
1.00008
0.985345
0.983346
0.984297
0.990533
0.976317
0.974207
0.979473
0.976621
0.969295
0.960955
0.966688
0.979962
0.979473
0.975865
0.974782
0.973195
0.978025
0.988437
0.997188
1.00339
0.991804
0.970658
0.983365
0.979776
0.979776
0.969966
0.954463
0.948804
0.978602
0.981917
0.981917
0.988483
1.00001
0.983555
0.964045
0.970251
1.00001
0.977103
0.968226
0.969648
0.982529
0.981204
0.966906
0.972251
0.980041
0.977307
0.981411
0.984365
0.998021
0.998705
0.980319
0.958781
0.959237
0.987913
0.982733
0.966464
0.957298
0.97089
0.987058
0.986048
0.993477
0.99974
0.986261
0.991839
0.978025
0.976263
0.976645
0.968605
0.97339
0.97339
0.980629
0.983253
0.979082
0.975721
0.973654
0.98465
0.99288
0.97891
0.974795
0.974837
0.986768
0.983833
0.976642
0.969592
0.981959
0.983922
0.984163
0.983409
0.983409
0.984566
0.972411
0.984144
0.984144
0.985922
0.970868
0.970868
0.977645
0.968329
0.975495
0.980575
0.991436
0.973328
0.973328
0.979993
0.977037
0.979365
0.972115
0.972093
0.972093
0.996574
0.983416
0.969421
0.974723
0.972407
0.971969
0.974979
0.98153
0.980855
0.968315
0.970461
0.982971
0.978983
0.971141
0.96594
0.972938
0.97811
0.992215
0.98432
0.984998
0.979348
0.979448
0.982731
0.989193
0.983648
0.964103
0.951405
0.966739
0.988783
0.986479
0.990629
0.983882
0.967637
0.982254
0.988183
0.970335
0.961662
0.967775
0.984881
0.98012
0.972212
0.978764
0.974735
0.979228
0.988307
0.979007
0.975698
0.975698
0.98222
0.973955
0.97454
0.988086
0.980832
0.97253
0.985504
0.973873
0.973873
0.97425
0.97425
0.96851
0.96791
0.970193
0.970193
0.981377
0.982878
0.979911
0.985046
0.978901
0.971993
0.976878
0.977926
0.967094
0.968618
0.97937
0.97937
0.975399
0.97922
0.970081
0.970414
0.983107
0.980178
0.968644
0.9805
0.991436
1.00388
0.985444
0.973267
0.975855
0.978848
0.978688
0.966169
0.968782
0.986021
0.987844
0.972347
0.971852
0.983848
0.968984
0.968984
0.954031
0.973407
0.97085
0.977449
0.977449
0.986542
0.976079
0.980969
0.984381
0.982594
0.982594
0.980712
0.968179
0.977052
0.988852
0.983107
0.974116
0.965616
0.967022
0.972885
0.981725
0.979743
0.974013
0.977624
0.979393
0.982358
0.982624
0.975395
0.976314
0.981778
0.981535
0.975147
0.980697
0.993982
0.983847
0.969115
0.978301
0.986892
0.976615
0.966346
0.965017
0.979717
0.979717
0.975964
0.963279
0.983248
0.980719
0.984909
0.983305
0.973055
0.973267
0.971937
0.971529
0.981101
0.971094
0.983278
0.987381
0.986569
0.973432
0.980877
0.976589
0.976747
0.971382
0.978605
0.978605
0.967301
0.966131
0.975066
0.975503
0.974958
0.970845
0.967369
0.97325
0.967718
0.965338
0.979062
0.979312
0.976453
0.983062
0.982108
0.966387
0.974412
0.984549
0.975091
0.961141
0.95924
0.986999
0.98227
0.964308
0.963437
0.980912
0.976256
0.978896
0.986565
0.972096
0.98507
0.986464
0.967735
0.959407
0.985557
0.985557
0.983599
0.963161
0.974712
0.981264
0.970541
0.96915
0.984415
0.980173
0.976687
0.970655
0.976475
0.992619
0.981154
0.981154
0.959102
0.985016
0.981092
0.968227
0.975004
0.990854
0.981292
0.971988
0.973614
0.99915
0.997402
0.966076
0.965782
0.963416
0.966465
0.982964
0.970938
0.96708
0.986727
1.00187
0.981551
0.964148
0.962681
0.973828
0.973461
0.971035
0.967172
0.969425
0.980806
0.991072
0.981372
0.969518
0.967277
0.98496
0.994902
0.989903
0.989903
0.965284
0.965713
0.977516
0.987049
0.980613
0.980876
0.966496
0.96982
0.965269
0.977372
0.973843
0.955094
0.952283
0.970918
0.979437
0.977684
0.970987
0.973329
0.978369
0.97366
0.967436
0.968275
0.981385
0.969041
0.965372
0.96763
0.977167
0.983718
0.979255
0.971135
0.983134
0.991747
0.984894
0.986591
0.977961
0.971055
0.961719
0.968758
0.975524
0.970249
0.954304
0.954304
0.965639
0.967743
0.972524
0.986192
0.987718
0.964814
0.949692
0.980667
0.990407
0.96929
0.963997
0.984892
0.999685
0.977207
0.976061
0.981231
0.972604
0.971624
0.976012
0.976195
0.967425
0.971055
0.981393
0.976061
0.961976
0.962274
0.980371
0.98373
0.96851
0.965686
0.971905
0.971137
0.970262
0.974415
0.982923
0.975989
0.962642
0.964911
0.979713
0.971035
0.960229
0.958583
0.971236
0.975067
0.973479
0.980998
0.9837
0.968654
0.956133
0.972564
0.974725
0.962151
0.946256
0.965649
0.972948
0.966476
0.970362
0.971065
0.98741
0.982279
0.973915
0.973128
0.985605
0.987947
0.972047
0.958688
0.968026
0.962601
0.968025
0.97193
0.972524
0.972643
0.970648
0.965336
0.970439
0.973821
0.980149
0.969671
0.963541
0.958055
0.972916
0.968827
0.970816
0.973926
0.98214
0.977971
0.973159
0.971349
0.974842
0.966523
0.965334
0.96841
0.972431
0.972185
0.967781
0.969216
0.977072
0.979029
0.976554
0.974506
0.971459
0.960508
0.964984
0.975224
0.971695
0.968128
0.962257
0.974171
0.978051
0.97645
0.966354
0.97823
0.987975
0.979062
0.970162
0.956501
0.956505
0.96033
0.976516
0.963619
0.957185
0.968201
0.976028
0.973959
0.979282
0.975927
0.96226
0.970856
0.98005
0.984341
0.972433
0.97414
0.981302
0.983777
0.984582
0.977279
0.966209
0.966209
0.973163
0.981512
0.962267
0.967357
0.9799
0.974592
0.965263
0.981578
0.984865
0.973653
0.980543
0.987518
0.980184
0.967393
0.980526
0.980149
0.981929
0.967046
0.969702
0.96862
0.970438
0.973235
0.964908
0.965185
0.975119
0.979728
0.97718
0.966746
0.970641
0.982243
0.97746
0.965295
0.971264
0.978545
0.980317
0.973982
0.972808
0.984126
0.984462
0.967904
0.978089
0.986077
0.985632
0.985632
0.97445
0.996509
0.993685
0.969869
0.963519
0.959316
0.968383
0.963931
0.980351
0.972102
0.958151
0.970124
0.995356
0.995356
0.984057
0.975055
0.980537
0.996509
0.979974
0.965639
0.967403
0.969021
0.972266
0.969407
0.976318
0.972217
0.976237
0.976237
0.992105
0.970171
0.972795
0.983779
0.984475
0.984596
0.957802
0.965973
0.968933
0.973548
0.972097
0.9725
0.990058
0.996229
0.964013
0.964013
0.996892
0.983288
0.960988
0.960617
0.961592
0.98573
0.988138
0.97421
0.977247
0.981891
0.980655
0.9687
0.971929
0.971929
0.989729
0.9691
0.964853
0.969111
0.975878
0.975426
0.973769
0.975107
0.982511
0.981157
0.989428
0.98772
0.992185
0.992185
0.983339
0.977203
0.979883
0.970177
0.97526
0.976414
0.98363
0.98454
0.982487
0.973102
0.973102
0.977962
0.983518
0.981075
0.980477
0.980477
0.985013
0.972728
0.987536
0.981562
0.983132
0.980913
0.987979
0.975185
0.971475
0.9857
0.989976
0.988342
0.983053
0.977746
0.982873
0.981241
0.976574
0.973564
0.977512
0.985382
0.994163
0.983636
0.970025
0.975749
0.992705
0.989319
0.98418
0.977895
0.9892
0.985272
0.976032
0.971853
0.986072
0.986072
0.971594
0.973975
0.987692
0.972879
0.963177
0.963177
0.979067
0.982792
0.972753
0.981266
0.986072
0.999809
0.998121
0.983913
0.975489
0.986445
0.98667
0.971968
0.963322
0.962231
0.965807
0.971901
0.981343
0.982148
1.00003
0.996182
0.970237
0.970092
0.985995
0.988014
0.983998
0.976299
0.974388
0.987792
0.979293
0.97245
0.970335
0.982019
0.981806
0.98869
0.99904
0.987067
0.985598
0.98641
0.978782
0.983745
0.987673
0.986498
0.979776
0.964327
0.974216
0.977504
0.98572
0.988831
0.994419
0.995596
0.996974
0.984409
0.981125
0.986596
0.981944
0.984095
0.977241
0.967525
0.980407
0.984947
0.976502
0.986449
1.00063
1.00787
1.00787
0.990112
0.979834
0.983912
0.990219
0.982826
0.971229
0.97851
0.984338
0.992733
0.992733
0.98642
0.995194
0.997791
0.990742
0.987104
0.987332
0.988251
0.976521
0.986964
0.98865
0.979517
0.981853
0.981853
0.992127
0.981701
0.984917
0.994157
0.988287
0.97741
0.977316
0.992453
0.989652
0.985761
0.983365
0.97811
0.995822
0.983138
0.975541
0.97811
0.995072
0.989952
0.983843
0.971484
0.978096
0.992429
1.00179
0.979701
0.974597
0.982324
0.96831
0.98277
0.985839
0.979574
0.984561
0.987144
0.988646
0.98187
0.975064
0.97848
0.975771
1.00825
0.993756
0.976798
0.965657
0.982517
1.01234
1.01234
0.979376
0.988817
0.997621
1.02766
1.05664
1.05664
1.05447
1.01146
0.975797
0.973553
1.01151
0.981389
0.979184
0.979184
0.998238
0.9878
0.984102
0.981588
0.980269
0.993098
0.986248
0.976588
0.979051
0.983057
0.991419
0.983687
0.987734
0.984745
0.984745
0.985171
0.989544
0.989544
1.00344
0.99863
0.992391
1.00029
0.995011
0.993369
0.996208
0.991676
0.993078
0.992042
0.996309
0.998281
1.00161
0.998728
0.997087
1.00107
0.996047
1.00425
1.00332
1.00332
0.998185
1.00407
1.00894
1.0008
1.00586
1.0077
1.00447
0.997329
1.00419
0.999622
0.997207
1.00297
1.00297
1.00573
1.00868
1.01193
1.00683
0.998403
1.00896
1.00772
1.00147
1.00677
1.00724
1.01176
1.01245
1.01245
1.01235
1.01512
1.01307
1.00841
1.00377
1.00377
1.01231
1.01938
1.01311
1.0061
1.00964
1.01612
1.01009
1.01674
1.01393
1.0087
1.01592
1.00412
1.01333
1.00968
1.00968
1.02379
1.0186
1.01703
1.00998
1.01599
1.01728
1.02418
1.02489
1.02702
1.028
1.03093
1.02151
1.0193
1.01288
1.01065
1.02569
1.03347
1.03152
1.03457
1.03457
1.02371
1.0192
1.02726
1.01905
1.03347
1.03729
1.02645
1.0253
1.01617
1.01802
1.01419
1.02581
1.03676
1.03676
1.03697
1.02252
1.02018
1.02001
1.0259
1.01751
1.02832
1.03708
1.03016
1.03061
1.02705
1.03564
1.03652
1.04128
1.03993
1.03884
1.03081
1.03369
1.02821
1.0335
1.04419
1.04058
1.03824
1.03114
1.03114
1.0288
1.03786
1.03999
1.03818
1.03646
1.03928
1.04014
1.03516
1.03845
1.03658
1.03957
1.04442
1.03895
1.04383
1.04549
1.04132
1.04809
1.04366
1.04117
1.04016
1.04211
1.03868
1.03993
1.04315
1.04537
1.04537
1.04537
1.05078
1.04679
1.04277
1.05084
1.04235
1.0438
1.04966
1.05004
1.04339
1.04013
1.04582
1.0472
1.04395
1.03898
1.04079
1.04076
1.04428
1.04939
1.04294
1.04578
1.05066
1.05445
1.05344
1.04984
1.05604
1.05323
1.05126
1.05122
1.04874
1.04895
1.05397
1.0459
1.05016
1.05359
1.04767
1.05169
1.04933
1.05556
1.04842
1.04635
1.05033
1.04771
1.04472
1.05252
1.05282
1.05282
1.05462
1.05217
1.05719
1.0548
1.05397
1.05182
1.05116
1.05362
1.04673
1.05563
1.05575
1.0529
1.05412
1.05536
1.05137
1.05592
1.04691
1.04725
1.05636
1.05384
1.05634
1.05335
1.05574
1.05258
1.05412
1.06257
1.05636
1.05332
1.04915
1.04915
1.04649
1.0493
1.05498
1.05498
1.05359
1.05406
1.05486
1.05262
1.0537
1.05491
1.05539
1.0511
1.0527
1.05252
1.05459
1.05371
1.05371
1.05146
1.05647
1.06398
1.05844
1.06021
1.05414
1.06218
1.06421
1.05979
1.06858
1.06799
1.07059
1.07059
1.06481
1.06346
1.06197
1.06761
1.0723
1.07107
1.05595
1.0654
1.06384
1.06463
1.06256
1.06842
1.06917
1.061
1.06643
1.06737
1.06055
1.0646
1.06982
1.06536
1.05959
1.06613
1.06654
1.07136
1.06681
1.06433
1.06433
1.06371
1.06291
1.06291
1.05934
1.06979
1.06537
1.06315
1.06581
1.05627
1.06799
1.06336
1.07003
1.06236
1.05824
1.06115
1.06778
1.06301
1.06806
1.0609
1.06554
1.06962
1.06353
1.0663
1.06758
1.06737
1.07021
1.06673
1.06755
1.06613
1.06728
1.06489
1.06794
1.06614
1.06959
1.07295
1.06735
1.07163
1.0718
1.0718
1.06554
1.06873
1.07011
1.06554
1.06295
1.06716
1.06593
1.06796
1.05976
1.05925
1.06779
1.06979
1.06251
1.05966
1.06779
1.06595
1.06595
1.07315
1.07049
1.0717
1.0717
1.06433
1.06533
1.06794
1.07206
1.07713
1.07259
1.07194
1.07754
1.07011
1.07384
1.07734
1.06936
1.07015
1.06997
1.08379
1.08062
1.08062
1.07498
1.07888
1.07809
1.07564
1.07847
1.08068
1.06599
1.07342
1.06478
1.07523
1.07934
1.07664
1.07658
1.08105
1.0737
1.07764
1.07558
1.07458
1.08002
1.08217
1.08321
1.08321
1.07897
1.0802
1.07926
1.07926
1.08945
1.08079
1.08241
1.07864
1.08103
1.08103
1.08509
1.084
1.08283
1.08196
1.08165
1.07601
1.08164
1.0883
1.08618
1.07698
1.08183
1.08083
1.08083
1.07817
1.08474
1.08474
1.08244
1.07616
1.08314
1.07934
1.07914
1.07897
1.07897
1.08235
1.08677
1.07852
1.07852
1.07814
1.07558
1.08235
1.07938
1.08379
1.0815
1.0815
1.07696
1.07994
1.07637
1.07554
1.07918
1.07876
1.0811
1.06812
1.07648
1.07769
1.07492
1.07832
1.07929
1.081
1.07289
1.07669
1.08256
1.07558
1.07531
1.0763
1.08309
1.07993
1.07632
1.08399
1.07711
1.07467
1.08291
1.07819
1.08491
1.08131
1.07997
1.07997
1.07185
1.08194
1.0827
1.07887
1.07226
1.08215
1.07369
1.07428
1.08357
1.08188
1.07649
1.07649
1.08252
1.07645
1.07645
1.0815
1.07998
1.07821
1.08588
1.08347
1.07021
1.08016
1.08045
1.08866
1.07843
1.08141
1.08707
1.08544
1.08544
1.07825
1.07681
1.08506
1.08305
1.07843
1.08709
1.08709
1.07711
1.08042
1.07378
1.07618
1.07624
1.07624
1.07743
1.07864
1.08203
1.07781
1.08469
1.08151
1.08151
1.08084
1.08025
1.07764
1.07764
1.08766
1.07819
1.07819
1.08762
1.08385
1.08203
1.07715
1.0863
1.08283
1.08828
1.07906
1.08741
1.07645
1.08366
1.07951
1.08546
1.08724
1.08147
1.08648
1.08648
1.08203
1.0832
1.08414
1.08237
1.08302
1.07744
1.07711
1.08118
1.07482
1.07734
1.08965
1.08019
1.08476
1.08606
1.08114
1.0832
1.08474
1.08459
1.09101
1.0812
1.08241
1.08828
1.08402
1.08624
1.08358
1.08099
1.084
1.08482
1.08076
1.08527
1.08482
1.09366
1.08821
1.08196
1.08561
1.07938
1.07938
1.0862
1.08338
1.09004
1.07711
1.0913
1.08383
1.08383
1.07868
1.07982
1.08551
1.0844
1.08616
1.08739
1.08427
1.08101
1.08177
1.084
1.084
1.08334
1.08411
1.08707
1.08325
1.08325
1.08345
1.08904
1.08603
1.09203
1.08514
1.085
1.08883
1.08883
1.08338
1.08645
1.08645
1.08986
1.08262
1.09059
1.08398
1.08714
1.08714
1.08536
1.08963
1.08497
1.08294
1.08898
1.08662
1.08938
1.09139
1.08828
1.08828
1.08762
1.08402
1.08612
1.08877
1.0898
1.0898
1.08563
1.08101
1.08101
1.08911
1.08298
1.08298
1.09224
1.09224
1.08847
1.09139
1.09436
1.0918
1.08834
1.09256
1.09018
1.08641
1.08838
1.09014
1.08853
1.0898
1.09376
1.09215
1.08697
1.08697
1.09436
1.08817
1.09573
1.09091
1.09417
1.09402
1.09139
1.09139
1.09522
1.09097
1.09512
1.09378
1.09385
1.09033
1.09001
1.08413
1.09036
1.08567
1.08567
1.09302
1.09556
1.08911
1.08911
1.08911
1.08576
1.0918
1.09457
1.09457
1.09548
1.0919
1.08866
1.08709
1.09211
1.09543
1.09177
1.08934
1.09436
1.09605
1.10119
1.08963
1.08885
1.09637
1.09899
1.09313
1.09288
1.09543
1.09641
1.09359
1.09512
1.0908
1.09332
1.09378
1.09512
1.09819
1.09918
1.09637
1.09425
1.09779
1.09709
1.09349
1.10193
1.10398
1.09243
1.09233
1.0965
1.09614
1.10102
1.10041
1.10041
1.10041
1.09402
1.09827
1.0937
1.098
1.09271
1.09313
1.09489
1.09455
1.09362
1.09362
