0.0177907
0.0182897
0.0166929
0.020569
0.0184423
0.0153035
0.0159587
0.0223181
0.0161522
0.0212322
0.0170535
0.0196784
0.0226491
0.0195123
0.0214127
0.0211254
0.0221076
0.0217916
0.0205542
0.0191514
0.0179151
0.0177479
0.0170275
0.0179429
0.0186506
0.0165671
0.0212763
0.017581
0.0189558
0.0220927
0.0145707
0.0177751
0.0181223
0.0198445
0.0175962
0.020747
0.0188031
0.0214568
0.0219421
0.0233754
0.0123317
0.0137332
0.0221226
0.0217916
0.0189711
0.0210957
0.0188311
0.0220026
0.0161786
0.0221076
0.0202198
0.0163867
0.0198588
0.0172203
0.0175408
0.0201912
0.0152904
0.0177486
0.0165126
0.0142355
0.0179151
0.0216263
0.0233498
0.0233498
0.0244282
0.0193304
0.0251082
0.0251082
0.0181233
0.0230298
0.020025
0.0177614
0.0163458
0.0182619
0.0202198
0.0219722
0.0223031
0.0170692
0.0166795
0.0166795
0.0174279
0.0174279
0.0152774
0.0184562
0.0165261
0.01672
0.0175822
0.0186246
0.0198732
0.0205809
0.0159988
0.0219722
0.0223333
0.017957
0.016373
0.0203885
0.0156907
0.0184562
0.0152904
0.0180816
0.0175962
0.020072
0.020569
0.0210937
0.0128705
0.014596
0.0172339
0.0166929
0.0158186
0.0202342
0.0214273
0.0214127
0.0189853
0.0224987
0.0187892
0.020747
0.0209152
0.0167086
0.0181233
0.0175946
0.0188031
0.0207347
0.0191921
0.0188193
0.0182619
0.0181093
0.0226946
0.0183038
0.0184423
0.0184423
0.0205809
0.019498
0.0172612
0.0198876
0.0200537
0.0226619
0.0179418
0.0184701
0.0219396
0.0170535
0.0257095
0.0179711
0.0130258
0.0209566
0.0158444
0.017388
0.0189558
0.0206099
0.023537
0.021969
0.0189696
0.0217884
0.0156378
0.0202198
0.0205664
0.01915
0.0179555
0.0174279
0.0189853
0.0184562
0.0192753
0.0175541
0.0189569
0.0193318
0.0204003
0.0184842
0.0191921
0.0149431
0.0147508
0.0182619
0.0158312
0.0191639
0.0178048
0.0188311
0.0183038
0.0140681
0.0140681
0.0200393
0.020208
0.0256344
0.013553
0.0219421
0.0205542
0.021442
0.0165261
0.0137204
0.0147635
0.01965
0.0237367
0.020569
0.020177
0.0203859
0.0200537
0.0229952
0.0165261
0.0165261
0.0254855
0.0174142
0.0193318
0.0156907
0.0186088
0.0156378
0.0182897
0.0175683
0.0172612
0.0202198
0.0193585
0.0172777
0.0226341
0.0226341
0.0193606
0.019178
0.019178
0.0186227
0.0214568
0.0214568
0.0216078
0.0191921
0.0158711
0.018817
0.020747
0.018817
0.0202487
0.0249861
0.017581
0.026703
0.0186088
0.0202054
0.0202054
0.017581
0.0166929
0.0190115
0.0174279
0.021442
0.0174279
0.0174279
0.0167065
0.019498
0.0202633
0.0179418
0.0186789
0.0224686
0.0195109
0.0158444
0.019178
0.0200537
0.0193304
0.0223451
0.0198579
0.0185269
0.018817
0.0207643
0.0126903
0.0178026
0.0161918
0.0198732
0.0179283
0.0244595
0.0202198
0.0176359
0.0181636
0.017581
0.0170945
0.0183038
0.0242631
0.0198445
0.0131813
0.0195266
0.021442
0.0165397
0.0205809
0.0198732
0.0186638
0.0184701
0.0221644
0.021442
0.021442
0.021442
0.0216226
0.0241405
0.0216374
0.021833
0.0246403
0.0237026
0.0198445
0.0246089
0.0179014
0.018805
0.0196927
0.025831
0.025831
0.0239488
0.0219838
0.0226793
0.0212615
0.0247786
0.0242475
0.0181233
0.0176083
0.0184701
0.0161918
0.0254855
0.0184842
0.017929
0.017929
0.0170535
0.0167064
0.0163594
0.0169004
0.0200393
0.0135276
0.0182758
0.0146216
0.017275
0.017275
0.0189835
0.017721
0.0222732
0.0221679
0.0217616
0.0182619
0.0188193
0.0182758
0.0162063
0.0177486
0.0182897
0.0203859
0.0179151
0.0206099
0.0219106
0.0152904
0.0152904
0.0166929
0.0231758
0.0192893
0.0158711
0.0226619
0.025438
0.0154576
0.0151233
0.0186364
0.0186364
0.0181233
0.0226044
0.0223451
0.0180816
0.0180816
0.0226915
0.0153704
0.0199001
0.015818
0.0221793
0.024774
0.0205521
0.0205521
0.0193176
0.0194832
0.0202342
0.0165261
0.0149953
0.0212615
0.0169141
0.0211254
0.0149565
0.0197509
0.0193726
0.0191658
0.0215932
0.0215932
0.0179283
0.0184562
0.0184562
0.0223154
0.021818
0.0182897
0.014596
0.0193444
0.023206
0.023206
0.0182758
0.0179429
0.0203716
0.0168868
0.0259642
0.0214127
0.0214127
0.0203859
0.0179418
0.0209005
0.0194696
0.0163722
0.0196641
0.0196641
0.0198732
0.0182897
0.016026
0.0193606
0.0148019
0.0142611
0.0179283
0.0193726
0.0146087
0.0146087
0.01672
0.0198732
0.0265703
0.0198588
0.0198588
0.0168597
0.0168597
0.0142483
0.0224813
0.0198732
0.0189975
0.0197216
0.015124
0.015124
0.0227518
0.0224987
0.0168749
0.0228448
0.0205664
0.0201912
0.0201912
0.0201912
0.0144287
0.0147508
0.0147762
0.0196641
0.0230103
0.0183038
0.0224987
0.0197216
0.0196927
0.0137332
0.0211105
0.0209152
0.0192063
0.0246561
0.0198445
0.0187892
0.0164992
0.0195109
0.0263256
0.021306
0.0186229
0.0205542
0.0205542
0.0212615
0.0205664
0.0214273
0.0211105
0.0226946
0.0179555
0.018817
0.0177614
0.0177614
0.0273983
0.020219
0.0204003
0.0265382
0.0216523
0.0216523
0.0208988
0.0151102
0.0186506
0.0198876
0.0175946
0.0168737
0.0212743
0.0195249
0.0184701
0.0195123
0.0195123
0.0180952
0.0196784
0.0196784
0.0177766
0.0184983
0.0202054
0.0202054
0.0198162
0.0186246
0.0200276
0.0161522
0.0222732
0.0163722
0.0163722
0.0177344
0.0133615
0.0196641
0.0142483
0.0149693
0.0177888
0.0244127
0.0244127
0.0155104
0.0207614
0.0183028
0.0177479
0.0177614
0.0175946
0.0175675
0.0177888
0.0174279
0.0174279
0.0237177
0.0189696
0.0230559
0.0196927
0.0189975
0.0172203
0.0223302
0.020025
0.0156118
0.0202342
0.0173743
0.0173743
0.0173738
0.0216226
0.0232187
0.0187892
0.0193444
0.0174281
0.0181093
0.0181093
0.0179283
0.019498
0.0210957
0.0174007
0.0168867
0.0172475
0.0219396
0.0202342
0.018817
0.018817
0.0181233
0.0214273
0.0212456
0.0161786
0.0186366
0.0191639
0.0191639
0.0214273
0.0163855
0.0175946
0.0193585
0.0245821
0.0199022
0.0172888
0.0174142
0.0174554
0.0221644
0.0209448
0.021818
0.018817
0.0200827
0.0215134
0.0221496
0.014791
0.0228722
0.0167197
0.0189568
0.0231752
0.0293065
0.0313183
0.0386861
0.0386861
0.0500736
0.050104
0.0549728
0.0555858
0.0560761
0.0688439
0.064041
0.056497
0.0552445
0.0552445
0.0552676
0.063884
0.0547544
0.0512237
0.0524426
0.0598527
0.0600104
0.0614626
0.0563147
0.0548911
0.0621507
0.0609475
0.0609475
0.0603259
0.0548803
0.0548803
0.0624069
0.0606906
0.0566925
0.0595449
0.0591556
0.0617772
0.0619597
0.0605909
0.0568748
0.0596784
0.059107
0.0680629
0.0645295
0.0644063
0.0628979
0.0681164
0.0625073
0.0625073
0.0635957
0.0651291
0.0670465
0.0637526
0.0636759
0.0606906
0.0645553
0.0626827
0.0666877
0.0643986
0.0643986
0.0635443
0.0618104
0.0618104
0.0618276
0.0615696
0.0621675
0.0573651
0.0624319
0.0640922
0.0614453
0.0673397
0.0629795
0.0629795
0.0649725
0.0630222
0.0642679
0.0647898
0.0635443
0.0607401
0.0719016
0.0661659
0.0616199
0.0624821
0.0624821
0.0630299
0.0671596
0.0679604
0.0677776
0.0590221
0.0676217
0.0637099
0.0648017
0.0627081
0.0626485
0.0636685
0.0709584
0.0711042
0.0711042
0.0712603
0.0691304
0.0691304
0.0659791
0.065614
0.065614
0.069455
0.0719383
0.0690366
0.0682399
0.0720679
0.0720679
0.0701742
0.0717722
0.0730252
0.0683222
0.0691413
0.0688017
0.0717288
0.0643737
0.0708267
0.0701742
0.073181
0.070357
0.0703046
0.0740584
0.067794
0.067637
0.069835
0.0680318
0.0714014
0.0714014
0.0670498
0.0698877
0.067598
0.0705661
0.0747194
0.0557034
0.060012
0.0570349
0.0537369
0.0472364
0.0432814
0.046202
0.0458974
0.0486543
0.0446037
0.0465654
0.0465654
0.0514715
0.0445179
0.043463
0.0422487
0.0455536
0.0499478
0.0499478
0.0467865
0.0460399
0.0501567
0.0462411
0.0427555
0.0499119
0.0467082
0.0451318
0.0451318
0.0451867
0.0481651
0.0404492
0.0448597
0.0432851
0.0443335
0.0427555
0.045206
0.0420088
0.0393598
0.0450243
0.0461826
0.0407925
0.0407925
0.0446802
0.0449008
0.0477815
0.0429371
0.0434065
0.0470944
0.0491794
0.0460399
0.053919
0.0540795
0.0607648
0.0565484
0.0561576
0.0557933
0.0571245
0.0571245
0.0557034
0.0584323
0.0551724
0.0594581
0.0544437
0.0492162
0.0555151
0.0566867
0.0545828
0.0545828
0.060279
0.0544437
0.0535921
0.0551507
0.0570293
0.0570293
0.0554554
0.0546325
0.061139
0.0562059
0.0579461
0.0551349
0.0575592
0.0581284
0.056162
0.061433
0.0589791
0.0530671
0.0549902
0.0530519
0.0518093
0.0572394
0.0614095
0.0565777
0.0550119
0.0577638
0.0582275
0.0561402
0.0559581
0.055776
0.0572394
0.0511229
0.0565329
0.0565329
0.0558636
0.0530459
0.0601874
0.0574378
0.0551291
0.0565045
0.0615919
0.0562059
0.0586829
0.0601484
0.065093
0.0600583
0.0572843
0.055216
0.0560237
0.0574297
0.0623075
0.0563882
0.0541227
0.0584323
0.0584777
0.0584777
0.0563662
0.057377
0.0623454
0.0581132
0.058136
0.0546043
0.0579461
0.0524958
0.0621157
0.0591615
0.0613164
0.0613164
0.0516273
0.057102
0.0545614
0.0558196
0.0571727
0.0568527
0.0568527
0.054931
0.0604232
0.0560458
0.062173
0.0627205
0.0621971
0.0599225
0.0634876
0.0613932
0.0613932
0.0609176
0.067375
0.0554503
0.0651466
0.0546516
0.0549961
0.0558202
0.0474719
0.0513687
0.0515114
0.0461939
0.0528961
0.0505056
0.0509946
0.055106
0.0519891
0.0519891
0.0500485
0.0510265
0.0504532
0.0550746
0.0632289
0.0632289
0.0628253
0.0700532
0.0719819
0.0703825
0.0758862
0.0710522
0.0701574
0.0731075
0.0745266
0.071282
0.0691201
0.0722012
0.0700827
0.0731994
0.0622522
0.0688561
0.0716044
0.0715929
0.0770305
0.0623314
0.0623314
0.0667274
0.0662869
0.0609146
0.0595926
0.0661665
0.0661665
0.0684319
0.118248
0.122641
0.113307
0.117497
0.126576
0.123908
0.122386
0.130095
0.139503
0.135801
0.121553
0.119179
0.118739
0.118418
0.128851
0.124121
0.118292
0.11833
0.119234
0.117747
0.116771
0.117418
0.113705
0.115764
0.11508
0.109793
0.105734
0.109411
0.107727
0.0996585
0.102466
0.101313
0.104992
0.0992391
0.10255
0.0973734
0.0958313
0.0972422
0.0993528
0.0967307
0.0893406
0.0919546
0.084929
0.0918578
0.0895809
0.0876692
0.0913622
0.0829468
0.0872451
0.0834894
0.0743245
0.0776609
0.082166
0.082166
0.0802102
0.0755855
0.0767937
0.0680847
0.066736
0.0700981
0.0700981
0.062998
0.0640339
0.0583829
0.064742
0.0613471
0.0584598
0.0669059
0.0543742
0.0544133
0.0559223
0.0586049
0.0445779
0.0582763
0.0540287
0.0563297
0.0643281
0.0752023
0.0598221
0.0543078
0.0591993
0.0644274
0.0688677
0.069888
0.0613733
0.0671572
0.0666751
0.0700149
0.0614789
0.0597077
0.0609364
0.0570616
0.060364
0.0648177
0.0549725
0.0618054
0.0618054
0.0635605
0.0556694
0.0550539
0.0508551
0.0589044
0.0516001
0.0520028
0.0544637
0.0554492
0.0556149
0.0564658
0.0567941
0.0495977
0.0495977
0.0547334
0.0548101
0.0516265
0.0530245
0.0579959
0.0564226
0.0453533
0.0497513
0.0467739
0.0458042
0.0506328
0.0523998
0.0523998
0.0414851
0.0405983
0.0389425
0.0389425
0.0434657
0.038352
0.038352
0.0367803
0.0364396
0.0364396
0.0457374
0.0372062
0.0460338
0.0460338
0.0404751
0.0373816
0.037592
0.0379667
0.0302491
0.0308468
0.0391587
0.0337895
0.0340108
0.0318514
0.0374815
0.0330495
0.0296877
0.0374918
0.0300619
0.0287572
0.0218097
0.0272286
0.0278209
0.0247954
0.0230744
0.0252859
0.0255859
0.0258787
0.0267775
0.0263052
0.0303979
0.021436
0.0242344
0.0242344
0.0217081
0.0199293
0.0186571
0.0223049
0.0176807
0.0205982
0.0206287
0.0141451
0.0185135
0.0166975
0.0190255
0.0212824
0.0146268
0.015962
0.015962
0.0151931
0.0159186
0.0115447
0.00792024
0.0154304
0.010127
0.0124264
0.013541
0.0134008
0.0163074
0.0149857
0.0105453
0.0107774
0.010362
0.014287
0.00292588
0.00188113
0.00766477
0.00501832
0.00385622
0.00267183
0.00827107
0.00592496
0.0102706
0.00617973
0.00513592
0.00341582
0.00582799
0.00316172
-0.00103473
-5.79021e-05
0.00439172
0.00439172
0.00236798
-0.00115373
0.00648315
0.00648315
0.00152678
-0.00398581
-0.00183015
-0.00100668
-0.00206799
-0.00565343
-0.00270257
-0.000677443
-0.00405543
-0.00324636
-0.00640197
-0.00504193
-0.00441076
-0.00441076
-0.00373708
-0.00317986
-0.00639596
-0.0100868
-0.0105223
-0.0105366
-0.00980179
-0.00494446
-0.00733896
-0.0121807
-0.00719975
-0.00136194
-0.0113882
-0.0113882
-0.014211
-0.0118043
-0.0117307
-0.0158134
-0.0141002
-0.0128125
-0.0107152
-0.0140315
-0.0103444
-0.019083
-0.0180971
-0.0128582
-0.0128582
-0.0127394
-0.0174787
-0.0141471
-0.0188955
-0.0159407
-0.0220938
-0.0169901
-0.015517
-0.0127447
-0.0127447
-0.0127447
-0.0220955
-0.0196974
-0.0196974
-0.0215446
-0.0190807
-0.0209893
-0.0209893
-0.016927
-0.0217293
-0.0216015
-0.0260799
-0.0209121
-0.0172983
-0.0211127
-0.028733
-0.0171121
-0.0260306
-0.024926
-0.0277541
-0.0251065
-0.0237495
-0.0280774
-0.0341591
-0.0224612
-0.0243136
-0.0243136
-0.031619
-0.0269973
-0.0269973
-0.0309881
-0.0310652
-0.0315513
-0.0273003
-0.024173
-0.0317537
-0.0350998
-0.0339836
-0.0321095
-0.0323524
-0.0287202
-0.029822
-0.0247666
-0.0247666
-0.034033
-0.0311996
-0.032342
-0.0328376
-0.0243578
-0.0259008
-0.0259008
-0.0369209
-0.0383358
-0.0412467
-0.0412467
-0.0367068
-0.0367068
-0.0363949
-0.0285431
-0.0380631
-0.0380631
-0.0368343
-0.0349559
-0.0315513
-0.0454294
-0.0408385
-0.0317776
-0.0349694
-0.0357637
-0.0334882
-0.0334882
-0.0320199
-0.0421835
-0.0373735
-0.0384016
-0.0341233
-0.0382891
-0.0382891
-0.0414082
-0.0426765
-0.0426765
-0.0426036
-0.0425251
-0.0368772
-0.0422557
-0.0381247
-0.0419605
-0.0430272
-0.037905
-0.0374801
-0.0414013
-0.0379611
-0.0428746
-0.0450417
-0.0441763
-0.0377361
-0.0358277
-0.0361397
-0.0450417
-0.0424877
-0.0460557
-0.0460557
-0.0464338
-0.038563
-0.0401736
-0.0404587
-0.0389305
-0.0409844
-0.0409844
-0.045355
-0.0395002
-0.0433451
-0.0443294
-0.0408538
-0.047314
-0.0475809
-0.0424373
-0.040764
-0.0420338
-0.0384319
-0.0494084
-0.0494084
-0.0437881
-0.0438972
-0.045989
-0.0463498
-0.044939
-0.044939
-0.0484116
-0.0443656
-0.0432155
-0.0464035
-0.0501956
-0.0496224
-0.0496224
-0.0495452
-0.0484957
-0.0496971
-0.0416764
-0.0512379
-0.0465553
-0.0440293
-0.0424125
-0.0488073
-0.0468425
-0.050613
-0.0531987
-0.0446796
-0.0458808
-0.0561855
-0.052916
-0.0535659
-0.0510798
-0.0470825
-0.05262
-0.0475809
-0.0555401
-0.046794
-0.0542503
-0.0561095
-0.0516576
-0.0497393
-0.0497393
-0.0508963
-0.0531987
-0.0531987
-0.0510276
-0.050082
-0.0505028
-0.0560698
-0.0490929
-0.0569143
-0.0535412
-0.0530424
-0.052766
-0.0524364
-0.0483041
-0.0492767
-0.0549385
-0.0546602
-0.0543215
-0.0523986
-0.0523986
-0.0544766
-0.0562315
-0.0582441
-0.0561508
-0.056765
-0.0503973
-0.0536975
-0.0616656
-0.0619646
-0.0568157
-0.0534781
-0.0535139
-0.0608491
-0.0563473
-0.0511975
-0.0562652
-0.050345
-0.0552544
-0.050082
-0.0533976
-0.0525401
-0.0525401
-0.0562964
-0.0562964
-0.0524883
-0.059697
-0.0502901
-0.0514382
-0.0568157
-0.05262
-0.0553714
-0.0595723
-0.0533976
-0.0586232
-0.0555704
-0.0510798
-0.0565816
-0.0622737
-0.0548952
-0.0528173
-0.0553056
-0.0487526
-0.0582058
-0.0557653
-0.0553982
-0.0593064
-0.0498983
-0.0568339
-0.0610544
-0.0543267
-0.0590818
-0.0536028
-0.0576407
-0.0611884
-0.0611392
-0.0550406
-0.0523324
-0.0560619
-0.0587562
-0.0547755
-0.0615942
-0.0611526
-0.0538576
-0.0546735
-0.0534781
-0.0554164
-0.0620821
-0.0620821
-0.0599823
-0.0623085
-0.0645525
-0.0619073
-0.0601156
-0.0606736
-0.0587952
-0.0577407
-0.0609988
-0.0653109
-0.0584072
-0.0593987
-0.0599987
-0.0599987
-0.0586964
-0.0607011
-0.0529597
-0.0590135
-0.0582407
-0.055417
-0.0591816
-0.0603214
-0.0587237
-0.0590726
-0.0596818
-0.0563664
-0.0563664
-0.060272
-0.0553343
-0.0553343
-0.0602366
-0.0584139
-0.0584139
-0.0602657
-0.0657259
-0.0642605
-0.0642605
-0.0539596
-0.0629133
-0.0593305
-0.063548
-0.0635395
-0.0635395
-0.0604553
-0.0632307
-0.0632307
-0.0597316
-0.0599192
-0.0574239
-0.0562898
-0.0555221
-0.0566068
-0.0596866
-0.0596818
-0.0544671
-0.0555177
-0.0608219
-0.0580809
-0.0611036
-0.0622783
-0.0604553
-0.0619835
-0.0584635
-0.0584635
-0.060688
-0.0589483
-0.0622654
-0.0628153
-0.0641378
-0.0562732
-0.0530106
-0.0586469
-0.0657276
-0.0584978
-0.0676379
-0.0657769
-0.0634643
-0.0616545
-0.0617774
-0.0617774
-0.0672797
-0.0652845
-0.0607011
-0.0613367
-0.0611157
-0.0601151
-0.0629148
-0.0599148
-0.064321
-0.061724
-0.0654084
-0.0513697
-0.0628664
-0.0628664
-0.0659235
-0.0600173
-0.0510434
-0.061875
-0.0580236
-0.0607872
-0.0607872
-0.0585131
-0.0675421
-0.0661888
-0.0659118
-0.0635507
-0.0626934
-0.0593823
-0.0587309
-0.0609065
-0.0568237
-0.0672718
-0.0574071
-0.0619722
-0.0619722
-0.0608357
-0.0631464
-0.0610153
-0.0626547
-0.058747
-0.0641943
-0.0641943
-0.0649615
-0.0600663
-0.0654966
-0.0587309
-0.0655938
-0.0612396
-0.0625484
-0.0676359
-0.0593151
-0.0593151
-0.0724524
-0.0619118
-0.0689975
-0.0683615
-0.0633814
-0.0658678
-0.0584293
-0.0565068
-0.0629148
-0.064234
-0.0687745
-0.0635972
-0.0660938
-0.0633675
-0.0645913
-0.0680429
-0.0656899
-0.0656899
-0.0665548
-0.0659177
-0.064831
-0.0673171
-0.0643692
-0.070782
-0.0625585
-0.0604798
-0.0625675
-0.0625675
-0.0606521
-0.068002
-0.068002
-0.0617405
-0.0640589
-0.0566719
-0.0592968
-0.0659107
-0.0644171
-0.0673697
-0.0644277
-0.0637804
-0.0684116
-0.0643296
-0.0663646
-0.0698214
-0.071959
-0.0731831
-0.0731831
-0.0630208
-0.0692793
-0.065014
-0.0564395
-0.0677252
-0.0660857
-0.0671398
-0.0656397
-0.063605
-0.0672757
-0.0625675
-0.0680074
-0.0654633
-0.0645069
-0.0631984
-0.063788
-0.063788
-0.0627416
-0.0656872
-0.0631464
-0.0685509
-0.065965
-0.0629247
-0.0691833
-0.0647744
-0.0650536
-0.06278
-0.0711838
-0.0754905
-0.070545
-0.0675057
-0.0674587
-0.0618351
-0.0618351
-0.0642822
-0.0670038
-0.0694087
-0.0694087
-0.0724975
-0.0662363
-0.0678662
-0.0707738
-0.0654218
-0.0629679
-0.0626139
-0.0626139
-0.067953
-0.0688223
-0.0767711
-0.0710816
-0.0639576
-0.0647909
-0.0618376
-0.0673697
-0.0703175
-0.0699979
-0.0610189
-0.0673697
-0.0640113
-0.0659107
-0.0742229
-0.0743585
-0.0675566
-0.0668678
-0.0704092
-0.0701807
-0.071959
-0.0660533
-0.0703622
-0.0680903
-0.0674506
-0.070683
-0.0640102
-0.0631558
-0.0620182
-0.0700404
-0.0700404
-0.0677355
-0.0663718
-0.071045
-0.0728171
-0.071036
-0.0680922
-0.0666922
-0.0666848
-0.0657347
-0.0672336
-0.0682307
-0.0675057
-0.0715384
-0.0680894
-0.0675436
-0.0660533
-0.0682321
-0.0700509
-0.0664665
-0.0778123
-0.0670507
-0.0690388
-0.0724375
-0.0660935
-0.0665137
-0.0737058
-0.0737058
-0.071493
-0.0679556
-0.0671312
-0.0691758
-0.0667317
-0.0672286
-0.0687279
-0.0687279
-0.0702132
-0.0653222
-0.0708202
-0.0677775
-0.0650088
-0.072041
-0.0777675
-0.0679556
-0.0681385
-0.0684116
-0.0620264
-0.0668142
-0.0664594
-0.0725893
-0.0688174
-0.0655577
-0.0710816
-0.0703598
-0.0679094
-0.0679094
-0.0669568
-0.0727262
-0.0719956
-0.0728028
-0.0709898
-0.0679112
-0.072361
-0.0707746
-0.069952
-0.063788
-0.0711271
-0.0716297
-0.0658211
-0.0675899
-0.0705304
-0.0680074
-0.0713103
-0.0721326
-0.0757955
-0.0682288
-0.0656463
-0.0691866
-0.0747569
-0.0718124
-0.0726677
-0.0697241
-0.064188
-0.0724864
-0.079099
-0.0740403
-0.0710816
-0.0698152
-0.0698152
-0.067863
-0.0723945
-0.0658211
-0.0726692
-0.076303
-0.0687309
-0.0687309
-0.0720868
-0.0707616
-0.0688562
-0.0690847
-0.0728504
-0.0734432
-0.070076
-0.0690389
-0.0678165
-0.0726225
-0.0739949
-0.0715843
-0.0722117
-0.0743431
-0.0662336
-0.0697692
-0.0741606
-0.0709444
-0.0743468
-0.0743468
-0.0686731
-0.070487
-0.0716751
-0.0746334
-0.0725435
-0.0779053
-0.0792968
-0.0697231
-0.0682751
-0.0682751
-0.0732607
-0.0640102
-0.0721172
-0.0707454
-0.0686717
-0.0743917
-0.0691304
-0.0703027
-0.0635971
-0.0696185
-0.0696185
-0.0679119
-0.0709904
-0.0713347
-0.0738576
-0.0689108
-0.0689476
-0.0737506
-0.0729438
-0.0752648
-0.07276
-0.0751483
-0.0717038
-0.067996
-0.0743945
-0.0681359
-0.0723607
-0.0697231
-0.072485
-0.0766073
-0.0720751
-0.072257
-0.0771266
-0.0740527
-0.0770609
-0.078212
-0.0677728
-0.0677728
-0.070287
-0.0757955
-0.0699059
-0.0726651
-0.0734258
-0.0676221
-0.0716141
-0.0740226
-0.0684116
-0.0715384
-0.0713559
-0.0722238
-0.0719499
-0.0725301
-0.0732921
-0.0760224
-0.0692667
-0.0767129
-0.0759856
-0.0762582
-0.078837
-0.0705788
-0.0663989
-0.0693127
-0.0721195
-0.0740712
-0.0774762
-0.0749426
-0.0752476
-0.0738845
-0.0721647
-0.0752425
-0.0753808
-0.077111
-0.0718129
-0.0774762
-0.0704402
-0.0760167
-0.0724342
-0.0724342
-0.0761414
-0.0753308
-0.0753308
-0.0731494
-0.076594
-0.0787342
-0.078212
-0.0755191
-0.0707616
-0.0707616
-0.0763432
-0.0709548
-0.0738913
-0.0737058
-0.0744508
-0.0744508
-0.0732628
-0.0748049
-0.0789316
-0.0789316
-0.0800508
-0.0746381
-0.0746889
-0.0746889
-0.0784128
-0.0742292
-0.0760436
-0.075653
-0.076493
-0.0686277
-0.0823664
-0.0735376
-0.0831258
-0.0785952
-0.0756517
-0.0745702
-0.076802
-0.0807566
-0.0854542
-0.075751
-0.0778414
-0.0774762
-0.0761162
-0.080833
-0.0793408
-0.0739949
-0.0744811
-0.0792459
-0.0751539
-0.080833
-0.0801496
-0.0841346
-0.0783172
-0.073332
-0.0728028
-0.0737058
-0.0778217
-0.0825657
-0.0755426
-0.0742849
-0.0747082
-0.0758782
-0.0781347
-0.0783172
-0.0816799
-0.0764115
-0.0764115
-0.0816405
-0.0795368
-0.0738845
-0.0828159
-0.0803196
-0.0738436
-0.0796545
-0.0747569
-0.0752921
-0.0766141
-0.0787342
-0.0791072
-0.0810059
-0.079099
-0.0822695
-0.0789166
-0.0795593
-0.0790634
-0.0765131
-0.0785157
-0.0766638
-0.0822695
-0.0802233
-0.0802233
-0.0789464
-0.0799979
-0.0807566
-0.0799016
-0.0770539
-0.0768277
-0.0817653
-0.07896
-0.0762492
-0.0749216
-0.0799116
-0.082748
-0.0801974
-0.0780981
-0.0773091
-0.0767327
-0.0727345
-0.0795685
-0.0755191
-0.0765572
-0.0752802
-0.0868129
-0.0748773
-0.0783006
-0.0736159
-0.0787342
-0.0796943
-0.0739494
-0.0854673
-0.0854673
-0.0804644
-0.0800575
-0.0743877
-0.0705777
-0.0857393
-0.0786569
-0.0751042
-0.0757017
-0.0795368
-0.0795368
-0.0786034
-0.0766073
-0.08394
-0.0797724
-0.0776588
-0.0824092
-0.0789684
-0.0822695
-0.0799979
-0.0780389
-0.0780389
-0.0784128
-0.0778414
-0.0804589
-0.0832946
-0.0759284
-0.0814666
-0.0814666
-0.0742292
-0.0833785
-0.0830527
-0.0774699
-0.0800941
-0.0869838
-0.079012
-0.0807992
-0.0729714
-0.0829773
-0.0829773
-0.0802093
-0.0854963
-0.0824937
-0.0787206
-0.0814434
-0.0808107
-0.0791382
-0.0806412
-0.0825235
-0.0808535
-0.0791289
-0.0757322
-0.0757322
-0.0825934
-0.0808842
-0.0750013
-0.0800075
-0.0835879
-0.0822855
-0.0822012
-0.0876414
-0.0799979
-0.0809931
-0.087841
-0.0871949
-0.0749712
-0.0788809
-0.0861562
-0.0861562
-0.0808549
-0.0810241
-0.0784389
-0.086312
-0.0822565
-0.0786983
-0.080615
-0.084201
-0.0807247
-0.0811327
-0.0860155
-0.0780667
-0.0793151
-0.0793151
-0.0833223
-0.0838839
-0.0838839
-0.0772995
-0.0773957
-0.0802333
-0.0832232
-0.0823964
-0.0837436
-0.0814546
-0.0807804
-0.0807273
-0.0795798
-0.0821947
-0.0858441
-0.0884852
-0.0841223
-0.0855679
-0.0789684
-0.0838675
-0.0821452
-0.0771787
-0.0834602
-0.0872648
-0.0832657
-0.0849201
-0.0830703
-0.0830281
-0.0830281
-0.0803196
-0.0842485
-0.084529
-0.0835187
-0.0839677
-0.0892447
-0.081583
-0.0818505
-0.0782804
-0.0832525
-0.0808842
-0.0829723
-0.0844448
-0.0857205
-0.0834602
-0.0861146
-0.0858333
-0.0804589
-0.0843718
-0.0859893
-0.0858607
-0.0901142
-0.0877001
-0.0877001
-0.0832657
-0.0865361
-0.0886572
-0.0861663
-0.0786025
-0.0803918
-0.0779169
-0.0832104
-0.0857425
-0.0857425
-0.0849496
-0.0873571
-0.084158
-0.0824677
-0.0874593
-0.0874593
-0.0794831
-0.088845
-0.0856095
-0.0856095
-0.0831807
-0.0884571
-0.0821872
-0.0805852
-0.0828881
-0.0862888
-0.0822434
-0.0842191
-0.0898357
-0.0877168
-0.0934892
-0.0885282
-0.0928604
-0.0878453
-0.0796797
-0.0829435
-0.0835998
-0.0903369
-0.0786569
-0.085229
-0.0832657
-0.084201
-0.0936499
-0.0930239
-0.0840511
-0.0840511
-0.0844984
-0.0817243
-0.0872995
-0.0859575
-0.0881054
-0.0795798
-0.0879234
-0.087841
-0.087841
-0.0861396
-0.0839258
-0.0910531
-0.0866765
-0.0915784
-0.0926422
-0.0885382
-0.0851176
-0.0894859
-0.0890216
-0.08314
-0.0873854
-0.0885571
-0.0833369
-0.0822434
-0.0885586
-0.0841916
-0.088164
-0.0881138
-0.087871
-0.0854524
-0.0854111
-0.0837543
-0.0764304
-0.089003
-0.089003
-0.0758639
-0.0981602
-0.0981602
-0.0866611
-0.089879
-0.0870359
-0.0897091
-0.0911136
-0.0911136
-0.0867891
-0.0877824
-0.0849637
-0.0849637
-0.0781525
-0.0866895
-0.0958751
-0.0864486
-0.0863956
-0.085552
-0.0911136
-0.086954
-0.0935986
-0.087576
-0.0917809
-0.0924603
-0.0933937
-0.0830281
-0.0822989
-0.0849637
-0.0868538
-0.0883363
-0.0868538
-0.0868538
-0.0871949
-0.0870127
-0.092474
-0.0875875
-0.0893875
-0.0846827
-0.0951857
-0.0930239
-0.0896971
-0.0939791
-0.0886194
-0.0869129
-0.088598
-0.088598
-0.0874
-0.0856785
-0.0958662
-0.0894677
-0.0897311
-0.0901355
-0.0902962
-0.0901409
-0.0919285
-0.0951349
-0.0837284
-0.0880463
-0.0880463
-0.0896904
-0.0846547
-0.0908503
-0.0896302
-0.0868349
-0.0867535
-0.0940183
-0.0885382
-0.0867183
-0.0867183
-0.0955094
-0.0955094
-0.0876175
-0.0877001
-0.0926954
-0.0926954
-0.0887609
-0.0908827
-0.0855348
-0.0897584
-0.0912956
-0.0935479
-0.0902904
-0.0891249
-0.0876588
-0.0913157
-0.086995
-0.086995
-0.0889023
-0.0922055
-0.0890331
-0.0931042
-0.0903623
-0.0920078
-0.0877001
-0.0867535
-0.0867535
-0.0818563
-0.083364
-0.0868432
-0.0862968
-0.0881543
-0.095485
-0.0920926
-0.0850881
-0.085419
-0.0864301
-0.0910935
-0.0861146
-0.0925764
-0.0881054
-0.0872798
-0.0909604
-0.0885571
-0.0909921
-0.0916597
-0.0916597
-0.083645
-0.089003
-0.0945481
-0.086248
-0.0873039
-0.0873039
-0.0836708
-0.0917286
-0.0917286
-0.0873249
-0.0906945
-0.0884567
-0.089627
-0.0946107
-0.0946107
-0.0872944
-0.0892525
-0.0863075
-0.0900209
-0.0893732
-0.0870617
-0.0911381
-0.0921727
-0.0832525
-0.0911338
-0.0923945
-0.0926785
-0.0876276
-0.0916688
-0.0911777
-0.0876683
-0.0881333
-0.0911607
-0.0873358
-0.0890626
-0.0890626
-0.095096
-0.095096
-0.0873358
-0.0939657
-0.0858838
-0.0880771
-0.0923178
-0.0918114
-0.0837957
-0.09215
-0.0860017
-0.0860017
-0.0895763
-0.0885789
-0.0962441
-0.0885209
-0.0890492
-0.0871949
-0.0853856
-0.0850053
-0.0954205
-0.0987985
-0.0913827
-0.0923546
-0.0901957
-0.0940135
-0.0880924
-0.0882958
-0.0899405
-0.0921327
-0.0858838
-0.0936544
-0.0891035
-0.0945707
-0.0928418
-0.0915247
-0.0927994
-0.0915019
-0.0938362
-0.0923812
-0.0923965
-0.0888052
-0.0888052
-0.0910729
-0.0882052
-0.088053
-0.088053
-0.0950819
-0.0882337
-0.0968614
-0.0908139
-0.0905292
-0.0864912
-0.0932118
-0.0939908
-0.0853183
-0.0853183
-0.0927184
-0.0899807
-0.0899807
-0.0968862
-0.0925181
-0.0922146
-0.0851875
-0.087377
-0.0924966
-0.0924966
-0.0923318
-0.0917687
-0.0917687
-0.0979317
-0.0826436
-0.0884779
-0.0884779
-0.0945189
-0.0894483
-0.0913827
-0.0877413
-0.0868129
-0.08992
-0.0968614
-0.0988753
-0.0976801
-0.0952777
-0.0897775
-0.089817
-0.0856346
-0.0993149
-0.0942384
-0.0918211
-0.0918088
-0.100681
-0.0883787
-0.0900379
-0.0917466
-0.0901734
-0.0905375
-0.0974336
-0.0964973
-0.0953382
-0.0949907
-0.102552
-0.0939136
-0.0925917
-0.0847476
-0.0967454
-0.0978329
-0.0899987
-0.0889398
-0.089817
-0.089817
-0.0870975
-0.0955882
-0.0922291
-0.0981186
-0.0934842
-0.090893
-0.0905879
-0.0940817
-0.10021
-0.091905
-0.0857579
-0.0860565
-0.0976362
-0.0958204
-0.0964206
-0.0996398
-0.0948877
-0.0984534
-0.0904647
-0.0954205
-0.0950301
-0.0918655
-0.0908682
-0.0939543
-0.0939394
-0.095784
-0.0928774
-0.0961069
-0.0903045
-0.0946018
-0.095829
-0.0911536
-0.0946018
-0.0927994
-0.0909958
-0.0890437
-0.0943662
-0.0958877
-0.093708
-0.0960694
-0.102552
-0.102552
-0.0943818
-0.0900137
-0.100354
-0.100354
-0.0885988
-0.100032
-0.0934892
-0.0946666
-0.101291
-0.0962117
-0.0992767
-0.0966607
-0.0953601
-0.0952082
-0.0967427
-0.0946018
-0.0954595
-0.0916044
-0.0985971
-0.0945632
-0.0954205
-0.0948103
-0.0914622
-0.0938365
-0.101435
-0.0946286
-0.0962597
-0.0879515
-0.0911338
-0.099885
-0.0925926
-0.0980558
-0.0973679
-0.0935516
-0.0979692
-0.0935122
-0.0962511
-0.100899
-0.101398
-0.0922539
-0.0920525
-0.0987985
-0.0932019
-0.0882751
-0.0981883
-0.0981883
-0.0944813
-0.0958617
-0.0967065
-0.0929811
-0.0920327
-0.0918704
-0.0950142
-0.0970701
-0.089879
-0.0954595
-0.093694
-0.0952463
-0.0952463
-0.0903623
-0.0882349
-0.0971444
-0.0963949
-0.0935226
-0.0951349
-0.0966024
-0.0957059
-0.0983397
-0.0911381
-0.0892712
-0.0892712
-0.0867942
-0.100785
-0.0964973
-0.0984461
-0.0943427
-0.0966074
-0.0914622
-0.101836
-0.0994482
-0.0994482
-0.0974696
-0.100642
-0.0904896
-0.0918647
-0.0916047
-0.0974776
-0.0920465
-0.0942001
-0.100649
-0.0909518
-0.0941609
-0.0952367
-0.0952367
-0.0986648
-0.100467
-0.0956385
-0.0937319
-0.0921112
-0.09241
-0.0981282
-0.0981282
-0.0925532
-0.0968999
-0.0984451
-0.0907699
-0.0967951
-0.0948604
-0.0928774
-0.0961345
-0.0905266
-0.092293
-0.0947835
-0.0894931
-0.0942649
-0.0937179
-0.0984848
-0.09604
-0.0983096
-0.0943687
-0.0976926
-0.101249
-0.0954185
-0.0945577
-0.0977651
-0.0916203
-0.0917627
-0.0950696
-0.0942108
-0.096789
-0.0871175
-0.0967183
-0.0995282
-0.097402
-0.101543
-0.0954595
-0.0954595
-0.0964717
-0.0976513
-0.094822
-0.0955488
-0.0959912
-0.0935908
-0.0939394
-0.0984069
-0.0894304
-0.0928384
-0.0971444
-0.093098
-0.0923321
-0.0966135
-0.0994201
-0.0974315
-0.0966135
-0.0903868
-0.0963269
-0.0979765
-0.0989517
-0.10676
-0.0957819
-0.0916441
-0.0925764
-0.0940567
-0.0944307
-0.0973015
-0.086926
-0.10118
-0.104164
-0.100217
-0.0970431
-0.0943176
-0.0956144
-0.0981961
-0.104562
-0.0968614
-0.0912172
-0.0920078
-0.0945114
-0.103801
-0.0916178
-0.0897544
-0.0897544
-0.101287
-0.093819
-0.0973023
-0.100899
-0.0993818
-0.0968607
-0.096835
-0.102914
-0.100361
-0.0908101
-0.0908101
-0.104237
-0.0971073
-0.0971073
-0.0891691
-0.0967951
-0.0967951
-0.0975209
-0.0961206
-0.0922524
-0.0895491
-0.0978329
-0.0968228
-0.105613
-0.0972247
-0.0914622
-0.0969706
-0.0969706
-0.093098
-0.0992851
-0.0939934
-0.100206
-0.0965847
-0.0924066
-0.0944566
-0.0974336
-0.10118
-0.0971583
-0.0990569
-0.0977273
-0.102894
-0.0984444
-0.0968737
-0.0968737
-0.0991731
-0.0979157
-0.0961473
-0.0947299
-0.0993023
-0.0950549
-0.0971144
-0.0955333
-0.0985514
-0.0941339
-0.0929666
-0.0962388
-0.0933056
-0.0933056
-0.094354
-0.100823
-0.102983
-0.0999932
-0.101105
-0.0969384
-0.0984832
-0.0956412
-0.0975835
-0.0941724
-0.100458
-0.094997
-0.0868157
-0.0868157
-0.0932639
-0.0970387
-0.0909958
-0.0930202
-0.097575
-0.100361
-0.0950036
-0.0964318
-0.0962117
-0.10043
-0.10043
-0.0979466
-0.0987329
-0.0948448
-0.0948448
-0.095705
-0.0947714
-0.0979001
-0.0956768
-0.0955232
-0.0929811
-0.0908685
-0.0930591
-0.0970816
-0.104454
-0.0949266
-0.0972582
-0.0966518
-0.0966518
-0.0913354
-0.09604
-0.09604
-0.0945245
-0.0898389
-0.0933683
-0.102241
-0.0951407
-0.0976132
-0.0961473
-0.099378
-0.0998061
-0.0973337
-0.0973337
-0.100248
-0.0972582
-0.0936659
-0.097015
-0.094018
-0.093236
-0.093236
-0.09712
-0.0925529
-0.101169
-0.10078
-0.10078
-0.0996017
-0.0953517
-0.090101
-0.0970387
-0.09924
-0.0990093
-0.0952541
-0.0905441
-0.0908293
-0.0943815
-0.0969328
-0.0941339
-0.102581
-0.0993818
-0.0960303
-0.100929
-0.0996277
-0.102292
-0.105649
-0.0925945
-0.0927079
-0.0958229
-0.096588
-0.0990585
-0.0946504
-0.0924749
-0.0951605
-0.0985971
-0.0991652
-0.0966135
-0.099991
-0.0974696
-0.0993023
-0.0993023
-0.0905388
-0.0957436
-0.0942491
-0.0930454
-0.0971862
-0.0959636
-0.0977651
-0.100095
-0.0945577
-0.0979001
-0.0967454
-0.10046
-0.097575
-0.0987646
-0.0978251
-0.093819
-0.0969994
-0.093236
-0.0980814
-0.0978406
-0.0975528
-0.0960782
-0.09241
-0.0948751
-0.0987319
-0.0987269
-0.0956385
-0.095705
-0.095705
-0.0934176
-0.0962882
-0.0962882
-0.0947682
-0.0944857
-0.0949883
-0.094354
-0.0976513
-0.0929401
-0.10287
-0.100421
-0.0978029
-0.0978029
-0.0979765
-0.0947394
-0.0982629
-0.0966828
-0.100914
-0.0947775
-0.0948448
-0.0945245
-0.100142
-0.0995876
-0.0924357
-0.101105
-0.0966373
-0.0957911
-0.0963934
-0.0912016
-0.0971735
-0.0897775
-0.0947298
-0.0940794
-0.0944901
-0.0962133
-0.0892089
-0.0966373
-0.0972204
-0.0975528
-0.0975528
-0.0962886
-0.0990958
-0.0940888
-0.0922606
-0.0954951
-0.100097
-0.093006
-0.0946717
-0.0968849
-0.0968849
-0.0941609
-0.0995972
-0.0925784
-0.0945864
-0.0904263
-0.0964258
-0.0964258
-0.0976809
-0.0942324
-0.0941997
-0.0962886
-0.0929163
-0.0929163
-0.093226
-0.0924041
-0.0975377
-0.0953414
-0.104744
-0.095781
-0.095781
-0.102552
-0.08947
-0.0904023
-0.0963256
-0.0878281
-0.0878281
-0.0952969
-0.101875
-0.0951982
-0.0931238
-0.0891806
-0.103945
-0.103945
-0.0990585
-0.098514
-0.0963651
-0.103421
-0.088964
-0.0947013
-0.0981508
-0.0980814
-0.0942324
-0.0999165
-0.0999897
-0.0949591
-0.0999531
-0.0972649
-0.0957911
-0.0953601
-0.0987701
-0.0972274
-0.0972274
-0.0933124
-0.0943841
-0.0897525
-0.0967953
-0.0898693
-0.0992809
-0.0979407
-0.0960693
-0.0921629
-0.0984816
-0.0980484
-0.101604
-0.101604
-0.0980853
-0.0980853
-0.0937709
-0.0994822
-0.0993008
-0.094891
-0.094891
-0.0997351
-0.0970335
-0.096944
-0.0954731
-0.0944015
-0.0932449
-0.0989746
-0.0983742
-0.0983742
-0.0963628
-0.0983372
-0.095562
-0.095562
-0.0980484
-0.0972888
-0.0976882
-0.0909023
-0.100915
-0.100915
-0.0995186
-0.102531
-0.0951668
-0.0917537
-0.0989746
-0.0989746
-0.0967627
-0.0995913
-0.0932827
-0.0932827
-0.0968547
-0.0996449
-0.0996449
-0.09399
-0.0958184
-0.0944778
-0.0949153
-0.0948037
-0.0982497
-0.0987574
-0.102021
-0.0973621
-0.100153
-0.0958556
-0.0937709
-0.0956411
-0.0956411
-0.0976329
-0.0882043
-0.0906042
-0.099047
-0.0977248
-0.0912753
-0.0920193
-0.0950262
-0.0980316
-0.0914435
-0.0951873
-0.0935035
-0.0893918
-0.100043
-0.0928138
-0.0931947
-0.0902476
-0.0970491
-0.0906482
-0.0946067
-0.0946067
-0.098828
-0.0929756
-0.0899069
-0.0956221
-0.0952596
-0.0910111
-0.0893622
-0.0990985
-0.0987574
-0.092794
-0.0901724
-0.0906797
-0.0893077
-0.0893077
-0.0880226
-0.0956225
-0.0982128
-0.0977781
-0.0938508
-0.0912552
-0.09589
-0.0930705
-0.0952235
-0.0905733
-0.0925805
-0.0922586
-0.0905784
-0.092091
-0.0928891
-0.094135
-0.0908613
-0.0952597
-0.0936503
-0.0901035
-0.0900711
-0.0950407
-0.0889308
-0.090066
-0.090066
-0.0975955
-0.0947745
-0.0940858
-0.0939765
-0.0952596
-0.096275
-0.0905574
-0.0948102
-0.0945205
-0.0984403
-0.0934545
-0.0957673
-0.0908338
-0.0918587
-0.0966153
-0.0915554
-0.0904292
-0.0904292
-0.0928761
-0.0924054
-0.0881596
-0.0889367
-0.088862
-0.0887179
-0.097557
-0.0906525
-0.09168
-0.0947877
-0.0890809
-0.0977026
-0.0862381
-0.0930705
-0.0950048
-0.0971553
-0.0862244
-0.0883411
-0.0896749
-0.0920428
-0.0918247
-0.0945703
-0.0868888
-0.0966153
-0.0905784
-0.0933605
-0.0893077
-0.094425
-0.0896009
-0.0905412
-0.0905412
-0.0902897
-0.0946782
-0.0911725
-0.0937232
-0.0910277
-0.0870401
-0.0947516
-0.0938075
-0.0939169
-0.0934331
-0.0980022
-0.0922606
-0.0943393
-0.0900008
-0.0835347
-0.096612
-0.087522
-0.0895878
-0.0871839
-0.0882482
-0.0920428
-0.0917167
-0.0870024
-0.0865254
-0.0953789
-0.0930341
-0.0810545
-0.0870894
-0.0904465
-0.0931896
-0.0876285
-0.0924899
-0.0936979
-0.0927077
-0.0886599
-0.085042
-0.0876661
-0.0957059
-0.0893489
-0.0870521
-0.0947601
-0.0878477
-0.0877083
-0.0861701
-0.0877783
-0.0903751
-0.090508
-0.0927314
-0.0909194
-0.0887553
-0.0885041
-0.0917167
-0.092066
-0.092066
-0.0927803
-0.0894437
-0.0888994
-0.0888994
-0.0916447
-0.0901202
-0.0922606
-0.0927073
-0.0907745
-0.0894934
-0.0876221
-0.0919345
-0.0961392
-0.0913409
-0.0956198
-0.0924419
-0.0924419
-0.0868586
-0.0928525
-0.0898563
-0.0936133
-0.0964308
-0.0912457
-0.0916083
-0.0936261
-0.0911725
-0.0830666
-0.0944969
-0.0878156
-0.0878156
-0.0926958
-0.0894225
-0.0897117
-0.0893822
-0.0950764
-0.0860262
-0.0908472
-0.0932518
-0.0839486
-0.0949767
-0.0947497
-0.092054
-0.0911008
-0.095112
-0.0930338
-0.0950407
-0.0913905
-0.0901112
-0.0908834
-0.0908834
-0.0874898
-0.0901112
-0.0962447
-0.0892043
-0.0943483
-0.0883227
-0.0883227
-0.0928505
-0.0898931
-0.0898931
-0.0813531
-0.0939149
-0.0893857
-0.0886855
-0.0925146
-0.0869713
-0.0869713
-0.0917532
-0.0868705
-0.091474
-0.0879598
-0.0895671
-0.0880711
-0.0957014
-0.091982
-0.0881413
-0.0883337
-0.0928148
-0.0944328
-0.0946141
-0.091982
-0.0921994
-0.0865446
-0.0865446
-0.0928164
-0.0916914
-0.0882855
-0.0897117
-0.0902302
-0.0885521
-0.0901217
-0.0868009
-0.0946494
-0.0871639
-0.0899038
-0.0899038
-0.0873825
-0.0888413
-0.0886967
-0.0890596
-0.0885152
-0.0959679
-0.0927432
-0.093986
-0.0868009
-0.088104
-0.0840247
-0.0902667
-0.092562
-0.0860262
-0.0900744
-0.0931179
-0.0931179
-0.0897953
-0.0893857
-0.0893857
-0.0944585
-0.0921272
-0.0897224
-0.0869824
-0.0858446
-0.0868009
-0.0853061
-0.0897953
-0.0887702
-0.0901217
-0.087741
-0.0882259
-0.083843
-0.083843
-0.0946086
-0.0852311
-0.0858823
-0.0858823
-0.0918727
-0.0923807
-0.087997
-0.0897485
-0.090738
-0.0819482
-0.0946041
-0.0889516
-0.0919458
-0.0923447
-0.0897589
-0.0906295
-0.090003
-0.0910647
-0.0911735
-0.0876712
-0.0901944
-0.0931414
-0.0910285
-0.0910285
-0.0924882
-0.0888434
-0.087201
-0.0907383
-0.0907383
-0.092996
-0.0896038
-0.0876009
-0.0904371
-0.0899665
-0.0896502
-0.0896502
-0.0950019
-0.0878527
-0.0917173
-0.0876272
-0.0933962
-0.0907021
-0.0907021
-0.0888669
-0.0925594
-0.0880004
-0.0963146
-0.0909922
-0.0909922
-0.0895322
-0.0971497
-0.0971497
-0.0921994
-0.0929696
-0.0862508
-0.0895671
-0.0896412
-0.0957365
-0.0957365
-0.0880711
-0.0841004
-0.0925978
-0.0925978
-0.0881081
-0.0870566
-0.0916083
-0.092705
-0.091681
-0.0845694
-0.0845694
-0.0924166
-0.0868273
-0.087238
-0.0870936
-0.0911735
-0.0870566
-0.0904845
-0.0924419
-0.091391
-0.0903655
-0.0881449
-0.089133
-0.0854922
-0.0908834
-0.0936591
-0.0879267
-0.0918704
-0.0948247
-0.0954792
-0.0911727
-0.0903395
-0.0928505
-0.0877823
-0.0897861
-0.090557
-0.0893873
-0.0953742
-0.0905931
-0.0926693
-0.0939813
-0.0931771
-0.0931771
-0.0866598
-0.0905931
-0.0839188
-0.0939462
-0.0890964
-0.0915722
-0.0867306
-0.0889162
-0.0903757
-0.0953391
-0.0898679
-0.0898679
-0.0916178
-0.0907744
-0.0907744
-0.0907744
-0.0915079
-0.0890612
-0.093584
-0.095333
-0.0903027
-0.0874932
-0.086623
-0.0911368
-0.0899401
-0.0870936
-0.0907744
-0.0946
-0.0946
-0.0898308
-0.0889162
-0.0976322
-0.0892788
-0.092705
-0.0892788
-0.0892788
-0.0868751
-0.0906292
-0.0890612
-0.0926027
-0.0922327
-0.0921258
-0.0931414
-0.0907021
-0.0925949
-0.0914632
-0.088735
-0.0903757
-0.0903757
-0.0901214
-0.093911
-0.0915079
-0.0915079
-0.0889516
-0.0941272
-0.0941272
-0.0888799
-0.0897588
-0.091318
-0.0890248
-0.0932216
-0.0912552
-0.0912552
-0.084948
-0.0926027
-0.0899401
-0.0901214
-0.0898308
-0.0851294
-0.0851294
-0.0840318
-0.0882637
-0.0882637
-0.0868689
-0.0897588
-0.091291
-0.0921258
-0.0875666
-0.0876467
-0.092776
-0.0884087
-0.0881548
-0.091291
-0.091291
-0.0893961
-0.0837372
-0.0877915
-0.0878646
-0.0894322
-0.0880824
-0.0855995
-0.0849108
-0.0830552
-0.0930758
-0.0856736
-0.0883723
-0.0892509
-0.0911727
-0.0866598
-0.091799
-0.0855995
-0.092087
-0.0916145
-0.0914723
-0.0831992
-0.0895042
-0.0895775
-0.090808
-0.090808
-0.0870958
-0.0851665
-0.0913979
-0.0913979
-0.0874219
-0.0844695
-0.0868044
-0.0868044
-0.0887789
-0.0859623
-0.0892425
-0.090229
-0.0860363
-0.0922681
-0.0884087
-0.0908821
-0.0894962
-0.0854922
-0.0913623
-0.0935083
-0.0935083
-0.0924846
-0.0882999
-0.0882999
-0.088735
-0.0921971
-0.0856366
-0.0870226
-0.0872771
-0.0821083
-0.0821083
-0.0918662
-0.0835997
-0.0835997
-0.0946784
-0.0889162
-0.090012
-0.090012
-0.0923035
-0.0903027
-0.0903027
-0.0938703
-0.0953251
-0.0859287
-0.090627
-0.0881186
-0.0909556
-0.0910632
-0.0919013
-0.0922681
-0.0913897
-0.0938703
-0.089206
-0.0931741
-0.092555
-0.0900836
-0.0900836
-0.085855
-0.0882273
-0.0882273
-0.0881186
-0.0899761
-0.0899761
-0.0917247
-0.0885597
-0.0895757
-0.0871323
-0.0948512
-0.0917247
-0.0889525
-0.0896773
-0.0847665
-0.0851294
-0.0829801
-0.0872039
-0.0905982
-0.0881909
-0.0895042
-0.0841812
-0.0872844
-0.0887713
-0.0823582
-0.0857474
-0.0898308
-0.0895683
-0.088227
-0.0902647
-0.0931811
-0.093
-0.0879735
-0.0910354
-0.0867697
-0.0920183
-0.0870593
-0.0856029
-0.0861174
-0.0945593
-0.0859654
-0.0889157
-0.0889157
-0.089032
-0.0874948
-0.0864436
-0.0864436
-0.0864436
-0.0931395
-0.0889157
-0.0902647
-0.0928409
-0.0908898
-0.0864436
-0.0916145
-0.0903359
-0.095506
-0.0873206
-0.0879373
-0.0879735
-0.0876471
-0.0911771
-0.0846961
-0.0909606
-0.0867697
-0.0870593
-0.0911771
-0.089032
-0.0867697
-0.0873862
-0.0831672
-0.0861902
-0.0842881
-0.0864784
-0.0838928
-0.0922754
-0.0904814
-0.0878645
-0.0885893
-0.0935014
-0.0882999
-0.0882629
-0.0768653
-0.0878645
-0.0894231
-0.0874948
-0.0868062
-0.0911771
-0.08954
-0.0904877
-0.0889962
-0.0887705
-0.0864071
-0.0864071
-0.0860809
-0.0868488
-0.0866977
-0.0897982
-0.0848406
-0.0872844
-0.0873567
-0.087574
-0.0877922
-0.0877922
