0.0326889
0.0268329
0.0405992
0.0431144
0.0452243
0.0288371
0.0372196
0.0372196
0.0370395
0.0406918
0.0406918
0.0318688
0.0324906
0.0324906
0.0333396
0.0393264
0.0301711
0.0422802
0.0238599
0.0378707
0.0486723
0.0318596
0.030473
0.0219924
0.0219924
0.0392977
0.0332214
0.0268233
0.0271503
0.0238599
0.0328079
0.036628
0.03343
0.0277722
0.0293417
0.0483307
0.0391437
0.0342937
0.0333396
0.0392346
0.0275633
0.0375546
0.035325
0.0354454
0.0354454
0.0359471
0.0188201
0.0367502
0.0367502
0.0227955
0.0303812
0.03325
0.03325
0.0408277
0.0198361
0.0213121
0.0258759
0.0232373
0.0243932
0.0243932
0.0255499
0.027535
0.0347942
0.0284248
0.0372196
0.0372196
0.0194428
0.0194428
0.0182871
0.0271205
0.0310955
0.0307038
0.0307038
0.0289264
0.0257565
0.0386133
0.0297591
0.0289264
0.0236821
0.0364786
0.0346127
0.0175172
0.0317465
0.0425858
0.0292285
0.0257861
0.0358859
0.0358859
0.025407
0.0305871
0.0301711
0.0301711
0.0271205
0.0232373
0.0320665
0.0313548
0.0258468
0.0258468
0.029639
0.0283043
0.024989
0.0287192
0.0282753
0.0297591
0.0193537
0.0342937
0.0355086
0.0459763
0.0333115
0.0342023
0.033991
0.0333115
0.0411287
0.0411287
0.0365074
0.0402669
0.0378707
0.0378707
0.0332214
0.0392054
0.0352973
0.0348862
0.0380836
0.0400596
0.0301711
0.0301711
0.0456292
0.0306879
0.0327797
0.0396451
0.0396451
0.0422802
0.0368103
0.0293209
0.0262896
0.0245116
0.0396747
0.0345839
0.0279546
0.0279546
0.0461299
0.0461299
0.0262009
0.0337346
0.0213402
0.0372196
0.0322768
0.0322768
0.0299432
0.0346127
0.0438584
0.0297591
0.0376912
0.0212511
0.0278343
0.0269718
0.0465973
0.0379617
0.0360671
0.0314741
0.0338574
0.0412206
0.0405698
0.0290465
0.0407987
0.0359761
0.0263792
0.0365978
0.0336723
0.0270926
0.0410994
0.039114
0.039114
0.0283944
0.0276528
0.0358565
0.0358565
0.0346127
0.025938
0.025938
0.0337831
0.0337831
0.022586
0.030473
0.0302002
0.0328079
0.0321571
0.0275633
0.0281857
0.0371291
0.0298507
0.0387687
0.0201848
0.0260881
0.0206286
0.0206286
0.0340811
0.0444795
0.0362996
0.0295487
0.0275633
0.0323687
0.0258759
0.0362812
0.035325
0.0257565
0.0273323
0.0428736
0.0276528
0.0355608
0.0345839
0.0372492
0.0326142
0.0277722
0.0323069
0.0323069
0.0360671
0.0361888
0.041935
0.041935
0.028898
0.0322486
0.0322486
0.0377416
0.0203948
0.032899
0.020156
0.0238599
0.0260581
0.0390861
0.0307936
0.0205994
0.0232373
0.0284853
0.0371291
0.0238599
0.0300536
0.0300536
0.0239792
0.0277431
0.0430225
0.0335213
0.0351449
0.0278032
0.0309124
0.0309124
0.0245116
0.034494
0.028898
0.0349463
0.0318688
0.0373401
0.0221444
0.0242765
0.0303812
0.0413435
0.0318391
0.0237424
0.0277431
0.0241912
0.0350078
0.0413435
0.034264
0.0213702
0.0351312
0.0351312
0.0303812
0.0303812
0.0423715
0.0395423
0.0400704
0.034264
0.0282753
0.0277431
0.0315072
0.0315072
0.034264
0.0198881
0.0301711
0.0306444
0.0357667
0.0264696
0.0264696
0.0311245
0.0377509
0.0348238
0.0348238
0.0425858
0.0268022
0.0246016
0.0196527
0.039114
0.0298507
0.0438287
0.0367187
0.0249564
0.034703
0.0398274
0.0333396
0.0325991
0.0365074
0.0394191
0.0360974
0.0284853
0.0377805
0.0431144
0.0277431
0.0390234
0.0227047
0.036159
0.0412206
0.0313101
0.0293511
0.0254357
0.0418421
0.03325
0.0354163
0.0384922
0.0395423
0.041407
0.0388281
0.027863
0.027863
0.0286987
0.0295487
0.0477496
0.0373711
0.036159
0.0334594
0.0224964
0.022586
0.0342937
0.0378707
0.0380537
0.029876
0.029876
0.025134
0.0233274
0.039114
0.0323069
0.0295487
0.0317465
0.0299926
0.0375246
0.0243932
0.0345839
0.036405
0.046872
0.0374033
0.035325
0.0423715
0.0443869
0.0342023
0.0375246
0.0328079
0.0327176
0.030353
0.0264981
0.036689
0.0365074
0.0396451
0.029639
0.029639
0.0306444
0.0306444
0.0362996
0.0181682
0.0335213
0.0320665
0.0419646
0.0200658
0.0246639
0.0245732
0.034703
0.0246016
0.0246016
0.0427737
0.029876
0.025407
0.04175
0.0302903
0.0404777
0.0404777
0.0338574
0.0462802
0.0316837
0.0371291
0.0409174
0.0331323
0.0207792
0.03343
0.031564
0.0418421
0.0300814
0.0352345
0.0352345
0.0394492
0.0394492
0.0256671
0.018702
0.0351163
0.0227047
0.0314443
0.0316548
0.0276824
0.0155581
0.0212858
0.0175452
0.0290166
0.0288082
0.0482366
0.0426923
0.0306879
0.0385835
0.0320665
0.035325
0.0303812
0.0371291
0.0296683
0.0323687
0.0234474
0.0234474
0.0252241
0.0408277
0.032899
0.032899
0.0355086
0.0475222
0.0206889
0.034494
0.0347942
0.036159
0.0335213
0.0276824
0.0261728
0.0261728
0.0357667
0.0221728
0.0352063
0.034386
0.0452243
0.0418722
0.0278343
0.0356597
0.0333396
0.0276249
0.0147902
0.0235944
0.0140518
0.0314336
0.0295487
0.0379332
0.0292285
0.0292535
0.0292535
0.0358565
0.0333115
0.0321571
0.0259666
0.0259666
0.0342023
0.0287192
0.0302903
0.0302903
0.0291997
0.0252538
0.0339018
0.0339018
0.0404496
0.0314741
0.0436437
0.0307936
0.034703
0.034703
0.0160928
0.0283944
0.0400878
0.0400878
0.0278929
0.0461582
0.031564
0.025016
0.0360671
0.0403864
0.026589
0.0314443
0.0314741
0.0219924
0.0271205
0.025407
0.0280687
0.0265285
0.0265285
0.0322768
0.0414366
0.0321571
0.0272408
0.0238894
0.0339342
0.0339342
0.0297591
0.0354163
0.0354163
0.0208439
0.0270304
0.0270304
0.0232091
0.0232091
0.0382554
0.00974552
0.0276528
0.0268233
0.0268233
0.031564
0.0256671
0.0334594
0.0334594
0.0297303
0.0442368
0.0442368
0.0328079
0.0430225
0.0365074
0.0365074
0.0390234
0.0390234
0.0425568
0.0333396
0.0279221
0.0279221
0.038283
0.0308222
0.0308222
0.0212224
0.0351163
0.0328079
0.0301711
0.0338719
0.0302616
0.0405992
0.0289264
0.0217567
0.0351312
0.0340523
0.0340523
0.0319768
0.0427097
0.0427097
0.040296
0.0262896
0.0262896
0.0395553
0.031033
0.031033
0.0408889
0.0392346
0.04175
0.04175
0.0396451
0.0396451
0.0280687
0.0347942
0.0384019
0.0275633
0.0321859
0.0282753
0.0244225
0.0350562
0.0283043
0.0316548
0.0316548
0.0353545
0.0280687
0.0161811
0.0230032
0.0345839
0.0133351
0.035325
0.0283043
0.0211628
0.0402669
0.0349154
0.0243045
0.0245847
0.0218457
0.0209588
0.0276824
0.0365074
0.0299926
0.0224964
0.0224964
0.0337831
0.0338439
0.0298808
0.0298808
0.0270606
0.0221728
0.031564
0.0409174
0.0192365
0.0340811
0.0288082
0.0369962
0.0301111
0.0218737
0.0154411
0.0364516
0.0192365
0.0285441
0.0330201
0.0256671
0.0219924
0.0309124
0.0177597
0.0319768
0.0319768
0.0308222
0.0308222
0.0198596
0.0198596
0.0358565
0.030473
0.0323983
0.0399199
0.0161534
0.0309124
0.0320665
0.0279846
0.0347942
0.0242471
0.0230032
0.0238894
0.0186747
0.0270926
0.0224964
0.0256389
0.0240698
0.0240698
0.0240698
0.0240698
0.034264
0.0192365
0.0311245
0.0208074
0.031033
0.029639
0.0297303
0.0185857
0.0272116
0.0341438
0.0185614
0.0185614
0.0380537
0.0339342
0.0333396
0.0322768
0.0504731
0.0504731
0.0386133
0.049974
0.049974
0.0479714
0.0614238
0.0810267
0.167662
0.227939
0.0929468
0.0741482
0.0707714
0.0640826
0.0640826
0.0653204
0.0597752
0.0500976
0.0583464
0.0514304
0.0573583
0.0552145
0.0606787
0.0540676
0.0687637
0.0540676
0.0596817
0.0700986
0.0622527
0.0553081
0.054782
0.0604262
0.0623471
0.0690072
0.0647627
0.0516492
0.0563621
0.0609818
0.0540676
0.0673037
0.0673037
0.0604262
0.0717014
0.0687593
0.0583464
0.0583464
0.0521755
0.0521755
0.0584709
0.0584709
0.0672722
0.0629984
0.0677046
0.0628724
0.0628724
0.0565795
0.056086
0.0642072
0.0595874
0.0667789
0.0566738
0.0566738
0.0754786
0.0754786
0.0716703
0.0598057
0.0569536
0.058264
0.0675894
0.0708461
0.061292
0.0565491
0.0690677
0.0690677
0.0686369
0.0609818
0.0656034
0.0616965
0.0589972
0.0627194
0.0646382
0.062128
0.0554978
0.0674933
0.0602684
0.0627481
0.0656994
0.0603619
0.0644291
0.0630934
0.0591854
0.0591854
0.062128
0.0511237
0.0558996
0.0570805
0.0570805
0.0636179
0.0589972
0.0589372
0.0706532
0.0641757
0.0685744
0.0579484
0.0700342
0.0763196
0.0670852
0.0674302
0.0571382
0.0686686
0.057851
0.054627
0.068791
0.0584709
0.0731939
0.0653204
0.0535456
0.0670852
0.0534476
0.0534476
0.0621591
0.046688
0.0605805
0.0724471
0.0614473
0.0539744
0.0545944
0.0690998
0.0631823
0.0664659
0.0531071
0.0647358
0.0663422
0.0588126
0.0673981
0.0567405
0.0566117
0.0643609
0.0734965
0.0734965
0.0629043
0.060052
0.0816418
0.0788549
0.0733028
0.0739278
0.0632434
0.0603713
0.0708644
0.0661276
0.0636879
0.0633505
0.0652009
0.0652009
0.0539896
0.0626887
0.058771
0.0637059
0.071882
0.062172
0.0701964
0.0697956
0.0679978
0.0629735
0.0624595
0.0634903
0.0634903
0.0635264
0.0643697
0.0642389
0.0585906
0.0676663
0.0692623
0.0692623
0.0713503
0.0583746
0.0629735
0.0506052
0.0692623
0.0692623
0.0496722
0.0538343
0.07106
0.0645511
0.0579474
0.0634009
0.0571982
0.0783884
0.0677304
0.0677304
0.0705092
0.0595496
0.0590185
0.0590185
0.0526331
0.0535771
0.0704638
0.0569825
0.132142
0.132142
0.375319
0.377282
0.378608
0.378608
0.378368
0.380435
0.380435
0.371743
0.376046
0.374941
0.386424
0.378949
0.380182
0.368943
0.363167
0.370655
0.370785
0.382293
0.38033
0.373955
0.36648
0.368581
0.381905
0.367456
0.374212
0.382631
0.371033
0.37189
0.371743
0.369308
0.38117
0.365891
0.376887
0.378738
0.378738
0.369328
0.370905
0.370167
0.369797
0.376028
0.384089
0.367456
0.378461
0.378461
0.375789
0.379824
0.360602
0.377861
0.365873
0.373229
0.363693
0.375411
0.376028
0.366491
0.385679
0.376516
0.369308
0.381301
0.39132
0.385826
0.380689
0.377504
0.384106
0.384106
0.379225
0.377133
0.384335
0.37872
0.381284
0.385679
0.369308
0.369308
0.373725
0.379225
0.36978
0.36978
0.36967
0.36942
0.370287
0.376406
0.363185
0.387383
0.384835
0.384835
0.370887
0.379566
0.365891
0.373955
0.386554
0.391302
0.391302
0.376555
0.376555
0.364782
0.372849
0.37859
0.360877
0.360877
0.371632
0.377861
0.380201
0.376769
0.378221
0.385663
0.383847
0.378368
0.377024
0.376887
0.379603
0.376645
0.378221
0.37236
0.362457
0.380072
0.383508
0.375789
0.377861
0.371855
0.385905
0.379663
0.374666
0.377478
0.370381
0.370381
0.369652
0.361077
0.380038
0.38104
0.379807
0.363056
0.358897
0.372832
0.365493
0.382486
0.380767
0.379062
0.378333
0.375411
0.372074
0.374779
0.364147
0.382976
0.381154
0.381154
0.37514
0.360716
0.368308
0.37087
0.379567
0.366727
0.366727
0.376862
0.376862
0.373796
0.366458
0.374666
0.378205
0.378205
0.372721
0.377116
0.377605
0.379438
0.369652
0.369652
0.371235
0.372832
0.375167
0.36393
0.381984
0.381984
0.379927
0.377733
0.380182
0.372721
0.370269
0.370269
0.372215
0.361333
0.368293
0.368293
0.372457
0.36978
0.380782
0.357786
0.370509
0.375771
0.364147
0.371855
0.371472
0.371487
0.371487
0.374049
0.374049
0.37554
0.374555
0.376862
0.374306
0.365365
0.369637
0.370634
0.359985
0.374177
0.368562
0.368562
0.368562
0.363404
0.370887
0.367708
0.365129
0.369404
0.369404
0.36942
0.370744
0.363547
0.370634
0.370982
0.379908
0.379908
0.369275
0.366473
0.374555
0.367963
0.385663
0.385663
0.38237
0.376988
0.377717
0.381511
0.381511
0.384575
0.384575
0.374286
0.388468
0.389326
0.389326
0.374302
0.378221
0.373577
0.377733
0.377733
0.373685
0.367708
0.367708
0.373321
0.363404
0.363404
0.374902
0.368909
0.375395
0.375395
0.366839
0.374538
0.383088
0.378079
0.370143
0.370034
0.380528
0.374412
0.370021
0.377228
0.382112
0.382127
0.374428
0.390917
0.376499
0.37136
0.370777
0.365967
0.380528
0.380528
0.377843
0.372704
0.389699
0.372578
0.376518
0.369652
0.369652
0.376878
0.375394
0.377101
0.368167
0.380895
0.380895
0.383343
0.390336
0.376372
0.382586
0.376862
0.385649
0.38811
0.383703
0.387272
0.382127
0.378444
0.383592
0.385424
0.381625
0.380895
0.386879
0.379692
0.378461
0.382112
0.381887
0.369892
0.371388
0.37481
0.377589
0.373944
0.372594
0.381144
0.381144
0.379438
0.386879
0.365493
0.374902
0.374779
0.365967
0.372215
0.373796
0.385188
0.378822
0.378822
0.361811
0.379912
0.381871
0.377087
0.381887
0.378333
0.369784
0.385663
0.371726
0.381271
0.383231
0.377717
0.368308
0.372468
0.371224
0.391029
0.375155
0.377478
0.377478
0.378704
0.373449
0.373449
0.374291
0.391392
0.385679
0.385679
0.372472
0.361584
0.374666
0.369892
0.36709
0.364386
0.364386
0.369878
0.365365
0.35742
0.367201
0.372704
0.372704
0.376499
0.375883
0.375155
0.370143
0.37076
0.37076
0.378822
0.373449
0.379438
0.373433
0.37955
0.377605
0.372945
0.372215
0.366711
0.372088
0.387122
0.380767
0.372817
0.379078
0.381255
0.383343
0.385175
0.395562
0.376736
0.376246
0.370254
0.378333
0.381034
0.385321
0.375155
0.380277
0.381383
0.375028
0.384319
0.370269
0.370269
0.379191
0.38091
0.373194
0.387737
0.376261
0.376388
0.376388
0.372594
0.368293
0.386767
0.358387
0.373938
0.373938
0.369163
0.378949
0.382112
0.377717
0.387495
0.384319
0.376878
0.383215
0.381511
0.375771
0.375771
0.371255
0.388598
0.388598
0.380767
0.380767
0.381612
0.373811
0.374176
0.379062
0.379062
0.373922
0.375771
0.374428
0.363786
0.381998
0.381998
0.379201
0.377733
0.383231
0.385921
0.383719
0.383719
0.38944
0.366239
0.366239
0.382109
0.376878
0.383944
0.390785
0.372468
0.38225
0.377116
0.379676
0.391758
0.381144
0.388839
0.388839
0.378934
0.378934
0.37955
0.37111
0.37111
0.383719
0.383719
0.372832
0.373306
0.372832
0.391901
0.385441
0.391286
0.372359
0.376499
0.380782
0.370856
0.374291
0.367566
0.367566
0.376261
0.379438
0.377228
0.379801
0.388839
0.376752
0.374302
0.385175
0.381634
0.382487
0.381871
0.397878
0.380417
0.388954
0.384668
0.38456
0.384808
0.384808
0.390656
0.381383
0.394706
0.381255
0.381255
0.373685
0.384419
0.379311
0.391745
0.378575
0.38334
0.381625
0.381625
0.387999
0.383466
0.394461
0.380782
0.380782
0.394818
0.384319
0.391157
0.397008
0.391772
0.389927
0.394947
0.387367
0.376988
0.386767
0.381144
0.381144
0.390542
0.378569
0.378569
0.388095
0.370634
0.371742
0.374065
0.377717
0.377717
0.374176
0.382127
0.388239
0.391645
0.388353
0.375395
0.375395
0.374666
0.378461
0.382127
0.373796
0.381398
0.377717
0.377717
0.374428
0.36975
0.381383
0.377602
0.372468
0.372468
0.380782
0.377974
0.380895
0.36709
0.379921
0.375756
0.372832
0.381269
0.381269
0.383831
0.373211
0.373211
0.378461
0.380054
0.37136
0.373194
0.383215
0.375411
0.374049
0.372578
0.382615
0.378461
0.382728
0.383343
0.373938
0.381255
0.378711
0.379678
0.373561
0.373702
0.373702
0.383703
0.390902
0.382503
0.383816
0.380292
0.377135
0.377135
0.371868
0.377243
0.378446
0.376372
0.376372
0.386752
0.376246
0.384203
0.383231
0.367457
0.367457
0.383215
0.388339
0.385663
0.378333
0.373422
0.390414
0.38176
0.393979
0.377968
0.387137
0.388487
0.385776
0.366458
0.393588
0.382472
0.381857
0.395305
0.388095
0.381271
0.371962
0.371962
0.37601
0.38492
0.39263
0.383215
0.381024
0.381024
0.384935
0.377702
0.378333
0.387367
0.389087
0.371235
0.375282
0.37955
0.366839
0.378461
0.379062
0.376135
0.376135
0.376994
0.394818
0.383703
0.381871
0.382856
0.382856
0.390414
0.390542
0.381871
0.395305
0.387383
0.384689
0.378094
0.384319
0.395194
0.390414
0.387255
0.39263
0.380627
0.381129
0.381619
0.394564
0.377622
0.374306
0.383357
0.386279
0.387745
0.378349
0.385663
0.394722
0.387023
0.383703
0.370509
0.385551
0.39469
0.378695
0.39067
0.383592
0.383592
0.393133
0.391758
0.383719
0.381271
0.385663
0.385663
0.375883
0.382615
0.380151
0.378333
0.388224
0.377101
0.393832
0.385776
0.377478
0.377478
0.374778
0.367457
0.367457
0.378318
0.390917
0.384935
0.38285
0.389576
0.389576
0.392988
0.392373
0.38334
0.39067
0.39469
0.376752
0.376752
0.386279
0.386407
0.398121
0.387146
0.377605
0.373194
0.373194
0.38983
0.391518
0.379296
0.37514
0.38811
0.38944
0.391886
0.386279
0.385921
0.386407
0.376862
0.375267
0.375267
0.393116
0.371618
0.383831
0.388487
0.388239
0.395562
0.395562
0.381527
0.387871
0.387871
0.397023
0.373085
0.373085
0.372945
0.381276
0.38456
0.384682
0.402623
0.384808
0.384808
0.394461
0.389702
0.391302
0.391271
0.383466
0.388361
0.388361
0.380402
0.385063
0.392988
0.386151
0.40191
0.40191
0.390176
0.374778
0.390542
0.387129
0.384192
0.387623
0.387623
0.391143
0.394218
0.394218
0.389687
0.393348
0.393348
0.402759
0.399466
0.386993
0.391157
0.392373
0.392373
0.392373
0.386264
0.383215
0.386264
0.384082
0.387745
0.392748
0.392748
0.392261
0.384793
0.395305
0.389941
0.383088
0.401281
0.391645
0.39652
0.383343
0.395061
0.379076
0.376246
0.376246
0.383103
0.376135
0.392748
0.387752
0.385663
0.394332
0.39067
0.392373
0.385535
0.385535
0.388095
0.40081
0.370986
0.393588
0.393588
0.400307
0.392746
0.373811
0.387982
0.387982
0.400566
0.386879
0.395305
0.387737
0.38811
0.401637
0.401637
0.393237
0.388697
0.395676
0.387129
0.397151
0.383466
0.399336
0.381524
0.396536
0.393603
0.389561
0.379296
0.393963
0.393963
0.399837
0.396148
0.402511
0.398592
0.393963
0.393963
0.393963
0.385535
0.397263
0.395547
0.398623
0.390176
0.391157
0.392622
0.395291
0.397623
0.402995
0.385424
0.387623
0.387623
0.398127
0.393491
0.402023
0.409322
0.392517
0.399693
0.39958
0.391029
0.380782
0.394578
0.404209
0.405323
0.400908
0.40018
0.39761
0.397512
0.396763
0.404694
0.396763
0.393116
0.399821
0.394452
0.401896
0.397135
0.397135
0.391271
0.400184
0.391886
0.39592
0.387367
0.392988
0.385898
0.393732
0.393963
0.390429
0.386151
0.39007
0.39007
0.380767
0.38811
0.385175
0.395305
0.395419
0.388726
0.388726
0.394963
0.395676
0.394595
0.395547
0.396394
0.389927
0.38604
0.394218
0.379062
0.379912
0.388345
0.393743
0.393743
0.385776
0.383215
0.390176
0.390176
0.379801
0.400922
0.400922
0.400922
0.397008
0.392373
0.401036
0.394218
0.394218
0.403852
0.400452
0.383088
0.390288
0.390799
0.385161
0.385161
0.383215
0.391645
0.391886
0.380768
0.395676
0.395676
0.386521
0.393116
0.395793
0.400681
0.396177
0.381887
0.378079
0.378079
0.388224
0.396913
0.391518
0.379927
0.382487
0.381018
0.389814
0.382866
0.393475
0.395076
0.389687
0.388711
0.388697
0.383956
0.38811
0.387146
0.403495
0.39067
0.39409
0.39409
0.391407
0.397978
0.399693
0.39226
0.39226
0.399708
0.399708
0.400194
0.387842
0.400551
0.390528
0.394076
0.387114
0.395937
0.393603
0.394203
0.397863
0.406295
0.391407
0.396394
0.399821
0.398607
0.401882
0.391886
0.39469
0.39469
0.390681
0.398853
0.403952
0.399452
0.40348
0.401155
0.401155
0.398607
0.398238
0.396892
0.395779
0.407866
0.407866
0.393949
0.396777
0.397623
0.387383
0.389673
0.388977
0.389561
0.385788
0.385283
0.383343
0.391392
0.389569
0.393116
0.393116
0.394332
0.393491
0.386879
0.395048
0.390807
0.399078
0.399078
0.399078
0.394818
0.391286
0.392031
0.397623
0.399341
0.399341
0.402265
0.38664
0.386879
0.394723
0.373102
0.38604
0.395534
0.389702
0.387146
0.384319
0.392746
0.392746
0.396407
0.390799
0.40494
0.387383
0.384192
0.39263
0.382615
0.392501
0.401166
0.388239
0.392501
0.384082
0.395433
0.390791
0.38236
0.386514
0.395419
0.398623
0.395061
0.387255
0.389312
0.387871
0.393475
0.395052
0.388711
0.388711
0.392875
0.389714
0.395793
0.38811
0.393619
0.38601
0.38601
0.387968
0.385424
0.387495
0.397022
0.388598
0.388598
0.399821
0.384208
0.385535
0.396763
0.382615
0.39775
0.385535
0.394706
0.386151
0.393348
0.38773
0.393979
0.390429
0.390429
0.392015
0.395305
0.392622
0.395305
0.379676
0.402623
0.392638
0.402641
0.396268
0.39409
0.400067
0.403837
0.396648
0.387383
0.385679
0.399207
0.398852
0.388711
0.390656
0.400307
0.400436
0.395449
0.40018
0.401394
0.39263
0.396897
0.393588
0.385048
0.385535
0.389214
0.389941
0.387752
0.393846
0.40288
0.389814
0.383359
0.381144
0.376358
0.38773
0.38285
0.387871
0.399565
0.399565
0.394452
0.40178
0.385663
0.379567
0.388361
0.390799
0.387494
0.377605
0.392001
0.385424
0.403237
0.392501
0.382866
0.389569
0.398853
0.398853
0.406408
0.400452
0.390666
0.394564
0.384432
0.384432
0.391045
0.389687
0.396408
0.394203
0.403237
0.388839
0.388839
0.386151
0.385409
0.386674
0.379801
0.398464
0.382728
0.382728
0.386879
0.397609
0.399951
0.399951
0.397135
0.397135
0.383088
0.381634
0.389326
0.403609
0.400566
0.382346
0.382346
0.386279
0.398493
0.393475
0.391387
0.396892
0.395534
0.393717
0.393116
0.384464
0.384208
0.398368
0.385791
0.390785
0.394332
0.390429
0.390429
0.394576
0.405085
0.380895
0.380895
0.385663
0.374176
0.389814
0.393475
0.388711
0.38456
0.389702
0.382599
0.39957
0.396892
0.391157
0.379792
0.391645
0.391271
0.396162
0.396906
0.389454
0.390302
0.390302
0.384557
0.387255
0.397263
0.38664
0.391045
0.388471
0.388471
0.394218
0.390176
0.395061
0.404094
0.390446
0.398478
0.394318
0.39226
0.392359
0.400794
0.393116
0.389941
0.392022
0.390176
0.391645
0.400667
0.399093
0.413704
0.400908
0.392748
0.393231
0.395419
0.40348
0.394468
0.3903
0.396394
0.396394
0.39652
0.38748
0.384082
0.408351
0.40238
0.40238
0.401769
0.393717
0.402009
0.394706
0.393237
0.401882
0.401882
0.400667
0.409935
0.40348
0.392388
0.403126
0.384082
0.393979
0.393979
0.397135
0.393861
0.398368
0.399078
0.398121
0.400436
0.402737
0.402136
0.404094
0.38945
0.387871
0.38699
0.405553
0.398722
0.383592
0.400194
0.40861
0.392607
0.392607
0.39286
0.388825
0.397135
0.405809
0.405308
0.400315
0.385424
0.391645
0.405438
0.400667
0.399093
0.397135
0.397135
0.401281
0.394217
0.387737
0.40568
0.394076
0.40411
0.394318
0.397151
0.406523
0.386024
0.394947
0.395676
0.398478
0.398478
0.392133
0.397377
0.400429
0.403739
0.38944
0.391271
0.391271
0.394218
0.396882
0.40081
0.400794
0.388345
0.403871
0.390288
0.393603
0.384192
0.407008
0.393491
0.393491
0.389814
0.395305
0.395682
0.387495
0.393237
0.393237
0.40371
0.393364
0.391281
0.398951
0.405438
0.405438
0.402023
0.400922
0.40688
0.40688
0.385298
0.402984
0.401896
0.401896
0.401537
0.398365
0.392607
0.389326
0.390556
0.393348
0.393348
0.393475
0.399821
0.400938
0.397753
0.394804
0.389326
0.389326
0.397008
0.394818
0.391143
0.396408
0.394203
0.400551
0.400551
0.39652
0.39592
0.389687
0.391029
0.393717
0.393717
0.395305
0.404354
0.40628
0.401896
0.39835
0.394932
0.386388
0.404694
0.413494
0.391533
0.403351
0.405308
0.405308
0.391772
0.398951
0.392373
0.392748
0.405794
0.398838
0.39775
0.39775
0.407252
0.399336
0.404709
0.403125
0.395178
0.395178
0.405194
0.402638
0.401282
0.394076
0.413104
0.413104
0.404566
0.40018
0.395433
0.397992
0.397878
0.407252
0.407252
0.404339
0.404339
0.406167
0.406167
0.408964
0.399956
0.389326
0.395305
0.389198
0.397377
0.399336
0.399093
0.402265
0.396407
0.390414
0.397609
0.392022
0.398365
0.408108
0.408108
0.409094
0.412634
0.396648
0.404681
0.41519
0.403223
0.403223
0.397023
0.404823
0.408011
0.408011
0.39785
0.39785
0.397992
0.404224
0.403609
0.395667
0.398493
0.398493
0.398478
0.395305
0.395906
0.396282
0.410807
0.395067
0.411421
0.409594
0.399466
0.396394
0.396408
0.396536
0.395676
0.41424
0.391286
0.396763
0.397992
0.399808
0.385535
0.394576
0.399323
0.400667
0.400667
0.390318
0.401296
0.395321
0.390446
0.388726
0.387982
0.384319
0.386625
0.40178
0.388345
0.398007
0.39775
0.405923
0.388726
0.389087
0.389087
0.397249
0.408467
0.394564
0.394963
0.395541
0.387353
0.386375
0.395194
0.410193
0.393861
0.39775
0.401537
0.398478
0.406537
0.399215
0.401651
0.392517
0.393603
0.401651
0.393246
0.394461
0.381634
0.378807
0.395291
0.395291
0.396664
0.392622
0.398254
0.415047
0.397512
0.401409
0.395178
0.395178
0.393237
0.395039
0.393209
0.407995
0.407995
0.402623
0.393963
0.401996
0.390429
0.399937
0.399821
0.392988
0.409935
0.401896
0.395562
0.40458
0.38811
0.38811
0.407751
0.403739
0.39835
0.401051
0.40398
0.401155
0.398365
0.402873
0.398464
0.404566
0.404827
0.403837
0.408964
0.408964
0.421282
0.401051
0.398607
0.404452
0.388835
0.40191
0.401409
0.399078
0.403837
0.405923
0.401036
0.40311
0.40311
0.410064
0.405438
0.396162
0.403495
0.393237
0.385539
0.385539
0.404094
0.403237
0.40408
0.403096
0.410792
0.410792
0.409208
0.40885
0.403965
0.403253
0.407513
0.401409
0.38945
0.405923
0.405809
0.401382
0.406038
0.398097
0.392133
0.391896
0.394332
0.388598
0.394804
0.391029
0.395194
0.395194
0.397263
0.391645
0.395433
0.383956
0.405442
0.391392
0.389087
0.396291
0.387608
0.393603
0.390066
0.405323
0.405323
0.393963
0.393963
0.411264
0.39652
0.409082
0.400555
0.400555
0.400555
0.403609
0.397249
0.40348
0.388583
0.410178
0.402496
0.403366
0.394947
0.403126
0.397023
0.402623
0.394452
0.40458
0.397506
0.406168
0.403126
0.402009
0.40945
0.405809
0.402009
0.404954
0.396897
0.406153
0.398607
0.398607
0.406767
0.396763
0.41299
0.40408
0.40348
0.408979
0.413233
0.411763
0.401296
0.401296
0.399956
0.393717
0.403223
0.404467
0.394452
0.39898
0.396282
0.396282
0.398711
0.41005
0.384192
0.393603
0.394076
0.407737
0.389927
0.389927
0.402984
0.402984
0.39958
0.39958
0.411277
0.397151
0.406408
0.396648
0.393703
0.396892
0.393603
0.398838
0.397493
0.388583
0.399837
0.394706
0.391157
0.407136
0.405308
0.405308
0.394818
0.399565
0.401425
0.401281
0.389325
0.392149
0.392149
0.406052
0.397753
0.397622
0.402281
0.393588
0.392133
0.401537
0.397878
0.38896
0.401537
0.401537
0.392988
0.392988
0.395194
0.405194
0.408365
0.393475
0.393116
0.393116
0.399093
0.392746
0.395667
0.394347
0.395809
0.39958
0.39469
0.39469
0.396265
0.399466
0.397636
0.398478
0.401051
0.393222
0.398853
0.39958
0.410937
0.406168
0.400323
0.405066
0.405066
0.395562
0.407266
0.406408
0.412619
0.412619
0.398238
0.397736
0.393603
0.392748
0.404566
0.414446
0.414446
0.397863
0.397863
0.407866
0.407866
0.402609
0.404224
0.400794
0.398607
0.399956
0.40081
0.395433
0.401409
0.401409
0.399821
0.400307
0.394578
0.397863
0.385409
0.40178
0.40178
0.397506
0.403609
0.392133
0.399351
0.398753
0.398753
0.400194
0.400067
0.411292
0.395305
0.396162
0.407266
0.407266
0.407266
0.400194
0.405909
0.398238
0.397623
0.395305
0.410178
0.40081
0.394818
0.397263
0.398365
0.39898
0.39898
0.395547
0.405194
0.405052
0.398127
0.399708
0.395793
0.395178
0.388471
0.400566
0.405923
0.394818
0.403085
0.403085
0.398965
0.39286
0.397023
0.377478
0.388598
0.388598
0.396048
0.395667
0.387745
0.393717
0.397992
0.395433
0.412135
0.407995
0.400696
0.408011
0.390903
0.403725
0.409225
0.409225
0.399093
0.398853
0.412491
0.393726
0.393726
0.401297
0.408979
0.393846
0.407525
0.40691
0.397878
0.390791
0.412491
0.402865
0.403852
0.398237
0.392893
0.392245
0.392245
0.400436
0.395547
0.383703
0.395573
0.39994
0.378934
0.378934
0.397992
0.397992
0.407866
0.392616
0.397263
0.393364
0.398007
0.396892
0.385314
0.386767
0.386279
0.386279
0.403837
0.393979
0.396048
0.397863
0.391645
0.40408
0.40408
0.396277
0.392638
0.393717
0.398965
0.40191
0.396425
0.392847
0.40018
0.38811
0.388224
0.388224
0.405194
0.404709
0.389198
0.397992
0.393588
0.387383
0.386895
0.395793
0.407995
0.398965
0.391645
0.400323
0.394551
0.39775
0.413248
0.399956
0.400682
0.394578
0.399326
0.39652
0.39652
0.393364
0.389214
0.389214
0.391407
0.392765
0.392765
0.40568
0.393837
0.397863
0.391645
0.394947
0.392373
0.392373
0.401651
0.401651
0.400541
0.402737
0.402737
0.397279
0.395556
0.398607
0.397249
0.39958
0.389687
0.396177
0.403351
0.410323
0.41299
0.411522
0.41288
0.41288
0.413363
0.413363
0.40238
0.395682
0.405442
0.410922
0.410922
0.397895
0.404452
0.397377
0.407637
0.406652
0.405923
0.391557
0.401537
0.396033
0.411536
0.402623
0.402623
0.402981
0.399326
0.419312
0.400667
0.391772
0.403852
0.410193
0.394578
0.397512
0.403852
0.41299
0.402136
0.402136
0.388095
0.40191
0.395792
0.396648
0.39775
0.401409
0.401409
0.400794
0.396033
0.401051
0.395419
0.40398
0.387871
0.387871
0.409208
0.398478
0.408365
0.402152
0.403609
0.403609
0.40664
0.394468
0.391407
0.418843
0.402511
0.411163
0.391886
0.401651
0.406537
0.398853
0.401537
0.406153
0.405308
0.405308
0.409208
0.41981
0.402258
0.405915
0.408964
0.406537
0.406537
0.410937
0.401281
0.38871
0.403965
0.40848
0.397623
0.401882
0.408722
0.408594
0.40995
0.391504
0.406767
0.406767
0.410064
0.414461
0.408468
0.405066
0.402865
0.402751
0.401785
0.395433
0.410565
0.399207
0.392371
0.407508
0.407508
0.395067
0.401785
0.408951
0.399937
0.405809
0.412135
0.412135
0.410779
0.40848
0.40018
0.414707
0.40798
0.396536
0.40191
0.40568
0.401036
0.39007
0.404925
0.401394
0.40945
0.400307
0.400307
0.408722
0.392501
0.397497
0.399207
0.399207
0.400922
0.399452
0.39958
0.408951
0.389957
0.389957
0.399207
0.407022
0.416288
0.400551
0.40568
0.402623
0.40288
0.40288
0.402737
0.404939
0.418229
0.397386
0.405666
0.405666
0.414108
0.40518
0.405323
0.410663
0.419069
0.419069
0.412619
0.40604
0.40604
0.396394
0.402623
0.410779
0.410779
0.412505
0.410549
0.405794
0.405554
0.412376
0.405052
0.405052
0.398623
0.405569
0.402623
0.405794
0.397986
0.411392
0.395793
0.403223
0.399093
0.395547
0.404094
0.404094
0.402865
0.405438
0.405295
0.40191
0.391407
0.407737
0.405923
0.399708
0.401522
0.397878
0.401537
0.396282
0.396282
0.40018
0.422012
0.404094
0.398965
0.401409
0.401409
0.398965
0.396897
0.402623
0.410453
0.412984
0.397135
0.395682
0.398478
0.396298
0.412266
0.405923
0.414931
0.414931
0.408252
0.392373
0.409109
0.40238
0.405554
0.401297
0.394076
0.40348
0.40691
0.398478
0.39958
0.385441
0.401051
0.401036
0.398838
0.398709
0.407996
0.404209
0.402258
0.402258
0.39994
0.408108
0.408108
0.407136
0.398867
0.398365
0.39775
0.412006
0.399452
0.409935
0.407508
0.403852
0.404838
0.410323
0.410807
0.398478
0.397377
0.410678
0.410678
0.40458
0.405923
0.398365
0.398365
0.409967
0.405066
0.402737
0.397135
0.405794
0.40408
0.404686
0.409935
0.407022
0.400922
0.402023
0.398493
0.397863
0.401769
0.404595
0.40311
0.400422
0.404452
0.403126
0.396648
0.397135
0.397978
0.394578
0.412376
0.398493
0.394203
0.40861
0.400794
0.400794
0.39652
0.400083
0.400307
0.390542
0.390542
0.40885
0.399565
0.399565
0.401796
0.401796
0.405794
0.407123
0.409322
0.40885
0.405553
0.402496
0.410193
0.404681
0.404681
0.415789
0.404939
0.404229
0.40788
0.401659
0.391157
0.391157
0.394578
0.40081
0.411169
0.402265
0.408979
0.398491
0.392006
0.39469
0.393979
0.40398
0.403466
0.405794
0.405794
0.411891
0.401522
0.405923
0.405923
0.402638
0.40178
0.38896
0.40018
0.405923
0.407397
0.414956
0.405308
0.387636
0.392133
0.397249
0.409211
0.398726
0.400667
0.400667
0.410323
0.415789
0.41981
0.416629
0.40018
0.40018
0.405194
0.399093
0.405923
0.400667
0.396291
0.40788
0.40788
0.408365
0.397623
0.409109
0.398711
0.409208
0.403952
0.403952
0.419573
0.402999
0.404339
0.405066
0.390302
0.390302
0.402751
0.410792
0.406052
0.409694
0.418858
0.40348
0.40348
0.398607
0.392373
0.40568
0.398607
0.396048
0.396048
0.408708
0.405066
0.400922
0.402281
0.400323
0.407022
0.407022
0.407022
0.400794
0.402984
0.403965
0.39155
0.390542
0.399821
0.398365
0.408351
0.405194
0.40458
0.402009
0.402009
0.397992
0.390288
0.397023
0.387495
0.404823
0.392733
0.392733
0.408011
0.400938
0.403126
0.401051
0.401051
0.402873
0.39775
0.397609
0.400452
0.40848
0.412976
0.405295
0.405295
0.402865
0.411163
0.393127
0.393127
0.407494
0.416404
0.397876
0.410438
0.398464
0.398464
0.40861
0.399222
0.407128
0.400682
0.409322
0.405794
0.393732
0.404452
0.404452
0.402511
0.39469
0.40398
0.389342
0.405323
0.411536
0.402865
0.404566
0.399821
0.407136
0.402023
0.406652
0.41215
0.406295
0.399708
0.396408
0.404467
0.411036
0.405553
0.405553
0.407868
0.407381
0.406894
0.406894
0.400067
0.417016
0.408236
0.399468
0.404709
0.413718
0.40458
0.39775
0.39775
0.413963
0.410064
0.398853
0.401187
0.405438
0.405438
0.405794
0.409694
0.416418
0.408836
0.407996
0.414332
0.41335
0.401409
0.407266
0.397392
0.410569
0.40311
0.40311
0.403126
0.397878
0.405794
0.403965
0.399341
0.407737
0.401409
0.391029
0.408722
0.408722
0.404939
0.407866
0.403495
0.400307
0.401166
0.402023
0.403869
0.404224
0.404224
0.397522
0.392118
0.40885
0.39592
0.401268
0.403741
0.403741
0.398607
0.40727
0.392512
0.40288
0.402623
0.39286
0.39286
0.395067
0.399452
0.394564
0.404694
0.384935
0.396536
0.394834
0.399222
0.39469
0.392015
0.410422
0.41005
0.40178
0.408236
0.398478
0.406295
0.40348
0.39775
0.394342
0.394342
0.403223
0.402751
0.402751
0.409225
0.389814
0.389814
0.402411
0.393979
0.398965
0.391407
0.397623
0.404694
0.397151
0.398607
0.394947
0.402511
0.409824
0.409824
0.397992
0.398607
0.400667
0.395937
0.399093
0.392006
0.392006
0.401666
0.389087
0.40458
0.402395
0.401896
0.402395
0.402395
0.411051
0.393852
0.38664
0.387129
0.395562
0.410678
0.391772
0.40018
0.386787
0.39592
0.398111
0.398736
0.392517
0.402281
0.40691
0.403837
0.410425
0.408468
0.408468
0.396913
0.407128
0.407128
0.405082
0.398493
0.398493
0.408011
0.414091
0.40945
0.395906
0.397639
0.402623
0.402623
0.417018
0.402623
0.40628
0.403223
0.401425
0.404823
0.407282
0.403741
0.397986
0.407766
0.404827
0.402136
0.388835
0.388835
0.393491
0.399708
0.405323
0.397263
0.408874
0.408874
0.396536
0.395321
0.399438
0.409565
0.40458
0.395793
0.395793
0.389198
0.411277
0.385409
0.396408
0.40238
0.40238
0.389941
0.402136
0.39652
0.401297
0.409208
0.398238
0.398238
0.401051
0.41288
0.408964
0.41579
0.404452
0.404452
0.41519
0.39469
0.410792
0.394595
0.406295
0.418099
0.402873
0.405666
0.398853
0.40568
0.39958
0.403852
0.403852
0.405666
0.413477
0.409094
0.40311
0.407775
0.396172
0.396172
0.396172
0.404224
0.401896
0.401896
0.405569
0.407494
0.408236
0.401522
0.407508
0.406523
0.407983
0.403125
0.405826
0.400682
0.402265
0.40348
0.405553
0.401912
0.401912
0.399452
0.409823
0.420669
0.40348
0.411891
0.416772
0.418843
0.414946
0.396932
0.413493
0.406537
0.399452
0.40081
0.408722
0.406913
0.392622
0.399336
0.405066
0.408351
0.408351
0.3914
0.408594
0.40518
0.408708
0.411052
0.40885
0.40885
0.410549
0.406408
0.413462
0.407622
0.408365
0.408365
0.400323
0.396664
0.405194
0.399452
0.399452
0.405438
0.397023
0.396897
0.405194
0.393603
0.401537
0.416757
0.412376
0.412376
0.40861
0.410924
0.417486
0.416783
0.406529
0.419326
0.396408
0.414342
0.397023
0.400551
0.402251
0.407751
0.420539
0.404452
0.403237
0.411891
0.41994
0.408964
0.406667
0.413493
0.41359
0.406167
0.401882
0.402496
0.407381
0.401044
0.40398
0.401166
0.407751
0.39898
0.408236
0.408236
0.411891
0.409225
0.40885
0.40885
0.409336
0.407525
0.415789
0.410783
0.403965
0.402281
0.398726
0.405424
0.405424
0.402984
0.405442
0.40518
0.409682
0.406652
0.409109
0.415902
0.415902
0.401896
0.398107
0.413349
0.402623
0.395052
0.403237
0.395433
0.399207
0.399207
0.40018
0.401785
0.401785
0.407508
0.39592
0.397766
0.397766
0.39898
0.394218
0.394218
0.38664
0.408222
0.40691
0.403223
0.405915
0.402023
0.395321
0.395321
0.398743
0.404339
0.396208
0.396208
0.396033
0.410678
0.410678
0.413718
0.404356
0.407039
0.401537
0.401537
0.406167
0.401534
0.398127
0.410079
0.400555
0.39469
0.40018
0.400935
0.407381
0.396648
0.405194
0.400667
0.40348
0.400938
0.403852
0.412863
0.395556
0.414332
0.414332
0.402395
0.400908
0.402737
0.390318
0.401281
0.401896
0.39775
0.394578
0.39775
0.406057
0.404224
0.411163
0.398382
0.394834
0.404467
0.400067
0.398965
0.402751
0.400794
0.402623
0.39958
0.405809
0.402169
0.402136
0.400067
0.399837
0.408996
0.400538
0.409578
0.412505
0.395682
0.394818
0.394818
0.407766
0.413233
0.397392
0.400682
0.403237
0.404971
0.404971
0.409208
0.409208
0.410422
0.405315
0.39994
0.403237
0.410295
0.405194
0.40788
0.408351
0.404725
0.400922
0.402751
0.405082
0.404939
0.410453
0.40178
0.40288
0.401297
0.398493
0.403237
0.397054
0.40204
0.391533
0.412634
0.412634
0.398592
0.416288
0.393246
0.413847
0.396913
0.400323
0.400323
0.415804
0.408365
0.408964
0.407266
0.408836
0.416273
0.402265
0.411292
0.411052
0.408351
0.401651
0.415431
0.397986
0.409194
0.410064
0.407008
0.411406
0.4175
0.4175
0.409696
0.411406
0.403852
0.396648
0.392875
0.397022
0.397022
0.401297
0.402023
0.395937
0.391407
0.400667
0.400667
0.399207
0.409208
0.153537
0.147518
0.137844
0.123897
0.131184
0.132046
0.111709
0.102153
0.0532789
0.0532789
0.0649805
0.0838021
0.098329
0.0985458
0.0865224
0.0865224
0.0865224
0.0860962
0.0966617
0.0853784
0.0931091
0.0876956
0.0921512
0.0882866
0.0866247
0.0933227
0.0856882
0.0836824
0.0836824
0.0906052
0.100738
0.0764829
0.0914378
0.0786979
0.0898646
0.0898646
0.0869271
0.0865224
0.0856882
0.071557
0.0885315
0.0885315
0.0885315
0.0885315
0.0999067
0.0928266
0.0818235
0.0818235
0.0812961
0.0883808
0.0807418
0.0956161
0.0940637
0.0851619
0.0736013
0.0787617
0.0950673
0.0739328
0.0744595
0.0744595
0.0824716
0.0787617
0.0756344
0.0796239
0.0749609
0.0855046
0.0855046
0.0777084
0.0877891
0.0877891
0.0749229
0.081511
0.0869549
0.0851619
0.0799367
0.0774023
0.0774023
0.0851065
0.0851065
0.0888405
0.0840169
0.0783561
0.0832756
0.0869549
0.0794384
0.0794384
0.0821303
0.091131
0.0859032
0.0738126
0.0738126
0.0748033
0.0852842
0.0802434
0.0831827
0.0927038
0.0919714
0.0788549
0.0871417
0.0862173
0.087574
0.0749868
0.0799367
0.0718313
0.0837099
0.0775879
0.0906052
0.0904172
0.0737465
0.0675529
0.0777084
0.0777084
0.0793818
0.0858097
0.0867406
0.0794092
0.0821974
0.0776147
0.0776147
0.0783561
0.0783561
0.0776433
0.0854735
0.0879789
0.0897692
0.0847593
0.0847593
0.092921
0.0821026
0.0851908
0.0851619
0.0748033
0.0775219
0.0737754
0.0680808
0.0855028
0.0797476
0.0923691
0.0782347
0.0825934
0.0885028
0.0818888
0.0818888
0.0809858
0.0842065
0.0842065
0.0843609
0.0794092
0.0755135
0.0833694
0.0777365
0.0811764
0.0807988
0.0845426
0.0750441
0.071739
0.0827498
0.0752292
0.0841113
0.0833977
0.0934168
0.0820669
0.0986698
0.0887224
0.0763752
0.0761623
0.0763472
0.0739607
0.077241
0.077241
0.0740547
0.0825353
0.0803042
0.0848543
0.0800288
0.0800288
0.0702133
0.079654
0.0896748
0.0935692
0.0822246
0.0978621
0.0978621
0.0812961
0.0935692
0.0861216
0.0894594
0.0876956
0.0751362
0.0897987
0.0909415
0.0767163
0.0791072
0.0955197
0.0749229
0.0749229
0.0789489
0.0886265
0.0789116
0.0777365
0.0864287
0.0884082
0.0884082
0.0758488
0.0851908
0.0851908
0.0923975
0.0869271
0.0869271
0.0866456
0.0953014
0.0729804
0.0857171
0.0704981
0.0704981
0.0775219
0.0968818
0.079502
0.0849769
0.0936641
0.0872645
0.0872645
0.08015
0.0842065
0.0786694
0.0885315
0.0863076
0.0833977
0.0859976
0.0713307
0.0889626
0.0850757
0.0888405
0.0993846
0.0993846
0.0831827
0.0909127
0.0769023
0.0763752
0.0870478
0.0870478
0.0868346
0.0868346
0.0780225
0.0859329
0.0893416
0.0843292
0.0843292
0.0789758
0.0874817
0.077211
0.0916546
0.083212
0.0844498
0.0844498
0.0806767
0.0795957
0.0789116
0.0675529
0.0820369
0.0897692
0.0885315
0.0885315
0.0821303
0.0833977
0.0822246
0.0890274
0.068638
0.0668402
0.0853145
0.0730067
0.0730067
0.0751362
0.0753231
0.0804613
0.09175
0.0766222
0.0766222
0.0733125
0.0670257
0.0751071
0.0828442
0.0871703
0.0909127
0.0909127
0.0821303
0.0818235
0.0770884
0.0727865
0.0674605
0.0784504
0.0784504
0.0744873
0.0757556
0.0904172
0.0836163
0.090848
0.0781703
0.0781703
0.0781703
0.0902297
0.0902297
0.0807694
0.0872645
0.0920013
0.0702776
0.0894594
0.0810161
0.0960721
0.0850689
0.0850689
0.0846653
0.0834919
0.0699697
0.0699697
0.07851
0.079654
0.0766909
0.0766909
0.0757271
0.0849769
0.0782627
0.0847593
0.0859329
0.0825634
0.0825634
0.0692579
0.0876956
0.0831827
0.0831827
0.0860929
0.0860929
0.0841404
0.0923025
0.0809858
0.0843308
0.0827787
0.083428
0.0889335
0.0885315
0.0842352
0.0788823
0.0888405
0.0769949
0.0926196
0.0777365
0.0689438
0.0794092
0.0794092
0.089056
0.0769023
0.0769023
0.0761623
0.0746098
0.0803744
0.0803744
0.0783561
0.0867706
0.0882216
0.0880077
0.0805569
0.0805569
0.0833977
0.0765729
0.0764685
0.0828096
0.0875811
0.0875811
0.0813889
0.077211
0.0723865
0.0802434
0.0863139
0.077211
0.077211
0.0820087
0.0839234
0.0776147
0.0739607
0.0934752
0.0968818
0.0968818
0.0756634
0.0866456
0.0784167
0.0828727
0.0595118
0.0821303
0.0699697
0.0776433
0.0904172
0.080863
0.0753328
0.0753328
0.0931415
0.0860268
0.0966903
0.0837099
0.0832756
0.0798177
0.0798177
0.07743
0.0718582
0.0905122
0.0905122
0.0821599
0.0821599
0.0755425
0.0738676
0.0861216
0.0846653
0.0870478
0.0870478
0.0874846
0.0927977
0.0858097
0.0795957
0.0732191
0.0738676
0.0792262
0.0807694
0.091779
0.0821599
0.0705901
0.0693495
0.0693495
0.0693495
0.0703169
0.0877891
0.0756344
0.0818235
0.0818235
0.0807694
0.0794384
0.0676904
0.0676904
0.0840466
0.0876671
0.0876671
0.075786
0.0825634
0.0780497
0.0768105
0.0768105
0.0821303
0.0944754
0.0739607
0.0841404
0.0837117
0.0896467
0.0896467
0.0896467
0.0872944
0.0820087
0.0883442
0.080863
0.0828727
0.0828727
0.0779256
0.0941874
0.0770884
0.0806487
0.0807988
0.0807988
0.0770241
0.0681095
0.0757556
0.0767822
0.0780787
0.0914665
0.0914665
0.0847898
0.0847898
0.0777365
0.0737754
0.0852557
0.0852557
0.0806767
0.0856947
0.0776433
0.0846653
0.0795693
0.0848543
0.0756634
0.0699984
0.0919714
0.0919714
0.0864287
0.0803377
0.0803377
0.0814177
0.0821599
0.0891803
0.0859329
0.0996526
0.0996526
0.0889626
0.0889626
0.0871703
0.081511
0.0782627
0.0782627
0.0767822
0.0897692
0.0928266
0.0928266
0.0776433
0.0838951
0.0807694
0.0751362
0.0788823
0.0725067
0.0790703
0.0764978
0.0764978
0.0854082
0.0731265
0.0870769
0.0897047
0.0830906
0.0830906
0.080863
0.0792894
0.0724785
0.081511
0.0859032
0.0859032
0.0888701
0.0888701
0.0812041
0.0812041
0.0928452
0.0781703
0.0712382
0.0847593
0.0847593
0.0847898
0.0789758
0.0679891
0.0718582
0.0931415
0.0931415
0.0679891
0.0670257
0.0769023
0.0791978
0.0849795
0.082474
0.0942825
0.0782627
0.0925903
0.0737754
0.0872364
0.0698779
0.0698779
0.0807694
0.0935396
0.0883442
0.0907342
0.087603
0.0800288
0.0868364
0.0760435
0.0786694
0.0747035
0.0810807
0.0830906
0.0803666
0.0894594
0.0855684
0.0887201
0.0703067
0.0873891
0.0872645
0.0782006
0.0781417
0.0925903
0.0734349
0.09848
0.0849769
0.0840169
0.0840169
0.0824716
0.0773107
0.0786979
0.0766861
0.0730349
0.0812041
0.0891803
0.0742745
0.0854082
0.0808918
0.0808918
0.0818526
0.0820369
0.0806767
0.0836163
0.08015
0.0822537
0.0792231
0.0759428
0.0815411
0.0796903
0.073684
0.0831827
0.0831827
0.0846962
0.0807694
0.0743666
0.0717664
