-0.00329919
-0.03196
-0.0206654
-0.0268328
-0.0181235
-0.0139278
-0.0268328
-0.0159031
-0.023238
-0.033009
-0.0189537
-0.0153598
-0.0198524
-0.0238066
-0.0207198
-0.0159291
-0.0178459
-0.0229671
-0.0198849
-0.00886511
-0.0167078
-0.0164976
-0.0153598
-0.0150617
-0.0240197
-0.0231131
-0.0299819
-0.0229102
-0.0217729
-0.0184447
-0.016171
-0.0235372
-0.021829
-0.0198228
-0.0235115
-0.0187143
-0.00581292
-0.0327053
-0.0349205
-0.0251858
0.00254475
-0.0141937
-0.0184534
-0.0291444
-0.0153023
-0.0203957
-0.0288117
-0.026027
-0.0142224
-0.0372366
-0.0299257
-0.0150893
-0.016503
-0.0201789
-0.0248879
-0.0159291
-0.0131141
-0.0144925
-0.0111397
-0.0277028
-0.0206999
-0.0179079
-0.0349932
-0.0128436
-0.0184192
-0.0217379
-0.0271374
-0.0206913
-0.0262953
-0.0186852
-0.0186852
-0.0159018
-0.0167709
-0.0167709
-0.0270695
-0.0270695
-0.0402971
-0.0205982
-0.0072267
-0.0294129
-0.0246481
-0.0215592
-0.0209609
-0.026267
-0.0273719
-0.0209609
-0.0159343
-0.0254252
-0.0419699
-0.0211999
-0.0111397
-0.0156306
-0.0254307
-0.013439
-0.0125496
-0.0181754
-0.0185273
-0.0229121
-0.0238066
-0.0240478
-0.0218007
-0.0212308
-0.0248549
-0.0237794
-0.0256935
-0.0198228
-0.0260283
-0.0220402
-0.0224264
-0.0198228
-0.0232078
-0.019554
-0.0187143
-0.0285129
-0.0240478
-0.0176147
-0.0197938
-0.0326723
-0.0176147
-0.0301887
-0.0175479
-0.0298907
-0.0260002
-0.0246225
-0.0181805
-0.0136574
-0.0174817
-0.00778886
-0.0268017
-0.0324053
-0.0138947
-0.0234776
-0.0161399
-0.0299206
-0.0195821
-0.0347804
-0.03304
-0.0229102
-0.0195821
-0.0285129
-0.0226693
-0.0179065
-0.0280071
-0.0260283
-0.03304
-0.0254551
-0.0206634
-0.0218007
-0.0271646
-0.0114121
-0.0175766
-0.0319303
-0.0319303
-0.032531
-0.0220695
-0.0192546
-0.0305233
-0.0212308
-0.0246225
-0.0192872
-0.0279725
-0.0301887
-0.0268328
-0.0181754
-0.0288117
-0.0339105
-0.0366976
-0.0313668
-0.0420084
-0.0372706
-0.0206913
-0.0276431
-0.0257249
-0.0248879
-0.0403918
-0.0119486
-0.0187143
-0.0271646
-0.0178817
-0.0290805
-0.0285722
-0.0223698
-0.0279815
-0.0238066
-0.0245546
-0.0221083
-0.0316315
-0.0285431
-0.0307626
-0.0237794
-0.0364691
-0.0251591
-0.0248897
-0.0238343
-0.013385
-0.0279725
-0.024617
-0.0117346
-0.0192855
-0.0270695
-0.0248225
-0.0203616
-0.0282425
-0.0277146
-0.0299626
-0.0285431
-0.0294409
-0.0310906
-0.0338462
-0.0400564
-0.0279725
-0.014846
-0.0181155
-0.0246491
-0.0192872
-0.032772
-0.0231782
-0.0280071
-0.0164681
-0.0324689
-0.0366359
-0.0184447
-0.0207198
-0.0091425
-0.0192855
-0.026625
-0.0176059
-0.0238066
-0.0184822
-0.0220695
-0.0235093
-0.0209315
-0.0187743
-0.0347535
-0.0277335
-0.0319011
-0.0240197
-0.0243465
-0.0203297
-0.0249167
-0.031297
-0.018744
-0.0371691
-0.0310296
-0.035289
-0.0215673
-0.0181805
-0.0187143
-0.0254551
-0.0344174
-0.033011
-0.0293498
-0.0327388
-0.0277335
-0.023416
-0.0156356
-0.0293498
-0.0231481
-0.0232078
-0.036095
-0.0212622
-0.0319303
-0.0338551
-0.0231782
-0.0299206
-0.0285431
-0.0243465
-0.0215323
-0.0285431
-0.0299206
-0.0105981
-0.0220993
-0.0296528
-0.0130853
-0.0282479
-0.0224005
-0.0217729
-0.0172804
-0.0184192
-0.0168214
-0.0187143
-0.0218007
-0.0290491
-0.0192855
-0.0273719
-0.0203616
-0.0249214
-0.0201283
-0.0145231
-0.0159291
-0.0184447
-0.0335452
-0.0333084
-0.0218007
-0.0298907
-0.028177
-0.0335452
-0.0223698
-0.0330696
-0.038619
-0.025995
-0.0288117
-0.0178766
-0.0156001
-0.0240478
-0.026267
-0.0211999
-0.0192594
-0.0111397
-0.0176358
-0.0159018
-0.0259622
-0.0274049
-0.0226081
-0.0178766
-0.0142224
-0.0173698
-0.0321387
-0.0327388
-0.0235115
-0.0332779
-0.0336157
-0.029951
-0.0265341
-0.0173355
-0.0274335
-0.0268017
-0.0313286
-0.0304572
-0.0414664
-0.0391514
-0.0310598
-0.0383813
-0.019909
-0.0338826
-0.0305233
-0.019554
-0.0254551
-0.0330696
-0.0248374
-0.011977
-0.0290805
-0.0257568
-0.038885
-0.0164681
-0.0229102
-0.0291444
-0.0228779
-0.0307914
-0.0257591
-0.0310598
-0.0328001
-0.03304
-0.03304
-0.0249167
-0.0392165
-0.0206634
-0.0206634
-0.0170391
-0.0198524
-0.0198524
-0.0321688
-0.0193121
-0.0298536
-0.0192855
-0.0225759
-0.0282095
-0.0246742
-0.0164681
-0.0260823
-0.0251858
-0.0178817
-0.0125734
-0.0125734
-0.020123
-0.030282
-0.0156001
-0.0248549
-0.0249167
-0.0235093
-0.0164681
-0.0106258
-0.0159343
-0.0246481
-0.021501
-0.0248879
-0.0147951
-0.0240183
-0.0234776
-0.0240183
-0.0108688
-0.0198524
-0.0192226
-0.0321688
-0.0197938
-0.0215059
-0.0265639
-0.0251573
-0.0350211
-0.0358387
-0.0321994
-0.0257249
-0.0349205
-0.020123
-0.0164976
-0.0276727
-0.0254252
-0.0229671
-0.0279409
-0.0220402
-0.0259622
-0.0316338
-0.029951
-0.00943805
-0.0150617
-0.0153598
-0.0254252
-0.0214687
-0.0201533
-0.0181155
-0.0279725
-0.0375067
-0.0209315
-0.0308207
-0.0158384
-0.0366664
-0.0274049
-0.0318673
-0.0234465
-0.0210205
-0.0324369
-0.0220783
-0.0288117
-0.0265639
-0.0338462
-0.0245855
-0.0114111
-0.0136574
-0.0254252
-0.0190683
-0.0313286
-0.0193394
-0.0240478
-0.0198228
-0.0256935
-0.0237478
-0.0103279
-0.0198524
-0.0187733
-0.0315539
-0.018417
-0.00973196
-0.00973196
-0.0170655
-0.0304905
-0.0228779
-0.0436835
-0.0198524
-0.0234776
-0.0395204
-0.0203616
-0.00781282
-0.0357622
-0.0153307
-0.026027
-0.0223386
-0.0223386
-0.00862382
-0.0251247
-0.0173355
-0.020092
-0.0338462
-0.0273719
-0.0319701
-0.017041
-0.0235093
-0.0235093
-0.0163761
-0.0211696
-0.0211696
-0.0220993
-0.021501
-0.011977
-0.0223079
-0.0195821
-0.0209609
-0.0147931
-0.0223386
-0.0277028
-0.0206913
-0.0254856
-0.0249167
-0.0237478
-0.00835313
-0.0203941
-0.0262654
-0.0305233
-0.00608188
-0.0294129
-0.0145248
-0.0245855
-0.0277648
-0.0274335
-0.0220695
-0.0316338
-0.0260283
-0.0321994
-0.0176059
-0.0259622
-0.0187264
-0.0265639
-0.0265639
-0.0114376
-0.0215339
-0.0203957
-0.0167382
-0.0156001
-0.0268017
-0.0173132
-0.0205982
-0.0103279
-0.0290805
-0.0271354
-0.0307626
-0.0214687
-0.0147951
-0.0145231
-0.0310598
-0.0369669
-0.0215592
-0.0192546
-0.0251573
-0.0189843
-0.0234863
-0.0263002
-0.0279409
-0.0234776
-0.0262392
-0.0288117
-0.0144925
-0.0150617
-0.0167382
-0.0268328
-0.021829
-0.0221321
-0.0150893
-0.0293169
-0.0164681
-0.0189537
-0.0229102
-0.018473
-0.018473
-0.0265639
-0.020092
-0.0156306
-0.0133547
-0.0251858
-0.0114637
-0.0184447
-0.0218007
-0.026267
-0.0232681
-0.0411656
-0.0276727
-0.0251858
-0.0283026
-0.0293584
-0.0195253
-0.0257249
-0.0206913
-0.0173923
-0.0288117
-0.0229102
-0.0235115
-0.0209018
-0.023416
-0.018417
-0.0127559
-0.0234465
-0.0341792
-0.0158698
-0.0214801
-0.031122
-0.025995
-0.0228443
-0.0280047
-0.0313286
-0.0243165
-0.0321688
-0.0288733
-0.0327053
-0.0229671
-0.0319011
-0.0246491
-0.0223698
-0.0288422
-0.0335771
-0.0223698
-0.0383103
-0.029951
-0.0271354
-0.0346854
-0.0254916
-0.0288422
-0.0234776
-0.0400881
-0.0217729
-0.0263002
-0.0122776
-0.0262953
-0.0262953
-0.0316657
-0.0293832
-0.023238
-0.0370302
-0.029951
-0.0251858
-0.0133547
-0.0181805
-0.032772
-0.0256935
-0.0223386
-0.0254856
-0.0282479
-0.0159291
-0.0251573
-0.0355573
-0.0296244
-0.0425749
-0.0215592
-0.0215592
-0.0340808
-0.031297
-0.0120059
-0.0357938
-0.0226425
-0.0301574
-0.0097038
-0.0335452
-0.0341792
-0.0304959
-0.0243165
-0.026267
-0.0274065
-0.0220695
-0.0170086
-0.026027
-0.0277397
-0.0280071
-0.0280071
-0.0301887
-0.0364934
-0.0296817
-0.0321688
-0.0291125
-0.033011
-0.045094
-0.0262953
-0.0389859
-0.0374712
-0.03616
-0.030282
-0.0302205
-0.0302205
-0.0328001
-0.0338801
-0.0288117
-0.0236833
-0.0220695
-0.0335771
-0.0344174
-0.0403918
-0.026027
-0.0336157
-0.0268017
-0.022674
-0.0438836
-0.0203941
-0.0288422
-0.0327388
-0.0204222
-0.024287
-0.0369343
-0.0288516
-0.030282
-0.0336157
-0.0147951
-0.0268969
-0.0260544
-0.0260544
-0.0338462
-0.0246225
-0.0378066
-0.0321688
-0.0290805
-0.0267703
-0.020092
-0.0257568
-0.0338801
-0.0326723
-0.0327444
-0.031122
-0.0240764
-0.0311002
-0.0226081
-0.0139526
-0.0395209
-0.0307914
-0.0268646
-0.0187743
-0.0184447
-0.0234776
-0.0173355
-0.0125998
-0.0190154
-0.0282761
-0.0159557
-0.0254252
-0.0396852
-0.0235115
-0.0402922
-0.0243465
-0.0318673
-0.0280071
-0.021829
-0.0383813
-0.0307626
-0.0232681
-0.0307344
-0.0431128
-0.035826
-0.0206913
-0.0223752
-0.0307914
-0.0217457
-0.0238066
-0.0206634
-0.0282479
-0.0198228
-0.0229102
-0.0148192
-0.0256935
-0.0206315
-0.0262953
-0.0282425
-0.0240529
-0.0240529
-0.0243465
-0.0167078
-0.0257591
-0.0237478
-0.0263241
-0.0223386
-0.0240183
-0.0142342
-0.0268328
-0.0344174
-0.0284784
-0.0279725
-0.0356204
-0.0377757
-0.0310906
-0.021829
-0.0262953
-0.0173639
-0.0234465
-0.0262953
-0.0324369
-0.0193121
-0.0193121
-0.0209908
-0.0338826
-0.0223386
-0.0248549
-0.0237794
-0.0254252
-0.0209965
-0.0381082
-0.0236833
-0.0274049
-0.0304572
-0.020123
-0.04066
-0.024287
-0.0330696
-0.0153598
-0.0241055
-0.0394861
-0.0310906
-0.0271691
-0.0287123
-0.0229671
-0.032772
-0.0285431
-0.0302529
-0.0271374
-0.0308506
-0.0308506
-0.0346854
-0.0235372
-0.03304
-0.0333394
-0.0229671
-0.0184447
-0.0234776
-0.0254252
-0.0215866
-0.0451036
-0.0189843
-0.021829
-0.0274335
-0.0392165
-0.0173355
-0.0349932
-0.0265942
-0.0274335
-0.023238
-0.0319701
-0.0260544
-0.0260544
-0.0304905
-0.0159343
-0.0159343
-0.0333084
-0.0217716
-0.0248225
-0.0209609
-0.0178766
-0.0251858
-0.0274335
-0.033009
-0.0237809
-0.0249167
-0.0328001
-0.021501
-0.0220993
-0.026027
-0.0251858
-0.0327388
-0.0277335
-0.0355573
-0.0408982
-0.0408982
-0.0220993
-0.0346854
-0.0333084
-0.0274335
-0.0277397
-0.03616
-0.0428437
-0.0467767
-0.0322623
-0.0248879
-0.0227244
-0.0319303
-0.042069
-0.0355266
-0.0274335
-0.0398186
-0.0439925
-0.0268017
-0.0439862
-0.024617
-0.0291125
-0.0209609
-0.0240183
-0.0301887
-0.0310314
-0.0375067
-0.0324455
-0.0335771
-0.0271022
-0.0232681
-0.0304905
-0.0310906
-0.0479497
-0.0226425
-0.0378066
-0.0269297
-0.0290805
-0.0288733
-0.026027
-0.0290491
-0.0316066
-0.0254252
-0.0302859
-0.0303025
-0.0328001
-0.0271924
-0.0347506
-0.0335771
-0.0265639
-0.0304572
-0.0336426
-0.0277028
-0.0385781
-0.0333394
-0.0296528
-0.0327388
-0.0279725
-0.022434
-0.0302555
-0.035289
-0.0321994
-0.0279725
-0.0350495
-0.0389472
-0.0237153
-0.0240764
-0.021501
-0.032772
-0.0190683
-0.0269297
-0.0158698
-0.0226693
-0.0310598
-0.0416675
-0.0347177
-0.0220695
-0.021829
-0.0381082
-0.0358587
-0.0204271
-0.0283026
-0.0237478
-0.0293584
-0.0411656
-0.0375384
-0.0263241
-0.0344174
-0.020123
-0.0381145
-0.0355886
-0.0302205
-0.0313668
-0.0423065
-0.0395204
-0.0460016
-0.0296543
-0.03304
-0.03304
-0.0310906
-0.0270695
-0.0338826
-0.0437507
-0.0467767
-0.0403581
-0.0288117
-0.0347804
-0.0355886
-0.0352577
-0.0338462
-0.0186852
-0.0186852
-0.0399527
-0.0332432
-0.0383442
-0.0343855
-0.0327053
-0.0414008
-0.0175858
-0.0341157
-0.0386135
-0.0343855
-0.0360614
-0.0386135
-0.0422019
-0.0234187
-0.0251247
-0.0352224
-0.0352577
-0.0316315
-0.0197964
-0.0304304
-0.0265362
-0.0368662
-0.0315978
-0.032974
-0.0431128
-0.0245605
-0.0324369
-0.0349537
-0.0366712
-0.0265362
-0.0439515
-0.0391531
-0.024617
-0.0389158
-0.0358377
-0.0377757
-0.0389204
-0.0293498
-0.0371747
-0.0372026
-0.023238
-0.0195253
-0.0248549
-0.0268017
-0.0363644
-0.0363644
-0.0338462
-0.0237268
-0.011977
-0.0243165
0.0050784
0.00362393
-0.0103835
-0.027523
-0.0244083
-0.0243618
-0.00674227
-0.002253
-0.00084062
-0.0165166
-0.0123803
-0.012929
-0.00538976
-0.0168652
-0.0131659
-0.0263356
-0.0112331
-0.00449744
-8.93567e-06
-0.000899967
0.0055844
0.00447802
-0.00449744
-0.00308483
-0.00926324
-0.0162418
-0.0104082
0.00890729
-0.00504962
-0.00425788
0.00334119
-0.0145861
-0.0124048
-0.0117502
0.00334119
0.00423319
-0.00563555
-0.0157257
-0.00698354
-0.00563555
-0.00425796
-0.00727192
-0.0162769
0.0234876
0.0738505
0.27752
0.347013
0.43285
0.507424
0.45745
0.388803
0.345128
0.28352
0.162433
0.118839
0.116143
0.109762
0.092592
0.127284
0.14324
0.179482
0.180737
0.184684
0.222514
0.236901
0.24321
0.2255
0.210869
0.202342
0.182576
0.190509
0.180338
0.199263
0.199292
0.199292
0.214149
0.193047
0.174744
0.192005
0.190438
0.190438
0.188176
0.191008
0.180254
0.179048
0.174254
0.17948
0.17948
0.191283
0.180532
0.175299
0.16251
0.177837
0.177837
0.185745
0.173994
0.176153
0.173439
0.170637
0.183622
0.175874
0.18809
0.186029
0.174174
0.170257
0.169046
0.171009
0.175587
0.172601
0.178557
0.185745
0.163173
0.18034
0.18034
0.178298
0.17418
0.175315
0.175964
0.173347
0.171388
0.185396
0.175315
0.161296
0.189868
0.178272
0.18688
0.169989
0.175306
0.167185
0.165866
0.167097
0.170727
0.163997
0.169146
0.169146
0.177187
0.176794
0.191035
0.177531
0.174648
0.179883
0.167185
0.159609
0.171624
0.169667
0.177642
0.177642
0.183047
0.186789
0.16726
0.176128
0.176392
0.17606
0.186321
0.1923
0.181105
0.182363
0.168695
0.17474
0.185175
0.170136
0.172028
0.175189
0.163086
0.175211
0.178751
0.175589
0.181444
0.184538
0.178167
0.17186
0.173819
0.172499
0.162802
0.166505
0.173819
0.177639
0.178583
0.180991
0.18146
0.18146
0.16472
0.177852
0.181808
0.179504
0.183416
0.179055
0.169084
0.1783
0.173417
0.183251
0.17625
0.179619
0.175942
0.182027
0.169618
0.158436
0.168132
0.174292
0.17922
0.168079
0.174048
0.162963
0.178838
0.165134
0.171606
0.17757
0.163153
0.158753
0.161077
0.167162
0.159357
0.161626
0.179349
0.164203
0.165712
0.169021
0.183685
0.143033
0.173869
0.168187
0.174724
0.16257
0.179862
0.181172
0.194192
0.185908
0.200643
0.209236
0.21329
0.200774
0.208362
0.208362
0.221926
0.246352
0.264058
0.260228
0.272749
0.270559
0.273488
0.271424
0.277935
0.25686
0.257106
0.255988
0.252464
0.246634
0.257815
0.248031
0.235756
0.24965
0.235097
0.242898
0.248475
0.243376
0.244312
0.244124
0.239814
0.245855
0.253476
0.250075
0.256249
0.255168
0.250091
0.253191
0.254549
0.268209
0.253189
0.259225
0.253914
0.251489
0.256831
0.248284
0.249223
0.24333
0.251861
0.25101
0.238972
0.250838
0.238199
0.253914
0.245888
0.261525
0.261525
0.25116
0.254351
0.241201
0.249202
0.249872
0.252552
0.252069
0.248543
0.234962
0.220515
0.241201
0.240252
0.249936
0.238926
0.240736
0.247072
0.246356
0.243835
0.266875
0.266875
0.243934
0.25101
0.261104
0.2503
0.258368
0.251843
0.258665
0.258058
0.255761
0.252765
0.253674
0.257118
0.257201
0.267928
0.258925
0.259983
0.256029
0.262935
0.25089
0.234487
0.254433
0.247961
0.249922
0.257337
0.254372
0.251701
0.255063
0.245228
0.249922
0.267405
0.26084
0.244527
0.25497
0.248644
0.262547
0.252189
0.246631
0.246631
0.246667
0.258689
0.257379
0.247695
0.246614
0.250086
0.250909
0.253245
0.261469
0.26229
0.251106
0.267205
0.254308
0.244675
0.261367
0.25672
0.258036
0.26678
0.246714
0.248159
0.251081
0.257214
0.252189
0.259561
0.268363
0.250552
0.253672
0.269172
0.260193
0.252397
0.255976
0.247622
0.247622
0.262927
0.258689
0.257527
0.252824
0.266935
0.271416
0.270203
0.250713
0.250854
0.257842
0.25468
0.261443
0.261443
0.254858
0.269214
0.25911
0.256944
0.260897
0.255012
0.256877
0.266135
0.266842
0.259743
0.279916
0.277722
0.257791
0.259832
0.272483
0.270012
0.278621
0.271256
0.269505
0.274148
0.277939
0.258705
0.255813
0.260394
0.249304
0.262281
0.256708
0.251456
0.258991
0.262176
0.275479
0.265868
0.250089
0.276125
0.268961
0.275263
0.265386
0.268539
0.25704
0.271479
0.272812
0.266505
0.250851
0.272598
0.273044
0.268844
0.263832
0.268272
0.279271
0.26098
0.271303
0.263569
0.264051
0.271675
0.263413
0.271265
0.274727
0.280825
0.270823
0.270823
0.273597
0.27375
0.278796
0.272849
0.276125
0.270997
0.268967
0.269493
0.260086
0.2656
0.262717
0.27098
0.256783
0.266619
0.271479
0.266022
0.263133
0.283035
0.27591
0.265656
0.273876
0.27575
0.276125
0.271805
0.266456
0.249723
0.266296
0.272542
0.284654
0.264961
0.273454
0.268115
0.268115
0.275506
0.266136
0.264262
0.267262
0.261002
0.273776
0.276768
0.268059
0.27104
0.267466
0.278356
0.28439
0.266936
0.286038
0.268478
0.278961
0.273667
0.274135
0.26918
0.264421
0.270837
0.282231
0.264107
0.276123
0.281517
0.279097
0.27399
0.281996
0.2639
0.281975
0.266296
0.286
0.273508
0.264309
0.283755
0.276335
0.28104
0.275056
0.282591
0.282591
0.282106
0.276554
0.297198
0.268626
0.275648
0.266769
0.266769
0.264903
0.267364
0.275134
0.270203
0.273721
0.279275
0.273932
0.269291
0.274997
0.280152
0.267948
0.287322
0.295786
0.291123
0.273715
0.28391
0.296638
0.280825
0.278797
0.278797
0.270239
0.273236
0.273236
0.274418
0.276378
0.284923
0.275049
0.271748
0.271479
0.283539
0.280822
0.280662
0.283755
0.283973
0.28703
0.282475
0.284451
0.286804
0.287546
0.281262
0.273025
0.279156
0.290654
0.286038
0.270945
0.287493
0.28755
0.276267
0.280662
0.278578
0.297888
0.28475
0.283972
0.298063
0.290317
0.292639
0.287758
0.283116
0.286
0.286642
0.286858
0.299616
0.284561
0.283699
0.290267
0.28867
0.296683
0.292247
0.286213
0.301385
0.282371
0.280486
0.282925
0.290901
0.287504
0.273111
0.278508
0.278508
0.272332
0.284507
0.297415
0.283487
0.291158
0.291158
0.276011
0.289778
0.289778
0.294703
0.288182
0.292463
0.29513
0.310118
0.296763
0.292758
0.297848
0.29922
0.288551
0.280645
0.292247
0.287857
0.281566
0.295391
0.295391
0.28686
0.281936
0.296297
0.296984
0.29531
0.291601
0.277992
0.288413
0.292105
0.288886
0.284654
0.28996
0.301386
0.293398
0.290262
0.290262
0.290262
0.290262
0.275862
0.275862
0.290775
0.287405
0.294487
0.294487
0.290097
0.285309
0.295866
0.29492
0.286378
0.300518
0.279225
0.296651
0.30051
0.30528
0.292679
0.293799
0.297018
0.285767
0.2844
0.294524
0.285359
0.28104
0.282796
0.284533
0.285345
0.296689
0.291848
0.298751
0.293969
0.299577
0.293151
0.282161
0.302016
0.296896
0.302063
0.304515
0.300083
0.282637
0.296689
0.296683
0.291343
0.291127
0.295569
0.27479
0.292935
0.292895
0.284923
0.284691
0.28686
0.288021
0.288021
0.283067
0.298347
0.301416
0.289393
0.300262
0.29763
0.301206
0.294916
0.304996
0.304996
0.304996
0.305598
0.288227
0.312113
0.294703
0.294779
0.29224
0.298531
0.30142
0.288883
0.285094
0.307921
0.298713
0.281297
0.298279
0.293364
0.307235
0.302071
0.291775
0.294267
0.301348
0.319947
0.297201
0.297461
0.30698
0.307439
0.302757
0.312581
0.297607
0.294835
0.303616
0.300006
0.299654
0.290339
0.290222
0.297201
0.307017
0.287493
0.322025
0.295385
0.300905
0.300477
0.309025
0.310845
0.31568
0.297583
0.300484
0.306511
0.299614
0.300083
0.306726
0.312113
0.30193
0.307913
0.303402
0.306586
0.290528
0.300988
0.298566
0.289827
0.298279
0.294869
0.322686
0.305702
0.30767
0.29961
0.306736
0.29737
0.299172
0.297156
0.296981
0.306282
0.314807
0.301385
0.290435
0.314124
0.317952
0.294742
0.310773
0.300988
0.295688
0.301855
0.303878
0.294791
0.301679
0.307017
0.305683
0.310836
0.308788
0.302581
0.298104
0.306332
0.321303
0.322211
0.308781
0.311896
0.306765
0.307019
0.306069
0.308779
0.294272
0.312146
0.307604
0.317304
0.317304
0.301601
0.303878
0.307267
0.309295
0.305675
0.303227
0.307419
0.304592
0.31196
0.307017
0.309473
0.307272
0.311703
0.291385
0.28936
0.300018
0.304775
0.288886
0.288886
0.314567
0.314567
0.312101
0.313725
0.311926
0.307235
0.307665
0.30627
0.309294
0.310808
0.306768
0.296763
0.317274
0.288669
0.300115
0.307736
0.29985
0.292461
0.303444
0.303444
0.318174
0.28686
0.293798
0.296509
0.306768
0.311431
0.311241
0.315937
0.31485
0.314817
0.310557
0.307624
0.313694
0.312613
0.304348
0.302536
0.305211
0.300343
0.323546
0.306113
0.311493
0.307886
0.298536
0.302572
0.316178
0.305683
0.294272
0.307885
0.3059
0.3059
0.305211
0.308136
0.308136
0.31703
0.298708
0.304515
0.313482
0.317056
0.319939
0.304088
0.310588
0.302071
0.30857
0.311896
0.311928
0.316398
0.319939
0.304529
0.30839
0.321091
0.301206
0.310376
0.31752
0.31752
0.306787
0.32622
0.305209
0.31485
0.32131
0.299616
0.316147
0.322843
0.325759
0.318826
0.300916
0.310989
0.315255
0.315719
0.309192
0.305648
0.313941
0.309251
0.307227
0.30594
0.320875
0.315274
0.309255
0.321302
0.3135
0.29492
0.322185
0.296039
0.309685
0.305618
0.310808
0.302724
0.312362
0.316869
0.317917
0.329327
0.311274
0.316593
0.316593
0.308607
0.315255
0.324196
0.315255
0.308733
0.326463
0.311241
0.322645
0.310588
0.317056
0.329352
0.307007
0.314134
0.307485
0.31729
0.32398
0.3164
0.318392
0.315067
0.315067
0.319286
0.310376
0.314578
0.323498
0.31771
0.314818
0.324881
0.328884
0.322893
0.303626
0.331128
0.318826
0.322426
0.316398
0.320409
0.321063
0.327577
0.300733
0.300733
0.321509
0.321509
0.320209
0.303227
0.29901
0.309685
0.309685
0.312594
0.33494
0.313694
0.313227
0.304311
0.311727
0.312168
0.321773
0.309193
0.319712
0.307231
0.29811
0.300343
0.325318
0.30745
0.303914
0.319318
0.308561
0.313948
0.327513
0.314572
0.316837
0.321523
0.316811
0.327526
0.307635
0.316617
0.322459
0.322429
0.312579
0.310096
0.309441
0.315257
0.314818
0.323111
0.321744
0.315937
0.301854
0.300301
0.320189
0.303192
0.316403
0.30655
0.307452
0.321722
0.313264
0.313264
0.306152
0.317326
0.315064
0.314847
0.328674
0.316372
0.317054
0.321776
0.330011
0.318203
0.333601
0.319098
0.315067
0.323546
0.31171
0.322886
0.331366
0.331366
0.326432
0.324636
0.317956
0.315064
0.311703
0.315715
0.311703
0.311703
0.311493
0.325564
0.321529
0.327337
0.328009
0.321776
0.308319
0.312146
0.3278
0.324228
0.318878
0.314847
0.314818
0.331614
0.319757
0.311241
0.320836
0.321992
0.317304
0.313047
0.328451
0.309473
0.324665
0.319756
0.314818
0.322425
0.318172
0.328236
0.319975
0.317738
0.327364
0.313264
0.3146
0.307019
0.312581
0.321093
0.316155
0.309041
0.319973
0.319074
0.314161
0.31283
0.315283
0.325101
0.309224
0.325347
0.325321
0.315968
0.319947
0.327337
0.334261
0.325552
0.318203
0.328917
0.325122
0.32668
0.328673
0.334261
0.335377
0.332269
0.32622
0.337612
0.325129
0.315716
0.334041
0.315064
0.318857
0.33137
0.32131
0.321744
0.344532
0.336712
0.323765
0.327556
0.325593
0.329136
0.334041
0.326029
0.323107
0.32131
0.321966
0.331568
0.331151
0.321744
0.326438
0.336276
0.31883
0.30698
0.328231
0.320629
0.323304
0.327776
0.310376
0.327119
0.329132
0.329132
0.323329
0.314632
0.335141
0.311679
0.311679
0.324011
0.316811
0.329572
0.325129
0.320405
0.33873
0.314567
0.314812
0.316403
0.328893
0.320657
0.330252
0.330252
0.338712
0.329551
0.320629
0.320629
0.325347
0.33137
0.327995
0.324228
0.342064
0.314166
0.322399
0.321523
0.325995
0.338048
0.319904
0.334261
0.337393
0.335377
0.333363
0.340743
0.323962
0.330466
0.324421
0.327117
0.33069
0.323984
0.337155
0.343413
0.330252
0.331128
0.328893
0.321966
0.323085
0.331128
0.332479
0.319267
0.335156
0.333386
0.332046
0.332046
0.331807
0.334023
0.330252
0.333847
0.340963
0.328917
0.336033
0.322429
0.34409
0.333604
0.337155
0.338934
0.346758
0.340742
0.326455
0.33472
0.336934
0.319293
0.33115
0.33115
0.328892
0.345208
0.319507
0.338289
0.340958
0.339168
0.340506
0.340045
0.328897
0.329572
0.336055
0.332051
0.328673
0.324011
0.325961
0.336275
0.345868
0.324883
0.338072
0.328231
0.340743
0.327776
0.33873
0.340963
0.340066
0.340743
0.323546
0.332486
0.334285
0.333144
0.330252
0.315716
0.329352
0.340066
0.334042
0.337832
0.329354
0.31752
0.339624
0.340501
0.329572
0.33045
0.330252
0.340305
0.33739
0.337174
0.336934
0.332486
0.330034
0.336496
0.334914
0.335378
0.330252
0.329352
0.326029
0.330933
0.344532
0.334034
0.324201
0.337376
0.332925
0.332922
0.333363
0.335159
0.328698
0.334478
0.321529
0.330909
0.34274
0.326438
0.330252
0.341402
0.330006
0.327773
0.327776
0.343416
0.33961
0.330469
0.344518
0.330471
0.335361
0.33873
0.342099
0.337174
0.340958
0.332919
0.32712
0.328892
0.344067
0.336715
0.337404
0.3356
0.341421
0.335591
0.33406
0.330493
0.339168
0.32911
0.335156
0.341632
0.338265
0.34226
0.34005
0.35787
0.32337
0.340286
0.325101
0.329832
0.341421
0.339606
0.340316
0.338289
0.343623
0.338958
0.341191
0.345193
0.338949
0.338735
0.342078
0.333291
0.331589
0.328897
0.332246
0.329773
0.340963
0.329761
0.342725
0.334919
0.342284
0.345176
0.339149
0.342516
0.334481
0.342738
0.332479
0.334922
0.338716
0.349452
0.347204
0.349214
0.34098
0.344518
0.345646
0.332479
0.346974
0.338509
0.337611
0.350097
0.340286
0.336725
0.33918
0.333989
0.345412
0.340522
0.340726
0.33178
0.324196
0.324196
0.342284
0.336057
0.342952
0.325347
0.335181
0.348751
0.336491
0.333821
0.334928
0.3354
0.341145
0.336496
0.337404
0.340059
0.334015
0.343873
0.345636
0.329563
0.342289
0.353217
0.335588
0.331587
0.335588
0.349204
0.345415
0.337808
0.34809
0.341402
0.338049
0.33828
0.333386
0.340286
0.334699
0.342515
0.333589
0.337626
0.332479
0.338713
0.339846
0.348093
0.332022
0.332486
0.331127
0.339155
0.333356
0.328452
0.339128
0.345614
0.349204
0.34409
0.333143
0.344962
0.344962
0.342504
0.351216
0.332051
0.348543
0.356576
0.356576
0.344767
0.343855
0.335614
0.3336
0.343413
0.33428
0.344298
0.342738
0.343411
0.34164
0.341165
0.349429
0.33069
0.349651
0.345646
0.340066
0.331807
0.337808
0.358352
0.334259
0.337585
0.354108
0.33023
0.339585
0.359687
0.342952
0.345649
0.350097
0.339387
0.343832
0.34632
0.346999
0.341621
0.346111
0.358797
0.345649
0.345429
0.345424
0.345424
0.345424
0.35302
0.340936
0.354351
0.3539
0.350996
0.350996
0.343617
0.334261
0.327309
0.336689
0.332872
0.335549
0.33827
0.335126
0.345202
0.337832
0.342515
0.3423
0.340476
0.329832
0.328867
0.324163
0.32444
0.336932
0.342728
0.326419
0.329317
0.353217
0.341815
0.33692
0.356794
0.346089
0.335835
0.335377
0.33111
0.355217
0.350552
0.343844
0.343844
0.330687
0.347881
0.351891
0.342503
0.352804
0.34118
0.329832
0.327329
0.337126
0.338707
0.334269
0.352554
0.357236
0.351659
0.346777
0.362375
0.348316
0.3481
0.351891
0.351861
0.351861
0.346069
0.342949
0.347648
0.350102
0.348718
0.356569
0.353458
0.338946
0.341183
0.34029
0.330687
0.337126
0.350102
0.351874
0.343201
0.331587
0.341413
0.351654
0.348751
0.335579
0.343201
0.360798
0.347175
0.35144
0.336479
0.339402
0.354337
0.350984
0.338711
0.358802
0.348518
0.346078
0.354339
0.348322
0.339161
0.338725
0.357244
0.357244
0.352795
0.34118
0.353894
0.355229
0.359472
0.341627
0.337834
0.35925
0.344945
0.358355
0.354999
0.354574
0.360559
0.360559
0.344061
0.338459
0.348539
0.348539
0.345628
0.340726
0.351435
0.349658
0.35568
0.350786
0.353891
0.354338
0.366586
0.353666
0.354561
0.351208
0.35747
0.354786
0.349443
0.350544
0.348984
0.372185
0.353227
0.353227
0.360354
0.345649
0.357889
0.353677
0.345837
0.365053
0.347394
0.357467
0.342738
0.35679
0.343855
0.343879
0.353217
0.354071
0.349878
0.344518
0.354327
0.350101
0.350999
0.354561
0.356347
0.346544
0.363934
0.348985
0.354796
0.363268
0.350984
0.365496
0.352104
0.359479
0.344526
0.361257
0.358585
0.350776
0.343622
0.346743
0.346334
0.356534
0.355681
0.365447
0.363259
0.357898
0.354561
0.332225
0.37864
0.34631
0.354337
0.340302
0.349893
0.36838
0.35745
0.350999
0.361474
0.359014
0.362151
0.358128
0.358802
0.342738
0.358364
0.354787
0.346985
0.32916
0.350111
0.362597
0.356582
0.356582
0.357221
0.356294
0.344722
0.356569
0.348718
0.351451
0.366828
0.369509
0.347434
0.35701
0.355229
0.344988
0.360808
0.369288
0.356576
0.358353
0.365269
0.367278
0.355026
0.355026
0.359243
0.357901
0.342738
0.356576
0.347648
0.369509
0.36148
0.352317
0.36771
0.345863
0.343386
0.345614
0.354122
0.353677
0.354787
0.364378
0.351223
0.351643
0.347866
0.347866
0.358076
0.365267
0.352776
0.349816
0.348565
0.352511
0.350312
0.346088
0.35232
0.37107
0.361257
0.353017
0.363043
0.343602
0.353682
0.359026
0.356127
0.344077
0.354796
0.357912
0.361253
0.361257
0.356571
0.359916
0.344271
0.359257
0.363934
0.344073
0.347871
0.351231
0.345193
0.346751
0.346751
0.36281
0.347869
0.349201
0.345656
0.346267
0.356312
0.371299
0.353215
0.359257
0.355851
0.362572
0.369258
0.356551
0.362817
0.365033
0.357906
0.351658
0.355239
0.366163
0.361479
0.352359
0.356127
0.365048
0.352784
0.355008
0.354115
0.35344
0.361704
0.355217
0.358573
0.351229
0.365272
0.366831
0.358579
0.358362
0.351211
0.35501
0.346968
0.331535
0.336914
0.34027
0.364357
0.346981
0.343179
0.359029
0.362143
0.351223
0.343856
0.360134
0.349651
0.363231
0.347194
0.352985
0.36483
0.368841
0.365272
0.348971
0.354561
0.35568
0.363036
0.369959
0.369061
0.354566
0.363263
0.361928
0.355908
0.355908
0.358576
0.356131
0.353889
0.363934
0.349202
0.355674
0.350527
0.364129
0.361025
0.363917
0.351656
0.36035
0.356333
0.363705
0.365493
0.349889
0.362143
0.374638
0.362342
0.358781
0.365272
0.357899
0.366828
0.362137
0.356795
0.363939
0.364603
0.367273
0.348767
0.349889
0.364598
0.364598
0.365941
0.365942
0.353681
0.357012
0.372384
0.370627
0.35901
0.369956
0.366834
0.361474
0.377313
0.364799
0.349877
0.342276
0.35745
0.352529
0.357445
0.360339
0.36148
0.367282
0.367053
0.365496
0.35167
0.363259
0.348312
0.352333
0.35008
0.361246
0.351446
0.350099
0.35747
0.361227
0.358353
0.34581
0.343386
0.35925
0.35925
0.353666
0.349658
0.344296
0.343845
0.35769
0.35121
0.359923
0.348991
0.340045
0.350102
0.357667
0.355232
0.359473
0.359696
0.348299
0.359895
0.366609
0.366609
0.360803
0.352532
0.340721
0.347629
0.346974
0.358585
0.351414
0.346267
0.359474
0.357467
0.348499
0.344059
0.349666
0.371292
0.352754
0.355417
0.357461
0.367494
0.362596
0.366149
0.378424
0.358773
0.35035
0.348554
0.370165
0.365698
0.352108
0.359474
0.35546
0.354786
0.358807
0.359015
0.367498
0.371076
0.365496
0.361472
0.36102
0.371293
0.363484
0.365496
0.360594
0.358132
0.37107
0.369057
0.367498
0.355031
0.364382
0.3588
0.367053
0.353443
0.347912
0.364154
0.366611
0.367029
0.362797
0.366388
0.364382
0.365272
0.380431
0.368839
0.37908
0.370836
0.37553
0.363411
0.367505
0.368131
0.362797
0.36794
0.369457
0.369063
0.354949
0.340467
0.341402
0.358102
0.371953
0.348354
0.345412
0.386579
0.390149
0.365278
0.381572
0.36572
0.358132
0.349651
0.375272
0.351883
0.366391
0.355228
0.358362
0.346999
0.342092
0.350554
0.352546
0.367935
0.369022
0.354558
0.373971
0.359918
0.355455
0.36148
0.360558
0.359249
0.366165
0.35322
0.361035
0.367505
0.365942
0.361034
0.350767
0.363492
0.371293
0.360588
0.358132
0.362819
0.357681
0.35322
0.365496
0.358135
0.36081
0.36081
0.35568
0.362597
0.357464
0.363934
0.368614
0.356794
0.361259
0.372834
0.359248
0.37442
0.356123
0.350548
0.367505
0.359696
0.363487
0.369956
0.368389
0.365275
0.365275
0.362593
0.358578
0.367726
0.366828
0.352106
0.362149
0.355677
0.356794
0.345406
0.363045
0.359696
0.363928
0.363041
0.363041
0.35925
0.355003
0.366166
0.351656
0.363711
0.351883
0.370401
0.369063
0.354122
0.364827
0.352095
0.364157
0.373747
0.3666
0.371961
0.36505
0.356805
0.354558
0.358135
0.363484
0.358355
0.361923
0.365272
0.370176
0.349426
0.352564
0.356347
0.351659
0.350544
0.344753
0.358797
0.367268
0.36995
0.370844
0.35144
0.367726
0.362817
0.364827
0.371961
0.357464
0.357464
0.357464
0.356123
0.378197
0.372632
0.375311
0.367058
0.355901
0.366834
0.373298
0.373298
0.361703
0.365272
0.368171
0.375527
0.354558
0.362372
0.360586
0.355455
0.355901
0.359473
0.373081
0.369509
0.359249
0.354338
0.348312
0.365942
0.36572
0.363041
0.367726
0.353889
0.373522
0.363933
0.364827
0.357241
0.365941
0.37218
0.372409
0.377086
0.367723
0.375973
0.371076
0.371076
0.366165
0.375084
0.373298
0.370847
0.367945
0.366159
0.366159
0.360366
0.361257
0.372622
0.373299
0.359696
0.368841
0.351435
0.365264
0.369732
0.363041
0.357687
0.361927
0.361927
0.373741
0.374636
0.370844
0.375969
0.370401
0.375305
0.366611
0.367058
0.387331
0.370401
0.368172
0.360811
0.363928
0.374409
0.365941
0.362819
0.367054
0.380425
0.369509
0.37731
0.380208
0.363041
0.367947
0.374414
0.37798
0.378638
0.37106
0.368614
0.380882
0.36995
0.38644
0.361253
0.362368
0.361253
0.358807
0.361034
0.368171
0.360588
0.369956
0.364157
0.356131
0.364598
0.365272
0.366159
0.361479
0.369283
0.364603
0.368394
0.358135
0.364598
0.352767
0.361259
0.372856
0.367494
0.364827
0.371061
0.352331
0.352554
0.373501
0.368839
0.374861
0.355008
0.365493
0.36371
0.359473
0.358355
0.358585
0.375518
0.374414
0.37218
0.370401
0.376638
0.364811
0.371954
0.367502
0.362597
0.35813
0.371293
0.356123
0.356123
0.376419
0.369731
0.368841
0.375752
0.369956
0.371737
0.359692
0.361927
0.360588
0.364823
0.369735
0.358578
0.362149
0.369956
0.356576
0.369064
0.367726
0.363485
0.367058
0.363259
0.366384
0.367726
0.361257
0.364157
0.361259
0.359696
0.371965
0.363928
0.37218
0.359916
0.369507
0.372856
0.370624
0.369956
0.360588
0.363488
0.370622
0.370624
0.354344
0.368172
0.371512
0.365716
0.365274
0.361038
0.359696
0.36438
0.373077
0.356571
0.364154
0.365048
0.35701
0.37485
0.36257
0.36257
0.361257
0.353667
0.358357
0.366611
0.365481
0.353436
0.354566
0.359011
0.368843
0.363046
0.354786
0.352333
0.35701
0.361465
0.354122
0.353436
0.360083
0.36838
0.358143
0.359029
0.359696
0.376871
0.38469
0.373745
0.366388
0.366388
0.366172
0.379312
0.37107
0.364378
0.375969
0.348093
0.350078
0.358326
0.35925
0.366604
0.360811
0.362374
0.36082
0.369277
0.362594
0.384225
0.361698
0.363024
0.353905
0.36884
0.372841
0.367052
0.384225
0.376853
0.378186
0.366611
0.36369
0.366833
0.367505
0.384414
0.371942
0.357479
0.37419
0.389129
0.366163
0.368391
0.385055
0.367919
0.361693
0.352334
0.371727
0.356558
0.371061
0.359692
0.365929
0.383567
0.381774
0.370179
0.385351
0.383548
0.366611
0.372855
0.364378
0.375292
0.37417
0.382392
0.367502
0.366384
0.361257
0.364584
0.375086
0.365941
0.36772
0.369512
0.365717
0.372412
0.385568
0.377068
0.37641
0.369057
0.37754
0.367719
0.356345
0.375294
0.371515
0.355685
0.373689
0.367484
0.368841
0.361032
0.381772
0.38112
0.363933
0.357664
0.36883
0.377989
0.366833
0.356347
0.373529
0.368788
0.360709
0.368985
0.360373
0.34244
0.374136
0.390243
0.366819
0.379604
0.372546
0.35612
0.346484
0.346331
0.34947
0.35264
0.338063
0.338063
0.345208
0.320035
0.312895
0.283382
0.272225
0.269063
0.274246
0.266558
0.252321
0.25647
0.248619
0.235567
0.230697
0.243164
0.232659
0.228784
0.218112
0.222538
0.223623
0.229297
0.233556
0.21853
0.214151
0.211907
0.222639
0.21354
0.209527
0.195226
0.197539
0.192223
0.203921
0.194119
0.215139
0.189882
0.190217
0.188246
0.191515
0.186092
0.188466
0.190547
0.186716
0.201224
0.195801
0.193255
0.185685
0.202349
0.193924
0.186686
0.189842
0.192548
0.196772
0.19057
0.192548
0.186347
0.191241
0.186347
0.194954
0.195594
0.179704
0.195624
0.17796
0.16573
0.192796
0.18212
0.186659
0.196402
0.200676
0.190801
0.192847
0.190919
0.206977
0.206977
0.202647
0.187169
0.180855
0.195594
0.186092
0.190844
0.17844
0.18832
0.197523
0.192589
0.194222
0.191581
0.191326
0.195373
0.197523
0.195969
0.186982
0.187615
0.189543
0.202945
0.189989
0.194364
0.2009
0.187388
0.183864
0.203423
0.183495
0.172055
0.19177
0.188135
0.189209
0.177695
0.190217
0.174167
0.173798
0.186389
0.191251
0.182821
0.200676
0.200676
0.180781
0.183601
0.173236
0.185206
0.196523
0.190284
0.187838
0.193444
0.192589
0.190693
0.198195
0.195852
0.195074
0.19845
0.195522
0.195193
0.188913
0.190141
0.186795
0.202681
0.184086
0.178362
0.179732
0.188808
0.189768
0.181933
0.194596
0.186463
0.188165
0.168258
0.19177
0.192319
0.188691
0.195272
0.183896
0.194023
0.187573
0.18208
0.205502
0.187242
0.188727
0.188466
0.186463
0.201051
0.207596
0.188766
0.188766
0.202126
0.19404
0.187173
0.187136
0.216755
0.189663
0.207176
0.216454
0.198351
0.206323
0.204652
0.19742
0.192965
0.192786
0.195373
0.19404
0.19734
0.195373
0.194972
0.199725
0.203799
0.199426
0.193263
0.19587
0.195049
0.204558
0.204558
0.203623
0.210474
0.182899
0.203956
0.193742
0.193742
0.200242
0.1999
0.200159
0.203623
0.189023
0.19541
0.194716
0.204098
0.183492
0.186579
0.189065
0.191812
0.195272
0.19404
0.186018
0.18564
0.19163
0.201952
0.199646
0.201792
0.194119
0.19044
0.192488
0.188057
0.191333
0.203104
0.205803
0.196086
0.198015
0.196564
0.201695
0.197933
0.200025
0.189882
0.209527
0.199384
0.20517
0.195571
0.20901
0.194716
0.193561
0.191713
0.193167
0.209442
0.202766
0.189882
0.189023
0.199378
0.192223
0.191842
0.19369
0.193642
0.194672
0.200836
0.200539
0.206655
0.210981
0.204219
0.208074
0.199646
0.210895
0.202766
0.214663
0.207217
0.20901
0.200799
0.196002
0.200657
0.19861
0.200836
0.210037
0.210037
0.200242
0.206359
0.197749
0.203744
0.188838
0.199594
0.197662
0.199384
0.200655
0.191152
0.193167
0.201695
0.195013
0.196564
0.196047
0.204689
0.195571
0.198635
0.199468
0.21354
0.189402
0.188062
0.195951
0.194451
0.196943
0.199766
0.188752
0.201815
0.200406
0.202675
0.197063
0.190378
0.188457
0.186182
0.203148
0.202587
0.211697
0.195311
0.195311
0.198993
0.19008
0.200623
0.208456
0.197271
0.20867
0.201396
0.206742
0.201006
0.20336
0.202498
0.202498
0.197475
0.195817
0.197539
0.198725
0.20122
0.189812
0.192815
0.194197
0.212558
0.196679
0.188445
0.197063
0.19359
0.203446
0.197271
0.19629
0.195905
0.197181
0.212736
0.18435
0.195429
0.201815
0.190475
0.206829
0.205971
0.197662
0.198493
0.218074
0.217055
0.201929
0.210211
0.209826
0.21517
0.201695
0.204042
0.190291
0.197271
0.202587
0.199498
0.207128
0.218724
0.20695
0.205498
0.205498
0.196382
0.20336
0.203383
0.198725
0.199976
0.199202
0.194155
0.200272
0.194473
0.204304
0.208197
0.194269
0.201341
0.205673
0.199498
0.190771
0.198725
0.203148
0.195633
0.208319
0.206862
0.191567
0.19629
0.203677
0.203952
0.210422
0.2087
0.20336
0.193884
0.211193
0.194634
0.213243
0.197749
0.203383
0.1937
0.189306
0.21081
0.212349
0.212349
0.197271
0.194659
0.201341
0.20755
0.206382
0.204219
0.202112
0.193501
0.218851
0.202498
0.206565
0.202112
0.205795
0.216062
0.207724
0.19825
0.19359
0.202705
0.202705
0.199021
0.211579
0.208197
0.196793
0.202112
0.201249
0.192726
0.207724
0.208902
0.203971
0.200567
0.207336
0.200567
0.210599
0.197861
0.189149
0.208319
0.204929
0.207039
0.207039
0.210333
0.201725
0.204341
0.205998
0.208022
0.206655
0.213243
0.204339
0.204429
0.206088
0.207128
0.207064
0.202973
0.206862
0.198045
0.195729
0.211992
0.209859
0.204636
0.209859
0.209859
0.191564
0.196887
0.209089
0.20995
0.223299
0.212972
0.202021
0.20452
0.218164
0.210155
0.211582
0.204932
0.20995
0.207541
0.193313
0.208313
0.220179
0.20366
0.205407
0.211017
0.206769
0.203148
0.203383
0.205809
0.209089
0.2087
0.211221
0.208404
0.192223
0.211611
0.206088
0.199223
0.194835
0.206829
0.201043
0.201249
0.197271
0.20511
0.208494
0.202021
0.193973
0.209859
0.203958
0.204603
0.208792
0.205703
0.213151
0.206474
0.203476
0.202021
0.193497
0.203476
0.194767
0.213446
0.208616
0.192519
0.202675
0.197777
0.192519
0.195043
0.196498
0.201432
0.192539
0.205904
0.217222
0.217222
0.208319
0.210451
0.206294
0.206589
0.212003
0.202223
0.208108
0.202973
0.2123
0.2123
0.217422
0.209265
0.166236
0.159461
0.116209
0.100706
0.0983891
0.0720901
0.0589922
0.0514547
0.0447952
0.046305
0.0662404
0.0456449
0.0486649
0.0288498
0.050609
0.0285132
0.0335871
0.0290928
0.0391757
0.0391757
0.0257568
0.0153761
0.0190348
0.0190348
0.0408655
0.0215472
0.0263043
0.0263043
0.0184912
0.0184912
0.0193289
0.0397554
0.0276715
0.0273998
0.0273998
0.0223881
0.0232271
0.0243734
0.02432
0.0335558
0.0223715
0.0279478
0.01625
0.0156971
0.0297096
0.0156641
0.0212961
0.0277574
0.0293666
0.0224487
0.0173608
0.0402873
0.0336162
0.0229726
0.0218618
0.0246598
0.0201472
0.0226795
0.0226795
0.019602
0.0170795
0.0344575
0.0344418
0.0344418
0.0196889
0.0176515
0.0263597
0.0263597
0.0282539
0.0271597
0.0271597
0.0288528
0.0285812
0.0293992
0.0243562
0.0131459
0.0185103
0.0249599
0.0285812
0.02381
0.0347523
0.0198925
0.0302757
0.0302757
0.0313632
0.0293992
0.0282895
0.029124
0.0308376
0.00647744
0.0293992
0.0190991
0.0285442
0.0327675
0.0227001
0.0257763
0.0316579
0.0255022
0.0224042
0.0380785
0.0157489
0.0185288
0.0120564
0.0246445
0.0332975
0.0249198
0.0249198
0.0196213
0.015139
0.037825
0.0355191
0.0299641
0.00367727
0.0171291
0.0171291
0.0182189
0.0170878
0.0260699
0.038662
0.0235473
0.023558
0.0353586
0.0265787
0.0235165
0.0176335
0.0266334
0.0254849
0.0288498
0.016557
0.0263043
0.0229726
0.0271798
0.0257976
0.0257976
0.0128973
0.0171291
0.0179058
0.0202086
0.0263597
0.0263597
0.0257976
0.0159661
0.0375349
0.0375349
0.0296917
0.0238302
0.0232855
0.0302549
0.0392074
0.0199369
0.0310919
0.0227201
0.0227201
0.0255018
0.0140254
0.0263418
0.0238302
0.0157273
0.021318
0.0196213
0.0109074
0.0187979
0.0162919
0.0143469
0.0193061
0.0199138
0.0207321
0.0176966
0.0291666
0.0296917
0.0308376
0.0383722
0.0258184
0.0249198
0.0263418
0.0237731
0.0201869
0.0283496
0.0148675
0.0363898
0.0215616
0.00984008
0.0238302
0.0168145
0.00647744
0.0184514
0.02381
0.0190991
0.0198925
0.0115361
0.0140758
0.0244063
0.0350059
0.0341692
0.0218802
0.0216292
0.0333495
0.0279941
0.0260699
0.02048
0.0215901
0.0263835
0.02381
0.0193697
0.0187632
0.0210042
0.0254675
0.0171087
0.0190348
0.0241203
0.0128973
0.0159985
0.0159985
0.0131907
0.027488
0.0104049
0.0252521
0.0165035
0.00589862
0.00848476
0.00421621
0.0154321
0.00952387
0.00732109
0.0123764
0.00646417
0.00700912
0.0207509
0.0117663
0.0173743
0.0229881
0.0126467
0.0195823
0.0148379
0.0193061
0.0196399
0.0140279
0.00651289
0.00651289
0.00651289
0.0188052
0.0188052
0.0165407
0.0146177
0.0112666
0.00306571
