-0.03176
-0.0306273
-0.0333095
-0.039049
-0.035761
-0.0355572
-0.0305189
-0.0296978
-0.0304312
-0.0308232
-0.0310485
-0.0308308
-0.0345177
-0.0289714
-0.0330889
-0.0319671
-0.0319671
-0.0308345
-0.0346353
-0.0356564
-0.0362641
-0.03156
-0.0328924
-0.0344284
-0.035974
-0.0279501
-0.0319635
-0.0300206
-0.0277589
-0.0300206
-0.0320887
-0.0322816
-0.0280658
-0.0263177
-0.0276754
-0.0307534
-0.0290031
-0.0289991
-0.0342281
-0.0276713
-0.03536
-0.0270567
-0.0333029
-0.0356669
-0.0334101
-0.0334101
-0.0328958
-0.0355668
-0.030631
-0.0345487
-0.0309419
-0.0296097
-0.0373064
-0.0309458
-0.0290668
-0.0290952
-0.0286722
-0.0288839
-0.0330063
-0.0342378
-0.0351627
-0.0290874
-0.0288879
-0.0316745
-0.0304161
-0.0311455
-0.0300089
-0.0321774
-0.0286844
-0.0286844
-0.0317563
-0.034839
-0.034839
-0.0334065
-0.0290913
-0.0292066
-0.0292066
-0.0244668
-0.0244668
-0.0303311
-0.0290071
-0.0320816
-0.0298171
-0.0300206
-0.0300206
-0.0342144
-0.0317488
-0.0302278
-0.0316483
-0.0316483
-0.0306197
-0.0319599
-0.0319599
-0.0330959
-0.0335031
-0.0350426
-0.0296175
-0.0336138
-0.0326852
-0.0311493
-0.0311493
-0.0323706
-0.0328992
-0.0309458
-0.0282775
-0.0302315
-0.0296136
-0.0332135
-0.0292869
-0.0292869
-0.0340278
-0.0275431
-0.0319562
-0.0344284
-0.0364976
-0.0302203
-0.0286804
-0.0286804
-0.0286804
-0.0275473
-0.0353568
-0.0337033
-0.034839
-0.0311378
-0.0350426
-0.0298053
-0.0316518
-0.0359615
-0.0338175
-0.0309495
-0.0311455
-0.0304312
-0.0326888
-0.0296978
-0.0325875
-0.0357704
-0.0319525
-0.029905
-0.029905
-0.030631
-0.0286764
-0.0286764
-0.0313491
-0.0313491
-0.030631
-0.030631
-0.0260158
-0.0300167
-0.0342346
-0.0350394
-0.0308308
-0.0310343
-0.0310343
-0.0294904
-0.0290913
-0.0294101
-0.0356622
-0.0330994
-0.0332135
-0.0311339
-0.0340211
-0.0302278
-0.0308232
-0.0354466
-0.03042
-0.0320852
-0.0315564
-0.0315564
-0.0308416
-0.0342281
-0.030631
-0.0310306
-0.03371
-0.0325634
-0.0335064
-0.0319599
-0.0330959
-0.0300167
-0.0248691
-0.0324922
-0.035974
-0.0300128
-0.0324779
-0.0348291
-0.0305308
-0.032174
-0.0332961
-0.0332961
-0.0323741
-0.0338209
-0.0371928
-0.0319599
-0.0333029
-0.0354558
-0.0311638
-0.0347555
-0.0350426
-0.031974
-0.0296978
-0.0326852
-0.0326852
-0.0298053
-0.0240601
-0.0307383
-0.0294101
-0.0301275
-0.0301275
-0.0320743
-0.0342281
-0.0303351
-0.0322852
-0.0311378
-0.0317635
-0.0309458
-0.0309458
-0.0302241
-0.0298171
-0.0304275
-0.0272276
-0.0353723
-0.0326852
-0.0328992
-0.0305462
-0.0276713
-0.0314556
-0.0309419
-0.0309419
-0.0324742
-0.0326923
-0.030143
-0.03321
-0.0301392
-0.0298171
-0.0325991
-0.0338276
-0.029011
-0.0315564
-0.0326957
-0.0302241
-0.0298247
-0.0280781
-0.033814
-0.0311455
-0.0371056
-0.0344284
-0.0344284
-0.0330889
-0.0306383
-0.036794
-0.035977
-0.0311455
-0.0348357
-0.0324779
-0.0324779
-0.0286844
-0.0332926
-0.031045
-0.0346417
-0.0286764
-0.0286764
-0.032499
-0.028485
-0.0335129
-0.0315564
-0.0322852
-0.0326923
-0.0335031
-0.0298053
-0.0378238
-0.028481
-0.0346321
-0.0356635
-0.034138
-0.034138
-0.0265344
-0.0322887
-0.0324956
-0.0301315
-0.0324852
-0.0349622
-0.0349622
-0.0358805
-0.0349559
-0.0316708
-0.0300206
-0.0385585
-0.0320816
-0.0302164
-0.0338175
-0.0304238
-0.034946
-0.0298132
-0.0298132
-0.0332995
-0.0296213
-0.0312598
-0.0322921
-0.0294062
-0.0296017
-0.029011
-0.029011
-0.0299318
-0.0257251
-0.0323954
-0.0307344
-0.0309419
-0.028592
-0.0338175
-0.0286884
-0.0341346
-0.0288076
-0.0298171
-0.0328924
-0.0347555
-0.0354795
-0.0353632
-0.0289141
-0.0334065
-0.034345
-0.034345
-0.0330959
-0.0317635
-0.03176
-0.0350547
-0.0296017
-0.0319599
-0.0332064
-0.030827
-0.03176
-0.03176
-0.0346353
-0.0346353
-0.0314596
-0.0314596
-0.034345
-0.0342248
-0.0308308
-0.0396626
-0.0311602
-0.0351596
-0.0351596
-0.0303427
-0.0312674
-0.0261404
-0.0324922
-0.0313454
-0.0315564
-0.0324887
-0.0322816
-0.0302278
-0.03156
-0.0332169
-0.0323775
-0.0294101
-0.0284728
-0.0288839
-0.0287996
-0.0287996
-0.0309381
-0.03536
-0.03536
-0.034435
-0.0308308
-0.0284728
-0.0323561
-0.0279501
-0.0343205
-0.0294904
-0.0324852
-0.0339035
-0.0340311
-0.031023
-0.0308308
-0.0317635
-0.0317635
-0.0286764
-0.0315527
-0.0294864
-0.0333062
-0.0344216
-0.0344216
-0.0313529
-0.0275596
-0.0355758
-0.0319705
-0.0315527
-0.0333978
-0.0336207
-0.0326852
-0.0338068
-0.0307422
-0.0294824
-0.0292144
-0.0328958
-0.0328958
-0.0326957
-0.0252714
-0.0320668
-0.0324887
-0.0306418
-0.0306418
-0.0324887
-0.0324887
-0.0253878
-0.024782
-0.0318669
-0.0301354
-0.0318781
-0.0330133
-0.0328888
-0.0277589
-0.0339102
-0.0374132
-0.0353663
-0.0340245
-0.0288839
-0.0340142
-0.0346287
-0.0346353
-0.0346353
-0.0398638
-0.0341138
-0.0312378
-0.0359615
-0.0311493
-0.0321706
-0.0306197
-0.0306197
-0.0321706
-0.0350394
-0.0350394
-0.0281577
-0.0325775
-0.0294904
-0.0328924
-0.0332926
-0.0302241
-0.0302241
-0.0314448
-0.0387346
-0.0387346
-0.0313529
-0.0296057
-0.0357704
-0.0346386
-0.0363721
-0.0279701
-0.029905
-0.0302085
-0.0335949
-0.0349341
-0.0349341
-0.0316518
-0.03176
-0.0316552
-0.0354558
-0.0308416
-0.0306273
-0.0322743
-0.0319599
-0.0319599
-0.0319599
-0.0369862
-0.0300128
-0.0352462
-0.030827
-0.0312341
-0.0346287
-0.0321706
-0.0292986
-0.0292986
-0.0300281
-0.0304238
-0.0304238
-0.0304238
-0.0350361
-0.035243
-0.033106
-0.0304275
-0.0304275
-0.040389
-0.0333029
-0.0345331
-0.0319671
-0.0306235
-0.0295057
-0.0328853
-0.0329026
-0.0343205
-0.0343205
-0.0342248
-0.0292908
-0.0321706
-0.0355637
-0.0355637
-0.0339069
-0.0330959
-0.0331913
-0.0332817
-0.0303044
-0.03156
-0.0310379
-0.0341105
-0.0335031
-0.0345209
-0.0311567
-0.0334997
-0.0378324
-0.034839
-0.0337164
-0.030827
-0.030827
-0.0343108
-0.0335064
-0.0362641
-0.0414072
-0.030631
-0.0292144
-0.0292144
-0.0355729
-0.0328958
-0.0323775
-0.0305499
-0.0302241
-0.0330925
-0.0330925
-0.035971
-0.030746
-0.0317671
-0.0304238
-0.0357642
-0.0357642
-0.0392501
-0.0334171
-0.0306197
-0.0328853
-0.031774
-0.0319671
-0.0309495
-0.0355637
-0.0328958
-0.0298171
-0.0324852
-0.0342248
-0.0354498
-0.0354498
-0.0351531
-0.0311493
-0.0310415
-0.0325598
-0.0325598
-0.0294904
-0.0294904
-0.0342214
-0.0312414
-0.0226057
-0.0226057
-0.0239566
-0.0239566
-0.0239566
-0.0201483
-0.0204699
-0.0199452
-0.0100443
-0.0148185
0.00372768
0.0376721
0.0802253
0.0697636
0.0335297
0.0473064
0.0473064
0.0494154
0.00639446
0.0177925
0.0203296
0.0310482
0.0385584
0.0385584
0.0364806
0.0393405
0.0315138
0.0205229
0.0122875
0.0235014
0.0235014
0.0212017
0.0280801
0.0245591
0.0230874
0.0230874
0.0227813
0.0227813
0.0242893
0.0235668
0.0139407
0.0143515
0.0117315
0.0117315
0.0200964
0.0265738
0.0248671
0.0227461
0.0208183
0.0232161
0.0245091
0.0276738
0.0304074
0.0300005
0.0258442
0.0214754
0.0278733
0.0278733
0.0282949
0.0284719
0.029609
0.0284794
0.0290782
0.0290782
0.0241098
0.0290782
0.0242467
0.0221968
0.0220172
0.0244534
0.0243447
0.0220172
0.0174606
0.0184799
0.0282499
0.022526
0.022526
0.0237242
0.0274888
0.022912
0.0204896
0.0259748
0.0263596
0.0263596
0.0233455
0.0271043
0.0280655
0.0280655
0.0285889
0.0297569
0.0297569
0.0202769
0.0291947
0.0253616
0.0442225
0.0383372
0.0383372
0.0313322
0.0169821
0.00716373
0.0145441
0.0100363
0.00335792
0.00335792
-0.0152408
-0.0187372
-0.0162064
-0.0140911
-0.0133787
-0.0183635
-0.0183635
-0.0131275
-0.0107679
-0.0118413
-0.0177694
-0.0238209
-0.019862
-0.0131033
-0.0069289
-0.00323688
-0.00609353
-0.00995813
-0.0119074
-0.0119074
-0.0133978
-0.0116862
-0.00884437
-0.0113992
-0.00845212
-0.00911552
-0.00930323
-0.01563
-0.0149046
-0.0170626
-0.0185323
-0.0112111
-0.0144374
-0.0117189
-0.0168209
-0.0181445
-0.0181445
-0.0170333
-0.0434636
-0.110273
-0.147655
-0.163529
-0.201757
-0.244101
-0.23648
-0.230422
-0.238796
-0.243433
-0.251436
-0.24929
-0.24929
-0.246246
-0.242122
-0.249718
-0.249718
-0.239501
-0.242119
-0.246196
-0.246196
-0.248154
-0.255056
-0.254232
-0.254232
-0.245831
-0.238651
-0.236901
-0.241434
-0.254187
-0.251383
-0.251362
-0.251634
-0.242506
-0.244016
-0.24493
-0.248142
-0.245994
-0.247549
-0.235387
-0.236683
-0.242364
-0.241465
-0.243625
-0.244919
-0.244919
-0.231937
-0.231163
-0.225705
-0.215372
-0.211205
-0.21134
-0.219725
-0.229632
-0.255711
-0.26296
-0.243147
-0.221014
-0.179003
-0.140453
-0.147057
-0.139174
-0.139174
-0.141486
-0.129125
-0.136035
-0.136035
-0.123088
-0.0744232
-0.067028
-0.067028
-0.0738728
-0.0395282
-0.00734657
0.0120001
0.0217478
-0.00935647
-0.0386062
-0.0386062
-0.0238257
-0.0149452
-0.0149452
-0.0238516
-0.0275728
-0.0261079
-0.0273846
-0.0332093
-0.0435235
-0.0504987
-0.0553844
-0.0580233
-0.0644145
-0.0680447
-0.0632551
-0.0632551
-0.0557484
-0.059827
-0.0602843
-0.0602843
-0.066585
-0.0584959
-0.05994
-0.0609526
-0.0622575
-0.0572885
-0.0633436
-0.0607572
-0.0562346
-0.0499324
-0.042162
-0.0400476
-0.0484898
-0.0493488
-0.0493488
-0.0538481
-0.0531815
-0.0544729
-0.0514861
-0.058886
-0.0601352
-0.0601352
-0.0646004
-0.0689668
-0.0689668
-0.0687042
-0.07015
-0.0710449
-0.0746461
-0.0783541
-0.0803723
-0.0806351
-0.0838212
-0.0841671
-0.078578
-0.0775232
-0.0770885
-0.0663132
-0.0485746
-0.0247132
-0.000823174
-0.000823174
0.0553573
0.0645773
0.0602608
0.061327
0.0685103
0.0685103
0.063636
0.0703242
0.126183
0.133174
0.162808
0.189398
0.189398
0.226118
0.237821
0.244923
0.255637
0.270894
0.277646
0.287262
0.311833
0.329387
0.353885
0.432332
0.489167
0.532198
0.571391
0.607201
0.607201
0.718102
0.718102
0.718102
0.816269
0.924803
0.996299
1.06078
1.13055
1.19506
1.28063
1.28063
1.37746
1.45029
1.60887
1.68581
1.76383
1.82348
1.90744
1.97851
2.02351
2.04715
2.05356
2.05175
2.05503
2.0557
2.0452
2.03791
2.01373
1.99091
1.98039
1.98167
1.98038
1.96246
1.90256
1.9081
1.9081
1.92909
1.91129
1.88652
1.89192
1.90731
1.90731
1.92145
1.92145
1.93394
1.92182
1.89356
1.87943
1.87943
1.8956
1.91039
1.91308
1.89131
1.88505
1.87964
1.88168
1.86893
1.8468
1.84552
1.85491
1.85672
1.85672
1.81823
1.81823
1.84549
1.85714
1.84537
1.82846
1.82846
1.82325
1.81151
1.81385
1.81385
1.82505
1.8219
1.80497
1.82148
1.84052
1.82235
1.82031
1.84007
1.84452
1.84452
1.81519
1.76093
1.74874
1.74874
1.76001
1.76657
1.76719
1.78674
1.7899
1.76878
1.76218
1.76218
1.77824
1.75521
1.74525
1.74525
1.739
1.73471
1.73471
1.73149
1.71236
1.72935
1.74638
1.73587
1.74026
1.74026
1.75159
1.74902
1.70657
1.6922
1.70064
1.71371
1.70694
1.70706
1.71242
1.71852
1.71821
1.71236
1.71418
1.70615
1.69123
1.69123
1.69413
1.68287
1.68887
1.67418
1.65979
1.68919
1.68919
1.678
1.66351
1.64868
1.65914
1.67473
1.67256
1.66958
1.66085
1.66085
1.66104
1.6756
1.66969
1.66724
1.66275
1.64329
1.62873
1.63983
1.63983
1.64256
1.62833
1.6059
1.6059
1.62781
1.64314
1.63184
1.61827
1.61776
1.62738
1.62738
1.61242
1.60365
1.60311
1.60108
1.59323
1.60399
1.6074
1.59765
1.58747
1.60674
1.59615
1.58247
1.57528
1.58478
1.57836
1.59051
1.60926
1.61178
1.5999
1.57472
1.56916
1.57448
1.58359
1.59044
1.59458
1.59458
1.58011
1.55971
1.55154
1.58692
1.56783
1.5603
1.56441
1.57023
1.55757
1.55916
1.55009
1.53768
1.53982
1.53982
1.56047
1.53766
1.5364
1.57206
1.58273
1.58273
1.54068
1.5577
1.58825
1.57621
1.54475
1.54475
1.50603
1.53389
1.54316
1.52733
1.53521
1.54987
1.54327
1.52703
1.5428
1.55526
1.53944
1.52616
1.49953
1.49953
1.48616
1.50145
1.50814
1.51181
1.51829
1.5321
1.5193
1.5193
1.52334
1.52713
1.48997
1.48997
1.48322
1.50838
1.52205
1.527
1.53341
1.53341
1.50898
1.51367
1.519
1.5205
1.49195
1.49195
1.48164
1.47632
1.47489
1.49072
1.50732
1.50732
1.50428
1.49692
1.4894
1.48131
1.50098
1.48559
1.48559
1.4707
1.47486
1.48447
1.48244
1.49346
1.50161
1.49826
1.49288
1.48387
1.47931
1.46471
1.44452
1.44934
1.44934
1.48051
1.47594
1.46278
1.47067
1.48144
1.48357
1.48357
1.48303
1.47982
1.46194
1.44832
1.46537
1.47308
1.45477
1.44953
1.44953
1.44816
1.44451
1.45905
1.45741
1.44196
1.44104
1.44363
1.44115
1.44788
1.44788
1.44692
1.45417
1.45648
1.44771
1.45115
1.45927
1.46262
1.46765
1.47392
1.46083
1.44032
1.44214
1.44214
1.45359
1.45099
1.43562
1.41964
1.4181
1.41701
1.42049
1.42772
1.44824
1.47335
1.47335
1.4408
1.4408
1.44101
1.43399
1.40831
1.40831
1.41932
1.42261
1.42046
1.4297
1.42745
1.44161
1.4483
1.4602
1.4602
1.4602
1.42849
1.41897
1.42518
1.44409
1.44519
1.44519
1.43186
1.43705
1.4401
1.43435
1.42285
1.42285
1.38797
1.37815
1.39776
1.40974
1.42596
1.41935
1.41935
1.43799
1.42837
1.41745
1.41767
1.4373
1.42948
1.41142
1.40425
1.41437
1.42478
1.42196
1.42196
1.42292
1.41588
1.40719
1.39397
1.40185
1.41225
1.41302
1.41993
1.44613
1.46276
1.44583
1.41503
1.40766
1.42103
1.43192
1.41738
1.39735
1.38987
1.40226
1.40226
1.40664
1.40448
1.422
1.43787
1.4329
1.42023
1.41295
1.41938
1.43165
1.43978
1.42568
1.42568
1.39878
1.4103
1.40916
1.39563
1.4204
1.4204
1.4167
1.40762
1.40773
1.42568
1.43003
1.42468
1.42468
1.42991
1.44196
1.43123
1.43123
1.42505
1.42505
1.41624
1.42294
1.42693
1.42009
1.42601
1.42816
1.42816
1.42726
1.41506
1.40721
1.41301
1.41238
1.42298
1.42298
1.4357
1.4361
1.44189
1.44118
1.43751
1.43747
1.4439
1.43391
1.42903
1.43759
1.43759
1.45908
1.45908
1.46897
1.46151
1.45837
1.44113
1.43348
1.44164
1.44164
1.45113
1.45113
1.47934
1.46582
1.4633
1.46269
1.46269
1.45829
1.44779
1.44685
1.44293
1.44789
1.44789
1.47104
1.4756
1.49491
1.5057
1.47959
1.48083
1.48083
1.49962
1.487
1.4838
1.49142
1.52187
1.54371
1.53319
1.52218
1.51403
1.5222
1.52345
1.51687
1.51331
1.50851
1.50154
1.51105
1.51567
1.52563
1.53568
1.53568
1.52968
1.52035
1.54122
1.52719
1.51614
1.51564
1.5294
1.51428
1.51428
1.52151
1.52304
1.52304
1.5214
1.52675
1.51702
1.51702
1.51638
1.5141
1.5141
1.52218
1.53542
1.53115
1.52123
1.5205
1.51434
1.51403
1.51403
1.52843
1.52047
1.50006
1.50926
1.51824
1.51824
1.50308
1.5131
1.51524
1.49442
1.51057
1.51057
1.50275
1.50275
1.52611
1.50326
1.50361
1.49853
1.5096
1.50381
1.4876
1.53266
1.54817
1.54174
1.55193
1.55315
1.54063
1.51058
1.50976
1.51607
1.51249
1.51249
1.50358
1.50493
1.49897
1.50619
1.51619
1.51583
1.51583
1.4915
1.47608
1.48614
1.49564
1.51345
1.51676
1.51676
1.50772
1.50949
1.51457
1.51457
1.49291
1.49291
1.48857
1.49363
1.50961
1.50928
1.49728
1.50247
1.514
1.50625
1.50541
1.50066
1.49371
1.47272
1.48177
1.50145
1.51369
1.50487
1.5064
1.49848
1.50382
1.50382
1.50952
1.50952
1.50618
1.50015
1.50013
1.51018
1.51018
1.52548
1.49128
1.48043
1.49616
1.4872
1.4872
1.45638
1.45563
1.4696
1.4818
1.49164
1.48286
1.48286
1.48803
1.47379
1.4782
1.49622
1.48095
1.48567
1.49025
1.48353
1.47462
1.48312
1.48916
1.48383
1.48383
1.48588
1.48872
1.49451
1.48833
1.48833
1.47607
1.47808
1.48358
1.47924
1.48079
1.46682
1.48903
1.50051
1.499
1.47968
1.47149
1.47787
1.48174
1.46044
1.443
1.45457
1.47767
1.47609
1.47217
1.47506
1.47506
1.49151
1.49001
1.48353
1.48205
1.48205
1.47965
1.48422
1.46607
1.46607
1.46469
1.49319
1.48546
1.46751
1.43435
1.43385
1.46384
1.47214
1.48673
1.48673
1.4792
1.45694
1.46974
1.46974
1.48187
1.44877
1.44877
1.42416
1.42814
1.46572
1.45604
1.45896
1.47472
1.48893
1.48215
1.46356
1.45162
1.4483
1.46273
1.46904
1.46805
1.45923
1.44721
1.43609
1.43609
1.43809
1.44314
1.44855
1.44381
1.44137
1.45105
1.44802
1.44322
1.44897
1.44401
1.4444
1.44272
1.44272
1.44997
1.45107
1.46063
1.46013
1.45338
1.44254
1.43391
1.43768
1.43367
1.44766
1.45279
1.44535
1.43622
1.44085
1.44992
1.44641
1.44306
1.44607
1.43451
1.43451
1.44066
1.43993
1.41771
1.43389
1.43919
1.43713
1.43713
1.42202
1.43469
1.44813
1.44908
1.43846
1.43846
1.43828
1.44143
1.41293
1.40296
1.41016
1.42988
1.42988
1.44579
1.43816
1.43441
1.42645
1.42583
1.42476
1.42476
1.43198
1.44419
1.45082
1.41735
1.42533
1.42533
1.43483
1.43423
1.40733
1.40451
1.41599
1.41599
1.41987
1.41987
1.44344
1.43146
1.42552
1.42552
1.42412
1.4232
1.40676
1.39571
1.41005
1.4378
1.45306
1.45306
1.43497
1.42416
1.43003
1.43413
1.4316
1.4316
1.39859
1.42296
1.39607
1.42577
1.42594
1.39713
1.40812
1.40511
1.41661
1.40019
1.40952
1.4146
1.39859
1.45183
1.44532
1.42478
1.41235
1.43462
1.44332
1.44332
1.41912
1.43382
1.4257
1.43069
1.4135
1.4135
1.39128
1.39929
1.40698
1.39876
1.409
1.39602
1.40378
1.39909
1.41226
1.43436
1.41898
1.4085
1.4085
1.42296
1.42469
1.41214
1.40511
1.43381
1.42884
1.42884
1.40315
1.3924
1.38843
1.38843
1.345
1.33826
1.35768
1.36935
1.38396
1.40016
1.40611
1.39902
1.39902
1.38635
1.41102
1.4199
1.42552
1.41927
1.42036
1.41483
1.41475
1.40057
1.39857
1.39857
1.39442
1.38739
1.41238
1.41542
1.40595
1.39419
1.39302
1.39803
1.39391
1.38313
1.37963
1.38092
1.3817
1.3906
1.38742
1.38897
1.38875
1.39568
1.39606
1.39381
1.39066
1.39066
1.38992
1.38556
1.38556
1.40736
1.40327
1.39664
1.39664
1.40294
1.39642
1.39582
1.39357
1.40027
1.39918
1.39918
1.40194
1.40195
1.39861
1.40065
1.40569
1.40569
1.40536
1.39086
1.38019
1.38039
1.38355
1.38502
1.38299
1.38299
1.3934
1.40016
1.39068
1.38356
1.38636
1.38636
1.39228
1.38078
1.38041
1.3906
1.38859
1.3912
1.39081
1.39156
1.39106
1.39026
1.40849
1.42863
1.41557
1.41557
1.38623
1.39118
1.42233
1.42233
1.41062
1.38194
1.36944
1.36182
1.37127
1.38022
1.39399
1.3853
1.37863
1.3825
1.38356
1.37646
1.37463
1.37463
1.37447
1.37691
1.38078
1.38078
1.39475
1.38972
1.38615
1.39476
1.38081
1.3698
1.37112
1.37404
1.38514
1.39357
1.39357
1.39854
1.3894
1.38639
1.38098
1.38098
1.38098
1.35662
1.35272
1.38096
1.38115
1.3632
1.36353
1.36428
1.37422
1.37797
1.36188
1.35686
1.35686
1.36723
1.37782
1.37986
1.37986
1.37153
1.36469
1.36469
1.34665
1.34884
1.35345
1.3685
1.38212
1.37692
1.37692
1.37471
1.36468
1.35165
1.35238
1.35849
1.35849
1.3622
1.37151
1.37528
1.3764
1.36634
1.36964
1.36964
1.36818
1.35945
1.3632
1.35168
1.35037
1.3463
1.3463
1.34403
1.34552
1.36073
1.3808
1.37956
1.34855
1.34855
1.34055
1.37185
1.34759
1.34944
1.36948
1.36948
1.36298
1.36946
1.37487
1.37193
1.36876
1.35281
1.35281
1.35167
1.34776
1.34795
1.35574
1.36522
1.36746
1.36192
1.35372
1.35647
1.35369
1.36149
1.35742
1.36468
1.37136
1.35558
1.36004
1.35875
1.34815
1.34815
1.34853
1.35852
1.35761
1.36521
1.35852
1.36411
1.37042
1.36281
1.35132
1.33776
1.34035
1.34035
1.34424
1.35794
1.37968
1.37454
1.36321
1.35355
1.35355
1.35355
1.34927
1.33313
1.35647
1.35834
1.33041
1.33261
1.33832
1.33995
1.33183
1.33683
1.34685
1.35669
1.35429
1.34541
1.34797
1.34999
1.35724
1.35074
1.35165
1.35242
1.35743
1.34723
1.345
1.35073
1.34555
1.34516
1.34185
1.34629
1.34908
1.34
1.33853
1.34258
1.3435
1.33408
1.32021
1.3217
1.33369
1.33369
1.33908
1.33908
1.34037
1.34037
1.345
1.33817
1.33817
1.33851
1.3487
1.35539
1.34873
1.34337
1.34337
1.33001
1.32778
1.33442
1.3394
1.34538
1.34427
1.34131
1.34856
1.33947
1.33241
1.32853
1.32853
1.33443
1.33963
1.33355
1.33079
1.31762
1.32501
1.32703
1.32815
1.33018
1.32835
1.33669
1.34225
1.33318
1.33318
1.33185
1.33185
1.33426
1.33852
1.3326
1.31763
1.31763
1.31891
1.32759
1.32722
1.3302
1.33393
1.33908
1.33577
1.32153
1.30692
1.31946
1.33833
1.33444
1.32984
1.32984
1.32782
1.32318
1.31983
1.32113
1.32113
1.34
1.34668
1.33837
1.33892
1.34446
1.34242
1.33259
1.33149
1.33872
1.33632
1.34113
1.34264
1.33761
1.32076
1.32871
1.33776
1.33352
1.33352
1.32372
1.3241
1.33647
1.33871
1.32946
1.32725
1.3354
1.34372
1.33816
1.33816
1.3302
1.33055
1.34591
1.34351
1.3478
1.35636
1.35247
1.34449
1.33817
1.34613
1.33131
1.30194
1.3036
1.31836
1.31005
1.31246
1.33204
1.33204
1.34723
1.33317
1.33317
1.32446
1.32224
1.34203
1.34203
1.34316
1.34354
1.34726
1.34394
1.31801
1.30618
1.30452
1.31631
1.33333
1.34296
1.33579
1.33284
1.33284
1.32689
1.32928
1.31542
1.32243
1.3265
1.33837
1.33837
1.33169
1.31875
1.31671
1.32613
1.31892
1.31818
1.31818
1.31745
1.33429
1.32005
1.31413
1.31689
1.32208
1.31616
1.31172
1.30766
1.31134
1.31172
1.31117
1.31117
1.31338
1.32115
1.31543
1.30673
1.31283
1.30064
1.30673
1.31597
1.32096
1.31856
1.31505
1.29861
1.29861
1.30914
1.30914
1.30581
1.30581
1.30803
1.31154
1.30655
1.30618
1.30415
1.33372
1.32597
1.32282
1.32282
1.31468
1.31745
1.30729
1.31116
1.32244
1.32965
1.32633
1.32004
1.3119
1.30249
1.30599
1.30673
1.30673
1.323
1.33169
1.33413
1.32801
1.31616
1.30914
1.31043
1.31134
1.30507
1.31949
1.3193
1.31154
1.306
1.306
1.30323
1.3095
1.29972
1.30581
1.32022
1.32466
1.32023
1.32023
1.31634
1.31634
1.31061
1.30064
1.30323
1.31504
1.31616
1.31191
1.30434
1.30138
1.30138
1.30341
1.30212
1.29382
1.29622
1.30157
1.30305
1.29843
1.30415
1.29917
1.28719
1.2929
1.2929
1.30766
1.3073
1.30139
1.311
1.30786
1.30934
1.29788
1.29548
1.2894
1.28793
1.29641
1.29383
1.29069
1.29069
1.30028
1.29345
1.30083
1.30157
1.29456
1.29456
1.29622
1.29327
1.28148
1.28148
1.29899
1.28645
1.28645
1.29604
1.30157
1.2953
1.28626
1.29844
1.30139
1.30139
1.28607
1.27686
1.27225
1.22162
1.22279
1.22279
1.25305
1.26989
1.28184
1.30065
1.30527
1.2918
1.2918
1.27965
1.28922
1.29697
1.31062
1.30213
1.30213
1.30582
1.30195
1.30028
1.2896
1.2883
1.28075
1.28425
1.28425
1.29918
1.29826
1.28976
1.28368
1.27613
1.27613
1.26989
1.2723
1.27192
1.27081
1.27909
1.27485
1.2765
1.28001
1.28314
1.27798
1.27393
1.27725
1.27725
1.26952
1.2712
1.27614
1.28554
1.28148
1.28627
1.28129
1.26676
1.26676
1.27118
1.27614
1.26989
1.26989
1.27743
1.27026
1.27101
1.27248
1.28296
1.28498
1.28498
1.26491
1.26491
1.2686
1.2699
1.26494
1.26494
1.27468
1.27394
1.28444
1.2848
1.2848
1.2767
1.2767
1.27798
1.27798
1.26181
1.25023
1.24968
1.25701
1.25978
1.2526
1.255
1.26823
1.25941
1.25521
1.26623
1.28462
1.27706
1.26491
1.27651
1.28849
1.28646
1.28646
1.26584
1.26952
1.25407
1.25759
1.27635
1.27322
1.27118
1.25993
1.25775
1.26199
1.26126
1.25319
1.25319
1.26385
1.27376
1.26546
1.2515
1.24419
1.25098
1.25098
1.25225
1.25153
1.26418
1.27081
1.27081
1.26198
1.25372
1.25977
1.25906
1.26328
1.2708
1.26087
1.25369
1.2477
1.24438
1.24329
1.24049
1.24049
1.25372
1.25147
1.24744
1.24744
1.26329
1.26971
1.25628
1.25036
1.26769
1.2664
1.25997
1.25356
1.25356
1.25484
1.26327
1.25664
1.24857
1.25371
1.25318
1.25318
1.24694
1.24199
1.24988
1.25483
1.24895
1.24562
1.24562
1.23997
1.24769
1.251
1.25061
1.23777
1.24507
1.24069
1.24733
1.25927
1.26716
1.25944
1.25316
1.26181
1.26624
1.24985
1.21961
1.21675
1.23473
1.24626
1.24017
1.23974
1.2381
1.24545
1.2462
1.23758
1.23671
1.25578
1.2642
1.25827
1.24763
1.24875
1.24875
1.24183
1.23154
1.23797
1.24402
1.24384
1.2438
1.23538
1.22567
1.23929
1.24697
1.24972
1.25593
1.24818
1.23589
1.23589
1.22331
1.22081
1.2299
1.2299
1.22639
1.22561
1.2378
1.24602
1.24899
1.2532
1.24986
1.23753
1.25374
1.26647
1.25907
1.23078
1.23078
1.22437
1.23782
1.22531
1.21929
1.22955
1.23411
1.23411
1.2332
1.21307
1.23692
1.26388
1.23336
1.21811
1.23704
1.26539
1.27253
1.2668
1.24709
1.23716
1.23716
1.21517
1.22778
1.2308
1.2295
1.23993
1.23993
1.22909
1.21396
1.20611
1.21346
1.2142
1.2479
1.2668
1.2454
1.21439
1.22362
1.24035
1.20119
1.21229
1.22381
1.22072
1.23056
1.21282
1.21282
1.21433
1.1927
1.21216
1.22932
1.22273
1.20987
1.20181
1.20181
1.20119
1.2129
1.2081
1.19949
1.19949
1.21319
1.21121
1.20954
1.20989
1.1984
1.19697
1.20829
1.20312
1.207
1.22219
1.21664
1.21593
1.21593
1.20406
1.19953
1.20649
1.20829
1.20254
1.20254
1.19689
1.17415
1.17415
1.20104
1.19681
1.18723
1.18723
1.19785
1.23853
1.23147
1.19916
1.18097
1.1801
1.18523
1.18523
1.19261
1.18911
1.21154
1.20911
1.19997
1.19965
1.18398
1.18136
1.19525
1.20982
1.20314
1.20314
1.20769
1.20881
1.19769
1.18601
1.17911
1.18665
1.18665
1.19153
1.19637
1.20676
1.19653
1.18064
1.18064
1.18116
1.1868
1.18575
1.18947
1.18267
1.17051
1.1727
1.17988
1.17712
1.17235
1.16621
1.16394
1.17868
1.1858
1.1696
1.1599
1.17447
1.1819
1.1819
1.16497
1.16757
1.15501
1.16947
1.16999
1.16999
1.16866
1.16426
1.16052
1.16866
1.18035
1.17386
1.16445
1.17703
1.17124
1.17124
1.16919
1.16231
1.16231
1.1785
1.1785
1.15757
1.15757
1.17583
1.17906
1.17906
1.1763
1.16223
1.16025
1.16507
1.17926
1.16834
1.15905
1.15935
1.15883
1.16667
1.17031
1.16527
1.14115
1.15881
1.17952
1.18483
1.16959
1.15643
1.14878
1.1533
1.16536
1.15913
1.15017
1.16586
1.18162
1.17648
1.17648
1.17826
1.16263
1.1563
1.16746
1.17528
1.16043
1.16043
1.16277
1.16277
1.15053
1.14021
1.14021
1.14035
1.15272
1.14852
1.15242
1.16349
1.16349
1.15428
1.15771
1.16044
1.15168
1.14009
1.15265
1.13173
1.13228
1.13228
1.14654
1.13451
1.14411
1.14886
1.1487
1.15266
1.15954
1.1588
1.15564
1.14913
1.13182
1.13284
1.14038
1.14731
1.12216
1.10525
1.12149
1.13985
1.13985
1.11074
1.11074
1.11727
1.12225
1.13105
1.13105
1.14574
1.12621
1.13717
1.15926
1.16502
1.14915
1.15395
1.13199
1.13105
1.13043
1.12895
1.12718
1.13181
1.13181
1.13207
1.11818
1.0967
1.0967
1.11021
1.11021
1.11021
1.11275
1.11822
1.13114
1.12996
1.12996
1.1198
1.1198
1.12066
1.11846
1.11596
1.12328
1.12109
1.13775
1.14688
1.13398
1.11585
1.10617
1.12023
1.11308
1.10442
1.11248
1.11064
1.11209
1.10867
1.10885
1.1028
1.10744
1.09439
1.09321
1.10476
1.11335
1.11335
1.11974
1.10438
1.10099
1.10857
1.11227
1.10733
1.10733
1.10675
1.09612
1.10451
1.11147
1.09719
1.088
1.0926
1.11066
1.1039
1.10308
1.10574
1.09856
1.09458
1.10379
1.11479
1.10289
1.10128
1.10268
1.0892
1.09805
1.11533
1.11948
1.10957
1.10957
1.09886
1.09886
1.0949
1.08728
1.08502
1.08846
1.09122
1.08111
1.07435
1.07411
1.09238
1.08515
1.07977
1.08746
1.09501
1.0992
1.10513
1.1024
1.10182
1.08929
1.09339
1.09339
1.09839
1.08602
1.08957
1.09785
1.08842
1.07946
1.0782
1.0782
1.06335
1.06461
1.06461
1.06483
1.06483
1.1004
1.07899
1.10184
1.0893
1.07877
1.07658
1.07991
1.0825
1.07408
1.09284
1.1062
1.08749
1.07662
1.07662
1.06564
1.08356
1.07703
1.06689
1.04476
1.09606
1.10433
1.08862
1.0854
1.0798
1.07358
1.07358
1.0669
1.05888
1.06637
1.08
1.07557
1.05946
1.03455
1.03529
1.03529
1.06064
1.05214
1.06308
1.06308
1.07849
1.07057
1.06675
1.06724
1.04337
1.02995
1.02995
1.05953
1.04541
1.03873
1.04819
1.08543
1.07708
1.06519
1.06231
1.07113
1.07375
1.05442
1.04659
1.04984
1.05293
1.05647
1.03802
1.04558
1.04558
1.05074
1.04761
1.05192
1.03966
1.06165
1.06165
1.04844
1.05116
1.04802
1.04763
1.05999
1.05645
1.03996
1.03996
1.04471
1.0582
1.05805
1.04749
1.04659
1.04013
1.03222
1.06294
1.0591
1.03826
1.04634
1.05518
1.03993
1.03356
1.04236
1.03603
1.03603
1.04984
1.05471
1.04342
1.03076
1.01671
1.01671
1.02427
1.03717
1.02201
1.03061
1.03596
1.05553
1.05553
1.08
1.06791
1.04196
1.02023
1.00143
1.01499
1.01499
1.01313
1.0041
1.02422
1.04127
1.03068
1.01278
1.01278
1.02461
1.02362
1.02758
1.03452
1.03184
1.02196
1.04067
1.0546
1.04329
1.03826
1.02774
1.01063
1.01063
0.998444
1.00601
1.01154
1.02262
1.02434
1.02756
1.02756
1.04191
1.04764
1.01653
1.0178
1.02481
1.01825
1.01825
1.01619
1.02151
1.01797
1.01446
1.02608
1.02608
1.01077
1.01539
1.02198
1.02113
1.03252
1.05299
1.05299
1.03816
1.01049
1.02363
1.01167
0.990206
0.975208
0.975208
0.978973
1.02205
1.00979
1.00444
1.01674
1.01674
1.01065
0.998289
1.01148
1.02315
1.00846
1.01165
1.01835
1.01233
1.01361
1.02481
1.0079
0.996493
1.00705
1.00705
1.02029
1.01283
1.0289
1.01904
0.989737
0.989737
0.985003
0.994178
0.993528
1.00032
1.00621
1.00994
1.00994
1.03255
1.03114
1.01413
1.01413
1.01982
1.02363
1.00453
0.984052
0.976936
0.990805
0.99525
1.00338
1.01169
1.00827
1.00523
1.00118
1.00118
1.00004
0.992929
0.992929
0.985807
0.996591
1.01054
1.00353
1.00251
1.00251
1.00769
0.988153
0.993991
1.00357
0.996768
0.996768
1.01096
1.00836
1.00836
1.00347
1.00615
0.980918
0.980918
0.995814
0.995814
0.980918
0.995539
0.995351
0.989228
0.989228
1.00584
0.998905
1.00176
0.993523
0.99529
0.99529
0.99529
0.99958
1.00242
1.00278
0.995536
0.993003
0.993003
0.994048
0.979275
0.986496
0.993716
0.987346
0.9875
1.00311
0.994586
0.978003
0.978619
0.999429
0.991211
0.991211
0.996829
0.988092
0.991056
0.991056
1.0054
0.98733
0.985699
0.974956
0.97244
0.985854
0.982253
0.967097
0.967097
0.971414
0.990197
0.983173
0.978265
0.993979
0.993979
0.976622
0.995688
0.989482
0.970079
0.981221
0.981221
0.981221
0.992489
0.979174
0.979174
0.973589
0.973589
0.975934
0.983944
0.961895
0.973983
0.975727
0.947299
0.947299
0.952866
0.980509
0.980509
0.961497
0.961497
0.97821
0.982129
0.970821
0.981993
0.991882
0.989482
0.980599
0.956641
0.956641
0.964514
0.987298
0.971451
0.953742
0.937081
0.937081
1.00149
0.975084
0.97732
0.959773
0.953945
0.953945
0.966432
0.993259
0.933012
0.919411
0.950707
0.964804
0.988753
0.987465
0.971512
0.963506
0.976755
0.966785
0.966785
0.960412
0.959919
0.970916
0.943249
0.969033
0.97213
0.97213
0.943297
0.954244
0.947765
0.939005
0.95279
0.948354
0.948354
0.971069
0.988926
0.961063
0.966663
0.987932
0.982756
0.945778
0.941978
0.941978
0.946889
0.942731
0.922106
0.922106
0.974105
0.943641
0.959426
0.959426
0.929101
0.947953
0.946494
0.933406
0.92292
0.924219
0.927595
0.937923
0.941805
0.944881
0.957395
0.972385
0.955139
0.927617
0.927617
0.927292
0.952669
0.939775
0.928147
0.934266
0.932344
0.929443
0.921428
0.91825
0.925966
0.934099
0.936875
0.93205
0.943421
0.940619
0.929738
0.937837
0.940153
0.940153
0.930767
0.938027
0.938027
0.927595
0.927595
0.919871
0.919871
0.897325
0.947788
0.947788
0.916027
0.916486
0.916486
0.946884
0.956352
0.948281
0.95389
0.959463
0.941841
0.913463
0.900902
0.919035
0.940084
0.93854
0.932106
0.932106
0.925346
0.938798
0.950547
0.929306
0.929306
0.904612
0.912529
0.930809
0.931113
0.907465
0.901788
0.901788
0.945716
0.96972
0.96972
0.957634
0.95311
0.942649
0.942649
0.931166
0.922794
0.915149
0.912348
0.917516
0.917516
0.913225
0.922595
0.931885
0.940824
0.933031
0.915768
0.915768
0.924001
0.924001
0.925411
0.934302
0.929018
0.931145
0.927201
0.913484
0.919142
0.93607
0.93176
0.924235
0.924235
0.940068
0.934847
0.935844
0.945923
0.946544
0.937595
0.937595
0.940635
0.932516
0.909893
0.899914
0.893714
0.892078
0.892078
0.921434
0.925457
0.918194
0.919535
0.921769
0.920336
0.920336
0.927323
0.911843
0.907424
0.921228
0.931245
0.931245
0.920282
0.933905
0.924802
0.908543
0.923261
0.925593
0.925593
0.903165
0.90861
0.91979
0.904697
0.903089
0.91511
0.93425
0.928284
0.922866
0.924491
0.910777
0.890896
0.890896
0.915573
0.933535
0.917433
0.910958
0.92132
0.921498
0.934938
0.930326
0.91844
0.919941
0.932963
0.923516
0.905343
0.905343
0.917721
0.905696
0.916615
0.925086
0.926006
0.917288
0.912063
0.923487
0.922055
0.92606
0.923244
0.92537
0.92537
0.92537
0.903621
0.909929
0.936879
0.938128
0.921849
0.917343
0.933152
0.91952
0.902086
0.9091
0.921632
0.921632
0.917371
0.917371
0.924568
0.923512
0.930858
0.932658
0.932658
0.925136
0.907766
0.90396
0.90396
0.915171
0.915171
0.896399
0.891289
0.92951
0.919942
0.922334
0.933088
0.939569
0.93031
0.923298
0.920752
0.920752
0.920158
0.916762
0.916762
0.912521
0.914422
0.912332
0.901442
0.898136
0.908111
0.92556
0.915409
0.906439
0.914296
0.918478
0.911188
0.918791
0.918791
0.933621
0.921902
0.917532
0.907837
0.900289
0.900289
0.902707
0.909606
0.915288
0.906045
0.893056
0.893056
0.91528
0.924463
0.909951
0.903524
0.917597
0.921508
0.921508
0.900593
0.920509
0.917901
0.906775
0.910241
0.90988
0.90988
0.910297
0.911961
0.903049
0.905224
0.915612
0.915612
0.911299
0.895307
0.907303
0.91748
0.898592
0.898592
0.906602
0.918819
0.904579
0.907098
0.894531
0.869312
0.821635
0.758844
0.711756
0.704178
0.72863
0.748088
0.740352
0.708329
0.686762
0.678127
0.678127
0.616267
0.566344
0.566344
0.530505
0.498969
0.477635
0.435288
0.39721
0.361914
0.289065
0.236462
0.195671
0.18718
0.177838
0.161759
0.150713
0.152557
0.154116
0.144672
0.127454
0.113774
0.0961802
0.0698393
0.0548668
0.037582
0.0185418
0.0149807
0.0129985
0.00367934
-0.0111342
-0.0146377
-0.0280406
-0.0416201
-0.0416201
-0.0846061
-0.0968645
-0.104121
-0.106872
-0.115883
-0.119076
-0.126529
-0.139223
-0.145853
-0.158524
-0.169117
-0.176263
-0.185721
-0.185721
-0.193959
-0.196262
-0.195154
-0.20064
-0.211744
-0.21596
-0.21596
-0.222611
-0.222611
-0.231842
-0.235149
-0.238698
-0.240173
-0.24243
-0.245963
-0.248097
-0.249515
-0.249946
-0.249183
-0.247789
-0.250974
-0.256993
-0.257813
-0.259483
-0.258002
-0.259036
-0.259036
-0.25867
-0.257761
-0.261729
-0.262482
-0.257993
-0.257431
-0.258555
-0.260471
-0.26462
-0.26462
-0.265228
-0.259997
-0.259997
-0.261496
-0.261537
-0.265208
-0.266424
-0.262482
-0.261942
-0.263343
-0.258597
-0.262136
-0.261225
-0.259428
-0.261012
-0.261012
-0.258384
-0.263809
-0.262734
-0.260666
-0.262685
-0.260395
-0.260395
-0.264679
-0.26174
-0.259371
-0.264001
-0.265045
-0.261438
-0.261235
-0.26086
-0.26082
-0.262462
-0.25562
-0.259613
-0.259613
-0.260666
-0.261186
-0.261498
-0.25766
-0.256848
-0.26082
-0.258945
-0.257688
-0.257243
-0.260162
-0.26076
-0.257234
-0.258614
-0.256413
-0.257039
-0.261448
-0.256867
-0.256877
-0.256413
-0.254962
-0.257011
-0.25709
-0.255523
-0.261864
-0.257794
-0.251952
-0.254267
-0.254267
-0.253261
-0.253822
-0.25766
-0.252833
-0.252833
-0.252933
-0.253804
-0.248398
-0.252825
-0.247698
-0.257358
-0.257358
-0.25156
-0.252915
-0.253225
-0.251987
-0.252497
-0.2536
-0.250226
-0.252266
-0.228992
-0.222905
-0.221066
-0.202326
-0.244343
-0.266079
-0.266079
-0.269755
-0.280594
-0.280594
-0.262429
-0.254951
-0.207561
-0.143049
-0.112295
-0.0565503
-0.0565503
0.00174829
-0.011329
-0.024747
-0.0199122
-0.0199122
-0.0222691
-0.0218305
-0.027971
-0.0285946
-0.0347183
-0.0332022
-0.0341184
-0.0398324
-0.0408481
-0.0455509
-0.0481061
-0.0481032
-0.0460654
-0.0460654
-0.0454541
-0.0525112
-0.0460714
-0.0503538
-0.051892
-0.0525023
-0.0498502
-0.050672
-0.0522094
-0.0498527
-0.0502599
-0.0501526
-0.0501526
-0.0519959
-0.0466856
-0.0466856
-0.0495457
-0.0520004
-0.0470922
-0.0496576
-0.0508745
-0.0526149
-0.0537403
-0.0535355
-0.0497505
-0.0468874
-0.0530205
-0.0535335
-0.0505673
-0.0514955
-0.0514955
-0.0521056
-0.0457657
-0.0457686
-0.0481184
-0.0512929
-0.0503673
-0.0503673
-0.0503673
-0.0496524
-0.0480091
-0.0484292
-0.0467917
-0.0494501
-0.0456639
-0.0489372
-0.0525172
-0.0509815
-0.0481184
-0.0531217
-0.0505765
-0.0566023
-0.0433143
-0.0433143
-0.0478071
-0.0509858
-0.0476051
-0.0503625
-0.0438281
-0.0540538
-0.0517022
-0.053842
-0.0527219
-0.0511863
-0.0511863
-0.0502643
-0.0521035
-0.0472981
-0.0476049
-0.0476049
-0.0511863
-0.0522119
-0.0478069
-0.0470935
-0.0533343
-0.0516931
-0.0516931
-0.0506737
-0.0528222
-0.0516994
-0.0544616
-0.0502709
-0.0522037
-0.0522037
-0.0495464
-0.0517918
-0.049758
-0.051794
-0.0550758
-0.0550758
-0.0486398
-0.0466922
-0.0466922
-0.0541516
-0.0501694
-0.0535408
-0.0535408
-0.0502731
-0.050783
-0.0507811
-0.0506802
-0.0519
-0.0492422
-0.0510853
-0.0516994
-0.0488279
-0.0497558
-0.0497558
-0.0499582
-0.0545659
-0.0480193
-0.0530231
-0.0520032
-0.0484353
-0.0484353
-0.0484353
-0.0510832
-0.0503739
-0.0554838
-0.0532317
-0.0532317
-0.0532317
-0.0505785
-0.0479238
-0.0530288
-0.0501629
-0.0525233
-0.0450463
-0.0507811
-0.0446458
-0.0549723
-0.0549723
-0.0529354
-0.0525198
-0.0494491
-0.0494491
-0.0463742
-0.0467834
-0.0536429
-0.0532279
-0.0532279
-0.0532279
-0.0534382
-0.0479041
-0.0457687
-0.0514926
-0.0484308
-0.0484308
-0.0475995
-0.0473057
-0.0528203
-0.0482189
-0.0486282
-0.0514926
-0.05129
-0.0484285
-0.0504734
-0.0499582
-0.0487373
-0.05129
-0.0503675
-0.0522099
-0.0528182
-0.0516994
-0.0516994
-0.0520032
-0.045354
-0.0516974
-0.0516994
-0.0480241
-0.0517032
-0.0501629
-0.0462721
-0.0497558
-0.0508806
-0.0480241
-0.0480241
-0.0496492
-0.0496492
-0.0526212
-0.0502675
-0.0465867
-0.0439259
-0.0439259
-0.0503653
-0.0484353
-0.0484353
-0.0503739
-0.0507679
-0.0507679
-0.0530306
-0.0501629
-0.043511
-0.0445335
-0.0488376
-0.0486282
-0.0475001
-0.0491465
-0.0491465
-0.0521087
-0.0492468
-0.0467861
-0.0528182
-0.0494491
-0.0494491
-0.0459649
-0.0496537
-0.0496537
-0.0480217
-0.0477147
-0.0482263
-0.0482263
-0.0494535
-0.0494535
-0.0461803
-0.044643
-0.0479215
-0.0465788
-0.0465788
-0.0463796
-0.0468833
-0.0490351
-0.0503697
-0.043514
-0.0494491
-0.0494491
-0.0486376
-0.0432023
-0.0463742
-0.0479215
-0.0509794
-0.0479041
-0.0542586
-0.0485304
-0.0540554
-0.0578383
-0.0464856
-0.049557
-0.049557
-0.045245
-0.0460662
-0.0515975
-0.0510877
-0.0510877
-0.0510877
-0.0510877
-0.0522113
-0.0441332
-0.0483136
-0.0483236
-0.0478064
-0.046892
-0.0533367
-0.053949
-0.0468845
-0.0468845
-0.0489416
-0.0472026
-0.0470915
-0.0489437
-0.0487327
-0.0533399
-0.0533399
-0.0518021
-0.0525249
-0.0492422
-0.0492422
-0.0529274
-0.048011
-0.048011
-0.048011
-0.0498604
-0.0481282
-0.0522076
-0.0503675
-0.0492398
-0.0485257
-0.0490422
-0.0489394
-0.0498625
-0.0509856
-0.0509856
-0.0538492
-0.0493463
-0.0462836
-0.053955
-0.050369
-0.0466947
-0.0482291
-0.0508812
-0.0520049
-0.0473032
-0.0476043
-0.0548752
-0.0548752
-0.0436051
-0.0504678
-0.0465815
-0.0465815
-0.0508831
-0.0539456
-0.0539456
-0.0482226
-0.0535413
-0.050067
-0.0509816
-0.048114
-0.0505722
-0.0505722
-0.0482203
-0.0489372
-0.0470915
-0.0480134
-0.0476092
-0.0484201
-0.0482226
-0.0506824
-0.0522095
-0.053132
-0.0468895
-0.0499658
-0.0499658
-0.049555
-0.047089
-0.0566134
-0.0518058
-0.0517012
-0.0517012
-0.0506725
-0.0533383
-0.0489326
-0.0501644
-0.0457577
-0.0457577
-0.0502632
-0.0489437
-0.0498561
-0.0544601
-0.0508728
-0.0491418
-0.0497532
-0.0456599
-0.0518075
-0.0519003
-0.0476043
-0.049962
-0.0539521
-0.0539521
-0.0539521
-0.0462812
-0.0481165
-0.0511798
-0.0497575
-0.0493526
-0.0493526
-0.0504741
-0.0504741
-0.0474047
-0.0524142
-0.0486293
-0.0486293
-0.0532327
-0.0532327
-0.0488381
-0.0499658
-0.0541581
-0.0530297
-0.0483162
-0.0511852
-0.0497532
-0.0526188
-0.0526188
-0.0526206
-0.0496496
-0.0482155
-0.0508812
-0.0461613
-0.0530297
-0.0479047
-0.0479047
-0.0532327
-0.0543627
-0.0526206
-0.049144
-0.0475053
-0.0484334
-0.0484334
-0.0499599
-0.051804
-0.0506746
-0.0507741
-0.0499578
-0.0480181
-0.0480181
-0.0479163
-0.0488316
-0.0494493
-0.0497575
-0.056099
-0.0492428
-0.0492428
-0.0490383
-0.0510858
-0.0498542
-0.0473008
-0.0512922
-0.0492384
-0.0496537
-0.0503627
-0.0553865
-0.0553865
-0.0511852
-0.0504637
-0.0503747
-0.0503747
-0.054975
-0.0516937
-0.0515978
-0.0509786
-0.0509786
-0.0474981
-0.0467851
-0.0477119
-0.048325
-0.0479118
-0.0482226
-0.0482226
-0.0534434
-0.0465807
-0.0528251
-0.0531297
-0.0491395
-0.0486315
-0.0495508
-0.0489394
-0.049962
-0.0492428
-0.0524123
-0.050369
-0.050369
-0.051294
-0.0505754
-0.0492361
-0.0513859
-0.0453514
-0.0453514
-0.0502695
-0.0537475
-0.0508812
-0.051904
-0.0484225
-0.0486336
-0.0486336
-0.0486336
-0.0519058
-0.0507799
-0.0463835
-0.0521103
-0.0483271
-0.050778
-0.0533358
-0.050369
-0.0529251
-0.051395
-0.051395
-0.0506682
-0.0509786
-0.0511832
-0.0475981
-0.0475981
-0.0479118
-0.0504696
-0.0494451
-0.0529312
-0.0534389
-0.0505735
-0.0485273
-0.0485273
-0.0518054
-0.0503669
-0.0494451
-0.0484225
-0.0505735
-0.0511888
-0.0507761
-0.0534434
-0.0471985
-0.0471985
-0.0491405
-0.0515905
-0.0525209
-0.0562013
-0.0518984
-0.0532374
-0.0494532
-0.0494532
-0.0538523
-0.0503669
-0.0539536
-0.0497511
-0.0491364
-0.0468895
-0.0509844
-0.0497465
-0.0511792
-0.0526151
-0.0497511
-0.0516957
-0.0511832
-0.0523148
-0.05047
-0.0488338
-0.0488338
-0.0509844
-0.0461693
-0.0451383
-0.0488338
-0.0488338
-0.0509806
-0.0494451
-0.0494451
-0.0460618
-0.0485184
-0.0551769
-0.0551769
-0.0483229
