-0.0832576
-0.0863171
-0.0795701
-0.0779882
-0.0796305
-0.0812171
-0.0760629
-0.0846736
-0.090342
-0.0886921
-0.0904555
-0.0885243
-0.0842769
-0.0843903
-0.0921554
-0.0959552
-0.0934036
-0.0912492
-0.0847294
-0.0883565
-0.0926104
-0.074083
-0.0834787
-0.0811039
-0.0849009
-0.0851829
-0.0904555
-0.0809905
-0.0851829
-0.0896049
-0.0837669
-0.0833115
-0.0818407
-0.0826336
-0.0854103
-0.0781575
-0.0834256
-0.077988
-0.0841649
-0.0760629
-0.0777052
-0.0740815
-0.0824078
-0.0711375
-0.082688
-0.0811592
-0.0821182
-0.0807632
-0.0802535
-0.08252
-0.0817825
-0.0849548
-0.0851829
-0.0781019
-0.0833708
-0.0804221
-0.0898292
-0.0821237
-0.0781019
-0.081501
-0.0897187
-0.0825775
-0.078442
-0.0860273
-0.0873381
-0.0792916
-0.0799715
-0.0844455
-0.0820101
-0.072041
-0.0784969
-0.0880161
-0.0871096
-0.0828023
-0.0816683
-0.087671
-0.072438
-0.0827406
-0.0794022
-0.0890917
-0.0847294
-0.0853515
-0.0813278
-0.0868266
-0.0811039
-0.0794549
-0.0900535
-0.0829732
-0.0797444
-0.0833143
-0.0846736
-0.0758357
-0.0885278
-0.0821794
-0.0796305
-0.0860273
-0.082747
-0.0802535
-0.0856369
-0.0871674
-0.0860273
-0.0817825
-0.0911352
-0.0800282
-0.0822371
-0.0762316
-0.0787245
-0.0824636
-0.0808788
-0.0767996
-0.0885243
-0.0803075
-0.0834839
-0.0778739
-0.0779317
-0.0877863
-0.0838226
-0.0910792
-0.0811039
-0.0792877
-0.0758884
-0.0786108
-0.0821237
-0.0845596
-0.071534
-0.0802535
-0.0771371
-0.0844455
-0.0736843
-0.0799112
-0.0834256
-0.0893768
-0.0836533
-0.0805365
-0.0848405
-0.0842194
-0.0868266
-0.0816144
-0.0894349
-0.0862575
-0.074083
-0.088639
-0.0924366
-0.0876776
-0.0912492
-0.0788381
-0.0778186
-0.0770254
-0.0829164
-0.0873381
-0.0747603
-0.077649
-0.0809905
-0.071534
-0.082065
-0.0791731
-0.0769126
-0.0713062
-0.0866579
-0.0846668
-0.074361
-0.0781019
-0.0709686
-0.067855
-0.0764024
-0.0748175
-0.0718738
-0.0865984
-0.0710812
-0.0769592
-0.0771956
-0.0827406
-0.0769077
-0.0715924
-0.0816716
-0.068987
-0.0713062
-0.0809305
-0.0829164
-0.0781575
-0.0780447
-0.0820101
-0.08575
-0.0831988
-0.0840495
-0.0824062
-0.0833637
-0.0721563
-0.0817276
-0.0822335
-0.0775917
-0.0763457
-0.0753262
-0.0730055
-0.078953
-0.0879039
-0.068987
-0.0845035
-0.078442
-0.0754949
-0.0759514
-0.0774235
-0.0875039
-0.0828602
-0.0845035
-0.0868266
-0.0799715
-0.0842167
-0.0828602
-0.0773105
-0.0869966
-0.0868266
-0.080877
-0.0791789
-0.0859747
-0.087054
-0.0828531
-0.0872239
-0.0881852
-0.0868266
-0.0769077
-0.0787245
-0.0788381
-0.0853515
-0.0722697
-0.0892624
-0.0720995
-0.0838214
-0.080877
-0.0899459
-0.0795743
-0.0802535
-0.082747
-0.0825735
-0.0798581
-0.0809305
-0.0811592
-0.0769684
-0.0735155
-0.078893
-0.088982
-0.0852369
-0.0807073
-0.0759494
-0.0785551
-0.0775364
-0.0785501
-0.0800255
-0.0797444
-0.0882423
-0.0858602
-0.0783288
-0.0792916
-0.0799112
-0.0804826
-0.0706875
-0.0699954
-0.0774779
-0.073798
-0.0824588
-0.0932273
-0.0835395
-0.0786649
-0.0774235
-0.086089
-0.0834787
-0.085007
-0.0800282
-0.082747
-0.0803672
-0.0837669
-0.0898893
-0.0816683
-0.0808217
-0.0806493
-0.0857516
-0.0839918
-0.0761702
-0.0828023
-0.0812733
-0.0815572
-0.0747036
-0.0777052
-0.0792342
-0.068704
-0.0821794
-0.0788939
-0.0803075
-0.0773657
-0.0782732
-0.0847873
-0.0718738
-0.077988
-0.0702873
-0.0815572
-0.0739115
-0.0872227
-0.0852967
-0.0829164
-0.0763457
-0.0727192
-0.086089
-0.0769126
-0.0788939
-0.082065
-0.0751574
-0.0811039
-0.0805365
-0.0718147
-0.0787795
-0.089772
-0.0794611
-0.0717606
-0.080877
-0.0870482
-0.0792342
-0.0762314
-0.0731184
-0.088639
-0.080877
-0.0770254
-0.0784969
-0.079685
-0.0873892
-0.0864309
-0.07901
-0.0818964
-0.0757812
-0.0799715
-0.0807648
-0.0906261
-0.0877328
-0.0917589
-0.0817825
-0.0878469
-0.0902284
-0.0879614
-0.0892624
-0.0869404
-0.0838803
-0.085069
-0.0893768
-0.0843903
-0.085069
-0.0917589
-0.0867126
-0.0843312
-0.0820101
-0.0869404
-0.0918164
-0.0875641
-0.085693
-0.0896049
-0.0809905
-0.0865984
-0.0855803
-0.0847875
-0.0862575
-0.0818407
-0.0844455
-0.0913052
-0.0919864
-0.0758941
-0.0867136
-0.0859204
-0.0942101
-0.0913507
-0.0945542
-0.089377
-0.0897252
-0.0924488
-0.088157
-0.0980478
-0.0907752
-0.101233
-0.0924361
-0.0925195
-0.0566056
-0.0359976
-0.0359976
0.0281757
0.0927762
0.217094
0.400718
0.534259
0.671428
0.797203
0.897529
0.987154
1.07399
1.11205
1.12767
1.08323
1.05687
0.996079
0.863068
0.81189
0.785315
0.820728
0.848412
0.847762
0.825744
0.832415
0.821149
0.83919
0.845807
0.852946
0.869852
0.849597
0.854339
0.836308
0.837183
0.838665
0.830397
0.84567
0.833546
0.839442
0.829808
0.838415
0.834852
0.843152
0.83618
0.855318
0.819506
0.819322
0.826197
0.821864
0.833301
0.815051
0.838791
0.814196
0.826751
0.831782
0.824172
0.836041
0.818558
0.832372
0.833615
0.83111
0.822284
0.83018
0.815128
0.818911
0.815714
0.830162
0.821557
0.833395
0.834859
0.821336
0.837071
0.823648
0.819365
0.825842
0.816096
0.826583
0.816107
0.827702
0.828122
0.833956
0.835679
0.831985
0.83018
0.830427
0.83901
0.82812
0.836204
0.838565
0.834999
0.837688
0.827752
0.830447
0.829095
0.885808
0.92897
1.00564
1.07686
1.10825
1.1253
1.11278
1.12261
1.09735
1.11406
1.10363
1.10969
1.11259
1.13059
1.13686
1.13786
1.1416
1.11607
1.10897
1.09626
1.11701
1.11602
1.14895
1.13919
1.14709
1.13977
1.13107
1.11545
1.12333
1.12689
1.13435
1.13139
1.14297
1.14023
1.12749
1.12295
1.11987
1.12258
1.11949
1.13211
1.13359
1.13511
1.14068
1.13013
1.12462
1.11346
1.11572
1.1233
1.12958
1.13335
1.1979
1.20761
1.24315
1.20472
1.14972
1.09695
1.13212
1.13628
1.13692
1.15482
1.16994
1.16668
1.15468
1.14624
1.13889
1.14484
1.14394
1.15199
1.14864
1.16891
1.1766
1.17157
1.15356
1.14962
1.14725
1.14453
1.14336
1.16223
1.17311
1.15435
1.15832
1.14934
1.14375
1.15491
1.15891
1.15918
1.15961
1.16094
1.16533
1.16038
1.16453
1.15243
1.15751
1.15425
1.16658
1.16283
1.16853
1.171
1.17372
1.16425
1.14187
1.20714
1.21728
1.2536
1.21707
1.12954
1.02309
0.922582
0.893571
0.908952
0.890887
0.868116
0.893632
0.883316
0.920153
0.931821
0.934944
0.927067
0.897933
0.895375
0.885127
0.901314
0.909733
0.93442
0.950557
0.94478
0.929897
0.918986
0.907269
0.905571
0.910668
0.920992
0.933467
0.932613
0.946134
0.931595
0.930542
0.910786
0.908091
0.911836
0.916159
0.925994
0.92401
0.944877
0.945493
0.930145
0.919851
0.922002
0.919738
0.92716
0.92609
0.933888
0.924083
0.927905
0.921367
0.922768
0.920876
0.917577
0.919859
0.923724
0.932213
0.929297
0.929456
0.925377
0.917604
0.918586
0.918539
0.916258
0.92419
0.931956
0.934819
0.940032
0.925469
0.91831
0.922002
0.918705
0.920044
0.924989
0.923674
0.930753
0.931209
0.928493
0.925992
0.918451
0.923424
0.924739
0.918701
0.926588
0.923772
0.928953
0.927289
0.926439
0.924394
0.909394
0.917841
0.928551
0.929498
0.931959
0.931462
0.929401
0.919723
0.921729
0.92305
0.921617
0.932528
0.930509
0.933777
0.926591
0.929506
0.922732
0.926244
0.928861
0.920269
0.925636
0.92574
0.929566
0.937446
0.930358
0.930259
0.929052
0.936839
0.933875
0.931011
0.933623
0.933371
0.935326
0.936839
0.930408
0.932971
0.932971
0.931071
0.928754
0.937995
0.925587
0.929769
0.928466
0.931089
0.92836
0.930476
0.925352
0.930633
0.930633
0.929836
0.918561
0.918887
0.895324
0.874655
0.853075
0.828611
0.782497
0.728027
0.668023
0.597965
0.555167
0.460694
0.358855
0.253378
0.111079
0.00359355
-0.0690428
-0.109854
-0.158777
-0.186543
-0.202738
-0.191277
-0.207962
-0.197647
-0.185099
-0.20482
-0.210717
-0.203265
-0.204417
-0.219151
-0.249172
-0.274931
-0.266595
-0.255146
-0.250088
-0.249257
-0.236424
-0.248115
-0.239082
-0.237966
-0.240635
-0.25503
-0.260414
-0.264453
-0.273756
-0.279137
-0.294504
-0.28663
-0.29381
-0.312543
-0.341911
-0.367695
-0.390842
-0.396713
-0.379642
-0.377648
-0.388126
-0.388926
-0.39055
-0.402142
-0.417738
-0.406877
-0.391868
-0.421784
-0.416906
-0.4347
-0.462126
-0.46491
-0.464842
-0.440706
-0.396137
-0.407337
-0.419192
-0.4337
-0.461362
-0.47223
-0.502167
-0.541604
-0.564016
-0.608721
-0.6375
-0.660444
-0.696852
-0.723366
-0.727612
-0.746871
-0.752597
-0.784913
-0.790476
-0.807582
-0.809739
-0.800851
-0.815176
-0.814061
-0.817704
-0.830632
-0.819307
-0.816902
-0.794342
-0.78007
-0.780052
-0.775123
-0.774674
-0.756554
-0.750904
-0.742964
-0.745466
-0.735491
-0.724866
-0.707267
-0.699542
-0.691281
-0.624089
-0.602575
-0.602575
-0.520067
-0.520067
-0.372641
-0.324261
-0.269635
-0.291833
-0.350849
-0.332063
-0.360292
-0.377797
-0.412752
-0.412752
-0.457551
-0.49821
-0.563882
-0.630728
-0.710254
-0.744881
-0.790505
-0.801075
-0.826422
-0.824117
-0.840491
-0.840491
-0.833834
-0.839074
-0.821718
-0.821718
-0.816692
-0.813809
-0.797955
-0.773597
-0.762527
-0.762527
-0.756882
-0.760073
-0.745481
-0.741385
-0.739549
-0.738794
-0.738794
-0.742649
-0.744988
-0.726331
-0.736227
-0.71942
-0.709726
-0.678846
-0.623477
-0.59803
-0.623351
-0.622359
-0.604837
-0.510939
-0.41069
-0.418347
-0.463192
-0.399811
-0.384969
-0.401124
-0.377878
-0.343727
-0.376352
-0.392065
-0.382186
-0.338287
-0.369959
-0.40758
-0.406355
-0.391641
-0.377698
-0.394722
-0.381143
-0.352944
-0.32345
-0.305881
-0.310434
-0.306547
-0.339109
-0.333115
-0.32392
-0.306819
-0.330406
-0.371453
-0.363358
-0.348568
-0.309293
-0.316625
-0.314179
-0.329868
-0.315535
-0.313835
-0.305408
-0.318222
-0.311308
-0.293847
-0.307846
-0.319202
-0.325902
-0.330219
-0.30866
-0.283488
-0.2867
-0.297424
-0.302774
-0.304477
-0.287574
-0.249719
-0.210401
-0.168673
-0.174787
-0.210329
-0.215368
-0.214557
-0.21503
-0.229707
-0.240494
-0.221972
-0.228273
-0.240464
-0.241738
-0.248929
-0.226193
-0.226205
-0.229446
-0.236444
-0.227834
-0.243482
-0.26243
-0.266228
-0.249984
-0.238196
-0.236155
-0.253797
-0.272419
-0.246376
-0.216244
-0.204719
-0.200381
-0.221792
-0.241103
-0.24247
-0.219375
-0.207562
-0.220888
-0.242107
-0.252591
-0.231422
-0.214389
-0.209372
-0.237567
-0.229021
-0.212217
-0.224885
-0.212229
-0.19375
-0.178814
-0.197207
-0.200225
-0.206416
-0.211573
-0.219076
-0.242485
-0.226047
-0.18585
-0.187681
-0.200975
-0.237726
-0.23148
-0.224171
-0.196182
-0.17884
-0.189687
-0.197094
-0.19538
-0.21267
-0.237699
-0.247623
-0.195735
-0.165135
-0.192382
-0.209039
-0.215545
-0.19028
-0.17771
-0.173726
-0.171705
-0.157992
-0.163165
-0.169789
-0.175341
-0.166082
-0.195829
-0.207215
-0.203173
-0.194193
-0.205484
-0.209246
-0.209428
-0.197541
-0.190743
-0.20875
-0.218545
-0.213055
-0.202679
-0.201444
-0.206834
-0.214408
-0.217636
-0.217086
-0.216022
-0.217174
-0.210156
-0.217392
-0.194066
-0.188367
-0.16908
-0.16656
-0.168358
-0.174157
-0.175883
-0.175782
-0.169629
-0.211824
-0.239435
-0.240531
-0.204472
-0.192841
-0.195678
-0.193052
-0.17648
-0.167107
-0.171459
-0.189432
-0.186092
-0.163308
-0.154082
-0.164821
-0.185111
-0.198933
-0.201359
-0.176086
-0.163068
-0.175408
-0.184338
-0.168113
-0.170704
-0.172013
-0.1706
-0.16081
-0.145203
-0.1609
-0.161541
-0.158727
-0.151292
-0.159722
-0.153199
-0.157719
-0.152468
-0.156379
-0.168365
-0.163447
-0.146338
-0.146422
-0.148417
-0.158523
-0.143062
-0.157255
-0.165443
-0.149302
-0.144587
-0.152903
-0.16588
-0.16424
-0.14576
-0.141208
-0.157117
-0.158839
-0.13997
-0.123999
-0.144306
-0.167911
-0.168665
-0.153144
-0.138965
-0.136903
-0.135963
-0.123959
-0.134432
-0.15452
-0.152628
-0.141334
-0.13592
-0.13546
-0.139067
-0.137588
-0.148494
-0.152605
-0.136164
-0.122338
-0.134653
-0.134075
-0.15797
-0.128415
-0.131859
-0.158237
-0.149154
-0.111184
-0.116531
-0.142406
-0.152526
-0.162907
-0.147675
-0.133295
-0.134992
-0.140937
-0.154142
-0.15125
-0.131062
-0.102975
-0.0985872
-0.0996612
-0.113369
-0.136439
-0.148697
-0.13406
-0.114614
-0.0916888
-0.126755
-0.138836
-0.131903
-0.110229
-0.112167
-0.116199
-0.146811
-0.14735
-0.14735
-0.133221
-0.139436
-0.151579
-0.1659
-0.155218
-0.129835
-0.12665
-0.140096
-0.144093
-0.116458
-0.11233
-0.129602
-0.133101
-0.122372
-0.100874
-0.100005
-0.10871
-0.128887
-0.132814
-0.117105
-0.115796
-0.120944
-0.130817
-0.129579
-0.118499
-0.118695
-0.120201
-0.120506
-0.125851
-0.127061
-0.15424
-0.159922
-0.158465
-0.130701
-0.122239
-0.126757
-0.138568
-0.140385
-0.126451
-0.121747
-0.12448
-0.125921
-0.116588
-0.125239
-0.129177
-0.13468
-0.154201
-0.141616
-0.143197
-0.13241
-0.138339
-0.116823
-0.13364
-0.133564
-0.125859
-0.102853
-0.0903348
-0.116656
-0.134419
-0.120203
-0.11505
-0.132242
-0.140773
-0.131081
-0.120927
-0.120089
-0.12967
-0.134564
-0.144409
-0.147551
-0.149479
-0.134709
-0.144703
-0.131371
-0.132639
-0.136155
-0.128675
-0.131736
-0.114767
-0.0945518
-0.107127
-0.127625
-0.126498
-0.118903
-0.114777
-0.140644
-0.157242
-0.14558
-0.129549
-0.139857
-0.146802
-0.129032
-0.109388
-0.11882
-0.127259
-0.136365
-0.133133
-0.127812
-0.12868
-0.146418
-0.144112
-0.13351
-0.140558
-0.161308
-0.152604
-0.110887
-0.0895773
-0.112567
-0.1317
-0.125359
-0.145112
-0.171172
-0.162931
-0.139139
-0.137287
-0.172226
-0.181812
-0.15534
-0.126362
-0.108525
-0.115756
-0.111778
-0.116327
-0.142396
-0.166479
-0.164163
-0.126539
-0.100586
-0.13446
-0.150168
-0.148092
-0.124595
-0.13803
-0.147228
-0.154269
-0.133852
-0.115801
-0.130129
-0.155123
-0.145923
-0.142889
-0.160272
-0.169687
-0.158286
-0.149187
-0.13617
-0.14973
-0.150736
-0.126357
-0.157126
-0.182213
-0.1603
-0.132853
-0.133921
-0.155781
-0.159133
-0.14124
-0.126558
-0.123622
-0.127178
-0.142626
-0.149607
-0.141912
-0.134544
-0.149864
-0.181262
-0.188327
-0.169132
-0.151339
-0.162861
-0.170039
-0.143838
-0.123437
-0.141141
-0.147985
-0.162214
-0.141844
-0.135633
-0.138767
-0.158457
-0.164137
-0.171236
-0.185176
-0.172231
-0.151431
-0.157809
-0.160415
-0.158428
-0.156796
-0.163502
-0.166897
-0.153483
-0.13932
-0.146943
-0.155026
-0.157844
-0.153453
-0.152429
-0.151207
-0.152542
-0.168324
-0.182481
-0.166577
-0.162661
-0.155229
-0.170075
-0.171463
-0.165517
-0.159827
-0.139292
-0.15747
-0.163571
-0.166099
-0.164527
-0.169522
-0.172821
-0.189512
-0.190788
-0.172969
-0.187692
-0.180272
-0.172179
-0.158614
-0.157203
-0.166252
-0.159953
-0.173486
-0.172589
-0.170824
-0.171537
-0.180998
-0.180998
-0.185025
-0.168811
-0.149364
-0.149364
-0.167304
-0.152629
-0.152353
-0.167807
-0.189808
-0.203336
-0.185914
-0.172489
-0.17612
-0.191311
-0.200511
-0.178279
-0.170302
-0.178093
-0.171796
-0.162827
-0.168637
-0.173146
-0.183162
-0.201955
-0.185209
-0.177276
-0.174176
-0.181956
-0.185273
-0.190168
-0.195746
-0.178974
-0.161246
-0.155735
-0.180256
-0.197266
-0.189088
-0.183423
-0.180432
-0.192033
-0.17786
-0.174878
-0.178757
-0.19073
-0.19073
-0.162405
-0.162405
-0.177574
-0.198012
-0.199744
-0.18631
-0.190075
-0.199685
-0.207658
-0.197947
-0.192965
-0.192636
-0.190721
-0.183792
-0.170839
-0.192306
-0.19269
-0.196457
-0.192305
-0.18783
-0.185979
-0.187231
-0.193411
-0.202729
-0.194755
-0.182079
-0.189441
-0.1995
-0.19398
-0.195082
-0.201585
-0.202932
-0.194608
-0.183768
-0.188867
-0.196606
-0.206193
-0.19786
-0.181215
-0.195529
-0.195297
-0.194037
-0.202938
-0.216114
-0.221529
-0.207987
-0.188669
-0.178242
-0.179512
-0.183517
-0.200727
-0.213986
-0.193507
-0.18602
-0.180323
-0.194944
-0.191602
-0.192322
-0.203128
-0.204345
-0.197141
-0.193385
-0.200908
-0.215441
-0.218733
-0.209354
-0.215648
-0.217586
-0.20578
-0.185523
-0.17373
-0.194442
-0.19375
-0.186904
-0.207834
-0.213971
-0.193449
-0.1937
-0.205661
-0.214664
-0.212986
-0.204424
-0.195033
-0.21325
-0.201311
-0.189994
-0.203471
-0.219966
-0.229185
-0.207395
-0.213829
-0.209585
-0.221551
-0.20621
-0.200783
-0.212356
-0.198103
-0.195826
-0.192965
-0.20942
-0.218124
-0.218963
-0.206645
-0.220088
-0.217347
-0.206274
-0.205649
-0.214776
-0.220839
-0.230774
-0.240478
-0.240687
-0.233
-0.217318
-0.220315
-0.229213
-0.218673
-0.212811
-0.201086
-0.211123
-0.20546
-0.204264
-0.216778
-0.22445
-0.241873
-0.224254
-0.217822
-0.217495
-0.220142
-0.21625
-0.213486
-0.229209
-0.247869
-0.237911
-0.199919
-0.199939
-0.230868
-0.252369
-0.2402
-0.225261
-0.236733
-0.237796
-0.210177
-0.196418
-0.203764
-0.245837
-0.233317
-0.21753
-0.208726
-0.236953
-0.226471
-0.218269
-0.228074
-0.234219
-0.236123
-0.226098
-0.24293
-0.241273
-0.231339
-0.232845
-0.237457
-0.232177
-0.228015
-0.215963
-0.231703
-0.238008
-0.227461
-0.22545
-0.232177
-0.224552
-0.226808
-0.231892
-0.24852
-0.237616
-0.224854
-0.235827
-0.23885
-0.22772
-0.214278
-0.233348
-0.251903
-0.2533
-0.243599
-0.255567
-0.250093
-0.245521
-0.216076
-0.239422
-0.257945
-0.260262
-0.252463
-0.243684
-0.237539
-0.246748
-0.232098
-0.230548
-0.234879
-0.25385
-0.249145
-0.239513
-0.238553
-0.248094
-0.266955
-0.259876
-0.26357
-0.27458
-0.266875
-0.248484
-0.227288
-0.237935
-0.230146
-0.259277
-0.251875
-0.27148
-0.278781
-0.254009
-0.249829
-0.254392
-0.270376
-0.246995
-0.268392
-0.249368
-0.248474
-0.267141
-0.258468
-0.26601
-0.255203
-0.277823
-0.265806
-0.273368
-0.256936
-0.261232
-0.257095
-0.226623
-0.242641
-0.242289
-0.252156
-0.248574
-0.251177
-0.263159
-0.265428
-0.272877
-0.259998
-0.261641
-0.257849
-0.261693
-0.263658
-0.265115
-0.270051
-0.273367
-0.27724
-0.267339
-0.260754
-0.269784
-0.270312
-0.267015
-0.270198
-0.269903
-0.276382
-0.27411
-0.27411
-0.273105
-0.274246
-0.277996
-0.282834
-0.253856
-0.262448
-0.261117
-0.251999
-0.25897
-0.281419
-0.281284
-0.290402
-0.281172
-0.277868
-0.260578
-0.263337
-0.26703
-0.273162
-0.286915
-0.290671
-0.282875
-0.268032
-0.261621
-0.272308
-0.28595
-0.271782
-0.288599
-0.285451
-0.263469
-0.266339
-0.292436
-0.308962
-0.294808
-0.279856
-0.282153
-0.277409
-0.266586
-0.262936
-0.262803
-0.270234
-0.284468
-0.292091
-0.291034
-0.294775
-0.291048
-0.301201
-0.288861
-0.276382
-0.286434
-0.274845
-0.283735
-0.285184
-0.285754
-0.296292
-0.286455
-0.283869
-0.281246
-0.30163
-0.288197
-0.288841
-0.288083
-0.29395
-0.300047
-0.293248
-0.295374
-0.294427
-0.294427
-0.289802
-0.299896
-0.291182
-0.313977
-0.301867
-0.28538
-0.280534
-0.287463
-0.296596
-0.305978
-0.303878
-0.310766
-0.319026
-0.308212
-0.285788
-0.289217
-0.277228
-0.290277
-0.285092
-0.30341
-0.29618
-0.297451
-0.286944
-0.300863
-0.296358
-0.304064
-0.303367
-0.301764
-0.289308
-0.284979
-0.300882
-0.312747
-0.315182
-0.31389
-0.316485
-0.316623
-0.30721
-0.300955
-0.29116
-0.294589
-0.308218
-0.298656
-0.300842
-0.308705
-0.308689
-0.298502
-0.28638
-0.293556
-0.305309
-0.305822
-0.293147
-0.310982
-0.303322
-0.308367
-0.301601
-0.306068
-0.300196
-0.295286
-0.312747
-0.319485
-0.336938
-0.315228
-0.293893
-0.314244
-0.337291
-0.331026
-0.289825
-0.300933
-0.305397
-0.315341
-0.300821
-0.301646
-0.3237
-0.323077
-0.298893
-0.282096
-0.286413
-0.314222
-0.320394
-0.297651
-0.301803
-0.316789
-0.33285
-0.319512
-0.331353
-0.314452
-0.315657
-0.310285
-0.311534
-0.31241
-0.299367
-0.321002
-0.331353
-0.325171
-0.323949
-0.33
-0.32239
-0.290075
-0.281156
-0.286852
-0.317627
-0.316763
-0.336422
-0.337094
-0.306816
-0.300749
-0.324574
-0.335491
-0.353576
-0.319117
-0.313169
-0.299196
-0.323018
-0.323567
-0.308266
-0.326427
-0.323171
-0.345749
-0.323999
-0.341005
-0.311272
-0.300409
-0.321196
-0.335182
-0.338699
-0.308346
-0.334308
-0.317131
-0.326371
-0.314285
-0.330843
-0.315311
-0.315872
-0.308749
-0.332718
-0.340261
-0.339151
-0.327401
-0.327287
-0.339504
-0.340311
-0.331755
-0.332469
-0.344857
-0.343911
-0.342617
-0.33909
-0.338765
-0.327302
-0.32886
-0.317055
-0.322956
-0.323142
-0.329742
-0.336328
-0.324324
-0.317758
-0.324589
-0.325594
-0.33397
-0.337577
-0.346422
-0.333134
-0.329222
-0.343221
-0.336816
-0.336905
-0.35136
-0.35658
-0.353138
-0.345056
-0.341838
-0.335717
-0.356943
-0.368611
-0.362796
-0.356546
-0.359206
-0.338265
-0.331482
-0.329407
-0.328632
-0.322875
-0.3315
-0.341402
-0.326715
-0.321286
-0.322403
-0.337505
-0.333837
-0.330731
-0.345336
-0.347544
-0.343648
-0.337041
-0.34609
-0.343854
-0.349544
-0.355097
-0.358694
-0.36559
-0.342888
-0.343965
-0.348669
-0.361697
-0.370475
-0.370475
-0.367475
-0.36462
-0.362753
-0.356792
-0.341094
-0.323061
-0.337734
-0.350617
-0.356479
-0.358603
-0.339177
-0.335809
-0.374809
-0.379737
-0.344957
-0.346514
-0.34721
-0.340107
-0.355443
-0.361561
-0.369285
-0.360638
-0.368586
-0.365027
-0.356543
-0.348057
-0.364863
-0.366791
-0.373416
-0.381693
-0.378647
-0.36372
-0.34873
-0.365059
-0.355192
-0.359969
-0.37226
-0.37226
-0.374831
-0.364746
-0.348591
-0.366448
-0.366448
-0.367782
-0.354047
-0.356842
-0.342842
-0.314808
-0.289566
-0.293937
-0.335534
-0.356807
-0.357878
-0.358714
-0.380628
-0.388701
-0.366104
-0.363473
-0.377213
-0.382674
-0.386855
-0.384608
-0.377754
-0.377959
-0.381215
-0.383458
-0.374081
-0.385664
-0.376782
-0.390745
-0.381682
-0.369385
-0.381034
-0.39793
-0.385559
-0.373638
-0.361916
-0.357668
-0.368602
-0.362416
-0.360198
-0.366267
-0.378132
-0.379184
-0.367343
-0.366182
-0.37844
-0.375654
-0.376315
-0.381299
-0.38359
-0.369097
-0.387963
-0.405796
-0.394943
-0.370638
-0.382382
-0.371196
-0.389308
-0.39615
-0.395431
-0.373439
-0.379825
-0.377209
-0.38373
-0.389374
-0.39453
-0.387576
-0.380429
-0.384451
-0.369877
-0.373172
-0.377312
-0.366252
-0.385002
-0.39346
-0.387306
-0.386624
-0.377243
-0.38086
-0.389212
-0.378227
-0.381106
-0.38036
-0.387005
-0.385551
-0.387422
-0.390274
-0.390995
-0.39346
-0.390077
-0.387674
-0.4076
-0.393749
-0.395408
-0.392387
-0.401957
-0.406442
-0.408784
-0.407904
-0.408019
-0.389198
-0.376232
-0.379747
-0.385764
-0.394279
-0.399186
-0.401906
-0.390477
-0.392245
-0.38645
-0.38645
-0.39905
-0.385776
-0.392464
-0.392464
-0.392562
-0.380784
-0.394611
-0.381526
-0.384123
-0.398522
-0.389791
-0.391584
-0.396762
-0.390804
-0.394009
-0.409412
-0.414642
-0.399383
-0.403096
-0.385487
-0.408576
-0.396977
-0.387214
-0.385307
-0.412187
-0.419323
-0.411607
-0.402881
-0.40376
-0.4177
-0.406246
-0.404312
-0.408229
-0.40081
-0.391617
-0.365708
-0.322768
-0.339986
-0.372774
-0.391602
-0.38256
-0.397994
-0.397281
-0.416495
-0.414602
-0.381222
-0.402705
-0.42412
-0.430173
-0.41638
-0.413646
-0.419809
-0.428338
-0.421571
-0.412233
-0.401193
-0.416328
-0.41157
-0.41566
-0.420851
-0.415799
-0.411585
-0.408019
-0.41768
-0.403181
-0.398899
-0.4071
-0.397407
-0.389943
-0.395981
-0.405229
-0.392363
-0.39346
-0.400708
-0.405686
-0.407291
-0.407501
-0.414873
-0.408146
-0.405905
-0.401215
-0.412902
-0.419832
-0.422657
-0.418248
-0.427754
-0.418141
-0.413899
-0.411394
-0.397895
-0.410145
-0.421657
-0.418386
-0.408282
-0.413126
-0.432487
-0.434483
-0.457925
-0.423027
-0.383829
-0.349849
-0.375996
-0.404726
-0.396644
-0.388051
-0.398853
-0.417595
-0.400496
-0.401301
-0.417541
-0.45222
-0.437552
-0.417788
-0.422792
-0.443961
-0.44338
-0.412918
-0.427064
-0.443472
-0.445954
-0.43177
-0.437645
-0.436266
-0.40819
-0.398602
-0.414607
-0.424928
-0.437668
-0.43683
-0.414918
-0.423679
-0.423679
-0.445212
-0.44461
-0.4302
-0.41692
-0.426866
-0.424361
-0.424361
-0.411058
-0.418685
-0.41441
-0.427946
-0.442678
-0.435926
-0.426163
-0.430264
-0.428477
-0.419655
-0.407575
-0.405798
-0.419282
-0.439104
-0.448465
-0.434677
-0.437972
-0.436285
-0.426088
-0.431102
-0.442915
-0.440686
-0.432492
-0.430263
-0.424723
-0.421108
-0.421872
-0.420984
-0.429887
-0.423455
-0.414755
-0.429612
-0.443936
-0.458272
-0.436161
-0.429195
-0.415116
-0.430962
-0.432813
-0.415364
-0.407562
-0.417384
-0.433708
-0.430514
-0.415774
-0.414977
-0.433837
-0.432933
-0.433675
-0.435322
-0.460981
-0.438555
-0.444795
-0.459575
-0.449146
-0.421826
-0.422988
-0.452038
-0.454401
-0.439619
-0.436948
-0.448074
-0.44619
-0.432574
-0.4231
-0.445995
-0.447018
-0.433213
-0.442941
-0.444972
-0.435573
-0.430278
-0.442083
-0.443205
-0.438005
-0.428767
-0.422963
-0.419873
-0.44951
-0.442559
-0.436357
-0.446956
-0.474359
-0.470169
-0.454116
-0.454116
-0.442334
-0.456193
-0.442028
-0.437371
-0.428637
-0.441429
-0.440141
-0.457758
-0.461442
-0.450654
-0.433837
-0.450576
-0.459348
-0.440222
-0.439282
-0.438547
-0.443309
-0.437371
-0.440146
-0.448121
-0.441833
-0.42464
-0.413176
-0.43556
-0.443776
-0.429596
-0.450718
-0.463135
-0.459807
-0.458546
-0.474408
-0.45787
-0.453914
-0.449005
-0.44551
-0.439258
-0.437184
-0.448907
-0.447683
-0.452264
-0.455407
-0.45156
-0.450316
-0.45297
-0.452398
-0.43472
-0.441149
-0.436584
-0.462851
-0.446515
-0.455404
-0.454024
-0.454532
-0.447882
-0.438014
-0.439282
-0.43838
-0.460596
-0.470947
-0.47177
-0.460756
-0.449191
-0.463189
-0.46152
-0.457752
-0.44919
-0.447561
-0.455024
-0.478021
-0.452751
-0.437949
-0.443881
-0.45657
-0.459691
-0.445707
-0.441752
-0.433794
-0.464521
-0.45914
-0.459106
-0.456692
-0.464093
-0.46265
-0.44798
-0.458541
-0.463563
-0.459883
-0.457371
-0.45505
-0.465956
-0.458114
-0.452226
-0.453308
-0.444765
-0.452869
-0.432869
-0.441833
-0.448192
-0.469909
-0.455721
-0.461864
-0.46878
-0.478409
-0.461363
-0.466215
-0.455786
-0.460615
-0.449889
-0.468544
-0.461175
-0.475817
-0.475817
-0.440539
-0.434966
-0.464642
-0.471653
-0.449998
-0.449998
-0.447941
-0.467153
-0.501941
-0.506488
-0.483744
-0.431167
-0.455753
-0.467723
-0.438507
-0.44619
-0.460118
-0.459669
-0.441608
-0.457932
-0.473306
-0.490731
-0.497247
-0.45627
-0.451897
-0.447783
-0.462812
-0.43843
-0.448094
-0.468777
-0.482239
-0.48411
-0.480584
-0.494705
-0.49183
-0.477159
-0.473163
-0.483822
-0.477223
-0.471644
-0.475771
-0.462966
-0.442032
-0.451535
-0.461601
-0.458661
-0.448589
-0.429261
-0.462085
-0.489192
-0.469211
-0.4647
-0.462508
-0.477354
-0.470504
-0.464978
-0.462294
-0.460791
-0.489791
-0.474462
-0.477797
-0.494612
-0.526345
-0.492162
-0.465429
-0.480275
-0.483587
-0.475196
-0.458573
-0.472132
-0.47958
-0.470863
-0.463036
-0.464236
-0.477423
-0.465887
-0.459659
-0.442817
-0.473214
-0.47689
-0.458159
-0.478668
-0.490212
-0.494301
-0.480659
-0.468685
-0.474437
-0.485289
-0.475943
-0.475437
-0.47824
-0.485014
-0.467481
-0.451582
-0.45309
-0.497483
-0.495324
-0.481882
-0.470445
-0.49087
-0.501189
-0.491804
-0.481046
-0.514639
-0.510503
-0.479609
-0.459799
-0.455825
-0.460093
-0.489766
-0.496307
-0.472943
-0.458879
-0.466816
-0.494364
-0.524521
-0.480344
-0.456336
-0.464392
-0.46599
-0.462323
-0.47177
-0.468087
-0.466172
-0.468509
-0.48336
-0.516616
-0.507206
-0.507989
-0.494047
-0.493603
-0.491856
-0.48208
-0.472383
-0.476686
-0.489507
-0.479342
-0.477999
-0.487408
-0.486402
-0.481908
-0.466771
-0.470885
-0.489655
-0.482288
-0.477595
-0.472759
-0.494811
-0.501682
-0.484128
-0.462727
-0.460575
-0.481353
-0.493226
-0.477042
-0.472835
-0.491572
-0.494021
-0.473623
-0.471317
-0.471317
-0.491185
-0.491185
-0.483238
-0.483238
-0.488235
-0.471159
-0.464565
-0.476612
-0.497483
-0.500794
-0.487051
-0.49003
-0.48467
-0.46998
-0.473999
-0.486961
-0.497722
-0.484927
-0.495591
-0.497452
-0.498014
-0.48903
-0.48691
-0.479562
-0.478071
-0.486127
-0.475917
-0.487728
-0.487684
-0.482211
-0.482356
-0.496001
-0.485994
-0.479662
-0.479959
-0.483612
-0.490469
-0.496468
-0.501381
-0.51299
-0.497601
-0.479907
-0.48583
-0.497047
-0.51757
-0.481409
-0.468255
-0.486177
-0.501198
-0.510788
-0.476304
-0.469655
-0.503076
-0.52007
-0.488264
-0.461612
-0.462087
-0.488841
-0.493845
-0.491867
-0.476879
-0.477766
-0.491183
-0.509398
-0.527185
-0.510938
-0.490564
-0.488828
-0.495863
-0.487953
-0.487902
-0.475521
-0.477463
-0.480702
-0.505937
-0.521052
-0.539347
-0.527987
-0.511636
-0.492962
-0.506002
-0.514013
-0.512101
-0.508078
-0.501982
-0.510847
-0.494172
-0.472444
-0.483433
-0.486177
-0.517894
-0.515558
-0.491513
-0.477159
-0.502444
-0.521892
-0.523267
-0.507869
-0.513338
-0.510024
-0.510173
-0.511496
-0.507656
-0.507656
-0.495412
-0.496984
-0.486619
-0.485508
-0.507434
-0.505817
-0.497077
-0.498516
-0.501771
-0.50541
-0.508878
-0.49282
-0.503021
-0.508516
-0.502593
-0.488963
-0.493078
-0.520718
-0.516425
-0.503668
-0.507388
-0.518293
-0.511569
-0.501949
-0.502838
-0.510503
-0.486544
-0.481218
-0.491357
-0.509434
-0.499169
-0.503925
-0.515457
-0.488802
-0.491184
-0.510009
-0.511871
-0.513458
-0.509326
-0.515472
-0.520584
-0.533006
-0.510366
-0.509151
-0.519203
-0.519203
-0.533464
-0.517043
-0.499547
-0.508774
-0.503234
-0.507735
-0.500471
-0.485751
-0.503427
-0.523583
-0.514255
-0.491351
-0.464358
-0.491161
-0.536036
-0.537997
-0.514209
-0.492351
-0.510686
-0.547879
-0.534283
-0.509903
-0.49792
-0.510479
-0.52901
-0.521272
-0.507449
-0.492459
-0.49894
-0.531306
-0.55914
-0.558797
-0.541853
-0.514304
-0.510318
-0.498303
-0.491505
-0.493223
-0.511358
-0.487618
-0.49183
-0.494227
-0.535104
-0.555508
-0.539464
-0.517217
-0.511817
-0.512025
-0.498208
-0.509857
-0.505125
-0.516698
-0.531204
-0.521154
-0.507534
-0.514882
-0.528702
-0.530776
-0.524247
-0.515832
-0.507805
-0.507367
-0.515464
-0.510655
-0.520992
-0.511048
-0.529931
-0.536765
-0.514611
-0.48788
-0.501549
-0.529592
-0.531867
-0.515097
-0.501701
-0.505318
-0.505619
-0.502901
-0.496249
-0.513015
-0.516515
-0.534625
-0.527965
-0.507373
-0.496956
-0.512495
-0.50688
-0.51286
-0.508576
-0.517728
-0.54159
-0.541118
-0.51513
-0.524616
-0.536922
-0.536922
-0.534723
-0.517894
-0.495574
-0.50427
-0.507643
-0.509431
-0.517231
-0.530571
-0.523201
-0.517831
-0.518753
-0.516449
-0.518907
-0.51783
-0.51028
-0.541853
-0.5291
-0.504
-0.504394
-0.528153
-0.531628
-0.51814
-0.509425
-0.523746
-0.530056
-0.509949
-0.501518
-0.520378
-0.516515
-0.519429
-0.523472
-0.534139
-0.541012
-0.529226
-0.514825
-0.52689
-0.538476
-0.51682
-0.5221
-0.52425
-0.50645
-0.504275
-0.53008
-0.544416
-0.546001
-0.517497
-0.497262
-0.506932
-0.530927
-0.552193
-0.541411
-0.518807
-0.540819
-0.560426
-0.524704
-0.501578
-0.525295
-0.570765
-0.568371
-0.532166
-0.498916
-0.506943
-0.520599
-0.519093
-0.507221
-0.515626
-0.525332
-0.531426
-0.550869
-0.547326
-0.553481
-0.55883
-0.551927
-0.551927
-0.539446
-0.533685
-0.525506
-0.525506
-0.525866
-0.502164
-0.523626
-0.554506
-0.552074
-0.535719
-0.553654
-0.554286
-0.536347
-0.527258
-0.522836
-0.543168
-0.522051
-0.503109
-0.516237
-0.544182
-0.56607
-0.530932
-0.51636
-0.522564
-0.554844
-0.554322
-0.535299
-0.520232
-0.520232
-0.51458
-0.535124
-0.549596
-0.540205
-0.525332
-0.523357
-0.543092
-0.544648
-0.535021
-0.524177
-0.530493
-0.53716
-0.53401
-0.54367
-0.542183
-0.534095
-0.538128
-0.561277
-0.555955
-0.538702
-0.527772
-0.535369
-0.530056
-0.527933
-0.519552
-0.523901
-0.539195
-0.545345
-0.553235
-0.543109
-0.531417
-0.519367
-0.520782
-0.521797
-0.537029
-0.539861
-0.538387
-0.541169
-0.544457
-0.550641
-0.554211
-0.544675
-0.552829
-0.583749
-0.573436
-0.539056
-0.515748
-0.518983
-0.509638
-0.524673
-0.538885
-0.539158
-0.525404
-0.521665
-0.551378
-0.564149
-0.547973
-0.539178
-0.530722
-0.540838
-0.544142
-0.521642
-0.535755
-0.554093
-0.561385
-0.542951
-0.525956
-0.539356
-0.568391
-0.569892
-0.548536
-0.538287
-0.533902
-0.510873
-0.509577
-0.517546
-0.542342
-0.530321
-0.526518
-0.543547
-0.543721
-0.559258
-0.567149
-0.568793
-0.559281
-0.544842
-0.544909
-0.522439
-0.525919
-0.555465
-0.547973
-0.540819
-0.535344
-0.551415
-0.578263
-0.568469
-0.547088
-0.537063
-0.561218
-0.560496
-0.529963
-0.529767
-0.560968
-0.573964
-0.528877
-0.505992
-0.538043
-0.592982
-0.588226
-0.570947
-0.542247
-0.556623
-0.558952
-0.560571
-0.554765
-0.53493
-0.543924
-0.535911
-0.519455
-0.522243
-0.540167
-0.563591
-0.574381
-0.579972
-0.536347
-0.539291
-0.552099
-0.568644
-0.560898
-0.534001
-0.523794
-0.539514
-0.554983
-0.555059
-0.559158
-0.55299
-0.546354
-0.549584
-0.554568
-0.559682
-0.559673
-0.563697
-0.564224
-0.532662
-0.543426
-0.550072
-0.546346
-0.536801
-0.535499
-0.575953
-0.554685
-0.540882
-0.538331
-0.558952
-0.560654
-0.548015
-0.552829
-0.562553
-0.555382
-0.540436
-0.529237
-0.548416
-0.554522
-0.56678
-0.556806
-0.563249
-0.562033
-0.558428
-0.541532
-0.543994
-0.562724
-0.573225
-0.563564
-0.548578
-0.549423
-0.544893
-0.56031
-0.575748
-0.562561
-0.548453
-0.559884
-0.551089
-0.546711
-0.541404
-0.564707
-0.566088
-0.551047
-0.552221
-0.556518
-0.567101
-0.559073
-0.540106
-0.529953
-0.55286
-0.562597
-0.5372
-0.534334
-0.548697
-0.562597
-0.560206
-0.560771
-0.571349
-0.583528
-0.574631
-0.568113
-0.567295
-0.565562
-0.532875
-0.518607
-0.557697
-0.584672
-0.559791
-0.534888
-0.553113
-0.575987
-0.578674
-0.547806
-0.554453
-0.573667
-0.573691
-0.559315
-0.554848
-0.554328
-0.540434
-0.526393
-0.542542
-0.574451
-0.573574
-0.551731
-0.554892
-0.551939
-0.553398
-0.557489
-0.562271
-0.568139
-0.584791
-0.560715
-0.54054
-0.536922
-0.54691
-0.557938
-0.567915
-0.562766
-0.587537
-0.579246
-0.554245
-0.552383
-0.576224
-0.589909
-0.57489
-0.567477
-0.575616
-0.567992
-0.555465
-0.555992
-0.568154
-0.576224
-0.557119
-0.557774
-0.565032
-0.572448
-0.561315
-0.544923
-0.559521
-0.557859
-0.56588
-0.55513
-0.554207
-0.551939
-0.548452
-0.567901
-0.568863
-0.574172
-0.562363
-0.576531
-0.589341
-0.58942
-0.551736
-0.55056
-0.57294
-0.584516
-0.5697
-0.547319
-0.56619
-0.58942
-0.5697
-0.544847
-0.543187
-0.570055
-0.56532
-0.560206
-0.554412
-0.566088
-0.585003
-0.56462
-0.556924
-0.544847
-0.566816
-0.587704
-0.582371
-0.575201
-0.574572
-0.562227
-0.563773
-0.58242
-0.584956
-0.570063
-0.572121
-0.58205
-0.558829
-0.560249
-0.568444
-0.561294
-0.578046
-0.58816
-0.567875
-0.552382
-0.55129
-0.559227
-0.58592
-0.596394
-0.566569
-0.568245
-0.564869
-0.606978
-0.561704
-0.567263
-0.572261
-0.579256
-0.562831
-0.545984
-0.547806
-0.558255
-0.586273
-0.564786
-0.562861
-0.559802
-0.580702
-0.601252
-0.585937
-0.575286
-0.570197
-0.585745
-0.577892
-0.593512
-0.609186
-0.574956
-0.554167
-0.560821
-0.599361
-0.60006
-0.569171
-0.549097
-0.558747
-0.589283
-0.598413
-0.598413
-0.567758
-0.545042
-0.556536
-0.572544
-0.567317
-0.570173
-0.569451
-0.559072
-0.562231
-0.587774
-0.585635
-0.563444
-0.579185
-0.579903
-0.571904
-0.553275
-0.563259
-0.57523
-0.584725
-0.560277
-0.574489
-0.586181
-0.610624
-0.593822
-0.57135
-0.575771
-0.585191
-0.611989
-0.59629
-0.569057
-0.531599
-0.547809
-0.5519
-0.554685
-0.562109
-0.566675
-0.58948
-0.586612
-0.560327
-0.566816
-0.589588
-0.607993
-0.590699
-0.581602
-0.582049
-0.590572
-0.575369
-0.553028
-0.562639
-0.57527
-0.576599
-0.562209
-0.551799
-0.573246
-0.572379
-0.57856
-0.597287
-0.592196
-0.573487
-0.576914
-0.593767
-0.587141
-0.579037
-0.554931
-0.54896
-0.575114
-0.58594
-0.575756
-0.57742
-0.588883
-0.609087
-0.597639
-0.592069
-0.576279
-0.569918
-0.560298
-0.580919
-0.585117
-0.564325
-0.557803
-0.548697
-0.581725
-0.581137
-0.581137
-0.598734
-0.585889
-0.566516
-0.566516
-0.578498
-0.581445
-0.573766
-0.609818
-0.593796
-0.592753
-0.574604
-0.592941
-0.576096
-0.555953
-0.573035
-0.613791
-0.601063
-0.574238
-0.553887
-0.564422
-0.563579
-0.577981
-0.598231
-0.577149
-0.563013
-0.57567
-0.601124
-0.620194
-0.635009
-0.627241
-0.588569
-0.59666
-0.586038
-0.573132
-0.568997
-0.572514
-0.585574
-0.592698
-0.584888
-0.580944
-0.578677
-0.585381
-0.571412
-0.57278
-0.581496
-0.579189
-0.58558
-0.58209
-0.604519
-0.598537
-0.594613
-0.581018
-0.566206
-0.577392
-0.583706
-0.591915
-0.584702
-0.573475
-0.591045
-0.60261
-0.589247
-0.596129
-0.593834
-0.597035
-0.587022
-0.587261
-0.585681
-0.586141
-0.59298
-0.582809
-0.595887
-0.578215
-0.588272
-0.601386
-0.588935
-0.57892
-0.589805
-0.581089
-0.581089
-0.601318
-0.579242
-0.582745
-0.589765
-0.604178
-0.599341
-0.58448
-0.584648
-0.586086
-0.582917
-0.58252
-0.584906
-0.559678
-0.551023
-0.566057
-0.612271
-0.643432
-0.603021
-0.586787
-0.588761
-0.605151
-0.581511
-0.551087
-0.553241
-0.570185
-0.578627
-0.577406
-0.590603
-0.604941
-0.617093
-0.614417
-0.6081
-0.603865
-0.582908
-0.572998
-0.585475
-0.577975
-0.573554
-0.581853
-0.598821
-0.606314
-0.60649
-0.605302
-0.612157
-0.601851
-0.590894
-0.575741
-0.571296
-0.567077
-0.572124
-0.567131
-0.587743
-0.604946
-0.606682
-0.612157
-0.610664
-0.599756
-0.59417
-0.598155
-0.588416
-0.574913
-0.573529
-0.587088
-0.588447
-0.593996
-0.605773
-0.613519
-0.614838
-0.607561
-0.606374
-0.59958
-0.588797
-0.585367
-0.576984
-0.57199
-0.582209
-0.593566
-0.594403
-0.603989
-0.614118
-0.600298
-0.617689
-0.596613
-0.595658
-0.591367
-0.582809
-0.589647
-0.585422
-0.59471
-0.590062
-0.590003
-0.605716
-0.602676
-0.604463
-0.608159
-0.602685
-0.595232
-0.589403
-0.587095
-0.596551
-0.605239
-0.601191
-0.60083
-0.60649
-0.601008
-0.603808
-0.61084
-0.596603
-0.586013
-0.585833
-0.587269
-0.581265
-0.595352
-0.596844
-0.598511
-0.609709
-0.598867
-0.59827
-0.600358
-0.593804
-0.580899
-0.588821
-0.580314
-0.584581
-0.586551
-0.594112
-0.604529
-0.592257
-0.599282
-0.604282
-0.604282
-0.604879
-0.594102
-0.612327
-0.598329
-0.594874
-0.596189
-0.596603
-0.593747
-0.594577
-0.605776
-0.597198
-0.596539
-0.598329
-0.593686
-0.587733
-0.590651
-0.584465
-0.59315
-0.582085
-0.583632
-0.596307
-0.588866
-0.593205
-0.592313
-0.593091
-0.595469
-0.598749
-0.584346
-0.596072
-0.590473
-0.593747
-0.585593
-0.596662
-0.602736
-0.59504
-0.601955
-0.605238
-0.603272
-0.600293
-0.611675
-0.608694
-0.603389
-0.593384
-0.597319
-0.587673
-0.59826
-0.601062
-0.608333
-0.598806
-0.591661
-0.591957
-0.598033
-0.59684
-0.589758
-0.594758
-0.591538
-0.600949
-0.594994
-0.589461
-0.604047
-0.592553
-0.591661
-0.602796
-0.596186
-0.59291
-0.602617
-0.592972
-0.604882
-0.606726
-0.604282
-0.603921
-0.608157
-0.599151
-0.611614
-0.608459
-0.593501
-0.603689
-0.599043
-0.599215
-0.61036
-0.611911
-0.605771
-0.609521
-0.614714
-0.614772
-0.606905
-0.606011
-0.608869
-0.607267
-0.615672
-0.609708
-0.613457
-0.604103
-0.602675
-0.600704
-0.607619
-0.609588
-0.603927
-0.607324
-0.608038
-0.6019
-0.603799
-0.609528
-0.611076
-0.607977
-0.602603
-0.607853
-0.612977
-0.59981
-0.605589
-0.600223
-0.61227
-0.609764
-0.604578
-0.604271
-0.608456
-0.613283
-0.611675
-0.613636
-0.612389
-0.612923
-0.596303
-0.603443
-0.598196
-0.600766
-0.607673
-0.60637
-0.60637
-0.601659
-0.601115
-0.611433
-0.603495
-0.604759
-0.603506
-0.604696
-0.60612
-0.603973
-0.594445
-0.602552
-0.609945
