-0.0244247
-0.0318803
-0.0262387
-0.0223201
-0.025428
-0.0302592
-0.0269219
-0.0277431
-0.0270795
-0.027254
-0.0271132
-0.0274445
-0.0300092
-0.0254105
-0.0277862
-0.0264142
-0.0220082
-0.0298191
-0.0311889
-0.0243076
-0.0315198
-0.0232867
-0.0295523
-0.02771
-0.0247979
-0.0191608
-0.0282246
-0.0245864
-0.0204765
-0.0293457
-0.0227392
-0.0250595
-0.0271853
-0.0288893
-0.0288725
-0.0214602
-0.0227958
-0.0229533
-0.0173136
-0.0234261
-0.0197276
-0.0216363
-0.0232126
-0.0257603
-0.0316928
-0.0297412
-0.0228142
-0.0331729
-0.0244419
-0.0244419
-0.0279006
-0.0279006
-0.0267643
-0.0267643
-0.0252352
-0.0227771
-0.0227583
-0.0227583
-0.0273947
-0.025794
-0.0259233
-0.0288893
-0.0259178
-0.0254624
-0.0290634
-0.0178065
-0.0269219
-0.0188458
-0.025305
-0.025428
-0.025428
-0.0247622
-0.0204591
-0.0250595
-0.0174712
-0.0295199
-0.0214414
-0.0246046
-0.0191214
-0.0247441
-0.0278842
-0.0278842
-0.0277594
-0.0272371
-0.0272371
-0.0252529
-0.0231109
-0.0249902
-0.0293786
-0.0287808
-0.0275523
-0.0231473
-0.0229717
-0.0230548
-0.0230548
-0.0308587
-0.0275354
-0.0251783
-0.0298987
-0.0298987
-0.0218302
-0.0196335
-0.0252529
-0.0317079
-0.0262496
-0.0293457
-0.0260411
-0.0260411
-0.0300092
-0.025428
-0.0259007
-0.0252352
-0.0257258
-0.0333455
-0.0244074
-0.0248453
-0.0235654
-0.0234078
-0.0280582
-0.0232315
-0.0262662
-0.0308735
-0.0261988
-0.0296777
-0.021599
-0.0265313
-0.0265313
-0.0304823
-0.0199677
-0.0252705
-0.0230548
-0.0230548
-0.0240746
-0.0298674
-0.0298674
-0.0214602
-0.031047
-0.0259007
-0.0260583
-0.029329
-0.0219329
-0.0272371
-0.0221089
-0.0236018
-0.0293786
-0.0252125
-0.0243898
-0.0275354
-0.0183183
-0.0237414
-0.0236018
-0.0194367
-0.0216178
-0.0212838
-0.0212838
-0.0206146
-0.0280743
-0.0219143
-0.022424
-0.022424
-0.0212454
-0.0251304
-0.0251304
-0.0282318
-0.0294106
-0.0254453
-0.0290469
-0.0290469
-0.0272371
-0.0303711
-0.0303711
-0.0319928
-0.0240923
-0.0254453
-0.0320667
-0.0320667
-0.0177864
-0.0216178
-0.028466
-0.0303403
-0.0303403
-0.0275523
-0.032008
-0.0232126
-0.0229533
-0.0231652
-0.0229717
-0.0240567
-0.025428
-0.0251476
-0.0209876
-0.0247257
-0.0282157
-0.0276019
-0.0276019
-0.0239347
-0.0220905
-0.0236374
-0.0269888
-0.0232867
-0.0231292
-0.0198292
-0.0269557
-0.0277594
-0.029188
-0.0308575
-0.0146764
-0.0272371
-0.0186884
-0.0227393
-0.0252705
-0.0262024
-0.02872
-0.0227583
-0.0238809
-0.0238809
-0.0242144
-0.0340049
-0.0247441
-0.0288893
-0.0212647
-0.0149181
-0.0149181
-0.0193184
-0.0292532
-0.0305583
-0.0247979
-0.0247979
-0.016505
-0.0229533
-0.0207918
-0.029188
-0.0278842
-0.0277266
-0.0227583
-0.0227583
-0.0317376
-0.0210681
-0.0227583
-0.0252172
-0.0252172
-0.0214414
-0.0214414
-0.0229348
-0.0209876
-0.0247622
-0.0231109
-0.0231109
-0.0173338
-0.0239347
-0.0287148
-0.0243898
-0.0239523
-0.0253929
-0.022443
-0.022443
-0.0260583
-0.0260583
-0.0298515
-0.019279
-0.0171147
-0.0243256
-0.02771
-0.0209876
-0.0306998
-0.0236549
-0.0261252
-0.0266239
-0.0266239
-0.0233226
-0.0213582
-0.0229348
-0.024568
-0.0249554
-0.0195143
-0.0195143
-0.0187859
-0.0261167
-0.0287646
-0.0206916
-0.0227583
-0.0234078
-0.0234078
-0.0216729
-0.0275856
-0.0272871
-0.0290634
-0.020496
-0.020496
-0.0267643
-0.027045
-0.027045
-0.0270964
-0.0270964
-0.0290796
-0.020181
-0.0241319
-0.0288893
-0.0279168
-0.0189637
-0.0209876
-0.0142466
-0.0142466
-0.0234622
-0.0231473
-0.0231473
-0.0270623
-0.0277754
-0.0216178
-0.0212647
-0.0224807
-0.020319
-0.0194952
-0.0241319
-0.0241319
-0.0252529
-0.0198264
-0.0152448
-0.0247052
-0.0247052
-0.022675
-0.0206727
-0.0206727
-0.0221468
-0.0232685
-0.0183535
-0.0183535
-0.022443
-0.0287482
-0.0287482
-0.0286072
-0.0207104
-0.0223232
-0.0189637
-0.0189637
-0.0250775
-0.024127
-0.0225815
-0.0198264
-0.0224619
-0.0214602
-0.0238168
-0.0238168
-0.0242711
-0.0272027
-0.027254
-0.0289383
-0.0277431
-0.0211639
-0.0153591
-0.0295362
-0.0196335
-0.0236406
-0.0213201
-0.0228324
-0.0267643
-0.0200038
-0.0239743
-0.0294106
-0.0288556
-0.0250953
-0.0269723
-0.0295362
-0.0310626
-0.0290469
-0.0218302
-0.0269557
-0.0269557
-0.0322579
-0.0305583
-0.0279168
-0.0276181
-0.0252529
-0.0252529
-0.0242894
-0.0252529
-0.0250595
-0.0150339
-0.0150339
-0.0212008
-0.0212008
-0.0224238
-0.0233047
-0.0208301
-0.0233892
-0.0267814
-0.0243076
-0.0349843
-0.0222853
-0.0230548
-0.0175113
-0.0227771
-0.0227771
-0.0284164
-0.0247979
-0.0235654
-0.0292532
-0.0227771
-0.0253929
-0.0270623
-0.0270623
-0.0254453
-0.0247441
-0.0265894
-0.0290796
-0.0312655
-0.0247979
-0.0247979
-0.0227958
-0.0249199
-0.0247802
-0.0312659
-0.0201614
-0.018216
-0.018216
-0.0208863
-0.0233226
-0.0229348
-0.0307159
-0.0288893
-0.0282476
-0.0222467
-0.0289058
-0.0275856
-0.0216729
-0.0252878
-0.0257772
-0.0257772
-0.0233047
-0.0229898
-0.029221
-0.0253929
-0.0289058
-0.0161687
-0.0161687
-0.0313929
-0.0267643
-0.0249554
-0.0249554
-0.0244287
-0.0257603
-0.0257603
-0.0295199
-0.0292372
-0.0275009
-0.0252172
-0.0269389
-0.0269389
-0.0262743
-0.0216363
-0.0241097
-0.0242498
-0.0253929
-0.0272871
-0.0272871
-0.0227958
-0.0256198
-0.0260753
-0.0250775
-0.0289058
-0.0202195
-0.0202195
-0.0249199
-0.0205152
-0.0189836
-0.0214602
-0.0246226
-0.0246226
-0.0210877
-0.0176406
-0.020496
-0.0184909
-0.0266239
-0.0216363
-0.0216363
-0.0191803
-0.0256198
-0.0290796
-0.0290796
-0.0275523
-0.0295681
-0.0295681
-0.0250775
-0.0284164
-0.0249377
-0.0150129
-0.0246405
-0.0237772
-0.0237795
-0.0163263
-0.0229533
-0.0241319
-0.0269723
-0.0212008
-0.0239347
-0.0262329
-0.0262329
-0.0226195
-0.025794
-0.0161898
-0.0287316
-0.0287316
-0.0228504
-0.0285907
-0.0224992
-0.0290796
-0.0290796
-0.0284497
-0.02348
-0.0274115
-0.0205152
-0.0223232
-0.0223232
-0.0318197
-0.0210251
-0.0234261
-0.0234261
-0.0247257
-0.0179641
-0.0265719
-0.0249377
-0.0251129
-0.0251129
-0.0287316
-0.027254
-0.0237982
-0.0233226
-0.0214973
-0.0246405
-0.0231473
-0.0283823
-0.0255856
-0.0255856
-0.0273947
-0.0231109
-0.0204591
-0.0310152
-0.0250775
-0.0250775
-0.0249199
-0.0237048
-0.0217567
-0.0290957
-0.0288619
-0.0288619
-0.031078
-0.0272371
-0.0278842
-0.015328
-0.0236018
-0.0280743
-0.0315352
-0.0226173
-0.0269219
-0.0269219
-0.0173136
-0.0228324
-0.0228324
-0.0264319
-0.0232867
-0.025428
-0.0152122
-0.0251304
-0.0226382
-0.0226382
-0.0231829
-0.0231829
-0.0209494
-0.0279328
-0.0281994
-0.0218121
-0.0218121
-0.0239347
-0.0163051
-0.0242844
-0.0246226
-0.0294106
-0.026216
-0.0281994
-0.0300562
-0.0300562
-0.0309051
-0.0309051
-0.0240746
-0.0240746
-0.0260921
-0.0211825
-0.0277431
-0.0220905
-0.0280582
-0.024568
-0.0261988
-0.0261988
-0.0316303
-0.027634
-0.027634
-0.0214224
-0.0241097
-0.0271132
-0.031047
-0.0289383
-0.0242672
-0.0237772
-0.0276181
-0.0276181
-0.0251304
-0.0266068
-0.0260411
-0.0267643
-0.0249554
-0.0239926
-0.0213214
-0.0276019
-0.0208301
-0.0289058
-0.0309205
-0.0309205
-0.0231473
-0.0202993
-0.0146977
-0.0230256
-0.0237772
-0.0280582
-0.0280582
-0.0270795
-0.0254105
-0.0232685
-0.0190033
-0.0313929
-0.0210065
-0.0210065
-0.0205717
-0.0292532
-0.0292532
-0.0272871
-0.0290302
-0.0236018
-0.0211825
-0.0267814
-0.020496
-0.0211639
-0.0226567
-0.0334175
-0.0235837
-0.0235837
-0.0249729
-0.0202993
-0.0271132
-0.021599
-0.0273034
-0.0231652
-0.0221844
-0.027634
-0.0231473
-0.0236018
-0.0246405
-0.0246405
-0.0239868
-0.0233226
-0.0233226
-0.0258835
-0.0292372
-0.0194952
-0.0243076
-0.0241097
-0.0241097
-0.0259347
-0.0308735
-0.0217938
-0.0217938
-0.0228504
-0.0289058
-0.0289058
-0.0289058
-0.0189836
-0.0189836
-0.0215801
-0.0215801
-0.0231473
-0.0221468
-0.0268873
-0.0252529
-0.0216729
-0.0198463
-0.0227771
-0.0215514
-0.026815
-0.0292532
-0.026815
-0.0268478
-0.0217086
-0.0172163
-0.0180797
-0.0125667
-0.0195519
-0.0195519
-0.0217086
-0.0239868
-0.0202174
-0.0112133
-0.00303235
-0.00303235
-0.00782856
-0.00814286
-0.0148841
-0.0198849
-0.0211609
-0.0195143
-0.0165318
-0.0160199
-0.0142347
-0.00603354
-0.0065939
-0.0152532
-0.0144122
-0.0141178
-0.0164133
-0.0159025
-0.00765651
-0.0152532
-0.0142142
-0.0194316
-0.0165318
-0.0171806
-0.0244921
-0.0165513
-0.0139404
-0.0139404
-0.016885
-0.0126284
-0.0123142
-0.0200238
-0.0193947
-0.0118012
-0.0118012
-0.0211639
-0.0123883
-0.0140568
-0.0102906
-0.0167277
-0.0107837
-0.0107837
-0.0150807
-0.0129428
-0.0167277
-0.0144322
-0.0180034
-0.0150754
-0.0150754
-0.010562
-0.0115144
-0.0115144
-0.0155879
-0.0216908
-0.0104046
-0.0236549
-0.00894316
-0.0175328
-0.0191985
-0.0155476
-0.0102906
-0.0134274
-0.0107195
-0.0138994
-0.0161973
-0.0198849
-0.0171806
-0.0167086
-0.0150415
-0.0162171
-0.0125875
-0.0120946
-0.0135847
-0.0138786
-0.0142347
-0.0164133
-0.0107837
-0.0179037
-0.0148642
-0.0148642
-0.0158624
-0.0158624
-0.00716181
-0.0147268
-0.0149429
-0.016394
-0.00770141
-0.00770141
-0.00855557
-0.00467988
-0.00452266
-0.00913782
-0.000605741
-0.012157
-0.00650511
-0.00389392
-0.0126081
-0.00848729
-0.00463311
-0.011748
-0.0129225
-0.00695435
-0.0127856
-0.0128814
-0.0114867
-0.0120422
-0.0120422
-0.00947347
-0.00488296
-0.0109618
-0.0161973
-0.00846528
-0.0124508
-0.00387029
-0.0122729
-0.0048139
-0.00668475
-0.0100603
0.000619326
0.000619326
-0.0111397
-0.0118012
-0.00862257
-0.0146091
-0.0120829
-0.0135517
-0.0135517
-0.00960952
-0.0129827
-0.00866625
-0.00157219
-0.00157219
-0.00161446
0.0133682
0.0214878
0.00265791
0.0154709
0.00989414
0.00819734
0.00786026
0.0129239
0.0118655
0.00617675
0.0157833
0.00846243
0.00617675
0.00747715
0.009834
0.012071
0.0102066
0.00817334
0.0140185
0.0140185
0.0121211
0.00931621
0.00958158
0.00776682
0.00991795
0.0084387
0.000793816
0.00835392
0.00750027
0.00750027
0.0118899
0.00877525
0.00877525
0.0186708
0.0109295
0.00922027
0.0119646
0.00835392
0.0160172
0.00976161
0.00994195
0.0186433
0.00817334
0.00973779
0.0102547
0.0102547
0.0102547
0.00929574
-0.00699911
-0.0106475
-0.00882343
-0.0111602
-0.0111602
-0.00472586
-0.0149039
-0.0131
-0.0144322
-0.0137627
-0.00749264
-0.0154333
-0.0132572
-0.00585342
-0.0105946
-0.0112555
-0.00984046
-0.00835196
-0.0152951
-0.01178
-0.00995434
-0.019513
-0.00675135
-0.00551153
-0.00551153
-0.0102802
-0.0081284
-0.00927357
-0.0147268
-0.012724
-0.0152185
-0.0152185
-0.00488296
-0.00715631
-0.0113375
-0.0106264
-0.00519721
-0.0117886
-0.0126081
-0.0115701
-0.0143969
-0.014275
-0.00533175
-0.0127653
-0.00379822
-0.0134734
-0.0150612
-0.0128454
-0.0110771
-0.0128814
-0.0128814
-0.0151988
-0.0151988
-0.0107837
-0.0113173
-0.00925191
-0.0108047
-0.0108047
-0.0147268
-0.0155524
-0.0173569
-0.0093655
-0.0187269
-0.0187269
-0.00848729
-0.0112969
-0.010269
-0.0131963
-0.0157097
-0.0150415
-0.0150415
-0.00828573
-0.00976679
-0.0116857
-0.00963065
-0.00551153
-0.00551153
-0.00909455
-0.00945227
-0.0109618
-0.00860044
-0.017004
-0.017004
-0.0191804
-0.0130389
-0.0192341
-0.0192341
-0.013689
-0.0108985
-0.00715631
-0.00880175
-0.00731353
-0.00548898
-0.0124302
-0.0124508
-0.0124508
-0.00846528
-0.011748
-0.0145695
-0.0145695
-0.0130594
-0.0127448
-0.00522467
-0.01178
-0.0147467
-0.0100603
-0.0131
-0.0127448
-0.0128606
-0.012724
-0.0166892
-0.015159
-0.0107107
-0.00963065
-0.0157097
-0.0144322
-0.0071341
-0.0183374
-0.0105837
-0.0176146
-0.0157097
-0.0120422
-0.0101761
-0.0101761
-0.015671
-0.00663972
-0.00877988
-0.0125875
-0.0125875
-0.0153758
-0.00911628
-0.00900202
-0.0130798
-0.017004
-0.017004
-0.0153758
-0.0124508
-0.0105837
-0.0044993
-0.020514
-0.0149039
-0.0149039
-0.00663972
-0.00405108
-0.0159047
-0.0129021
-0.0129021
-0.00666233
-0.00465659
-0.0121364
-0.0142142
-0.00967232
-0.0114128
-0.0150612
-0.00880175
-0.00880175
-0.0216155
-0.0117067
-0.00848729
-0.00348351
-0.0114128
-0.0028305
-0.0153758
-0.014844
-0.0129225
-0.0179017
-0.0117684
-0.00776824
-0.0104479
-0.0150015
-0.012252
-0.00984985
-0.00984985
-0.0124302
-0.00560069
-0.0147467
-0.0188474
-0.0194585
-0.00893721
-0.00893721
-0.0165122
-0.0172183
-0.0132772
-0.0135717
-0.0110559
-0.0110559
-0.0148841
-0.0117274
-0.0130181
-0.00542016
-0.0146091
-0.0163946
-0.00860044
-0.0204959
-0.0119161
-0.014392
-0.014392
-0.00402752
-0.00402752
-0.00681957
-0.0149235
-0.0175142
-0.0172183
-0.0107625
-0.0107625
-0.0112345
-0.0109409
-0.0127448
-0.0161372
-0.014844
-0.00817289
-0.0146729
-0.0105837
-0.0107411
-0.00915915
-0.0174124
-0.008308
0.000873241
-0.0127448
-0.0118848
-0.0133944
-0.0133944
-0.0111397
-0.0161816
-0.0161816
-0.00954495
-0.0117067
-0.0133742
-0.00760601
-0.0112133
-0.0104692
-0.0131547
-0.0079207
-0.0239605
-0.0115493
-0.0132371
-0.0132371
-0.0120626
-0.0173569
-0.00747076
-0.018162
-0.0105402
-0.0130266
-0.0130266
-0.010396
-0.0181063
-0.0176715
-0.00440448
-0.0148109
-0.0168659
-0.0168659
-0.0140631
-0.00825718
-0.016394
-0.0156904
-0.0133742
-0.0133742
-0.0133944
-0.0160619
-0.0173189
-0.0133331
-0.0155136
-0.0155136
-0.00812146
-0.015867
-0.0118432
-0.0112555
-0.0138863
-0.0130389
-0.0107837
-0.0107837
-0.011119
-0.00222553
-0.00233433
-0.0100814
-0.0043389
-0.0043389
-0.0111602
-0.0105837
-0.0109198
-0.0121029
-0.0191804
-0.0145494
-0.013729
-0.013729
-0.00978785
-0.0113919
-0.0131
-0.0176901
-0.0176901
-0.00778528
-0.0213182
-0.0143969
-0.0155136
-0.00695435
-0.0145695
-0.016515
-0.00706629
-0.00194844
-0.0123364
-0.0132572
-0.00812146
-0.011748
-0.0151988
-0.0138261
-0.0112555
-0.0195307
-0.00557762
-0.010562
-0.0130594
-0.0123883
-0.0207741
-0.0095882
-0.00965159
-0.00805608
-0.0115493
-0.00996586
-0.0154539
-0.00797109
-0.0130389
-0.0100389
-0.00875782
-0.0157097
-0.0111919
-0.000556929
-0.0123883
-0.0137091
-0.0129021
-0.00889301
-0.0183374
-0.0183374
-0.0133742
-0.0132371
-0.0063022
-0.00612166
-0.00809987
-0.00764982
-0.0147467
-0.0164774
-0.0150612
-0.0170232
-0.00494788
-0.0157287
-0.0157287
-0.0108552
-0.0145494
-0.0150415
-0.00121015
-0.0168271
-0.00875782
-0.01869
-0.0104692
-0.00846528
-0.0153952
-0.0130594
-0.0114128
-0.0043184
-0.0043184
-0.0115701
-0.0104692
-0.0150807
-0.00817289
-0.0108985
-0.0100389
-0.0100389
-0.0153758
-0.0138664
-0.0176715
-0.00510529
-0.00956667
-0.00598756
-0.00598756
-0.0149039
-0.0149039
-0.0145086
-0.0122995
-0.0107411
-0.00898061
-0.0115493
-0.00797109
-0.0124302
-0.00523932
-0.00523932
-0.0152379
-0.00528593
-0.0175513
-0.00661691
-0.0109409
-0.00974553
-0.00974553
-0.00871309
-0.0106475
-0.00679703
-0.00893721
-0.0160598
-0.0137627
-0.0119854
-0.00999762
-0.0125667
-0.00977504
-0.0135717
-0.0135717
-0.0125667
-0.0129629
-0.0112763
-0.0122308
-0.0110771
-0.0110771
-0.00974553
-0.0129225
-0.00929504
-0.0150015
-0.00871309
-0.0155136
-0.018495
-0.018495
-0.00729139
-0.0157097
-0.0157097
-0.00327865
-0.00582591
-0.0212126
-0.0133742
-0.0125031
-0.0138464
-0.0112555
-0.00828573
-0.00828573
-0.0071341
-0.00995434
-0.0132772
-0.00744869
-0.0129021
-0.0107625
-0.0153758
-0.0128606
-0.0193377
-0.00841452
-0.0202174
-0.0142009
-0.0104046
-0.0148642
-0.0129021
-0.0193377
-0.0101436
-0.00929504
-0.00974553
-0.0127653
-0.0115701
-0.0129021
-0.0150612
-0.0106475
-0.0169649
-0.0115908
-0.0173569
-0.0142142
-0.00880175
-0.0157097
-0.0147663
-0.0171614
-0.015867
-0.015867
-0.0057809
-0.0048139
-0.0130389
-0.0110559
-0.0123345
-0.0118729
-0.0118729
-0.00923005
-0.0167655
-0.00925191
-0.00726905
-0.0122401
-0.0162004
-0.0162004
-0.0155331
-0.00817289
-0.00591552
-0.0214404
-0.0114128
-0.0114128
-0.00715631
-0.00913782
-0.0125667
-0.0117154
-0.012052
-0.012052
-0.00877988
-0.0110982
-0.0131756
-0.0108769
-0.0129428
-0.0110771
-0.0110771
-0.0125245
-0.0150415
-0.0151988
-0.00517453
-0.0171165
-0.00785856
-0.0119161
-0.0104903
-0.0100455
-0.0108985
-0.00706629
-0.0123883
-0.0145494
-0.0110982
-0.00810586
-0.0147467
-0.0143716
-0.0145894
-0.0152572
-0.0127448
-0.00940928
-0.00929504
-0.0124302
-0.0124302
-0.0107411
-0.0108047
-0.0108047
-0.00911628
-0.00911628
-0.015159
-0.0104479
-0.00846528
-0.00882343
-0.0104263
-0.012724
-0.0101548
-0.0136497
-0.0167655
-0.0164513
-0.00844308
-0.00880175
-0.0104903
-0.0118086
-0.0206891
-0.00817289
-0.00645955
-0.011454
-0.00973043
-0.00862257
-0.01312
-0.00661691
-0.0142549
-0.0095882
-0.0172369
-0.0172369
-0.00911628
-0.00801572
-0.0122936
-0.0133164
-0.0133164
-0.0093655
-0.00632515
-0.0100898
-0.0174763
-0.0106052
-0.0134145
-0.0193735
-0.00846528
-0.0106052
-0.0101333
-0.0152572
-0.00781379
-0.0120946
-0.0120946
-0.00762802
-0.00826326
-0.00848729
-0.00895901
-0.0106977
-0.00914573
-0.00914573
-0.0101333
-0.00977504
-0.00866625
-0.00866625
-0.00797109
-0.0107837
-0.0109826
-0.010312
-0.0054433
-0.0149235
-0.0106052
-0.0106475
-0.0106475
-0.00946035
-0.0102906
-0.0095882
-0.012252
-0.00648243
-0.00648243
-0.0133944
-0.0127448
-0.0165705
-0.0174124
-0.0127448
-0.0140773
-0.0140773
-0.0145494
-0.0183566
-0.0170423
-0.012724
-0.0127653
-0.0127653
-0.0152379
-0.00679703
-0.00679703
-0.0157476
-0.00913782
-0.00913782
-0.0115908
-0.0147663
-0.0163547
-0.00235862
-0.0119161
-0.0150216
-0.0150216
-0.00828573
-0.0105837
-0.0113494
-0.0127653
-0.0127653
-0.0182369
-0.008308
-0.0150612
-0.00943087
-0.0147663
-0.0153758
-0.0117684
-0.0117684
-0.00681957
-0.00681957
-0.0101333
-0.00675135
-0.00675135
-0.00853071
-0.0140568
-0.0160598
-0.0142549
-0.00510529
-0.0124093
-0.012252
-0.0124093
-0.014392
-0.00731353
-0.0201769
-0.0109618
-0.0114128
-0.0127856
-0.0127856
-0.0109826
-0.0106475
-0.0119161
-0.0107195
-0.0169039
-0.0147068
-0.0147068
-0.0170232
-0.0110344
-0.0121156
-0.0121156
-0.00715631
-0.0145894
-0.00470297
-0.015671
-0.0135316
-0.0071117
-0.0071117
-0.0142549
-0.0175328
-0.00607872
-0.00607872
-0.00915915
-0.00911628
-0.00864451
-0.0129225
-0.0148841
-0.0148841
-0.0150807
-0.0138994
-0.00688602
-0.0101117
-0.0101117
-0.0198626
-0.0130798
-0.0109198
-0.0110559
-0.0114128
-0.0130389
-0.00596079
-0.00679703
-0.018162
-0.00528593
-0.00913782
-0.00747076
-0.0197917
-0.0065707
-0.00749264
-0.00997608
-0.00833008
-0.0150015
-0.0118848
-0.012052
-0.0095882
-0.0120946
-0.00794848
-0.00447575
-0.00825718
-0.0123569
-0.018162
-0.0153165
-0.0155524
-0.0100898
-0.0127448
-0.0172183
-0.0172183
-0.00900202
-0.0133164
-0.0138863
-0.0137212
-0.00866625
-0.00866625
-0.00943087
-0.0150415
-0.014844
-0.0111919
-0.0111919
-0.0130594
-0.00729139
-0.00684192
-0.0148642
-0.0145894
-0.0140568
-0.0142549
-0.0180588
-0.0180588
-0.0142347
-0.0122095
-0.00188689
-0.0112867
-0.0169226
-0.0169226
-0.0200197
-0.00765651
-0.0151
-0.0146865
-0.00963065
-0.0065939
-0.0128606
-0.0124302
-0.0127448
-0.0132371
-0.012724
-0.00780702
-0.0152379
-0.00929504
-0.0107837
-0.0107837
-0.0110771
-0.0110982
-0.013454
-0.013454
-0.0128606
-0.0155715
-0.00371308
-0.00467988
-0.00895901
-0.0125875
-0.0113173
-0.0132969
-0.0121364
-0.00930304
-0.0126284
-0.00598756
-0.0108461
-0.00880175
-0.0213356
-0.0106052
-0.0140977
-0.0125875
-0.00747076
-0.00747076
-0.00792567
-0.0079935
-0.00994507
-0.0190231
-0.0155524
-0.0130594
-0.0130594
-0.0152379
-0.00864451
-0.0169039
-0.0126284
-0.00995434
-0.0182369
-0.00866625
-0.00947347
-0.0147068
-0.0142142
-0.00783627
-0.01869
-0.01869
-0.0103827
-0.0129021
-0.010562
-0.010203
-0.0131
-0.0156904
-0.0156904
-0.0102906
-0.0124713
-0.0166084
-0.0166084
-0.0173569
-0.0112969
-0.0112969
-0.0114128
-0.00598756
-0.00839513
-0.00864451
-0.0107837
-0.0129021
-0.0160052
-0.0134734
-0.0134734
-0.0150548
-0.00807807
-0.0126081
-0.012724
-0.0144122
-0.0130389
-0.0140825
-0.00976679
-0.00976679
-0.018884
-0.018884
-0.018884
-0.0126486
-0.0133944
-0.00695435
-0.0120626
-0.0123345
-0.0124508
-0.0140238
-0.0173756
-0.00963065
-0.00760601
-0.0128814
-0.0109409
-0.0173756
-0.00797109
-0.00681957
-0.0138994
-0.0110771
-0.00895901
-0.012252
-0.00797109
-0.0138664
-0.00923005
-0.0110982
-0.0123773
-0.0112555
-0.0183754
-0.00956667
-0.00956667
-0.0128814
-0.012724
-0.0120734
-0.0180419
-0.00546624
-0.0178474
-0.0178474
-0.0190231
-0.0146865
-0.0129225
-0.00546624
-0.00681957
-0.00681957
-0.0152379
-0.0105837
-0.0104168
-0.0130389
-0.0129428
-0.0154143
-0.0154143
-0.0106264
-0.015179
-0.015179
-0.0178474
-0.0144322
-0.012724
-0.0172183
-0.0129021
-0.0135517
-0.0071117
-0.0115701
-0.0130389
-0.0170232
-0.0158859
-0.00895901
-0.0124302
-0.0137421
-0.00925191
-0.00925191
-0.0178289
-0.00695435
-0.0155331
-0.0186525
-0.0129225
-0.0160432
-0.0153952
-0.0153952
-0.0147068
-0.0117684
-0.0152185
-0.00909455
-0.0100603
-0.0189484
-0.0138664
