0.0155835
0.0129716
0.0155077
0.0154926
0.0185697
0.0150919
0.0137719
0.010504
0.0133712
0.010212
0.0117947
0.0111803
0.00785587
0.00831902
0.0155835
0.0150992
0.0151139
0.0136817
0.00783908
0.0164566
0.0116361
0.0149334
0.0147893
0.0115601
0.0120921
0.0113888
0.0171212
0.00981285
0.00966071
0.0149625
0.0153411
0.0132954
0.0172956
0.0156366
0.016585
0.0134196
0.0167511
0.0158264
0.0117815
0.0119269
0.0114584
0.015402
0.0174469
0.00981285
0.019106
0.0136273
0.0136746
0.00853044
0.019106
0.013509
0.013509
0.0120295
0.0120228
0.0114082
0.0114082
0.0113322
0.0113322
0.0207571
0.0154169
0.00839528
0.0134401
0.015402
0.0171366
0.0113825
0.0135159
0.0122509
0.0170089
0.015402
0.010358
0.0120854
0.010212
0.00988893
0.0117881
0.0154777
0.0157807
0.0131922
0.0135918
0.0132816
0.0114776
0.008865
0.00657404
0.017061
0.013061
0.0154926
0.0120988
0.0119603
0.0185024
0.0169022
0.0168421
0.0168498
0.0168498
0.011237
0.0169333
0.0130474
0.00642666
0.0170533
0.0135988
0.0119467
0.0119467
0.00689044
0.00831321
0.0136817
0.0117815
0.0118509
0.00966071
0.0155609
0.0137435
0.0155461
0.0118575
0.0173035
0.0174627
0.0151822
0.00973678
0.0130407
0.00990742
0.0149406
0.0201966
0.0124029
0.0152654
0.0149551
0.0186697
0.0103836
0.0197536
0.0169412
0.015432
0.0139238
0.0135988
0.0104216
0.0208497
0.0121124
0.0169099
0.0133712
0.0189551
0.0189551
0.0136676
0.0139997
0.00856574
0.0102183
0.0139165
0.0100597
0.0118014
0.0135299
0.0102881
0.0157957
0.015009
0.0169022
0.0065794
0.0105231
0.00809609
0.0113888
0.0150162
0.0191227
0.0135229
0.00831321
0.0121681
0.0104405
0.0140612
0.0150775
0.0155535
0.0134401
0.0102945
0.0116361
0.0172045
0.0117749
0.0137576
0.0115536
0.0147821
0.0134541
0.0101296
0.0169022
0.0120988
0.00837799
0.011623
0.0152654
0.0187125
0.00837799
0.0155684
0.00989503
0.0135229
0.0155609
0.0166909
0.0169932
0.0190223
0.0153411
0.00857183
0.0135159
0.0117881
0.0154094
0.010029
0.0121055
0.010066
0.0119334
0.0136817
0.00817235
0.015319
0.0120161
0.0167588
0.0104469
0.0175304
0.0119334
0.0123337
0.0103517
0.0160307
0.0160307
0.00995294
0.0120295
0.0100534
0.0135918
0.0135918
0.0115734
0.0151896
0.0131232
0.0150235
0.00980682
0.0151532
0.0166832
0.0154244
0.0114712
0.0115601
0.0117121
0.0119535
0.0152122
0.00958465
0.0166756
0.0128201
0.0202884
0.0199122
0.0132816
0.0119269
0.0135159
0.0137576
0.0102183
0.00988893
0.0135848
0.0116925
0.0151604
0.0151604
0.0147821
0.0103707
0.0183275
0.0135918
0.0149406
0.00966071
0.0097189
0.0114776
0.0170329
0.0100534
0.0165925
0.00792079
0.0116427
0.0136817
0.0116361
0.0167511
0.00816074
0.0154169
0.0129649
0.0098313
0.0116361
0.0114082
0.0149478
0.0118014
0.0148649
0.0167665
0.0147208
0.0169254
0.00660143
0.0128892
0.0150992
0.0132126
0.01313
0.00999621
0.0128268
0.0128268
0.0118641
0.0135159
0.0045349
0.0114712
0.0155912
0.0079378
0.0127377
0.0114712
0.0164643
0.015402
0.0174627
0.0120988
0.0207657
0.010358
0.013268
0.0114776
0.0171212
0.0139023
0.0139023
0.0171523
0.0171523
0.0171366
0.0172956
0.0137505
0.00885896
0.0171212
0.00665578
0.0169625
0.0172279
0.0192653
0.0204559
0.00998355
0.0138952
0.0166077
0.0176221
0.010023
0.0133505
0.015258
0.015319
0.0118575
0.0150235
0.00847155
0.0137576
0.0116166
0.011623
0.0205142
0.0121816
0.0116295
0.0115536
0.0083837
0.0148794
0.00596335
0.0151896
0.0102818
0.0134401
0.015258
0.0159023
0.0167665
0.0169932
0.0101358
0.0120094
0.00989503
0.0168191
0.00824862
0.0118575
0.0152654
0.015402
0.0154926
0.015009
0.0116295
0.0138478
0.0172279
0.0172279
0.0102756
0.0117055
0.00857183
0.00857183
0.0169333
0.0118014
0.0116295
0.00960296
0.015258
0.0155001
0.00808451
0.0150308
0.0173194
0.00830177
0.0116295
0.0137576
0.0152506
0.0115734
0.0137505
0.00651389
0.0135229
0.0134401
0.0132195
0.0139094
0.00998355
0.00769228
0.0149625
0.0154926
0.0116166
0.0155077
0.00995894
0.00823697
0.0106951
0.00814936
0.0187206
0.0156517
0.0158264
0.0155684
0.0137505
0.0117121
0.0117815
0.0133712
0.0133712
0.0117055
0.0205227
0.0138952
0.0151749
0.0138406
0.0135159
0.00980682
0.0183354
0.0135159
0.0135918
0.0132816
0.0151822
0.00831902
0.0115601
0.017487
0.0154777
0.0119334
0.00995894
0.0169778
0.00799141
0.0206237
0.0134683
0.00988893
0.0167588
0.0131232
0.00981894
0.0114648
0.0170845
0.0131368
0.0116427
0.0169176
0.015009
0.0133782
0.0136817
0.0113952
0.0122784
0.0137647
0.0184029
0.0133643
0.0135918
0.0135159
0.0117815
0.0118575
0.0171005
0.0165021
0.0147821
0.0140684
0.0117187
0.0100472
0.0184862
0.0173791
0.0132954
0.0134401
0.0137365
0.00633454
0.0165095
0.0100534
0.0155759
0.0135229
0.0139781
0.0118707
0.0115343
0.00830177
0.017001
0.0127578
0.0114648
0.0152729
0.0103836
0.0103836
0.00863602
0.013447
0.0168343
0.0137647
0.0118575
0.0166909
0.0166909
0.0133574
0.00801404
0.017061
0.0114148
0.0206065
0.0099012
0.0165776
0.00995894
0.0153947
0.0136676
0.0169254
0.0103009
0.0115471
0.0166756
0.0153337
0.0223507
0.0138335
0.0150162
0.0102818
0.0222093
0.00981285
0.0188042
0.00770347
0.0152654
0.0132195
0.0151896
0.0151896
0.0167821
0.0154094
0.0117055
0.011699
0.0158033
0.00823697
0.00823697
0.0169412
0.0150308
0.017001
0.0117947
0.013447
0.0188042
0.0137576
0.00619231
0.0117121
0.011699
0.0130748
0.0118641
0.0117121
0.0102881
0.015319
0.0135988
0.018796
0.0150382
0.0153337
0.0134541
0.0123475
0.010212
0.0147893
0.0151749
0.0121124
0.0133643
0.0152433
0.015319
0.0169932
0.0129026
0.0170688
0.0117947
0.0119401
0.0119401
0.010035
0.0100472
0.00847155
0.0103707
0.0151749
0.0117055
0.0140978
0.0135159
0.0153263
0.0152729
0.013199
0.013199
0.0134541
0.0118641
0.0169932
0.0102312
0.00991371
0.0149406
0.0136201
0.0155231
0.0115471
0.0136817
0.0136888
0.0243403
0.0120921
0.0150235
0.00808451
0.017061
0.015009
0.0137365
0.0116925
0.00854783
0.0148037
0.0150382
0.0147136
0.0176978
0.0129716
0.0129716
0.0100091
0.0138335
0.0157124
0.0151139
0.0185697
0.0100534
0.0100534
0.0168946
0.0115471
0.0134332
0.00865434
0.0135988
0.0218996
0.0118014
0.0111611
0.0117121
0.0148436
0.0136817
0.0118014
0.0130474
0.0168343
0.0147821
0.0221825
0.015236
0.0155684
0.0155684
0.0132954
0.0120723
0.0136676
0.0118641
0.0102756
0.0154094
0.0203977
0.0129716
0.0138551
0.0102818
0.00814936
0.0129649
0.0104405
0.0120094
0.01728
0.0156366
0.0118509
0.0101172
0.0172279
0.0139165
0.0118014
0.0120921
0.0172956
0.0134332
0.0101111
0.0157275
0.010504
0.00996501
0.0134332
0.0136607
0.0138193
0.0108848
0.0172122
0.0126176
0.0156218
0.0159549
0.00855374
0.0137576
0.0138335
0.0102881
0.0154558
0.020598
0.0119401
0.0134332
0.0102818
0.0102818
0.013447
0.00996501
0.0104405
0.0133505
0.0132547
0.00996501
0.0201717
0.0121055
0.013199
0.0137576
0.00996501
0.0100411
0.0123406
0.0123406
0.0148577
0.00650303
0.0135159
0.0135159
0.0112498
0.00863602
0.0155535
0.0168421
0.0100472
0.0158033
0.0189469
0.0153486
0.00982509
0.0153337
0.0117321
0.0166077
0.0153411
0.0132884
0.0102633
0.0118641
0.0105295
0.0117815
0.0182601
0.0115801
0.0117055
0.0117055
0.0117055
0.0103771
0.013447
0.00848942
0.0169099
0.0135229
0.0115407
0.0120094
0.0116295
0.0152729
0.0190555
0.0169022
0.0118707
0.00965471
0.015667
0.0186451
0.0151749
0.0120228
0.0116361
0.0116361
0.0101933
0.011623
0.0170766
0.00688496
0.0152433
0.0105865
0.0120094
0.0122441
0.0139711
0.0123337
0.0121884
0.0158033
0.0115536
0.00468786
0.011699
0.0151749
0.00996501
0.0100472
0.0169855
0.0116295
0.0104341
0.0150919
0.015258
0.00840711
0.0115471
0.0115471
0.0148577
0.0171366
0.00995894
0.0133505
0.0132747
0.0118641
0.00990742
0.0131368
0.013061
0.0098313
0.0206324
0.0170329
0.0185616
0.0117815
0.0206237
0.00824277
0.015258
0.0122645
0.0136746
0.0135988
0.00634499
0.00998355
0.0117055
0.0117055
0.0185778
0.00840117
0.0139925
0.0115471
0.0151676
0.0151676
0.00831321
0.0168795
0.0100411
0.0100411
0.0134332
0.0134332
0.0135299
0.0117121
0.0164266
0.0133505
0.00989503
0.0150847
0.0136058
0.0171523
0.0114712
0.0132816
0.0122645
0.0132884
0.0150847
0.0150847
0.0118014
0.0173035
0.0153947
0.0150162
0.010066
0.0150919
0.00957867
0.00957867
0.0135159
0.0136817
0.0152433
0.0064924
0.0064924
0.0064924
0.0115536
0.012999
0.0155835
0.048077
0.0857391
0.110861
0.0967988
0.0727495
0.0727005
0.0601886
0.0336671
0.024935
0.00378261
-0.00842786
-0.00842786
-0.0487829
-0.0881324
-0.123644
-0.158385
-0.184978
-0.156196
-0.099847
-0.0830014
-0.0517749
-0.0212758
-0.0066402
-0.00459618
-0.00278612
-0.000661315
-0.00104569
-0.00451908
-0.000983174
-0.00444476
0.00752372
0.00618709
0.00860667
0.00805118
0.00811664
0.0064057
0.00326573
-0.00256155
0.00413849
0.000672635
-0.000507523
0.00453981
0.00295914
0.00516214
0.00696137
0.00998355
0.0030404
0.0063611
0.00817235
0.0100597
0.0050142
0.00690724
0.00863602
0.00839528
0.00145604
0.0101296
0.00689598
0.00540245
0.00130671
0.0062793
0.00667226
0.00667226
0.00870039
0.00485592
0.0118641
0.0046928
0.00539187
0.00989503
0.00989503
0.00855971
0.00855971
0.00525456
0.00523355
0.00122992
0.00847745
0.0136058
0.00516735
0.0102057
0.00493247
0.00697242
0.00840711
0.00840711
0.00342376
0.00855971
0.00342852
0.00486107
-0.000102815
0.00524922
0.0102881
0.00926289
0.00478451
0.00665578
0.00864817
0.00629018
0.00706018
0.0122023
0.0101422
0.00667226
0.00855374
0.00864207
0.0124997
0.0102247
0.00721893
0.0047693
0.00665578
0.00649769
0.00534208
0.00659583
0.00996501
0.00493247
0.0118911
0.00855374
0.00682514
0.0087307
0.00651941
0.00889605
0.00887109
0.0103643
0.00668354
0.0065794
-0.00311424
0.00287351
-0.000979675
0.00840117
0.00666671
0.00334239
0.00177194
0.00492232
0.00492232
0.00696686
0.00477431
0.00320321
0.00437716
0.00437716
0.00786735
0.00326112
0.00176756
0.00507537
0.00522844
-0.000422871
0.00131976
-0.00199877
0.00838946
0.0101358
0.00446333
0.0119535
0.00516214
0.00878265
0.00673217
0.00170402
0.00342376
0.00486627
0.00841311
0.00841311
0.0135229
0.00855374
0.00342376
0.00296375
0.00649769
0.00649769
0.00303122
0.00980682
0.011699
0.00868868
0.0101811
0.00677194
0.00677194
0.00316237
0.00262662
0.00262662
0.00474045
0.00474045
0.00144359
0.00776292
0.00421489
0.00638567
0.00954962
0.0123895
0.00624805
0.00624805
0.00262662
0.00434508
0.00512732
0.00638081
0.00326112
0.00341441
0.00804583
0.00482628
0.00647184
0.00310784
0.00828505
0.0029413
0.00623321
0.00639557
0.0115914
0.00466869
-0.000588175
-0.00256463
-0.00256463
0.0012134
0.00703232
0.00278389
0.0100932
0.00136686
0.0063294
0.00774671
0.011528
0.0116039
0.0029413
0.00773619
0.0128441
0.00283981
0.0144119
0.00748297
-0.00313185
0.00040133
0.00197046
0.00400333
-0.00203256
-0.00376575
-0.0123868
-0.0161377
-0.0164382
-0.02316
-0.0357135
-0.0351221
-0.0289065
-0.0155127
-0.0163508
-0.0124577
-0.00729657
-0.00370517
-0.00722002
0.00176142
0.00856507
0.00855806
0.0156695
0.00534525
0.00534525
0.00848272
0.0241884
0.0206842
0.0313047
0.0344468
0.0382886
0.0382886
0.0417871
0.0435945
0.0447029
0.0567028
0.0432923
0.0382783
0.0397514
0.0345109
0.0354645
0.034007
0.0377566
0.0353915
0.0353915
0.0396369
0.0362428
0.0329446
0.0362428
0.023791
0.0183494
0.0305927
0.0261173
0.0342638
0.022771
0.0190886
0.0294271
0.04996
0.0483576
0.0523825
0.0514759
0.0453539
0.0501763
0.041434
0.041434
0.0375807
0.0205354
0.0135387
0.0241143
0.0252898
0.0341263
0.0243437
0.0250411
0.0305193
0.0395535
0.0291083
0.0184658
0.0268635
0.0326245
0.0256593
0.0172891
0.0183438
0.0154204
0.0293293
0.0307644
0.0289848
0.0241816
0.0276086
0.0291979
0.0258071
0.0205794
0.0241816
0.0204249
0.0273798
0.0273798
0.0306009
0.0295827
0.0259693
0.0243437
0.0312709
0.0311405
0.0365895
0.0276086
0.0227448
0.0207221
0.0291005
0.0222253
0.0242353
0.0242353
0.0220769
0.0235624
0.0252968
0.0207341
0.0235689
0.0235689
0.0201394
0.0208889
0.0155796
0.0223674
0.0205854
0.0188651
0.0205794
0.0237303
0.0240805
0.0223865
0.0261319
0.0223737
0.0250478
0.0188595
0.0254238
0.0241006
0.0311405
0.0220154
0.0221574
0.0272322
0.0272322
0.0293373
0.027306
0.0218299
0.027461
0.0257474
0.0257474
0.0239391
0.0221448
0.0222316
0.0222316
0.023865
0.0241006
0.0241006
0.029419
0.0379557
0.0366186
0.0367456
0.0350174
0.0416745
0.0508321
0.0553488
0.0628605
0.0729842
0.0756683
0.0750992
0.0840595
0.0940823
0.0916792
0.103972
0.110746
0.133576
0.139121
0.160423
0.173646
0.19999
0.216792
0.224324
0.252321
0.275835
0.275835
0.393257
0.445107
0.494175
0.561782
0.604453
0.600674
0.597129
0.595558
0.623066
0.635424
0.633403
0.609147
0.609147
0.616108
0.61343
0.610346
0.61172
0.62273
0.620615
0.613077
0.61351
0.604083
0.597241
0.597305
0.607599
0.605003
0.600821
0.591738
0.599495
0.616672
0.616611
0.614899
0.602073
0.609126
0.634236
0.639207
0.62158
0.622999
0.641552
0.657862
0.637186
0.616593
0.620986
0.647017
0.64444
0.630108
0.610762
0.62167
0.634006
0.637243
0.603451
0.603451
0.614497
0.616532
0.594774
0.598717
0.620877
0.635046
0.635046
0.592056
0.623692
0.637128
0.625169
0.614572
0.62505
0.637735
0.637215
0.632276
0.631755
0.636955
0.631928
0.631928
0.639643
0.635798
0.621781
0.609157
0.614759
0.632557
0.632502
0.620615
0.604063
0.610176
0.627464
0.618542
0.618542
0.597153
0.634899
0.645346
0.622498
0.611287
0.636376
0.641263
0.629316
0.617001
0.649258
0.640079
0.610269
0.603694
0.62579
0.63574
0.622317
0.603308
0.613108
0.622437
0.61842
0.609188
0.606066
0.607336
0.6182
0.615069
0.62582
0.630562
0.62502
0.624782
0.636029
0.627612
0.608988
0.607185
0.629983
0.636984
0.608988
0.596969
0.601275
0.613139
0.600484
0.592105
0.606223
0.624079
0.599254
0.577338
0.599335
0.623856
0.614388
0.607737
0.611318
0.62158
0.611086
0.602231
0.620303
0.641235
0.637822
0.60564
0.607907
0.61809
0.61809
0.605334
0.608957
0.612907
0.597137
0.599063
0.599063
0.594678
0.597433
0.600747
0.600011
0.586739
0.600957
0.618603
0.610608
0.585708
0.603463
0.625453
0.616379
0.604358
0.626022
0.633226
0.603589
0.584552
0.607198
0.623714
0.623714
0.592138
0.598454
0.589913
0.579421
0.611364
0.625043
0.577336
0.578991
0.605728
0.603863
0.591404
0.596841
0.608435
0.598086
0.607198
0.618652
0.615271
0.604189
0.613387
0.606922
0.600306
0.597241
0.607612
0.598831
0.581043
0.595755
0.602579
0.585977
0.566581
0.590349
0.607782
0.607782
0.573428
0.599063
0.614388
0.591372
0.593263
0.618451
0.618451
0.600547
0.611704
0.61831
0.61434
0.590968
0.589283
0.600116
0.606054
0.59482
0.577204
0.586338
0.593527
0.593527
0.575777
0.595116
0.595116
0.558697
0.570516
0.595619
0.607612
0.591544
0.585942
0.599391
0.609081
0.589551
0.600716
0.617716
0.603115
0.586076
0.601905
0.608726
0.598749
0.598749
0.589454
0.578628
0.571907
0.586873
0.602674
0.584087
0.576874
0.58101
0.591442
0.591975
0.600484
0.600484
0.582765
0.587398
0.59518
0.599158
0.60616
0.590774
0.600211
0.599874
0.597846
0.584253
0.584487
0.593559
0.571217
0.575253
0.593533
0.58551
0.566392
0.569894
0.584321
0.573369
0.56834
0.582334
0.583259
0.574692
0.582533
0.605472
0.607519
0.592659
0.594614
0.599948
0.600242
0.593025
0.584521
0.584521
0.585279
0.57982
0.589551
0.592723
0.564606
0.547071
0.565354
0.582367
0.564606
0.563653
0.574726
0.569663
0.559392
0.581773
0.571352
0.567244
0.595316
0.593089
0.593089
0.580216
0.578364
0.58313
0.589685
0.591571
0.578926
0.565894
0.569505
0.571748
0.566856
0.565928
0.566479
0.57025
0.558396
0.571482
0.575784
0.575585
0.566624
0.566608
0.566608
0.566031
0.571217
0.587593
0.571159
0.589384
0.589384
0.582864
0.584551
0.580679
0.575451
0.569928
0.575448
0.581904
0.568074
0.562906
0.577039
0.569764
0.553564
0.553564
0.555973
0.569826
0.56986
0.567945
0.559067
0.564993
0.583856
0.583757
0.567843
0.561293
0.579455
0.58882
0.58882
0.575387
0.583789
0.569764
0.56622
0.577171
0.57433
0.555763
0.558917
0.559636
0.547107
0.549729
0.557838
0.564529
0.569499
0.564272
0.551458
0.55301
0.552067
0.564727
0.587864
0.587864
0.564653
0.563424
0.578561
0.589486
0.589486
0.57307
0.570625
0.553725
0.575122
0.567747
0.551422
0.549408
0.547554
0.553887
0.559589
0.553066
0.546251
0.536284
0.562511
0.562255
0.551603
0.549408
0.556866
0.568941
0.564143
0.567679
0.569595
0.578628
0.585178
0.572415
0.572612
0.578364
0.587062
0.573235
0.567455
0.554632
0.549658
0.55894
0.549533
0.537393
0.544379
0.54989
0.550192
0.550192
0.542899
0.53195
0.540118
0.543059
0.551603
0.551603
0.562521
0.557167
0.565663
0.569206
0.569601
0.560156
0.567645
0.573142
0.573239
0.570596
0.565868
0.5705
0.565276
0.56755
0.553957
0.540566
0.53953
0.551317
0.551422
0.546233
0.537162
0.537089
0.55362
0.549819
0.537162
0.526318
0.545019
0.55711
0.556913
0.557052
0.556948
0.556612
0.557666
0.575451
0.565902
0.556009
0.559021
0.566701
0.566323
0.564117
0.555313
0.558535
0.573235
0.551025
0.539494
0.539494
0.550086
0.550102
0.539139
0.542703
0.544255
0.553795
0.554589
0.550353
0.549514
0.557132
0.56259
0.557469
0.557469
0.551528
0.556716
0.562324
0.555326
0.551689
0.547927
0.562684
0.560643
0.54618
0.545735
0.546109
0.55711
0.55711
0.541349
0.546429
0.541328
0.544505
0.544629
0.538857
0.549299
0.54987
0.554541
0.560515
0.558535
0.573171
0.565936
0.557259
0.556669
0.564109
0.56772
0.547927
0.547927
0.544255
0.557399
0.567686
0.546287
0.535318
0.531964
0.544878
0.53953
0.53953
0.529952
0.546073
0.542009
0.537944
0.543115
0.544238
0.548319
0.548622
0.545021
0.550424
0.562891
0.557399
0.553311
0.551347
0.562402
0.567952
0.542049
0.531076
0.534892
0.534928
0.514093
0.487276
0.471069
0.475969
0.501099
0.513445
0.504156
0.520094
0.537834
0.537834
0.543415
0.537675
0.540587
0.558442
0.554092
0.558153
0.55475
0.560029
0.557075
0.563079
0.567945
0.560608
0.553508
0.54634
0.544238
0.529673
0.525204
0.543147
0.541328
0.541328
0.533952
0.534111
0.537871
0.530463
0.532318
0.526753
0.530658
0.530647
0.526355
0.526512
0.529999
0.548695
0.549764
0.546109
0.538784
0.539864
0.539668
0.541081
0.541081
0.539726
0.665761
0.570889
0.637996
0.620776
0.657412
0.634905
0.657798
0.699342
0.735222
0.775833
0.796673
0.796673
0.835327
0.85746
0.862278
0.860434
0.958112
0.944083
0.911545
0.933398
0.965967
0.934579
0.906321
0.919792
0.941618
0.953943
0.939271
0.947734
0.951388
0.950943
0.95115
0.95367
0.959331
0.957489
0.945502
0.938846
0.931324
0.926121
0.926121
0.923648
0.933378
0.937253
0.94268
0.935962
0.945924
0.944103
0.932451
0.924046
0.920658
0.910591
0.899421
0.898736
0.898982
0.906472
0.902881
0.904672
0.907106
0.899631
0.89943
0.894169
0.888937
0.88468
0.883229
0.877845
0.881039
0.881039
0.881226
0.893741
0.887855
0.890117
0.891725
0.888132
0.87881
0.875323
0.874008
0.880438
0.873769
0.877441
0.86755
0.87517
0.863879
0.868349
0.868566
0.869912
0.866536
0.860676
0.856595
0.857015
0.854808
0.851339
0.845853
0.852596
0.852596
0.835685
0.837212
0.841493
0.842927
0.840673
0.845307
0.840875
0.841677
0.837481
0.835082
0.838648
0.83665
0.833072
0.833875
0.835297
0.840109
0.836905
0.839064
0.839064
0.834694
0.830835
0.831208
0.823375
0.82917
0.826977
0.826977
0.82917
0.825396
0.824785
0.823943
0.819745
0.812715
0.816983
0.814522
0.804123
0.808936
0.803535
0.803535
0.80698
0.812351
0.806298
0.811745
0.804525
0.810317
0.810317
0.806768
0.806557
0.801518
0.808227
0.808165
0.798901
0.806737
0.804282
0.806494
0.802916
0.80254
0.80568
0.803516
0.802298
0.795828
0.800657
0.794646
0.793668
0.791671
0.782448
0.794258
0.786245
0.78591
0.791848
0.791848
0.787435
0.78229
0.78591
0.778182
0.784006
0.784006
0.79083
0.787435
0.783446
0.79109
0.790123
0.790542
0.787292
0.794323
0.785474
0.783723
0.77593
0.784913
0.779355
0.793919
0.791635
0.78704
0.773992
0.773975
0.775756
0.774251
0.745497
0.734455
0.750345
0.759158
0.763833
0.769214
0.769214
0.744005
0.744544
0.764972
0.763833
0.746409
0.737901
0.756242
0.784303
0.768128
0.749764
0.753731
0.776722
0.767748
0.761578
0.751483
0.758423
0.767766
0.760467
0.744466
0.746487
0.750086
0.753393
0.75517
0.753469
0.752755
0.763884
0.754982
0.751353
0.758951
0.75691
0.755133
0.758066
0.758198
0.759618
0.751185
0.758556
0.753788
0.751204
0.750811
0.754588
0.758405
0.754045
0.74184
0.751877
0.743819
0.730631
0.737631
0.749467
0.741137
0.734113
0.737982
0.765176
0.744966
0.741137
0.757465
0.760733
0.751952
0.741508
0.741508
0.748997
0.761431
0.746496
0.748437
0.741634
0.747074
0.745427
0.754814
0.746534
0.733969
0.721412
0.722121
0.734932
0.726092
0.715547
0.725296
0.735452
0.73008
0.730774
0.730774
0.730223
0.733989
0.740351
0.743891
0.738802
0.740699
0.742197
0.731911
0.740923
0.743941
0.731686
0.731686
0.752979
0.755201
0.748031
0.745848
0.74171
0.732781
0.73661
0.737946
0.724262
0.70233
0.702712
0.723797
0.718796
0.718796
0.709902
0.726175
0.724407
0.724407
0.712297
0.707509
0.719181
0.745125
0.745477
0.719417
0.715984
0.734203
0.739745
0.73038
0.7252
0.728634
0.73686
0.730462
0.729264
0.727049
0.727476
0.721504
0.70877
0.726786
0.727822
0.712795
0.70918
0.714624
0.718496
0.724999
0.719012
0.719438
0.73609
0.726461
0.722423
0.719556
0.723051
0.731904
0.724311
0.720476
0.717247
0.725873
0.733751
0.726826
0.726786
0.723457
0.72634
0.717352
0.720922
0.719682
0.719619
0.728267
0.715728
0.722951
0.729851
0.717639
0.714347
0.722968
0.726664
0.726664
0.724937
0.720015
0.717394
0.726826
0.737365
0.738397
0.735007
0.727132
0.730599
0.731127
0.702319
0.701343
0.707892
0.710121
0.71356
0.707641
0.719896
0.713008
0.714728
0.727375
0.739416
0.735172
0.726262
0.741055
0.749424
0.722999
0.725934
0.742783
0.737738
0.725064
0.732096
0.735731
0.74319
0.735539
0.731509
0.722455
0.722716
0.718036
0.716434
0.709984
0.698669
0.707598
0.713327
0.7113
0.723807
0.717535
0.708547
0.721521
0.721521
0.750053
0.746336
0.72466
0.742324
0.742324
0.731848
0.735597
0.740947
0.733362
0.744458
0.727778
0.715594
0.72466
0.72466
0.733997
0.722165
0.726624
0.725186
0.723989
0.730837
0.725408
0.726076
0.723666
0.721641
0.725105
0.728387
0.716136
0.738319
0.73639
0.731426
0.727515
0.727515
0.732521
0.732521
0.755595
0.721158
0.717819
0.740909
0.737051
0.737051
0.73957
0.738358
0.719011
0.724233
0.740511
0.739666
0.731
0.72944
0.717478
0.715481
0.723179
0.723179
0.73313
0.737747
0.739405
0.757755
0.813351
0.778531
0.809129
0.851649
0.831301
0.8286
0.844342
0.8274
0.840332
0.840332
0.933465
0.933067
0.918248
0.940889
0.947881
0.977111
0.981863
0.997652
1.02112
1.04617
1.0394
1.03624
1.01996
1.04753
1.06657
1.10011
1.09643
1.09555
1.09596
1.08781
1.07125
1.04457
1.02963
1.0138
1.01854
1.01854
1.00405
0.976565
0.976995
0.974256
0.978083
0.978239
0.976001
0.983019
0.989366
0.988923
0.979893
0.984169
0.984822
0.984822
0.976655
0.990644
0.989762
0.987737
0.994308
0.989544
0.979619
0.974418
0.975086
0.980953
0.97415
0.973705
0.973705
0.980897
0.976603
0.961635
0.95013
0.950143
0.951018
0.950576
0.944714
0.946085
0.945336
0.951225
0.950792
0.950792
0.941956
0.944205
0.942166
0.934201
0.932387
0.92815
0.934937
0.935574
0.9358
0.931769
0.930365
0.927204
0.929848
0.929238
0.929238
0.930818
0.921791
0.92421
0.92421
0.932067
0.928254
0.922594
0.922245
0.916973
0.92127
0.917383
0.916061
0.914231
0.908193
0.912888
0.910625
0.912455
0.895996
0.892351
0.887574
0.894803
0.894402
0.888161
0.888161
0.887783
0.886958
0.89525
0.885373
0.893207
0.879923
0.882598
0.879646
0.87521
0.880379
0.883494
0.882431
0.884413
0.879209
0.88068
0.879625
0.871834
0.863661
0.861436
0.869515
0.865692
0.865716
0.862258
0.865692
0.865315
0.867736
0.864314
0.85955
0.853556
0.853556
0.853275
0.851922
0.843178
0.848782
0.850325
0.848413
0.855767
0.855767
0.846995
0.850813
0.848373
0.841623
0.848742
0.850747
0.845181
0.845304
0.846423
0.843775
0.843748
0.843816
0.840799
0.834602
0.83505
0.839649
0.83263
0.833064
0.830088
0.842072
0.840287
0.853335
0.864316
0.900892
0.90634
0.913022
0.914418
0.918826
0.917893
0.918628
0.918628
0.929164
0.916523
0.916523
0.911958
0.911958
0.918457
0.915985
0.905805
0.905805
0.905805
0.926105
0.928575
0.919949
0.91811
0.917997
0.917997
0.920958
0.923006
0.920018
0.918006
0.915789
0.913447
0.909799
0.903241
0.904746
0.895295
0.895295
0.899133
0.896148
0.892119
0.891941
0.89052
0.886614
0.886614
0.885485
0.885485
0.890532
0.88445
0.883673
0.890899
0.883461
0.882322
0.878015
0.878512
0.884097
0.874801
0.876339
0.87577
0.87577
0.873003
0.86774
0.858133
0.862558
0.8626
0.860067
0.853524
0.849906
0.861877
0.85519
0.855247
0.855247
0.851791
0.844124
0.846185
0.842406
0.839742
0.845393
0.837805
0.83576
0.837474
0.83749
0.838682
0.842727
0.831907
0.839392
0.835144
0.830492
0.832192
0.830712
0.826672
0.833731
0.825459
0.831875
0.825476
0.830778
0.816437
0.813839
0.813637
0.81843
0.812148
0.809852
0.810359
0.806729
0.813158
0.810508
0.800108
0.803793
0.803556
0.808885
0.796697
0.796697
0.810946
0.802645
0.802972
0.797647
0.801622
0.801622
0.803282
0.801587
0.795936
0.799708
0.799726
0.801458
0.799597
0.799871
0.799634
0.792186
0.792186
0.793485
0.793362
0.78789
0.789419
0.786225
0.784619
0.789457
0.784619
0.780436
0.780159
0.776455
0.771337
0.775338
0.774551
0.771492
0.771492
0.765538
0.765538
0.772051
0.771575
0.764385
0.767752
0.774124
0.763973
0.762324
0.758482
0.761955
0.761892
0.761892
0.745705
0.738485
0.742682
0.764733
0.760372
0.737575
0.737575
0.730529
0.76322
0.752735
0.732233
0.734832
0.742552
0.752882
0.747929
0.734619
0.726698
0.731904
0.735054
0.736686
0.729773
0.710436
0.710548
0.739313
0.759164
0.716348
0.700879
0.727408
0.738291
0.712069
0.699667
0.76219
0.770446
0.730461
0.764263
0.793415
0.760296
0.73417
0.73417
0.779402
0.746904
0.73235
0.762269
0.747554
0.724215
0.721688
0.738246
0.710751
0.697245
0.717721
0.730249
0.718211
0.73477
0.742645
0.728028
0.717394
0.740992
0.739597
0.739597
0.739171
0.736491
0.713968
0.726585
0.749137
0.742029
0.746325
0.787114
0.744863
0.669791
0.708573
0.757128
0.735854
0.681484
0.697385
0.748097
0.725551
0.704452
0.727104
0.727104
0.719162
0.718833
0.743337
0.730662
0.691979
0.724671
0.769059
0.760693
0.717363
0.731518
0.77363
0.755978
0.726738
0.700061
0.703699
0.713143
0.736981
0.725459
0.686543
0.686543
0.697582
0.73246
0.737832
0.732581
0.762473
0.726972
0.691556
0.726317
0.766808
0.739128
0.719624
0.709808
0.743843
0.76133
0.711071
0.723685
0.750531
0.728835
0.692388
0.710065
0.737154
0.715379
0.682625
0.713517
0.727527
0.706403
0.712296
0.712296
0.72317
0.696808
0.713051
0.725057
0.714869
0.711925
0.742718
0.739129
0.696003
0.70858
0.749876
0.749876
0.714495
0.711936
0.738564
0.736724
0.70649
0.714286
0.730408
0.716058
0.690777
0.692493
0.733782
0.735557
0.698759
0.688859
0.711705
0.717158
0.699441
0.713707
0.729659
0.743346
0.811104
0.856561
0.842076
0.925088
0.898589
0.923307
0.89845
0.880984
0.886102
0.965813
1.03698
1.0585
1.08186
1.09327
1.10924
1.2074
1.1842
1.13662
1.1346
1.1346
1.15214
1.10844
1.11928
1.12822
1.12936
1.1202
1.12398
1.12449
1.11343
1.11576
1.11604
1.12154
1.11614
1.11614
1.11843
1.1131
1.10332
1.09989
1.11477
1.12373
1.12189
1.12464
1.11654
1.11311
1.10897
1.10164
1.10164
1.09479
1.10331
1.10538
1.10649
1.09208
1.09872
1.09872
1.09248
1.09139
1.08037
1.07649
1.08015
1.09275
1.08475
1.08382
1.08406
1.08773
1.07834
1.07631
1.07631
1.07173
1.06257
1.06486
1.06783
1.07515
1.07975
1.07012
1.07172
1.05937
1.05595
1.06235
1.05502
1.05136
1.05549
1.05868
1.06235
1.06989
1.07012
1.0589
1.0589
1.05526
1.0509
1.05137
1.04611
1.05137
1.05298
1.04909
1.04839
1.05137
1.04474
1.04109
1.04634
1.04634
1.04087
1.02762
1.0299
1.0331
1.03834
1.04086
1.03081
1.03104
1.02967
1.02694
1.02442
1.0315
1.02807
1.02762
1.03675
1.02374
1.02579
1.03721
1.04382
1.04382
1.01667
1.00483
1.0055
1.01689
1.0194
1.02397
1.01005
1.01074
1.01872
1.01119
1.00163
1.00025
0.994558
0.985898
0.977934
0.985403
0.983139
0.99204
0.999774
0.999774
0.980445
0.992282
0.994114
0.990695
1.00185
0.994117
0.992957
0.979707
0.979052
0.977446
0.979719
0.982693
0.976346
0.976346
0.95836
0.958831
0.976092
0.985902
0.982239
0.982239
0.965448
1.00185
1.02967
1.01689
0.989092
0.974312
0.995949
0.996837
0.974762
0.940212
0.950813
0.955309
0.954912
0.951673
0.95283
0.965163
0.955631
0.950369
0.95895
0.95895
0.906492
0.746362
0.618008
0.5801
0.65285
0.65285
0.645151
0.595927
0.597194
0.543243
0.469416
0.427125
0.406576
0.411754
0.420109
0.429725
0.432798
0.432824
0.434697
0.408049
0.383256
0.33683
0.327593
0.318295
0.320374
0.33534
0.33328
0.320628
0.320628
0.301471
0.291068
0.291068
0.286231
0.2924
0.2924
0.282012
0.276991
0.276991
0.276823
0.276823
0.275233
0.260936
0.264175
0.261263
0.261263
0.256917
0.25367
0.24875
0.246743
0.248089
0.246742
0.241662
0.243607
0.23819
0.246684
0.239866
0.239866
0.238187
0.236563
0.238355
0.229978
0.234497
0.231317
0.238239
0.233316
0.229529
0.22807
0.223099
0.215583
0.21931
0.21931
0.219089
0.222443
0.215735
0.21223
0.21223
0.218762
0.20551
0.20707
0.202156
0.208864
0.203574
0.203574
0.198892
0.194816
0.205243
0.21064
0.208551
0.207357
0.203619
0.207474
0.200074
0.208772
0.210675
0.212708
0.212639
0.210803
0.210862
0.208747
0.215572
0.217397
0.212218
0.212218
0.217445
0.212312
0.21028
0.213784
0.215936
0.212697
0.215868
0.215599
0.21382
0.212661
0.215551
0.209342
0.210652
0.205347
0.214028
0.203913
0.210896
0.214533
0.210302
0.210302
0.21286
0.2094
0.213119
0.214216
0.216185
0.219331
0.21286
0.223091
0.219456
0.214253
0.22159
0.223403
0.220916
0.226103
0.221089
0.213937
0.215984
0.220974
0.224608
0.219234
0.217985
0.214485
0.219802
0.221285
0.212207
0.215714
0.21733
0.215656
0.221573
0.212545
0.216168
0.212791
0.217985
0.219398
0.214031
0.214031
0.215636
0.217368
0.224692
0.224692
0.219398
0.225178
0.228316
0.221737
0.226697
0.222967
0.226482
0.22621
0.228113
0.226217
0.228449
0.228449
0.224543
0.224478
0.226761
0.222861
0.222959
0.224692
0.224692
0.22314
0.226976
0.221573
0.212312
0.220677
0.212405
0.226496
0.219513
0.223091
0.22666
0.229998
0.224864
0.224864
0.223296
0.221342
0.227999
0.224699
0.227842
0.233362
0.231943
0.228157
0.229959
0.231624
0.228157
0.22876
0.230214
0.230214
0.234822
0.230112
0.224757
0.228322
0.226653
0.226267
0.222746
0.231356
0.22812
0.222844
0.22817
0.22817
0.22291
0.223403
0.221564
0.226818
0.228271
0.231743
0.225236
0.221112
0.226653
0.232011
0.224814
0.233806
0.230067
0.230067
0.226919
0.231572
0.22951
0.23408
0.233367
0.229827
0.234307
0.233589
0.233589
0.233471
0.233471
0.230283
0.233522
0.227828
0.232119
0.230004
0.228164
0.228493
0.224543
0.231805
0.228278
0.230163
0.230004
0.230004
0.231897
0.226697
0.232011
0.232011
0.231783
0.231783
0.233749
0.231516
0.234189
0.240684
0.233962
0.230454
0.230454
0.231635
0.237047
0.242584
0.231635
0.238887
0.230169
0.233636
0.235652
0.234142
0.231572
0.230067
0.233749
0.226374
0.226374
0.229561
0.231789
0.225128
0.224914
0.230334
0.230049
0.22452
0.228056
0.23543
0.226646
0.231846
0.235369
0.235369
0.233806
0.236934
0.239109
0.234028
0.239063
0.240906
0.235148
0.240912
0.236833
0.240574
0.235422
0.233816
0.233816
0.233522
0.23754
0.236772
0.230124
0.23245
0.2285
0.23022
0.23046
0.235369
0.231516
0.230671
0.230016
0.235095
0.231618
0.23693
0.238953
0.237216
0.235361
0.236934
0.236874
0.238725
0.237216
0.240619
0.23771
0.24096
0.234246
0.238791
0.237209
0.233471
0.239
0.237374
0.236032
0.237714
0.231737
0.237382
0.230232
0.232062
0.238837
0.237431
0.237431
0.233522
0.233962
0.233646
0.2376
0.225236
0.231846
0.234987
0.23168
0.232022
0.235592
0.23699
0.235209
0.233744
0.235761
0.239063
0.240462
0.238943
0.238947
0.238947
0.240901
0.238672
0.241121
0.235692
0.241126
0.238834
0.235592
0.235644
0.234978
0.242479
0.238947
0.235369
0.235369
0.237002
0.2352
0.23493
0.233858
0.237548
0.240243
0.230779
0.230779
0.231789
0.230448
0.237107
0.233806
0.24085
0.24085
0.236829
0.240844
0.24465
0.239275
0.238721
0.235256
0.237216
0.246329
0.245831
0.237216
0.238503
0.245554
0.247566
0.24085
0.242696
0.231002
0.241179
0.238947
0.242362
0.23783
0.23716
0.233429
0.238675
0.238675
0.231618
0.234023
0.235317
0.233579
0.239394
0.233967
0.235474
0.233579
0.236942
0.233806
0.237382
0.242975
0.238953
0.242362
0.244429
0.240791
0.242748
0.246442
0.244207
0.235592
0.241126
0.24908
0.235761
0.235587
0.235587
0.24225
0.242526
0.242252
0.235862
0.238788
0.239219
0.238784
0.237216
0.239053
0.244263
0.235152
0.241405
0.235535
0.2357
0.239059
0.237378
0.237047
0.239003
0.239166
0.24275
0.242418
0.239056
0.239056
0.242634
0.240794
0.244317
0.242304
0.239053
0.244095
0.242467
0.244319
0.243085
0.246053
0.245554
0.236776
0.236998
0.237059
0.242369
0.24085
0.233796
0.24247
0.237209
0.232502
0.237269
0.237322
0.237484
0.240459
0.237484
0.230181
0.240794
0.239056
0.242306
0.242917
0.240906
0.238894
0.240903
0.244592
0.244592
0.246607
0.240687
0.24589
0.240518
0.239394
0.240794
0.242203
0.242692
0.244152
0.24264
0.249801
0.240903
0.240571
0.238947
0.238675
0.237318
0.239003
0.239003
0.235866
0.237051
0.237551
0.236986
0.23699
0.236942
0.239059
0.237551
0.239282
0.239166
0.240788
0.239116
0.246108
0.242804
0.24801
0.237661
0.248121
0.241292
0.242692
0.244208
0.239169
0.240796
0.242638
0.242971
0.242971
0.244259
0.246277
0.241182
0.24275
0.246218
0.240737
0.23889
0.247623
0.237936
0.238453
0.235988
0.24063
0.237996
0.237216
0.244706
0.242746
0.238668
0.242856
0.242694
0.237544
0.239225
0.244594
0.246607
0.24325
0.249468
0.240794
0.240794
0.246441
0.241289
0.247676
0.248232
0.245994
0.244762
0.242642
0.243079
0.240625
0.250135
0.248066
0.239727
0.240906
0.237661
0.239006
0.240906
0.241018
0.24096
0.24096
0.243081
0.239673
0.241128
0.244541
0.244595
0.244264
0.239507
0.239507
0.239786
0.241126
0.246054
0.246276
0.246276
0.24286
0.244541
0.244874
0.251594
0.246052
0.242584
0.243085
0.246328
0.248123
0.245833
0.239219
0.242248
0.244592
0.239225
0.242308
0.239498
0.242694
0.242586
0.242472
0.242472
0.241185
0.240906
0.242804
0.243085
0.246165
0.244931
0.239282
0.244482
0.244875
0.241241
0.244263
0.246608
0.241013
0.246165
0.240842
0.242308
0.251595
0.247512
0.241348
0.241348
0.245885
0.244429
0.244539
0.244815
0.242528
0.244263
0.244263
0.242636
0.244595
0.24465
0.242196
0.239783
0.2357
0.230831
0.239388
0.246274
0.240406
0.242748
0.238615
0.244202
0.241177
0.242199
0.246274
0.24969
0.24633
0.242582
0.249412
0.244431
0.244818
0.242917
0.246605
0.249468
0.24269
0.245777
0.247787
0.249579
0.245999
0.244429
0.246329
0.246164
0.242804
0.244376
0.242967
0.244261
0.239228
0.242526
0.237333
0.240847
0.242416
0.242532
0.246
0.246
0.244373
0.240957
0.239557
0.239557
0.242748
0.248288
0.251759
0.244933
0.246165
0.250358
0.251314
0.247955
0.244816
0.244986
0.23967
0.2479
0.24969
0.24286
0.242692
0.244319
0.244654
0.249579
0.240799
0.240799
0.244154
0.249912
0.241297
0.240903
0.241456
0.241011
0.237551
0.239228
0.244319
0.242914
0.244928
0.246775
0.244319
0.241069
0.244375
0.242752
0.24275
0.249912
0.246333
0.248121
0.248121
0.246274
0.251983
0.242698
0.245558
0.244541
0.244429
0.252883
0.244874
0.242804
0.242973
0.239557
0.242862
0.248066
0.248066
0.242921
0.243029
0.243029
0.242364
0.244541
0.244595
0.235814
0.246664
0.2484
0.247843
0.241241
0.239116
0.243085
0.244319
0.241574
0.246828
0.242474
0.242474
0.244261
0.246219
0.246497
0.249912
0.24801
0.242865
0.242865
0.24236
0.244264
0.24611
0.244651
0.24969
0.249912
0.249912
0.244041
0.244765
0.239119
0.247899
0.242914
0.249857
0.241128
0.244483
0.244431
0.24622
0.241013
0.243137
0.246052
0.246052
0.244429
0.247789
0.248176
0.24264
0.244871
0.244871
0.2479
0.2479
0.249635
0.248177
0.244483
0.244483
0.251814
0.24242
0.244095
0.244373
0.249746
0.249523
0.249523
0.251258
0.246219
0.244373
0.248233
0.241625
0.238039
0.248511
0.242586
0.24622
0.244485
0.242809
0.246276
0.242917
0.244208
0.243025
0.249857
0.247955
0.25176
0.249635
0.248288
0.246331
0.248122
0.246832
0.248065
0.246387
0.247955
0.241238
0.247512
0.246499
0.246666
0.246277
0.241512
0.246443
0.247845
0.242977
0.245042
0.244706
0.242802
0.243581
0.243364
0.243029
0.24493
0.246387
0.241187
0.241517
0.246221
0.244595
0.249857
0.249857
0.24286
0.247512
0.241236
0.247844
0.249523
0.249413
0.253551
0.244821
0.24672
0.250981
0.244093
0.2479
0.246664
0.242252
0.243985
0.240569
0.241121
0.247954
0.246162
0.247843
0.245999
0.249523
0.237386
0.249913
0.245886
0.245886
0.244762
0.246109
0.246443
0.242862
0.244375
0.246273
0.24583
0.246218
0.246331
0.242528
0.249968
0.244317
0.2549
0.248065
0.245885
0.247954
0.249357
0.24236
0.245778
0.246164
0.248399
0.251537
0.241179
0.240901
0.243081
0.241128
0.241128
0.246386
0.244095
0.242636
0.235648
0.243135
0.237487
0.246497
0.248344
0.245609
0.251593
0.241236
0.250079
0.24801
0.24594
0.242971
0.251648
0.247621
0.251371
0.248121
0.250024
0.248343
0.24801
0.247843
0.247787
0.244431
0.240788
0.245833
0.245833
0.249579
0.249579
0.248066
0.248066
0.244151
0.239445
0.24572
0.244541
0.248121
0.242248
0.244375
0.247899
0.245942
0.247566
0.246105
0.247788
0.246273
0.244259
0.247678
0.24465
0.252093
0.246219
0.246219
0.244597
0.251537
0.248567
0.246331
0.250191
0.254897
0.2484
0.248288
0.24465
0.246166
0.244653
0.242923
0.247846
0.246555
0.2484
0.248345
0.241241
0.244767
0.24622
0.24622
0.241126
0.247165
0.24639
0.243087
0.239285
0.246608
0.250079
0.248066
0.241571
0.245554
0.24633
0.252939
0.24801
0.249246
0.247844
0.239394
0.244542
0.243029
0.246385
0.242364
0.242364
0.24801
0.24633
0.246165
0.251482
0.247788
0.247788
0.244431
0.243083
0.239166
0.227286
0.227286
0.201066
0.167188
0.139942
0.135741
0.121339
0.121339
0.122205
0.116704
0.114418
0.0922254
0.0947827
0.0947827
0.0896243
0.0881858
0.0705696
0.0685155
0.0555159
0.054849
0.0471499
0.0493411
0.0523227
0.0691824
0.0694291
0.0771265
0.0771265
0.0820369
0.087581
0.0984363
0.0984363
0.107508
0.140698
0.215816
0.341575
0.354424
0.379516
0.382011
0.362019
0.312796
0.227573
0.213562
0.195778
0.19138
0.16155
0.16155
0.150287
0.00895963
0.0084319
0.00731125
0.0180806
0.0157986
0.0233677
0.0128191
0.0128191
0.0110183
0.0175593
0.0121418
0.0190497
0.0122808
0.0141572
0.0194426
0.0148748
0.0165992
0.0196852
0.0141019
0.00897643
0.0157442
0.0212588
0.0145711
0.0145711
0.0163869
0.0176425
0.0141917
0.0126606
0.0104855
0.0104855
0.015827
0.0107899
0.0122177
0.01591
0.0122808
0.0141019
0.00701631
0.00921675
0.0140192
0.0140192
0.012053
0.01072
0.014026
0.0122682
0.0107838
0.0108785
0.00739814
0.0145024
0.0090584
0.0092872
0.0125976
0.0124392
0.00938122
0.00732176
0.00732176
0.0120467
0.0107838
0.00907004
0.00907004
0.0074035
0.0102512
0.0102512
0.0103914
0.00731648
0.0142398
0.00921675
0.00740892
0.0198445
0.0110308
0.00582562
0.0122049
0.0122049
0.0124522
0.0124522
0.0156
0.0126671
0.0161446
0.00906419
0.00945156
0.00929893
0.00433471
0.0126671
0.00905267
0.0165309
0.00913466
0.00724539
0.00905267
0.00921093
0.00606555
0.00606555
0.0129978
0.010961
0.014723
0.014723
0.0107838
0.00590724
0.0113356
0.00898792
0.0125151
0.0145711
0.0142536
0.0125151
0.0076437
0.011107
0.0125911
0.00764929
0.00575413
0.00575413
0.0111896
0.0126042
0.00206619
0.00591757
0.00190414
0.00936933
0.0141019
0.0073271
0.00552449
0.0196689
0.0111896
0.00733251
0.00733251
0.00897643
0.00884706
0.0138608
0.00922857
0.00748533
0.00756726
0.00945156
0.010866
0.010866
0.0106377
0.010936
0.0110883
0.00906419
0.00763818
0.00929304
0.00929304
0.00929304
0.0105616
0.00740892
0.012839
0.0158343
0.0158343
0.00788439
0.00983323
0.00260408
0.00771462
0.00432522
0.0104094
0.0104094
0.00930489
0.00544796
0.0039559
0.0071797
0.00757845
0.0161446
0.0161446
0.00914047
0.00551456
0.0117928
0.00409054
0.00409054
0.0107077
0.00213449
0.00710872
0.012915
0.0129978
0.0074035
0.0074035
0.00748533
0.0126869
0.00716902
0.00880727
0.0111007
0.0111007
0.00749082
0.0145641
0.00921093
0.00733796
0.0114182
0.0107138
0.00725072
0.0113356
0.00431596
0.011107
0.00796089
0.0107961
0.00447393
0.00447393
0.0109484
0.00921093
0.0109422
0.00907004
0.00733251
0.00756726
0.00785654
0.00867154
0.0145783
0.0146329
0.0146329
0.0056878
0.00236918
0.00583068
0.0078787
0.00599417
0.00543806
0.00543806
0.0107138
0.00763818
0.00763818
0.00402313
0.00575413
0.00906419
0.00324325
0.0147374
0.00325656
0.00584097
0.00899376
0.0092872
0.0110245
0.00952194
0.0089002
0.00915824
0.00244172
0.00551456
0.00726154
0.00355856
0.0058358
0.0058358
0.00764929
0.00929304
0.00702159
0.00891166
0.00757283
0.0124522
0.0058358
0.00574908
0.00559602
0.00590217
0.00912322
0.00708225
0.00708225
0.00386977
0.000719677
0.00370731
0.0122177
0.00521347
0.00899376
0.00732176
0.00598381
0.00598381
0.00764929
0.00710331
0.0105616
0.00386977
0.00370731
0.00694523
0.00694523
0.00597872
0.00717433
0.0121418
0.0074035
0.00378849
0.00378849
0.0036352
0.00898792
0.00198091
0.0037931
0.0037931
0.0107138
0.0108722
0.0125976
0.00875342
0.00733796
0.00598896
0.0074035
0.0110945
0.000631027
0.00575413
0.00732176
0.0036444
0.00401848
0.00630063
0.00630063
0.00630063
0.00922857
0.00936348
0.00621875
0.00621875
0.00559107
0.00566758
0.00615269
0.0113292
0.00953388
0.00756175
0.00756175
0.00733251
0.00778012
0.00722976
0.00591757
0.0107838
0.0107838
0.00426768
0.00732176
0.00560103
0.00723491
0.00723491
0.0042628
0.0074799
0.00228809
0.0126671
0.00770914
0.00230999
0.00530499
0.00530499
0.00710331
0.00794954
0.005453
0.00891166
0.00930489
0.00529992
0.00709266
0.0106438
0.00513698
0.00513698
0.00560103
0.00749082
0.00907004
0.0039559
0.00881835
0.00182325
0.00417184
0.00867154
0.00867154
0.00388399
0.00417652
0.00749082
0.00559602
0.00907004
0.00386977
0.00820889
0.00913466
0.0107717
0.0089059
0.00756726
0.005453
0.00780222
0.00229235
0.00905267
0.00409982
0.00544796
0.00724539
0.00897643
0.00897643
0.00536647
0.00868291
0.00575413
0.0111769
0.0111769
0.00740892
0.00899376
0.00899376
0.00370731
0.0088412
0.0124588
0.0056878
0.00560103
0.00560103
0.00167384
0.00536647
0.0108538
0.00717433
0.00739814
-0.00139276
0.00718513
0.00544298
0.0108785
0.00419584
0.00418607
0.00779106
0.00757283
0.00214736
0.00899965
0.00734348
0.00734348
0.0105555
0.00198511
0.00590217
1.94796e-05
0.00599943
0.00725072
0.00386515
0.00546846
0.00136686
0.00529492
0.00726154
0.00679781
0.00719616
0.0120788
0.00544796
0.00544796
0.00175896
0.00380727
0.00238237
0.00740892
0.00711419
0.00914633
0.00678729
0.0124588
0.0124588
0.00740892
0.00740892
0.00740892
0.00528997
0.00426768
0.00521347
0.00512732
0.00891166
0.000415747
0.00529492
0.00695055
0.0052086
0.0125216
0.00858976
0.00858976
0.00560103
0.00559107
0.00599417
0.00528508
0.00748533
0.00709266
0.00410934
0.00575923
