0.0506991
0.0482281
0.0492443
0.0492443
0.0572915
0.0573094
0.0478171
0.0576339
0.0485091
0.0512999
0.0513629
0.0517095
0.0443333
0.0590615
0.0447437
0.0453549
0.0453549
0.0597505
0.0464322
0.0482281
0.0506309
0.0541739
0.0569193
0.049265
0.0488557
0.0548869
0.0463685
0.0527892
0.0475552
0.0505917
0.0450495
0.0488557
0.0510378
0.042214
0.0531143
0.0548654
0.0496328
0.0449829
0.0488593
0.0488593
0.0513629
0.045049
0.0498934
0.0505414
0.0446161
0.0446161
0.0422762
0.0471876
0.0503258
0.0496113
0.046454
0.0478381
0.0527892
0.0643092
0.050996
0.0520343
0.0502176
0.0477963
0.0429271
0.0429271
0.047513
0.0600957
0.0527892
0.0527892
0.0464576
0.0534175
0.0534175
0.0562703
0.0562703
0.0562703
0.0468217
0.0468217
0.0552162
0.0512999
0.0538091
0.0569671
0.0604303
0.051059
0.0593858
0.0454147
0.0492443
0.0513207
0.0513417
0.0572915
0.0447437
0.0506916
0.0419388
0.0419388
0.0517523
0.0461071
0.0461071
0.0419091
0.0562276
0.0576354
0.0506309
0.0492238
0.048879
0.048879
0.0502828
0.0474516
0.0411958
0.0535235
0.048899
0.0523824
0.0626422
0.0626422
0.0492238
0.0517328
0.0481628
0.0524024
0.0453968
0.049286
0.0590228
0.0590228
0.0559249
0.057311
0.057311
0.0535235
0.0621485
0.054434
0.0478593
0.0478593
0.0591012
0.0614801
0.0485156
0.0471469
0.0541944
0.0498934
0.0554711
0.0464322
0.0408065
0.0544987
0.0512999
0.0440503
0.0503661
0.0443546
0.0506916
0.0489605
0.0520566
0.0527682
0.049569
0.0569408
0.0510244
0.0496328
0.0496328
0.0542152
0.0450301
0.0492036
0.051059
0.059426
0.0492238
0.0489397
0.0524024
0.0506508
0.0436825
0.0408548
0.0485348
0.0461286
0.0461071
0.0552339
0.0583037
0.0548441
0.0548441
0.0513207
0.0513207
0.0485739
0.040197
0.0555025
0.0535052
0.0538091
0.0503866
0.0468417
0.0572915
0.0572915
0.057332
0.0467634
0.043662
0.060117
0.0506508
0.0415437
0.0496328
0.0562496
0.0457195
0.0457195
0.0548441
0.0541944
0.0485987
0.0499362
0.0502485
0.0513629
0.0468619
0.0558385
0.0551686
0.0551686
0.0505917
0.0527475
0.0601386
0.0601386
0.0520792
0.053072
0.0503277
0.0632922
0.0569408
0.0500005
0.047513
0.0450892
0.0512794
0.049265
0.053465
0.0468619
0.0447458
0.0615214
0.0531214
0.0531214
0.0433364
0.0492238
0.0478381
0.0478381
0.0468013
0.0520383
0.052832
0.053093
0.0503458
0.0492747
0.0559046
0.0390532
0.0390532
0.0562703
0.0446861
0.0454559
0.0454559
0.0524272
0.0474516
0.0474516
0.0443124
0.0510378
0.049569
0.0471622
0.0454147
0.0454147
0.0460441
0.0426018
0.0479026
0.0394208
0.0485939
0.0401558
0.057311
0.0527475
0.0468238
0.0520383
0.047513
0.0419295
0.0426233
0.0460952
0.0464322
0.0437032
0.0429488
0.0507123
0.0418889
0.0418889
0.0509755
0.0492238
0.046779
0.046779
0.0500248
0.0549087
0.053465
0.053465
0.0510806
0.0471269
0.0467826
0.0562496
0.0524226
0.0524226
0.0503661
0.0468417
0.0507123
0.0506711
0.0506711
0.0559454
0.0559454
0.0440081
0.0477759
0.0520578
0.0478808
0.0520383
0.0474718
0.0512999
0.047534
0.0496368
0.0512794
0.0506508
0.0565739
0.0565739
0.0492029
0.0531358
0.0408487
0.0408487
0.0447242
0.042608
0.0478808
0.0541784
0.0576756
0.0453945
0.046454
0.048879
0.049958
0.0485311
0.0517328
0.0461071
0.0456993
0.0524024
0.0464576
0.0464576
0.0505725
0.0502867
0.0422345
0.0485534
0.0521177
0.0443546
0.0496328
0.0514283
0.0485939
0.0415834
0.0474922
0.0535052
0.0527682
0.0506711
0.0502675
0.0506711
0.0517316
0.0527682
0.0554927
0.0524226
0.0478171
0.0418689
0.0531401
0.0510378
0.0474922
0.057311
0.0594466
0.0566162
0.0520191
0.0509353
0.0477963
0.0538691
0.0478593
0.0548278
0.048899
0.0471263
0.037636
0.0531143
0.0531143
0.047513
0.0457607
0.047513
0.0492238
0.0496766
0.0479026
0.0548654
0.043662
0.0470878
0.04959
0.0532474
0.040523
0.0558608
0.0496557
0.0474922
0.0510633
0.0478593
0.0450495
0.0496113
0.0496113
0.048879
0.0482485
0.0569193
0.0520343
0.0440081
0.0442889
0.0485759
0.047513
0.047513
0.048971
0.048971
0.0429931
0.0485987
0.047513
0.0409116
0.0401157
0.0398503
0.0542152
0.0496113
0.0387279
0.0562496
0.0531143
0.048899
0.0418689
0.0544987
0.0534175
0.043662
0.0544782
0.0492238
0.0496181
0.0436673
0.0457399
0.0460649
0.0366897
0.0397904
0.0397904
0.0397904
0.0401763
0.0401763
0.0377111
0.0377111
0.0429708
0.0474922
0.0520578
0.0454147
0.0486451
0.0474922
0.0474718
0.0450715
0.0460858
0.0450892
0.0506711
0.047513
0.0477963
0.0555602
0.0432582
0.053093
0.0425805
0.0425805
0.0400709
0.0453945
0.050996
0.050996
0.0545194
0.0458244
0.0542152
0.0439467
0.0408487
0.0468417
0.0461136
0.0461136
0.043662
0.039768
0.0411314
0.0450047
0.0437032
0.0362443
0.0453073
0.0428962
0.0422974
0.0516878
0.0516878
0.0440718
0.0383821
0.0397518
0.0450109
0.0474922
0.0408924
0.0485348
0.0485534
0.0380565
0.0380565
0.0516878
0.048899
0.0492443
0.0471072
0.0471072
0.0419091
0.0380368
0.0393994
0.0440081
0.0440081
0.0384023
0.0457817
0.0457817
0.0415212
0.0345484
0.0317769
0.0317769
0.040502
0.040502
0.0401356
0.040523
0.0436825
0.0383425
0.0482281
0.0482281
0.0478593
0.0450267
0.0450267
0.0370586
0.0439874
0.040523
0.040523
0.0390325
0.0387696
0.0355878
0.0369949
0.0482682
0.0482682
0.0524024
0.0432206
0.0414862
0.0351997
0.0419503
0.0404609
0.0338988
0.0454352
0.0453745
0.0439669
0.0520566
0.0450715
0.0391386
0.0391386
0.0472083
0.0408702
0.0492443
0.0414992
0.0390532
0.0467634
0.0429708
0.0446583
0.0444421
0.0432773
0.0384228
0.048899
0.0461503
0.0516878
0.0461071
0.0443124
0.045049
0.045049
0.0425805
0.0433364
0.0397904
0.0352618
0.0415051
0.0415051
0.0513629
0.0415243
0.0422762
0.0306503
0.0359191
0.0545194
0.0545194
0.0415437
0.0513844
0.0390741
0.0482061
0.0478808
0.04959
0.0418689
0.0499362
0.0443333
0.0383821
0.0440936
0.0549087
0.0549087
0.056595
0.0412574
0.0502867
0.0474718
0.0440291
0.0450715
0.0450715
0.0450715
0.0514075
0.051645
0.0401763
0.0545478
0.0545478
0.0440503
0.0440081
0.0440081
0.0520775
0.046779
0.0394208
0.0400766
0.049958
0.04959
0.0506916
0.047534
0.0493073
0.0422465
0.0439669
0.0507123
0.0415634
0.0450301
0.0461503
0.0461503
0.042214
0.0415051
0.037689
0.0388123
0.0481843
0.0527068
0.049569
0.0397329
0.0397329
0.0437032
0.0460858
0.0460858
0.0352409
0.0415634
0.0401558
0.0401558
0.0409588
0.0492443
0.0492443
0.0439467
0.0467826
0.0453745
0.0453745
0.0489397
0.0489397
0.0436022
0.0457195
0.0506112
0.0331199
0.0331199
0.048899
0.048899
0.0510168
0.0485739
0.0425805
0.049286
0.0450692
0.0492238
0.0482504
0.0376037
0.0418689
0.0511244
0.0485534
0.0524639
0.0524639
0.0492443
0.0468417
0.0492036
0.0524024
0.0524024
0.0474718
0.045049
0.0398101
0.047534
0.0450943
0.0352618
0.0527068
0.0475768
0.0415437
0.0359352
0.0442712
0.0436219
0.0422974
0.0380565
0.0418492
0.0418689
0.048879
0.049958
0.0454271
0.0509755
0.0509755
0.0475985
0.0412401
0.0516878
0.0520792
0.0496113
0.0531143
0.0442916
0.0442916
0.0513207
0.0485091
0.0500203
0.0454147
0.0454147
0.0446583
0.0440081
0.0460858
0.0432963
0.0544987
0.0544987
0.0408487
0.0341379
0.0433364
0.0456993
0.0456993
0.0499362
0.0429488
0.043662
0.0373632
0.04998
0.0471269
0.0373417
0.0450301
0.0369537
0.0506309
0.0506508
0.0453745
0.0472083
0.0447015
0.0447015
0.0558847
0.0414992
0.0415243
0.0404011
0.0461323
0.0401356
0.0467826
0.046077
0.0531978
0.0405443
0.0408487
0.0408487
0.0432582
0.0442916
0.0408924
0.0415212
0.0432303
0.0408487
0.0408487
0.0415437
0.0425596
0.0299981
0.0373205
0.0310392
0.0516878
0.0415212
0.0506508
0.0450715
0.0408702
0.0408702
0.0450692
0.0450047
0.0468217
0.0437242
0.0365887
0.0463895
0.0485348
0.0520123
0.0429488
0.0450267
0.0492443
0.0559454
0.0479246
0.0479246
0.0479246
0.0513629
0.053093
0.0366084
0.053093
0.0510168
0.0519905
0.04998
0.0450692
0.04959
0.0492443
0.0478381
0.0478381
0.0471671
0.0436825
0.0439874
0.0439874
0.0513844
0.0481843
0.0481843
0.0471469
0.0513629
0.0424982
0.0544579
0.0390532
0.0516663
0.0531143
0.0531143
0.0443333
0.0436743
0.0317113
0.0527757
0.0447015
0.0447015
0.0415659
0.040523
0.0380368
0.0429708
0.0390741
0.0423196
0.0412401
0.0412401
0.0391606
0.0444421
0.0359963
0.0436418
0.0436418
0.0415834
0.0415834
0.0496113
0.0479228
0.036283
0.0393365
0.0440291
0.0440291
0.0426233
0.0426233
0.0410292
0.0417376
0.0332722
0.025888
0.0360845
0.0394803
0.0349047
0.0381828
0.0524779
0.0376635
0.0400802
0.0391581
0.0391581
0.0475568
0.0440732
0.0461265
0.0317381
0.0317381
0.0455033
0.0455033
0.0437103
0.0409335
0.0286738
0.0427625
0.0452012
0.0452012
0.0374047
0.0420061
0.0384515
0.0370612
0.0359768
0.0406099
0.0406099
0.0356511
0.0324442
0.0353075
0.0356942
0.0283319
0.0279873
0.0398628
0.0398628
0.0332102
0.0416354
0.0424059
0.0374698
0.0374698
0.0420398
0.0360333
0.0328873
0.0452012
0.0413525
0.0413525
0.0311734
0.0321833
0.0454829
0.0434283
0.0429897
0.0429897
0.0332733
0.0448579
0.0403066
0.0360333
0.0436904
0.0293193
0.0437716
0.0437716
0.0310934
0.0412935
0.0374454
0.0412935
0.0444379
0.0444379
0.0364566
0.0364566
0.0413326
0.034602
0.0395213
0.0395213
0.0387735
0.0339622
0.0332306
0.0388397
0.0451606
0.0447798
0.0395213
0.0420189
0.0447989
0.0402357
0.0395213
0.0444766
0.0374268
0.0296811
0.0320398
0.0377929
0.0367385
0.0381291
0.0283141
0.0436708
0.0335124
0.0394655
0.0398054
0.0353284
0.0353284
0.0387939
0.0353496
0.0300655
0.0331506
0.0489666
0.0394589
0.0394589
0.0436904
0.0248002
0.0395404
0.0310777
0.0310777
0.0317182
0.0409335
0.038492
0.0402453
0.0457844
0.040828
0.0401848
0.0380521
0.0299637
0.0299637
0.0440321
0.0324442
0.0384716
0.0384716
0.0380901
0.0418987
0.0418987
0.0415584
0.0260558
0.0361695
0.0384272
0.0803726
0.128735
0.20208
0.204777
0.209421
0.209421
0.189667
0.182606
0.179574
0.191959
0.196595
0.190729
0.190729
0.180902
0.19625
0.195263
0.188453
0.187324
0.190499
0.196291
0.200212
0.19227
0.20285
0.20285
0.187138
0.192065
0.188091
0.181064
0.181064
0.183479
0.182489
0.18219
0.189743
0.187072
0.178783
0.180953
0.180953
0.188208
0.18682
0.185787
0.185787
0.175578
0.175578
0.177102
0.314443
0.531002
0.79561
0.834406
0.772923
0.772923
0.559758
0.499853
0.469914
0.454769
0.448332
0.419912
0.419912
0.412626
0.430053
0.446126
0.47542
0.489447
0.489447
0.49951
0.528216
0.544191
0.575063
0.593565
0.619509
0.645067
0.654477
0.68786
0.690641
0.705763
0.700283
0.700283
0.717106
0.724726
0.735328
0.7416
0.734989
0.744882
0.752103
0.747131
0.74784
0.74829
0.749114
0.743542
0.743542
0.729732
0.734328
0.747132
0.747132
0.735872
0.746036
0.746036
0.744898
0.741571
0.743607
0.739324
0.73672
0.73672
0.731478
0.730831
0.72612
0.741571
0.737671
0.736757
0.736757
0.743101
0.730193
0.735042
0.730741
0.731067
0.734359
0.730155
0.735418
0.739403
0.730489
0.73867
0.726485
0.726485
0.712747
0.729209
0.712472
0.709192
0.721164
0.721164
0.704367
0.698686
0.691985
0.691985
0.688947
0.688026
0.688026
0.692951
0.683703
0.683134
0.673506
0.675928
0.652955
0.641159
0.659661
0.650459
0.659044
0.652283
0.635246
0.607422
0.586806
0.576018
0.536375
0.530146
0.577787
0.577787
0.550775
0.579891
0.625863
0.645374
0.657
0.661465
0.661465
0.630389
0.630389
0.600367
0.597138
0.594089
0.594089
0.611818
0.634355
0.643824
0.643824
0.636789
0.636789
0.633253
0.627777
0.623787
0.613499
0.615643
0.628563
0.638211
0.624076
0.631702
0.636998
0.635089
0.617551
0.618691
0.618691
0.615446
0.62631
0.620022
0.613982
0.628322
0.638581
0.638581
0.631581
0.635003
0.638026
0.637703
0.626256
0.621674
0.645293
0.644087
0.637118
0.613617
0.627415
0.638484
0.622424
0.629732
0.623297
0.631593
0.622836
0.619498
0.615335
0.615335
0.626254
0.617922
0.630655
0.625452
0.62804
0.62804
0.630281
0.635804
0.641776
0.63
0.625926
0.625926
0.630582
0.634351
0.621325
0.622162
0.622162
0.622775
0.612457
0.609802
0.624155
0.613761
0.60537
0.627429
0.624227
0.624861
0.612445
0.623733
0.630045
0.627494
0.631938
0.627509
0.625716
0.619204
0.617339
0.626924
0.626081
0.626081
0.625443
0.608653
0.632406
0.618165
0.617867
0.630514
0.618023
0.613996
0.614652
0.616338
0.611388
0.620117
0.616039
0.616039
0.630863
0.620674
0.626126
0.635651
0.634807
0.634807
0.607643
0.620898
0.625336
0.625143
0.612576
0.612576
0.623351
0.624058
0.613222
0.613645
0.616183
0.604479
0.604479
0.616009
0.616798
0.623394
0.621114
0.625721
0.616633
0.616633
0.620536
0.621775
0.618495
0.6254
0.609651
0.616624
0.623916
0.628113
0.620099
0.619332
0.62119
0.617108
0.616408
0.612135
0.609726
0.619671
0.610691
0.611489
0.611489
0.628148
0.619013
0.619308
0.621474
0.634455
0.615432
0.614433
0.621673
0.620338
0.619934
0.614343
0.626454
0.626454
0.626505
0.623436
0.614811
0.616657
0.612027
0.62074
0.616684
0.612463
0.612248
0.626372
0.615405
0.625849
0.628846
0.620174
0.615523
0.626406
0.631192
0.635458
0.6201
0.625403
0.637486
0.6296
0.628764
0.641945
0.641945
0.636764
0.624845
0.632766
0.628002
0.622436
0.620354
0.619468
0.619468
0.611586
0.611586
0.628545
0.620449
0.619904
0.619904
0.619826
0.620398
0.612582
0.618351
0.63419
0.630346
0.630346
0.619954
0.619999
0.633028
0.633028
0.624007
0.624007
0.633587
0.620712
0.625986
0.622789
0.606979
0.623573
0.623573
0.627074
0.624905
0.626063
0.634611
0.626917
0.634059
0.634059
0.627567
0.626431
0.624178
0.640383
0.627087
0.627087
0.628269
0.622258
0.629918
0.632639
0.627871
0.634717
0.634717
0.628702
0.629143
0.629143
0.627369
0.627227
0.628135
0.628135
0.63541
0.640581
0.628166
0.636535
0.628786
0.634882
0.634882
0.625273
0.62963
0.634072
0.644423
0.642702
0.642702
0.635427
0.639426
0.629984
0.631718
0.626546
0.633688
0.633688
0.636338
0.637918
0.641751
0.63518
0.632358
0.636599
0.638683
0.642261
0.639623
0.645718
0.637325
0.641613
0.641613
0.646763
0.633919
0.646438
0.643962
0.642427
0.644299
0.644299
0.646469
0.645966
0.633757
0.641364
0.638945
0.638945
0.640712
0.638326
0.639006
0.629909
0.637992
0.637198
0.637525
0.65158
0.643533
0.641152
0.639724
0.634135
0.643197
0.640048
0.640048
0.646907
0.657637
0.641364
0.646929
0.643914
0.651421
0.638065
0.643958
0.640861
0.640116
0.639449
0.639449
0.646582
0.644449
0.648813
0.649248
0.647748
0.648767
0.648767
0.654756
0.652266
0.647498
0.649485
0.645699
0.649676
0.649676
0.654447
0.653723
0.6514
0.646976
0.649258
0.649258
0.644345
0.643763
0.650955
0.654293
0.650819
0.650819
0.639834
0.667177
0.654327
0.66052
0.66175
0.66175
0.662931
0.660795
0.660844
0.650738
0.662622
0.666587
0.657858
0.648119
0.65627
0.663369
0.660968
0.66184
0.665129
0.665129
0.656572
0.656224
0.65874
0.660648
0.655439
0.650073
0.672131
0.657807
0.667214
0.650411
0.662767
0.659134
0.652996
0.661074
0.660568
0.653427
0.652692
0.666293
0.655213
0.655213
0.667336
0.661843
0.66418
0.662232
0.662232
0.654007
0.657972
0.667856
0.66052
0.666451
0.652881
0.652881
0.667438
0.663321
0.667876
0.67646
0.672934
0.672934
0.672271
0.67718
0.672934
0.673899
0.671332
0.678837
0.676018
0.674987
0.681419
0.672686
0.678285
0.676478
0.676478
0.685031
0.672734
0.672088
0.67323
0.682219
0.669942
0.669942
0.682845
0.667431
0.675665
0.680699
0.692044
0.682225
0.679594
0.684692
0.677917
0.686411
0.681437
0.677178
0.677178
0.6756
0.690236
0.679252
0.677607
0.68625
0.68625
0.690007
0.668701
0.67241
0.67241
0.678076
0.682262
0.679254
0.683031
0.681861
0.673277
0.680542
0.680542
0.676672
0.677859
0.688225
0.681246
0.684843
0.691716
0.697003
0.688245
0.691768
0.691885
0.689425
0.684786
0.686714
0.682349
0.689783
0.693041
0.686851
0.686851
0.694063
0.684831
0.689844
0.689844
0.689844
0.690346
0.690346
0.683733
0.681368
0.686493
0.688925
0.691046
0.694185
0.694185
0.690973
0.691916
0.69026
0.691737
0.691737
0.683399
0.683931
0.686941
0.689226
0.686374
0.683314
0.689129
0.689709
0.689709
0.691487
0.688187
0.689928
0.68909
0.68909
0.690897
0.694872
0.691234
0.689132
0.687402
0.692572
0.692572
0.69591
0.698125
0.701476
0.701476
0.693853
0.696976
0.692188
0.695798
0.695798
0.692868
0.694526
0.689881
0.692124
0.692124
0.690681
0.693349
0.687214
0.687558
0.687558
0.6955
0.6955
0.694096
0.694747
0.701776
0.70394
0.700404
0.700404
0.691075
0.703131
0.698715
0.699077
0.700277
0.703616
0.703616
0.698608
0.700178
0.696832
0.697195
0.703842
0.703842
0.704341
0.701509
0.701509
0.692154
0.698296
0.687107
0.687107
0.706751
0.696815
0.697694
0.707471
0.710251
0.702806
0.711041
0.706578
0.71647
0.712355
0.710643
0.717991
0.717991
0.706749
0.702651
0.715215
0.705562
0.71633
0.718022
0.705365
0.703765
0.706813
0.708643
0.708692
0.70443
0.702944
0.702944
0.699092
0.699065
0.701035
0.705308
0.714307
0.714307
0.710553
0.704888
0.705024
0.698698
0.712279
0.71588
0.706347
0.706347
0.712937
0.713468
0.711067
0.704701
0.705865
0.705592
0.708045
0.716136
0.711376
0.713468
0.716619
0.725752
0.725752
0.73094
0.711479
0.720756
0.717239
0.720751
0.706116
0.710983
0.703825
0.714226
0.706108
0.637157
0.651692
0.605928
0.611178
0.613016
0.614574
0.614574
0.64937
0.729828
0.781148
0.820217
0.86836
0.897499
0.897499
0.959435
0.951465
0.796481
0.799645
0.799645
0.687647
0.687647
0.717999
0.72671
0.701655
0.680583
0.670016
0.675178
0.654451
0.664303
0.633516
0.630427
0.611735
0.622907
0.612894
0.636044
0.6445
0.647878
0.619021
0.618429
0.597643
0.598277
0.588277
0.589429
0.574602
0.584427
0.581255
0.578988
0.562329
0.548276
0.539673
0.530656
0.52162
0.52162
0.5212
0.512344
0.513432
0.505598
0.512495
0.502481
0.500774
0.492205
0.487174
0.47303
0.470842
0.476819
0.470248
0.473307
0.469753
0.471675
0.478197
0.464859
0.475423
0.479653
0.46759
0.464
0.462038
0.466741
0.466741
0.466741
0.453689
0.456744
0.449649
0.449408
0.450797
0.440708
0.441803
0.433885
0.436774
0.440143
0.434826
0.43894
0.431834
0.41837
0.428365
0.436549
0.423313
0.42668
0.427958
0.427958
0.411167
0.408691
0.420917
0.420917
0.417645
0.411667
0.416706
0.413108
0.413499
0.399546
0.402754
0.397391
0.399473
0.399473
0.398594
0.385654
0.385654
0.391718
0.379625
0.387666
0.38453
0.387631
0.38079
0.375886
0.375886
0.375817
0.375925
0.367222
0.373916
0.373916
0.375544
0.369097
0.366999
0.366999
0.376978
0.376768
0.376768
0.373147
0.370871
0.370905
0.368895
0.373324
0.378948
0.372639
0.365749
0.36057
0.356435
0.341596
0.352687
0.352687
0.36171
0.353072
0.357536
0.365921
0.367192
0.349067
0.349067
0.343763
0.354702
0.353545
0.337069
0.340724
0.355956
0.347739
0.352793
0.349308
0.354818
0.34654
0.344627
0.343471
0.340171
0.31918
0.333092
0.34197
0.342185
0.325427
0.325427
0.323737
0.327357
0.322112
0.307005
0.324137
0.322533
0.322533
0.337109
0.33716
0.331724
0.332921
0.325869
0.325869
0.311105
0.316188
0.310073
0.308111
0.313441
0.321652
0.321652
0.313952
0.31764
0.315534
0.309256
0.309941
0.309225
0.306782
0.306782
0.309851
0.297821
0.31986
0.316402
0.315494
0.315494
0.317104
0.305784
0.316791
0.320884
0.322862
0.331389
0.331389
0.303304
0.308523
0.310845
0.310451
0.310451
0.3154
0.308935
0.30878
0.295244
0.296488
0.297349
0.297349
0.300455
0.300403
0.289335
0.288515
0.288653
0.288653
0.295603
0.297
0.306695
0.297256
0.292378
0.296403
0.294825
0.286269
0.298042
0.296267
0.284459
0.284459
0.28751
0.289703
0.296566
0.299161
0.297356
0.289442
0.287883
0.283391
0.286839
0.277603
0.282199
0.282199
0.292381
0.292381
0.292381
0.271196
0.279147
0.290318
0.282199
0.289529
0.294528
0.294537
0.289534
0.289534
0.290769
0.28604
0.282997
0.282997
0.279734
0.283061
0.285088
0.276845
0.27622
0.291366
0.295093
0.288421
0.288421
0.298417
0.301651
0.301651
0.290052
0.284043
0.295821
0.295821
0.304175
0.304175
0.296633
0.293384
0.30771
0.303296
0.303875
0.301144
0.313764
0.312492
0.288943
0.298834
0.294649
0.294649
0.291471
0.287629
0.300641
0.289172
0.296032
0.30246
0.30246
0.30246
0.302222
0.299108
0.296472
0.303303
0.309781
0.320467
0.319752
0.325728
0.326442
0.3282
0.3282
0.332631
0.331656
0.328268
0.34897
0.339589
0.338247
0.338247
0.345506
0.337947
0.341648
0.355189
0.340709
0.316846
0.316846
0.277242
0.299607
0.296624
0.296624
0.272414
0.272414
0.291718
0.309107
0.306666
0.310664
0.307714
0.331883
0.331883
0.340265
0.269943
0.259923
0.276217
0.207055
0.207055
0.227881
0.250599
0.23644
0.235644
0.231311
0.230245
0.230245
0.227229
0.232333
0.224196
0.219987
0.219042
0.216541
0.216541
0.222642
0.215692
0.226623
0.226623
0.227007
0.229095
0.229095
0.227848
0.225591
0.234075
0.223863
0.229956
0.231235
0.236781
0.231066
0.239653
0.237862
0.239569
0.237747
0.237747
0.248712
0.251742
0.253912
0.247133
0.243972
0.25836
0.25836
0.261912
0.25926
0.25926
0.272409
0.272409
0.273354
0.284817
0.281285
0.281463
0.282678
0.279602
0.279602
0.285618
0.302921
0.280294
0.289197
0.302285
0.302285
0.299172
0.299341
0.293364
0.296505
0.29855
0.29855
0.296562
0.316368
0.316368
0.322714
0.340083
0.331398
0.331398
0.328864
0.335086
0.340204
0.332767
0.332495
0.332495
0.341786
0.353933
0.353933
0.340832
0.347823
0.347823
0.344884
0.347032
0.349522
0.358964
0.358581
0.351183
0.36332
0.377028
0.379719
0.377694
0.383028
0.386586
0.386586
0.381282
0.384495
0.387512
0.379762
0.386494
0.375833
0.381554
0.380076
0.3784
0.3784
0.376808
0.377221
0.381828
0.3657
0.380187
0.378688
0.393379
0.378274
0.378274
0.397603
0.393729
0.392075
0.408331
0.398039
0.395332
0.395332
0.386541
0.391858
0.392707
0.405013
0.408587
0.403941
0.400023
0.386147
0.387961
0.384052
0.384642
0.393784
0.376758
0.383255
0.376264
0.392818
0.381061
0.381061
0.386367
0.388219
0.385416
0.381057
0.392262
0.3792
0.3792
0.377006
0.398263
0.398263
0.388933
0.382333
0.389706
0.380936
0.387113
0.38274
0.379588
0.37925
0.383148
0.379852
0.382658
0.383102
0.383342
0.383847
0.383847
0.386883
0.394986
0.385473
0.385801
0.381381
0.381381
0.389267
0.390963
0.390342
0.394683
0.39244
0.39244
0.379901
0.378704
0.376498
0.389872
0.378922
0.387426
0.387426
0.39487
0.39907
0.400055
0.395503
0.405851
0.394833
0.388306
0.398635
0.379682
0.390332
0.390788
0.381491
0.382842
0.389438
0.380168
0.384544
0.386502
0.384523
0.379284
0.38691
0.382936
0.38077
0.371575
0.372034
0.3715
0.379196
0.3822
0.388803
0.383181
0.385651
0.394481
0.386733
0.380923
0.387105
0.387811
0.385313
0.39056
0.391827
0.38611
0.38611
0.387614
0.383679
0.379252
0.383598
0.383598
0.37786
0.383865
0.352732
0.347622
0.360459
0.373815
0.395653
0.41777
0.456826
0.486724
0.499514
0.524389
0.542096
0.580655
0.58485
0.535415
0.511994
0.511703
0.474299
0.447566
0.447566
0.447566
0.465208
0.468432
0.455482
0.45636
0.457274
0.461448
0.460296
0.460296
0.468848
0.458324
0.458324
0.465702
0.464617
0.481466
0.473155
0.478923
0.475102
0.475102
0.476943
0.476682
0.468582
0.471725
0.472212
0.461995
0.461995
0.470362
0.470362
0.453372
0.453372
0.442657
0.446404
0.449096
0.456014
0.467953
0.467953
0.464735
0.46221
0.46221
0.46971
0.447421
0.458848
0.459847
0.455211
0.457361
0.462096
0.465983
0.454369
0.456798
0.449169
0.449169
0.447601
0.446941
0.443337
0.449344
0.456745
0.455101
0.455101
0.463354
0.469395
0.477983
0.476489
0.469065
0.469622
0.464066
0.463493
0.46791
0.455795
0.464778
0.464735
0.464735
0.457721
0.473734
0.466449
0.46048
0.463817
0.472088
0.467275
0.467275
0.471356
0.48099
0.486095
0.477702
0.487315
0.477466
0.480211
0.487733
0.475424
0.474991
0.477662
0.477662
0.509042
0.53725
0.574738
0.593535
0.571612
0.553975
0.528205
0.528296
0.52248
0.522368
0.51794
0.537838
0.541329
0.540451
0.553902
0.553902
0.554661
0.548572
0.552191
0.550907
0.562165
0.557934
0.563195
0.563195
0.572171
0.57079
0.582518
0.581763
0.582372
0.583995
0.583306
0.59147
0.59603
0.592444
0.595978
0.588385
0.595898
0.595898
0.59478
0.601157
0.607781
0.602733
0.608373
0.608373
0.604151
0.601369
0.601293
0.597428
0.602196
0.606858
0.603913
0.612517
0.607488
0.602171
0.60737
0.609942
0.61195
0.604969
0.610223
0.606695
0.61508
0.61513
0.618505
0.61836
0.61836
0.619987
0.623233
0.614604
0.614604
0.616569
0.624722
0.62125
0.623563
0.626662
0.62534
0.618104
0.618104
0.625022
0.613645
0.619104
0.62222
0.62222
0.62532
0.62532
0.62185
0.621921
0.623413
0.623651
0.627985
0.630993
0.6281
0.626531
0.63852
0.63852
0.622331
0.628616
0.624421
0.633343
0.627365
0.62852
0.638219
0.63826
0.63826
0.646616
0.640119
0.637072
0.643172
0.640191
0.63703
0.640368
0.64353
0.633407
0.642019
0.642019
0.635378
0.635378
0.641702
0.64532
0.633767
0.641427
0.633869
0.6384
0.6384
0.636211
0.636675
0.64289
0.644327
0.639406
0.63831
0.645158
0.639629
0.639629
0.651106
0.644663
0.644663
0.63984
0.646546
0.646224
0.6545
0.643437
0.655037
0.645419
0.650227
0.650227
0.64701
0.648063
0.651797
0.651797
0.63457
0.653098
0.643852
0.642012
0.655612
0.648397
0.648397
0.651143
0.63984
0.647874
0.65463
0.643246
0.64979
0.64641
0.648253
0.647454
0.649283
0.65625
0.65625
0.650253
0.65438
0.645327
0.651304
0.651179
0.65876
0.65876
0.655621
0.654576
0.656937
0.659025
0.657377
0.657377
0.656693
0.655487
0.669101
0.656983
0.654127
0.659716
0.655068
0.654173
0.66274
0.64845
0.656446
0.65729
0.65729
0.664884
0.655022
0.65389
0.651921
0.665324
0.659165
0.661643
0.661643
0.66628
0.662931
0.656115
0.665009
0.656378
0.658104
0.663829
0.66512
0.662441
0.662441
0.663532
0.663532
0.658551
0.660036
0.661663
0.666805
0.666805
0.666805
0.66577
0.661419
0.665753
0.661546
0.661302
0.67479
0.660871
0.661716
0.664957
0.668526
0.669653
0.666187
0.666187
0.662775
0.672094
0.664105
0.675997
0.675997
0.664876
0.664051
0.671626
0.666506
0.665751
0.675426
0.67135
0.670747
0.66331
0.66331
0.675039
0.675039
0.666395
0.66357
0.666378
0.675472
0.674781
0.668426
0.668426
0.670407
0.677861
0.672832
0.666234
0.675735
0.677922
0.671558
0.674647
0.672961
0.676278
0.67787
0.67787
0.683453
0.674016
0.671737
0.677858
0.677858
0.68206
0.673431
0.682298
0.677335
0.684965
0.682298
0.679023
0.676746
0.676746
0.673512
0.674916
0.687035
0.685153
0.684567
0.67925
0.682504
0.682504
0.680211
0.682438
0.680612
0.685522
0.685522
0.684638
0.683431
0.685026
0.685026
0.682167
0.682167
0.683613
0.67871
0.688962
0.685044
0.685446
0.680354
0.680364
0.680623
0.690879
0.674763
0.677096
0.680384
0.680384
0.688141
0.681387
0.673371
0.68489
0.676649
0.676638
0.678522
0.678522
0.686259
0.675971
0.67848
0.683401
0.683401
0.687104
0.680755
0.682602
0.688054
0.689388
0.689388
0.685663
0.678402
0.677428
0.684002
0.673244
0.683776
0.685663
0.685663
0.675796
0.683604
0.685901
0.685469
0.692054
0.683162
0.681
0.68833
0.689972
0.68755
0.68755
0.685707
0.683596
0.683374
0.683811
0.683565
0.689474
0.689474
0.679084
0.676773
0.682591
0.683079
0.683079
0.687282
0.687721
0.682853
0.688221
0.685634
0.685382
0.689133
0.689133
0.678846
0.682096
0.683748
0.692001
0.688909
0.690063
0.690063
0.698784
0.683565
0.683565
0.677897
0.691035
0.691035
0.688196
0.687756
0.683796
0.684224
0.69274
0.691285
0.691285
0.697116
0.689643
0.682783
0.685857
0.68912
0.68912
0.691939
0.687475
0.682315
0.688659
0.694276
0.697789
0.697789
0.687941
0.694274
0.689123
0.695925
0.698515
0.699897
0.690309
0.69643
0.690334
0.695932
0.699213
0.691074
0.688472
0.699203
0.687509
0.688919
0.694058
0.687258
0.693818
0.6971
0.690535
0.695442
0.679022
0.69685
0.69685
0.690294
0.690753
0.694272
0.689105
0.69286
0.696378
0.697564
0.684886
0.696378
0.702004
0.687699
0.687699
0.702705
0.703173
0.70224
0.694736
0.693571
0.696143
0.696143
0.691
0.68653
0.694749
0.68888
0.700141
0.698728
0.698021
0.694736
0.696844
0.692153
0.692625
0.689343
0.689343
0.69826
0.69474
0.696622
0.692151
0.691467
0.698953
0.704352
0.698028
0.705064
0.691464
0.701551
0.69848
0.699426
0.699426
0.697104
0.703414
0.696379
0.697312
0.69286
0.69286
0.698018
0.703641
0.696142
0.699189
0.701299
0.702469
0.702469
0.702468
0.702468
0.699426
0.693586
0.699424
0.70318
0.694502
0.700831
0.702949
0.69943
0.702957
0.699926
0.699926
0.695915
0.710915
0.706473
0.702712
0.694274
0.703928
0.703928
0.693348
0.701072
0.702028
0.699425
0.697785
0.688176
0.688176
0.69451
0.694974
0.694974
0.694266
0.696143
0.696143
0.6877
0.693793
0.697791
0.68982
0.690747
0.687943
0.687943
0.70296
0.70296
0.710683
0.699449
0.696161
0.69287
0.69287
0.70413
0.698056
0.698056
0.701575
0.703952
0.703952
0.692889
0.70296
0.703198
0.701558
0.702957
0.702968
0.702968
0.701072
0.708593
0.708345
0.704591
0.694325
0.702714
0.702714
0.701314
0.700875
0.70296
0.698034
0.698956
0.691237
0.70157
0.70321
0.702005
0.696168
0.702737
0.701596
0.701596
0.69618
0.706025
0.701818
0.706974
0.698538
0.700201
0.695513
0.702968
0.707651
0.700898
0.701575
0.701077
0.701077
0.69993
0.698056
0.70296
0.702241
0.704359
0.712309
0.712309
0.700363
0.710921
0.703886
0.714447
0.701093
0.701093
0.712329
0.707664
0.705795
0.709547
0.709547
0.704611
0.711927
0.70768
0.699716
0.711236
0.710079
0.715617
0.715617
0.701854
0.707908
0.705353
0.713326
0.702094
0.708147
0.708147
0.700406
0.70669
0.701346
0.700195
0.712809
0.712809
0.707005
0.706498
0.709286
0.707903
0.706264
0.708381
0.70766
0.70882
0.703469
0.711669
0.707903
0.702271
0.710568
0.695964
0.705133
0.706954
0.699264
0.705437
0.693431
0.697133
0.699481
0.701628
0.695073
0.698581
0.705635
0.705635
0.711927
0.709804
0.708644
0.710328
0.709781
0.709313
0.709313
0.707005
0.704875
0.697101
0.710947
0.701367
0.701367
0.701776
0.701776
0.714305
0.709533
0.710304
0.699995
0.706561
0.706335
0.709838
0.707327
0.708698
0.700501
0.702132
0.71338
0.707067
0.705837
0.713363
0.70705
0.704921
0.704407
0.716879
0.710969
0.701891
0.700725
0.707425
0.707425
0.703748
0.708673
0.708411
0.705403
0.713754
0.713588
0.713588
0.706786
0.701635
0.707059
0.706065
0.710975
0.710975
0.710604
0.712379
0.704453
0.701416
0.700034
0.704954
0.703565
0.713639
0.70632
0.715036
0.709846
0.707067
0.712914
0.712914
0.703048
0.712767
0.696217
0.710079
0.706561
0.702124
0.709838
0.702792
0.717754
0.706286
0.715621
0.70681
0.70681
0.720393
0.715648
0.715648
0.714993
0.720153
0.715001
0.715001
0.709637
0.714925
0.715675
0.709637
0.711527
0.715682
0.715018
0.711779
0.71557
0.709637
0.709889
0.719947
0.711769
0.718301
0.711025
0.708241
0.695839
0.712001
0.712001
0.711501
0.711501
0.713363
0.709343
0.719657
0.719657
0.717773
0.710493
0.707445
0.711244
0.711244
0.709115
0.712392
0.710363
0.71452
0.71639
0.714561
0.718571
0.7238
0.7238
0.709938
0.728672
0.715064
0.716702
0.720208
0.720208
0.720481
0.715924
0.714794
0.716181
0.718043
0.718043
0.720439
0.706568
0.715518
0.715009
0.715902
0.71895
0.712889
0.713156
0.708966
0.708966
0.717165
0.723491
0.719715
0.719086
0.721623
0.724374
0.720828
0.719191
0.719191
0.719222
0.722775
0.721361
0.720272
0.714822
0.727289
0.715306
0.720634
0.722738
0.712914
0.717854
0.717811
0.707644
0.707644
0.711251
0.714552
0.711742
0.718301
0.715518
0.715518
0.710634
0.711518
0.712011
0.712011
0.712021
0.71457
0.71457
0.71457
0.721326
0.714185
0.713175
0.713175
0.714589
0.719734
0.717207
0.711798
0.71645
0.720515
0.707811
0.710203
0.712073
0.712073
0.717472
0.711294
0.714318
0.720617
0.713566
0.716712
0.713194
0.714785
0.721633
0.712414
0.725993
0.71732
0.716441
0.716944
0.716944
0.719184
0.719214
0.719214
0.717594
0.716924
0.716199
0.718339
0.721148
0.717631
0.717631
0.71645
0.717092
0.721655
0.728488
0.719492
0.719492
0.717265
0.719427
0.716278
0.711099
0.708564
0.711303
0.723017
0.71701
0.717585
0.721391
0.719734
0.717218
0.719734
0.727915
0.712897
0.719996
0.709629
0.721138
0.712923
0.712923
0.713437
0.710458
0.711322
0.7165
0.707169
0.713758
0.706406
0.711609
0.718381
0.710203
0.721391
0.719808
0.719808
0.720564
0.71729
0.708576
0.709917
0.702274
0.715117
0.709959
0.703391
0.715129
0.70663
0.71016
0.71069
0.71069
0.709063
0.710424
0.710424
0.703381
0.714599
0.727071
0.727071
0.717845
0.71646
0.709684
0.716733
0.719511
0.721677
0.720935
0.718683
0.714028
0.70997
0.715384
0.718127
0.718127
0.719015
0.721168
0.721168
0.711609
0.721445
0.716778
0.716778
0.714015
0.722431
0.716766
0.723314
0.719754
0.725959
0.725959
0.720877
0.717884
0.714336
0.715974
0.721689
0.719492
0.718349
0.72843
0.719744
0.72745
0.717108
0.72684
0.72684
0.720515
0.721666
0.713734
0.720052
0.717406
0.718439
0.709715
0.709715
0.716034
0.721701
0.725888
0.720052
0.720064
0.715164
0.710262
0.724637
0.714885
0.724093
0.724093
0.718117
0.719231
0.721381
0.723665
0.721148
0.721909
0.721909
0.721422
0.72546
0.724401
0.724401
0.715749
0.723569
0.718722
0.726365
0.721909
0.711597
0.722572
0.719553
0.712534
0.719797
0.716744
0.719956
0.716814
0.715106
0.718722
0.715202
0.72004
0.723569
0.724509
0.716569
0.719575
0.724107
0.713723
0.723059
0.72307
0.713236
0.71679
0.71679
0.725855
0.713502
0.724463
0.712377
0.709993
0.714874
0.712992
0.725356
0.721434
0.714896
0.72423
0.72423
0.719064
0.709981
0.711398
0.714356
0.718736
0.718722
0.718722
0.715692
0.715152
0.716312
0.708121
0.713306
0.713306
0.713851
0.720308
0.720308
0.720052
0.726891
0.713247
0.713247
0.724729
0.718696
0.721944
0.72937
0.720296
0.723985
0.706739
0.71982
0.720691
0.721135
0.717046
0.716827
0.719599
0.714675
0.718722
0.722326
0.724134
0.715202
0.722604
0.722604
0.720631
0.713332
0.720645
0.725526
0.721982
0.720645
0.720114
0.71795
0.71795
0.724134
0.719239
0.711926
0.721434
0.711375
0.720308
0.714141
0.712769
0.722593
0.717343
0.717343
0.724985
0.720681
0.721481
0.73154
0.721493
0.71141
0.71141
0.71714
0.717974
0.721426
0.719856
0.716564
0.72066
0.715734
0.718232
0.720101
0.723182
0.719922
0.718517
0.714387
0.724438
0.724193
0.729115
0.72224
0.718477
0.720631
0.720631
0.724509
0.722512
0.715177
0.718994
0.724474
0.721996
0.722861
0.724521
0.724521
0.718258
0.73072
0.733759
0.713879
0.72115
0.721545
0.721778
0.718285
0.7204
0.719084
0.72321
0.722557
0.724714
0.725368
0.714371
0.722833
0.722833
0.711939
0.714187
0.715503
0.71688
0.723646
0.720645
0.720645
0.717401
0.714111
0.717098
0.726673
0.722627
0.722627
0.718439
0.72313
0.721506
0.710055
0.717662
0.716894
0.716894
0.725584
0.726157
0.722066
0.712256
0.712256
0.716349
0.716564
0.718763
0.718763
0.724754
0.722051
0.715532
0.732975
0.725353
0.720736
0.718258
0.715857
0.715857
0.719844
0.720429
0.713879
0.722051
0.73049
0.722009
0.713037
0.723155
0.716336
0.716024
0.720935
0.718245
0.718245
0.71684
0.723948
0.719869
0.721299
0.719314
0.70737
0.716115
0.718792
0.714125
0.724288
0.723374
0.723374
0.722619
0.723456
0.723442
0.723442
0.719544
0.717446
0.717446
0.727793
0.716024
0.716009
0.717112
0.722296
0.722296
0.725309
0.72505
0.720489
0.720183
0.726959
0.712675
0.721165
0.721165
0.713662
0.723933
0.725078
0.71849
0.71849
0.732125
0.725661
0.718837
0.716923
0.718837
0.718285
0.718575
0.718575
0.724272
0.727019
0.723717
0.723732
0.723732
0.723428
0.720705
0.724025
0.723687
0.727234
0.724546
0.728581
0.728581
0.715503
0.716894
0.72884
0.73052
0.725078
0.725078
0.728364
0.723414
0.729163
0.729163
0.72887
0.72887
0.720505
0.716088
0.723426
0.728624
0.723224
0.725353
0.727281
0.73379
0.720227
0.7309
0.729163
0.733821
0.729951
0.729782
0.727464
0.728581
0.71278
0.723933
0.724535
0.724535
0.727004
0.730044
0.730044
0.721027
0.725064
0.728308
0.728308
0.727265
0.728378
0.73075
0.73052
0.726468
0.727339
0.731925
0.72182
0.721602
0.7341
0.730059
0.719936
0.728933
0.728378
0.728378
0.722095
0.73282
0.724846
0.727611
0.727611
0.721262
0.720197
0.732432
0.732482
0.732482
0.722126
0.727858
0.727858
0.724535
0.721245
0.718285
0.722051
0.721587
0.725107
0.719882
0.719882
0.720489
0.728176
0.722373
0.716388
0.722142
0.716968
0.725694
0.724875
0.718621
0.719678
0.734963
0.734963
0.730321
0.731694
0.731694
0.726452
0.725078
0.730618
0.727035
0.728132
0.728916
0.731388
0.728639
0.738216
0.728378
0.729753
0.729753
0.73191
0.728686
0.734117
0.731956
0.730305
0.730044
0.730044
0.72867
0.727392
0.728702
0.726772
0.734658
0.732252
0.728718
0.728982
0.728982
0.721049
0.722636
0.73171
0.720769
0.728393
0.722142
0.731129
0.728949
0.728949
0.730601
0.733623
0.724224
0.725645
0.725415
0.725415
0.741223
0.740111
0.734398
0.728639
0.728639
0.73134
0.73134
0.73134
0.735047
0.735225
0.735225
0.74176
0.730389
0.730389
0.724688
0.725415
0.723794
0.723794
0.727083
0.728423
0.727858
0.739913
0.737477
0.740988
0.732499
0.723778
0.726788
0.726205
0.724322
0.726556
0.720042
0.720212
0.728393
0.728423
0.728423
0.726757
0.727313
0.730584
0.730584
0.732465
0.730337
0.728702
0.72526
0.729521
0.730938
0.730938
0.726803
0.726803
0.730953
0.730635
0.733082
0.727577
0.727577
0.734453
0.73037
0.721849
0.723253
0.728735
0.728735
0.728735
0.730865
0.7279
0.732219
0.733805
0.733329
0.717758
0.728176
0.72705
0.731462
0.728132
0.72705
0.719995
0.730337
0.725958
0.725694
0.726525
0.729812
0.729812
0.73091
0.730337
0.730337
0.73885
0.725728
0.723036
0.731694
0.706911
0.677119
0.524585
0.494298
0.459805
0.43245
0.349156
0.274978
0.274978
0.270765
0.280377
0.279962
0.279713
0.262529
0.23862
0.215881
0.0834553
0.0791703
0.0581997
0.0605067
0.0530588
0.0646976
0.0669736
0.0620373
0.0588963
0.0588963
0.0588963
0.0647753
0.0749146
0.0679225
0.0783206
0.0702038
0.0702038
0.0764863
0.0681681
0.0653942
0.0678806
0.0657798
0.0797156
0.0797156
0.0703028
0.0713776
0.071731
0.0630213
0.0633246
0.0699328
0.073479
0.0630389
0.0654906
0.0560207
0.0665198
0.0581846
0.0633968
0.0552892
0.0651095
0.065475
0.0630568
0.0630568
0.0647884
0.0616287
0.0640585
0.0588614
0.0690033
0.0725674
0.0735493
0.0644846
0.060595
0.0689651
0.0641452
0.0585396
0.0651277
0.0543315
0.0676436
0.0655056
0.057825
0.0588955
0.0546458
0.0536606
0.0637371
0.0651648
0.0669829
0.0700529
0.0810002
0.0810002
0.065539
0.0644495
0.0665921
0.0665921
0.0687401
0.0631122
0.0662884
0.0610585
0.0609676
0.0609676
0.0705313
0.0705313
0.0606987
0.0641626
0.0603406
0.0603406
0.0617234
0.0613071
0.0610398
0.0631503
0.0648429
0.0540192
0.0540192
0.0530146
0.0589485
0.0533207
0.0592351
0.0592351
0.0641982
0.0595753
0.0533378
0.0546999
0.0560744
0.0539832
0.0599679
0.0508962
0.0659296
0.0600178
0.0614118
0.0582674
0.0554117
0.0641626
0.0641626
0.0561605
0.0561605
0.0550252
0.0562104
0.0550549
0.0557165
0.0571801
0.0530146
0.0558263
0.0589129
0.0456341
0.0470497
0.0484414
0.0505536
0.0498007
0.0588783
0.0568572
0.0568572
0.0606987
0.0494293
0.0590228
0.0590228
0.0498176
0.0623482
0.0495278
0.0593273
0.0617834
0.0579276
0.0579276
0.0515864
0.0564833
0.0548004
0.0529515
0.0579276
0.0596124
0.0457
0.0624306
0.0624306
0.0428222
0.0428222
0.054749
0.0495114
0.0548004
0.0561115
0.0561115
0.0599735
0.0621618
0.0628083
0.0607353
0.0558263
0.0558263
0.0456021
0.0593084
0.0614964
0.0523051
0.0632298
0.0560928
0.0652225
0.0519449
0.0628273
0.055752
0.04642
0.0582846
0.0582846
0.055124
0.0501933
0.0481178
0.0481178
0.0572162
0.0474119
0.0474119
0.0516038
0.0582674
0.0550889
0.0596506
0.0491548
0.0515693
0.0501403
0.0501403
0.0473925
0.0516214
0.0554838
0.0578434
0.0544182
0.0473357
0.0589485
0.0484446
0.0515828
0.0515828
0.0453108
0.0404076
0.0404076
0.0505349
0.0505536
0.0484595
0.0460035
0.0498521
0.0498521
0.0572723
0.0561935
0.0456596
0.0534089
0.0516038
0.0516038
0.0567891
0.0498697
0.0537515
0.0474026
0.0498521
0.057558
0.057558
0.0498876
0.0572346
0.0481538
0.0463655
0.0540945
0.0558455
0.0548181
0.0589129
0.0589129
0.0513333
0.0513333
0.0498521
0.0498521
0.0625039
0.0600747
0.0561115
0.0589485
0.0442715
0.0442715
0.0596506
0.0379607
0.0484059
0.0530318
0.0572533
0.0575961
0.0502298
0.043526
0.0509156
0.0509156
0.0610398
0.0481538
0.0516393
0.0520191
0.0554472
0.0554472
0.0509396
0.0520383
0.0523627
0.0523627
0.0653375
0.0572533
0.0516946
0.0533728
0.0548024
0.0614801
0.0499058
0.0478115
0.0530318
0.0548441
0.0558263
0.0473733
0.0473733
0.0505917
0.0481909
0.047487
0.0597116
0.0520578
0.051963
0.051963
0.0648998
0.052324
0.0590228
0.0606987
0.057198
0.057198
0.0558455
0.0548542
0.0530492
0.0537144
0.0453354
0.0653018
0.0653018
0.0510087
0.0480794
0.0611359
0.0572162
0.0512977
0.0568927
0.0568927
0.0551601
0.0492036
0.0505994
0.0516393
0.0513629
0.0526095
0.0526095
0.0526095
0.058302
0.0632096
0.061479
0.046007
0.046007
0.046007
0.058021
0.0495459
0.0565532
0.0600524
0.0519815
0.0519815
0.0519815
0.0579197
0.0568748
0.0568748
0.0555624
0.0555624
0.0586254
0.0537515
0.0537515
0.0559046
0.0578621
0.0565513
0.0565513
0.058302
0.0586254
0.0586615
0.0488638
0.058302
0.0537144
0.0512592
0.0460591
0.0491836
0.0491836
0.0628465
0.0439473
0.0439473
0.0576354
0.0516946
0.0537515
0.0480827
0.0464016
0.0464016
0.054438
0.0498697
0.0502114
0.044649
0.0492036
0.0498876
0.0498876
0.0498876
0.0498876
0.047031
0.0485156
0.0467258
0.0485156
0.0554654
0.054749
0.0522498
0.0533728
0.0484966
0.0498876
0.0569294
0.0569294
0.044649
0.0439473
0.0415615
0.0477557
0.0477557
0.0509565
0.0551785
0.0558263
0.0558073
0.0526671
0.048879
0.0586254
0.0552162
0.051927
0.0463834
0.0586615
0.0555215
0.0512977
0.0435828
0.0530492
0.0485156
0.044613
0.0520001
0.0597116
0.0597116
0.0498876
0.0478115
0.0534089
0.0442715
0.0512803
0.0516038
0.0561888
0.0516575
0.0516759
0.0474696
0.0579394
0.0579394
0.0435636
0.0450301
0.052324
0.0432392
0.0481538
0.0488207
0.042878
0.0477759
0.0502114
0.0460591
0.0502675
0.0485156
0.0484595
0.054836
0.0478115
0.0548181
0.04642
0.0463655
0.0492392
0.0394501
0.0530668
0.0506112
0.044649
0.056587
0.0457346
0.0590228
0.0520001
0.0484414
0.0621618
0.0449733
0.0467634
0.0457172
0.0481357
0.0432022
0.0579197
0.0470686
0.0506508
0.041431
0.0527068
0.050991
0.0520191
0.0505725
0.0523432
0.0590228
0.0460415
0.04642
0.04642
0.0513333
0.0572723
0.0572533
0.0526582
0.0502114
0.0498697
0.0524024
0.0474316
0.0474316
0.0471072
0.0471072
0.0558263
0.0506309
0.0467258
0.0540945
0.0524024
0.0625422
0.056245
0.0523627
0.0564925
0.0541188
0.0541188
0.0534274
0.044992
0.044992
0.0502755
0.0492036
0.0492036
0.0394648
0.0394648
0.0463834
0.0463834
0.0580002
0.0509565
0.0555407
0.050991
0.0537515
0.0474119
0.0362829
0.0505725
0.0417731
0.0407483
0.042878
0.0468217
0.0502867
0.0502675
0.0348715
0.0348715
0.0477938
0.0527782
0.0516393
0.0516393
0.0513699
0.0536962
0.0442715
0.057311
0.047487
0.0474356
0.0436219
0.0453354
0.0425536
0.0425536
0.0590615
0.0590615
0.0513153
0.0526868
0.0498876
0.0562276
0.0509553
0.047419
0.051645
0.0495076
0.0502114
0.0453162
0.0540563
0.0446674
0.0446674
0.0443426
0.0453549
0.0503587
0.0558455
0.0618381
0.0618381
0.0453945
0.0436397
0.0474525
0.0538091
0.0453757
0.0467444
0.044251
0.0421739
0.0453354
0.0383622
0.0484779
0.0474525
0.054438
0.0481722
0.0397329
0.0449368
0.0457195
0.0443426
0.0421775
0.0460415
0.0484779
0.0464962
0.0460591
0.0425359
0.0499058
0.0432968
0.0481722
0.046077
0.0489857
0.0432392
0.0464016
0.0365693
0.048879
0.0341648
0.0453745
0.0460591
0.0460591
0.0442889
0.0425186
0.0457195
0.0513333
0.0450109
0.0450109
0.0449549
0.0513153
0.0516393
0.0523824
0.0502298
0.0453549
0.0383796
0.0485348
0.0426456
0.0505917
0.0579594
0.0579594
0.0429332
0.0355215
0.0527252
0.0435828
0.0435828
0.0440174
0.0481992
0.044992
0.0428962
0.0320302
0.0320302
0.0440174
0.0463834
0.0457346
0.0530318
0.0530318
0.0485542
0.0411615
0.0414676
0.044613
0.044649
0.0444178
0.0444178
0.0484966
0.0484595
0.04642
0.0520578
0.0516575
0.0516575
0.0460649
0.0488399
0.0562627
0.0496181
0.0495459
0.0537704
0.0537704
0.06357
0.0513699
0.0411431
0.0390293
0.0390293
0.0390293
0.0457346
0.0495459
0.0481909
0.0429332
0.0383628
0.0383628
0.0555799
0.0383231
0.0408364
0.0390469
0.0520383
0.0453549
0.0463834
0.0484779
0.0540945
0.0436418
0.0474525
0.0446861
0.0408183
0.0460441
0.0471622
0.0479036
0.0505725
0.0422288
0.0422288
0.0380368
0.0435738
0.0453549
0.0415437
0.0415437
0.0345484
0.0495815
0.0365887
0.0467634
0.0449733
0.0460415
0.0429146
0.0407452
0.0393897
0.0390741
0.0390741
0.035214
0.035214
0.0505725
0.0418492
0.0414862
0.0421938
0.0338027
0.0478476
0.0439874
0.0443065
0.044613
0.0411615
0.0446861
0.0428962
0.0428962
0.0509353
0.0533908
0.051719
0.0419507
0.0513333
0.0463655
0.0463655
0.0470686
0.0547617
0.0456993
0.0443065
0.0446674
0.0499619
0.0499619
0.0446674
0.0516759
0.0478115
0.0499058
0.0442715
0.0394456
0.0397329
0.0452421
0.0452421
0.0446674
0.0460415
0.0390829
0.0390469
0.054494
0.0485156
0.0429146
0.0520191
0.0488155
0.0488155
0.047487
0.0470878
0.0464386
0.0509565
0.044992
0.044992
0.0516393
0.0452973
0.0425715
0.0400574
0.0407828
0.0365313
0.0365313
0.0481416
0.0457346
0.0478294
0.0425536
0.0467826
0.0461136
0.0512977
0.0418689
0.0405292
0.0415437
0.0425186
0.0439467
0.0412377
0.044705
0.0453945
0.0376
0.0418106
0.0499058
0.0436418
0.0436418
0.0471269
0.0390829
0.0411801
0.044649
0.0404411
0.0460415
0.0474696
0.0513153
0.0513153
0.0442889
0.035214
0.035214
0.0410721
0.0341648
0.0485348
0.0485739
0.0414862
0.0471072
0.0471072
0.0418866
0.0414862
0.0306185
0.0485348
0.0432022
0.0408004
0.0341837
0.0341837
0.0446861
0.0446861
0.037673
0.0341462
0.0415051
0.0337672
0.0429908
0.0411249
0.027183
0.0299499
0.0302233
0.0327358
0.0359583
0.0419038
0.0306004
0.0359004
0.0359004
0.0411801
0.0359191
0.0449368
0.038285
0.0421542
0.0397518
0.0397518
0.0482061
0.0482061
0.0369337
0.0457195
0.0408183
0.0338027
0.0439874
0.0369681
0.0369681
0.0404011
0.0379982
0.0355751
0.0362443
0.0415243
0.0411801
0.0390829
0.0425896
0.0453745
0.0453745
0.0429146
0.0379793
0.0393897
0.044361
0.0419212
0.0446674
0.0446674
0.0379793
0.0379793
0.0362829
0.0449733
0.0404411
0.037636
0.0327358
0.0323552
0.0323552
0.042878
0.042878
0.0305825
0.0376544
0.0425186
0.0425186
0.0446674
0.0425896
0.0425896
0.0313652
0.042608
0.0436219
0.0398249
0.0320302
0.0333857
0.0333857
0.0337672
0.0334422
0.0418298
0.0446674
0.0379982
0.0379793
0.0407654
0.0365887
0.0365887
0.0471072
0.0383821
0.044361
0.0432582
0.0372582
0.0411615
0.0432392
0.04642
0.0419091
0.0390293
0.0415051
0.0425536
0.0425536
0.042608
0.0411615
0.047419
0.0355215
0.0355215
0.0355215
0.0421775
0.0537515
0.0439473
0.0418106
0.04642
0.0331199
0.0418689
0.0373476
0.0415437
0.0341462
0.0341462
0.0387046
0.0372932
0.0418106
0.0397329
0.0397904
0.0397904
0.0397904
0.0436397
0.0415051
0.0400766
0.0400766
0.0461136
0.0461136
0.0478115
0.0453162
0.0428601
0.0495996
0.0502114
0.0502114
0.047513
0.0506838
0.0405292
0.0446674
0.0414676
0.054836
0.0457172
0.0467444
0.0467444
0.0454352
0.0373292
0.0376179
0.0376179
0.0495996
0.0415437
0.0421775
0.0407483
0.0467634
0.0425536
0.0429332
0.0355391
0.0436418
0.0472334
0.0491639
0.0418532
0.0498934
0.0415243
0.0464576
0.04642
0.0464016
0.0464016
0.0411431
0.0428425
0.0429146
0.0414862
0.0485156
0.0453945
0.0453945
0.0453945
0.0372932
0.0408364
0.0408364
0.0446674
0.0394081
0.0463655
0.0499242
0.0499242
0.0443244
0.0530848
0.0467826
0.041199
0.0369858
0.0369858
0.0520775
0.0428601
0.0509755
0.0373476
0.0370036
0.044251
0.0432206
0.0376179
0.0482485
0.0369858
0.0397904
0.0419091
0.0439467
0.0439467
0.0509736
0.0460415
0.038722
0.0473733
0.0473733
0.0467634
0.0415051
0.0450301
0.0369337
0.0422825
0.0359191
0.0442889
0.0334951
0.0418492
0.044649
0.035882
0.035882
0.0404011
0.0409311
0.0481538
0.0341278
0.0391013
0.0391013
0.0436219
0.0331
0.0390532
0.0383231
0.0389948
0.0348886
0.039771
0.0289004
0.0359004
0.0432582
0.0386477
0.0390119
0.0405292
0.0373292
0.0464576
0.0359766
0.035557
0.0338578
0.0338578
0.0338578
0.0415834
0.0415834
0.0366428
