-0.0084793
-0.00537585
-0.00695375
-0.00767697
-0.00793085
-0.00860884
-0.00932311
-0.0111851
-0.00866116
-0.00859122
-0.00793018
-0.00476152
-0.00701521
-0.00617838
-0.00858323
-0.00602817
-0.00800062
-0.00553514
-0.00615136
-0.00700624
-0.00852231
-0.00691037
-0.00635485
-0.00712053
-0.00537762
-0.00563352
-0.00446907
-0.00649645
-0.00708491
-0.00859122
-0.00618742
-0.00624193
-0.00932311
-0.00932311
-0.00837416
-0.00781713
-0.00849717
-0.00705886
-0.00780818
-0.00620412
-0.00462775
-0.00859212
-0.00781713
-0.00781713
-0.0047603
-0.00776491
-0.00756404
-0.0070938
-0.00691037
-0.00638193
-0.00413866
-0.00629292
-0.00772023
-0.00693583
-0.00610773
-0.00698975
-0.00701521
-0.00924595
-0.00712053
-0.00574128
-0.00783506
-0.00934948
-0.00790412
-0.00871359
-0.00761598
-0.00701521
-0.00697172
-0.00605742
-0.00629292
-0.00619647
-0.00865236
-0.00776491
-0.00869648
-0.00788637
-0.00540305
-0.00540305
-0.00624914
-0.00709472
-0.00709472
-0.00709472
-0.00775595
-0.00630194
-0.00845261
-0.00781611
-0.00701689
-0.00712898
-0.00859122
-0.00863537
-0.00779033
-0.00779925
-0.00539595
-0.00703317
-0.00853121
-0.00696272
-0.00872239
-0.00781713
-0.00551063
-0.00693744
-0.00712014
-0.00690137
-0.00622209
-0.00703317
-0.00544866
-0.00437313
-0.00763389
-0.00830468
-0.00684011
-0.00684011
-0.00688341
-0.00926208
-0.00669991
-0.00766805
-0.00835798
-0.00933189
-0.00696272
-0.00393585
-0.00668401
-0.00778143
-0.00768591
-0.00837416
-0.00680601
-0.00914142
-0.00543786
-0.00765024
-0.00602817
-0.00549997
-0.0100906
-0.00933189
-0.00772182
-0.00697944
-0.00720857
-0.00853121
-0.00843489
-0.00545597
-0.00843489
-0.00772023
-0.00930561
-0.00702323
-0.00774595
-0.00528845
-0.00691037
-0.005785
-0.0092548
-0.00861767
-0.00778143
-0.00771134
-0.00700624
-0.00861767
-0.00686715
-0.00963666
-0.00620553
-0.00776491
-0.00793901
-0.00637289
-0.00546505
-0.00864424
-0.00716446
-0.00783506
-0.00558027
-0.00780818
-0.00617838
-0.00617838
-0.00706022
-0.00698073
-0.00782609
-0.00856549
-0.0100643
-0.00912516
-0.00467176
-0.00549997
-0.00800126
-0.00705886
-0.0101159
-0.00924595
-0.00764286
-0.00772023
-0.00693744
-0.00624914
-0.00709472
-0.00963666
-0.00705119
-0.00770384
-0.00620553
-0.00709472
-0.00470687
-0.00847806
-0.00617838
-0.00773806
-0.00704217
-0.00776366
-0.00640789
-0.00834016
-0.00697054
-0.00689238
-0.00769359
-0.00686552
-0.00789523
-0.00874002
-0.0071116
-0.00683112
-0.00691938
-0.00602098
-0.00781611
-0.00704102
-0.00689238
-0.00771134
-0.00787751
-0.00547292
-0.00693744
-0.00616209
-0.00545597
-0.00779033
-0.00856491
-0.00784272
-0.00705886
-0.0071116
-0.00938484
-0.00926367
-0.00759814
-0.00617838
-0.00703212
-0.00923711
-0.00928003
-0.00777254
-0.00847039
-0.00616936
-0.00629292
-0.00698073
-0.00706781
-0.00759814
-0.00474325
-0.00928003
-0.010237
-0.00697944
-0.00764286
-0.00853019
-0.00546505
-0.00718229
-0.00615136
-0.00765024
-0.0071116
-0.00782496
-0.0091855
-0.00781611
-0.00701521
-0.0062237
-0.00780818
-0.00922102
-0.00442326
-0.00784272
-0.0085214
-0.00710269
-0.00786867
-0.00859122
-0.00548324
-0.0101246
-0.00779033
-0.00692689
-0.0045839
-0.00706781
-0.00770246
-0.00921947
-0.00557122
-0.00839961
-0.00547414
-0.00926367
-0.00770384
-0.00780818
-0.00764135
-0.00704993
-0.00627494
-0.00466443
-0.00783506
-0.00921947
-0.00690906
-0.00553514
-0.00928003
-0.0118122
-0.00479661
-0.00783384
-0.00395929
-0.00761598
-0.00870482
-0.00858244
-0.00533207
-0.00710269
-0.0094535
-0.0100897
-0.00780726
-0.00696272
-0.00933189
-0.00618621
-0.0071116
-0.00688526
-0.00950569
-0.00698975
-0.00702323
-0.00700624
-0.00619647
-0.0100811
-0.00693744
-0.00698836
-0.00786946
-0.00467176
-0.00695556
-0.00857435
-0.00846925
-0.00855664
-0.00698975
-0.00782496
-0.00765185
-0.00778143
-0.00464606
-0.00698836
-0.00703317
-0.00704993
-0.0093583
-0.00857435
-0.00634586
-0.00936637
-0.00793018
-0.00799178
-0.00554533
-0.00636386
-0.00870535
-0.00778143
-0.00852231
-0.00624914
-0.00783506
-0.00698836
-0.0085214
-0.00853899
-0.00694478
-0.00848688
-0.00934068
-0.00787751
-0.00855664
-0.00855664
-0.00712053
-0.00634586
-0.00558934
-0.00786054
-0.005323
-0.00841722
-0.0084615
-0.00691797
-0.00781611
-0.0054108
-0.0077283
-0.0099257
-0.00629451
-0.00712053
-0.00691797
-0.00612446
-0.00624914
-0.0070055
-0.00697172
-0.00765024
-0.00684011
-0.00932311
-0.00853019
-0.00692622
-0.00548192
-0.00620412
-0.00455867
-0.00398685
-0.00776366
-0.00686552
-0.00763389
-0.00785162
-0.00616936
-0.00769487
-0.00605522
-0.00704102
-0.00611675
-0.00793018
-0.00609871
-0.00694478
-0.00691797
-0.00756404
-0.00776366
-0.0070938
-0.00698836
-0.00932311
-0.00948821
-0.00689238
-0.00464848
-0.00854011
-0.0071116
-0.00637206
-0.00769487
-0.0093583
-0.00863481
-0.00767697
-0.00684011
-0.00622209
-0.00634586
-0.00689238
-0.006153
-0.00851343
-0.00462775
-0.00462775
-0.0100468
-0.00637206
-0.00768591
-0.00936713
-0.00845261
-0.00772023
-0.00770246
-0.00616936
-0.00866116
-0.00915901
-0.00840841
-0.00631097
-0.00620412
-0.00543786
-0.00849572
-0.00693583
-0.0101159
-0.00860994
-0.00849572
-0.00543786
-0.00800946
-0.00543786
-0.00614392
-0.00778143
-0.00624806
-0.00535025
-0.00863537
-0.00694478
-0.00774595
-0.00557122
-0.00932311
-0.00867879
-0.00785162
-0.00689238
-0.00845261
-0.00545597
-0.00857435
-0.00535025
-0.00446702
-0.00683112
-0.00860884
-0.00618742
-0.00543951
-0.00697172
-0.00700624
-0.00602098
-0.0094098
-0.00673592
-0.00612579
-0.00689238
-0.00786054
-0.010831
-0.00940143
-0.0070938
-0.00632001
-0.00623109
-0.00546505
-0.00690137
-0.00778143
-0.00691797
-0.00461861
-0.00778143
-0.0084615
-0.00712053
-0.00624011
-0.00698836
-0.00707676
-0.00787751
-0.00851343
-0.00773806
-0.00785162
-0.00622209
-0.0102022
-0.00929766
-0.00940111
-0.00626725
-0.0100984
-0.00768591
-0.00627494
-0.00545782
-0.00712947
-0.00911631
-0.00943598
-0.00724415
-0.00861767
-0.00551807
-0.00697172
-0.00555315
-0.00786946
-0.00924595
-0.00707676
-0.00789523
-0.00707676
-0.00619516
-0.00766085
-0.00614238
-0.00704217
-0.00778288
-0.00702418
-0.00694478
-0.00694478
-0.0079745
-0.00934948
-0.00868763
-0.00909769
-0.00624914
-0.00691797
-0.00543951
-0.00944474
-0.00706781
-0.00622209
-0.00941023
-0.00551063
-0.00778288
-0.0069973
-0.00772023
-0.00872239
-0.00860102
-0.00536849
-0.00684011
-0.00720018
-0.00772914
-0.00760705
-0.00473413
-0.00929766
-0.00684011
-0.00700783
-0.00701521
-0.00611675
-0.00682215
-0.00940143
-0.00545597
-0.0101851
-0.00696272
-0.00630363
-0.00699878
-0.00914142
-0.00631097
-0.00861767
-0.00780091
-0.00845261
-0.0100984
-0.0069284
-0.00786054
-0.00779033
-0.00546505
-0.00705119
-0.00469916
-0.00549236
-0.00560645
-0.0100555
-0.00799232
-0.00847039
-0.00788637
-0.00782609
-0.00696272
-0.00848823
-0.00477068
-0.00536177
-0.00536177
-0.00854011
-0.00928145
-0.00468286
-0.00468286
-0.0101082
-0.00855664
-0.00547414
-0.00701689
-0.00636386
-0.00693744
-0.007573
-0.00469001
-0.00770246
-0.00691938
-0.00701521
-0.00714669
-0.00856491
-0.0068762
-0.00697944
-0.00777254
-0.00777254
-0.00628541
-0.00715637
-0.00851343
-0.00625819
-0.00779033
-0.00786946
-0.010012
-0.0069284
-0.0069284
-0.00858323
-0.00776491
-0.00854903
-0.00624914
-0.00703506
-0.00625701
-0.00598698
-0.00703317
-0.00857435
-0.00944557
-0.00546505
-0.00782609
-0.00780818
-0.00715637
-0.00695375
-0.00867879
-0.00694478
-0.00689238
-0.00715637
-0.00715637
-0.00639098
-0.00779925
-0.00856692
-0.00856692
-0.00631097
-0.00631097
-0.00845261
-0.00852231
-0.0100303
-0.00700624
-0.00617838
-0.0045839
-0.00698285
-0.00942724
-0.00786054
-0.0102022
-0.0100468
-0.00931435
-0.00849572
-0.00379925
-0.00915901
-0.00781611
-0.00991009
-0.00613485
-0.00697054
-0.00858244
-0.00618742
-0.00777254
-0.0102282
-0.0108652
-0.00935764
-0.00692689
-0.00473413
-0.00450351
-0.00710372
-0.00626725
-0.00619516
-0.00866997
-0.00927123
-0.00853899
-0.0100468
-0.00539397
-0.00941023
-0.00703212
-0.00695375
-0.00693744
-0.00694478
-0.0084615
-0.00626725
-0.00646105
-0.00771134
-0.00628392
-0.00622209
-0.00844374
-0.00694649
-0.00759097
-0.00551807
-0.00710372
-0.00689433
-0.00764286
-0.00562448
-0.00697054
-0.0079577
-0.00790412
-0.00690341
-0.00863537
-0.00723611
-0.00703317
-0.00941852
-0.00861887
-0.00862651
-0.00862651
-0.00720148
-0.0102114
-0.00936713
-0.00856549
-0.00676307
-0.00860994
-0.00783384
-0.0093598
-0.00693583
-0.00445988
-0.00630108
-0.00772023
-0.00772023
-0.00614238
-0.00774595
-0.00551063
-0.0100724
-0.00843489
-0.00770384
-0.00559746
-0.00689238
-0.00848688
-0.00554414
-0.00468088
-0.00785162
-0.0100551
-0.00762363
-0.00611675
-0.00862651
-0.00708574
-0.00691938
-0.00691938
-0.00947989
-0.00627632
-0.00689433
-0.00941023
-0.00856549
-0.00684011
-0.00862651
-0.00765185
-0.0061097
-0.00546505
-0.00781899
-0.00780818
-0.00713783
-0.00713842
-0.00625819
-0.00860859
-0.00524501
-0.00632906
-0.00840968
-0.0101334
-0.00781713
-0.00778288
-0.00861887
-0.0047175
-0.00629292
-0.00549997
-0.00549997
-0.00998649
-0.00998649
-0.00694649
-0.00872313
-0.00794786
-0.00856549
-0.00847806
-0.00624914
-0.00624914
-0.0102202
-0.00862651
-0.00780091
-0.00715637
-0.00715637
-0.00476358
-0.00624011
-0.0094026
-0.00724513
-0.00724513
-0.00724513
-0.00786054
-0.00934068
-0.00943672
-0.00942787
-0.00942787
-0.00788736
-0.00774889
-0.00941852
-0.00866202
-0.00414006
-0.00709472
-0.00709472
-0.00860994
-0.00852231
-0.00783506
-0.00786054
-0.00786054
-0.00788014
-0.00636543
-0.00700111
-0.00706022
-0.00933308
-0.00715637
-0.00711273
-0.00873204
-0.00937598
-0.00707676
-0.00547414
-0.00688526
-0.00707676
-0.00864358
-0.00699878
-0.00776491
-0.00698975
-0.00776491
-0.00636386
-0.00868763
-0.00866202
-0.00781713
-0.00782496
-0.00709472
-0.00709472
-0.0101072
-0.00934068
-0.00841859
-0.00704217
-0.00627494
-0.00627494
-0.0071834
-0.0071834
-0.00867094
-0.00762707
-0.00952316
-0.00541214
-0.00394267
-0.00864424
-0.00779843
-0.00632791
-0.00793901
-0.00624011
-0.00867986
-0.00706022
-0.00782609
-0.00778143
-0.0054108
-0.00631895
-0.00990015
-0.00867879
-0.00941905
-0.00460949
-0.00467176
-0.00692689
-0.00396117
-0.00396117
-0.00396117
-0.00860102
-0.00474325
-0.00801832
-0.007747
-0.00477068
-0.00776366
-0.00946228
-0.0100994
-0.00725309
-0.00772914
-0.00772914
-0.00566071
-0.00566071
-0.00465524
-0.0101589
-0.0070938
-0.00630108
-0.0084615
-0.00717337
-0.00784272
-0.00562448
-0.00710269
-0.00623109
-0.00869648
-0.00858244
-0.00772914
-0.00780726
-0.00780726
-0.00766085
-0.00781713
-0.00780818
-0.00697172
-0.00712176
-0.00638995
-0.00638995
-0.00864424
-0.00904722
-0.0120699
-0.00922828
-0.0123908
-0.0115555
-0.0101762
-0.0114958
-0.0108146
-0.0100381
-0.0124843
-0.0114786
-0.0124332
-0.0117697
-0.0122719
-0.0116664
-0.0137152
-0.0135484
-0.0152527
-0.0153598
-0.0207462
-0.0204982
-0.0174274
-0.025388
-0.025388
-0.0216392
-0.0228854
-0.0216215
-0.020765
-0.0224016
-0.0214005
-0.0219989
-0.0192915
-0.0177153
-0.0186868
-0.0187416
-0.0186229
-0.0180755
-0.0171123
-0.0203082
-0.0187659
-0.0170229
-0.0195285
-0.0163567
-0.0195124
-0.0186393
-0.0179475
-0.017111
-0.0180354
-0.0188296
-0.0172809
-0.0147098
-0.0179147
-0.0164621
-0.0226597
-0.0179065
-0.0194333
-0.0157003
-0.0180837
-0.0172653
-0.0196481
-0.0178353
-0.0163166
-0.0164467
-0.0180109
-0.018822
-0.0179791
-0.0171274
-0.0195051
-0.0186229
-0.0171522
-0.0157326
-0.0172406
-0.0171604
-0.0171206
-0.0196161
-0.0173137
-0.0188057
-0.0165191
-0.01806
-0.0164151
-0.0186856
-0.0172324
-0.0187591
-0.0172335
-0.0173788
-0.0164621
-0.0187976
-0.0163083
-0.01887
-0.0173459
-0.0173459
-0.0181321
-0.0181321
-0.0164467
-0.0164467
-0.0172901
-0.0148241
-0.0157911
-0.0181806
-0.0195377
-0.0195377
-0.0171687
-0.0172087
-0.0180037
-0.0188139
-0.0202439
-0.0196001
-0.0164467
-0.0154156
-0.0185116
-0.02208
-0.0180112
-0.0186895
-0.018483
-0.017036
-0.0185902
-0.0201283
-0.0200951
-0.0177958
-0.0194472
-0.0194472
-0.0209727
-0.0201283
-0.0192834
-0.0178648
-0.018483
-0.0169785
-0.0162992
-0.0194519
-0.0201898
-0.0208672
-0.0171911
-0.0194069
-0.0187231
-0.0169785
-0.0194352
-0.0185198
-0.0202347
-0.0163214
-0.0163589
-0.0193985
-0.0188143
-0.0186356
-0.0171243
-0.0217511
-0.01789
-0.0187184
-0.0172589
-0.0179069
-0.0187184
-0.0202136
-0.018624
-0.0194721
-0.0187602
-0.0188433
-0.0195382
-0.0152942
-0.0157604
-0.0141556
-0.0173723
-0.0157496
-0.0116893
-0.0245984
-0.0236654
-0.0205325
-0.0165702
-0.0173304
-0.0134353
-0.0148791
-0.0197601
-0.0188951
-0.0189782
-0.0189782
-0.0190512
-0.0174041
-0.0166021
-0.0182383
-0.0173618
-0.0198536
-0.0174466
-0.0150833
-0.0167625
-0.0198328
-0.0190827
-0.0175529
-0.0208122
-0.0183441
-0.0182912
-0.0174898
-0.0191354
-0.0174466
-0.0183022
-0.017543
-0.0175535
-0.0166229
-0.018378
-0.0166978
-0.0182598
-0.0183665
-0.0183665
-0.0167951
-0.0167203
-0.0167407
-0.0208665
-0.017715
-0.0107616
0.026829
0.0369222
0.0739433
0.0739433
0.147004
0.178389
0.220274
0.247
0.208993
0.220529
0.22612
0.221191
0.222315
0.223207
0.221914
0.216887
0.222245
0.220411
0.220869
0.22398
0.221445
0.219445
0.217002
0.221547
0.22087
0.218158
0.226154
0.219567
0.222178
0.218506
0.218929
0.221266
0.223014
0.221444
0.223757
0.220392
0.221188
0.221309
0.223575
0.219401
0.222371
0.223723
0.221161
0.221161
0.217894
0.219154
0.221864
0.220357
0.223519
0.222547
0.219209
0.221881
0.220872
0.22128
0.224034
0.222619
0.219503
0.219911
0.221665
0.219549
0.222259
0.22399
0.222918
0.221524
0.221319
0.217287
0.2204
0.21963
0.22004
0.222712
0.220086
0.221871
0.219699
0.22085
0.220343
0.221861
0.221861
0.2218
0.2218
0.222663
0.222547
0.222319
0.221559
0.220066
0.220066
0.218383
0.219517
0.220462
0.222018
0.221104
0.221891
0.220448
0.220448
0.220448
0.220059
0.220059
0.220059
0.220896
0.220982
0.221331
0.223162
0.221452
0.219734
0.222892
0.220746
0.223043
0.219616
0.219407
0.216393
0.216963
0.225571
0.233838
0.255981
0.25965
0.266341
0.266341
0.279353
0.281342
0.290441
0.295538
0.300399
0.310992
0.314329
0.318352
0.315397
0.316437
0.323703
0.330186
0.33196
0.334142
0.334121
0.333112
0.335273
0.336532
0.334481
0.336907
0.341884
0.341472
0.340795
0.341582
0.342034
0.338871
0.338904
0.343892
0.344618
0.343124
0.342233
0.343747
0.34191
0.344273
0.344783
0.343633
0.342686
0.343344
0.349315
0.348334
0.346168
0.344873
0.345566
0.350446
0.346873
0.346513
0.34535
0.346895
0.350587
0.345179
0.343048
0.347377
0.352268
0.35385
0.350991
0.349026
0.353214
0.35292
0.349552
0.349899
0.347732
0.350814
0.351369
0.35183
0.35138
0.351492
0.35326
0.349093
0.349113
0.348805
0.353647
0.350981
0.350264
0.34981
0.351269
0.354353
0.349572
0.349572
0.354185
0.353926
0.354989
0.354571
0.35327
0.353493
0.352644
0.353584
0.351325
0.350173
0.359179
0.360358
0.353926
0.352395
0.355254
0.356024
0.360285
0.353982
0.351886
0.356013
0.359272
0.355762
0.351542
0.354094
0.354297
0.358693
0.357442
0.354303
0.351092
0.358019
0.361425
0.354694
0.35278
0.355198
0.359964
0.35531
0.355579
0.355529
0.362976
0.358564
0.354211
0.356114
0.361183
0.359742
0.355718
0.356206
0.359256
0.358957
0.356654
0.352765
0.356862
0.361668
0.359236
0.357887
0.353743
0.36092
0.361089
0.362247
0.358619
0.356862
0.357741
0.36195
0.361462
0.355961
0.35366
0.36412
0.360378
0.354694
0.357554
0.361369
0.364265
0.358916
0.353975
0.358695
0.361408
0.362211
0.365334
0.358095
0.356148
0.360809
0.361464
0.361781
0.358843
0.357686
0.363074
0.36165
0.360619
0.360378
0.362193
0.362138
0.361388
0.35888
0.359331
0.360341
0.359685
0.356877
0.361782
0.361782
0.361763
0.359986
0.363637
0.36412
0.361855
0.363092
0.356969
0.35849
0.365749
0.365296
0.356073
0.358787
0.363804
0.365855
0.369343
0.357871
0.355832
0.366145
0.364774
0.365409
0.357909
0.362287
0.364534
0.366212
0.362007
0.358486
0.360622
0.369181
0.366409
0.361239
0.362791
0.366838
0.367977
0.361258
0.361109
0.362362
0.363879
0.362213
0.36225
0.364142
0.369361
0.364104
0.364609
0.364236
0.367682
0.366895
0.366497
0.36328
0.362886
0.362923
0.365678
0.366649
0.362344
0.364612
0.367101
0.371836
0.368165
0.364288
0.364198
0.366515
0.368128
0.364066
0.360229
0.362681
0.365528
0.365528
0.36581
0.364724
0.365659
0.366126
0.367196
0.368391
0.36416
0.366239
0.36661
0.357843
0.36506
0.366823
0.365267
0.362999
0.368677
0.367821
0.367681
0.370299
0.365936
0.368115
0.365659
0.368317
0.367062
0.368182
0.368182
0.36785
0.365078
0.365436
0.369815
0.372954
0.370585
0.366597
0.362849
0.36613
0.367832
0.370272
0.365564
0.367177
0.372313
0.369123
0.368695
0.366161
0.367889
0.371392
0.367708
0.370063
0.368143
0.369911
0.374335
0.375085
0.367765
0.362905
0.371552
0.372358
0.370724
0.365377
0.368486
0.373176
0.369084
0.366408
0.370276
0.373452
0.37266
0.366521
0.367044
0.371275
0.374216
0.372217
0.361932
0.367006
0.373971
0.374584
0.370604
0.368058
0.370015
0.372393
0.372887
0.369596
0.368695
0.372954
0.370395
0.368864
0.36701
0.370138
0.373506
0.373001
0.368666
0.370725
0.372614
0.371201
0.36915
0.368196
0.369929
0.372717
0.371694
0.371694
0.370735
0.369331
0.372308
0.374852
0.373097
0.371694
0.372098
0.370469
0.367733
0.373904
0.371814
0.370752
0.370268
0.370961
0.37266
0.373001
0.375347
0.370983
0.36926
0.37437
0.378624
0.373097
0.370049
0.37138
0.373694
0.374597
0.368063
0.371332
0.378315
0.377581
0.371711
0.369766
0.374466
0.374503
0.369867
0.36795
0.36981
0.372774
0.373904
0.372518
0.372017
0.372791
0.378004
0.377793
0.371745
0.374387
0.370212
0.374154
0.373233
0.371518
0.371702
0.374944
0.375461
0.374387
0.372211
0.371928
0.375903
0.372518
0.373694
0.375484
0.37529
0.373904
0.370031
0.37388
0.37388
0.377253
0.374051
0.374848
0.376154
0.376384
0.377139
0.369818
0.373124
0.375558
0.378005
0.374671
0.374137
0.371938
0.373937
0.377907
0.374751
0.372575
0.371994
0.375903
0.374233
0.379986
0.375018
0.373767
0.376366
0.376171
0.375689
0.375672
0.371994
0.374034
0.373818
0.374285
0.374114
0.375456
0.376097
0.378503
0.374382
0.375092
0.375307
0.376962
0.373608
0.375266
0.374694
0.377752
0.374844
0.372334
0.375068
0.378038
0.378501
0.37781
0.371736
0.374552
0.381674
0.376634
0.373978
0.372221
0.375607
0.380119
0.377344
0.372608
0.375615
0.373608
0.378829
0.382794
0.376905
0.373978
0.37553
0.380004
0.377402
0.375648
0.372906
0.377515
0.379099
0.378405
0.375689
0.374671
0.379351
0.379082
0.374375
0.377867
0.378478
0.376958
0.378405
0.37538
0.377769
0.378518
0.377655
0.37688
0.376073
0.378307
0.379407
0.379789
0.375437
0.37812
0.379268
0.376463
0.373551
0.376848
0.37962
0.380313
0.379849
0.373414
0.375843
0.379735
0.379213
0.378478
0.372874
0.373665
0.380486
0.378364
0.376554
0.375818
0.381095
0.381197
0.382835
0.378021
0.377386
0.380002
0.380231
0.378396
0.37982
0.377784
0.378176
0.379425
0.377246
0.375802
0.380331
0.376228
0.374768
0.384765
0.382444
0.380497
0.380688
0.377856
0.380078
0.378111
0.376472
0.377628
0.375238
0.381735
0.379187
0.375376
0.379922
0.380189
0.383732
0.383049
0.378054
0.37842
0.381041
0.382466
0.381235
0.382752
0.379172
0.376682
0.380674
0.380277
0.380135
0.381636
0.380378
0.382053
0.382053
0.374971
0.378126
0.380688
0.385022
0.381295
0.375355
0.378494
0.382387
0.377278
0.379539
0.381579
0.381636
0.385583
0.384196
0.380004
0.384632
0.383816
0.378126
0.37661
0.379016
0.38366
0.380688
0.37807
0.380036
0.38121
0.383446
0.382158
0.381
0.378028
0.38356
0.383294
0.379571
0.378322
0.375506
0.38332
0.383873
0.382215
0.379726
0.379979
0.385813
0.391301
0.383247
0.378786
0.384989
0.384452
0.38209
0.380543
0.379767
0.381652
0.382715
0.380648
0.381693
0.380844
0.384598
0.381948
0.380558
0.383997
0.387893
0.383081
0.382699
0.381595
0.3826
0.383976
0.383451
0.381808
0.383988
0.385019
0.384724
0.383882
0.382997
0.382745
0.383946
0.385468
0.381964
0.379016
0.381751
0.386118
0.384518
0.381155
0.379808
0.38394
0.387029
0.385548
0.382303
0.381647
0.385376
0.384046
0.385026
0.38162
0.378959
0.38271
0.383237
0.383797
0.383138
0.383174
0.386548
0.386248
0.38369
0.383409
0.382772
0.386879
0.385689
0.381667
0.384061
0.385391
0.383565
0.382192
0.381667
0.384812
0.385019
0.38464
0.385219
0.384483
0.387457
0.387619
0.385406
0.382132
0.380646
0.384112
0.384884
0.382275
0.381399
0.383919
0.386272
0.38379
0.381979
0.382517
0.386636
0.387372
0.383961
0.386272
0.381781
0.382062
0.386514
0.387457
0.383382
0.381
0.38416
0.38577
0.38938
0.386348
0.383847
0.383961
0.388024
0.386291
0.381865
0.382189
0.383732
0.381285
0.378793
0.380534
0.385747
0.388351
0.38567
0.386449
0.386648
0.387703
0.384797
0.384525
0.382683
0.387329
0.388712
0.38587
0.382345
0.387066
0.389683
0.388354
0.384275
0.384175
0.386521
0.38753
0.385019
0.384541
0.387818
0.385364
0.385449
0.385433
0.384489
0.38429
0.384546
0.386544
0.388133
0.388932
0.3861
0.385621
0.383909
0.386644
0.385807
0.384362
0.384233
0.386472
0.386593
0.38776
0.385684
0.385684
0.383836
0.38572
0.384513
0.38477
0.38688
0.384889
0.386122
0.388827
0.388306
0.385593
0.387423
0.38575
0.388123
0.38867
0.386529
0.386007
0.387933
0.386808
0.386387
0.385298
0.386372
0.388727
0.387181
0.38313
0.385263
0.386836
0.386065
0.388885
0.388885
0.386257
0.38605
0.384513
0.388478
0.386593
0.387875
0.386916
0.387296
0.386487
0.388693
0.388253
0.389062
0.390505
0.38655
0.387339
0.387602
0.385385
0.388263
0.386516
0.388148
0.387429
0.386287
0.387411
0.38799
0.38981
0.388526
0.386122
0.386859
0.387353
0.385335
0.387883
0.388253
0.389288
0.388363
0.387554
0.385141
0.389173
0.39055
0.389191
0.387281
0.389622
0.386816
0.386065
0.391315
0.387617
0.391966
0.386665
0.38987
0.389493
0.389058
0.387726
0.388105
0.385807
0.388526
0.389709
0.387468
0.390449
0.388119
0.391488
0.38774
0.387933
0.38987
0.391877
0.386401
0.389882
0.389288
0.387117
0.390303
0.390404
0.388108
0.387339
0.388454
0.389652
0.391691
0.38908
0.386788
0.388392
0.387626
0.389187
0.386845
0.388857
0.387103
0.38981
0.389767
0.389767
0.388578
0.390404
0.390447
0.388435
0.38817
0.388827
0.390461
0.388655
0.391894
0.389436
0.389983
0.390232
0.388972
0.388463
0.38754
0.388785
0.391041
0.389637
0.391619
0.390072
0.390577
0.38832
0.392067
0.390202
0.390026
0.390188
0.391257
0.389827
0.389853
0.391167
0.389666
0.390371
0.390461
0.390083
0.389594
0.390677
0.391966
0.391055
0.390418
0.391267
0.391011
0.388113
0.391023
0.388871
0.388378
0.390634
0.388699
0.392774
0.387468
0.389173
0.391199
0.391689
0.391793
0.390519
0.39117
0.392443
0.392632
0.39036
0.389479
0.391055
0.390951
0.390471
0.391109
0.38936
0.393427
0.392849
0.391807
0.392442
0.392341
0.391689
0.391098
0.390101
0.390882
0.392993
0.391488
0.389623
0.391386
0.391648
0.393514
0.393209
0.390677
0.390677
0.390693
0.392399
0.391545
0.393933
0.39117
0.390735
0.391631
0.391112
0.391819
0.3925
0.392067
0.389335
0.392776
0.391372
0.394179
0.392009
0.392601
0.390634
0.392009
0.392978
0.391936
0.395468
0.390591
0.393036
0.389518
0.390692
0.389896
0.391386
0.394005
0.391891
0.392283
0.392413
0.392704
0.39131
0.394584
0.393355
0.390476
0.392125
0.391271
0.392196
0.391634
0.391228
0.394325
0.392557
0.395063
0.395033
0.391329
0.393744
0.392413
0.392718
0.393152
0.393717
0.390922
0.392674
0.390807
0.390634
0.394498
0.391761
0.390864
0.391847
0.391526
0.392674
0.392182
0.393281
0.392166
0.391833
0.392514
0.393325
0.395063
0.395889
0.391069
0.392674
0.39486
0.391819
0.392457
0.391949
0.394223
0.395077
0.394005
0.394005
0.39389
0.393368
0.391329
0.394542
0.392009
0.393382
0.393861
0.393818
0.395512
0.392891
0.39192
0.395251
0.396725
0.391705
0.394223
0.393209
0.3912
0.3912
0.395888
0.394642
0.394933
0.398061
0.393311
0.394438
0.392745
0.395656
0.393847
0.394918
0.393789
0.393325
0.392355
0.394223
0.3946
0.395672
0.395598
0.395728
0.394368
0.396783
0.395424
0.394975
0.393701
0.394933
0.395221
0.395033
0.393644
0.396845
0.393803
0.393064
0.393152
0.395179
0.393962
0.393249
0.391502
0.393498
0.392369
0.396641
0.394192
0.394918
0.394542
0.394556
0.393745
0.396075
0.393079
0.394786
0.394165
0.397077
0.396324
0.395149
0.393007
0.394817
0.396279
0.394382
0.394512
0.397063
0.394975
0.394713
0.395292
0.394498
0.395149
0.395888
0.393817
0.39615
0.397598
0.39551
0.395932
0.395281
0.391732
0.3946
0.397208
0.40103
0.399631
0.395714
0.395135
0.399003
0.399896
0.394439
0.394439
0.392962
0.394484
0.390706
0.394889
0.396796
0.395614
0.395019
0.397638
0.398872
0.396943
0.394281
0.399266
0.399954
0.395135
0.393816
0.394237
0.398609
0.393803
0.393803
0.394454
0.398958
0.39964
0.393122
0.38969
0.393004
0.397656
0.393905
0.395251
0.395802
0.397336
0.403945
0.395394
0.393688
0.39787
0.39787
0.399143
0.394542
0.395959
0.399954
0.396525
0.394078
0.39783
0.399085
0.397291
0.396017
0.397077
0.398093
0.395788
0.397336
0.394627
0.393644
0.398481
0.398004
0.396873
0.394526
0.395147
0.398913
0.400025
0.399586
0.397349
0.393512
0.395381
0.401913
0.399259
0.393686
0.387822
0.410029
0.395381
0.403555
0.396699
0.389276
0.403309
0.398526
0.398958
0.395584
0.394147
0.403465
0.398468
0.397513
0.396975
0.396425
0.399447
0.399756
0.397838
0.398218
0.400252
0.400393
0.398913
0.395888
0.395973
0.401496
0.39942
0.398004
0.403744
0.405524
0.398321
0.397619
0.394831
0.402617
0.401783
0.396178
0.390328
0.395917
0.405549
0.399756
0.394237
0.394829
0.3989
0.403777
0.40016
0.394902
0.395741
0.395741
0.39955
0.401554
0.400245
0.401088
0.403128
0.398526
0.396699
0.402745
0.398886
0.400823
0.404205
0.400393
0.394396
0.394454
0.400927
0.402329
0.400765
0.393976
0.397193
0.397714
0.397772
0.397033
0.399961
0.402141
0.401738
0.397812
0.398886
0.39994
0.39751
0.398642
0.397928
0.401621
0.40205
0.400025
0.399703
0.399119
0.403011
0.401252
0.398178
0.397104
0.403173
0.401191
0.401016
0.396641
0.395322
0.401621
0.40255
0.397005
0.397455
0.396062
0.399814
0.400393
0.398044
0.398044
0.401693
0.397728
0.40127
0.399988
0.403335
0.399119
0.399896
0.403686
0.405018
0.403407
0.397684
0.400992
0.40255
0.400252
0.40059
0.3989
0.397001
0.398379
0.396844
0.397802
0.401218
0.404725
0.401263
0.401101
0.404283
0.403141
0.401599
0.398512
0.4019
0.401841
0.399731
0.395686
0.39515
0.401746
0.402024
0.401133
0.399214
0.399961
0.404647
0.405564
0.402154
0.397767
0.401181
0.405122
0.403218
0.397844
0.398958
0.399479
0.40329
0.402684
0.400567
0.399512
0.401167
0.402815
0.401366
0.402491
0.402236
0.400858
0.400858
0.399447
0.400587
0.402398
0.400413
0.398686
0.399779
0.401308
0.40255
0.399827
0.401576
0.402411
0.403985
0.402653
0.403232
0.39841
0.401958
0.404147
0.39942
0.398018
0.401225
0.404945
0.404277
0.405194
0.401934
0.398879
0.400831
0.402559
0.400238
0.397361
0.402236
0.404336
0.40279
0.399221
0.397684
0.400581
0.40468
0.397656
0.397523
0.399106
0.401505
0.401252
0.401114
0.401308
0.402501
0.403303
0.399917
0.400674
0.402801
0.404471
0.40394
0.399608
0.400903
0.403024
0.402977
0.40255
0.402225
0.402815
0.405407
0.401934
0.399053
0.400529
0.412087
0.398165
0.401621
0.401886
0.400974
0.402803
0.394671
0.402628
0.403393
0.402737
0.404102
0.397554
0.403686
0.401715
0.402734
0.400509
0.402075
0.404647
0.40176
0.401948
0.403556
0.40453
0.403836
0.402281
0.403165
0.403699
0.402698
0.401496
0.403223
0.402191
0.402469
0.402536
0.402158
0.403407
0.402236
0.405297
0.404939
0.404939
0.403892
0.403024
0.400335
0.401424
0.403731
0.401321
0.403757
0.401463
0.403478
0.402158
0.403744
0.402501
0.404323
0.405284
0.401252
0.401252
0.400858
0.399737
0.40178
0.401482
0.401276
0.403025
0.402945
0.402595
0.406526
0.403536
0.401328
0.404777
0.403223
0.402514
0.403048
0.404453
0.404901
0.402236
0.403282
0.404673
0.402366
0.401818
0.403802
0.403874
0.404625
0.401703
0.404152
0.402482
0.403757
0.40444
0.40321
0.402725
0.401663
0.400279
0.393193
0.398713
0.40232
0.40254
0.407871
0.406169
0.397133
0.402204
0.407046
0.406869
0.403003
0.399659
0.403977
0.404752
0.404336
0.401033
0.40277
0.405772
0.40676
0.402038
0.40364
0.404686
0.405323
0.402617
0.401541
0.404628
0.404952
0.404961
0.404
0.40444
0.407883
0.406065
0.405473
0.402204
0.404498
0.40342
0.405069
0.403699
0.404764
0.405043
0.404823
0.404985
0.402586
0.403815
0.404732
0.405031
0.406065
0.404147
0.405668
0.402476
0.404569
0.406006
0.404835
0.40312
0.402895
0.399802
0.404686
0.404336
0.402899
0.402374
0.404651
0.409174
0.405765
0.406227
0.404198
0.403919
0.40793
0.407099
0.403782
0.40131
0.406415
0.405811
0.405173
0.405321
0.400813
0.404755
0.406006
0.40661
0.406006
0.403398
0.405289
0.403653
0.400813
0.406006
0.40568
0.404009
0.404463
0.410075
0.408817
0.402606
0.412348
0.393857
0.409039
0.404081
0.40299
0.408344
0.396046
0.406052
0.410059
0.407958
0.405011
0.403478
0.408801
0.405531
0.406539
0.407749
0.404161
0.405114
0.403851
0.406936
0.406819
0.401993
0.402366
0.404984
0.408667
0.406169
0.402747
0.404998
0.408801
0.407339
0.405694
0.407619
0.402491
0.40689
0.409975
0.408164
0.407145
0.404835
0.403385
0.408965
0.409128
0.403523
0.402212
0.407053
0.408583
0.404998
0.403605
0.405661
0.406994
0.405707
0.401935
0.410315
0.413527
0.410486
0.402922
0.402333
0.405973
0.410028
0.405902
0.40069
0.405518
0.409471
0.409116
0.405031
0.404185
0.406539
0.40559
0.410223
0.408243
0.40189
0.407678
0.411065
0.407708
0.408478
0.406448
0.407053
0.408374
0.406286
0.405986
0.410047
0.405114
0.405023
0.407619
0.406982
0.408817
0.409455
0.406344
0.405311
0.410356
0.414164
0.406845
0.406948
0.405452
0.40676
0.407942
0.402967
0.408238
0.412431
0.406741
0.406682
0.406682
0.40883
0.411936
0.407443
0.408108
0.411308
0.410625
0.410625
0.402387
0.407366
0.403851
0.403851
0.403639
0.404881
0.415071
0.409543
0.409274
0.410671
0.412055
0.412726
0.409351
0.405869
0.40704
0.411083
0.409736
0.405719
0.399601
0.404233
0.412535
0.412996
0.402828
0.40676
0.409614
0.411351
0.407573
0.40509
0.415343
0.409899
0.404521
0.410164
0.409602
0.409761
0.409958
0.410387
0.407262
0.415143
0.409766
0.406286
0.406715
0.406507
0.410368
0.408863
0.406935
0.403303
0.405542
0.411129
0.40945
0.407554
0.408804
0.410789
0.412017
0.409824
0.407483
0.410848
0.408919
0.41329
0.409174
0.406741
0.410047
0.414612
0.409338
0.406845
0.405707
0.411182
0.410368
0.408386
0.411451
0.409116
0.408876
0.410093
0.407333
0.409631
0.409169
0.408667
0.403942
0.405498
0.414117
0.408935
0.408121
0.406753
0.409567
0.413244
0.409106
0.407573
0.41034
0.412968
0.406715
0.408635
0.409912
0.408445
0.410105
0.407483
0.407691
0.406624
0.404917
0.407437
0.412463
0.409304
0.409778
0.410328
0.411334
0.409468
0.408218
0.409409
0.411364
0.409396
0.407542
0.406858
0.410965
0.40739
0.408328
0.409853
0.408935
0.408134
0.407659
0.408192
0.411971
0.410297
0.409883
0.41117
0.410034
0.40702
0.409778
0.409781
0.40945
0.406858
0.406962
0.410328
0.413869
0.412758
0.410591
0.409116
0.410848
0.410432
0.404768
0.406148
0.406461
0.411306
0.412522
0.408478
0.407496
0.410445
0.410223
0.413552
0.41193
0.407527
0.412265
0.414872
0.410713
0.406252
0.408902
0.410518
0.411838
0.409807
0.407312
0.410029
0.410353
0.404615
0.406148
0.416111
0.409396
0.411557
0.408608
0.408309
0.413973
0.411213
0.408574
0.405557
0.409895
0.411275
0.408414
0.414295
0.411569
0.414413
0.410873
0.408694
0.409527
0.412535
0.411456
0.410844
0.409409
0.410445
0.413775
0.412125
0.412089
0.411393
0.409006
0.409954
0.411838
0.411393
0.407533
0.412981
0.411451
0.411083
0.407007
0.409391
0.412225
0.414164
0.412166
0.411166
0.408088
0.413219
0.414105
0.412785
0.408772
0.410491
0.412594
0.415651
0.409514
0.414139
0.414139
0.413244
0.413244
0.409749
0.413527
0.410516
0.410516
0.405289
0.412166
0.412771
0.411125
0.411125
0.411603
0.412206
0.412922
0.412312
0.409332
0.410743
0.412535
0.410328
0.411024
0.414813
0.413383
0.411541
0.411083
0.410978
0.409039
0.413337
0.413337
0.414329
0.411924
0.413573
0.416347
0.410411
0.41102
0.405302
0.40486
0.411863
0.411213
0.410797
0.411868
0.414822
0.413231
0.412179
0.412074
0.412271
0.414743
0.415131
0.410414
0.411804
0.414164
0.414704
0.411482
0.406115
0.412442
0.413834
0.413303
0.410932
0.415439
0.417563
0.416619
0.413231
0.406278
0.414388
0.416938
0.415451
0.403549
0.40258
0.416136
0.42039
0.408857
0.410668
0.413585
0.4161
0.423624
0.410369
0.419558
0.41532
0.415143
0.404223
0.412876
0.4176
0.414999
0.415131
0.410238
0.415498
0.416499
0.413514
0.409671
0.410218
0.415545
0.41225
0.416997
0.415746
0.413985
0.416927
0.411007
0.411717
0.415637
0.406475
0.412559
0.417374
0.409554
0.413619
0.41427
0.415793
0.412284
0.410283
0.418343
0.421367
0.417175
0.411612
0.41396
0.414494
0.415734
0.415262
0.412426
0.412044
0.41409
0.416064
0.415874
0.413303
0.414347
0.411776
0.412903
0.4144
0.414117
0.413762
0.414058
0.412677
0.415404
0.414552
0.412783
0.414861
0.414814
0.416335
0.412547
0.411776
0.415296
0.414078
0.415662
0.414716
0.413544
0.411541
0.414032
0.417222
0.416018
0.410973
0.418427
0.416288
0.409279
0.415296
0.417222
0.413796
0.412324
0.412324
0.414235
0.408706
0.408055
0.418687
0.417741
0.411096
0.411007
0.418968
0.421956
0.416195
0.409299
0.415038
0.415038
0.416785
0.416785
0.413926
0.409801
0.414847
0.414164
0.415768
0.413111
0.412594
0.414152
0.417952
0.415816
0.416868
0.416195
0.419384
0.41212
0.416242
0.413526
0.411216
0.411776
0.413808
0.414412
0.416372
0.417175
0.412876
0.413787
0.416111
0.412994
0.414564
0.412074
0.4129
0.415569
0.41669
0.411763
0.411137
0.414282
0.416619
0.417753
0.414353
0.417506
0.418687
0.416762
0.412724
0.414032
0.418168
0.416052
0.414716
0.411242
0.411893
0.417092
0.416325
0.414282
0.416064
0.416183
0.415131
0.4144
0.408589
0.411939
0.413914
0.413585
0.416631
0.414578
0.420485
0.417364
0.415663
0.415168
0.415168
0.417552
0.413263
0.413315
0.415687
0.416183
0.413703
0.414611
0.414255
0.41407
0.415721
0.414372
0.414788
0.414046
0.414235
0.415202
0.414932
0.416904
0.415215
0.410498
0.413926
0.418687
0.415852
0.409357
0.415038
0.418462
0.417659
0.415709
0.416667
0.419522
0.421491
0.418711
0.413111
0.41492
0.413749
0.413229
0.415662
0.413973
0.421229
0.415768
0.414576
0.412696
0.410615
0.413964
0.416667
0.412947
0.419574
0.416608
0.414294
0.414588
0.413569
0.421042
0.418097
0.416597
0.412321
0.413952
0.414649
0.412206
0.412771
0.414906
0.417353
0.416313
0.415959
0.413138
0.415485
0.418061
0.41754
0.414578
0.41342
0.418794
0.418747
0.417624
0.413023
0.415945
0.414859
0.415011
0.414117
0.416986
0.416986
0.415286
0.418156
0.419819
0.417258
0.417258
0.415356
0.415356
0.416715
0.415721
0.415352
0.415957
0.416821
0.416821
0.417648
0.418132
0.4159
0.417695
0.417268
0.416478
0.416183
0.413569
0.414682
0.413644
0.415082
0.412133
0.411313
0.414208
0.42248
0.418877
0.415687
0.41532
0.420045
0.419149
0.419641
0.405836
0.415176
0.420885
0.415463
0.414999
0.412708
0.415615
0.416939
0.417565
0.418298
0.416608
0.418677
0.416608
0.417814
0.41714
0.41753
0.416206
0.414682
0.415946
0.414893
0.416597
0.416443
0.417199
0.4129
0.414847
0.418462
0.420218
0.415581
0.414247
0.416254
0.418569
0.417222
0.417104
0.412888
0.416124
0.417353
0.414372
0.414372
0.415615
0.418663
0.413526
0.414871
0.411125
0.41545
0.416854
0.416336
0.415156
0.412027
0.415097
0.421022
0.415687
0.415438
0.411729
0.416656
0.420425
0.416821
0.415603
0.414818
0.417908
0.418995
0.415852
0.41355
0.416998
0.418794
0.416277
0.41688
0.420062
0.419325
0.416727
0.413303
0.414478
0.421063
0.413018
0.411881
0.417777
0.418168
0.415805
0.416384
0.417057
0.421004
0.419894
0.419327
0.41342
0.414755
0.422171
0.418334
0.414255
0.418605
0.416821
0.41605
0.415438
0.41532
0.420722
0.417069
0.414977
0.422123
0.421712
0.417611
0.414282
0.416762
0.415215
0.41636
0.417187
0.417729
0.413385
0.413363
0.419799
0.423241
0.412841
0.416183
0.419706
0.419337
0.419384
0.416774
0.417424
0.417872
0.415237
0.4174
0.414105
0.420001
0.417081
0.419159
0.420473
0.422123
0.415852
0.414044
0.414564
0.414564
0.417305
0.413703
0.413867
0.414493
0.420473
0.418569
0.417955
0.417955
0.416254
0.420544
0.421486
0.418237
0.41799
0.417814
0.417504
0.418972
0.414519
0.416041
0.415971
0.418014
0.417364
0.415603
0.416845
0.417542
0.415839
0.417518
0.419008
0.417622
0.415827
0.415379
0.420084
0.417364
0.41818
0.415391
0.416348
0.420682
0.417081
0.415156
0.417305
0.420271
0.419926
0.415864
0.416821
0.416904
0.418581
0.418002
0.416325
0.419043
0.418758
0.420033
0.4202
0.41863
0.415143
0.415758
0.417943
0.418308
0.415061
0.414932
0.418818
0.420234
0.417814
0.415391
0.416738
0.417376
0.419926
0.41564
0.414599
0.414564
0.417234
0.424105
0.425954
0.418789
0.416325
0.419159
0.419878
0.415226
0.418618
0.419289
0.419339
0.417611
0.421312
0.417518
0.418168
0.419102
0.420271
0.421241
0.418829
0.415108
0.418378
0.418748
0.418748
0.420594
0.420594
0.419681
0.417907
0.416702
0.416904
0.418121
0.419232
0.418464
0.419918
0.420143
0.420259
0.420056
0.419359
0.418037
0.418037
0.417412
0.416608
0.419677
0.418002
0.421605
0.421086
0.419268
0.418426
0.419337
0.418405
0.419621
0.417707
0.420366
0.421022
0.420152
0.418663
0.420801
0.421086
0.41792
0.416502
0.419004
0.418581
0.416384
0.419031
0.418037
0.421986
0.420671
0.418298
0.420919
0.420919
0.41818
0.417317
0.41818
0.418699
0.418699
0.422016
0.419218
0.418286
0.417364
0.419728
0.419514
0.418474
0.421222
0.419669
0.417552
0.418995
0.419054
0.418168
0.419356
0.42033
0.421843
0.41974
0.418415
0.418227
0.419434
0.41391
0.413523
0.416607
0.418603
0.417386
0.419692
0.418286
0.408809
0.386637
0.377773
0.377405
0.37834
0.377289
0.377022
0.373811
0.360811
0.364496
0.364174
0.375431
0.386214
0.387244
0.388129
0.387725
0.378088
0.372485
0.371181
0.368459
0.373485
0.378479
0.374948
0.380607
0.378211
0.380137
0.383609
0.383982
0.382525
0.38601
0.383073
0.381785
0.37607
0.377616
0.377426
0.377557
0.37681
0.375798
0.370698
0.367027
0.363349
0.361916
0.365098
0.364589
0.364349
0.366586
0.363709
0.362742
0.362418
0.362709
0.365738
0.365033
0.36477
0.365197
0.362124
0.36195
0.36042
0.362698
0.361491
0.361299
0.364295
0.365
0.362392
0.363655
0.362222
0.363472
0.360202
0.363462
0.364135
0.363735
0.363436
0.359758
0.362566
0.364557
0.363309
0.363845
0.363753
0.364656
0.360311
0.360994
0.36131
0.362364
0.361916
0.364076
0.363972
0.364162
0.362764
0.363472
0.363349
0.365252
0.362625
0.361843
0.364692
0.363386
0.362168
0.363096
0.362375
0.363185
0.363709
0.36501
0.363933
0.363582
0.362015
0.360321
0.36296
0.364087
0.362392
0.360463
0.362556
0.359997
0.362059
0.359682
0.363119
0.364234
0.361971
0.363447
0.362102
0.362403
0.362818
0.362157
0.361797
0.364015
0.364015
0.36131
0.365033
0.363403
0.360365
0.362888
0.360041
0.36372
0.36168
0.36144
0.361571
0.361402
0.362655
0.363393
0.363933
0.363933
0.361742
0.36143
0.362709
0.361971
0.362113
0.361843
0.36262
0.362636
0.363621
0.363042
0.361213
0.360952
0.36308
0.361124
0.360041
0.361637
0.363567
0.362188
0.361358
0.3618
0.361473
0.362774
0.362644
0.361629
0.364316
0.360365
0.361862
0.364612
0.360267
0.364063
0.364063
0.361178
0.361773
0.361916
0.360637
0.362774
0.360844
0.360844
0.364415
0.362069
0.362287
0.360149
0.361872
0.364141
0.362873
0.361691
0.361603
0.360627
0.362873
0.362447
0.360681
0.360474
0.359617
0.365771
0.359367
0.358585
0.356852
0.357328
0.359509
0.363195
0.360971
0.358206
0.359096
0.356266
0.356657
0.362159
0.361079
0.360818
0.362025
0.359671
0.360763
0.361079
0.36007
0.36162
0.360818
0.359889
0.35979
0.358825
0.357654
0.359899
0.359987
0.358737
0.360637
0.363069
0.356104
0.35671
0.358077
0.359411
0.359303
0.359249
0.361007
0.358717
0.358476
0.359682
0.359682
0.360214
0.358963
0.359844
0.357914
0.358998
0.356125
0.359899
0.358608
0.358184
0.35851
0.361981
0.358736
0.359702
0.338509
0.308859
0.27668
0.254364
0.215281
0.16834
0.124933
0.089827
0.068978
0.0668835
0.0621599
0.0618519
0.0573184
0.041881
0.0342058
0.0351981
0.028195
0.019037
0.0166875
0.0159484
0.0143267
0.0135551
0.0266903
0.0290608
0.0179339
0.0138474
0.0131081
0.0131411
0.00983881
0.0113032
0.0120808
0.0137137
0.0122943
0.00742748
0.00923493
0.0115757
0.0113371
0.0127883
0.00926828
0.00999568
0.00853689
0.00851487
0.0101475
0.00995114
0.00843399
0.00921619
0.00986949
0.00785624
0.0112077
0.0103969
0.0135907
0.00910788
0.0100938
0.010128
0.00928013
0.01007
0.011524
0.00994356
0.0109752
0.00835231
0.0093598
0.00775655
0.0103103
0.00946272
0.0109639
0.00706778
0.00943998
0.00552118
0.00703322
0.0101725
0.0101847
0.0116974
0.00695447
0.00695447
0.00779102
0.0088414
0.00710209
0.00875052
0.00705672
0.00652429
0.00652429
0.00571089
0.00571089
0.00725901
0.0086602
0.00556487
0.00719168
0.00731422
0.00793766
0.00669105
0.00791446
0.00557575
0.00563187
0.00797107
0.00786882
0.00636723
0.00636723
0.00716841
0.00556487
0.00804978
0.00688448
0.00712425
0.00553036
0.00489602
0.00579825
0.00578738
0.00403726
0.00642204
0.00579825
0.00698745
0.00698745
0.00790336
0.00714478
0.00348039
0.00427091
0.00505233
0.00795994
0.00487439
0.00645637
0.00650015
0.00728114
0.0047732
0.00481846
0.00429404
0.0048758
0.00417237
0.00420462
0.00720138
0.0041275
0.00559748
0.00710086
0.00707712
0.00489602
0.00652196
0.00558663
0.00507508
0.00795994
0.00795994
0.00795994
0.00650015
0.00571861
0.00580911
0.00476242
0.00569878
0.00651106
0.00413823
0.00413823
0.00494104
0.00411675
0.00494104
0.00246899
0.00708985
0.00565157
0.00565157
0.00648923
0.00419389
0.00423864
0.00420462
0.00495186
0.00421535
0.00278762
0.00574228
0.00260099
0.00572939
0.00348039
0.00417035
0.00441528
0.00500577
0.00420462
0.00269
0.00269
0.00661236
0.00575312
0.00560595
0.00406922
0.00417237
0.00184493
0.00348039
0.00661236
0.00417035
0.00485083
0.00576164
0.00275381
0.00430482
0.00578738
0.00356769
0.00431374
0.00488521
0.00491759
0.00196101
0.00196101
0.00491759
0.00586498
0.00262995
0.00259037
0.00348039
0.0043156
0.00471701
0.00471701
0.00486159
0.00345707
0.00265388
0.00181922
0.0020182
0.00589752
0.00421535
0.00434931
0.00343575
0.00178771
0.00279825
0.00126977
0.0041917
0.0041917
0.00419389
0.00419389
0.00338029
0.00263493
0.00427091
0.00492835
0.00256909
0.00406922
0.00346771
0.00350177
0.00184287
0.00320259
0.003557
0.00114991
0.00353558
0.00639833
0.00489602
0.00649818
-0.000246623
0.00346771
0.00345895
0.00242402
0.00348895
0.00263493
0.00443689
0.00274082
0.00274321
0.00119415
0.00284064
0.00497126
0.00108459
0.00441394
0.00111842
-0.000279839
0.00354437
0.00356769
0.00132208
0.00281947
0.00200553
0.00254288
0.00112636
0.00650901
0.000518363
0.00269863
0.00274082
