0.000490272
-0.000434149
-0.00571314
-0.00303961
0.00102143
-0.00763243
0.000947919
-0.00594488
0.00109932
-0.000129863
-0.00188129
0.000718885
0.000256272
0.00147643
-0.000133186
-0.00119781
-0.000437587
0.000632389
0.000632389
-0.00350104
-0.00157892
-0.00157892
0.00233175
-0.000285465
-0.00089301
-0.00089301
0.00369303
-0.00173684
0.00362093
-0.00303799
-0.00617666
-0.00448991
0.000710143
-0.0018868
-0.000282084
-0.000204292
-0.00158152
-0.00173684
-0.00181186
-0.00433832
-0.00204715
-0.00196703
0.00215522
-0.00188408
-0.00396134
-0.00326337
-0.000133186
-0.00571314
-0.000359849
0.00239927
-0.000656537
-0.000275122
-0.00602228
-0.00326705
-0.00189457
-0.000285465
-0.00441048
-0.00341825
0.000792266
-0.000966964
-0.000966964
-0.00334624
0.00117724
-0.00372381
-0.00197213
-0.0043376
-0.00456902
-0.00105511
-0.00234355
-0.00342012
-0.000889398
0.00224333
-0.00563579
-0.00441048
-0.00189702
-0.00456729
0.00102579
-0.00357489
-0.00280847
-0.00295699
0.00232648
0.000490135
-0.00211944
-0.00264649
0.00362093
-0.000430643
0.000705872
-0.00212208
-0.000447501
-0.00449312
-0.00449312
-0.00456902
-0.00295875
-0.00219146
-0.00326524
0.0052332
-0.0030363
-0.0030363
-0.00188946
-0.00326524
-0.00410352
-0.00342692
-0.00701321
-0.00701321
0.00238906
-0.0039595
-0.00204715
-0.00472369
-0.000592981
0.00199947
-0.000596344
-0.0039648
-0.00126958
-0.000748267
-0.00319132
-0.00319132
-0.00204457
0.000718885
-0.000430643
-0.00540371
-0.00272232
-0.00272232
-0.000437587
-0.00342012
-0.00617662
-0.0018868
-0.0018868
-0.00640803
-0.00327047
-0.00373133
-0.0043376
0.00323697
-0.00503007
-0.00311026
0.000632389
0.000783648
0.00217584
-0.000966964
2.25159e-05
-0.00188946
-0.00150382
0.00263338
-0.00318776
-0.00196961
0.00133315
0.00069753
-0.00204457
-0.00204457
-0.00280357
-0.000741359
-0.00120309
0.000710143
-0.010155
-0.00311383
-0.00456819
-0.00456819
-0.00311551
-0.00425937
-0.00425937
-0.00288117
-0.00150382
-0.00157624
-0.00609949
-0.00165919
-0.00219146
-0.00219146
-0.00181698
-0.000582493
-0.003193
-0.00197457
-0.00342012
-0.0030363
0.00238406
-0.00219693
-0.00426087
-0.00426087
-0.00196703
0.000563386
-0.00303799
0.0022382
0.000870079
-0.00364846
-0.00310837
-0.0047973
-0.00349752
-0.00181186
-0.00165392
0.00110368
0.000636722
-0.00326879
-0.000288779
0.00141115
-0.00464368
0.00361495
0.0013246
0.00100467
2.5848e-05
-0.0016642
-0.00433408
-0.00579032
-0.00126794
-0.00357303
-0.00357303
0.00407786
-0.000596344
0.00416803
-0.000670638
-0.00127312
0.00224333
-0.00311551
-0.000123016
-0.00326879
0.00133315
0.00117724
-0.000511864
-0.000282084
0.00125088
-0.00219693
-0.00173424
-0.00173424
-0.00181698
0.00103021
-0.000970571
-0.00157624
-0.00157624
0.00132884
0.000407995
0.000943567
0.000943567
-0.00295699
0.0013246
-0.00326524
-0.00326524
0.00224333
0.000563386
-0.0010445
-0.0010445
0.00239927
-0.00296207
0.00493419
-0.00142864
0.00132884
0.0052332
0.00393945
0.000939283
-0.00472197
-0.0016642
-0.00181186
-0.00173937
-0.00173937
0.00124664
-0.00609944
-0.000586056
-0.00472197
-0.00203921
-0.000197321
-0.000197321
2.92469e-05
0.000952337
0.000792266
0.000874493
0.00133753
-0.000359849
-0.00173158
0.00248776
0.000192092
-0.0030363
-0.00241513
-0.000356406
0.00263859
0.00125088
-0.000660163
-0.00334082
0.00248248
-0.00034932
0.00102143
-0.00180369
-0.00203921
-0.00295516
-0.0018092
-0.00425852
0.00277431
0.00278959
-0.00127312
-0.00563587
-0.000582493
-0.00318958
0.000796675
0.00224852
0.00215522
-0.000434149
-0.00172885
0.00416202
-0.00180369
-0.00134028
-0.00394928
-0.00586684
-0.000356406
-0.00196166
-0.00157892
-0.000204292
-0.0024201
-0.00425662
-0.000964254
-0.00264827
-0.0025723
-0.00732271
-0.00448991
-0.00158894
-0.00173684
-0.00165392
-0.00189205
-0.00594505
-0.00410438
-0.00034932
-0.00295327
-0.00249624
-0.0057132
-0.00119781
0.000623923
-0.00479621
-0.00295699
-0.00418103
-0.00188129
-0.00685786
-0.00357303
-0.00318394
-0.00418103
-0.00479927
-0.00472197
-0.00165919
-0.000359849
0.000956822
-0.00326879
-0.00303272
-0.00571314
-0.00272593
-0.000434149
-0.00173424
-0.00456632
0.00102579
-0.00326143
0.00285245
0.00102143
-0.00724393
-0.00724393
-0.0018092
2.5848e-05
-0.00280527
-0.00311208
-0.00279806
0.00262823
-0.00548112
-0.00425852
-0.000430643
-0.000430643
-0.00755538
-0.000504796
-0.00296044
-0.00296044
-0.000582493
0.00101292
-0.00280357
-0.0043376
-0.000900033
-0.00280527
-0.00502564
-0.00196166
-0.000115902
-0.000663721
-0.00617662
0.00110811
-0.000589552
0.00125518
-0.00571314
-0.00165919
-0.0028069
-0.000748267
-0.000359849
-0.000359849
-0.00425662
-0.00678139
-0.000430643
-0.00280527
0.00102579
-0.00640775
-0.00295699
-0.00295699
-0.00165919
-0.00456419
-0.00158406
-0.00548095
-0.000115902
-0.00311026
-0.00204192
-0.0030363
-0.00288117
-0.00303799
0.0010347
-0.00732344
-0.000504796
-0.0055585
-0.00149579
-0.00149579
-0.00180648
-0.00594488
-0.00739983
-0.00633041
-0.00172885
-0.000741359
-0.000741359
-0.00280847
-0.00823789
-0.00173684
-0.00173684
-0.00342192
-0.00502799
-0.0014261
-0.00172605
-0.00594488
-0.00188408
9.71378e-05
-0.00172885
0.000110618
0.000110618
-0.000275122
0.00101714
0.00591825
0.00591825
-0.00165392
-0.00418189
-0.00127056
0.000874493
0.00126399
-0.00279996
0.00408379
-0.0030363
0.00300879
-0.00020084
0.00155865
-0.00149853
-0.00149853
-0.00149853
0.00133753
-0.0073241
-0.000210996
-3.43805e-05
-0.00586779
-0.00586779
0.00103021
0.00239927
-0.00464265
-0.00394841
2.25159e-05
-0.00418011
-0.00111229
-0.00272416
-0.00678347
-0.000883834
0.000192092
0.000192092
-0.00287758
-0.00226296
-0.00685946
0.00271147
-0.00034932
-0.00410352
-0.00410352
-0.00410352
-0.00571314
-0.00295699
-0.00394647
-0.00740122
-0.00333889
-0.0028018
-0.00157624
0.000947919
-0.00157892
-0.000204292
0.00134197
-0.00165392
-0.00379695
-0.00295875
-0.000275122
-0.000193735
-0.00318394
0.00116871
-0.00311551
0.00109932
0.000337595
0.00140259
-0.00257058
-0.00249108
-0.00311208
-0.00279996
0.00686202
-0.00311713
-0.0054036
-0.00157892
-0.00272416
-0.00265163
-0.00265163
-0.00295699
-0.00410352
-0.00784494
-0.00303272
-0.0025688
-0.00594412
-0.00594412
0.00141553
-0.00295699
-0.00594373
-0.00157624
-0.005945
-0.00264827
0.00102579
-0.00149853
-0.00279609
-0.00716977
0.000185075
-0.00264827
-0.00134028
-0.00540369
-0.000285465
9.39349e-05
-0.0025723
-0.0025723
-0.00257058
3.62453e-05
3.62453e-05
2.92469e-05
-0.00264274
-0.00685786
-0.00685786
0.00273824
-0.00173684
0.00271147
-0.00586684
-0.00126794
-0.00279806
-0.00417912
-0.00417912
-0.00425662
-0.00425662
0.00262823
2.5848e-05
-0.00387082
-0.00173158
-0.00173158
-0.00119013
-0.00119013
-0.00127056
-0.00272041
0.00240974
0.00164531
-0.00310642
-0.00608369
-0.00379225
0.0012687
-0.00439479
-0.00974001
-0.00431701
-0.00431701
-0.00792799
-0.00792799
-0.0132557
-0.0214622
-0.0127432
0.00568365
0.0899781
0.0803036
0.054296
-0.00232086
-0.00217434
-0.00217434
-0.0077961
0.00296431
0.0116105
0.0149426
0.0134672
0.00416761
-0.00256836
0.00346955
-0.000226722
-0.0105377
-0.00918436
-0.0087117
-0.0036863
-0.00227495
-0.0015183
-0.00280877
-0.014382
-0.012887
-0.00478073
-0.00496161
-0.00122809
0.00410699
0.00410699
-0.00600033
-0.00428945
-0.00324385
-0.00324385
-0.000173827
-0.00526369
0.00146467
0.00169345
0.00515091
0.00444061
0.00104484
-0.0039958
-0.0031246
-0.00549982
0.00146467
0.00266703
-0.00141264
-0.00141264
-0.00439006
0.0014613
-0.00178011
-0.0034804
-0.00323046
-0.00441871
-0.00563725
-0.00563725
-0.0072988
-0.00585399
-0.00968751
-0.00728314
-0.00728314
-0.0040603
-0.00418898
-0.00418898
-0.00147633
-0.00493354
-0.00153011
-0.00242411
0.00122637
-0.00193966
0.00149928
-0.0033202
-0.00128097
-0.00149156
-0.000113153
-3.38923e-05
0.000283423
0.000283423
0.00603602
0.00540626
0.00206563
0.0186109
0.0491369
0.0897966
0.0968339
0.0968339
0.087168
0.0770962
0.0754366
0.0785734
0.0877867
0.0824808
0.0787694
0.0909375
0.0870353
0.097342
0.0880883
0.0785194
0.0825387
0.0825387
0.0899417
0.0971943
0.103117
0.101848
0.0841753
0.0887974
0.0866101
0.0871663
0.0871663
0.0946754
0.0885242
0.0881658
0.0881658
0.0890045
0.0836844
0.0825888
0.0851343
0.0825238
0.0854561
0.0867394
0.0829207
0.0822497
0.0822497
0.078575
0.0852294
0.084157
0.084157
0.0719019
0.113271
0.0984019
0.0533561
0.0347458
0.0308408
0.0316671
0.030774
0.0291834
0.0276919
0.029345
0.0239179
0.0239179
0.0310616
0.0264598
0.0348271
0.0308185
0.0293505
0.0251442
0.0236507
0.0302968
0.0302968
0.0253098
0.0267214
0.0277105
0.0277105
0.0262974
0.0249797
0.0264179
0.0264179
0.0319565
0.0305618
0.0294097
0.0252246
0.0276321
0.0307822
0.0304138
0.0293665
0.0252481
0.0252481
0.0280539
0.0251866
0.0278142
0.0266196
0.0348336
0.0294259
0.0290864
0.0239722
0.030526
0.0310171
0.029329
0.0603217
0.0452086
0.0274407
-0.0342348
-0.0460503
-0.0321802
-0.0295682
-0.0292311
-0.0069787
-0.0129192
-0.0208003
-0.019217
-0.019217
-0.02754
-0.0280475
-0.0266091
-0.0230222
-0.0241871
-0.0307445
-0.0192505
-0.0166024
-0.0257053
-0.0204593
-0.0205223
-0.0227629
-0.0155635
-0.0155635
-0.0103951
-0.0118094
-0.0167624
-0.0137395
-0.0213466
-0.0171683
-0.00956338
-0.0139839
-0.0154665
-0.0165468
-0.0107137
-0.0207185
-0.0185417
-0.0186814
-0.022786
-0.0235902
-0.0185066
-0.0226401
-0.0261496
-0.021723
-0.0283774
-0.0258275
-0.0226788
-0.0239921
-0.0211075
-0.0211075
-0.0203652
-0.0187846
-0.0210625
-0.0212159
-0.0198062
-0.0198062
-0.0182897
-0.0168294
-0.0142352
-0.00861367
-0.016696
-0.0148913
-0.0123454
-0.015718
-0.0128887
-0.0128887
-0.0160659
-0.0159692
-0.0159692
-0.0184995
-0.0157191
-0.0196203
-0.0232146
-0.023594
-0.0234931
-0.0259956
-0.0290614
-0.0292258
-0.0280945
-0.0276844
-0.0213376
-0.0231901
-0.0231901
-0.0200966
-0.010115
-0.00493214
-0.000861487
0.0108031
0.00439732
-0.00392941
-0.00317808
0.0287402
0.0665962
0.0853567
0.153032
0.155859
0.130333
0.100088
0.0667079
0.0618089
0.0555295
0.0474892
0.0510215
0.048609
0.048609
0.0539999
0.0473834
0.0477481
0.0582584
0.0569327
0.0557293
0.0597667
0.0584196
0.0562783
0.0495836
0.052266
0.0537308
0.0523568
0.0555549
0.0530348
0.0530348
0.0524832
0.0498285
0.0486313
0.0506752
0.050002
0.0541187
0.0526893
0.0548106
0.0546787
0.0519247
0.0540592
0.0540592
0.0539761
0.0547656
0.0518045
0.0527821
0.0516996
0.0551596
0.0551596
0.0636107
0.0578408
0.0510282
0.0520292
0.0488455
0.0488455
0.0353567
0.0249841
0.0249841
0.0326004
0.025191
0.0250042
0.0287516
0.0257154
0.0262409
0.0270918
0.0305077
0.0247066
0.0247066
0.0227305
0.0215906
0.0265235
0.0236551
0.0181289
0.0216218
0.0275727
0.0264519
0.0251937
0.0246462
0.0263142
0.0282499
0.0271593
0.0317698
0.0324213
0.029278
0.0279713
0.0279713
0.0279246
0.026844
0.0269045
0.0274518
0.0274518
0.027611
0.027029
0.0334812
0.0279513
0.03099
0.0303226
0.0242926
0.027637
0.027637
0.0263913
0.0183157
0.0183157
0.0176315
0.0212317
0.0213686
0.0153537
0.02361
0.0103891
0.0165659
0.00569208
0.0127072
0.0150953
0.0166113
0.0126489
0.0162058
0.0128124
0.013874
0.0152345
0.0148102
0.0165797
0.0131935
0.0100055
0.0133476
0.0139233
0.0161484
0.0129465
0.0116434
0.0133906
0.0120512
0.0131302
0.0157529
0.0163833
0.0155984
0.0140759
0.0147746
0.0108593
0.0116471
0.0120701
0.012321
0.0114459
0.0131139
0.0111118
0.0110596
0.0100491
0.0123401
0.0102256
0.0152345
0.0125075
0.00997367
0.00920184
0.0143242
0.0143242
0.0190494
0.0109761
0.0114476
0.012478
0.0100699
0.0119164
0.00922425
0.0176486
0.0176486
0.0116864
0.0170511
0.013268
0.0114882
0.0173038
0.0141227
0.0119409
0.0148592
0.0117516
0.0117516
0.0136984
0.0143871
0.0124571
0.0136426
0.0172196
0.0176268
0.0144236
0.0146915
0.0151332
0.01562
0.01562
0.0147133
0.0165606
0.0140653
0.0180022
0.015704
0.0183073
0.0183073
0.0162543
0.0163615
0.0120929
0.0139236
0.0161091
0.0178933
0.0172598
0.0143963
0.0150773
0.0178933
0.0134137
0.0149636
0.015186
0.015186
0.0166679
0.017397
0.017397
0.0122068
0.0133876
0.0138907
0.0149044
0.0156816
0.0122736
0.0143678
0.0168805
0.00648756
0.013275
0.0163311
0.0123798
0.0120454
0.00950704
0.0149563
0.0166805
0.0166805
0.0127429
0.0129786
0.0144353
0.0155722
0.0192427
0.0192427
0.00879377
0.00879377
0.00948103
0.0125193
0.0153541
0.015186
0.015186
0.00782088
0.0147862
0.0134976
0.0136747
0.0113375
0.0161023
0.0161023
0.0099807
0.00964748
0.0118688
0.0133973
0.0119897
0.0100379
0.0100119
0.00850899
0.0107681
0.0127307
0.00984534
0.0100693
0.0100693
0.012938
0.00918951
0.00941908
0.00941908
0.0149032
0.0125751
0.0125751
0.00854411
0.0141179
0.00754011
0.0105697
0.00967265
0.00928101
0.0128543
0.0128543
0.0115322
0.0135253
0.00814139
0.0108879
0.0134409
0.0124356
0.0137586
0.00859222
0.00924774
0.00715143
0.0119793
0.0074142
0.0106012
0.0107681
0.00879377
0.00764037
0.0110258
0.0110258
0.0099807
0.01527
0.0055431
0.00913826
0.0104862
0.00679735
0.00893629
0.010351
0.00537745
0.0105959
0.0105959
0.0125416
0.00905497
0.00842579
0.00842579
0.00996006
0.00669857
0.00974774
0.00949575
0.00948341
0.0117253
0.0082827
0.00907889
0.00742397
0.00803418
0.0115856
0.0138135
0.00844042
0.0126588
0.00794983
0.00823657
0.00781168
0.0105386
0.0104862
0.0113011
0.00811621
0.0105437
0.0131587
0.00871052
0.00963924
0.0109668
0.00792685
0.0076845
0.00406758
0.00773782
0.00840304
0.0132176
0.00932318
0.0105156
0.0124312
0.0106917
0.010315
0.010315
0.0108499
0.011812
0.00966434
0.0113348
0.0111658
0.00907889
0.00983935
0.0088291
0.0109766
0.0117317
0.0073127
0.011481
0.0120734
0.0106917
0.0121766
0.00712828
0.00772346
0.00888848
0.00850899
0.0115001
0.012994
0.0113071
0.0113071
0.00764525
0.0121245
0.00745699
0.00823657
0.00942384
0.0107681
0.00838007
0.00853865
0.0117898
0.00851611
0.00924284
0.0115972
0.0114165
0.0111191
0.0116481
0.009281
0.009281
0.00940008
0.00729084
0.0106241
0.0123475
0.0113943
0.0134976
0.00957919
0.00825129
0.00749649
0.00749649
0.00772407
0.0114165
0.0114165
0.00974585
0.00710744
0.00788119
0.00874589
0.009765
0.00957919
0.0117062
0.0119571
0.0109766
0.00729084
0.0116737
0.0120093
0.0123475
0.0105248
0.00764037
0.00974774
0.0115065
0.0107324
0.0104627
0.0104627
0.00925721
0.00819086
0.0128538
0.0128538
0.00887161
0.00858406
0.00956456
0.00981446
0.0117145
0.0115901
0.0115901
0.00747425
0.0100689
0.00972234
0.00742856
0.00911442
0.0067754
0.0067754
0.009765
0.00929316
0.00855583
0.0138633
0.0112128
0.0143395
0.0105938
0.012101
0.00700244
0.00910324
0.0105591
0.0121647
0.0122484
0.00904754
0.00487151
0.00957398
0.0117643
0.00635195
0.0104161
0.00747484
0.0104168
0.00516975
0.00689763
0.00512835
0.0112051
0.0103437
0.00872071
0.00595548
0.00850869
0.0102419
0.00907531
0.0067318
0.00695885
0.0110636
0.0110636
0.0110458
0.0094725
0.00913975
0.0110463
0.00958346
0.00884241
0.0092972
0.00738925
0.00932942
0.00839493
0.00839493
0.00951528
0.00887723
0.00720439
0.0151197
0.0106529
0.0103549
0.0107363
0.0107714
0.00842694
0.00649527
0.00797946
0.0108897
0.00824442
0.00746619
0.00959849
0.0100591
0.0100591
0.010094
0.00879412
0.00732757
0.00924621
0.00890069
0.00648324
0.00730882
0.0088306
0.00795703
0.00795703
0.0101646
0.0101646
0.00782352
0.00782352
0.00879813
0.00875926
0.00518258
0.00814557
0.0100834
0.00835583
0.0076381
0.00826677
0.005583
0.00957398
0.00672861
0.0107554
0.00986847
0.00907989
0.0102847
0.00315979
0.0067508
0.0117624
0.012409
0.0113467
0.00984221
0.00781347
0.011539
0.00781347
0.00887723
0.0110055
0.0110055
0.0033872
0.00918642
0.0107121
0.0118199
0.0117363
0.00711786
0.00793016
0.00996234
0.0130572
0.0130572
0.00915295
0.00486023
0.0100253
0.0100253
0.0122567
0.0062248
0.00963274
0.00853221
0.00832747
0.0118808
0.0118808
0.013164
0.00884241
0.00562046
0.0101667
0.00801072
0.00992553
0.00782554
0.00555716
0.00995166
0.0124239
0.00769984
0.00489108
0.00975891
0.00924621
0.0122419
0.0107363
0.0128638
0.0106287
0.0112051
0.0128898
0.00828302
0.00830519
0.00716039
0.00620548
0.011914
0.0076381
0.0076381
0.00981895
0.0088647
0.0101892
0.00603985
0.00819825
0.00868246
0.00969158
0.0116885
0.00981895
0.00680643
0.00730636
0.00759784
0.00759784
0.00930607
0.00705999
0.00705999
0.0106181
0.0109975
0.00732757
0.00732757
0.00547441
0.0144016
0.00865306
0.00935827
0.00911026
0.013209
0.0101058
0.00914859
0.0104862
0.0129131
0.00973568
0.00528965
0.00662605
0.00662605
0.008379
0.00630956
0.00834393
0.00943678
0.0110458
0.00939737
0.00950917
0.00632841
0.00888158
0.00736907
0.00792659
0.00672807
0.00672807
0.00743204
0.00650537
0.00749234
0.0081345
0.0062691
0.00896438
0.00798953
0.00919181
0.0081769
0.00639653
0.0063297
0.0115692
0.00923098
0.00662605
0.00477096
0.00844908
0.00832193
0.0104534
0.00834162
0.00962512
0.00962512
0.00739861
0.00319777
0.00672355
0.00951998
0.00746265
0.00532328
0.00532328
0.00801652
0.00865306
0.0062691
0.00801072
0.00776405
0.00981825
0.00981825
0.00888158
0.00546036
0.00546036
0.00796845
0.00892038
0.00670894
0.00755516
0.00840909
0.00894381
0.0103559
0.00971255
0.0100973
0.0103708
0.00989258
0.0075079
0.00830926
0.00865306
0.00738925
0.0111403
0.0116289
0.0105368
0.00787027
0.0110329
0.0073491
0.00931816
0.00834162
0.0122318
0.0111732
0.0102874
0.0102874
0.00722323
0.0115719
0.0115719
0.0108901
0.00628834
0.00635195
0.00984921
0.0137602
0.00910634
0.00910634
0.00542398
0.00586638
0.0103057
0.00970841
0.00610347
0.00672807
0.00672807
0.00827956
0.00991442
0.00812356
0.00766101
0.0040588
0.0040588
0.00778417
0.00778417
0.0100598
0.00937562
0.00889578
0.00759093
0.00759093
0.00991442
0.010099
0.00593123
0.00436886
0.0050006
0.00414715
0.00414715
0.00649527
0.0113556
0.00890217
0.00620895
0.000144665
0.00469934
0.00469934
0.00938058
0.00637753
0.0087371
0.0087371
0.0122198
0.0122198
0.00807891
0.00672807
0.00704985
0.00704985
0.00534128
0.00681869
0.00608439
0.00159542
0.00577331
0.00611484
0.00915168
0.00862203
0.00994353
0.0107182
0.00660706
0.00620895
0.00483039
0.00483039
0.00741214
0.00708557
0.00573474
0.00895489
0.00601917
0.0101806
0.00205819
0.00869309
0.00757803
0.0039922
0.00727773
0.00654032
0.00511014
0.00864181
0.00573689
0.00654032
0.00730465
0.004936
0.0040588
0.00542398
0.00517597
0.00783082
0.00617968
0.00617968
0.00504682
0.00911026
0.00698366
0.0104305
0.00716856
0.00803635
0.00917283
0.00761785
0.00615149
0.00597837
0.00826575
0.0053702
0.00591339
0.00591339
0.00473092
0.00974785
0.00785049
0.00818705
0.00889151
0.0115163
0.0115163
0.0108032
0.00918955
0.00801652
0.00677125
0.00387802
0.00794747
0.00794747
0.00931416
0.00730617
0.00730617
0.0108216
0.00586638
0.00698366
0.00681787
0.00711786
0.010166
0.00956386
0.00904262
0.00761785
0.0100692
0.00360791
0.00705783
0.0079533
0.0079533
0.0078298
0.00243681
0.00397336
0.00453405
0.00846593
0.00871535
0.00492806
0.00820255
0.00250523
0.00690162
0.00894001
0.00713282
0.00367816
0.00367816
0.00797715
0.00801441
0.00594314
0.00594314
0.00668832
0.00881262
0.00793349
0.00624995
0.0064985
0.0064985
0.00686324
0.00686324
0.00863211
0.0105916
0.00532205
0.00494484
0.00426931
0.00512598
0.00603572
0.00570468
0.0070026
0.00469709
0.00828961
0.0108653
0.00900381
0.00336062
0.00686324
0.00686324
0.00873596
0.00772835
0.00676185
0.00997261
0.00604343
0.00874902
0.00678042
0.00621198
0.00661795
0.00489358
0.0057876
0.00539048
0.00511014
0.00766387
0.00680109
0.00874902
0.00620895
0.00454237
0.00776529
0.00451545
0.00434156
0.00507545
0.00507545
0.00539048
0.00671572
0.00517219
0.00517219
0.00307526
0.00340499
0.00340499
0.00794744
0.00458252
0.00113712
0.00503995
0.00596071
0.00420233
0.00651365
0.00627588
0.00679909
0.00679909
0.00192936
0.0061686
0.00376018
0.00366228
0.00892069
0.00479903
0.00600247
0.00604228
0.00763646
0.00763646
0.00338037
0.00782293
0.00526539
0.0093811
0.00447536
0.00394857
0.00449995
0.00449995
0.0100963
0.00640448
0.00575415
0.00561817
-0.000832937
0.00464816
0.00535728
0.00445985
0.00682887
0.00588664
0.00547319
0.00221463
0.00227213
0.00763667
0.00442411
0.00707456
0.00709767
0.00690075
0.00633924
0.00580202
0.0050933
0.00758209
0.00464048
0.00580314
0.00722176
0.00718061
0.00671823
0.00356411
0.00496171
0.00770429
0.00560035
0.00306049
0.00762135
0.00303127
0.0045788
0.00695491
0.00379559
0.00699173
0.00699173
0.00667909
0.00667909
0.0040116
0.00238171
0.00482885
0.00382375
0.00382375
0.0044399
0.00709316
0.00353292
0.002852
0.00243173
0.00630256
0.00431035
0.00252868
0.00252868
0.00535728
0.00467657
0.0029929
0.00578746
0.00396048
0.00397629
0.00397629
0.00635686
0.00316695
-0.000237585
0.00309547
0.00319589
0.00426821
0.00590833
0.00574796
0.00561266
0.00419222
0.000811528
0.00196823
0.00199788
0.00486223
0.00254354
0.00434007
0.00397336
0.00635686
0.00449098
0.0050933
0.00589565
0.00527467
0.00378261
0.00312816
0.00119638
0.00396048
0.00240892
0.00240892
0.00558263
0.00225826
0.00548967
0.00470748
0.00547319
0.00429202
0.00101593
0.00195694
0.00120914
0.00208006
0.00149953
0.00384068
0.00282825
0.00604343
0.00611885
0.00522516
0.00177875
0.000312488
-0.00224356
0.000701565
0.00427475
0.002766
0.00310163
0.00310163
0.00270816
0.000729513
-0.00141728
0.00306688
0.000630929
0.00357986
0.00273133
0.00372899
-6.88764e-05
0.00417652
0.00336062
0.00246127
0.00377995
0.00186091
0.00165596
0.00158169
0.00249137
0.00274597
0.00321561
0.00321561
0.00193057
0.000972922
0.00499397
0.00145037
0.00276071
0.00138196
-7.37681e-05
0.00236424
0.00564764
0.00304583
0.00231308
0.00237903
-0.000970116
0.00199788
-0.0019985
0.00274597
0.00192936
0.00552259
0.00151221
0.00144281
0.00217717
0.00381134
0.00580393
0.000464769
0.00113986
0.00187472
-0.00207061
0.00298456
0.00298456
0.000219988
0.0037289
0.000828501
0.000828501
0.00101964
0.00201155
-2.58e-05
-0.00114806
0.00305094
0.00191566
0.000102097
0.000686079
0.000686079
0.00425241
0.00425241
0.00231168
0.00231168
-8.16788e-05
-0.00332534
-0.00366436
0.00125921
0.00125921
-0.00080644
0.00544106
-0.00229392
0.0022445
-0.000669238
0.00255761
0.00507657
0.00101964
0.00153496
0.00153496
-0.0061593
-0.00307226
-0.000725032
0.00455148
-0.00113601
-0.00113601
0.00146863
0.00460944
-0.00215191
0.00119108
-0.000972401
0.00400511
0.00214864
0.000786215
7.83203e-05
7.83203e-05
-0.00136815
0.00040637
0.00143005
-0.000365734
-0.000844909
-0.00195621
-0.00167334
0.00234056
0.00234955
0.00234955
0.00371319
0.000345191
-0.00132338
0.00229681
0.00258149
0.00011414
-0.000201836
0.00499289
-0.000459567
-0.000459567
0.00207997
-0.0039901
-0.00016359
0.000288969
2.00892e-05
-9.47284e-05
0.000523168
0.00158777
3.21005e-05
0.000439992
0.00179253
-0.000201836
0.00134131
-0.00037769
0.00357986
-0.000447643
-0.000948335
0.00116331
-0.00171105
0.00186341
-0.000307671
-0.000899059
-0.000899059
0.00122201
-0.00177317
0.00132742
0.000414378
0.0010951
0.0010951
-0.00301949
-0.00308085
-0.00416978
-0.00427648
0.00188018
0.00186091
-0.00136916
-0.00930492
0.000953934
0.00311356
0.00265608
-0.00403465
-0.00528905
0.000277277
-0.00122979
0.00183354
-7.37681e-05
-0.00343807
-0.00330498
0.00149163
0.00149163
-0.00154757
-0.000119846
0.00306049
-0.0013741
-0.001845
0.00390967
-0.00149904
5.61021e-05
-0.00295772
0.0033753
0.00201155
0.000141812
0.00156498
0.00156498
-0.000599414
-0.00148801
-0.000219192
-0.00118289
-0.00116001
0.000723188
0.000687232
0.000726827
0.00178125
0.000288969
-0.00190446
-0.00190446
0.00482885
0.00168374
-0.00340416
-0.000820862
-0.00122979
-0.00122979
-0.00265144
-0.00107828
-0.000602145
-0.000890556
0.0010951
0.0025585
-0.000150469
-0.00219007
-0.00350133
0.00132742
0.00236424
-0.0023969
-0.000669238
-0.000602145
0.00100149
-0.001845
-0.000735392
-0.00136916
-0.00182281
-0.00194506
-0.000245474
0.00193057
-0.00549667
-0.00549667
-0.00345769
-0.000327331
-0.00422513
-0.000464872
-0.00245849
-0.00474842
-0.00233099
-0.00233099
0.00236424
-0.000832937
-0.00448895
-0.0026831
-0.0026831
-0.00436035
-0.00195621
-0.00104111
-0.00104111
-0.00429739
-0.00648391
-0.00648391
-0.00558532
-0.000959277
-0.00170389
-0.0028658
-0.000365734
0.000932409
-0.00352852
-0.00294796
-0.0032115
-0.00183499
-0.00661774
-0.00112386
-0.00386484
-0.000383006
-0.00595871
-0.00700055
-0.00307063
-0.00244833
-0.00681466
-0.00566572
-0.003936
-0.00348603
-0.00312396
-0.00303129
-0.00303129
-0.00293843
-0.00145088
-0.00234219
-0.001845
-0.00274988
-0.00468562
-0.00525296
-0.00450484
-0.00203788
-0.00327564
-0.0036814
-0.00387495
-0.000490963
-0.000490963
-0.00564242
-0.00314189
-0.00314189
-0.00616804
-0.00374186
0.000402143
-0.00226056
-0.000796402
-0.00417944
-0.00485468
-0.00704523
-0.00389959
-0.00303129
-0.00611255
-0.00663739
-0.00403465
-0.00436035
-0.00380889
-0.00537025
-0.00692706
-0.00311277
-0.00416978
-0.00699292
0.00273776
-0.00547996
-0.00523605
-0.00102974
-0.00102974
-0.000735392
-0.00747889
-0.00343685
-0.0049607
-0.00204889
-0.00429739
-0.00745636
-0.00745636
-0.00453221
-0.00583426
-0.00200422
-0.00556958
-0.0046671
-0.00705155
-0.00416978
-0.00559187
-0.00620547
-0.00982774
-0.00599093
-0.00206767
-0.00414909
-0.00432213
-0.00649252
-0.00512659
-0.005009
-0.00518822
-0.000902703
-0.0053029
-0.00552527
-0.00552527
-0.00807204
-0.00549667
-0.00345769
-0.00345769
-0.00625781
-0.00287954
-0.00405326
-0.0104837
-0.0101261
-0.00900227
-0.00864921
-0.00241262
-0.00367092
-0.00367092
-0.00716259
-0.00552317
-0.00317246
-0.00611531
-0.00528553
-0.00717006
-0.00679079
-0.00711479
-0.00494106
-0.00533422
-0.00250535
-0.00771406
-0.00696148
-0.00510696
-0.00303928
-0.00273885
-0.00884081
-0.00794908
-0.00588592
-0.00445091
-0.00644797
-0.00585189
-0.00639405
-0.0113135
-0.00361032
-0.00226056
-0.0062102
-0.00377322
-0.0057152
-0.00830165
-0.00885396
-0.00799755
-0.00160215
-0.00506414
-0.00506414
-0.00756721
-0.00399908
-0.0049829
-0.0049829
-0.00687183
-0.00810315
-0.00574764
-0.00915333
-0.00915333
-0.00703005
-0.00886447
-0.00707398
-0.00707398
-0.00408182
-0.00661774
-0.00589453
-0.00758654
-0.0063466
-0.00994255
-0.00324387
-0.0056346
-0.00502221
-0.009429
-0.00504195
-0.00814646
-0.00677986
-0.0102319
-0.00622694
-0.00596703
-0.00601434
-0.00344732
-0.00604811
-0.00716259
-0.00739039
-0.00704523
-0.00542369
-0.00630069
-0.00630069
-0.00727552
-0.00417997
-0.0114633
-0.0114633
-0.0110646
-0.00681657
-0.00888612
-0.00683071
-0.0107158
-0.00502609
-0.00352852
-0.00728829
-0.0073094
-0.00974032
-0.00646296
-0.00936491
-0.00636755
-0.0118939
-0.00694411
-0.00446285
-0.00851977
-0.00915766
-0.00915766
-0.0119382
-0.00836934
-0.00836934
-0.00767401
-0.00808785
-0.0130796
-0.00795654
-0.0114969
-0.00856838
-0.0104031
-0.0112218
-0.00789053
-0.00683841
-0.0091117
-0.00667616
-0.00780954
-0.00780954
-0.00755979
-0.00798473
-0.00895578
-0.00801472
-0.0116204
-0.0116204
-0.00769885
-0.0117322
-0.0132343
-0.00700055
-0.00681466
-0.00648391
-0.00648391
-0.0103319
-0.00919247
-0.00875329
-0.00554414
-0.00855717
-0.00958471
-0.00958471
-0.0110721
-0.00921586
-0.00910012
-0.00910012
-0.0065563
-0.00886923
-0.00886923
-0.00902514
-0.00942329
-0.00859843
-0.00859843
-0.0102103
-0.0073094
-0.0073094
-0.00744809
-0.00765425
-0.00912245
-0.0102008
-0.00700741
-0.00556958
-0.00889154
-0.0101261
-0.0103613
-0.0123088
-0.0115511
-0.00621951
-0.0103613
-0.00759306
-0.00759306
-0.00984886
-0.00828172
-0.00638921
-0.00785296
-0.00884744
-0.00792644
-0.00794908
-0.0104789
-0.0104789
-0.010133
-0.00756721
-0.0104031
-0.0104031
-0.0108625
-0.0129482
-0.0129482
-0.0066546
-0.00637436
-0.00676492
-0.00888059
-0.0112218
-0.0074637
-0.00602294
-0.0088634
-0.00809581
-0.00586055
-0.00898265
-0.00898265
-0.00816941
-0.00816941
-0.0119344
-0.00984793
-0.00845018
-0.00910498
-0.0102842
-0.0126251
-0.0103933
-0.00828847
-0.00473903
-0.0118913
-0.0164204
-0.012033
-0.0064028
-0.00929672
-0.0102369
-0.00861177
-0.011969
-0.0106448
-0.0064028
-0.0116526
-0.0120379
-0.0139762
-0.00753694
-0.00891965
-0.0123105
-0.0127586
-0.00941747
-0.0135831
-0.0124371
-0.0124371
-0.00859161
-0.0117331
-0.0131856
-0.0107914
-0.0126008
-0.010933
-0.00631458
-0.00902514
-0.00902514
-0.0104789
-0.0105595
-0.011697
-0.0127614
-0.0111561
-0.0111561
-0.00790382
-0.00982097
-0.0132856
-0.0132856
-0.00976228
-0.0140049
-0.0096244
-0.0131229
-0.0150618
-0.00992383
-0.00961985
-0.0089956
-0.0125483
-0.00871325
-0.0132313
-0.0142102
-0.0109425
-0.015542
-0.015542
-0.0061593
-0.011969
-0.0107761
-0.0154342
-0.0131053
-0.0088431
-0.0088431
-0.00918095
-0.0127877
-0.0126303
-0.0107037
-0.0149015
-0.00842982
-0.00842982
-0.0114084
-0.00945362
-0.00949822
-0.0111748
-0.0120989
-0.0138981
-0.0165002
-0.0126455
-0.0125261
-0.0109383
-0.0172552
-0.0110687
-0.0144032
-0.0114943
-0.00875365
-0.0130315
-0.012805
-0.012709
-0.0114707
-0.0126064
-0.0126064
-0.0122558
-0.0137063
-0.0093923
-0.00848414
-0.0165004
-0.0111987
-0.00907691
-0.0107014
-0.012709
-0.0117277
-0.0131071
-0.0113359
-0.00961985
-0.0115722
-0.0115438
-0.0142203
-0.0121324
-0.0091489
-0.0122905
-0.00957895
-0.0123627
-0.0128417
-0.0117813
-0.00918676
-0.0126812
-0.0126812
-0.0145307
-0.00872453
-0.00872453
-0.00872453
-0.0119717
-0.00888612
-0.01458
-0.0142166
-0.0114304
-0.00873001
-0.0116526
-0.0116242
-0.00977667
-0.013501
-0.0117009
-0.0103577
-0.01009
-0.01154
-0.0133173
-0.0143785
-0.0129585
-0.0129585
-0.00969122
-0.00945834
-0.0116204
-0.0144815
-0.0111489
-0.0105154
-0.0109072
-0.0145348
-0.0122879
-0.0149013
-0.0118964
-0.00963743
-0.0127055
-0.0160745
-0.0100141
-0.0100141
-0.0112294
-0.0138665
-0.0143437
-0.013623
-0.0121676
-0.00986192
-0.0164404
-0.0125692
-0.0112696
-0.00986192
-0.00986192
-0.0106031
-0.0164425
-0.0111086
-0.00920358
-0.0108602
-0.0121324
-0.0121324
-0.0158001
-0.00961985
-0.0138199
-0.0147217
-0.0163594
-0.0142947
-0.0159912
-0.0150378
-0.0110916
-0.0110916
-0.0146385
-0.0144199
-0.0123875
-0.0123875
-0.0146417
-0.0123893
-0.0128696
-0.010673
-0.0171626
-0.0171626
-0.0144824
-0.0125205
-0.0124679
-0.0143767
-0.0138695
-0.0131873
-0.0126303
-0.0127669
-0.0167391
-0.0167391
-0.0131889
-0.00979013
-0.013346
-0.0126812
-0.0124712
-0.0134461
-0.017419
-0.0153597
-0.0159416
-0.0124458
-0.0135865
-0.0163903
-0.0163903
-0.0163127
-0.00835239
-0.00835239
-0.00958557
-0.0190398
-0.0170031
-0.0195283
-0.0126812
-0.0117118
-0.0176579
-0.0147233
-0.0180423
-0.0180423
-0.00931907
-0.011277
-0.0104519
-0.0184807
-0.0171615
-0.0163406
-0.0163406
-0.012026
-0.0170807
-0.0127296
-0.0128417
-0.0140836
-0.0117118
-0.0138446
-0.0124696
-0.0130268
-0.0152212
-0.017001
-0.0191093
-0.0199308
-0.0149609
-0.0176425
-0.00990722
-0.00990722
-0.0148267
-0.0124662
-0.0167646
-0.0168543
-0.0140049
-0.0153129
-0.0153129
-0.0182235
-0.0174231
-0.0134262
-0.0146407
-0.0150399
-0.00822729
-0.0112554
-0.0153817
-0.0183846
-0.0175805
-0.0141403
-0.0143231
-0.0145646
-0.016682
-0.014404
-0.014404
-0.0133659
-0.0161972
-0.0150618
-0.0150618
-0.0131889
-0.0145808
-0.0184036
-0.0146407
-0.0174052
-0.0112294
-0.0112294
-0.0154755
-0.016042
-0.016042
-0.017748
-0.0105689
-0.0173413
-0.0180644
-0.0140034
-0.0136849
-0.0133653
-0.0173413
-0.0109147
-0.0111062
-0.0142593
-0.016519
-0.0181419
-0.0184006
-0.0154618
-0.0146417
-0.0169201
-0.0169201
-0.0136031
-0.0118913
-0.0130462
-0.0170115
-0.0156729
-0.0210051
-0.0149799
-0.0136971
-0.0136971
-0.0165004
-0.0182039
-0.0164484
-0.0152798
-0.0159416
-0.0128054
-0.0132054
-0.0197772
-0.0219873
-0.016151
-0.0157015
-0.010303
-0.010303
-0.0172616
-0.0212464
-0.0212464
-0.01466
-0.0127259
-0.0162813
-0.0162813
-0.0226555
-0.0214184
-0.0140943
-0.0126064
-0.0124741
-0.0161014
-0.0161014
-0.0178036
-0.01994
-0.0153804
-0.0108785
-0.0206688
-0.0163552
-0.014246
-0.0155492
-0.0188783
-0.0229732
-0.0216707
-0.0171652
-0.0175825
-0.0136614
-0.0136614
-0.0177457
-0.0163406
-0.0137434
-0.0131245
-0.0138463
-0.0154618
-0.0181587
-0.0161972
-0.0161972
-0.0170021
-0.012293
-0.012293
-0.0145032
-0.0168472
-0.0214185
-0.0150424
-0.0175008
-0.0170091
-0.0175783
-0.0200986
-0.0187045
-0.0184641
-0.0130251
-0.0155415
-0.0134245
-0.0157816
-0.0169341
-0.0153
-0.0200986
-0.017001
-0.0182274
-0.0175761
-0.0130285
-0.0173325
-0.0172529
-0.0176579
-0.0178822
-0.0144051
-0.0146453
-0.0196058
-0.0205874
-0.0136681
-0.0136681
-0.0163408
-0.0135064
-0.0142438
-0.0161811
-0.0182384
-0.0189577
-0.0161958
-0.0178215
-0.0171
-0.0173301
-0.0176581
-0.0197626
-0.0173325
-0.0151412
-0.0155526
-0.0155526
-0.0206718
-0.0192047
-0.0137662
-0.0150648
-0.0213205
-0.0150424
-0.0171732
-0.0172529
-0.0170829
-0.0171603
-0.0205133
-0.0155511
-0.0181375
-0.0182987
-0.0165232
-0.019196
-0.0133659
-0.0133659
-0.0196199
-0.0185645
-0.0188777
-0.0145606
-0.0183976
-0.019944
-0.0203646
-0.0193635
-0.0136067
-0.0136067
-0.0168508
-0.0179038
-0.020022
-0.0158607
-0.0183149
-0.0204238
-0.0189634
-0.0180623
-0.0193723
-0.0161972
-0.0157139
-0.0151529
-0.0177446
-0.0177446
-0.0174192
-0.0206688
-0.0181397
-0.0176642
-0.0133647
-0.0133647
-0.0179901
-0.0179901
-0.0157172
-0.0188745
-0.0188745
-0.0210774
-0.0194558
-0.0183149
-0.0198523
-0.0181525
-0.0188044
-0.0187024
-0.0166784
-0.0166784
-0.0191887
-0.0214301
-0.0153928
-0.0167674
-0.0221467
-0.0221467
-0.0183173
-0.0140985
-0.0164381
-0.0176581
-0.0211748
-0.0212481
-0.0219784
-0.0181525
-0.0189634
-0.0189634
-0.0187105
-0.0164484
-0.0214185
-0.0214185
-0.0198734
-0.0198607
-0.0173393
-0.0184807
-0.0220534
-0.0199518
-0.0201796
-0.0158615
-0.0138564
-0.0169269
-0.0172529
-0.0189533
-0.0202469
-0.0226182
-0.0208404
-0.0209189
-0.0185645
-0.0169363
-0.0220676
-0.0183117
-0.0193007
-0.0165224
-0.0170958
-0.0217944
-0.0178308
-0.0214917
-0.0214917
-0.0229585
-0.0187248
-0.0187248
-0.0195404
-0.0195404
-0.019543
-0.0189746
-0.0166169
-0.0209088
-0.0197095
-0.0236899
-0.0236899
-0.0212481
-0.0210955
-0.0198646
-0.0153913
-0.0179857
-0.0229579
-0.0229579
-0.0200322
-0.0211391
-0.0171801
-0.0223909
-0.0216499
-0.0179834
-0.0179834
-0.0242351
-0.0218433
-0.0218433
-0.016049
-0.0207604
-0.0219884
-0.0218231
-0.0162755
-0.0146697
-0.0185598
-0.0221273
-0.0197058
-0.0218089
-0.0218089
-0.0197787
-0.0200234
-0.019535
-0.0182418
-0.0195299
-0.0188868
-0.0157541
-0.028908
-0.0332665
-0.0370684
-0.0339084
-0.0403521
-0.0364185
-0.0456198
-0.0516628
-0.0493456
-0.0479721
-0.0536924
-0.0543742
-0.0517829
-0.053739
-0.0536907
-0.0616028
-0.0619525
-0.0708415
-0.0652601
-0.0665931
-0.0705895
-0.0727672
-0.0729774
-0.0704474
-0.0741093
-0.0750663
-0.0809114
-0.0780954
-0.0799684
-0.0827254
-0.0807932
-0.0821336
-0.0770937
-0.0800159
-0.0811454
-0.0772922
-0.0764887
-0.0727929
-0.0759838
-0.0779068
-0.0735795
-0.076778
-0.076778
-0.0692346
-0.0715261
-0.0698833
-0.0732877
-0.0696499
-0.072208
-0.0681782
-0.0687761
-0.0678331
-0.0721834
-0.0638101
-0.0638101
-0.0665654
-0.069446
-0.064626
-0.0683422
-0.0663414
-0.0651945
-0.0664139
-0.0692815
-0.0645454
-0.068385
-0.0657674
-0.0648504
-0.0624683
-0.0625019
-0.0623561
-0.0669655
-0.063548
-0.0611909
-0.0659076
-0.0594501
-0.0594501
-0.0617211
-0.0649464
-0.0649464
-0.0619949
-0.0615673
-0.0621955
-0.0603123
-0.0616363
-0.0554793
-0.060438
-0.0625958
-0.0603123
-0.0618695
-0.0652273
-0.058246
-0.0616169
-0.061704
-0.0619228
-0.0591433
-0.0595607
-0.0621946
-0.0621946
-0.0578671
-0.05865
-0.05865
-0.0630686
-0.063341
-0.063341
-0.0599055
-0.0604495
-0.0601135
-0.0573191
-0.0611788
-0.0609645
-0.0601662
-0.0590701
-0.0582783
-0.0582783
-0.06245
-0.0572456
-0.0601662
-0.0601662
-0.0600931
-0.0588417
-0.0588417
-0.0588843
-0.0615098
-0.0605636
-0.0583714
-0.058707
-0.0624685
-0.0617627
-0.0576636
-0.0592076
-0.0598941
-0.0587166
-0.0603528
-0.0603528
-0.0643812
-0.0612373
-0.0590917
-0.0538865
-0.0588111
-0.0607107
-0.0590917
-0.06073
-0.0632791
-0.0617394
-0.060872
-0.0596421
-0.0608914
-0.0598413
-0.057268
-0.0559404
-0.0619762
-0.0599347
-0.0576489
-0.0576489
-0.0581841
-0.0577125
-0.0577125
-0.057063
-0.0593897
-0.0611106
-0.0611106
-0.0584562
-0.0606182
-0.0607107
-0.0569896
-0.058414
-0.0569161
-0.0591698
-0.0599876
-0.0530037
-0.0618308
-0.0596295
-0.0569896
-0.0597355
-0.0599632
-0.0589041
-0.0596094
-0.0551721
-0.0628378
-0.0605869
-0.0575341
-0.0553241
-0.0553241
-0.0617577
-0.058194
-0.0580794
-0.0593237
-0.0599632
-0.0604758
-0.0604758
-0.0591772
-0.0569896
-0.0569896
-0.0575444
-0.0554714
-0.0576914
-0.0603103
-0.0581841
-0.0552735
-0.0590434
-0.0571875
-0.058884
-0.0564456
-0.0581418
-0.0570929
-0.0571875
-0.0571875
-0.0576702
-0.0576702
-0.0576702
-0.0551491
-0.0542074
-0.0586106
-0.0585039
-0.0598932
-0.0584838
-0.057786
-0.0567559
-0.0588308
-0.0611909
-0.0552457
-0.0571656
-0.0572401
-0.0534588
-0.0586106
-0.0578069
-0.0578803
-0.0577649
-0.0586706
-0.0577335
-0.0577335
-0.05601
-0.0553194
-0.0598742
-0.059124
-0.0556496
-0.0567101
-0.0603322
-0.0571665
-0.0560995
-0.0560995
-0.0556717
-0.0566585
-0.058684
-0.0586639
-0.0572293
-0.0575656
-0.0556717
-0.061502
-0.0570403
-0.055841
-0.0587041
-0.0583035
-0.0570613
-0.0585437
-0.0591433
-0.0591433
-0.059399
-0.0565115
-0.0573661
-0.0573661
-0.0577015
-0.0545998
-0.0564821
-0.0534588
-0.0560402
-0.0590699
-0.0572611
-0.0571319
-0.0562609
-0.0554158
-0.058123
-0.0548033
-0.0607147
-0.0588707
-0.0569559
-0.0584504
-0.0592545
-0.0548263
-0.058684
-0.0534588
-0.0527332
-0.0564612
-0.0564612
-0.0599665
-0.055841
-0.0548211
-0.0552208
-0.0567878
-0.0567878
-0.0576279
-0.0576279
-0.0589964
-0.0489921
-0.0559742
-0.0569141
-0.0566086
-0.058357
-0.0584703
-0.0584703
-0.0505078
-0.0548211
-0.0593279
-0.0584504
-0.0554942
-0.0569767
-0.0569767
-0.0540772
-0.0528882
-0.0556635
-0.0556635
-0.0587636
-0.0584901
-0.054526
-0.0528141
-0.0544521
-0.0544521
-0.0529859
-0.0545714
-0.0585773
-0.0534325
-0.0553165
-0.0566294
-0.0532816
-0.0576139
-0.0553902
-0.0571238
-0.0556851
-0.0540729
-0.0546963
-0.0569767
-0.0570087
-0.0544976
-0.053952
-0.054526
-0.0558845
-0.0616593
-0.0546225
-0.0561757
-0.0568823
-0.0553902
-0.0595457
-0.0559883
-0.0576479
-0.0580156
-0.0548948
-0.0563561
-0.0571766
-0.0503126
-0.0519939
-0.0519939
-0.0519939
-0.0578148
-0.0537754
-0.0569238
-0.0566707
-0.05601
-0.05825
-0.0564705
-0.0581625
-0.0557803
-0.059621
-0.0526593
-0.049173
-0.0630284
-0.0564705
-0.0540259
-0.0593836
-0.0568295
-0.0563554
-0.0529622
-0.0571972
-0.0533555
-0.0543952
-0.0549601
-0.0549601
-0.0554857
-0.0565765
-0.054969
-0.0572115
-0.0601247
-0.0517714
-0.057908
-0.0577806
-0.0555594
-0.0563231
-0.0552644
-0.0553902
-0.0528851
-0.0543952
-0.0542701
-0.0565441
-0.0567031
-0.0578345
-0.0550862
-0.0550862
-0.05271
-0.0543726
-0.0560316
-0.054834
-0.0553382
-0.0572707
-0.0534059
-0.0563968
-0.0541449
-0.0541449
-0.0564173
-0.0547601
-0.0540772
-0.0560811
-0.0574667
-0.0554119
-0.0576335
-0.0540419
-0.0547385
-0.0560811
-0.0564821
-0.0552426
-0.0532283
-0.0539007
-0.0567767
-0.0538943
-0.0515239
-0.0570822
-0.0548647
-0.0560161
-0.0529119
-0.0529119
-0.0529085
-0.0526865
-0.0526865
-0.0592357
-0.0561549
-0.0563024
-0.0563024
-0.0522419
-0.0565441
-0.0550862
-0.0520926
-0.0602712
-0.0550862
-0.0547908
-0.053724
-0.0553813
-0.0508804
-0.0551815
-0.0578345
-0.0540772
-0.0550862
-0.0533024
-0.0561019
-0.0561019
-0.0568179
-0.0534279
-0.0603647
-0.0546862
-0.0551384
-0.0551384
-0.055003
-0.0600337
-0.0546862
-0.0572312
-0.0565849
-0.0588155
-0.0533765
-0.0537528
-0.0537884
-0.0523396
-0.0547908
-0.0576479
-0.0570838
-0.0587046
-0.053547
-0.0561757
-0.0557742
-0.055848
-0.0563554
-0.0538494
-0.0552553
-0.0561636
-0.0561636
-0.055424
-0.0533024
-0.05365
-0.05365
-0.0573243
-0.0589437
-0.0534505
-0.0514742
-0.05555
-0.055975
-0.0528072
-0.0538719
-0.0563762
-0.0540935
-0.0544119
-0.0583008
-0.0534505
-0.05365
-0.0561839
-0.0535245
-0.0550554
-0.0547601
-0.0545814
-0.0545814
-0.0574667
-0.055455
-0.055455
-0.0567031
-0.0551384
-0.053621
-0.053621
-0.0547077
-0.0540485
-0.0540485
-0.0589623
-0.0524138
-0.0546766
-0.0525384
-0.0549816
-0.0563641
-0.0558891
-0.0537465
-0.0544426
-0.0550646
-0.0542855
-0.0528801
-0.0497198
-0.0577071
-0.0577071
-0.0573048
-0.052784
-0.0504078
-0.0586137
-0.0584853
-0.0549601
-0.0569364
-0.0584118
-0.0571771
-0.0557415
-0.0531252
-0.0533249
-0.0556347
-0.0542855
-0.0581175
-0.0549601
-0.053576
-0.0557948
-0.0565526
-0.0494222
-0.0558891
-0.0558891
-0.0549601
-0.0556264
-0.0556264
-0.0506565
-0.0548647
-0.0559095
-0.0532283
-0.0537979
-0.0549816
-0.0552654
-0.0520665
-0.051029
-0.0560161
-0.0569756
-0.0533249
-0.0559628
-0.054834
-0.0556471
-0.0558686
-0.0570297
-0.0565849
-0.0522383
-0.05297
-0.0535985
-0.0561103
-0.053502
-0.0535245
-0.0535245
-0.0550124
-0.0510778
-0.0544119
-0.0560694
-0.0556143
-0.0506565
-0.053502
-0.0553188
-0.0579888
-0.052289
-0.0515154
-0.0591674
-0.0498668
-0.0547601
-0.0579701
-0.0540538
-0.0521134
-0.0542115
-0.0516915
-0.0568865
-0.0547816
-0.0533765
-0.0560899
-0.0513433
-0.0547601
-0.0605878
-0.0514498
-0.0546123
-0.0554993
-0.0533249
-0.0524838
-0.0577865
-0.0586686
-0.0586686
-0.0550554
-0.052636
-0.0547816
-0.0557948
-0.0597199
-0.0541374
-0.0541374
-0.0532733
-0.0546338
-0.0544549
-0.0534505
-0.0536949
-0.05209
-0.05209
-0.0554132
-0.0528735
-0.0556471
-0.0563158
-0.0557823
-0.0569408
-0.0586137
-0.0528735
-0.0521407
-0.05627
-0.054233
-0.0520392
-0.0534437
-0.0544549
-0.05184
-0.0547601
-0.0557085
-0.0587791
-0.0525578
-0.054624
-0.05627
-0.0534437
-0.0526593
-0.0557085
-0.0567934
-0.0589258
-0.055098
-0.0560161
-0.0545599
-0.0536725
-0.0551815
-0.0570687
-0.0560161
-0.0529477
-0.0570144
-0.054898
-0.0569951
-0.0508794
-0.0540324
-0.0555938
-0.0574714
-0.0508035
-0.0560899
-0.0539583
-0.0521134
-0.0569019
-0.0548768
-0.0548768
-0.0537688
-0.0507552
-0.0507552
-0.0534954
-0.055848
-0.0585588
-0.0585588
-0.0532733
-0.0545814
-0.05297
-0.0554132
-0.0555277
-0.0508778
-0.0572702
-0.0544119
-0.05297
-0.0518356
-0.052234
-0.0544236
-0.0547291
-0.0520392
-0.0542544
-0.0560366
-0.0569951
-0.0581731
-0.0569408
-0.0569408
-0.0563437
-0.0546978
-0.0538719
-0.054803
-0.0544023
-0.055762
-0.055762
-0.0545501
-0.0522383
-0.0561839
-0.0537172
-0.0565757
-0.056832
-0.0523357
-0.0547504
-0.0547291
-0.0542758
-0.0557948
-0.0580074
-0.0545599
-0.0568671
-0.0543497
-0.0520626
-0.0545074
-0.0569214
-0.0552448
-0.0552448
-0.0481878
-0.0529477
-0.0554539
-0.0518124
-0.0518124
-0.0518124
-0.0553927
-0.0556882
-0.0540108
-0.0540108
-0.0530663
-0.0556677
-0.0551048
-0.0551048
-0.0507552
-0.0507552
-0.0518124
-0.0545814
-0.0589258
-0.0576393
-0.0506065
-0.0516915
-0.0504078
-0.0535985
-0.0555074
-0.0541374
-0.0541374
-0.0547077
-0.0552323
-0.0518908
-0.0518908
-0.0508551
-0.0559956
-0.055219
-0.0571966
-0.0544023
-0.0551787
-0.0510926
-0.0525249
-0.0539797
-0.0554132
-0.0554336
-0.0547291
-0.0569214
-0.0523865
-0.0505078
-0.0517892
-0.0543284
-0.0519884
-0.0572702
-0.0553597
-0.0529477
-0.0517658
-0.0528511
-0.0562614
-0.0502589
-0.0540223
-0.0580074
-0.0548768
-0.0518634
-0.0555812
-0.054624
-0.054624
-0.0515108
-0.0541804
-0.0570687
-0.053244
-0.053244
-0.053244
-0.0531993
-0.0496455
-0.0517149
-0.0517149
-0.0577499
-0.0585016
-0.0576762
-0.0576762
-0.0545288
-0.0541804
-0.0541804
-0.0530218
-0.0545501
-0.0497689
-0.0503075
-0.0567584
-0.0508537
-0.0519142
-0.0544448
-0.051613
-0.0538955
-0.0585038
-0.0585038
-0.0538427
-0.0559832
