-0.00117289
-0.00178918
-0.000839797
-0.00128755
-0.00166781
-0.000494009
-0.00134939
-0.000686854
-0.000983554
-0.00100808
-0.00148423
-0.00160529
-0.00160529
-0.000584375
-0.00109703
-0.00150326
-0.00104297
-0.0012089
-0.00110687
-0.000630067
-0.000157938
-0.000960118
-0.00171712
-0.00108832
-0.00144148
-0.00124196
-0.000744729
-0.0014184
-0.00127107
-0.00205534
-0.00185793
-0.00133022
-0.00109703
-0.000732548
-0.0011924
-0.00195371
-0.00089788
-0.00121864
-0.00113006
-0.00197353
-0.000925624
-0.00107069
-0.00136581
-0.00190113
-0.000639752
-0.00110373
-0.00130324
-0.00192404
-0.000861838
-0.000742128
-0.00111671
-0.00125391
-0.00126136
-0.00146774
-0.00134607
-0.000613453
-0.000584375
-0.00170067
-0.000983554
-0.00140855
-0.00204228
-0.000891084
-0.000742128
-0.00111354
-0.00187481
-0.00171712
-0.00209133
-0.00125166
-0.00193735
-0.00134953
-0.00158885
-0.000494009
-0.00146774
-0.00237879
-0.00112028
-0.00165794
-0.00179938
-0.00121194
-0.00206953
-0.000379389
-0.00143169
-0.00101941
-0.00180255
-0.000947648
-0.00137288
-0.00162511
-0.00115636
-0.00119917
-0.00156587
-0.00122839
-0.00137025
-0.000957308
-0.000957308
-0.00117289
-0.000329739
-0.000885374
-0.00105101
-0.00164807
-0.000885374
-0.000885374
-0.00116613
-0.00133308
-0.00162836
-0.0018912
-0.0018912
-0.00159539
-0.000723154
-0.00140539
-0.000809137
-0.00131971
-0.00136256
-0.00113317
-0.000976653
-0.000613453
-0.000735108
-0.00111445
-0.0015233
-0.00142501
-0.00046779
-0.00179244
-0.00152995
-0.00105256
-0.00105256
-0.000891084
-0.000891084
-0.000861838
-0.00132636
-0.00132636
-0.00119632
-0.000947648
-0.000627403
-0.00130324
-0.00128755
-0.00136327
-0.000706294
-0.000613099
-0.00164152
-0.00048446
-0.0010872
-0.0015464
-0.000742128
-0.00200289
-0.000885374
-0.00164807
-0.000957308
-0.00132636
-0.00065636
-0.00145797
-0.000871579
-0.00115342
-0.000594059
-0.00162511
-0.00126039
-0.00139872
-0.000775966
-0.000620391
-0.00141214
-0.000336366
-0.00115342
-0.00163162
-0.0013724
-0.00131314
-0.0013296
-0.00146774
-0.00122542
-0.000737816
-0.00145127
-0.00170396
-0.00101676
-0.00213705
-0.00121864
-0.00213848
-0.00275869
-0.00103598
-0.00110489
-0.00110489
-0.000699252
-0.00119917
-0.00130324
-0.00130324
-0.00207576
-0.00107738
-0.00142191
-0.000842381
-0.00162836
-0.000739675
-0.000531615
-0.00184208
-0.000458225
-0.000732548
-0.00131314
-0.000995113
-0.00133298
-0.000938677
-0.000505202
-0.00153966
-0.00120602
-0.00118945
-0.00121864
-0.00093104
-0.00130406
-0.00112028
-0.00112028
-0.0015464
-0.0017529
-0.00147752
-0.000907613
-0.00130406
-0.00136256
-0.00141519
-0.00167438
-0.000904751
-0.0016152
-0.00247775
-0.00150375
-0.0015464
-0.00121572
-0.00171712
-0.00113006
-0.00122542
-0.00122542
-0.0013724
-0.00131094
-0.00065636
-0.00187481
-0.00187481
-0.00191752
-0.00140539
-0.0016777
-0.0016777
-0.00139212
-0.00246154
-0.00165794
-0.00142501
-0.0015464
-0.000947648
-0.00137288
-0.000983554
-0.00120216
-0.00120216
-0.00146108
-0.00124196
-0.00124196
-0.00152995
-0.000579703
-0.00117591
-0.00170396
-0.000768343
-0.00167124
-0.000976653
-0.00168423
-0.00145797
-0.00146474
-0.000491631
-0.00125852
-0.000914451
-0.00174658
-0.000957308
-0.00123514
-0.000603752
-0.00117973
-0.00143169
-0.00118264
-0.0021874
-0.00169409
-0.00113006
-0.00109703
-0.00127248
-0.00153667
-0.0015202
-0.00139872
-0.00165794
-0.000871579
-0.000630067
-0.00113317
-0.00151352
-0.00142191
-0.000768343
-0.00129333
-0.00197008
-0.00185843
-0.00117002
-0.00112403
-0.00146108
-0.0017794
-0.0010456
-0.00159585
-0.00100978
-0.00197997
-0.0015464
-0.00110373
-0.000990529
-0.00117289
-0.00093104
-0.00143483
-0.00196678
-0.00135368
-0.00144465
-0.00237259
-0.0010596
-0.00126819
-0.00110242
-0.00133621
-0.00115636
-0.00131094
-0.000917354
-0.00175317
-0.00153379
-0.000983554
-0.00169084
-0.000751717
-0.00235463
-0.00145797
-0.00144821
-0.00198986
-0.00121572
-0.00124243
-0.00141519
-0.0012089
-0.000937996
-0.00150375
-0.00112335
-0.00152696
-0.00189378
-0.0012546
-0.00209133
-0.000326721
-0.000503566
-0.000451138
-0.00106916
-0.00147752
-0.000742128
-0.00100287
-0.00121194
-0.00140595
-0.00127787
-0.0017794
-0.00159878
-0.00219736
-0.00125166
-0.00156249
-0.00153667
-0.00106916
-0.000498273
-0.00171275
-0.00171275
-0.00114964
-0.00146474
-0.00105256
-0.00168118
-0.000947648
-0.00183847
-0.00199976
-0.00103598
-0.00176962
-0.00176298
-0.00134674
-0.000973909
-0.000689631
-0.00119917
-0.000892011
-0.00174658
-0.00197008
-0.0012546
-0.0023122
-0.00173675
-0.000957308
-0.00143483
-0.000749223
-0.00102906
-0.00100978
-0.00141519
-0.00114057
-0.000696706
-0.000966976
-0.000568083
-0.00113809
-0.0012944
-0.00093104
-0.00149398
-0.0010456
-0.000751717
-0.00142501
-0.000986337
-0.00262325
-0.00156001
-0.00183847
-0.00183847
-0.000758779
-0.000424891
-0.0018056
-0.00157935
-0.000973909
-0.00117371
-0.00130406
-0.00107874
-0.00121572
-0.000777916
-0.00242522
-0.0010456
-0.00159201
-0.00117973
-0.00118945
-0.00118945
-0.00058918
-0.00199633
-0.0013179
-0.00239704
-0.00130406
-0.00218924
-0.00218924
-0.00107874
-0.00136327
-0.00165096
-0.00165096
-0.00135594
-0.00157893
-0.00151974
-0.00158903
-0.00105256
-0.00140859
-0.000801652
-0.00172693
-0.00189378
-0.00189378
-0.00162485
-0.00199633
-0.00151046
-0.00151046
-0.00126136
-0.00152995
-0.0018056
-0.000666029
-0.00105523
-0.0012089
-0.000997579
-0.000976653
-0.00179583
-0.00222363
-0.0018056
-0.00205534
-0.00205534
-0.00205534
-0.000699252
-0.00152696
-0.00113006
-0.00144148
-0.00172035
-0.00172035
-0.000844509
-0.0015862
-0.00116421
-0.0011476
-0.00157935
-0.00148423
-0.000980917
-0.00149398
-0.00221731
-0.00142191
-0.000551322
-0.00172035
-0.000973909
-0.00210212
-0.0015202
-0.00125852
-0.00141519
-0.00140539
-0.00140539
-0.00140539
-0.00254279
-0.00174658
-0.0018056
-0.00108832
-0.00201272
-0.0013179
-0.000732548
-0.00103447
-0.00145797
-0.00104297
-0.00169409
-0.00142191
-0.000964273
-0.00205861
-0.00156967
-0.00113809
-0.00150375
-0.00142252
-0.0010872
-0.00298355
-0.00172693
-0.00137025
-0.00132058
-0.00132494
-0.00259689
-0.00188127
-0.00142252
-0.00182202
-0.00152696
-0.000765916
-0.00121572
-0.000777916
-0.000777916
-0.00156001
-0.000544056
-0.000544056
-0.00224987
-0.00199633
-0.00238076
-0.00182202
-0.00150375
-0.00128755
-0.00146474
-0.00197997
-0.00128078
-0.00164152
-0.00141819
-0.0018056
-0.00112148
-0.00125166
-0.00168118
-0.00110242
-0.0015464
-0.00151046
-0.00055354
-0.00230229
-0.00154347
-0.00154347
-0.00150073
-0.00163165
-0.00163165
-0.00152995
-0.00201157
-0.0014416
-0.0014416
-0.00152696
-0.00234476
-0.00152696
-0.00182202
-0.00126546
-0.00202913
-0.00146474
-0.00146474
-0.00127787
-0.00127787
-0.0017794
-0.00192404
-0.00147448
-0.00121194
-0.00121194
-0.001366
-0.001366
-0.00202256
-0.00165096
-0.00197008
-0.00159872
-0.00226618
-0.000645605
0.00328644
0.00404059
0.00508026
0.00745686
0.00756353
0.00533887
0.00538301
0.00538301
-0.00813393
-0.0516236
-0.0663911
-0.0422398
0.0658737
0.0695301
0.0171633
-0.0240699
-0.0516546
-0.054954
-0.0603852
-0.0528826
-0.0469636
-0.0461623
-0.0442087
-0.0520214
-0.0582777
-0.0541964
-0.0539292
-0.0587397
-0.0596858
-0.0608719
-0.0564333
-0.0568126
-0.05671
-0.0558286
-0.0657267
-0.0655568
-0.05988
-0.0608957
-0.0590945
-0.0568402
-0.0568402
-0.0614252
-0.0604803
-0.0594738
-0.0591884
-0.0596768
-0.0602482
-0.0574026
-0.0563998
-0.0571989
-0.0569953
-0.0585972
-0.0583812
-0.0594083
-0.0587137
-0.0578468
-0.0555786
-0.0585991
-0.0600274
-0.0605368
-0.0598575
-0.0613458
-0.0618304
-0.0605276
-0.0621277
-0.0610681
-0.0610681
-0.06215
-0.0631279
-0.0642662
-0.0654136
-0.0632221
-0.0619981
-0.0609093
-0.0627285
-0.0631398
-0.0629272
-0.0608654
-0.0609556
-0.0587597
-0.05992
-0.0608379
-0.058634
-0.0598967
-0.05981
-0.060229
-0.0593026
-0.0589053
-0.0589265
-0.0592348
-0.0592348
-0.0591937
-0.0237336
0.0170277
0.0783383
0.0782331
0.0782331
0.0691453
0.0635696
0.0661414
0.0687862
0.0707213
0.0701627
0.0658351
0.0700052
0.0693345
0.0732678
0.0745556
0.0680465
0.0662078
0.0658267
0.0701689
0.0744637
0.0788614
0.0780181
0.0732702
0.0709252
0.07079
0.0722883
0.0754559
0.0737344
0.072886
0.0710227
0.0710227
0.0708352
0.0699457
0.0689553
0.0664871
0.0681579
0.0684872
0.0687764
0.067326
0.065067
0.065067
0.0628274
0.0661126
0.0683586
0.0688516
0.0844293
0.108809
0.11999
0.119427
0.123008
0.124222
0.123401
0.122899
0.121492
0.119826
0.119309
0.119317
0.119317
0.120686
0.121394
0.120584
0.120004
0.120188
0.120084
0.118964
0.120107
0.120875
0.119977
0.120851
0.120539
0.118951
0.117829
0.118043
0.118675
0.118675
0.119517
0.118896
0.118619
0.11867
0.11859
0.118977
0.11841
0.119011
0.118927
0.119433
0.118697
0.118865
0.118585
0.119325
0.11903
0.119603
0.120163
0.119586
0.119486
0.12136
0.119443
0.121084
0.108206
0.0740804
-0.0446812
-0.0759917
-0.0707712
-0.068355
-0.0738668
-0.0666493
-0.0673778
-0.0722491
-0.0741364
-0.0741364
-0.0773969
-0.0758615
-0.0769851
-0.0771462
-0.074879
-0.0783573
-0.0743772
-0.074368
-0.0804376
-0.076107
-0.0749977
-0.077414
-0.0744362
-0.0744362
-0.0703657
-0.0716703
-0.0725502
-0.074616
-0.0752834
-0.0756583
-0.0728184
-0.0732859
-0.0741204
-0.0741119
-0.0742247
-0.0756296
-0.076134
-0.0751694
-0.0786904
-0.0774475
-0.0781965
-0.0770985
-0.078463
-0.0808209
-0.082164
-0.081493
-0.081064
-0.0786141
-0.0792139
-0.0792139
-0.0796161
-0.0794799
-0.0790768
-0.0798411
-0.0789181
-0.0789181
-0.0772582
-0.0763623
-0.0772296
-0.0743831
-0.0759733
-0.0756259
-0.0762506
-0.0754316
-0.0752848
-0.0769925
-0.0758425
-0.0761453
-0.0781329
-0.0791702
-0.0790483
-0.0786209
-0.0792496
-0.078936
-0.0807329
-0.0799221
-0.0806641
-0.0823036
-0.0817402
-0.0806402
-0.0810957
-0.0809998
-0.0812832
-0.080406
-0.0763863
-0.0746867
-0.0768489
-0.0701818
-0.0686498
-0.079212
-0.0774934
-0.0545945
-0.0161659
0.0385357
0.102297
0.128259
0.131683
0.138648
0.138261
0.139861
0.142464
0.141871
0.142885
0.143262
0.142352
0.145272
0.144229
0.144029
0.145499
0.146715
0.148374
0.14888
0.150158
0.15024
0.151138
0.151188
0.152329
0.153649
0.153898
0.153553
0.154049
0.153396
0.152861
0.153258
0.15269
0.152045
0.151465
0.150046
0.147522
0.14613
0.144139
0.141142
0.13935
0.135702
0.132953
0.131664
0.128409
0.128066
0.126127
0.12391
0.122938
0.116339
0.118434
0.12244
0.121352
0.121352
0.106408
0.0966012
0.0933444
0.0988576
0.0870928
0.0817177
0.0887697
0.080823
0.0835423
0.0836397
0.079783
0.0799982
0.0809413
0.0803221
0.0791695
0.0803118
0.0765753
0.0777959
0.0774669
0.0855608
0.0863132
0.0836857
0.0871104
0.093175
0.0903628
0.0920642
0.0938545
0.0975662
0.0944884
0.094418
0.094418
0.0961604
0.0970777
0.0953041
0.0958873
0.0969438
0.0969438
0.0968604
0.0968604
0.0954101
0.0959291
0.0972964
0.0948935
0.0955673
0.0879785
0.0937142
0.0906297
0.0876729
0.0728304
0.0734342
0.0686354
0.0701433
0.0551461
0.0551461
0.0603046
0.0547485
0.0547485
0.0561282
0.0560833
0.0551268
0.0584864
0.0541611
0.0571934
0.055304
0.0531946
0.0529892
0.0529256
0.0524726
0.0514999
0.0521607
0.0527773
0.0508717
0.0532764
0.0489988
0.0507146
0.0515543
0.0532458
0.053622
0.0535849
0.0500672
0.0530888
0.0502001
0.0520473
0.0496921
0.0518913
0.050604
0.0493826
0.0480453
0.0492282
0.048873
0.0518352
0.049707
0.0520878
0.0508081
0.0491831
0.0513288
0.0507949
0.0507949
0.0509462
0.0494542
0.0497102
0.0502277
0.0472922
0.0490705
0.0505157
0.0491034
0.0505019
0.047458
0.0486887
0.0464961
0.0480893
0.0487962
0.0498438
0.0498438
0.0515139
0.0517615
0.0520149
0.0504008
0.0508599
0.0523093
0.0523722
0.0530694
0.0535096
0.0538665
0.0542978
0.0541745
0.0543661
0.0538249
0.0531373
0.0550284
0.0528605
0.0534724
0.0520517
0.0535217
0.0535217
0.0501456
0.0531318
0.0501239
0.0503127
0.0502492
0.0507129
0.050084
0.0493048
0.0502147
0.0485453
0.0480378
0.0485262
0.0483157
0.048209
0.0469533
0.0471904
0.0471904
0.0474246
0.0475271
0.045735
0.0455018
0.0448749
0.0448081
0.041971
0.043381
0.0434713
0.0433096
0.044125
0.0441323
0.0438399
0.0426168
0.0445055
0.0446921
0.0446921
0.0415478
0.0423363
0.0414749
0.042199
0.0410577
0.0394174
0.0386401
0.0386401
0.0430575
0.041801
0.0405417
0.039298
0.0399844
0.0404686
0.0380891
0.0367885
0.0379098
0.0376527
0.0395753
0.0395753
0.0385222
0.0385039
0.0382137
0.0394638
0.0379893
0.0387937
0.0379151
0.0380669
0.0361491
0.0362716
0.036336
0.0369164
0.0369164
0.0361372
0.0366126
0.035548
0.035548
0.0368985
0.0371459
0.0371459
0.0364129
0.0331676
0.0334816
0.0362366
0.0347871
0.03303
0.0340233
0.0340233
0.0333217
0.0324636
0.0349402
0.0361013
0.0354947
0.0382314
0.0338071
0.0352745
0.0341766
0.0345314
0.034726
0.0333549
0.0338312
0.0329563
0.0324875
0.0326089
0.035235
0.035235
0.0342616
0.0344216
0.0340015
0.0336124
0.0335571
0.0324391
0.0321303
0.0332176
0.033437
0.0339542
0.0339542
0.0342057
0.0310799
0.0324477
0.0324477
0.0335128
0.0307174
0.0299113
0.0318381
0.0316657
0.0310618
0.0326761
0.0314227
0.0316669
0.0306567
0.0341604
0.034319
0.0324897
0.0319608
0.0323357
0.0309396
0.0309972
0.0325956
0.0336509
0.0318146
0.0337214
0.0342291
0.0333848
0.0308248
0.03241
0.0337357
0.0317245
0.0320849
0.0312507
0.032501
0.0324931
0.031334
0.0332269
0.0322636
0.0321451
0.0306495
0.0309894
0.0314314
0.0309708
0.0304543
0.0314889
0.0311216
0.0296333
0.0284958
0.0304565
0.0314151
0.0300352
0.0320636
0.0304201
0.029501
0.0305326
0.030855
0.0299042
0.0299471
0.0312766
0.0323003
0.0313998
0.0315067
0.030316
0.0307503
0.0309068
0.0306256
0.0286118
0.0276274
0.0280755
0.0292862
0.0306369
0.0304843
0.0291279
0.029413
0.0302012
0.0284148
0.0281574
0.0295698
0.0286765
0.030777
0.0280595
0.0280595
0.0278551
0.027513
0.0286557
0.0281399
0.029479
0.029479
0.0262811
0.028206
0.029413
0.0280194
0.0271273
0.0281722
0.0278146
0.0257427
0.0264516
0.0268897
0.0279688
0.0291568
0.0275055
0.0289587
0.0268362
0.0268914
0.0248986
0.0248181
0.0277464
0.027375
0.0250036
0.024002
0.0277756
0.026932
0.0246877
0.0256996
0.0260407
0.0261865
0.0229013
0.024348
0.0255605
0.0249674
0.0246738
0.0255444
0.0277401
0.0263352
0.0231522
0.0231522
0.0261517
0.0243759
0.0259047
0.0261536
0.0246362
0.025825
0.025825
0.0265228
0.0250551
0.0245955
0.026607
0.0247247
0.0247784
0.0241416
0.0251102
0.0255037
0.0257103
0.0254732
0.0256702
0.0240008
0.0231543
0.0219642
0.0226817
0.0235239
0.0228233
0.0229834
0.023473
0.0234236
0.0226401
0.023962
0.0257556
0.0252551
0.0260814
0.0237519
0.0233659
0.0233936
0.0235517
0.0230623
0.0230409
0.0234078
0.0225083
0.0225083
0.0208997
0.0243364
0.0225735
0.0218985
0.0220567
0.019711
0.0198575
0.020659
0.0186427
0.0197673
0.0193933
0.0213389
0.0225471
0.0206871
0.0207394
0.02066
0.0203671
0.0197
0.0191113
0.018736
0.0198606
0.0201549
0.0184963
0.0198473
0.0205819
0.0202498
0.0213141
0.0190018
0.0209545
0.0185092
0.0191781
0.0193779
0.0202635
0.0192727
0.0191651
0.0179286
0.0193914
0.0193914
0.0185845
0.0185845
0.0183809
0.0154521
0.0170038
0.01621
0.0184257
0.0190691
0.0178733
0.018248
0.0185824
0.0185699
0.0171999
0.0187358
0.0172115
0.0178986
0.0184259
0.0177654
0.0187621
0.0163113
0.0181326
0.0208961
0.0192971
0.0173431
0.0185848
0.0173996
0.0171043
0.0153466
0.0176047
0.0183314
0.0179386
0.0167011
0.0181696
0.0175325
0.0171921
0.0168952
0.0151528
0.0167377
0.0159926
0.0155413
0.0160417
0.0159527
0.0156054
0.0151775
0.0179438
0.0187727
0.0164499
0.0165373
0.0148597
0.0151449
0.0153315
0.0153315
0.0158159
0.0146753
0.0147741
0.0131117
0.0159651
0.0155703
0.0160062
0.0142274
0.0145214
0.0143293
0.0141404
0.0132026
0.015182
0.0145807
0.0153667
0.0155149
0.0139611
0.0126179
0.0142766
0.0133214
0.0127643
0.0153513
0.0128716
0.0129343
0.0134007
0.0148319
0.0148319
0.0143025
0.0130954
0.0130954
0.0128318
0.0125568
0.0123257
0.0120596
0.0113964
0.0124167
0.0116781
0.0126526
0.011706
0.0129439
0.0121062
0.0115479
0.0115645
0.0131469
0.0114016
0.0107969
0.0107969
0.0115588
0.0125287
0.01135
0.00949987
0.0127529
0.0078896
0.0108476
0.0122883
0.0112438
0.0144816
0.0128489
0.0125768
0.00973659
0.00847703
0.0145247
0.00917957
0.0123168
0.0102593
0.00965263
0.00977082
0.0110629
0.0102623
0.00624134
0.0134493
0.011164
0.0123847
0.00975311
0.0115488
0.00618075
0.0105078
0.0127282
0.00841887
0.0097765
0.0114808
0.01023
0.0102466
0.00977045
0.0106832
0.0104454
0.00970293
0.00884236
0.00845093
0.00911771
0.00809473
0.00947032
0.00949878
0.00990666
0.00782027
0.00832471
0.00779679
0.00899779
0.00964593
0.00924215
0.00740381
0.00740381
0.0066274
0.00840006
0.0085715
0.00945843
0.00725775
0.00835383
0.00835383
0.00715112
0.00726241
0.00726241
0.00865038
0.0105644
0.00913821
0.0070825
0.00863327
0.00617047
0.00845811
0.00813409
0.00797149
0.00902008
0.00895212
0.00833547
0.00643453
0.00746824
0.00808477
0.00897955
0.0078011
0.00940654
0.00779149
0.00731532
0.00576967
0.00743151
0.00768349
0.0091095
0.00793939
0.00790025
0.00691777
0.00706495
0.00908614
0.00908614
0.00963904
0.00849475
0.00944469
0.0103886
0.00490688
0.0044221
0.0044221
0.00343548
0.00603302
0.00686095
0.0066385
0.00853806
0.00417544
0.00826359
0.00805857
0.00688045
0.00564504
0.0077035
0.00138756
0.00781763
0.00587236
0.00690919
0.00838463
0.00584038
0.00477614
0.00211214
0.00495565
0.00610852
0.00426584
0.00804401
0.00340025
0.00411971
0.0065416
0.0065416
0.00780792
0.00649317
0.00622987
0.00498061
0.0015736
0.00473476
0.00473476
0.00221445
0.00549433
0.00562067
0.00866924
0.00330584
0.00330584
0.00202095
0.00340025
0.00307851
0.00307851
0.00428317
0.00295078
0.00300688
0.00139206
0.00178657
0.00713897
0.00692249
0.00310723
0.000370713
0.00474523
0.00374973
0.00116542
0.00281642
0.00342156
0.00327163
0.00244521
0.00477349
0.00526408
0.00201091
0.00424463
0.003544
0.00355425
0.00423357
0.00187154
0.00269366
0.00327378
0.00326511
0.00362675
0.0044506
0.00382359
0.00337264
0.00482367
0.00343855
0.00302394
0.00493126
0.00503992
0.00362546
0.00525498
0.00456655
0.00463616
0.00378451
0.00508725
0.00468622
0.00315551
0.00503908
0.00325424
0.0028287
0.00272089
0.00443069
0.00397967
0.00326176
0.00297137
0.00613945
0.00454769
0.00243689
0.00315385
0.00188372
0.00409765
0.00142309
0.000998427
0.00227623
0.000888095
0.00337954
0.00361598
0.00271948
0.00271948
0.0026703
0.00468686
0.00379313
0.000640693
0.00198085
0.0015782
-3.38589e-05
0.00385857
0.00269785
0.00307332
0.00335029
0.00412652
0.00102239
0.000829656
0.00368222
0.00293519
-0.00137378
0.00339879
-0.000580032
0.000387349
0.00177136
0.00294519
0.00327204
1.91641e-05
0.00294452
-0.000702193
-0.00032937
0.00110955
-0.000162903
-0.000107777
0.00261009
0.00175166
0.00126758
0.00225487
0.00225487
2.27154e-05
0.000844805
-0.00169583
0.00225413
0.00157262
0.00266829
0.00281721
-0.00032532
0.00441053
0.00211542
0.000160218
0.00107864
0.00107864
0.000332431
0.000666513
0.00176485
0.000504646
0.00119925
0.00200656
0.000631231
0.000631231
0.00168079
-0.000331804
0.000431678
0.00326955
0.00109535
-0.000331481
0.00206594
-0.000520753
0.00171855
0.00147269
0.00260838
-0.000789271
-0.00148989
0.000450805
-0.00139593
0.000113661
-0.00127785
-0.000551001
-0.000604565
0.000719233
-0.000711547
-0.00198927
-0.00136581
-0.0012455
0.000393078
0.000393078
0.00136289
-0.00107478
-0.00275461
-0.00238856
-0.00328183
-0.00165645
-0.00165645
0.00130388
0.000718002
-0.000595781
-0.000424254
-0.00157867
-0.000631509
-4.49954e-05
-0.00225606
-6.56973e-05
-6.56973e-05
-5.48506e-05
-0.00363209
0.00191547
-0.00298033
-0.0055729
0.00182491
-0.00266865
-0.0032235
-0.00258642
-0.00146329
-0.00171611
0.000112742
-0.00509549
0.000933861
-0.00331222
-0.00323966
-0.000685588
-0.00282975
-0.00164569
-0.000123496
-0.0018765
-0.00142566
-0.00274874
-0.000334344
-0.00347359
-0.00410193
0.00428158
-0.0037405
-0.00115853
5.9075e-05
-0.00329025
0.000152882
-0.00348896
-0.000640545
-0.00486612
0.000783383
-0.00231432
-0.00571246
-0.00313555
-0.00156828
-0.00134888
-0.00287815
-0.00179751
-0.00227133
-0.0053002
0.000724166
-0.00356973
-0.00187651
-0.000101961
-0.0014589
-0.00272269
-0.0017989
-0.00324109
-0.00280276
-0.00429867
-0.00122535
-0.0014242
-0.0014242
-0.00422664
0.00117188
-0.00170514
-0.00276163
-0.00295611
-0.000365916
-0.00103147
-0.000906543
-0.0018449
-0.000876971
-0.00349594
0.000447325
-0.00364155
-0.00260927
-0.00260927
-0.0035603
-0.00556267
-0.00148119
-0.00189275
-0.00409705
-0.00167463
-0.00200978
-0.0027191
-0.00376527
-0.00555356
-0.00366815
-0.0019406
-0.00308415
-0.00133809
-0.00296523
-0.00267683
-0.00238146
-0.00335056
-0.00380338
-0.00294134
-0.00275486
-0.00478354
-0.00229171
-0.00071591
-0.00333924
-0.00187517
-0.00217686
-0.0030472
-0.00380622
-0.00448502
-0.00367398
-0.00410774
-0.00379485
-0.00298033
-0.00298033
-0.000311701
-0.00213628
-0.00332021
-0.00408551
-0.00456453
-0.00568293
-0.00244966
-0.00240807
-0.00246858
-0.00411001
-0.00428491
-0.00245428
-0.00255002
-0.00542478
-0.00562941
-0.00365388
-0.00464229
-0.00448453
-0.00536051
-0.00264832
-0.00244727
-0.00481597
-0.00108187
-0.0040999
-0.00553621
-0.00499174
-0.00433654
-0.00458437
-0.00518078
-0.00317049
-0.00367808
-0.00373048
-0.00603441
-0.00489529
-0.00519449
-0.00558698
-0.00423203
-0.00571798
-0.00408673
-0.00269407
-0.00564845
-0.00510176
-0.00804012
-0.00804012
-0.00506643
-0.00279203
-0.00533908
-0.00497521
-0.00402723
-0.00564499
-0.0060874
-0.00607094
-0.00519449
-0.00670788
-0.00749682
-0.00507115
-0.0066462
-0.00639576
-0.00585393
-0.00691004
-0.00479754
-0.00629139
-0.00658471
-0.00795157
-0.00552281
-0.00612952
-0.0062585
-0.00579287
-0.00672116
-0.00658327
-0.00582067
-0.00612418
-0.00382303
-0.00433652
-0.00462866
-0.00569409
-0.00569409
-0.00779094
-0.00582767
-0.00615686
-0.00609221
-0.0044521
-0.00539476
-0.00534994
-0.0055668
-0.0055668
-0.0043087
-0.0043087
-0.00506956
-0.00506956
-0.00394315
-0.00573135
-0.00702534
-0.00271256
-0.00271256
-0.0075739
-0.00392379
-0.00712033
-0.00369693
-0.00788203
-0.00476346
-0.00455638
-0.00649431
-0.00637294
-0.00869757
-0.00655941
-0.00214823
-0.00383074
-0.00626511
-0.00537049
-0.00664226
-0.00616965
-0.00735964
-0.00589566
-0.00547844
-0.00684732
-0.00459132
-0.00673636
-0.00715395
-0.00756948
-0.00756948
-0.00761603
-0.00627578
-0.00551522
-0.00689117
-0.00936626
-0.00689605
-0.00689897
-0.0056897
-0.00671329
-0.00707929
-0.00749244
-0.00567558
-0.00673519
-0.00729892
-0.00609079
-0.00809436
-0.00664471
-0.00816006
-0.00838808
-0.00856977
-0.008052
-0.00771988
-0.00707526
-0.00838047
-0.00802879
-0.00531745
-0.00816014
-0.00728765
-0.00891439
-0.00773507
-0.00877899
-0.00824128
-0.00669032
-0.0066462
-0.00753537
-0.00934841
-0.00877899
-0.00844606
-0.0086433
-0.00946041
-0.00810975
-0.00969299
-0.00969299
-0.0106533
-0.00952209
-0.00912675
-0.00930835
-0.00944556
-0.00695863
-0.0117163
-0.00993399
-0.00929944
-0.00771496
-0.0047147
-0.00896338
-0.0100214
-0.0101381
-0.00516138
-0.00886887
-0.00979698
-0.00773843
-0.00885038
-0.00971921
-0.00797548
-0.00793244
-0.0082914
-0.0098493
-0.00884452
-0.00743347
-0.00949792
-0.0111358
-0.00989229
-0.00704115
-0.0105934
-0.011447
-0.0101626
-0.00821032
-0.00785895
-0.00775823
-0.0091985
-0.00786656
-0.00762328
-0.00915045
-0.00915045
-0.009665
-0.00822183
-0.00817613
-0.00955238
-0.00667283
-0.00874488
-0.00931271
-0.00941334
-0.00687929
-0.0095599
-0.00754328
-0.00754328
-0.00668763
-0.0100024
-0.0113605
-0.0088016
-0.010069
-0.011068
-0.00933769
-0.00887576
-0.0104027
-0.00922
-0.00831089
-0.00901879
-0.00898357
-0.00956527
-0.0103134
-0.00941442
-0.0092018
-0.00838889
-0.011757
-0.0103152
-0.00939417
-0.0104409
-0.0125658
-0.00889927
-0.0119082
-0.0112996
-0.0102705
-0.00908833
-0.0107736
-0.00941024
-0.0088657
-0.0104503
-0.0104167
-0.0089096
-0.010954
-0.00870879
-0.00822183
-0.0111281
-0.00788697
-0.0103643
-0.0124644
-0.0108248
-0.0106424
-0.010918
-0.00988044
-0.00837357
-0.00837357
-0.0126818
-0.0104829
-0.0104829
-0.0110907
-0.0107555
-0.0110738
-0.0108415
-0.0127932
-0.0111213
-0.0101029
-0.0113732
-0.0149722
-0.0109298
-0.0110502
-0.0111383
-0.00815632
-0.00791704
-0.00908867
-0.00783898
-0.0104654
-0.0104654
-0.00994986
-0.0118827
-0.0119152
-0.00930276
-0.00888724
-0.00880189
-0.00880189
-0.0107693
-0.0101458
-0.0102281
-0.0104239
-0.0119639
-0.00919354
-0.0106029
-0.0110312
-0.0134977
-0.0101175
-0.0100274
-0.00934113
-0.0102146
-0.011276
-0.00965851
-0.0100438
-0.0100438
-0.00805556
-0.00895696
-0.00989538
-0.00891439
-0.00923298
-0.0128944
-0.0104238
-0.0105221
-0.00975191
-0.00821032
-0.00903083
-0.00866441
-0.00680487
-0.0114782
-0.00921663
-0.0094379
-0.00910847
-0.00858919
-0.00768482
-0.00915068
-0.00867078
-0.0103134
-0.0109489
-0.0102459
-0.0102459
-0.0113199
-0.00859705
-0.0106039
-0.00919288
-0.0093051
-0.00975796
-0.0101761
-0.00965105
-0.00965105
-0.00956527
-0.00895301
-0.00972819
-0.00831089
-0.0099712
-0.00928252
-0.00927501
-0.00775154
-0.00670329
-0.00986622
-0.00738858
-0.00897905
-0.0103232
-0.0084542
-0.00871301
-0.00891821
-0.0106885
-0.00766535
-0.00898303
-0.0125046
-0.0125046
-0.0123714
-0.00920034
-0.0103364
-0.00867429
-0.00905763
-0.00922569
-0.0111242
-0.0118914
-0.012282
-0.0106713
-0.00998489
-0.011086
-0.0103757
-0.0103757
-0.00994151
-0.00829119
-0.00920849
-0.0103762
-0.0128188
-0.0112252
-0.0120231
-0.0107794
-0.00737183
-0.00865576
-0.0105244
-0.00978699
-0.00882536
-0.00782082
-0.00901448
-0.011998
-0.0113842
-0.0116033
-0.0107424
-0.0100018
-0.00907886
-0.0107551
-0.00906923
-0.0116894
-0.0114084
-0.00932663
-0.00996013
-0.01144
-0.00984352
-0.0111776
-0.00966339
-0.00771427
-0.0109517
-0.0100817
-0.0098582
-0.0119074
-0.0103609
-0.0122654
-0.0107237
-0.00908484
-0.00921271
-0.00930778
-0.0111153
-0.0111153
-0.0128985
-0.0105457
-0.00899949
-0.00768668
-0.0114336
-0.0113438
-0.011681
-0.0111595
-0.011906
-0.0123856
-0.00703818
-0.0147896
-0.0103446
-0.0100639
-0.0123539
-0.0113736
-0.0128035
-0.00936027
-0.0119444
-0.0105735
-0.00904227
-0.0104827
-0.0109042
-0.0115793
-0.0100214
-0.0104858
-0.0110794
-0.00934637
-0.0125888
-0.0125507
-0.0089141
-0.0111115
-0.0123865
-0.0088792
-0.00902599
-0.00960879
-0.0103061
-0.00978699
-0.0104279
-0.00973206
-0.0116713
-0.0115171
-0.0121188
-0.0120062
-0.0115801
-0.00804077
-0.013691
-0.0125627
-0.00960502
-0.014239
-0.0126014
-0.0115096
-0.0124115
-0.0115767
-0.00975191
-0.0124999
-0.0130783
-0.0105405
-0.0118036
-0.013037
-0.0116116
-0.0100523
-0.0123393
-0.0118214
-0.0129226
-0.0117798
-0.0129022
-0.0119501
-0.00984926
-0.0116531
-0.012002
-0.0106956
-0.0137972
-0.0123051
-0.0123051
-0.0122037
-0.0109667
-0.0107672
-0.012076
-0.0129036
-0.0124657
-0.0124656
-0.0128707
-0.0148058
-0.00932248
-0.0124301
-0.0117573
-0.0139387
-0.0108351
-0.0132418
-0.0128377
-0.0128392
-0.010546
-0.0106398
-0.0120941
-0.0120941
-0.0111252
-0.0127462
-0.0111182
-0.0111182
-0.0127748
-0.0136529
-0.0136529
-0.0118365
-0.0125149
-0.0126712
-0.0122808
-0.012191
-0.0111742
-0.0117279
-0.0119163
-0.0133963
-0.0128718
-0.0135658
-0.0134977
-0.0122996
-0.0126782
-0.0127608
-0.0104639
-0.0112629
-0.0127512
-0.0117694
-0.0114028
-0.0124974
-0.0117238
-0.0120222
-0.0104523
-0.0124843
-0.0118078
-0.0107172
-0.0107172
-0.0116962
-0.0145699
-0.0118583
-0.0123644
-0.0113352
-0.0108388
-0.01239
-0.0145382
-0.0118051
-0.0117093
-0.0125963
-0.0106009
-0.00984926
-0.0133458
-0.0133458
-0.0150929
-0.0124706
-0.0107721
-0.0135214
-0.0125285
-0.0149543
-0.0154192
-0.0167036
-0.0121838
-0.0126524
-0.0127295
-0.0133794
-0.0133583
-0.0125098
-0.0116724
-0.0135994
-0.0122438
-0.0143153
-0.0125755
-0.0124848
-0.0124848
-0.0167269
-0.0142387
-0.0136871
-0.0123029
-0.0162554
-0.0149718
-0.0167935
-0.0154955
-0.0136137
-0.0148611
-0.0148611
-0.0149999
-0.0152503
-0.0138479
-0.0147961
-0.0153118
-0.0137802
-0.0147555
-0.0152355
-0.0142253
-0.0155124
-0.0147379
-0.0140762
-0.0139582
-0.0163121
-0.0163121
-0.0140218
-0.0128734
-0.0141896
-0.01478
-0.0125933
-0.0142215
-0.0176632
-0.0176632
-0.0158391
-0.0116433
-0.0147635
-0.0135263
-0.0130254
-0.0133703
-0.01561
-0.0161311
-0.0138341
-0.0149681
-0.0149681
-0.0145716
-0.0164853
-0.0136556
-0.011482
-0.0120778
-0.0117596
-0.0117596
-0.0138784
-0.0154774
-0.0148714
-0.0154331
-0.0139922
-0.014397
-0.0152047
-0.014514
-0.0141094
-0.00980304
-0.0133136
-0.0118032
-0.0152737
-0.0141837
-0.0142886
-0.0129568
-0.0132574
-0.0159171
-0.0116609
-0.0148293
-0.0131272
-0.0136623
-0.0167494
-0.0155843
-0.0144255
-0.0149756
-0.0139987
-0.0139987
-0.0114161
-0.0111691
-0.0126043
-0.011574
-0.0128844
-0.0119551
-0.0119911
-0.0121882
-0.0142534
-0.0145507
-0.014266
-0.0118428
-0.0133411
-0.0158723
-0.0146509
-0.0128845
-0.0116642
-0.0137297
-0.0160018
-0.012699
-0.0155773
-0.0154836
-0.0137819
-0.0139221
-0.0149616
-0.0139027
-0.0136627
-0.0132143
-0.0132143
-0.0132143
-0.0132515
-0.0132515
-0.0154545
-0.0147224
-0.0150368
-0.0155932
-0.0160254
-0.0144724
-0.0154896
-0.0138291
-0.0124848
-0.0152123
-0.0113277
-0.0132231
-0.0146241
-0.0139587
-0.012599
-0.0117206
-0.0122777
-0.0139435
-0.014912
-0.0131377
-0.0148547
-0.0149398
-0.0151591
-0.0147401
-0.0147401
-0.015598
-0.0134974
-0.016184
-0.0176148
-0.0147696
-0.0146639
-0.0133664
-0.0139131
-0.011917
-0.0133952
-0.0139786
-0.0112596
-0.0125686
-0.0148803
-0.0123453
-0.0135909
-0.0134671
-0.015545
-0.0153085
-0.01418
-0.0129567
-0.0144955
-0.0139692
-0.0128801
-0.0128801
-0.0115838
-0.0149414
-0.0146399
-0.0147274
-0.0152472
-0.0136171
-0.0120396
-0.012727
-0.0137525
-0.0141818
-0.0137187
-0.0141005
-0.0149658
-0.0149658
-0.0155273
-0.0172323
-0.0160871
-0.015089
-0.0147326
-0.0141369
-0.0146492
-0.0135035
-0.0173347
-0.0145976
-0.0124179
-0.0147657
-0.0131553
-0.0145443
-0.014591
-0.014627
-0.0128853
-0.0153618
-0.0126086
-0.0138137
-0.0156737
-0.0170543
-0.0160299
-0.0156667
-0.0164368
-0.0152089
-0.015705
-0.0160161
-0.0160161
-0.0133813
-0.012341
-0.012341
-0.0169587
-0.0168253
-0.0157489
-0.0149471
-0.0159754
-0.0136208
-0.0150809
-0.015824
-0.017125
-0.0151405
-0.0139962
-0.0151082
-0.0153971
-0.0171317
-0.015845
-0.0170614
-0.0158307
-0.0116911
-0.0159536
-0.015908
-0.0131963
-0.012686
-0.015566
-0.0156804
-0.0134581
-0.0137118
-0.0165982
-0.0165575
-0.0147016
-0.0160862
-0.0147764
-0.0150739
-0.0109841
-0.0109841
-0.0164953
-0.0153937
-0.0155442
-0.016539
-0.0158403
-0.0181808
-0.0170997
-0.0173728
-0.0136942
-0.0169359
-0.0110728
-0.0108077
-0.0108077
-0.0152044
-0.0142367
-0.0152379
-0.0166976
-0.0164041
-0.0161507
-0.0167433
-0.0159327
-0.0154883
-0.0155683
-0.0159582
-0.0146191
-0.0150939
-0.0150939
-0.0159424
-0.0151877
-0.0150672
-0.0158877
-0.0156025
-0.0135837
-0.0135837
-0.0144998
-0.0138814
-0.0159654
-0.0153426
-0.0164574
-0.0141416
-0.0149788
-0.0140329
-0.0156819
-0.0174036
-0.016468
-0.0144068
-0.0129774
-0.0170543
-0.0137929
-0.0137342
-0.0150686
-0.0170876
-0.0142552
-0.0174381
-0.0174381
-0.0176807
-0.0159598
-0.0138925
-0.018024
-0.0151869
-0.01404
-0.0139198
-0.0149743
-0.0149743
-0.0146158
-0.0162579
-0.0144679
-0.0129597
-0.0150621
-0.0158485
-0.0178302
-0.0159017
-0.0178842
-0.0159341
-0.0131819
-0.0153932
-0.0158252
-0.0197651
-0.0149774
-0.0149774
-0.0155374
-0.0133539
-0.0166718
-0.0168159
-0.0197501
-0.0195422
-0.0130028
-0.0148263
-0.0159188
-0.0170688
-0.0170688
-0.0156147
-0.0173164
-0.0164223
-0.0182264
-0.0196731
-0.0193806
-0.0185146
-0.019312
-0.0193371
-0.0177893
-0.0163662
-0.0161108
-0.012278
-0.013985
-0.013985
-0.0159463
-0.0160601
-0.0165335
-0.0161644
-0.018645
-0.0169412
-0.0167045
-0.0153473
-0.0153473
-0.0160345
-0.0155007
-0.0182564
-0.0170973
-0.0181965
-0.0180522
-0.0177391
-0.0176954
-0.0165587
-0.0169854
-0.0181729
-0.0170419
-0.0156266
-0.0145361
-0.0174416
-0.0155645
-0.0160537
-0.0165728
-0.0188504
-0.0168709
-0.0173101
-0.0171636
-0.0169915
-0.0144977
-0.0181216
-0.019111
-0.0171193
-0.0155631
-0.0179381
-0.0158346
-0.0157581
-0.0140646
-0.0159856
-0.0159856
-0.0158559
-0.0133564
-0.0163541
-0.0124337
-0.0161613
-0.0164574
-0.0159856
-0.0142367
-0.01627
-0.0180785
-0.0169935
-0.0190715
-0.0176189
-0.0161369
-0.0167526
-0.018975
-0.018975
-0.0157495
-0.0149159
-0.0149159
-0.0155881
-0.0175528
-0.0179761
-0.0166539
-0.0162063
-0.0148081
-0.0180083
-0.0151895
-0.0173999
-0.0153333
-0.0158207
-0.018218
-0.0160115
-0.0179935
-0.0170876
-0.0174525
-0.0170037
-0.0160161
-0.0177449
-0.0181927
-0.0167992
-0.0161493
-0.0187601
-0.0187601
-0.0193753
-0.0194616
-0.0183213
-0.0173296
-0.0173803
-0.0181343
-0.017707
-0.0161678
-0.0182873
-0.0154673
-0.0157886
-0.0171756
-0.0184829
-0.0177832
-0.0185585
-0.0194184
-0.0178474
-0.018231
-0.0187261
-0.0187261
-0.0165335
-0.0185745
-0.0185745
-0.019251
-0.019251
-0.0182021
-0.0182021
-0.0179115
-0.0209581
-0.0188401
-0.016825
-0.0163468
-0.0173823
-0.0189431
-0.0173228
-0.016876
-0.0181644
-0.0206667
-0.0188671
-0.0194413
-0.020004
-0.0182346
-0.0179382
-0.0190128
-0.0199931
-0.0178916
-0.0181105
-0.0162057
-0.0173612
-0.0173612
-0.0168482
-0.0199225
-0.0183775
-0.0182492
-0.0188305
-0.0181286
-0.0175145
-0.0181318
-0.0208709
-0.0194218
-0.0190113
-0.019203
-0.0179326
-0.017561
-0.0176686
-0.0195048
-0.0210145
-0.0200408
-0.0207095
-0.0209152
-0.0180083
-0.0194078
-0.0199986
-0.020578
-0.0186793
-0.0175268
-0.0172336
-0.0185316
-0.0202956
-0.0183719
-0.0177253
-0.0177253
-0.0191016
-0.0191016
-0.0190725
-0.0190725
-0.0170419
-0.0182572
-0.0191423
-0.0193853
-0.0203229
-0.0192306
-0.0192306
-0.0207288
-0.0209058
-0.0209058
-0.0203677
-0.0217355
-0.0204483
-0.0196382
-0.018776
-0.0188937
-0.0206
-0.0214916
-0.0185297
-0.0201983
-0.0215218
-0.0191313
-0.0199062
-0.0186836
-0.0186836
-0.019558
-0.018626
-0.0213889
-0.0177451
-0.0184775
-0.0184073
-0.0207132
-0.0200643
-0.0182805
-0.021348
-0.0208262
-0.0191848
-0.0199129
-0.021367
-0.0195272
-0.0217776
-0.0152072
-0.0134481
-0.0187998
-0.0173302
-0.0145733
-0.0222522
-0.0194076
-0.0151189
-0.0139801
-0.0137631
-0.0128739
-0.0130265
-0.0114089
-0.0124925
-0.0114377
-0.0101657
-0.0119723
-0.0116069
-0.0138533
-0.00879875
-0.00748661
-0.00640085
-0.00817033
-0.00719781
-0.00604737
-0.00520055
-0.00649878
-0.0089399
-0.00950039
-0.00539631
-0.0053528
-0.00511847
-0.00762191
-0.00527609
-0.00385475
-0.00993019
-0.00483996
-0.00412051
-0.00109763
-0.00197384
-0.00216965
0.000540385
0.000802649
0.00139498
0.00205171
0.00255785
0.00255785
0.00356305
0.00187402
0.00244119
0.00416086
0.0036825
0.00626472
0.00703451
0.00663455
0.00663455
0.00687812
0.00692381
0.00760848
0.00740839
0.00699202
0.00828353
0.00750507
0.0105043
0.00851483
0.00925327
0.00974559
0.00928846
0.0094684
0.00682501
0.00742062
0.0100767
0.00924512
0.00911659
0.00911926
0.00947099
0.00947099
0.0101217
0.00969248
0.00969248
0.0106261
0.00885957
0.00992728
0.0116242
0.0104902
0.0112246
0.0118542
0.0106715
0.0112631
0.0108529
0.0116778
0.0116665
0.0120499
0.0116588
0.0121829
0.011537
0.0121767
0.0109222
0.0109222
0.0108108
0.0105116
0.0105116
0.0114533
0.0104511
0.0104511
0.0110354
0.0111288
0.0110549
0.0112482
0.0108451
0.00980358
0.0122582
0.0120238
0.0100398
0.0109399
0.0119602
0.011782
0.0119761
0.0131448
0.0122295
0.0123144
0.0123144
0.0119666
0.0110782
0.0125345
0.0111351
0.0110029
0.0121427
0.0118448
0.0116492
0.0119105
0.0119105
0.0105336
0.0114685
0.0114685
0.0110588
0.0115178
0.0101025
0.0124385
0.011282
0.0106092
0.0106354
0.0127893
0.0102674
0.0114692
0.00977981
0.0118989
0.0118989
0.0119087
0.0128592
0.0112434
0.0114685
0.0116264
0.0116627
0.0123284
0.0106317
0.0115675
0.0115675
0.0111739
0.0116932
0.0119244
0.0114099
0.0109803
0.0117186
0.0119719
0.0114925
0.0106516
0.0109509
0.0122221
0.0107992
0.0107235
0.011644
0.0120166
0.0105759
0.0111939
0.0105916
0.0105559
0.0103943
0.0102562
0.0110222
0.0113768
0.0109107
0.010865
0.011868
0.0103286
0.0123062
0.0124821
0.0113509
0.0129867
0.0108963
0.0108963
0.0115636
0.0123424
0.0123867
0.0117052
0.0108705
0.0107187
0.0116852
0.0110981
0.0114778
0.0110022
0.0115836
0.0107744
0.0131158
0.0101713
0.0113768
0.0104355
0.0108508
0.0107187
0.0115134
0.0115134
0.012357
0.0110833
0.0108199
0.0112605
0.0109112
0.0109214
0.0108658
0.0114277
0.0099725
0.0107995
0.0112402
0.0105771
0.0117156
0.0110631
0.0112605
0.0118023
0.0118774
0.0113618
0.011766
0.0116907
0.0116907
0.0113618
0.0112756
0.0111845
0.0119332
0.0112706
0.0112402
0.0118573
0.0112755
0.0104386
0.0104386
0.0127562
0.0104631
0.0111335
0.0109107
0.0119687
0.0101959
0.0109718
0.0108703
0.0109253
0.0112345
0.0115082
0.0128818
0.0102862
0.0110265
0.0119687
0.0121451
0.0121451
0.0117054
0.0117712
0.0123415
0.0117407
0.0106062
0.0115784
0.0108083
0.0121147
0.0109052
0.0114219
0.0114219
0.0116195
0.0103971
0.0110162
0.010234
0.0115331
0.0104989
0.010829
0.0117059
0.0119076
0.0122355
0.0115434
0.0107068
0.0109046
0.012444
0.012444
0.0101112
0.0104768
0.010971
0.0120079
0.013199
0.013199
0.01136
0.01136
0.0117553
0.0117553
0.0122158
0.0118526
0.0124124
0.0120394
0.0127554
0.0127554
0.0105647
0.0121611
0.0117656
0.0108637
0.0105888
0.0105334
0.0105334
0.0108429
0.0119984
0.0113704
0.0107979
0.00965826
0.011832
0.0121851
0.0115228
0.0128768
0.0121086
0.0111271
0.0114468
0.0122407
0.011988
0.0123871
0.0114294
0.0131285
0.0106127
0.0113844
0.0118561
0.0120746
0.0125942
0.0114052
0.0124386
0.0122338
0.0118006
0.0108669
0.0119984
0.0123578
0.00969672
0.0118251
0.0116273
0.0108011
0.0120018
0.0106904
0.0113289
0.0113191
0.0113952
0.00978633
0.0121861
0.0113635
0.0119463
0.0108577
0.0108577
0.0114294
0.0124521
0.0105167
0.0115516
0.0115614
0.0115615
0.0108011
0.00986477
0.0108564
0.0108115
0.0117695
0.0126837
0.00948835
0.0115614
0.0107141
0.0108774
0.0116481
0.0108354
0.0105507
0.0112421
0.0107695
0.0110894
0.012792
0.010139
0.0122457
0.0111652
0.011773
0.0120605
0.0121128
0.0110015
0.0108564
0.0113222
0.0114085
0.0106612
0.00991996
0.0107589
0.0108709
0.0111448
0.0118493
0.0111448
0.0109461
0.0112867
0.0135721
0.0114534
0.010581
0.0102515
0.0104403
0.0103959
0.00953276
0.011332
0.0123003
0.011707
0.0128504
0.0113663
0.00861437
0.0110781
0.00975347
0.0105953
0.0110437
0.0120711
0.0116305
0.0103728
0.0107165
0.0122827
0.0111896
0.0105044
0.0114534
0.0122685
0.0126771
0.0126771
0.0117757
0.0120052
0.0112551
0.0117624
0.0121266
0.01128
0.01128
0.0112694
0.0123586
0.0111366
0.0105507
0.0126538
0.0117837
0.0125009
0.00982191
0.0114772
0.0112026
0.0104974
0.0110015
0.0120605
0.00914946
0.010752
0.0111919
0.0116995
0.0105204
0.0112344
0.0102088
0.0110569
0.0117309
0.0117969
0.0105186
0.0105847
0.0116991
0.012435
0.0114772
0.0107938
0.0107938
0.0115669
0.0119634
0.0128853
0.0116199
0.0111579
0.0107491
0.0116225
0.0118101
0.011776
0.012765
0.0111465
0.0118524
0.0107813
0.0100089
0.00960279
0.0101313
0.0105633
0.0108516
0.0109727
0.0114459
0.0109376
0.0105064
0.0105311
0.0117548
0.0100126
0.0104545
0.0104545
0.0118972
0.0112238
0.0127567
0.0110269
0.0125453
0.010563
0.013589
0.0111591
0.01213
0.0116672
0.0106291
0.0125693
0.0108056
0.0108839
0.0111144
0.0110279
0.0104404
0.0114459
0.0116885
0.0112366
0.0112366
0.0113686
0.0113686
0.0111366
0.0116437
0.0104849
0.0119656
0.0128345
0.0119631
0.0113239
0.0104081
0.0115114
0.0112574
0.0114133
0.0113686
0.012306
0.0104437
0.0109513
0.0106522
0.0108731
0.0108731
0.0117545
0.0112037
0.0110269
0.0108731
0.0114133
0.0114799
0.0121743
0.0102546
0.0109715
0.010219
0.0104081
0.011315
0.0107734
0.01181
0.0118549
0.0112705
0.0101095
0.00934431
0.0107734
0.0109284
0.0117993
0.0127473
0.01042
0.0109837
0.0109405
0.0109405
0.0125701
0.0114586
0.0124617
0.0108853
0.0113704
0.0119889
0.0108731
0.012087
0.0105522
0.0108731
0.0114794
0.0113919
0.0105323
0.0100241
0.0110053
0.0115138
0.0111268
0.0107627
0.0113052
0.0118336
0.0110524
0.0106967
0.0101669
0.0106425
0.0103322
0.0119658
0.0105323
0.0105323
0.0115031
0.0105522
0.0110498
0.0111829
0.00995555
0.0108298
0.0119208
0.0106553
0.0115699
0.0117119
0.0112274
0.0108973
0.012946
0.0101319
0.0111505
0.0109524
0.0107085
0.0105874
0.0124059
0.0113052
0.0114048
0.0123296
0.0115905
0.0104534
0.0108647
0.0106074
0.0116144
0.0107419
0.0117459
0.0102002
0.0107854
0.0106534
0.0112812
0.0112812
0.011458
0.0108741
0.0100085
0.0117459
0.0115929
0.0109524
0.0109524
0.0116905
0.0118442
0.012353
0.0128255
0.0101209
0.0114472
0.0114472
0.0119014
0.0122423
0.010885
0.0117363
0.0101428
0.0117355
0.0100986
0.0107194
0.0111169
0.0102553
0.0120209
0.0108189
0.0115472
0.00922654
0.0103873
0.0112501
0.0115256
0.0107637
0.0102526
0.0121656
0.0129803
0.0115584
0.011338
0.0116475
0.0119674
0.0122533
0.0119567
0.011538
0.0123065
0.0125384
0.0110953
0.0103983
0.0118461
0.0112935
0.00963659
0.0112382
0.0117566
0.0121424
0.010808
0.0109416
0.0105323
0.0111744
0.0117673
0.0109967
0.0115477
0.0099887
0.0108756
0.0108756
0.0128042
0.0108865
0.0113832
0.0120335
0.0116696
0.0109511
0.0110628
0.0119567
0.0121872
0.0105547
0.0119782
0.0115153
0.0117028
0.0110509
0.0116258
0.0124852
0.0126827
0.011338
0.0114601
0.0113824
0.0125614
0.0115814
0.0103213
0.0111288
0.0106649
0.0118906
0.0118906
0.0107179
0.0113606
0.0104757
0.0123088
0.0103986
0.0111744
0.0111744
0.0116475
0.0109858
0.012121
0.0103876
0.0114268
0.0115489
0.0119782
0.0110064
0.0115706
0.0118351
0.0110064
0.0105419
0.0109845
0.0119014
0.0125401
0.011603
0.0125513
0.0136182
0.0120012
0.011107
0.0113163
0.0111397
0.0102864
0.0119228
0.0119228
0.0119228
0.0106867
0.0104978
0.0114592
0.0114592
0.0105879
0.0117244
0.0105769
0.0105769
0.0103636
0.0114937
0.0125513
0.0113616
0.0109198
0.012178
0.0117261
0.0125961
0.0125741
0.0124191
0.0120337
0.0127829
0.0127829
0.0110301
0.011692
0.0115593
0.0115593
0.0119674
0.011107
0.0114486
0.0120673
0.0117581
0.0120889
0.0119121
0.0107309
0.0118906
0.0103678
0.0122885
0.0111853
0.0119351
0.010797
0.0118134
0.012155
0.0119243
0.0120229
0.0122224
0.0127847
0.0121887
0.0119459
0.0126729
0.0118905
0.0108193
0.0119904
0.0127615
0.0122658
0.012155
0.0129908
0.0112603
0.0112603
0.0117256
0.0122104
0.0109421
0.0114268
0.0124977
0.0125084
0.0125084
0.0120889
0.0117689
0.0114159
0.0118256
0.0112629
0.0122658
0.010709
0.0121215
0.0114702
0.0114702
0.0119026
0.0115597
0.0103215
0.0112283
0.0118796
0.0122658
0.012355
0.0110523
0.0118362
0.0110961
0.0126401
0.0126401
0.0114268
0.0123316
