-0.0129205
-0.0143161
-0.0157855
-0.0155639
-0.0115996
-0.0142398
-0.0159409
-0.0116754
-0.014393
-0.0169543
-0.0185748
-0.01609
-0.0169567
-0.0140138
-0.0156363
-0.0130717
-0.0127691
-0.0144671
-0.016008
-0.0146942
-0.0127692
-0.0186629
-0.0131472
-0.014238
-0.015782
-0.0143924
-0.0172603
-0.0172603
-0.0142389
-0.0131472
-0.0183493
-0.0189632
-0.0200487
-0.01439
-0.0149202
-0.0143161
-0.0102791
-0.0139388
-0.0143924
-0.0104289
-0.0154821
-0.0163141
-0.0129961
-0.0102809
-0.0173402
-0.0127691
-0.0102051
-0.0100567
-0.0145446
-0.0170296
-0.0184963
-0.0143908
-0.0144678
-0.0182054
-0.0215139
-0.0160147
-0.0172502
-0.0160177
-0.016801
-0.016801
-0.0171851
-0.017027
-0.0142406
-0.0157117
-0.0157101
-0.0200648
-0.0156363
-0.0130716
-0.011752
-0.0143181
-0.0116772
-0.0165747
-0.0160177
-0.0143168
-0.0131472
-0.012996
-0.0143175
-0.0177136
-0.0177136
-0.0180414
-0.0140878
-0.0128449
-0.0199695
-0.0139365
-0.0168814
-0.0139365
-0.0142398
-0.0129205
-0.0173402
-0.0169464
-0.0142398
-0.0127692
-0.0171023
-0.0181988
-0.016723
-0.0142398
-0.0116015
-0.0139356
-0.0198945
-0.0143168
-0.0132227
-0.0228567
-0.0154048
-0.014013
-0.0176337
-0.0103585
-0.0117501
-0.0155575
-0.0160191
-0.0145426
-0.0145426
-0.012769
-0.0182637
-0.0157871
-0.016806
-0.0144678
-0.0144678
-0.0188067
-0.0140112
-0.017481
-0.0143153
-0.0102791
-0.0118277
-0.0118277
-0.0161637
-0.0142413
-0.0159394
-0.0121292
-0.0130715
-0.0116763
-0.0142398
-0.017097
-0.0171074
-0.0100533
-0.0156379
-0.0155592
-0.0155592
-0.0177364
-0.0175586
-0.0171167
-0.0133736
-0.0159424
-0.0105065
-0.0143144
-0.0171098
-0.0140112
-0.0140112
-0.012769
-0.0145426
-0.0200445
-0.0200445
-0.0102068
-0.0113742
-0.01609
-0.00755914
-0.01439
-0.0158625
-0.0155592
-0.0202693
-0.0145418
-0.0105804
-0.0105804
-0.0126934
-0.0167984
-0.0167957
-0.0144685
-0.0144685
-0.0161668
-0.0134491
-0.0170244
-0.0130714
-0.0109971
-0.00982544
-0.0115257
-0.00827965
-0.0138617
-0.0138617
-0.0160944
-0.0158608
-0.0158625
-0.0144654
-0.0198986
-0.0200445
-0.0161637
-0.0126177
-0.0102085
-0.0102085
-0.0116006
-0.0116006
-0.0172579
-0.0160131
-0.0126933
-0.0145426
-0.00960402
-0.0156347
-0.0174835
-0.0184997
-0.0104325
-0.0139381
-0.0203484
-0.0203484
-0.01609
-0.0143144
-0.014544
-0.0171074
-0.0168838
-0.012996
-0.0201986
-0.00982544
-0.0125419
-0.0171826
-0.0157902
-0.0183493
-0.0157871
-0.0145418
-0.0102051
-0.0142398
-0.0166422
-0.0226899
-0.0200487
-0.0131473
-0.0130716
-0.0160147
-0.0144678
-0.0184245
-0.0133739
-0.0118267
-0.0144678
-0.0132984
-0.0187284
-0.0143916
-0.0143144
-0.0147695
-0.0174107
-0.0146172
-0.0130716
-0.0168838
-0.0103531
-0.0131473
-0.0157101
-0.0162389
-0.0146163
-0.0133738
-0.0174859
-0.0135246
-0.0141657
-0.0148441
-0.0160115
-0.0185748
-0.0130717
-0.0154821
-0.0172554
-0.0148449
-0.0102033
-0.0116763
-0.0158625
-0.0190382
-0.0177112
-0.0202777
-0.0147708
-0.0146948
-0.0188818
-0.0159362
-0.0159362
-0.0184963
-0.0116763
-0.0118301
-0.0163925
-0.0110723
-0.0157101
-0.0155539
-0.00997556
-0.0126933
-0.0173379
-0.0157133
-0.0144671
-0.0185748
-0.0131473
-0.0174107
-0.0156312
-0.01386
-0.0155558
-0.0143153
-0.0171121
-0.0114481
-0.0114481
-0.0174107
-0.0157066
-0.0200487
-0.0155592
-0.0104307
-0.0113723
-0.0113723
-0.0155592
-0.0148456
-0.0154099
-0.0157838
-0.0142389
-0.0141634
-0.0130717
-0.0173355
-0.0110707
-0.014013
-0.00903204
-0.0187284
-0.0145433
-0.0145433
-0.0113742
-0.0160163
-0.0128449
-0.014544
-0.0158591
-0.0175586
-0.0132226
-0.0142406
-0.0157838
-0.0143168
-0.0103567
-0.0144678
-0.0102068
-0.00982544
-0.0159409
-0.0126934
-0.0142413
-0.0197485
-0.0167984
-0.00997367
-0.0144671
-0.0143916
-0.0201195
-0.0156347
-0.0141634
-0.0171074
-0.0166502
-0.0157117
-0.0170368
-0.0171098
-0.0134492
-0.0152588
-0.0184997
-0.0151799
-0.0140878
-0.0140859
-0.0131472
-0.0169567
-0.0144663
-0.014393
-0.0154899
-0.0157902
-0.0183591
-0.0131473
-0.0153359
-0.0137094
-0.0124661
-0.0115257
-0.0116763
-0.0141624
-0.0115257
-0.0132223
-0.0166502
-0.00974943
-0.0111474
-0.0111474
-0.0156347
-0.0130716
-0.0132217
-0.0072719
-0.0083558
-0.0128447
-0.0126935
-0.0101292
-0.0101292
-0.0114481
-0.0184997
-0.00990317
-0.0114481
-0.0102085
-0.011977
-0.0149226
-0.0163173
-0.0162421
-0.00998546
-0.00998546
-0.0173355
-0.0143153
-0.0143153
-0.0129959
-0.0132227
-0.0132227
-0.0198236
-0.0143908
-0.0109188
-0.0169517
-0.0153311
-0.0185814
-0.0185814
-0.0157871
-0.0180515
-0.0195147
-0.0148456
-0.0155575
-0.0154048
-0.0173379
-0.0171098
-0.0157855
-0.0143153
-0.021449
-0.0126934
-0.0157117
-0.0157117
-0.0114491
-0.0157133
-0.012769
-0.0121248
-0.0115257
-0.0134486
-0.0157871
-0.0118277
-0.0168814
-0.013786
-0.0144697
-0.0155609
-0.015027
-0.015027
-0.016806
-0.0165797
-0.0123903
-0.0123903
-0.0143175
-0.0157855
-0.0157855
-0.0165747
-0.0183459
-0.0142413
-0.0147702
-0.0143924
-0.0199818
-0.0168035
-0.00718562
-0.0133738
-0.0146187
-0.0115239
-0.0156379
-0.0126177
-0.0153328
-0.00997737
-0.0157101
-0.0117501
-0.0157902
-0.0145426
-0.0157902
-0.0157902
-0.00997737
-0.0158641
-0.0155575
-0.0102068
-0.0155609
-0.0201944
-0.0201944
-0.0174784
-0.0171121
-0.0142406
-0.0154083
-0.0181167
-0.0181167
-0.0129961
-0.0123903
-0.0153328
-0.0169517
-0.0169517
-0.0138625
-0.0140901
-0.0140901
-0.0171049
-0.00820347
-0.0151848
-0.0151848
-0.0154115
-0.0107699
-0.0107699
-0.0141664
-0.0141664
-0.0156363
-0.0109196
-0.0160868
-0.0160868
-0.0186629
-0.0143144
-0.0157133
-0.0126933
-0.0141642
-0.0171098
-0.0128448
-0.0136308
-0.0136308
-0.0129204
-0.0195941
-0.0160115
-0.0111482
-0.0111482
-0.0137507
-0.0131473
-0.014165
-0.0174928
-0.0127692
-0.0145446
-0.0188001
-0.0143144
-0.0144678
-0.0172627
-0.0140894
-0.0157887
-0.0157887
-0.0184343
-0.0164967
-0.0172528
-0.0173424
-0.0187317
-0.0163954
-0.0169517
-0.00997913
-0.0129958
-0.0141642
-0.0199652
-0.0128448
-0.0159394
-0.0157887
-0.0197485
-0.0162701
-0.0129204
-0.0151008
-0.0168789
-0.016097
-0.016097
-0.0139388
-0.0157917
-0.0129961
-0.0157133
-0.0131461
-0.0156347
-0.0141642
-0.016733
-0.0140886
-0.0154099
-0.0173402
-0.0182774
-0.0182774
-0.0148739
-0.0148739
-0.0154821
-0.0130716
-0.0152588
-0.0139381
-0.0139381
-0.0156363
-0.016723
-0.0182774
-0.0126177
-0.0171776
-0.0117501
-0.0117501
-0.0214539
-0.0102068
-0.015487
-0.0160163
-0.0185748
-0.0152555
-0.0186533
-0.0156363
-0.0116743
-0.0169592
-0.0113723
-0.0143153
-0.0182672
-0.0187317
-0.0199068
-0.0154838
-0.0139346
-0.0102068
-0.0132228
-0.0132228
-0.0195941
-0.0152538
-0.0184343
-0.0194479
-0.0154083
-0.0153359
-0.0159424
-0.0171874
-0.0216036
-0.0173306
-0.0173306
-0.00975119
-0.0124662
-0.0138617
-0.0114491
-0.0169592
-0.0152588
-0.0130714
-0.0145399
-0.0171098
-0.0171098
-0.0127692
-0.0140886
-0.0140886
-0.0184374
-0.0153344
-0.0153344
-0.0114481
-0.0139374
-0.0157163
-0.0157163
-0.0140151
-0.0181268
-0.0186499
-0.0196103
-0.0181988
-0.0137076
-0.0142413
-0.0157101
-0.0143942
-0.0139374
-0.0197401
-0.0139381
-0.0123141
-0.0129205
-0.0131472
-0.0126177
-0.0126177
-0.0159378
-0.0129958
-0.0138632
-0.0110697
-0.00891994
-0.00891994
-0.0225627
-0.0352307
-0.0420421
-0.0549967
-0.0649542
-0.0558538
-0.0528808
-0.0528808
-0.0233393
-0.0225024
-0.0291031
-0.015563
-0.0262515
-0.0262515
-0.0177239
-0.0245936
-0.0272511
-0.027412
-0.0354859
-0.024753
-0.0256956
-0.0207378
-0.0208886
-0.0231633
-0.0238235
-0.0214099
-0.0271982
-0.0275945
-0.0224875
-0.021108
-0.0222467
-0.029493
-0.0264114
-0.0264114
-0.0212716
-0.0210458
-0.0240486
-0.0242067
-0.0266561
-0.0239817
-0.0239817
-0.0238985
-0.0221941
-0.0232725
-0.0239898
-0.0247347
-0.0209639
-0.0222768
-0.0262917
-0.0234061
-0.0247913
-0.0226601
-0.0263666
-0.0263666
-0.0192505
-0.0198021
-0.0269101
-0.0210522
-0.0222694
-0.0221113
-0.0221113
-0.0236568
-0.0207312
-0.0199641
-0.0228176
-0.0218702
-0.0252782
-0.0263015
-0.0185504
-0.0221715
-0.023356
-0.0280754
-0.0239067
-0.024368
-0.0193319
-0.0251373
-0.0249691
-0.0196569
-0.022585
-0.02364
-0.0248098
-0.0234395
-0.0259617
-0.0206752
-0.0181216
-0.0263566
-0.0233725
-0.0231135
-0.022862
-0.0272731
-0.0365911
-0.0421897
-0.0354438
-0.0414965
-0.0400404
-0.0400404
-0.0390302
-0.0323889
-0.0323889
-0.0420827
-0.0394377
-0.0394377
-0.0382559
-0.041948
-0.0364829
-0.038054
-0.041948
-0.0363513
-0.0445483
-0.0379596
-0.033788
-0.0391416
-0.0417264
-0.0374427
-0.0419683
-0.0417594
-0.0405041
-0.0404302
-0.0378676
-0.0381818
-0.0366484
-0.0451072
-0.0394377
-0.0391596
-0.0420218
-0.0403608
-0.0421693
-0.0377756
-0.0421693
-0.0422634
-0.0391783
-0.0420625
-0.0432066
-0.0407109
-0.0562329
-0.0814286
-0.0680448
-0.0858434
-0.0939293
-0.0876778
-0.0805726
-0.0889693
-0.0910351
-0.0931263
-0.0890988
-0.093529
-0.0852778
-0.0880658
-0.0894289
-0.0894289
-0.0882419
-0.0938073
-0.0895291
-0.0914532
-0.09491
-0.0924391
-0.0877856
-0.091638
-0.0921962
-0.0921962
-0.0906351
-0.0893391
-0.0884029
-0.0907615
-0.0904122
-0.0897034
-0.0899789
-0.0878969
-0.0849237
-0.0833071
-0.0817638
-0.085997
-0.0835186
-0.0796544
-0.0790432
-0.0830249
-0.0765918
-0.0790251
-0.0779725
-0.079442
-0.0787231
-0.0784412
-0.0795836
-0.0795836
-0.0811575
-0.0750687
-0.0528808
-0.0565361
-0.0417505
-0.0328794
-0.0328794
-0.0195584
-0.0207442
-0.0207442
-0.0211898
-0.0194888
-0.0225702
-0.0184799
-0.023807
-0.023665
-0.0180365
-0.01664
-0.0222015
-0.0165683
-0.0193319
-0.0183339
-0.0183436
-0.0183436
-0.0214155
-0.0187258
-0.0196569
-0.0171022
-0.0157934
-0.0157177
-0.0140256
-0.0177239
-0.0158627
-0.0158627
-0.0198541
-0.0198541
-0.0155598
-0.0171895
-0.0208
-0.0174917
-0.0174917
-0.0158659
-0.0184192
-0.0169588
-0.011017
-0.0167238
-0.0194946
-0.0194946
-0.0137146
-0.0214089
-0.0154082
-0.0168753
-0.0241153
-0.0172533
-0.0181925
-0.0160991
-0.0173329
-0.0187397
-0.0172573
-0.0238903
-0.0171696
-0.0181169
-0.0169469
-0.0169469
-0.0179608
-0.0223219
-0.0151774
-0.01656
-0.0184045
-0.0170305
-0.0170266
-0.0165642
-0.0178802
-0.0181169
-0.018046
-0.011627
-0.0153983
-0.019738
-0.0143314
-0.0169549
-0.0191168
-0.0211146
-0.0190224
-0.0174123
-0.0169428
-0.0159538
-0.0169509
-0.0212651
-0.0184143
-0.0182633
-0.0169549
-0.0196279
-0.0197324
-0.0152565
-0.0152718
-0.0181072
-0.0154873
-0.0184192
-0.022585
-0.0126321
-0.0173329
-0.0128633
-0.0126321
-0.0168671
-0.0153418
-0.0171818
-0.0114766
-0.0159538
-0.0168074
-0.0192038
-0.0129393
-0.0222914
-0.0237565
-0.0181121
-0.0180216
-0.0180216
-0.0174838
-0.0184239
-0.0138666
-0.0168712
-0.0151741
-0.015645
-0.0181877
-0.0181877
-0.0184192
-0.0150288
-0.0150288
-0.0143336
-0.0141752
-0.0153418
-0.0221188
-0.0168074
-0.015648
-0.0194248
-0.0156419
-0.0159447
-0.0199751
-0.0152597
-0.0219756
-0.0177946
-0.0152533
-0.017951
-0.0182681
-0.0225702
-0.0225702
-0.0211211
-0.0179559
-0.0179559
-0.0171022
-0.0167955
-0.014021
-0.017951
-0.0156419
-0.0138758
-0.0113232
-0.0180216
-0.0204043
-0.0194133
-0.0182584
-0.016096
-0.0141015
-0.0195871
-0.0224419
-0.0157208
-0.00892782
-0.0199697
-0.0168712
-0.0198078
-0.0238397
-0.0236568
-0.0221866
-0.0204092
-0.0223219
-0.027412
-0.0287616
-0.0248664
-0.0234061
-0.0253197
-0.0253949
-0.0271012
-0.0266061
-0.0284743
-0.0270039
-0.0259413
-0.0241329
-0.0238603
-0.0325832
-0.0291818
-0.0243874
-0.0295076
-0.0254493
-0.0278262
-0.0296342
-0.0267563
-0.030008
-0.0265487
-0.0256642
-0.0253845
-0.0256747
-0.0282376
-0.0284259
-0.0298457
-0.0282256
-0.0285756
-0.0296441
-0.028189
-0.0260499
-0.0334124
-0.0254493
-0.0304304
-0.0347434
-0.0358635
-0.0332001
-0.0333492
-0.0405993
-0.0386331
-0.0403843
-0.0396779
-0.0347434
-0.0331095
-0.0343131
-0.0373703
-0.03737
-0.0360649
-0.037129
-0.0385626
-0.0385044
-0.0365711
-0.0380549
-0.0408215
-0.0411388
-0.0407046
-0.0407261
-0.0407261
-0.0404823
-0.0436601
-0.0399944
-0.0440337
-0.0389488
-0.0471481
-0.0411601
-0.0425788
-0.0409593
-0.0397113
-0.0441989
-0.0428001
-0.0425864
-0.043739
-0.0438127
-0.0439831
-0.0425347
-0.0446728
-0.0473435
-0.0441533
-0.0534303
-0.0479823
-0.0511478
-0.0458932
-0.0443915
-0.0430212
-0.0495075
-0.0521854
-0.0539536
-0.0566021
-0.0488625
-0.0476374
-0.0523033
-0.0553256
-0.0511935
-0.058926
-0.0527064
-0.0527064
-0.0522752
-0.0534742
-0.0495075
-0.0598496
-0.0608051
-0.0582255
-0.0538521
-0.0507555
-0.0485238
-0.0485238
-0.0563539
-0.0596652
-0.0594164
-0.0551676
-0.05685
-0.0563652
-0.0513938
-0.0523592
-0.0510561
-0.0513209
-0.0514394
-0.0538081
-0.0524321
-0.0525778
-0.0497063
-0.0497063
-0.0556943
-0.0539975
-0.0539975
-0.0537793
-0.0502488
-0.0527514
-0.0488191
-0.0538809
-0.051329
-0.0499778
-0.0488693
-0.0473923
-0.0544029
-0.0473436
-0.0432257
-0.0454297
-0.0453627
-0.0442456
-0.0482443
-0.0504936
-0.0601535
-0.0464269
-0.0510119
-0.0539823
-0.0487962
-0.0513828
-0.0424344
-0.0457226
-0.0487962
-0.0406661
-0.0521185
-0.0444563
-0.0398436
-0.0384239
-0.0431334
-0.0403605
-0.0417663
-0.0399548
-0.0335927
-0.0386611
-0.0388617
-0.0400286
-0.0430066
-0.0432671
-0.0372179
-0.0382174
-0.0377924
-0.0416345
-0.0519533
-0.0520724
-0.0638626
-0.0734814
-0.0882813
-0.0882813
-0.105346
-0.0905417
-0.0828651
-0.0866285
-0.0884591
-0.0935573
-0.0881792
-0.0866166
-0.077665
-0.0805424
-0.0849352
-0.0757454
-0.077089
-0.0767868
-0.0805896
-0.0808019
-0.0820768
-0.0786727
-0.0787689
-0.0797388
-0.0797388
-0.0812962
-0.0728203
-0.0812966
-0.0741752
-0.0695531
-0.0813672
-0.0762587
-0.0789047
-0.067927
-0.0710373
-0.0745887
-0.0734453
-0.0719009
-0.0668419
-0.0682188
-0.0676733
-0.0696638
-0.0722576
-0.0627245
-0.0709572
-0.070734
-0.0676733
-0.0715223
-0.0688298
-0.0687511
-0.0585637
-0.075543
-0.0722812
-0.0650352
-0.0735748
-0.0660067
-0.0806599
-0.071214
-0.0794582
-0.0673962
-0.0705911
-0.0790593
-0.0585715
-0.0701031
-0.0493553
-0.0750297
-0.0630149
-0.06785
-0.0662811
-0.0667586
-0.077883
-0.0714284
-0.0752144
-0.0637385
-0.0840835
-0.110303
-0.10791
-0.0920097
-0.102429
-0.110666
-0.143127
-0.196057
-0.206387
-0.204492
-0.204347
-0.203002
-0.209446
-0.205413
-0.200164
-0.20137
-0.20383
-0.201235
-0.202565
-0.1973
-0.1973
-0.200483
-0.200062
-0.195058
-0.193968
-0.193968
-0.196141
-0.196141
-0.198363
-0.199823
-0.200285
-0.201362
-0.199842
-0.201753
-0.205885
-0.202315
-0.210098
-0.207076
-0.207076
-0.203969
-0.210241
-0.212299
-0.212299
-0.213828
-0.216429
-0.216429
-0.220492
-0.222217
-0.21909
-0.21818
-0.225404
-0.221989
-0.220477
-0.224368
-0.230219
-0.226542
-0.227706
-0.229339
-0.229344
-0.228755
-0.230135
-0.235742
-0.231829
-0.236856
-0.239395
-0.237361
-0.239191
-0.243163
-0.241977
-0.241977
-0.294583
-0.320914
-0.350992
-0.373463
-0.384718
-0.400968
-0.401092
-0.381552
-0.357468
-0.34415
-0.338867
-0.348272
-0.345207
-0.336313
-0.342986
-0.33856
-0.33856
-0.337169
-0.340337
-0.334752
-0.33787
-0.339875
-0.334334
-0.334334
-0.334257
-0.332376
-0.328248
-0.328248
-0.332908
-0.331934
-0.328635
-0.33137
-0.333628
-0.326851
-0.326628
-0.333388
-0.328471
-0.327169
-0.327169
-0.317117
-0.328071
-0.328093
-0.321013
-0.323358
-0.323084
-0.324042
-0.322621
-0.322621
-0.318442
-0.322715
-0.324626
-0.32011
-0.319598
-0.321373
-0.321417
-0.321417
-0.317365
-0.317583
-0.321668
-0.322554
-0.316668
-0.314301
-0.320713
-0.312679
-0.288263
-0.239624
-0.189966
-0.166544
-0.134142
-0.0931517
-0.0712757
-0.0367318
-0.00333585
0.0122846
0.0289287
0.0367495
0.0284159
0.0289087
0.0289087
0.0272298
0.0243832
0.0288946
0.0281642
0.0278611
0.0281115
0.0281115
0.0326021
0.0326021
0.0255967
0.0273961
0.0282048
0.0296996
0.0296996
0.0316476
0.0287412
0.0287412
0.0298461
0.0251797
0.0298461
0.0298461
0.0332499
0.0353173
0.0314745
0.0328363
0.0327542
0.030924
0.0346125
0.0330814
0.0342838
0.029711
0.0281711
0.0322632
0.0336343
0.0301688
0.0291235
0.0346904
0.0322828
0.0310749
0.032853
0.0472594
0.0485083
0.0555407
0.0653761
0.0735076
0.075911
0.0839873
0.0895379
0.0895379
0.0966817
0.0963169
0.0963169
0.0845176
0.0946874
0.0908252
0.0884122
0.0864493
0.0804498
0.086238
0.0836628
0.0795296
0.0834858
0.0813101
0.0790288
0.0830121
0.0830121
0.0754304
0.0795032
0.0795032
0.0745
0.0749376
0.0754864
0.0729237
0.070879
0.0715161
0.0715161
0.0765254
0.0710177
0.0710177
0.0700317
0.0752828
0.0738736
0.0727258
0.0740522
0.0753177
0.0753177
0.0703506
0.0719942
0.067548
0.0661048
0.0714431
0.071377
0.071377
0.0690154
0.0705571
0.0699234
0.0698833
0.0656477
0.0646117
0.0633367
0.0609702
0.0645528
0.0592167
0.0560043
0.0548222
0.0527501
0.0550443
0.0488025
0.0517999
0.054797
0.0490781
0.0502412
0.0497423
0.0527465
0.0447261
0.0440452
0.0460605
0.0539763
0.0435456
0.0451506
0.0475682
0.0465248
0.0442352
0.0418303
0.0457976
0.0431443
0.0434978
0.0462436
0.0472827
0.0433328
0.0410269
0.0412352
0.043274
0.043274
0.0436278
0.0405442
0.0398386
0.0398386
0.0391624
0.0393296
0.0388768
0.0424527
0.0379285
0.0368587
0.0389195
0.0376216
0.0339081
0.0355613
0.0455945
0.0323271
0.0417082
0.0417082
0.0414384
0.038176
0.038176
0.0364531
0.0389019
0.0393186
0.0412076
0.0433307
0.0405399
0.0361785
0.036926
0.0385495
0.0352603
0.037601
0.0309274
0.0310086
0.0352718
0.0345471
0.0352974
0.0352974
0.031481
0.0343082
0.0337548
0.0308842
0.0365703
0.0313988
0.0311226
0.033727
0.0341627
0.0326699
0.0299993
0.0328329
0.0312361
0.0312688
0.0352224
0.0275527
0.031481
0.0312369
0.0343261
0.0302937
0.0297056
0.0297868
0.030375
0.0271875
0.0262915
0.0297525
0.0310578
0.0298337
0.0278862
0.0310414
0.0241551
0.0308308
0.0282244
0.0273907
0.0300148
0.0232949
0.0307578
0.0285828
0.0309727
0.0256498
0.0295258
0.0284071
0.0284071
0.0263239
0.019484
0.0234343
0.0241745
0.0236065
0.0231229
0.0231229
0.023284
0.024231
0.0243803
0.0245062
0.0219594
0.0262115
0.0270795
0.0245179
0.0208867
0.0217383
0.0275926
0.0218789
0.0193571
0.0258705
0.0251759
0.0219897
0.0219897
0.0206922
0.0206734
0.0223117
0.0246676
0.019581
0.0205034
0.0205034
0.018822
0.0206119
0.0223323
0.0229481
0.0136514
0.0207114
0.0207114
0.02342
0.0258834
0.0193571
0.0206024
0.0206119
0.0260709
0.0218493
0.0204608
0.0182088
0.0218002
0.0204801
0.0180641
0.0178558
0.0164916
0.0222726
0.0196954
0.0196954
0.0192225
0.0217586
0.0189821
0.0204801
0.0189373
0.0215214
0.0188395
0.020631
0.0176639
0.0179198
0.015126
0.0199091
0.0217689
0.0204513
0.0200984
0.0172881
0.0175359
0.0203901
0.0187243
0.0188572
0.0199382
0.018902
0.0160695
0.0178558
0.0175359
0.0161203
0.0175359
0.0154265
0.0190085
0.0149728
0.0159752
0.0162871
0.0168467
0.018088
0.0186627
0.0173043
0.01397
0.0163815
0.0149858
0.0140442
0.0177758
0.00820724
0.0179359
0.0173125
0.0177122
0.016367
0.0189463
0.0189463
0.0177372
0.0151653
0.0151653
0.0178722
0.0112505
0.0112505
0.0132764
0.0132764
0.0134413
0.0178889
0.0149061
0.0138219
0.0159325
0.0166436
0.0149193
0.0138277
0.0164688
0.013959
0.016092
0.0165712
0.0133559
0.0152384
0.0175857
0.014833
0.0110997
0.0127565
0.0138277
0.0151453
0.013731
0.0130557
0.0149193
0.0137656
0.0141506
0.012106
0.0133858
0.0108741
0.00906633
0.0120365
0.0117345
0.0119472
0.0119472
0.0118086
0.0121904
0.0146141
0.0146141
0.0174429
0.0120217
0.0120217
0.014687
0.0104908
0.0104908
0.012121
0.0117293
0.0097029
0.0097029
0.0122748
0.011489
0.0123493
0.0121109
0.00969631
0.00915899
0.0123493
0.0145413
0.0104029
0.0123395
0.0160996
0.0159477
0.014237
0.00915549
0.0117345
0.0133501
0.010557
0.0109369
0.0146937
0.0133617
0.0147533
0.00759479
0.0119622
0.0117191
0.0116399
0.0116552
0.0076764
0.00861315
0.00884284
0.00985357
0.0115606
0.00922778
0.01839
0.01839
0.0141575
0.0102489
0.0128851
0.00921807
0.0103194
0.0103237
0.0115656
0.0081374
0.00885369
0.00478553
0.0114967
0.0141302
0.0110431
0.0113435
0.0100821
0.0102489
0.0116605
0.00447245
0.00759479
0.0101698
0.0127443
0.0114123
0.00517677
0.00853065
0.0131352
0.0103324
0.00985795
0.0118244
0.0102446
0.00759479
0.0113435
0.00899395
0.00923115
0.0106238
0.00899737
0.0113542
0.00486206
0.00486206
0.00892184
0.0100907
0.0100779
0.00775534
0.00877102
0.00995051
0.00751591
0.0116552
0.00727178
0.0117345
0.00814381
0.00775812
0.0165118
0.011888
0.010948
0.0065778
0.00900086
0.00743976
0.0116605
0.00595861
0.00838391
0.00907991
0.010025
0.00603155
0.00790405
0.00845904
0.00650237
0.0129824
0.012891
0.00760602
0.0125979
0.00627153
0.00846656
0.0127754
0.00869207
0.00564412
0.00839156
0.0100907
0.0103194
0.00907642
0.0103507
0.00369261
0.00892539
0.00361382
0.00760027
0.0104116
0.00752138
0.00595663
0.00728771
0.00973245
0.00839548
0.0108796
0.00916256
0.00916256
0.00611403
0.00603532
0.00704864
0.00454984
0.00799231
0.0101832
0.00987148
0.00767369
0.0114443
0.00385011
0.0101742
0.00470928
0.00735824
0.00736369
0.00955564
0.0122935
0.0102446
0.00353553
0.0116399
0.00588626
0.00907991
0.00612237
0.00502648
0.00971814
0.00447364
0.010025
0.00774997
0.00603934
0.00861682
0.00861682
0.00995051
0.0125249
0.00611403
0.010104
0.0047919
0.00580545
0.00877102
0.010738
0.010738
0.00830509
0.00830509
0.0128359
0.00752712
0.00752712
0.00992826
0.00283198
0.000173526
0.0096255
0.0122998
0.00690287
0.00847042
0.00557183
0.00541699
0.00447364
0.00720611
0.00752138
0.00752138
0.00705727
0.00760602
0.00705432
0.00455342
0.00838391
0.00611601
0.00330117
0.00854165
0.00729658
0.00744253
0.00549779
0.00423949
0.00564615
0.00564615
0.0111388
0.00486415
0.0071421
0.010817
0.00854931
0.00150054
0.00150054
0.00706028
0.00900804
0.00900804
0.00744536
0.00204872
0.0140127
0.00736942
0.00236375
0.00706028
0.00870717
0.00330166
0.00455096
0.00447364
0.00220692
0.00220692
0.0110541
0.00869207
0.00612018
0.00980182
0.00478915
0.0071421
0.0071421
0.00839947
0.00713018
0.00704864
0.00760027
0.00447364
0.00886125
0.00556557
0.00698463
0.0100296
0.00298808
0.00886125
0.00713902
0.00580335
0.00432062
0.00730283
0.0100296
0.00423707
0.00440055
0.00612237
0.00714846
0.00298688
0.00964389
0.00580131
0.00580131
0.00557183
0.00580335
0.007136
0.00173597
0.00846656
0.00801366
0.00801366
0.00534312
0.00541478
0.00455342
0.0094025
0.00815514
0.00580762
0.00580762
0.010104
0.00621171
0.00822258
0.00690594
0.0083877
0.00565492
0.00659456
0.0043991
0.0053385
0.0053385
0.00314481
0.00503178
0.00447621
0.00595861
0.00572683
0.0111332
0.00463197
0.00824181
0.00408398
0.00830509
0.0029089
0.00431793
0.0043991
0.00675177
0.00525881
0.00408535
0.00393006
0.00314481
0.00400841
0.00580762
0.00244438
0.00698156
0.00815514
0.00815514
0.0043964
0.00534078
0.00902761
0.00244207
0.00698463
0.00424361
0.00689694
0.00519107
0.00440055
0.00440055
0.00948606
0.00393311
0.000562677
0.00314664
0.00275273
0.00832063
0.00981144
0.00589562
0.00455614
0.002831
0.00503936
0.00712461
0.00964865
0.00298861
0.00549329
0.00605158
0.00431793
0.00471188
0.00697856
0.00487752
0.00503424
0.00369243
0.00283257
0.00024768
0.00275318
0.00385032
0.00830887
0.00306643
0.00855724
0.00252173
0.00542162
0.00706028
0.00432207
0.00942659
0.00557634
0.00377648
0.00401146
0.0108226
0.00855724
0.00644719
0.00518387
0.00659775
0.00385323
0.00142142
0.00604364
0.00306643
0.00306697
0.00157955
0.00644719
0.0092739
0.00534553
0.0053385
0.006601
0.00573352
0.00409318
0.00409318
0.00869949
0.00869949
0.00824586
0.0073785
0.00431924
0.00785216
0.00729356
0.00550256
0.00439771
0.00322581
0.00322581
0.00682421
0.00400841
0.00181311
0.00581215
0.00596949
0.00557405
0.00385032
0.00832063
0.00291154
0.00298861
0.00935274
0.00691228
0.00447906
0.00557634
0.00103096
0.00675177
0.00675177
0.00690594
0.00816302
0.00440207
0.00675822
0.00314536
0.00682728
0.00291227
0.00393155
0.00118706
0.00118706
0.00401479
0.00448058
0.000477821
0.00173485
0.00283395
0.00534553
0.00534553
0.00557183
0.00581215
0.000321531
0.00675177
0.00558616
0.0066863
0.00691888
0.00526952
0.00165605
0.00385984
0.00668291
0.00488004
0.00488004
0.00416374
0.00706028
0.00416374
0.00440365
0.0070665
0.00935782
0.00652574
0.00385323
0.00409148
0.00416518
0.00126522
0.00416669
0.00416518
0.00416518
0.00118706
0.00675177
0.00267818
0.00275494
0.00306979
-0.000145701
0.00707298
0.00974232
0.00534312
0.00534312
0.0028356
0.00330283
0.0015778
0.00832063
0.00283257
0.00873292
0.00283257
0.0040099
0.003394
0.00463197
0.0011877
0.00361473
0.00306979
0.00440365
0.00221181
-0.00241439
-0.000150612
0.00698156
0.00550505
0.00550505
0.00550256
0.00699759
0.00699759
0.00306825
0.00478788
0.00401479
0.00283475
0.00181342
0.00385808
0.00385808
-0.0027392
0.0022077
1.24078e-05
0.00771595
0.00401479
0.00314359
0.00652574
0.00408678
0.00573352
0.0015778
0.0027537
0.00416669
0.00142151
-0.00140266
0.00503676
0.00542403
0.00346853
0.00800956
0.00588626
0.00533416
0.00472091
0.00165692
0.00252257
0.00424512
0.00236711
0.00495839
0.00103094
0.00103094
0.00408985
0.00306899
0.00306899
0.00126522
-0.000933199
0.00448217
0.00810081
-0.00132654
0.00236808
0.00840353
0.006601
0.000797118
0.0039419
0.0056597
0.00408985
-0.000147605
0.00440055
0.00840765
0.00283395
0.00142142
1.02541e-05
0.0030716
-0.00313508
0.00512595
0.00260268
0.00738489
0.00370149
-0.00124688
0.00753624
0.00291154
0.00496097
0.00314536
0.0027573
0.00165607
0.00134347
0.00542906
0.0051886
0.00267818
0.0028356
0.00416826
0.00448217
0.00448217
0.00118706
0.00283653
0.00573589
0.00142151
8.47855e-05
0.00110899
-0.00109274
-0.000540767
0.00260079
0.00126515
0.00252348
0.00354674
0.00354674
0.00535315
0.00425182
0.00543167
0.00653966
0.00527466
0.00527466
-0.0016396
0.00275566
0.00542906
0.00103096
0.00394001
0.00283198
0.00542906
0.00244277
-0.00116895
0.00126515
-0.000696406
0.00142165
0.00236621
0.00275645
0.00110899
-0.0027392
0.00103096
0.0018917
-6.96322e-05
0.00614354
0.00614354
-0.00140774
0.00259916
-0.000460899
0.00229205
0.00118706
0.0018237
0.0018237
-0.000616564
0.00661115
0.00661115
0.00480694
0.00228649
-0.00156343
0.00519107
0.00315597
-0.000226407
0.00495587
0.00291393
-0.000226407
0.00606512
0.00622919
0.00252257
0.00275566
-0.00266144
0.00393818
0.0041699
0.00472863
0.00377977
0.000253449
0.00126555
0.00370323
0.000797118
-0.000459225
0.00456947
0.00126515
0.00511517
0.00221284
0.00503676
-0.00069579
0.000797012
-0.00439101
0.00126522
-0.00171902
-0.00164282
0.00496363
0.003545
-0.00108207
0.00653256
0.00511264
0.000719039
0.00456441
0.00480172
0.00347033
0.000253042
0.00259916
0.0068336
-0.000307633
0.00362497
0.00362497
0.00354674
5.39797e-06
0.00535315
0.00512316
0.000719576
0.00291486
-0.00140611
0.00299142
0.00803073
0.00103111
-0.00140611
0.00205471
0.00480694
0.00244625
0.00064142
0.00221181
0.00221181
0.00213107
-0.000462907
0.00669328
-0.000462305
-0.00141079
0.0043516
0.00213948
0.00259916
0.00197668
-0.00313974
-0.00423258
0.0038564
0.00496635
0.0045748
0.00487752
0.00267995
0.00267995
0.0051962
0.00473695
0.00409868
0.000486521
6.04013e-06
0.00354854
0.00110917
0.00213583
0.00291486
0.00236621
-0.00038502
0.00512043
-6.96322e-05
0.00134328
0.00749817
0.0011877
0.0011877
-0.000539486
0.00174806
0.00488527
0.00488527
-0.000774739
0.00244625
0.00331584
0.00378152
-0.00116376
-0.000541308
0.00103111
0.00651289
0.00338863
0.000875265
-0.000384422
0.00244729
0.00205566
0.00205566
0.000719576
-0.00195678
0.00252257
0.00252257
0.00229096
0.00599757
0.00331975
0.00300537
0.00361995
0.00361995
-0.00258281
7.52508e-06
0.000954213
-0.000462305
0.00142151
-0.00156651
-0.00156651
0.00606512
0.00637548
0.006222
0.00213474
0.00110904
-0.00054016
-0.00054016
0.00370323
0.00386166
-0.00274174
0.00450216
-0.00101642
0.00228897
0.00205566
0.00316151
0.0038564
0.000797835
0.001591
0.00629354
0.00629354
-0.00148397
0.000952973
-0.00313974
-0.00149009
0.000954662
0.00237137
-0.000539486
0.00221181
-0.00352756
0.00244729
0.00244729
0.00259994
0.00228993
-0.00281432
0.00456238
0.000874936
0.00527466
0.00339593
0.00378522
-0.00172211
0.00182603
0.000875819
0.00134328
0.00503936
0.00331776
0.00205566
0.00457756
0.00229205
-0.00218975
0.0018207
-0.000617988
-0.000306512
0.00370323
0.00370323
0.0052016
0.00221284
0.00221181
0.00488262
0.00600131
0.000797835
0.000797835
0.00488527
0.000875089
0.00079729
0.00606867
-0.000616564
0.00228993
0.000641946
-0.00345659
-0.000464314
0.006162
-0.000308092
0.00442113
-0.00180132
0.00259723
0.00198085
0.00198085
0.000719174
0.00473134
0.00228993
0.00252348
0.00213583
-0.00242525
0.00481242
-0.000541781
0.0010313
0.00347219
0.00495587
-0.00187761
-0.000774185
0.000485879
-0.00329495
0.0036326
0.00205566
0.00213948
0.00244528
-0.00179987
0.00763733
0.00110899
0.00495839
-0.000539486
0.00393642
-0.00329264
0.00466156
0.00285333
0.00229205
-0.000462305
-0.000619145
-0.000619145
6.74916e-06
0.003394
-0.00203719
-0.000383757
0.000409568
0.00113523
0.00113523
-0.000307106
-0.000541781
8.63951e-05
0.00435462
0.00252549
0.000476938
0.00134328
-0.00407737
-0.000696955
-0.00353815
0.00244528
0.000486521
0.00118712
0.00118712
-0.00306856
0.00377977
0.000797118
0.00386961
0.00072068
0.00064274
0.00371088
-0.00038502
0.00118744
-0.00179836
-0.000463443
0.00270613
0.00244729
0.00244729
-0.000385551
0.000720245
0.00175065
0.00362323
0.000719576
0.000719341
-0.00038502
0.00362865
-0.000619623
0.00512881
0.00197971
0.00229096
-0.00054016
0.000953268
-0.0006186
0.00458329
-0.00226876
-0.00258397
-0.000774739
0.000719341
0.00293134
-0.000774739
0.00190169
0.00190169
-0.00471365
0.00495839
-0.00605255
-0.00203845
-0.00085406
-0.00203845
-0.00227481
-0.00061731
0.00110994
0.00309173
-0.00313974
0.00466453
0.00489361
0.00064231
0.00504753
-0.000384422
0.00221284
-0.00425154
-0.000697438
-0.000619145
-0.00211212
0.00198206
0.00236911
-0.000774739
-0.00337693
-0.00250754
-0.00195817
-0.00195817
0.00300734
-0.00732359
-0.00180402
-0.000464314
-0.000619145
0.00229322
0.00229322
0.000408668
0.00197971
0.000952973
-7.19736e-05
0.000720245
-0.000230142
-0.00203586
0.00064142
-0.000542188
0.00497199
-0.000930223
-0.00620319
-0.000462305
0.0050563
-0.00195817
0.000719877
-0.00100923
-0.00338108
0.00126555
-0.00179836
-0.000619145
-0.000852986
0.00339792
-0.000382227
0.00189961
-0.00425154
0.00339792
0.00237261
0.00159913
-0.00203719
0.00213583
-0.0006186
0.000719877
0.00466757
-0.000695106
0.000719174
0.000564043
0.000564043
-0.00157061
-0.00558817
0.000797529
-0.00471668
0.000798207
0.0013443
-0.000151713
-0.000541781
-0.000307633
-0.00306209
-7.37132e-05
0.00378919
-0.00164432
-0.00117554
0.00214084
0.0036326
0.000875819
-0.00149146
0.0030854
-0.000386413
0.00260484
0.00260484
-0.00386022
0.00332612
0.00165629
0.00165629
-0.00157184
0.00198609
0.00229096
0.000953268
0.00237137
-0.000150612
0.00103323
-0.000464314
-0.000464314
0.00236911
0.00221508
0.00229205
-0.000229687
0.000564043
-0.000308485
-0.00148716
-0.000308092
0.00458929
-0.000308092
0.00379564
-0.00337693
-0.00141609
-0.000464314
-0.00188177
-0.00322175
-0.000464649
0.00134517
-0.000853411
0.000954213
-0.000464918
-0.00315021
-0.00219376
0.00268198
-0.000931807
0.00103323
0.00317208
-0.00156651
-0.00242775
-0.00345659
-0.00660829
-0.00329719
-0.000698485
-0.00503494
-0.000462305
0.00221631
-0.00471963
-0.000308092
-0.000308092
-0.00322175
-0.00433493
-0.000775226
-0.00180645
0.0024508
-0.000697854
-0.00628826
-0.00376653
0.00520727
-0.000620379
-0.000151713
0.00229096
0.000720245
-0.00211485
-0.00211485
0.00490256
-0.00149275
-0.00306856
-0.00472534
0.000798647
-0.00291108
-0.00054016
0.0025266
-0.00235133
0.00229574
-0.000308485
-0.00227259
-0.00479108
-0.000383757
-0.000620034
0.00182863
-0.000308092
-0.000462907
0.00385808
-0.000228576
-0.00282899
-0.00440062
-0.000774739
-0.000464314
-0.00487736
-0.000464649
-0.00425154
-0.000464314
0.00103226
-0.00322785
-0.00164432
-0.00038502
-0.000386744
-0.00258609
0.00458929
-0.00172749
-0.00164576
0.000410119
-0.00566563
-0.00566563
0.00332393
-0.00219611
-0.00219611
-0.00203586
0.00221508
-0.00180527
-0.00180527
0.000720245
-0.000386744
0.0039419
-0.00195817
-0.000464649
0.00126655
-0.000542188
-0.000308092
-0.00141358
0.000721751
-0.00172624
-0.0018027
-0.000228576
-0.00235133
-0.00250529
0.00159761
0.00159761
0.00237261
0.00301589
0.000487986
-0.00471668
-0.00605255
-0.00606395
-0.00306856
-0.000776286
-0.000774185
-0.000541308
-0.0024289
-0.00535227
0.000489297
0.00504753
-0.00368908
-0.00196075
-0.000541781
0.00118744
-0.00432307
-0.00314622
-0.00733267
-0.00219611
-0.00227373
0.000797835
-0.00321959
-0.00283334
-0.000698203
-0.00354007
0.000408668
0.000875819
-0.00196511
0.00167137
0.00474587
-0.00345448
-0.00329936
-0.000542188
0.00167409
-0.000229165
-0.00463922
0.000877152
-0.00337904
-0.00479706
0.00237137
-0.00227259
-0.000698485
-0.00480278
-0.00307058
-0.00314413
-0.00472534
0.00142213
-0.000697854
-0.00188045
0.00197863
0.000720245
-0.00211612
0.000410119
-0.00298664
0.00214225
-0.00361758
0.000876197
0.000486521
0.00637548
-0.00764142
-0.00314825
0.0020589
0.000799727
-0.00345659
-0.00352981
0.0021382
-0.00353412
0.000720245
-0.00243196
-0.00131982
-0.00502622
0.00151825
-0.00196075
-0.00384601
-0.00211732
-0.00180645
0.000799727
-0.00212052
-0.00180132
-0.00180132
-0.00646113
0.00198609
-0.00172356
0.0021382
-0.00298879
-0.00172624
0.00182603
-0.0025104
-0.00164844
-0.00353412
0.000253042
-0.000541308
-0.00518957
-0.00306647
-0.00227011
0.00355235
-0.00330547
0.000877152
-0.00314196
-0.00338108
0.000797835
-0.000542188
2.06614e-05
-0.00329719
-0.000698203
-0.00756427
0.000798207
-0.00235525
0.00213583
-0.00164576
-0.00164844
-0.00108654
0.000332278
0.00301148
-0.00196194
-0.000854442
-0.000931512
-0.00203845
-0.000620379
-0.00472534
-0.00235133
-0.000932036
-0.00322175
0.00183003
0.00183003
0.000878375
0.000486943
-0.00187761
-0.00139772
-0.00235133
-0.00266628
-0.00511227
0.00064165
-0.00384801
-0.00180645
-0.003532
0.00316349
-0.00124252
-0.00448423
-0.00369313
0.000489297
0.00206011
-0.00968412
-0.00203964
-0.00101003
-0.00101003
-0.00196075
-0.00306647
-0.0044125
-0.00329936
-0.00321506
-0.00219611
-0.000620034
-0.00612191
-0.00724171
-0.00392922
-0.00432307
0.00324366
-0.00180527
-0.00282334
-0.000386413
0.000565321
-0.00298664
0.000643802
0.00363682
-0.000464649
-0.00386022
0.00103226
0.000410119
-0.000854284
0.00221631
-0.00188045
0.000563751
-0.00211845
0.00198609
-0.00180402
-0.00180402
-0.00392922
-0.000698203
-0.00377252
0.00103271
0.000332891
-0.00747335
-0.00131943
-0.00131943
-0.00211952
-0.00361367
-0.00354007
0.00221895
-0.00337904
0.000722386
-0.00329936
0.00103226
-0.00227481
0.0005672
0.0005672
0.000253449
-0.00487736
-0.00487736
-0.00219611
-0.000620379
-0.00607122
-0.00330146
0.00183003
-0.00432307
-0.00432307
-0.00219497
-0.00180527
-0.00258397
-0.00100923
0.00339998
-0.00488019
-0.00488019
0.000721182
-0.00139772
-0.00196075
-0.00361566
-0.00132069
-0.00196075
-0.00196075
0.000410119
-0.00108692
-0.00621856
-0.00606762
-0.000463443
-0.001565
-0.00139834
-0.00243366
-0.00439428
-0.00439428
0.000253924
-0.00431768
-0.00124311
-0.00612591
0.00198085
0.000410736
-0.00147586
-0.00551185
-0.00431674
-0.00471963
-0.00243101
-0.00794973
-0.00188045
-0.000228576
-0.00330737
-0.00289944
0.000178691
0.000487986
-0.00180132
-0.00242999
0.0037151
0.0044359
-0.00235133
-0.00377252
-0.00235241
-0.00346062
-0.00488565
-0.00488565
-0.00132039
-0.00274003
0.00221631
0.000487431
-0.00764142
-0.00108654
-0.00100993
-0.000541781
0.00190664
0.00190664
0.000489297
-0.00519236
-0.00345659
-0.00227373
-0.00353815
-0.0024289
-0.00139798
-0.00116534
-0.00147528
-0.003532
0.0018273
-0.00211732
0.000643802
0.00198468
-0.00464217
-0.000619623
-0.00188421
0.000799153
-0.00219611
-0.00353412
-0.00100953
-0.00235525
0.0040581
-0.00165085
-0.00384394
-0.00124252
-0.00124252
-0.00472809
-0.00258506
-0.000775226
-0.00235241
-0.000931807
-0.00465062
-0.00227373
-0.00488295
-0.00629207
0.00213948
-0.00479995
-0.00385702
-0.00361367
-0.00479995
0.000486943
0.00056588
-0.00196412
-0.00526964
0.00072068
-0.00250529
-0.00250407
-0.00212052
-0.000931807
-0.00227582
0.00175504
0.00198609
0.000487986
-0.00124311
-0.00211732
-0.00203845
0.000256491
0.000490052
-0.00172624
-0.00456468
-0.00487736
-0.00211952
0.00198757
0.000332278
-0.000853411
-0.00495758
0.000255074
0.000489297
-0.0035437
-0.00322175
-0.00235342
-0.00313974
-0.00313974
-0.00211845
-0.0046362
-0.00409384
0.000331732
-0.00330737
0.00152795
0.00152795
-0.00756873
-0.00243101
-0.00242654
-0.00614494
-0.00116543
-0.00211352
-0.00242775
0.000334318
-0.000230142
-0.000230142
-0.000211262
-0.00408752
-0.00321959
-0.00147522
-0.00488019
-0.00314413
-0.0058355
0.00175205
-0.000854532
-0.00456468
0.00271595
-0.00266545
-0.00258619
-0.000932036
-0.000542528
0.00206416
0.00175504
-0.000776506
-0.00211485
-0.0024289
-0.00542685
0.0040515
0.00302301
-0.0024289
-0.0024289
0.00182603
-0.00527759
-0.00694398
-0.00894342
-0.00390793
-0.00822656
-0.0114988
-0.0153258
-0.0163169
-0.0135767
-0.0147996
-0.0165548
-0.0170812
-0.0170812
-0.01488
-0.0135044
-0.0124405
-0.0153481
-0.0106934
-0.0121362
-0.0151207
-0.0122177
-0.00840303
-0.0111525
-0.0133665
-0.0194207
-0.00672211
-0.0109256
-0.0110795
-0.0113824
-0.0113808
-0.0165856
-0.0111614
-0.0139908
-0.0139908
-0.0141456
-0.0141486
-0.0152171
-0.0127648
-0.0129291
-0.0102388
-0.0102388
-0.0126172
-0.0140635
-0.0114645
-0.0118471
-0.0126932
-0.00993488
-0.0100114
-0.0155356
-0.014379
-0.0116226
-0.0114671
-0.0203747
-0.0142274
-0.0142386
-0.0159139
-0.0129272
-0.0129272
-0.0111614
-0.0101635
-0.0126213
-0.012931
-0.0143089
-0.0126193
-0.0113934
-0.0142303
-0.015687
-0.0100865
-0.00740034
-0.0153119
-0.0172279
-0.0169167
-0.00900953
-0.0090102
-0.0145305
-0.0159139
-0.0087831
-0.0142303
-0.0117735
-0.0157663
-0.0147715
-0.0119254
-0.0127753
-0.0119294
-0.0100876
-0.0120013
-0.0117746
-0.01416
-0.0143117
-0.00862999
-0.0128532
-0.0100878
-0.0100878
-0.0113172
-0.0130087
-0.0130087
-0.012855
-0.0099356
-0.0197605
-0.0153877
-0.0140814
-0.0153803
-0.0138479
-0.0188519
-0.0165337
-0.0171654
-0.0129252
-0.0124731
-0.019138
-0.019138
-0.0126953
-0.013859
-0.013859
-0.0158561
-0.01124
-0.00985931
-0.00985931
-0.0127692
-0.0113934
-0.00870286
-0.016467
-0.0113954
-0.0165515
-0.0165515
-0.0140027
-0.0150084
-0.0150084
-0.01416
-0.00694282
-0.0150769
-0.0135467
-0.0112421
-0.0124712
-0.012931
-0.0121646
-0.0143144
-0.0140027
-0.00840136
-0.0169968
-0.0143061
-0.0113954
-0.0144633
-0.0145417
-0.0167608
-0.00840085
-0.0111638
-0.0132363
-0.0154706
-0.0110135
-0.0154671
-0.0110876
-0.0170013
-0.0143954
-0.0133917
-0.0124749
-0.0138563
-0.0197605
-0.0113183
-0.0154741
-0.0113183
-0.0113183
-0.0169343
-0.0123951
-0.0127031
-0.0100118
-0.00985862
-0.0114715
-0.0138508
-0.0149213
-0.0123931
-0.0123931
-0.0107847
-0.0151638
-0.0151638
-0.0150047
-0.0167699
-0.0162305
-0.013845
-0.00940018
-0.012931
-0.014466
-0.0118506
-0.0164533
-0.0101642
-0.0127031
-0.0126252
-0.0170768
-0.0150879
-0.00978233
-0.0140786
-0.0140055
-0.0180818
-0.0128532
-0.0142359
-0.0144605
-0.00855307
-0.0127791
-0.0158456
-0.0158456
-0.015384
-0.0100118
-0.0155428
-0.0128473
-0.0118534
-0.0115466
-0.00970602
-0.0157663
-0.015615
-0.0143875
-0.0173078
-0.0127733
-0.0142359
-0.0142359
-0.0083973
-0.013842
-0.0127012
-0.0116996
-0.00993537
-0.0167515
-0.01124
-0.0123129
-0.0126993
-0.00993516
-0.015687
-0.0158383
-0.0100873
-0.0144605
-0.0100114
-0.015615
-0.0128532
-0.0114705
-0.0102399
-0.0195218
-0.0157663
-0.0111638
-0.0102404
-0.0132345
-0.0129252
-0.0185348
-0.0116254
-0.0128532
-0.00993537
-0.0156832
-0.0113172
-0.0153007
-0.0118506
-0.0160724
-0.0158456
-0.0115455
-0.0126993
-0.0128493
-0.0110114
-0.00832538
-0.00955299
-0.0124692
-0.0114724
-0.0194588
-0.0154635
-0.0155464
-0.01124
-0.0129345
-0.013935
-0.0142359
-0.012389
-0.0126252
-0.00985931
-0.0113172
-0.0115432
-0.0126172
-0.0132381
-0.0100873
-0.014379
-0.00601392
-0.0127772
-0.0127772
-0.0138508
-0.00970569
-0.0126953
-0.013077
-0.0140786
-0.0115494
-0.00962896
-0.0139998
-0.0154671
-0.0113934
-0.0153007
-0.00947621
-0.00985787
-0.0142303
-0.014092
-0.0113193
-0.0110839
-0.0113172
-0.0110114
-0.00993488
-0.0156907
-0.0115455
-0.013845
-0.00939884
-0.0113172
-0.00602304
-0.0139998
-0.0126213
-0.0141627
-0.0112411
-0.0168318
-0.0124712
-0.0122388
-0.0154598
-0.0111614
-0.0168456
-0.0124672
-0.0108577
-0.00978281
-0.0130012
-0.0130012
-0.0112441
-0.015319
-0.0127692
-0.0123189
-0.0107802
-0.0110876
-0.0110876
-0.00970602
-0.0166942
-0.0127753
-0.00817199
-0.0123189
-0.0140082
-0.0140082
-0.0129291
-0.0153007
-0.0112388
-0.0126213
-0.00832493
-0.0140814
-0.0142386
-0.0109327
-0.0143032
-0.0156832
-0.0111649
-0.0131529
-0.015384
-0.00947692
-0.00947692
-0.0101642
-0.0165427
-0.0142244
-0.0143819
-0.0143819
-0.0116226
-0.0113922
-0.0139239
-0.0139998
-0.0127772
-0.0126233
-0.00970628
-0.00970628
-0.0110114
-0.0125412
-0.0126993
-0.0102404
-0.0111626
-0.0111626
-0.0149973
