-0.0353663
-0.0339795
-0.0353628
-0.0352648
-0.0331741
-0.0374717
-0.0316891
-0.0351838
-0.0340808
-0.0330761
-0.0329814
-0.0297307
-0.0370391
-0.0366583
-0.0329748
-0.0341755
-0.0332622
-0.0361792
-0.0371298
-0.0313061
-0.0387568
-0.0338814
-0.034645
-0.0381276
-0.0379356
-0.0294941
-0.0344524
-0.0313589
-0.0327785
-0.030498
-0.0366548
-0.0337867
-0.0352751
-0.0319704
-0.0365604
-0.0338848
-0.0366512
-0.0342734
-0.0333603
-0.0318789
-0.0356566
-0.0371334
-0.0368505
-0.0297855
-0.0357405
-0.0339795
-0.0374717
-0.0352816
-0.0352751
-0.0329781
-0.0338881
-0.0336069
-0.0345573
-0.0327917
-0.0374785
-0.0338848
-0.036738
-0.0330793
-0.0341788
-0.0388582
-0.029396
-0.0367418
-0.0317903
-0.0389488
-0.0403347
-0.0343614
-0.0338814
-0.0356566
-0.0342634
-0.0388509
-0.0340808
-0.0314011
-0.0327852
-0.0293038
-0.0337934
-0.0331676
-0.0328766
-0.0378559
-0.0341788
-0.0341755
-0.0340841
-0.0351772
-0.0349777
-0.031591
-0.0322709
-0.0346584
-0.0368398
-0.0364625
-0.0355621
-0.0362771
-0.0320617
-0.0315023
-0.0314961
-0.0322159
-0.0359467
-0.030973
-0.0390501
-0.0356497
-0.035801
-0.0356566
-0.0318756
-0.0354676
-0.0333699
-0.03489
-0.0301084
-0.0314992
-0.0368434
-0.0318852
-0.0338814
-0.031774
-0.0354642
-0.0353628
-0.0335939
-0.0363716
-0.035187
-0.0331741
-0.0346484
-0.0330728
-0.0353763
-0.0353763
-0.0350722
-0.0326904
-0.0364728
-0.0353697
-0.0349846
-0.0376603
-0.0355553
-0.0371334
-0.0312111
-0.0329781
-0.0343614
-0.0353592
-0.0328865
-0.0349913
-0.0345573
-0.0330728
-0.0343579
-0.0362805
-0.0368434
-0.0345573
-0.0339829
-0.0356532
-0.0331676
-0.0343507
-0.0326837
-0.0379467
-0.0379467
-0.0326968
-0.032605
-0.037653
-0.0362628
-0.0331131
-0.0360881
-0.0360881
-0.0365673
-0.0382364
-0.0382364
-0.0374645
-0.0383798
-0.0358922
-0.0350826
-0.0332656
-0.0339861
-0.0378524
-0.0363681
-0.0317872
-0.034988
-0.0348019
-0.0337966
-0.032605
-0.0326937
-0.0339795
-0.0337901
-0.03489
-0.0390391
-0.0398495
-0.0359328
-0.0369413
-0.0378488
-0.0378488
-0.031784
-0.0352683
-0.031116
-0.0329748
-0.0339893
-0.0345505
-0.0345505
-0.0317808
-0.0356566
-0.0341653
-0.0390429
-0.0370905
-0.0327885
-0.034645
-0.0390429
-0.0355517
-0.0382328
-0.0344594
-0.0339954
-0.0312111
-0.0368572
-0.0304029
-0.041431
-0.0325923
-0.0354573
-0.0326904
-0.0309698
-0.034988
-0.0335973
-0.0331709
-0.0353663
-0.0310178
-0.0342702
-0.0357441
-0.0354676
-0.0353663
-0.035373
-0.0338814
-0.0338848
-0.0323993
-0.0333603
-0.0364589
-0.0328865
-0.0335562
-0.0343579
-0.0350262
-0.0331676
-0.035373
-0.0341688
-0.0354642
-0.0367527
-0.0334515
-0.0344559
-0.0317872
-0.0364625
-0.032173
-0.0353663
-0.0318756
-0.0337867
-0.0325956
-0.0366617
-0.0330761
-0.0337934
-0.0337901
-0.0361792
-0.0358887
-0.033692
-0.0378452
-0.0349812
-0.0363645
-0.0348866
-0.0355517
-0.0356461
-0.0351772
-0.0319737
-0.0343579
-0.0333668
-0.0391443
-0.0354608
-0.0300069
-0.0364728
-0.0325855
-0.0354608
-0.0354608
-0.0345638
-0.0354573
-0.0343614
-0.0303968
-0.0337934
-0.0338881
-0.0342702
-0.0372829
-0.0337018
-0.0329781
-0.0365569
-0.0353697
-0.0381422
-0.0354608
-0.0357476
-0.0358887
-0.0374608
-0.0357511
-0.0317808
-0.0338779
-0.037765
-0.037765
-0.0386732
-0.0327852
-0.0331676
-0.0372312
-0.0348866
-0.032301
-0.032301
-0.0353663
-0.0328928
-0.0336006
-0.0330761
-0.0362737
-0.0334991
-0.0337934
-0.0376638
-0.0347039
-0.0363645
-0.034466
-0.0338881
-0.0339829
-0.0339829
-0.0343713
-0.0314011
-0.0377616
-0.0348966
-0.0330728
-0.0362737
-0.03059
-0.0329781
-0.0365639
-0.0362665
-0.0362771
-0.0339829
-0.0315844
-0.0364728
-0.0346059
-0.0312111
-0.0352784
-0.0332656
-0.0328897
-0.0340872
-0.03489
-0.0337867
-0.0336986
-0.0352784
-0.0359433
-0.036847
-0.0339795
-0.0374717
-0.0327029
-0.0327819
-0.0326937
-0.0365639
-0.0344559
-0.0317808
-0.0340742
-0.0388546
-0.031918
-0.0316954
-0.0349741
-0.0314992
-0.0360411
-0.034785
-0.0343681
-0.0347007
-0.0336038
-0.0328732
-0.034988
-0.0329845
-0.0329781
-0.0338848
-0.0356599
-0.0305931
-0.0340775
-0.0343713
-0.0295893
-0.0301145
-0.0313061
-0.0305961
-0.0315082
-0.031119
-0.0318357
-0.0309372
-0.0334044
-0.0291104
-0.0291104
-0.0325923
-0.0353697
-0.0301115
-0.0343775
-0.0339861
-0.0339795
-0.0341755
-0.0374751
-0.0366617
-0.0354676
-0.0301019
-0.0347986
-0.0362628
-0.0362628
-0.0351806
-0.0339829
-0.0321666
-0.0360847
-0.0350758
-0.0308781
-0.0338848
-0.0366548
-0.0327852
-0.0356566
-0.0330793
-0.0322646
-0.0329748
-0.0354537
-0.034466
-0.036847
-0.0327885
-0.0341755
-0.031977
-0.0298744
-0.037566
-0.0360978
-0.0342598
-0.0342598
-0.0353628
-0.032075
-0.0339761
-0.0346552
-0.0338814
-0.0342634
-0.0323658
-0.0342668
-0.0304029
-0.032075
-0.0329814
-0.0339829
-0.0304886
-0.0304886
-0.0380372
-0.0326871
-0.0341755
-0.0352683
-0.0346584
-0.0338945
-0.0341819
-0.0353628
-0.0331709
-0.0375624
-0.030501
-0.0353628
-0.0364695
-0.0356599
-0.0362805
-0.0368398
-0.0365639
-0.0350826
-0.037566
-0.0340742
-0.0379467
-0.036934
-0.0318789
-0.0342734
-0.0320652
-0.0315942
-0.0327885
-0.0332782
-0.0332782
-0.0355621
-0.0343579
-0.0345011
-0.0363645
-0.0364552
-0.0364552
-0.0347429
-0.0362665
-0.0294847
-0.0341688
-0.0366583
-0.031784
-0.031784
-0.0378559
-0.0329781
-0.0333569
-0.0333569
-0.0327978
-0.0318821
-0.0318756
-0.0352848
-0.0348539
-0.0365495
-0.0336886
-0.039419
-0.0341653
-0.0343648
-0.0364728
-0.0318821
-0.0329814
-0.0326968
-0.0360847
-0.0360847
-0.0347986
-0.0367418
-0.0338814
-0.0327819
-0.0323993
-0.0340775
-0.0413372
-0.0295
-0.0328766
-0.0374681
-0.0314073
-0.0312111
-0.0338814
-0.034988
-0.0339829
-0.0310178
-0.0368539
-0.0374645
-0.0352751
-0.0364625
-0.0325039
-0.0401503
-0.0303968
-0.0376739
-0.034785
-0.0327819
-0.0364793
-0.0362737
-0.0341819
-0.0350892
-0.0335058
-0.0312111
-0.0294418
-0.037094
-0.0365639
-0.0338779
-0.0350826
-0.0341755
-0.0335973
-0.0352718
-0.0329876
-0.034988
-0.0322159
-0.0317903
-0.0337833
-0.0346026
-0.0350792
-0.0342734
-0.0345992
-0.0329845
-0.0361355
-0.0340775
-0.03489
-0.03489
-0.0370871
-0.0336006
-0.0328865
-0.0328865
-0.0350826
-0.0376603
-0.0376603
-0.0357096
-0.0349913
-0.0352784
-0.0388472
-0.0329814
-0.0345573
-0.0345573
-0.0346518
-0.0323077
-0.0308842
-0.0344627
-0.0349846
-0.0353628
-0.0353628
-0.036466
-0.0333128
-0.0348997
-0.0351738
-0.037566
-0.0354676
-0.0335973
-0.034988
-0.0376638
-0.0390501
-0.0359867
-0.0326837
-0.0368398
-0.0376603
-0.0321698
-0.0402443
-0.0374608
-0.0311129
-0.0327885
-0.0362737
-0.0388546
-0.0355587
-0.0326937
-0.0360881
-0.0387604
-0.0348966
-0.0365569
-0.0328766
-0.0374681
-0.0358887
-0.0358887
-0.0372863
-0.0337079
-0.0358887
-0.0361792
-0.0360777
-0.0299181
-0.0382855
-0.0347102
-0.034988
-0.034988
-0.0369049
-0.0325007
-0.0339829
-0.0338848
-0.0336954
-0.0340775
-0.0335025
-0.0326904
-0.0346092
-0.0346092
-0.0362737
-0.0350758
-0.0339861
-0.036375
-0.0370905
-0.0370798
-0.0322127
-0.0373773
-0.0362701
-0.0327917
-0.0352683
-0.0378627
-0.0526601
-0.046301
-0.0433584
-0.0462076
-0.0462076
-0.0439246
-0.0451028
-0.044452
-0.0574408
-0.0773835
-0.0852183
-0.103058
-0.112093
-0.133844
-0.15428
-0.171151
-0.160613
-0.150435
-0.150435
-0.102403
-0.0967568
-0.119085
-0.109873
-0.106535
-0.103254
-0.0796196
-0.0959759
-0.102971
-0.112888
-0.117575
-0.106615
-0.107469
-0.0996556
-0.0954126
-0.100316
-0.100007
-0.108014
-0.103045
-0.102855
-0.0996422
-0.0982577
-0.105238
-0.103678
-0.103402
-0.0951475
-0.09603
-0.0954126
-0.0923206
-0.0945911
-0.0997436
-0.100014
-0.0978825
-0.0974421
-0.0959562
-0.0971509
-0.101776
-0.0998988
-0.0984473
-0.0986096
-0.101377
-0.0937568
-0.101485
-0.100088
-0.103395
-0.106067
-0.103955
-0.0999936
-0.0978892
-0.0953178
-0.0972391
-0.0958679
-0.0990966
-0.0979637
-0.0984406
-0.0923848
-0.0973473
-0.0970761
-0.098183
-0.0993715
-0.099797
-0.0992087
-0.0955079
-0.101147
-0.104166
-0.100668
-0.0999194
-0.0995609
-0.0970761
-0.102403
-0.0996422
-0.0946796
-0.100014
-0.0964304
-0.0987248
-0.0966003
-0.098914
-0.0973473
-0.0994662
-0.112417
-0.107651
-0.114085
-0.128645
-0.130051
-0.119955
-0.129909
-0.131766
-0.131546
-0.126133
-0.126021
-0.126021
-0.132995
-0.127932
-0.127932
-0.129128
-0.136375
-0.134497
-0.131814
-0.133292
-0.133488
-0.13631
-0.13346
-0.131078
-0.133132
-0.13347
-0.133573
-0.13247
-0.135096
-0.138347
-0.135703
-0.136703
-0.133563
-0.13546
-0.133835
-0.13023
-0.137132
-0.13151
-0.13559
-0.133545
-0.133301
-0.137151
-0.132274
-0.134834
-0.130956
-0.133292
-0.132358
-0.171038
-0.188129
-0.172711
-0.201083
-0.211393
-0.195538
-0.183901
-0.182574
-0.20483
-0.205624
-0.207759
-0.202848
-0.200608
-0.20429
-0.20567
-0.209183
-0.198951
-0.197445
-0.200899
-0.203877
-0.206745
-0.207957
-0.208682
-0.207347
-0.205227
-0.205227
-0.205563
-0.204565
-0.203353
-0.204458
-0.210035
-0.206811
-0.212685
-0.211443
-0.205189
-0.203266
-0.20342
-0.202902
-0.201845
-0.199818
-0.201167
-0.2006
-0.195035
-0.198404
-0.199832
-0.198664
-0.198636
-0.19635
-0.197167
-0.198691
-0.197272
-0.195309
-0.155378
-0.167462
-0.136656
-0.122152
-0.122221
-0.110074
-0.110626
-0.113918
-0.107953
-0.101901
-0.105587
-0.100384
-0.108245
-0.103569
-0.107874
-0.104962
-0.0997898
-0.0972991
-0.0936351
-0.0940067
-0.0988756
-0.100444
-0.0971302
-0.0922703
-0.0931928
-0.0904278
-0.0932745
-0.0921478
-0.0942718
-0.0941157
-0.0903256
-0.092073
-0.0930908
-0.0909804
-0.0940951
-0.0932813
-0.0943878
-0.094748
-0.0955404
-0.0955404
-0.0944693
-0.0942788
-0.092716
-0.0949177
-0.0952704
-0.0952704
-0.094381
-0.0934514
-0.0980249
-0.0977384
-0.098208
-0.0895882
-0.0912464
-0.0944693
-0.0958406
-0.0918204
-0.0923386
-0.092073
-0.0937166
-0.0907896
-0.091335
-0.091335
-0.0978417
-0.0920864
-0.0936142
-0.0942788
-0.0970351
-0.0925224
-0.0907009
-0.0955548
-0.0943878
-0.089506
-0.0969471
-0.0954737
-0.0925224
-0.0893971
-0.095643
-0.0938971
-0.0955548
-0.0921616
-0.0931584
-0.0887558
-0.0927945
-0.0899432
-0.0966612
-0.0942857
-0.0966615
-0.0929954
-0.0940951
-0.100092
-0.0920798
-0.0951205
-0.0945577
-0.0914587
-0.092073
-0.0979659
-0.0931861
-0.0908578
-0.0920108
-0.0938158
-0.0904212
-0.0928317
-0.0920662
-0.0952972
-0.0971372
-0.0906252
-0.0929885
-0.0905233
-0.0907829
-0.0903323
-0.0941835
-0.0869379
-0.0904076
-0.0942788
-0.0941089
-0.0981559
-0.0965805
-0.0919911
-0.0907009
-0.0956711
-0.098802
-0.0942041
-0.0885845
-0.0929137
-0.0945508
-0.0906942
-0.0921616
-0.0919707
-0.0935329
-0.091335
-0.090154
-0.0920864
-0.09639
-0.09639
-0.0884001
-0.0940951
-0.0923589
-0.0945508
-0.0920864
-0.0907963
-0.0942788
-0.0982226
-0.0982226
-0.0965876
-0.0959357
-0.0959357
-0.0904344
-0.0920798
-0.0972183
-0.0919911
-0.0932745
-0.0907075
-0.0955828
-0.0928115
-0.093363
-0.0906874
-0.094102
-0.0928251
-0.0955828
-0.0907075
-0.0930156
-0.0910557
-0.0903323
-0.0913699
-0.0915276
-0.0974893
-0.0984337
-0.0959628
-0.0942806
-0.0979772
-0.0990086
-0.0990155
-0.101169
-0.0941812
-0.0864558
-0.0899457
-0.0981159
-0.0980042
-0.0983861
-0.0925201
-0.0940728
-0.0934431
-0.0905891
-0.0938018
-0.0926243
-0.101328
-0.0978272
-0.0968435
-0.0955521
-0.0940834
-0.0954531
-0.0987555
-0.100206
-0.0965295
-0.0902126
-0.0941614
-0.0915099
-0.0943438
-0.0987666
-0.0987499
-0.0925148
-0.0963699
-0.0881099
-0.093431
-0.0961931
-0.0947127
-0.0952762
-0.0968167
-0.102416
-0.107909
-0.110404
-0.0996579
-0.11345
-0.104175
-0.108653
-0.109592
-0.101422
-0.101866
-0.0994876
-0.0999427
-0.106461
-0.101773
-0.107566
-0.101697
-0.104889
-0.106362
-0.106461
-0.104743
-0.104804
-0.102609
-0.10681
-0.108014
-0.110293
-0.115451
-0.10487
-0.107118
-0.103509
-0.109579
-0.111971
-0.107803
-0.101586
-0.101586
-0.108473
-0.108473
-0.111132
-0.106729
-0.105431
-0.105088
-0.103977
-0.103451
-0.106536
-0.108573
-0.109392
-0.105807
-0.105813
-0.0994735
-0.105083
-0.101608
-0.100118
-0.105794
-0.106739
-0.109733
-0.104152
-0.0988321
-0.102741
-0.0975398
-0.100019
-0.102748
-0.103147
-0.103147
-0.0997371
-0.0972516
-0.0982622
-0.09808
-0.10294
-0.0955235
-0.0970815
-0.0905616
-0.0957823
-0.0957823
-0.0887204
-0.0913717
-0.0862513
-0.0870765
-0.0848797
-0.0837657
-0.0845023
-0.0793598
-0.0850532
-0.082947
-0.0802925
-0.0782593
-0.0794578
-0.0750459
-0.0786348
-0.0779838
-0.0831959
-0.0771562
-0.0771562
-0.073853
-0.0733084
-0.0762388
-0.0774268
-0.071644
-0.070547
-0.071367
-0.0669697
-0.0706283
-0.0672323
-0.0685122
-0.067506
-0.058155
-0.0624547
-0.0657558
-0.0629974
-0.0665046
-0.0704345
-0.0641189
-0.0617291
-0.0655032
-0.0599844
-0.0673236
-0.0570545
-0.0590594
-0.0603605
-0.0522413
-0.0567776
-0.0590594
-0.0574853
-0.0557336
-0.0485712
-0.0525312
-0.0532415
-0.0570157
-0.0507688
-0.0511407
-0.0557336
-0.0508618
-0.0546244
-0.0510439
-0.0519469
-0.0540025
-0.0505088
-0.0512412
-0.0563079
-0.0600599
-0.0628465
-0.0715803
-0.0830517
-0.0928957
-0.0963807
-0.0820543
-0.0783643
-0.0751597
-0.0857249
-0.0871288
-0.0812426
-0.0770165
-0.076383
-0.0785952
-0.0780351
-0.0782071
-0.0748094
-0.0776574
-0.0747272
-0.0783873
-0.076021
-0.0758241
-0.0706946
-0.0704178
-0.0752732
-0.0744555
-0.0725259
-0.0745539
-0.0721666
-0.0659091
-0.0741797
-0.0700528
-0.0756307
-0.066644
-0.0720643
-0.0719774
-0.0698593
-0.072715
-0.0679312
-0.070774
-0.0681174
-0.0681211
-0.0769414
-0.0768308
-0.0729717
-0.0687705
-0.0708803
-0.0780351
-0.0738917
-0.0769335
-0.0694915
-0.0818033
-0.0802459
-0.0770318
-0.0780589
-0.0749122
-0.0895125
-0.0812492
-0.0865498
-0.0808772
-0.0806113
-0.0875799
-0.0752819
-0.0887577
-0.0698593
-0.0814225
-0.0722575
-0.0842637
-0.0850062
-0.0828837
-0.0923256
-0.0871917
-0.0932359
-0.0885795
-0.108716
-0.127154
-0.120828
-0.107809
-0.100485
-0.113504
-0.141762
-0.197989
-0.223563
-0.226537
-0.223821
-0.236492
-0.237567
-0.231406
-0.226521
-0.232748
-0.236981
-0.230117
-0.231712
-0.233475
-0.229131
-0.227673
-0.224692
-0.221068
-0.222652
-0.220967
-0.226309
-0.226808
-0.228173
-0.227122
-0.234052
-0.231956
-0.229832
-0.231546
-0.23225
-0.23495
-0.232433
-0.232773
-0.233889
-0.238874
-0.235243
-0.237448
-0.236505
-0.244838
-0.241842
-0.241842
-0.24342
-0.249245
-0.243718
-0.249641
-0.249865
-0.256615
-0.25712
-0.261703
-0.256345
-0.25555
-0.254089
-0.256506
-0.26037
-0.26021
-0.262876
-0.267557
-0.266469
-0.267466
-0.274028
-0.279697
-0.279641
-0.280534
-0.28281
-0.28281
-0.383957
-0.446854
-0.503074
-0.539866
-0.562928
-0.567916
-0.544486
-0.514302
-0.488754
-0.480395
-0.483443
-0.480222
-0.48088
-0.475628
-0.476525
-0.475873
-0.475873
-0.474717
-0.472256
-0.474068
-0.477506
-0.479429
-0.480583
-0.480583
-0.474766
-0.476725
-0.474773
-0.474773
-0.473759
-0.476571
-0.48104
-0.475548
-0.479795
-0.474155
-0.475578
-0.474919
-0.471759
-0.470856
-0.47874
-0.474972
-0.476578
-0.472254
-0.470347
-0.471277
-0.478973
-0.474928
-0.473477
-0.472472
-0.470618
-0.47636
-0.476425
-0.47455
-0.475239
-0.474814
-0.475585
-0.477257
-0.474022
-0.472047
-0.473922
-0.474904
-0.469963
-0.471069
-0.471032
-0.470073
-0.436284
-0.382898
-0.31212
-0.276243
-0.24821
-0.201632
-0.159242
-0.115684
-0.0838826
-0.0628527
-0.0458724
-0.0277505
-0.0295791
-0.0353531
-0.0380946
-0.0424204
-0.0410199
-0.0382536
-0.0361625
-0.0361769
-0.0323618
-0.0323618
-0.0328786
-0.0325278
-0.0340987
-0.0373946
-0.0365081
-0.0365411
-0.0332953
-0.0305402
-0.0296405
-0.0323386
-0.0344751
-0.0323446
-0.0322103
-0.0350561
-0.0303243
-0.0288225
-0.0281529
-0.0338205
-0.0269568
-0.0282362
-0.0320728
-0.0291094
-0.0313053
-0.0297983
-0.0334362
-0.0261263
-0.0257848
-0.0295789
-0.0278867
-0.0297639
-0.0273955
-0.0273651
-0.0293362
-0.0137544
-0.00799249
0.000452042
0.0141188
0.025472
0.0375787
0.0564816
0.0693243
0.0806391
0.0946539
0.102437
0.104651
0.104419
0.110091
0.107555
0.105832
0.104006
0.106581
0.101017
0.096133
0.101734
0.103111
0.10088
0.102343
0.100398
0.100398
0.099886
0.0988465
0.0973845
0.0994523
0.0959493
0.0961486
0.100454
0.102088
0.100089
0.100089
0.0957407
0.10057
0.0950364
0.0941198
0.096288
0.0958353
0.0950833
0.0985735
0.0986083
0.0916057
0.0921268
0.0977556
0.0942452
0.0932455
0.093291
0.0998035
0.0998035
0.101478
0.105249
0.106969
0.103575
0.10471
0.107221
0.107004
0.105511
0.106687
0.098364
0.0998554
0.102065
0.0958402
0.0967553
0.0933069
0.0938948
0.095493
0.0951603
0.0937798
0.0948808
0.0927131
0.0932006
0.0877263
0.0886356
0.08868
0.0859756
0.0883473
0.0850857
0.0866398
0.0863033
0.0835358
0.0844091
0.084649
0.0863657
0.0824983
0.0800291
0.0832514
0.0811339
0.0837415
0.0831719
0.0806929
0.0796303
0.0800501
0.0794358
0.0794358
0.0770103
0.0762418
0.0773132
0.0773132
0.0752943
0.0790284
0.0793184
0.0800219
0.0753512
0.0788115
0.0771355
0.0752202
0.0732641
0.0732641
0.0788115
0.0834555
0.0834555
0.0818809
0.0819601
0.0819548
0.0765969
0.0783449
0.0762249
0.073611
0.0710306
0.0717687
0.0701297
0.0649043
0.069188
0.0664751
0.0654443
0.0661096
0.0628271
0.0628271
0.0606505
0.0573127
0.0618198
0.0637019
0.0567118
0.0581398
0.0559294
0.0608348
0.058464
0.060728
0.0568236
0.0582069
0.0571053
0.0585693
0.0584279
0.0545394
0.0503874
0.0546501
0.0490962
0.0530023
0.0514752
0.0533389
0.0523234
0.0510748
0.0508071
0.0513398
0.0505927
0.0532186
0.048976
0.0495132
0.0508852
0.0524809
0.051641
0.0486776
0.0490962
0.0494972
0.0458688
0.0491417
0.0458713
0.0458713
0.0434094
0.0433384
0.0500518
0.0395507
0.0390409
0.0373378
0.0357796
0.0342383
0.0352712
0.0358969
0.0340574
0.0352311
0.0337039
0.0308105
0.0368375
0.035251
0.0328982
0.035251
0.0328101
0.029423
0.0309857
0.0329431
0.0278218
0.0287068
0.0290466
0.0276916
0.0276916
0.0256378
0.0268448
0.0314093
0.0272217
0.0268634
0.02707
0.02707
0.0277712
0.029562
0.0243722
0.0280374
0.0290176
0.030989
0.030989
0.0274328
0.0249965
0.0297011
0.0267354
0.0258659
0.023709
0.026696
0.0221954
0.0230123
0.0275159
0.0257551
0.0246552
0.0276478
0.0217078
0.0258099
0.0224038
0.0209092
0.0234283
0.0285598
0.0208888
0.0200366
0.0208151
0.0263917
0.0215522
0.0234283
0.0230328
0.0239422
0.0231065
0.0215328
0.0229544
0.0224431
0.0221231
0.0215538
0.0224063
0.0232751
0.0229
0.0189225
0.0210633
0.0241894
0.023037
0.0222645
0.0202321
0.0157979
0.0191768
0.0203716
0.022032
0.0202829
0.0182498
0.0198066
0.0200898
0.0248519
0.0204023
0.0206275
0.0215935
0.0188002
0.0210089
0.0199374
0.0184814
0.0196788
0.0195403
0.017178
0.0202496
0.0216203
0.024116
0.0216565
0.0177455
0.0195302
0.0195302
0.0195187
0.0199549
0.0199549
0.016214
0.016214
0.014081
0.0202969
0.0202969
0.0183694
0.0234625
0.0199084
0.0214947
0.0166045
0.0191251
0.0174106
0.0156631
0.0202965
0.0172375
0.0158871
0.0157801
0.0185627
0.0177893
0.0164149
0.0113329
0.0177552
0.0134007
0.0164857
0.0177658
0.0171887
0.0154887
0.0182509
0.0187161
0.0185397
0.0147386
0.01658
0.0181317
0.0168274
0.0161924
0.0149144
0.0137161
0.0148435
0.0148435
0.014057
0.0158178
0.0158178
0.0118964
0.0153396
0.0139512
0.015079
0.0161047
0.0171695
0.0171695
0.014035
0.0163482
0.0156681
0.0136231
0.0154558
0.0165605
0.0181265
0.0167494
0.0127653
0.0171042
0.0182212
0.0118134
0.0163417
0.0128593
0.0162584
0.0190425
0.0157742
0.0180318
0.0165658
0.0154122
0.0130366
0.0143196
0.014201
0.0139652
0.0136237
0.0189561
0.0137444
0.0122241
0.0120952
0.0160829
0.0135671
0.0128731
0.0130959
0.0130959
0.0175553
0.0175553
0.0131416
0.0162937
0.00936628
0.0144384
0.0121301
0.0163882
0.00963773
0.0169224
0.0135908
0.0148154
0.0160754
0.0168629
0.00860309
0.0093417
0.0114737
0.0137792
0.01379
0.015862
0.0149798
0.0143594
0.014146
0.0143594
0.017017
0.0109906
0.0119682
0.011533
0.0136502
0.011286
0.0129209
0.0104127
0.00940081
0.0152423
0.0113666
0.0143843
0.0120623
0.0120623
0.0132781
0.0116022
0.0108127
0.00795566
0.0129803
0.00887231
0.0100474
0.0117309
0.017217
0.0118842
0.0113225
0.00671349
0.0126173
0.0158244
0.0079972
0.0108623
0.0108374
0.0145481
0.0103612
0.0154988
0.0117835
0.00928159
0.0126424
0.00933177
0.0131387
0.00749336
0.0129
0.0101412
0.0096628
0.0113225
0.00786917
0.0151995
0.0118008
0.00932316
0.0149757
0.00838741
0.00947008
0.00988585
0.0102005
0.0128752
0.00774891
0.0121003
0.0116642
0.00897523
0.00944459
0.0113443
0.0113006
0.0122543
0.010805
0.00923951
0.0157135
0.0114291
0.0081149
0.00915407
0.00805641
0.00733198
0.0101334
0.00547542
0.00784262
0.00844687
0.0119031
0.00885626
0.0109428
0.00765523
0.00783376
0.011335
0.00994556
0.00753548
0.00939322
0.0130252
0.00857532
0.00685429
0.00915407
0.0116086
0.00600214
0.00812394
0.00903479
0.00725432
0.00774891
0.00817451
0.0103054
0.00868521
0.0118485
0.0147261
0.010937
0.00719471
0.00567127
0.0081149
0.010265
0.0123198
0.00750139
0.010783
0.00976089
0.0110998
0.00526844
0.00793632
0.00641942
0.00641942
0.00673411
0.00863508
0.00564277
0.00710909
0.0118314
0.010051
0.0090365
0.00848348
0.00777444
0.00786823
0.00771463
0.0078766
0.00799609
0.00932937
0.00875476
0.00670843
0.00765614
0.00849151
0.00637519
0.00692154
0.00731463
0.0080142
0.00765486
0.00548095
0.00584697
0.00477237
0.00710098
0.00600869
0.00907061
0.00513858
0.00744229
0.00495152
0.0117008
0.00831503
0.00501133
0.00780841
0.00577927
0.00969503
0.00913048
0.00384316
0.00741636
0.00289523
0.00768246
0.00436289
0.00342175
0.00747623
0.00941261
0.0101451
0.0101451
0.00609392
0.00947253
0.00348152
0.00816806
0.00856991
0.00448987
0.0031943
0.00786312
0.00740107
0.00817569
0.00379115
0.00682781
0.0070153
0.00654704
0.00620601
0.00605244
0.00445635
0.00568542
0.00581268
0.00440379
0.00356098
0.00577907
0.00470338
0.00443757
0.00459092
0.005914
0.00777633
0.00600781
0.00559901
0.00384118
0.00531116
0.00688843
0.00735794
0.00776929
0.00547923
0.00564077
0.00443757
0.00443757
0.00642169
0.00498414
0.0072039
0.0083402
0.00722305
0.00520518
0.00281315
0.00639478
0.00975938
0.00470338
0.00787387
0.00289191
0.00750477
0.0031054
0.00594012
0.00482356
0.00728337
0.00615399
0.0040616
0.0051645
0.005914
0.00588015
0.00295193
0.00251862
9.17984e-06
0.00313877
0.00611353
0.00421523
0.00498414
0.00754598
0.00378816
0.00298531
0.00468354
0.00569333
0.00326572
0.00430883
0.00519137
0.000799435
0.00384808
0.00139735
0.00572648
0.0031925
0.00695135
0.00457671
0.00113276
0.00343962
0.00215563
0.00640177
0.00824356
0.00215563
0.00439575
0.00326572
0.00212231
0.00203574
0.00352729
0.00381456
0.00222253
0.00375345
0.00606198
0.00651918
0.001168
0.00228453
-0.000382076
0.00522472
-0.000276018
0.00100665
0.00454091
0.00196897
0.0060955
0.00144293
-0.00317903
0.00108855
0.00303024
0.00590775
0.00335244
0.00378111
0.00508961
0.00501778
0.000746405
0.00174671
0.00482437
0.00534532
0.00242258
0.000428622
0.0010424
0.00197267
0.00301702
0.00157221
0.00473073
0.0024894
-0.0007799
0.0030773
-0.000369189
0.00221985
0.00119606
0.00125906
0.000281835
0.00298375
0.000118054
0.0053471
0.0041421
0.00239494
0.000955061
0.000982129
0.00205989
0.00245624
0.00245624
0.00353926
-0.00101446
0.00147886
-0.00394543
0.00064824
0.00147261
-0.000528315
0.00384084
-9.56495e-05
0.000735344
0.00181909
0.00539348
0.000888831
0.000982129
0.00326449
-0.00144671
0.000184066
0.0018503
0.000952556
0.00221367
0.00138282
-0.00093246
0.00027737
0.00307136
0.0029449
-0.00163836
-7.34653e-05
-7.34653e-05
0.00131686
-0.00302826
0.000834863
-0.000608119
-0.000675423
-2.95037e-05
0.000123891
0.00319235
0.00162612
0.00263734
-0.00260501
0.000491209
-0.0056972
-0.000499554
0.00168046
-0.00111328
-0.00150018
-0.00273694
-0.00114049
-0.0029957
0.000702334
0.0013287
-0.00185201
0.00304446
-0.00053701
0.00100943
0.00266538
0.000387536
0.0015264
-0.000876745
0.00128942
0.0015426
-0.00155039
0.000178377
-0.00284715
0.000551536
-0.000653111
-0.00173641
-0.000192187
-0.00201519
0.00162462
-0.00274966
-0.00446695
-0.00022491
-0.00367954
0.00186723
-0.00278224
-0.00237773
0.000793343
0.00129542
-0.00111853
-0.00410638
-0.000313091
-0.000313091
0.000859118
-0.00182937
0.001284
-0.000779003
-0.000257552
0.000452892
-0.00138048
-0.00136479
-0.00174661
-0.00622643
-0.000638017
-0.00188422
0.00282436
-0.00155039
-0.00220495
-0.000499554
-0.00140501
-0.00271156
-0.00191208
-0.00191208
-0.00288385
-0.00203802
-0.00203802
-0.0022393
0.00316652
0.000816792
0.00208227
-0.00393376
-0.00319436
-0.00319436
-0.00203238
-0.00222434
-0.00593618
0.000532111
0.00232608
0.00156971
-0.00528517
-0.00161541
-0.00250344
-0.00454045
-0.00391023
-0.00365538
-0.00463724
-0.00109373
-0.00383271
-0.00500708
-0.00063186
-0.00216863
9.32597e-05
-0.00641604
0.000208866
-0.00330823
-0.0029408
-0.00208335
-0.00328011
-0.00358676
-0.000373467
-0.00265673
-0.000996374
-0.00275877
-1.47481e-05
-0.00340111
-0.00312238
-0.00707392
-0.00682665
-0.00253104
-0.00207087
-0.00423411
-1.04557e-05
-0.000140267
-0.0034087
-0.00729093
0.00119011
-0.00145733
-0.00552676
-0.00473591
-0.00340111
-0.0049391
-0.00612226
-0.0054131
-0.00171139
-0.00267211
-0.00372266
-0.00232995
-0.00672624
-0.00250806
-0.00408082
-0.00183299
-0.00177222
-0.00321953
-0.00013625
-0.00617935
-0.00966272
5.02216e-05
-0.00127575
-7.10828e-05
-0.0042059
-0.0073796
-0.00173572
-0.00173572
-0.00112203
-0.00615092
-0.00142939
-0.00623977
-0.00522464
-0.00210806
-0.00602627
-0.00513198
-0.00408082
-0.00395972
-0.00386687
-0.00183299
-0.00571986
-0.00621144
-0.00349513
-0.0027872
-0.00294463
-0.00578044
-0.00365268
-0.00389909
-0.00198676
-0.000753565
-0.0052567
-0.00488598
-0.00353117
-0.00470043
-0.00833849
-0.00268981
-0.00324843
0.000634322
-0.00302972
-0.00587311
-0.00586917
-0.00312702
-0.00383456
-0.00478918
-0.00590144
-0.00719848
-0.00633234
-0.00633234
-0.00639649
-0.00528517
-0.00605835
-0.00575191
-0.00374556
-0.00492033
-0.00279051
-0.00484961
-0.0103484
-0.00557235
-0.0034668
-0.00806133
-0.00617935
-0.00365268
-0.00556973
-0.00498205
-0.00226505
-0.00667875
-0.00769833
-0.00476778
-0.00673937
-0.00796888
-0.00802921
-0.00368804
-0.00238666
-0.00321598
-0.00920158
-0.00707392
-0.00613086
-0.00455041
-0.00612226
-0.00497871
-0.00516682
-0.00791195
-0.00621144
-0.00889971
-0.0067679
-0.00466818
-0.00920818
-0.00516991
-0.00692443
-0.00457912
-0.00115612
-0.0033453
-0.00420761
-0.00800096
-0.0076665
-0.0032808
-0.00670355
-0.0110601
-0.00316266
-0.00352748
-0.00871799
-0.00538435
-0.00605454
-0.00790449
-0.00537714
-0.00609035
-0.00609035
-0.00683192
-0.00871799
-0.00359806
-0.00606522
-0.0041182
-0.00442557
-0.0093396
-0.00765908
-0.00581253
-0.00906481
-0.00921799
-0.00319409
-0.00827812
-0.00139974
-0.00977693
-0.00519539
-0.00519539
-0.00546997
-0.00540944
-0.00228928
-0.0100432
-0.00797843
-0.0045807
-0.00752099
-0.00318775
-0.0048595
-0.00668563
-0.00522755
-0.00535239
-0.00603609
-0.00636886
-0.00711432
-0.0104812
-0.0104812
-0.00757693
-0.00606776
-0.00955043
-0.00652829
-0.00816629
-0.00739198
-0.00980619
-0.00970849
-0.00637215
-0.00575191
-0.00544513
-0.00612874
-0.0084091
-0.00516316
-0.00838265
-0.00794958
-0.00794958
-0.0061579
-0.00529442
-0.00834847
-0.00983197
-0.00862263
-0.00748447
-0.00637701
-0.00896318
-0.00504521
-0.00990218
-0.00865731
-0.00565553
-0.00798132
-0.00745271
-0.0100403
-0.0128891
-0.0117461
-0.0117461
-0.0111548
-0.0077325
-0.00763766
-0.00665242
-0.00841189
-0.00701691
-0.0123716
-0.0040012
-0.00529836
-0.00529836
-0.00326132
-0.00889971
-0.00918651
-0.00912569
-0.0050162
-0.00927882
-0.00652829
-0.00810546
-0.00911291
-0.0111205
-0.0102045
-0.00576032
-0.00983197
-0.00983197
-0.0109729
-0.0096139
-0.00597251
-0.00897018
-0.00865731
-0.00881916
-0.00551372
-0.00868628
-0.00600434
-0.0100254
-0.00783021
-0.00650022
-0.00898866
-0.011149
-0.0112252
-0.0100199
-0.0124904
-0.00891311
-0.00773944
-0.00674656
-0.00455185
-0.011789
-0.00950179
-0.00950179
-0.0074815
-0.0128244
-0.00757914
-0.0081346
-0.00735694
-0.0100224
-0.00826423
-0.0103257
-0.0123396
-0.00773253
-0.00900388
-0.0109416
-0.00915221
-0.0103364
-0.00888009
-0.00956277
-0.00773944
-0.00822941
-0.0105126
-0.00974888
-0.00971605
-0.00690009
-0.0109821
-0.0122458
-0.00677558
-0.00872165
-0.00865731
-0.0077354
-0.0110723
-0.0049575
-0.00918847
-0.00990064
-0.0112027
-0.00625369
-0.0109776
-0.00986692
-0.0137675
-0.00937797
-0.0108272
-0.0100612
-0.00742837
-0.0090018
-0.0103695
-0.0131094
-0.0100199
-0.0108291
-0.0089094
-0.00872449
-0.00974743
-0.0136925
-0.0117266
-0.00835875
-0.00980836
-0.00860475
-0.00931699
-0.00647092
-0.00710729
-0.0129766
-0.010554
-0.0131452
-0.0070876
-0.0130533
-0.0108291
-0.00965663
-0.011667
-0.010146
-0.0100554
-0.00946817
-0.0114188
-0.00995927
-0.0123356
-0.0116048
-0.00542229
-0.0111303
-0.00690009
-0.0132014
-0.00730635
-0.00915495
-0.00991944
-0.00980996
-0.0102473
-0.00656361
-0.0104857
-0.0119883
-0.0101943
-0.0141309
-0.0101009
-0.00889953
-0.009448
-0.0104895
-0.0114925
-0.0137915
-0.00778961
-0.0112604
-0.0150464
-0.010294
-0.00898011
-0.0110723
-0.0110723
-0.00854492
-0.00974541
-0.0081922
-0.0103678
-0.0168442
-0.0126558
-0.0130514
-0.0155817
-0.0111351
-0.0139227
-0.011851
-0.0100947
-0.00829762
-0.00829762
-0.0144412
-0.0130546
-0.00999289
-0.0093396
-0.0136472
-0.0119716
-0.0135435
-0.012718
-0.0114517
-0.00662668
-0.00755261
-0.011133
-0.00745752
-0.0153084
-0.0140753
-0.00999289
-0.0125029
-0.00842231
-0.0136162
-0.0110408
-0.0137089
-0.0126869
-0.0133272
-0.0133272
-0.0145465
-0.00841773
-0.0127774
-0.0132978
-0.0159339
-0.011943
-0.00993197
-0.0104016
-0.0137089
-0.011636
-0.0109617
-0.0114815
-0.014971
-0.0148201
-0.0131574
-0.0095922
-0.0118169
-0.0127489
-0.00851377
-0.0119382
-0.0100925
-0.0118292
-0.0124717
-0.0117266
-0.0105838
-0.0101249
-0.00765105
-0.00765105
-0.0128099
-0.0120436
-0.0110841
-0.0100001
-0.0143622
-0.0126853
-0.0126853
-0.0124419
-0.0148478
-0.0145609
-0.0112985
-0.0102755
-0.0133404
-0.0132645
-0.00946817
-0.0139651
-0.0119525
-0.00972431
-0.0122577
-0.011789
-0.0143001
-0.012473
-0.0150477
-0.011053
-0.0111125
-0.0112674
-0.0166193
-0.0112674
-0.0118169
-0.0158403
-0.0166458
-0.0133075
-0.0119499
-0.011828
-0.0134333
-0.0117377
-0.00839636
-0.011295
-0.0111751
-0.0151706
-0.0160864
-0.0139227
-0.0118499
-0.00916147
-0.0146676
-0.0143629
-0.0135252
-0.0119514
-0.011615
-0.0132192
-0.0146067
-0.0133722
-0.0134643
-0.00943891
-0.012565
-0.0192701
-0.0147594
-0.0123187
-0.0120135
-0.0154148
-0.0124429
-0.013739
-0.0122588
-0.0123499
-0.0106855
-0.0136771
-0.0136771
-0.0152167
-0.013739
-0.012626
-0.0134207
-0.0163444
-0.00975626
-0.0106236
-0.0188153
-0.0108384
-0.0138
-0.0145157
-0.0159641
-0.0106447
-0.010155
-0.0101516
-0.0132666
-0.0143001
-0.0137814
-0.0123499
-0.0139039
-0.0123605
-0.013812
-0.011767
-0.01572
-0.0130043
-0.0129123
-0.0141769
-0.0168324
-0.0134324
-0.0120436
-0.0132185
-0.0129734
-0.0162526
-0.0139035
-0.012882
-0.0135553
-0.0126558
-0.0120734
-0.0108073
-0.0108073
-0.0127461
-0.0135056
-0.0134024
-0.0114828
-0.0142101
-0.0148953
-0.0168939
-0.0144839
-0.0143622
-0.0186934
-0.0140873
-0.0145767
-0.017428
-0.0151706
-0.0132499
-0.0142703
-0.016436
-0.0134643
-0.0116677
-0.0120747
-0.0140263
-0.0142713
-0.0141179
-0.0126558
-0.0151395
-0.0161619
-0.0154748
-0.0145889
-0.0112073
-0.0143936
-0.0119202
-0.0135836
-0.0147283
-0.0153531
-0.0141473
-0.01514
-0.0143325
-0.0130033
-0.0120445
-0.0145585
-0.013646
-0.010469
-0.0139958
-0.011768
-0.0139633
-0.0117339
-0.0164659
-0.0152928
-0.0126659
-0.012718
-0.01421
-0.0129435
-0.0137812
-0.0137504
-0.012565
-0.0151093
-0.0119514
-0.0100627
-0.0165282
-0.0129435
-0.0156283
-0.0156283
-0.0188146
-0.0103465
-0.0126368
-0.0131887
-0.0131887
-0.012636
-0.0146503
-0.0177319
-0.0122247
-0.0142689
-0.0112361
-0.0171226
-0.0176264
-0.0133208
-0.0126869
-0.0145459
-0.0174582
-0.0105318
-0.0170008
-0.0154449
-0.0156591
-0.0101317
-0.0152005
-0.0138309
-0.0161918
-0.017428
-0.0134134
-0.0133214
-0.0123187
-0.0152005
-0.0175328
-0.0139039
-0.011737
-0.0137675
-0.0175886
-0.0167716
-0.0119219
-0.0142094
-0.0156892
-0.0154456
-0.0164489
-0.00950981
-0.015994
-0.0133404
-0.0166334
-0.0138732
-0.0117981
-0.0114587
-0.0141473
-0.0132288
-0.0110606
-0.0161007
-0.0140553
-0.0131563
-0.015734
-0.0134748
-0.0130048
-0.0160392
-0.0101624
-0.0145585
-0.014436
-0.0148639
-0.0166807
-0.0129741
-0.012084
-0.0158869
-0.0170617
-0.0140864
-0.0144666
-0.0156116
-0.0152005
-0.0157337
-0.0130452
-0.0152443
-0.00929305
-0.0170609
-0.0133214
-0.0156727
-0.0104676
-0.0116434
-0.0133519
-0.0157638
-0.0135663
-0.0142208
-0.0152011
-0.0124516
-0.0132908
-0.0152749
-0.0146191
-0.0143296
-0.0148201
-0.0166954
-0.0133522
-0.0164051
-0.0135972
-0.017184
-0.0140864
-0.0156098
-0.0156116
-0.0144971
-0.0121148
-0.0119608
-0.0176254
-0.0137289
-0.0142214
-0.01607
-0.0123292
-0.0142214
-0.014436
-0.0165722
-0.0135663
-0.0152748
-0.0127594
-0.0101927
-0.014392
-0.0160392
-0.0142827
-0.0139954
-0.0140864
-0.014998
-0.0192893
-0.0177019
-0.0156727
-0.0139039
-0.0136274
-0.0140564
-0.0162526
-0.0129112
-0.0124524
-0.0154893
-0.0180837
-0.0156729
-0.0151704
-0.0153362
-0.0158686
-0.0152313
-0.0162217
-0.0154586
-0.0170008
-0.0173365
-0.0121454
-0.0171806
-0.0129703
-0.0165113
-0.0170004
-0.0182366
-0.0179013
-0.0117439
-0.0149989
-0.0137194
-0.0145279
-0.0177482
-0.0144358
-0.0168481
-0.0178708
-0.0221237
-0.0178403
-0.0186192
-0.0173058
-0.0179012
-0.0156116
-0.0145584
-0.0136967
-0.0175654
-0.0139008
-0.0211216
-0.0147116
-0.0171535
-0.0140877
-0.0151385
-0.0143001
-0.0144971
-0.0124218
-0.0160392
-0.0181452
-0.016512
-0.0157455
-0.0147211
-0.0152313
-0.014649
-0.0173212
-0.0154586
-0.0134131
-0.017596
-0.017701
-0.0163444
-0.0149558
-0.0170008
-0.017184
-0.016436
-0.012145
-0.0181281
-0.0143134
-0.0149547
-0.0157646
-0.0197338
-0.0119523
-0.0160396
-0.016009
-0.0168788
-0.0146504
-0.0168177
-0.0162061
-0.0179013
-0.0169392
-0.0166954
-0.0169844
-0.0154586
-0.0126058
-0.011838
-0.0106922
-0.0171226
-0.0154581
-0.0122989
-0.0138732
-0.0179317
-0.0179317
-0.0165115
-0.0174739
-0.0194418
-0.0157638
-0.0198251
-0.0195206
-0.014741
-0.0166343
-0.0130143
-0.014907
-0.0168784
-0.0181308
-0.0173207
-0.0129529
-0.0112461
-0.0165115
-0.0192126
-0.0161142
-0.0168784
-0.0135652
-0.0135652
-0.0172446
-0.0146811
-0.016512
-0.0166647
-0.0158865
-0.0162673
-0.0162673
-0.0174736
-0.0112765
-0.0192151
-0.0201162
-0.0179621
-0.0180539
-0.0180539
-0.0196728
-0.0183135
-0.0145275
-0.0156423
-0.0155808
-0.0174825
-0.0170436
-0.0121213
-0.0162052
-0.0142521
-0.0177286
-0.0180837
-0.0135789
-0.014741
-0.0154258
-0.0130143
-0.0177455
-0.0143496
-0.0154504
-0.0132695
-0.017382
-0.0147535
-0.0182657
-0.0185886
-0.0187411
-0.0171374
-0.0162356
-0.015428
-0.0166031
-0.0150291
-0.0131977
-0.0162978
-0.0167071
-0.0155503
-0.0177779
-0.0171535
-0.0140373
-0.0140373
-0.0175954
-0.0164501
-0.0152748
-0.018314
-0.0193985
-0.0192755
-0.0160833
-0.0164509
-0.0161283
-0.0175654
-0.0174855
-0.0149992
-0.01958
-0.0175348
-0.017792
-0.0161136
-0.0133821
-0.0201462
-0.0150596
-0.0132294
-0.016512
-0.0153358
-0.0189241
-0.0138833
-0.016664
-0.014404
-0.0158081
-0.0158079
-0.0132288
-0.0184971
-0.017046
-0.0182344
-0.0148835
-0.0130754
-0.0154581
-0.0181917
-0.0136687
-0.0129832
-0.0195506
-0.0154893
-0.0171989
-0.0172295
-0.0184965
-0.0139445
-0.0153974
-0.0168481
-0.0184055
-0.0196419
-0.01646
-0.0159915
-0.0156116
-0.0173516
-0.0195506
-0.0171678
-0.0167561
-0.0188936
-0.0168784
-0.0157328
-0.0200681
-0.0218702
-0.0128609
-0.0140984
-0.0171987
-0.0137304
-0.0195944
-0.014907
-0.0164504
-0.0182224
-0.0155626
-0.0110681
-0.0151524
-0.0168927
-0.0207572
-0.0133522
-0.0166166
-0.0180695
-0.0152136
-0.0204523
-0.0164203
-0.0168623
-0.0194894
-0.0167987
-0.0156393
-0.0221318
-0.0137918
-0.0209561
-0.0199948
-0.0202202
-0.0156725
-0.0161439
-0.0166647
-0.0161309
-0.0171466
-0.0178397
-0.0215171
-0.0200612
-0.0166315
-0.0135461
-0.0153668
-0.0137165
-0.0137165
-0.016952
-0.0167395
-0.0120108
-0.0169013
-0.0148341
-0.0160527
-0.0182529
-0.0172906
-0.0155618
-0.0141587
-0.0179451
-0.019823
-0.0167688
-0.0185277
-0.0196108
-0.0181001
-0.0189699
-0.0165863
-0.014557
-0.016298
-0.0162365
-0.0209084
-0.0201162
-0.0198733
-0.0197939
-0.0158081
-0.0169952
-0.0168358
-0.0244247
-0.0293322
-0.0323916
-0.0376497
-0.0479024
-0.0434401
-0.0459109
-0.046019
-0.0497579
-0.0480991
-0.042766
-0.0472302
-0.0435411
-0.0442015
-0.0471005
-0.0453863
-0.0438574
-0.0432064
-0.0419444
-0.0406046
-0.0394328
-0.0404488
-0.0410647
-0.0372852
-0.0371954
-0.0344644
-0.0383543
-0.0392507
-0.0389111
-0.0376936
-0.0370894
-0.0370894
-0.0357674
-0.0398645
-0.0399019
-0.0347485
-0.0367679
-0.0400653
-0.0386872
-0.037435
-0.0404068
-0.0395462
-0.0362539
-0.0382222
-0.0370237
-0.0372176
-0.0360886
-0.0351398
-0.0384183
-0.0417684
-0.0408911
-0.0326654
-0.041196
-0.0415541
-0.0374653
-0.0389003
-0.0415002
-0.0411421
-0.0367857
-0.0382922
-0.038077
-0.0373032
-0.0406399
-0.0396894
-0.0412317
-0.039797
-0.0400843
-0.0375912
-0.0398689
-0.0399586
-0.0387211
-0.0400125
-0.0410346
-0.0359627
-0.0430256
-0.0385593
-0.0379151
-0.0408897
-0.0414284
-0.0433831
-0.0403885
-0.0404592
-0.044725
-0.0443338
-0.0456954
-0.039851
-0.0412139
-0.0401189
-0.037699
-0.0385953
-0.0419313
-0.0425937
-0.0399764
-0.0370865
-0.040138
-0.0384334
-0.0422538
-0.0454998
-0.0399047
-0.0406399
-0.0409629
-0.043115
-0.0410702
-0.0424149
-0.0435264
-0.0407835
-0.0417164
-0.0417164
-0.0399407
-0.0408911
-0.0382173
-0.0432044
-0.042811
-0.043905
-0.0419674
-0.0386492
-0.042775
-0.040945
-0.0389008
-0.0410346
-0.0407655
-0.038811
-0.0386129
-0.0394553
-0.0432406
-0.0399764
-0.0423613
-0.0428289
-0.0416794
-0.0418957
-0.0407835
-0.0378072
-0.0387391
-0.0471277
-0.0471277
-0.0407835
-0.0380579
-0.0386847
-0.0443703
-0.0366226
-0.0387211
-0.0431332
-0.0414288
-0.0411418
-0.0398684
-0.0463807
-0.0440129
-0.0387029
-0.0369464
-0.0418061
-0.04299
-0.0427012
-0.0423613
-0.0412856
-0.0410167
-0.0405314
-0.042021
-0.0395453
-0.0422715
-0.0388828
-0.0421106
-0.0409629
-0.0414458
-0.041303
-0.041303
-0.0409805
-0.0408372
-0.0411599
-0.0411599
-0.0410883
-0.0378428
-0.0409986
-0.0409986
-0.0413211
-0.0420744
-0.0387928
-0.0398684
-0.0413392
-0.0376444
-0.0401729
-0.0431685
-0.0397612
-0.0441018
-0.0408725
-0.0477246
-0.0385947
-0.0415371
-0.0423432
-0.0399932
-0.0407643
-0.0395987
-0.0386295
-0.0408191
-0.0404962
-0.0423251
-0.0412133
-0.039617
-0.0431511
-0.0400481
-0.0398684
-0.0389545
-0.0382011
-0.0423965
-0.0398318
-0.0442626
-0.0424861
-0.040281
-0.0451963
-0.0440085
-0.0409986
-0.043258
-0.0423432
-0.0416804
-0.0411599
-0.0410702
-0.040174
-0.0400299
-0.0406213
-0.0423783
-0.0404063
-0.0393653
-0.0400116
-0.0386847
-0.0416985
-0.0374641
-0.0365139
-0.0386825
-0.0397418
-0.0400646
-0.0386825
-0.038648
-0.0395803
-0.0399033
-0.0412496
-0.0388812
-0.0395803
-0.0408725
-0.0420744
-0.0400461
-0.0424496
-0.040944
-0.040944
-0.0384863
-0.0428997
-0.0408358
-0.0371401
-0.0394718
-0.0397234
-0.0399376
-0.0433836
-0.0397048
-0.0419482
-0.0366572
-0.040281
-0.0398501
-0.0429527
-0.0397602
-0.0425392
-0.041052
-0.0414288
-0.0398318
-0.0430256
-0.0424147
-0.0421093
-0.0377877
-0.0367288
-0.0413744
-0.0440836
-0.041536
-0.0381973
-0.040566
-0.0386825
-0.0435431
-0.0406395
-0.0395433
-0.0382875
-0.0399747
-0.0407111
-0.0399217
-0.0412496
-0.0410154
-0.0395618
-0.0384678
-0.0374456
-0.0412847
-0.0366758
-0.038844
-0.0366572
-0.0430971
-0.043132
-0.0409623
-0.0365669
-0.0385394
-0.0385022
-0.0399747
-0.041248
-0.0384678
-0.0413905
-0.0411418
-0.0382353
-0.0406029
-0.0388253
-0.0435797
-0.0419113
-0.0424496
-0.0389527
-0.0379793
-0.0389527
-0.0388253
-0.0434902
-0.0387726
-0.0390427
-0.0352927
-0.0352927
-0.0409785
-0.0411766
-0.0400831
-0.0390612
-0.0382353
-0.0366572
-0.0366572
-0.0422703
-0.0375701
-0.040532
-0.0388626
-0.0389868
-0.0376604
-0.0376604
-0.041248
-0.0435445
-0.0426104
-0.0433294
-0.0413193
-0.0364578
-0.0452856
-0.0378593
-0.0393631
-0.0419298
-0.0383626
-0.0468426
-0.0409785
-0.0410684
-0.0396886
-0.0390768
-0.0405667
-0.0440305
-0.0419826
-0.0419826
-0.0404056
-0.0381639
-0.0385208
-0.042592
-0.0405851
-0.0397048
-0.0360772
-0.0360772
-0.0396519
-0.043437
-0.0421806
-0.0376604
-0.0397234
-0.0397234
-0.041195
