-0.0368841
-0.00640241
0.00735464
-0.00527793
0.00024545
0.00422677
-0.00916025
-0.00163287
0.000522866
0.00347995
0.00193546
-0.00290095
-0.000393427
0.00274739
0.00213628
-0.00363522
0.00182732
0.00601382
-0.00701092
-0.00412984
0.00368951
-0.000663348
-0.000105084
-0.000858626
0.00180925
-0.000988777
2.29263e-05
0.00297816
-0.00141392
-0.00283728
0.00168385
0.00151758
0.00274149
-0.00075054
-0.00592483
0.00256602
0.00302956
-0.000336762
-0.00528976
0.00412312
-0.00294916
0.00207403
-0.00435532
0.000780192
0.00352761
-0.00276015
-0.00184537
0.00378388
0.0046902
-0.00302608
0.0027173
-0.00579976
0.0011071
0.000948059
0.00298634
-0.00232463
-0.00259258
0.000381901
0.00663935
-0.00437287
8.446e-05
-0.000191747
0.000153941
-0.00320678
0.000548987
-0.000191332
-0.00085007
0.00508573
-0.00470683
0.00310288
0.00175014
-0.000340224
-0.00119372
-0.00424352
-0.00251698
0.000501859
0.00699728
0.00163727
-0.0042408
-0.000298575
-0.000742723
0.00339021
-7.51743e-05
-0.0013471
0.00392984
-0.00154135
-0.00250722
-0.00231348
0.00874896
-0.00467876
-0.00140814
-0.00255185
0.00760889
-0.00735181
0.00144721
-0.0015683
-0.002732
0.00173479
-0.0022225
0.00282515
-0.00409958
0.00107986
0.0020869
0.00185025
-0.000951525
0.00231831
0.00242097
0.000349049
-0.00247837
0.00140472
-0.000750067
-0.00569912
0.000131057
0.00522093
0.000670195
-0.000827168
0.00112519
-0.00601407
0.00380194
-0.00541826
0.00445641
-0.000192567
0.00272747
-0.00426266
-0.000188282
-0.00115304
0.00245802
0.00150632
0.000467855
-0.00445329
0.00240925
-0.00182452
0.00157562
-0.00109243
0.00663668
-0.0061967
0.00623379
-0.00177882
0.000432666
-0.00320545
-0.00431851
0.00345073
0.000903073
-0.00193342
0.00263682
-0.0029214
0.00656194
-0.00399832
-0.000807376
0.000618629
-0.00273279
0.00151233
-0.000492253
-0.00187738
0.0028584
-0.000718794
0.00622308
-0.00103042
0.00125295
-0.0092667
0.00329488
6.51792e-05
-0.00398974
-0.000827712
0.00218028
-0.00299144
0.00651587
0.000870468
0.000960649
-0.00181801
-0.000482094
0.000937475
-0.00376204
0.00034409
0.00385438
0.00154847
-0.00118818
-0.00284681
0.000101714
-0.001765
-0.00101003
0.00224025
-0.00166616
0.00393249
-0.00443061
0.0028103
0.000242416
-0.00256011
0.00589864
-0.00269324
-0.004312
-0.000801886
0.00191272
-0.00306113
-0.00129748
0.00581897
-0.000621011
-0.00350726
0.003432
-0.00214083
-0.000453032
0.000991895
0.00297478
0.000503766
0.00638954
-0.00469612
0.000443994
-0.00397377
-0.000551724
-0.00215553
0.000177718
0.00275027
-0.00156937
0.00193013
0.00270717
-0.00536939
0.00303761
0.00113678
-0.000285006
0.00398071
-0.00714313
0.00387605
-0.000645251
-0.00267318
0.000783679
-0.00238771
0.00554597
-0.00655696
0.00357385
0.00091982
-0.00513382
0.00648011
0.000205
0.000460496
-0.00495662
-0.00235994
0.00454633
0.00019989
0.00279322
0.0113435
0.0560838
0.000651005
-0.00408656
0.00416214
-0.00813696
0.00841353
0.05268
0.173261
0.208892
0.121664
0.100389
0.123777
0.142527
-0.0308652
-0.122674
-0.0819633
-0.0459975
-0.00209641
-0.0171911
0.0129738
0.00509552
-0.0245721
-0.00464008
0.00540963
0.0192927
-0.017095
-0.00694122
0.000360258
-0.00628458
0.0253583
0.0151621
-0.0188958
-0.0194591
0.0086176
-0.00316217
-0.00879356
0.00101722
0.00153431
0.0137698
0.00692109
-0.00663916
-0.0233582
0.00350255
0.00847516
0.00107748
0.00361934
-0.00185459
-0.0105113
0.00938888
-0.00215306
-0.0128222
-0.00455238
0.00195059
0.00881737
0.00731489
0.00310524
-0.0158345
0.00187566
0.0034584
-0.00487993
-0.00434475
-0.00116748
0.00459269
0.00414089
0.000985665
-0.00358105
-0.00605404
-0.00265272
0.000366142
0.00566491
0.00502443
-0.00346656
-0.0034434
-0.000514174
-0.00761165
0.0011891
-0.000427587
0.00115271
-0.00243335
0.00597341
0.00956577
-0.00919901
0.00250557
-0.00695093
0.00330318
-0.00444435
0.00576465
-0.00422712
0.00783778
-0.00947292
-0.00200212
-0.00221861
0.000536252
0.00333419
0.0649766
0.0808298
0.100544
0.105787
0.100168
-0.0267928
-0.0395036
0.0150254
0.000831811
-0.0184978
-0.0183263
-0.00317972
0.00460878
0.000601833
0.007205
-0.00137533
0.00088279
-0.0124787
-0.0177969
0.00542556
0.00804094
-0.000768551
-0.00277841
0.0140384
-0.00166281
-0.0138686
-0.00989544
0.00161121
-0.00176981
0.00750835
0.00646215
-0.00229564
0.00246683
-0.0110381
-0.0034129
-0.00391913
-0.00215261
-0.0022966
0.00889232
0.00529825
0.000986809
-0.00936189
0.000809819
-0.00822981
-0.00116818
0.00110156
0.00748601
0.00320604
0.0428205
0.145803
0.174701
0.125114
0.174597
0.220554
0.260603
0.0933849
0.00423223
-0.0992109
0.0105329
0.00770318
-0.0310192
-0.0129803
0.0374432
-0.0076415
-0.0333389
-0.0112444
0.0213935
-0.0233582
-0.0340299
0.0100334
0.0383325
-0.0211904
-0.017924
0.00898536
0.000942212
-0.0316455
0.00903702
0.0139033
-0.0103589
-0.00706259
0.0146347
0.0016663
-0.0260162
-0.0168551
0.0130047
0.0126177
-0.0117416
-0.0028709
0.0112167
-0.00834436
-0.00974455
-0.00563778
0.00432632
-0.00750876
-0.00192224
0.0165426
-0.000312601
-0.0121106
-0.00879294
0.00593825
0.00508917
-0.00774821
-0.00170869
0.0100666
-0.00559156
-0.00831173
0.000106538
-0.00680613
-0.00281357
0.00470225
0.00226984
-0.00181076
-0.000337192
-0.00153845
-0.00419175
-0.00233696
-0.00611476
-0.00175598
0.00609212
0.00295463
-0.000547602
0.00235695
-0.00277165
-0.00943702
3.41831e-05
0.00928883
-0.00740652
-0.00152724
0.0032149
-0.00321697
-0.00654142
0.00204971
0.00235812
0.000841198
-0.00524205
0.00150671
0.00123416
-0.00734374
0.00513271
0.00113509
-0.00349503
-0.000780002
-0.00201435
0.00496716
-0.00290911
-0.00204869
-0.00217426
-0.00183796
0.000373196
-0.00086752
-0.00226916
-0.00179507
0.00111643
-0.000998214
-0.0013535
-0.00155383
-0.00312235
0.00876642
-0.00456298
-0.00543324
0.00254867
0.00287538
-0.00471978
0.000433732
0.00142572
-0.000765533
0.000113669
-0.00134527
-0.00388563
-0.00141008
-0.000446625
0.00201259
-0.000896073
0.00130193
0.000331846
-0.00185803
0.000688018
-0.00321899
0.00142089
-0.00232661
0.00262358
-0.00275182
-0.00630473
0.0105358
0.00163149
-0.0119726
0.00318866
-0.00302827
0.00182998
-0.00161891
-0.00185665
0.000267803
0.00341225
0.00439557
-0.00723862
-0.0047861
-0.117056
-0.0396981
-0.194386
-0.204829
-0.20753
-0.164912
-0.126149
-0.0697123
0.0136528
0.0447443
0.0813275
0.0638793
0.0587342
0.0468305
0.0440908
0.0476464
0.0414749
0.0447406
0.0581805
0.036301
0.0335957
0.0508538
0.0612851
0.0465093
0.0329929
0.045065
0.0393685
0.0321048
0.0235571
0.0394733
0.0445855
0.0291896
0.0161168
0.0172221
0.0245883
0.0233055
0.0220181
0.020312
0.0356323
0.0203094
0.0167007
0.0249978
0.0222848
0.0177227
0.0201249
0.0337401
0.0284633
0.024392
0.0183654
0.0245841
0.0304181
0.011895
0.0188478
0.0232633
0.0354422
0.0160228
0.0204666
0.0292875
0.0292526
0.0186186
0.00979318
0.00714933
0.0276063
0.0204591
0.00919017
0.00435804
0.0224641
0.0291954
0.0235522
0.0139347
0.0206987
0.0156443
0.0171643
0.0242369
0.0148044
0.0121881
0.00966556
0.0112942
0.0176616
0.00774507
0.00340188
0.0102852
0.00778162
0.0142843
0.00973915
0.00489878
0.00229985
0.00689324
0.000546081
0.00634697
0.00491564
0.00485953
0.0160539
0.00338752
0.0022494
0.00219795
0.00395582
0.000225405
0.0045294
-0.00672277
-0.000679909
-0.000550278
0.0053006
-0.0099775
-0.000575337
0.000715288
-0.00130997
0.00662835
-0.00956085
-0.00423976
0.00764148
0.00603011
0.00390648
-0.0063742
-0.00698252
0.0105699
-0.000589581
0.00667321
0.00369555
-0.00652234
-0.00625969
-4.08919e-05
0.00123175
-0.00665991
-3.6226e-05
0.00515164
0.000307246
-0.00176672
0.00754732
-0.0148198
-0.00872336
-0.00868929
0.0130209
0.0128698
-0.00601742
-0.00519235
-0.00302585
0.0134968
-0.00980423
0.000455913
-0.00781472
0.00859546
0.00206335
0.0166035
0.00166381
-0.0171183
-0.00950674
0.000588445
0.00151504
-0.00404147
0.00543926
0.00514701
0.00724683
-0.0226192
-0.0111205
0.0030681
0.0149551
0.00104934
-6.56921e-05
0.00507245
1.94943e-05
0.00320355
-0.0103438
-0.00715412
0.00255933
0.0104565
0.00910239
-0.00763374
-0.0012425
-0.00715022
0.000192365
0.00393339
-0.00253301
-0.00615881
-0.00444889
0.0105381
0.00145873
-0.00769499
-0.00598958
-0.00463527
-0.000363547
-0.00314023
0.00725455
-0.0038658
0.00262222
0.012424
-0.00355308
-0.00208624
-0.000149327
0.000949477
-0.000807775
-0.0204461
0.00802155
0.0148614
-0.00681087
-0.00989847
-0.00533206
0.021438
-0.00459848
-0.00596919
-0.00406663
0.0153527
0.0168973
-0.0128026
-0.0214284
-0.00157424
0.00357959
0.00298769
-0.00642067
0.00149383
0.00388279
0.0080122
-0.00784766
-0.0117942
-0.00505941
0.0121959
0.00711096
0.00214313
-0.00836968
-0.00988904
-0.00586591
0.00188715
0.00129634
0.00779958
0.000482208
0.0101999
0.008726
-0.00357308
-0.0029095
-0.013834
-0.00554472
0.00905203
0.00643296
-0.00706861
-0.00364808
-0.0122956
0.00184145
0.0120281
-0.0121557
-0.00280305
0.00661627
0.0103306
-0.00310215
-0.0118252
0.00930754
-0.00153294
0.00139895
0.000813656
-0.00491756
0.0128884
0.00152965
-0.00703004
-0.00721824
-0.00184454
0.000598025
0.0047435
-0.00491269
-0.0045845
0.00341219
0.0027147
-0.00563311
-0.00249608
-0.00124661
0.0054621
0.00929462
-0.0111367
-0.00352227
0.00981882
0.0050359
-0.0115841
-0.00938805
0.00131711
0.00644294
-0.00341894
0.000709149
0.00565428
0.00919077
-0.00882061
0.00403923
-0.00428951
-0.00157467
-6.30048e-06
-0.0169017
0.00417404
0.00860878
0.00749614
-0.00319797
-0.00549453
-0.0130145
-0.009226
-0.00235361
-0.00215713
0.0306259
0.0156238
-0.0085909
-0.0104184
-0.00837597
0.00742812
-0.00215128
-0.000621412
0.00146883
0.00393585
0.0074715
-0.0143023
-0.0176923
-0.00894964
0.00746208
0.00786084
-0.00123352
-0.00779764
0.00767807
0.00581081
0.0303808
-0.0119441
-0.0265177
0.00305318
0.0234149
0.00486431
-0.0142351
-0.0155456
0.0018917
0.0103424
0.00756071
-0.00191128
-0.010969
-0.0114103
0.00239354
0.00491819
0.00250862
-0.00909385
-0.00977872
-0.00662103
0.0127956
0.0179334
-0.00590958
-0.012372
0.000867021
0.0223205
-0.000877268
-0.00328844
-0.0132862
-0.00627882
0.0152374
-0.00969989
-0.00525427
-0.00326709
-0.00999555
-0.00280129
-0.00133842
0.0202681
0.0109281
-0.00311323
-0.00581271
0.00238167
-0.00278895
0.00100044
-0.00520342
-0.00234651
0.0137546
0.00228316
-0.00379266
-0.00402033
0.00329615
-0.00571317
-0.00256527
0.000926885
0.00337095
-0.00301396
-0.00310427
0.00185654
0.0021693
-0.00109806
-0.00681092
0.000388574
0.0086122
0.00179086
-0.0103858
-0.00501692
0.00655205
0.00567018
-0.00258306
-0.00421706
-0.00530335
0.00670822
0.00624533
-0.00174899
-0.00547399
-0.000207484
-0.00418107
-0.00287405
0.00612553
0.000461692
6.42389e-05
0.00245395
0.00203872
-0.00613083
-0.000256031
-0.000280276
-0.00305993
-0.000799599
0.00169054
0.00154897
0.00224274
-0.00507026
0.00153294
0.000513804
-0.0040141
-0.00209063
0.00505838
-0.00136266
0.000485533
0.00191052
-4.42959e-05
-0.00701924
0.0048575
-1.28884e-05
0.00242195
-0.00230006
-0.000695677
-0.00747231
0.00237339
0.00568527
-0.00351652
0.00119899
-0.00140551
0.0014534
-0.00146888
-0.00324745
0.00074839
-0.00114933
0.000907388
-0.000167302
0.000923924
-0.00121503
0.00239891
-0.00179659
0.00163833
0.0036776
-0.0011106
-0.00706833
0.00386731
-0.00529709
0.00437279
-0.000841737
-0.00628763
0.00196449
0.0026264
0.000770277
-0.00218987
0.00238142
0.00173618
-0.00510548
-0.00207874
0.00820428
-0.0042558
0.00291371
-0.00370029
0.00275635
-0.00279928
0.00257222
-0.00515619
-0.00196413
0.00428206
-0.00466869
0.00356287
-0.00397749
0.000615776
-0.00124062
0.00312424
0.00318688
-0.00824215
0.00520881
0.00236929
-0.00507127
0.00287301
0.00317763
-0.00168088
-0.00737456
0.00450426
0.00287788
-0.00208196
-0.00484543
0.00161273
0.00369049
-0.000853969
-0.00830495
0.00324393
-0.0031383
0.00172885
0.00322069
0.00464197
-0.00577935
0.00516224
-0.0016956
-0.00595652
0.00158076
-0.000164528
-1.42494e-05
0.00289465
0.000827153
-0.000708713
-0.00602459
0.00415327
-0.00157065
-0.00106385
0.000194779
-0.00184201
0.0035277
-0.00560143
0.00156083
0.0030869
-0.000311291
-0.00303697
0.000186862
-0.000461856
0.00220417
-0.00248658
0.00376865
-0.00384721
0.00230845
-0.00276926
-0.00236052
0.00132727
0.00361195
0.00192681
0.000396398
-0.00438365
-0.00808519
0.00763588
0.00011846
-0.00176025
0.00180557
0.00285989
-0.00497999
0.00154222
0.00172587
-0.00417021
0.00196188
0.00174676
-0.0021236
0.00442729
-0.000368871
-0.00465538
-0.00219471
0.00510528
-0.00290054
-0.00330583
-0.0002046
-0.00416578
0.00259881
0.00468618
-0.00951605
0.00887975
0.00553318
-0.0053852
-0.000967311
-0.00276257
0.000925607
-0.00417752
-0.000971047
0.00628533
-0.00107962
-0.000390366
-0.000807418
-0.0047912
0.00500438
-0.00271467
0.00035341
-0.00572842
0.0087712
-0.00204744
0.000442433
-0.00208064
0.00715728
-0.0069437
0.00230376
0.00248557
-0.00101803
-0.000657288
-0.00169936
0.0027161
-0.00249231
-0.00206104
-0.00350066
0.00273064
-0.00227456
-0.000954294
0.000196311
0.00561152
-0.0037137
-0.000334754
0.00344155
-0.00346067
0.00250229
-0.00130626
0.00115888
-0.00223198
-0.00214824
0.00188372
-0.00137099
-0.00330015
0.00302202
0.00012189
-0.000633188
-0.000725133
-0.00261838
0.00107541
0.000698579
0.000270585
-2.3403e-05
-0.00122567
0.00382388
-9.714e-05
-0.0018881
0.00304166
-0.00184654
-0.00113344
-0.00028204
0.00355368
-0.00327406
-0.000325952
-0.000355168
-0.00361341
-6.77082e-05
0.00613381
-0.001389
-0.00706225
0.00705214
0.000918998
0.00091599
-0.00391237
0.0013416
-0.00251197
0.000895958
0.00366111
-0.00429258
0.00205114
-0.00182507
0.00421947
-0.00452412
-9.70955e-07
-0.00113633
0.00134435
-0.00513124
0.00290352
-0.000440867
-0.000101307
0.000207239
-0.00166698
0.00173349
-0.000158414
-0.000203196
0.00368006
-0.00156781
-0.00231934
-0.000733808
0.000905838
-0.00015346
0.00463862
-0.00326179
-0.00258571
-4.83896e-05
-0.00231835
0.00529706
0.000222642
-0.000636373
-0.00439059
-0.0031025
4.69978e-05
0.00491815
-0.00154233
0.00143676
0.000968167
0.00563165
-0.00298967
-0.00495485
0.000234873
0.00188337
0.00196559
-0.00731247
0.000797539
0.00351083
-0.00093121
-0.00159058
-0.000907761
0.00131789
-0.00605458
0.00361745
0.000792378
0.00675964
-0.00200817
-0.00179229
-0.000855703
0.0030339
-0.00278722
-0.0123532
-0.0109577
-0.00622467
0.00444549
0.00247685
0.0176721
-0.0047743
-0.0116801
0.011684
0.0039129
0.0105763
0.0114302
0.0180786
-0.0278691
-0.0178525
0.00936175
0.00415202
-0.0106232
-0.0164693
0.0128097
0.0136003
-0.00926019
0.00290828
0.00139854
0.0130326
-0.00151597
-0.0083328
-0.00566044
0.00125022
0.000308164
0.000705599
-0.001741
0.00397152
-0.0108201
-0.000133804
0.00753775
-0.0112399
-0.0102584
0.0126969
0.0190239
0.000461083
-0.00823845
-0.00453789
0.00174815
-0.00602267
0.000775264
-0.00407049
0.0131006
0.00858168
-9.55486e-05
-0.00411838
-0.00859798
0.00179659
0.00625535
-0.00709967
0.00157973
0.000906394
-0.00193901
0.00087114
-0.0155226
-0.00894773
0.00712122
0.00921215
0.0204785
-0.00572922
-0.0237435
0.00373877
0.00902047
0.00599019
-0.0107427
-0.00544792
0.0108965
0.00862781
0.00350611
-0.0116865
-0.00369072
0.000143364
-0.00580765
0.00323808
-7.20757e-05
0.0208647
0.00260836
-0.0204897
0.00321414
-0.00751453
0.00170746
-0.0101169
-0.0211625
0.00285732
0.0216344
0.00757943
-0.00340101
-0.00680176
0.0127307
0.00198597
-0.00198705
-0.00139441
-0.00180848
0.00842548
-0.005807
0.00522669
-0.00542555
-0.00714035
6.51816e-05
-0.00235872
0.00513557
0.00733325
-0.00944643
0.000658123
0.013393
-0.000321318
-0.0233293
0.00139824
0.0101022
0.013573
-0.00616994
-0.00497137
-0.0050375
-0.00244742
-0.00691463
-0.00297053
0.00814895
0.0105847
-0.00379301
-0.00115213
0.00337167
0.00882461
-0.00270376
-0.0241997
-0.00391611
0.00269945
0.0249273
-0.00125948
-0.00994714
-0.00109131
-0.00219165
0.00747995
0.000942674
-0.00558587
0.00147114
-0.0189119
0.0161298
-0.00154564
-0.00556972
-0.00183248
0.00485049
0.0162904
-0.00370198
-0.00413078
-0.003028
-0.0025845
0.0030385
0.00244508
-0.00183213
-0.00345857
-0.00140568
0.000214341
0.00106235
-0.00426906
0.000920872
0.00581333
-0.00148047
-0.00364387
-0.00107519
-0.00131041
0.00390573
0.00305758
0.0027065
-0.00521971
-0.00874109
4.10186e-05
0.00416515
0.00224839
0.00790191
0.0127728
-0.0165463
-0.00371542
0.00250928
0.00389708
0.000110866
-0.00545669
-0.00103855
-0.00331522
-0.00192461
0.00418422
-0.00883362
0.00134867
-0.00270739
0.00334627
0.00602523
-0.000807956
0.00344404
-0.00132514
-0.00557302
-0.000340409
0.00189229
0.000938871
0.00313539
0.00369817
-0.000814311
0.00857566
-0.00206082
-0.00268417
-0.000355981
-0.00544601
0.00564739
-0.00885831
-0.00242956
-0.0039817
0.00293437
-0.0843511
-0.133814
-0.189278
-0.0778134
0.0167512
-0.0578016
-0.310236
-0.595668
-0.317658
-0.221059
-0.123488
-0.296274
-0.258178
0.0900905
0.213025
-0.1402
-0.0848726
-0.030937
-0.0130816
-0.00347818
-0.00701742
-0.0123325
0.00137951
-0.00267207
0.00287252
-0.0101375
-0.000363055
-0.00279279
-0.00281352
0.000252592
-0.00294524
-0.00655063
0.00469162
-0.000486654
-0.00204772
0.000245395
0.000309221
0.00176125
-0.00313586
-0.00359543
-0.000162788
-0.00174637
0.00160669
-0.00239651
-0.00597936
0.00294606
0.000461089
0.0015492
-0.000397611
-0.00527428
-0.00282262
0.00260299
0.00386077
-0.000174531
-0.00618193
0.000272099
0.00210114
0.00033561
-0.00278543
0.00309
-0.000646163
-0.000566443
0.00196418
-9.22106e-05
-0.00278671
-0.00337925
0.00499749
-0.00184589
-0.00318698
0.00133824
-0.00292923
0.000601734
-0.00244707
0.00337514
-0.00342552
-0.000606589
0.000284395
0.00241011
0.000440889
-0.00132727
-0.00146474
0.00196297
-0.000848205
-0.00508627
0.00325788
0.00470526
-0.00322738
-0.00449988
-0.00106317
-0.00376916
0.00535494
-0.00130713
0.00179075
-0.00407071
0.00201295
-0.000380844
-0.000100533
-0.000854878
0.00144885
0.00023826
-0.00740145
0.000172229
0.00711314
-0.00043327
-0.000880576
0.000277378
0.000631739
4.31038e-05
0.00132021
0.000424623
-0.00437467
0.000526577
0.00154246
-0.00538355
0.000655631
0.00134221
0.00074338
-0.00310128
0.00166292
0.000282257
0.00338809
-0.000636183
-0.00229022
0.004289
-0.00149075
-0.00741937
0.00154154
0.00363788
-0.0010592
-0.00126728
0.000973277
0.00040195
-0.00126142
0.00394356
-0.00258744
0.000391903
0.0042731
-0.00614232
-0.000165114
-0.00198232
0.00404431
-0.00126742
0.000917268
-0.0027255
0.00525641
-0.00348241
-0.00283322
0.000367493
-0.00191384
0.00083149
-0.00332909
0.00702996
-0.000628631
-0.00331842
0.00297102
-0.00661415
0.00877909
-0.00144706
-0.000809205
-0.00633616
0.00703809
-0.0046098
0.000900814
-0.00124305
0.00530528
-0.00471442
9.22645e-05
0.00116688
0.00454348
-0.00139877
-0.0032861
0.00317166
-0.000170339
-0.000551903
-0.00351105
-0.00176963
0.000518311
0.00109922
-0.000278856
-0.000654495
0.000858051
-0.00259163
0.00168178
0.000689872
0.00146089
-0.000136695
-0.000133186
0.0044332
-0.00371761
-0.00374621
0.00281097
4.8874e-05
0.00156307
-0.00143777
-0.00594852
0.00741247
-0.00929451
0.00504807
-0.00795017
0.00494633
0.000268593
-0.000263386
-0.00210031
0.010663
-0.00559532
-0.00113955
-0.000625306
-0.000954644
0.00302121
-0.00255362
0.00235103
-0.00331994
0.00553609
-0.00539615
-0.000133372
-0.000485366
-0.00142019
0.00639802
-0.00293103
-0.00414851
0.00290614
0.00413136
-0.0052619
0.000250544
-0.00195586
0.000770559
0.000712886
0.000537741
0.00199978
0.00805491
-0.00172806
-0.00395756
-0.00390637
0.00347451
-0.00161398
-4.81906e-05
0.000809398
0.00081487
-0.00517503
0.00237235
0.00542807
-0.00157338
7.19137e-05
-0.00311602
-0.00208512
-0.00205654
0.00555935
0.000392695
-0.00246698
-0.000354082
0.00146202
-0.00606368
0.00239373
0.00320881
-0.000394576
-0.00349109
0.00238994
-0.00454157
0.00393451
0.00243047
-0.00604815
0.00490588
-0.00338256
0.00101388
0.00109789
-0.00111047
-0.00143732
-0.00405338
0.00440178
0.00196279
-0.000388907
0.0030184
-0.00457236
-0.000509111
0.00231093
-0.000912476
-0.00339112
0.00132579
0.0039587
0.000886592
-0.000150078
-0.00297345
-0.000550177
0.00083988
-0.000259349
-0.00123759
-0.000660215
-8.13116e-05
0.000309051
-0.000851917
0.00288568
-0.00188756
0.0049868
-0.00158081
-0.00301882
0.0034536
0.000863285
-0.00121672
-0.00220552
-0.00405267
0.00197458
9.91758e-05
-0.0043479
0.00626818
0.000266994
-0.00341271
-0.00580207
0.00221946
0.0059591
-0.00122418
-0.00107158
0.00361843
-0.0008177
-0.00302705
0.00405405
0.00321898
-0.00679005
0.00157344
0.000673763
-0.00646197
0.00236225
0.00341055
-0.000554142
0.00175701
-0.000534709
-0.00135641
-0.00284231
0.000460256
0.000386334
0.00373772
-0.000845944
-0.000928209
-0.00386581
0.000519461
-0.000207768
0.00268175
-0.00255758
0.00467097
0.00213026
-0.00859232
0.00330871
-0.00403854
0.00521643
-0.0033387
0.00242432
0.000700708
-0.00326661
0.00608823
-0.000247836
-0.00369396
-0.00227536
0.00185059
0.000407897
0.00509671
-0.00273416
-0.00157664
0.00233827
0.000128026
-0.00435479
0.0041397
-0.0026965
0.00321434
-0.00305217
0.004033
-0.00315264
-0.000823324
0.000111062
-0.0016214
0.00117023
-0.0014807
-0.00242325
-0.00205789
0.00471576
-0.0012117
0.00188252
-0.000963526
0.00155088
-0.00512479
-0.00043241
0.000406176
0.00852652
-0.00208945
-0.00385249
0.000147424
-0.00026171
0.00574449
-0.00566061
0.000754325
-0.00190924
0.00776674
-0.00512474
-0.00037697
0.000237814
-0.000486413
0.00239302
-0.000496394
0.000780099
0.00136273
0.000916633
-0.00398065
0.000237499
0.00266071
-0.00489441
-0.00247875
0.00512793
0.00202782
-0.00502822
-0.00218715
0.00305947
0.00442751
-0.00474007
-0.00367912
0.00273788
-0.000584982
0.00260931
-0.000959145
0.000201029
0.0032435
-0.00673572
0.00291887
0.00129378
0.000136182
-0.00236627
0.00712054
0.00161866
-0.00675903
0.000917588
0.00243399
-0.00659333
0.00389277
-0.0059818
0.00712771
-0.000976571
-0.000466757
-0.00248314
-0.00109286
0.00354943
-0.000262845
0.0055226
-0.00709648
-0.000159597
-0.000246655
0.00353129
-0.0021379
-0.000813022
-0.00495688
0.00694381
-0.00122231
-0.00148878
-0.00181823
0.00491161
-0.00323258
0.00194443
-0.00183702
-0.00176956
0.00438462
-0.00649552
0.000762575
0.00258759
0.00354351
-0.00210343
-0.00104642
-0.0024639
0.00235857
0.000726985
0.0022427
-0.00280929
0.00318063
0.00102923
2.16867e-05
-0.00036359
-0.00329539
-0.000706146
0.000339738
0.00079336
-0.000320365
-9.27456e-05
-0.000295076
0.00349817
-0.00497305
-0.0017439
0.00519974
0.000306615
-0.001548
0.000220773
-0.00154294
0.00161317
0.00184182
-0.00167319
-0.00437562
0.0055611
-0.000885825
-0.00153343
0.00172001
-0.00431828
0.00369181
-0.00235426
0.00242034
-0.00141911
-0.000504799
0.00370609
-0.0035051
0.00449319
-0.00438655
-0.000201625
-0.00213144
0.00315576
-0.00303539
-0.00195788
0.00442586
0.000752975
-0.00426832
0.0011236
0.00272691
0.00556025
-0.00721882
0.000303765
0.00348417
-0.00391123
0.00462383
-0.0023451
0.00190397
-0.00187506
-0.00462169
-0.000585763
0.00299237
0.00142481
-0.00196991
-0.00370324
0.00141878
-0.0019032
0.00563486
-0.00235116
0.00249313
-0.000763933
-0.000346732
0.000995879
0.00589711
-0.00561203
-0.00110532
0.00217473
0.0016945
-0.00546579
-0.00151646
0.000901289
0.00737637
-0.00443541
0.00110963
-0.00064918
-0.000308551
-0.0020493
0.000577048
-0.000715853
-0.000143743
0.000513667
0.00456173
-0.00192764
-0.00406954
0.000243871
0.00238539
-0.00145592
-0.00120134
-0.000582697
0.00342694
-0.00085041
-0.00300224
0.00209942
-0.00194293
0.00406264
0.000692961
0.00112265
-0.00308485
-0.0042347
0.00570445
-0.00384707
0.00159751
-0.00228125
-0.00567103
0.0106492
0.00190287
0.00120742
-0.004442
0.000242605
0.00332272
-0.00698291
-0.00271139
0.00474467
-0.00199109
0.000668407
-0.00315664
0.00350022
0.00153322
-0.0020248
0.00412871
-0.00262285
0.00345653
-0.00294075
-0.00202927
0.00194516
-0.00113061
0.00212669
-0.00204864
0.00246582
0.000497424
-0.00055854
-0.00454849
0.0037841
0.00538159
-0.00565455
0.00245752
0.00426776
-0.00557652
-0.00317926
0.0032734
-0.00307894
-0.00325204
0.00247693
0.00232054
0.000250688
0.000334271
0.00184648
-0.00650013
0.000286535
-0.0025141
0.00269421
0.00486045
0.000327292
0.0034219
-0.000927172
-0.00464341
-0.000478231
-0.00127718
0.000807203
0.000612472
0.00192078
-0.000340607
0.00145395
-0.00168235
-0.00421598
-0.000726046
0.00160912
0.000884352
0.00156235
0.00212281
-0.00194228
0.00232352
-0.00169627
-0.00171864
-0.000203737
-0.00386123
0.00421693
-0.00365265
0.00240084
-0.00102678
-0.00349205
0.00259616
0.00426065
0.00114398
-0.00605964
0.0016658
8.70788e-05
-0.00347101
0.0072151
-0.00370183
0.00867575
-0.00597054
0.000278289
-0.00130649
0.00411471
-0.000768537
-0.00326186
0.000592903
-0.000556733
-0.00647256
0.00448644
0.00142417
0.000637509
-0.00827453
0.00380335
0.00786915
-0.00523403
0.00347368
-0.000827051
-0.0010731
-0.00298034
-0.000703939
-0.000304099
-0.000303717
0.00270217
0.00336158
-0.00237492
-0.00246171
-0.00017525
0.00435806
2.4759e-05
-0.00131505
0.00176504
1.5102e-05
-0.0051421
0.000523127
0.00310734
-0.000476713
0.00397509
-0.003501
-0.00205203
-0.00014338
0.00510016
-0.00616267
0.00246281
0.00110638
-0.00311525
0.000327536
0.0020343
0.00447169
-0.00463878
0.00821599
-0.00761795
0.00208477
-0.000862549
-0.00312545
0.00322333
-0.00425409
-0.00257959
0.00245006
0.00123968
-0.00429502
0.00507339
-0.00022703
0.00156331
-0.00286555
6.3004e-05
0.000705171
-0.00196661
0.00843336
-0.0052018
-0.00103152
0.00216241
2.77725e-05
-0.00220512
0.000255492
0.00370632
-0.00436143
-0.00182576
0.00223653
-0.00124279
0.000713738
-0.00261792
0.000299188
0.00506802
0.00176857
-0.000110971
-0.00410235
-0.00152251
-0.00164453
0.00878809
-0.00242543
3.19609e-05
-0.000426605
-0.00191647
0.00112422
-0.00682177
0.00153885
-2.10179e-05
0.00496901
0.000685906
-0.000999327
-0.000879105
-0.00455339
0.00459598
-0.00033427
0.00468337
-0.00525903
-0.00207119
0.00195377
-6.80792e-06
0.000499183
0.00320127
-0.00905946
0.00379983
0.00168684
0.00613673
-0.00629131
0.00363733
-0.00341188
-0.00138668
-2.30309e-05
0.00209132
-0.00106726
0.000661635
-0.000130264
-0.00101495
0.000871489
0.00143827
0.00395634
-0.00801537
-0.00272274
9.24519e-05
0.00801792
-0.0036271
-0.00367896
0.00149874
0.004089
-0.00655179
0.00801264
0.00274054
-0.00369268
-0.000171318
0.0013144
-0.0033195
-0.00370026
0.00573554
0.00154268
0.00102119
-0.00582808
0.00194709
-0.00137593
-0.000392608
-0.00174655
0.00349215
-0.00413658
0.00502739
-0.000839232
0.0017383
-0.00257521
-0.00214298
0.00348938
-0.00449313
0.00421354
-0.000728377
0.00129704
-0.000352831
-0.00322096
0.001964
0.00360665
-0.00495702
-0.000391819
1.40474e-05
0.00153715
0.0057641
-0.00159092
-0.00438148
0.00318968
-0.000559637
0.0060542
-0.0052902
-0.00368871
0.00241145
-0.00392577
0.00328314
-0.000508659
0.000313134
-0.00270891
-0.00304605
-5.36301e-05
0.0103063
0.00290564
-0.00212173
-0.00317584
-0.00222448
-0.00813267
0.00242239
0.00427816
-0.000491985
0.000458653
0.00342268
-0.00634904
0.00649244
-0.00151524
-0.000140497
-0.000410199
-0.0018362
0.000685176
-0.00254726
0.00426286
-0.000738144
0.00270809
-0.00266085
-0.00073399
0.00106406
-0.00155299
-0.000469208
-0.00184513
0.00440323
-0.000307981
-0.000831447
-0.00293754
0.00762306
-0.0051119
-0.00548929
-0.00182169
0.00678233
-0.00327723
0.00411093
-0.00384154
0.00101949
0.00271746
7.60708e-05
-0.00502114
0.00124341
0.00159807
0.00278481
0.00323015
-0.00345771
-0.00302178
0.00429923
-0.00015195
-0.000769239
-0.00246526
0.000102007
0.00634816
-0.00539202
0.0026388
-0.00249524
0.00156809
0.00207105
-0.00312438
0.000249302
0.00231608
-0.00561577
-0.00287335
0.00508969
0.00117801
-0.000670011
0.000200572
-0.00114864
-0.00338438
0.00318478
-0.000100926
0.00349159
-0.00630085
0.00583189
0.000630611
-0.00140294
-0.000999743
0.0017689
0.00066845
-0.00242626
-0.000178798
7.97302e-05
0.000322635
-0.00227584
0.00391355
0.0024005
-0.00305547
-0.00428347
0.00303771
0.00197567
-0.000428711
-0.00268789
0.00116877
-0.00151659
0.00449348
-0.00839411
0.00300431
0.00209576
-0.00193245
-0.000100858
-0.00172453
0.00210112
-0.00302
0.00425852
0.000964384
0.00238867
-0.00397355
-0.000619427
0.00358456
-0.00370015
0.000294736
-0.00271432
0.000631039
-0.00582807
0.0103601
-0.00327003
0.00617879
-0.00713085
-0.00283133
0.00615421
-0.00306731
0.00135855
-0.00465842
0.0017544
0.00452931
-0.00160321
0.00119148
0.00364262
-0.00622591
0.00371088
-0.00670198
0.00534663
0.00141496
-0.00628922
0.00168085
-0.0011906
0.00319213
-0.00228108
0.00187801
0.00195872
-0.00197539
0.000137603
0.000212671
-0.00183753
0.00275409
0.00231004
-0.00440872
0.00415035
-0.00324877
-0.00327547
0.00466973
-0.000296843
-0.00282031
0.00505891
-0.00400269
-0.00438131
0.000444245
0.00204779
0.0015826
0.00177722
-0.000874348
-0.00467899
0.00288068
-0.00216594
0.00318196
0.00524293
0.00294559
-0.00474317
-0.00262283
-0.000602793
0.00174178
-0.00402792
0.00470783
-0.000357115
-0.00176118
-0.0019511
0.000667652
0.00103121
-0.0027934
0.00479501
0.000974929
-0.0016884
-0.000835149
-0.00592624
0.00559497
-0.000870008
0.00485809
-0.002522
-0.00176005
-0.00152051
-0.00159063
0.00321313
0.00239107
-0.000131712
-0.00121058
0.000224436
-0.00151721
-0.00129775
0.00637698
-0.00310288
-0.00346137
-0.000816591
0.00217311
0.002871
-0.0011077
-0.00176325
-0.004006
0.00470642
-0.0023191
-0.00317378
0.001705
0.00146771
0.000265823
0.00254871
0.00160317
-0.00429804
0.00267948
