-0.00699477
-0.00173748
-0.00257846
-0.00448715
-0.00880253
-0.00511124
-0.00692178
-0.00692178
-0.00997287
-0.00438906
-0.00699734
-0.00699734
-0.0048053
-0.00173748
-0.0084896
-0.00715842
-0.00307227
-0.00346826
-0.00683854
-0.0123371
-0.000242452
-0.00204821
-0.00864162
-0.00699477
-0.0031431
7.1936e-05
-0.00707793
-0.00873051
-0.00503325
0.000706025
-0.00683315
-0.00551241
-0.00503018
-0.00503018
-0.0124144
-0.00557905
-0.00340006
-0.00746579
-0.00582655
-0.005492
-0.00739255
-0.00700231
-0.0138272
-0.00872431
-0.00856102
-0.00692425
-0.00518922
-0.00731451
-0.00542607
-0.00707026
-0.00699477
-0.0105276
-0.00888685
-0.00134508
-0.00550967
-0.00848737
-0.00880253
-0.00488029
-0.00550687
-0.00393819
-0.00378578
-0.00731451
-0.00707793
-0.0108476
-0.000160789
-0.0105294
-0.0059018
-0.00723647
-0.0095138
-0.0055011
-0.00739017
-0.00369509
-0.00416518
-0.0107645
-0.00158207
-0.00558479
-0.00133723
-0.0051922
-0.00676303
-0.00708275
-0.00872212
-0.00981594
-0.0137476
-0.00307227
-0.00652328
-0.00652328
0.00186401
-0.00667684
-0.00667684
-0.00668228
-0.00487725
-0.00550967
-0.00503921
-0.00503921
-0.00190013
-0.00880037
-0.00283144
-0.0067656
-0.00823766
-9.14247e-05
-0.0081788
-0.00691666
-0.00315014
-0.00519512
-0.00989851
-0.00378265
-0.00487415
-0.0086503
-0.00699734
-9.79245e-06
-9.79245e-06
-0.00354607
-0.0102141
-0.00581852
-0.00495217
-0.00495217
-0.00510819
-0.00824537
-0.00307571
-0.00566548
-0.00204821
-0.00534812
-0.00330927
-0.00503626
-0.00566271
-0.00511124
-0.00873051
-0.0119421
-0.00880037
-0.00503018
-0.00699214
-0.0051922
-0.00369509
-0.00691925
-0.00535101
-0.00668228
-0.00864608
-0.0032989
-0.00880037
-0.0048645
-0.0102141
-0.00824285
-0.00314665
-0.00188913
-0.010694
-0.00338373
-0.00550401
-0.00495217
-0.00314665
-0.00691401
-0.0067656
-0.0103727
-0.0118636
0.00187754
-0.00354607
-0.00370488
-0.00778917
-0.0102925
-0.0028944
-0.0021222
-0.00888284
-0.00527307
-0.0031431
-0.00173372
-0.00692666
-0.00692178
-0.0035493
-0.000168962
-0.00315695
-0.00315357
-0.0100592
-0.0102906
-0.0102906
-0.0104561
-0.00849388
-0.00197419
-0.0102159
-0.00370802
-0.00370802
-0.00331261
-0.00520079
-0.00699734
-0.00574606
-0.0052672
-0.00299439
-0.00518619
-0.00691666
-0.00708037
-0.00543176
-0.00158207
-0.00181885
-0.00299087
-0.00707793
-0.0102177
-0.00518922
-0.00841135
-0.00316026
-0.00833083
-0.00346826
-0.00990422
-0.0106844
-0.0106844
-0.00707288
-0.0142979
-0.00864822
-0.00833083
-0.00683037
-0.00841135
-0.001656
-0.0106111
-0.0048023
-0.00903923
-0.00903923
-0.00338373
-0.00864608
-0.0137466
-0.00683037
-0.00707793
-0.0103761
-0.00668492
-0.00848508
-0.00503018
-0.00503018
-0.00518619
0.000210688
-0.012022
-0.00346495
-0.0106894
-0.00189652
-0.0033159
-0.00378885
-0.0101394
-0.00511124
-0.00707543
-0.00511717
-0.0051922
-0.00809118
-0.0052787
-0.00331261
-0.00347151
-0.00911742
-0.0107661
-0.00699477
-0.00165978
-0.00558479
-0.00339044
-0.00174117
-0.00582911
-0.0110041
-0.00495828
-0.00825921
-0.00896876
-0.00181517
-0.00526418
-0.00848737
-0.00385402
-0.00872212
-0.00691925
-0.00660144
-0.00496701
-0.00496701
-0.0100592
-0.00150811
-0.00363025
-0.0047181
-0.00857209
-0.00166715
-0.011628
-0.00645054
-0.00518619
-0.00825255
-0.00494903
-0.0084896
-0.0103744
-0.00393504
-0.00503921
-0.00503921
-0.00668492
-0.00699477
-0.00386354
-0.00519798
-0.00675774
-0.00692178
-0.00323143
-0.00839953
-0.00636413
-0.00707543
-0.007156
-0.00895683
-0.00707793
-0.00707793
-0.00692666
-0.00683854
-0.00198132
-0.00823766
-0.00833309
-0.00331261
-0.00354607
-0.00636413
-0.00880868
-0.00691401
-0.001656
-0.00699986
-0.00307227
-0.00566271
-0.00840443
-0.00511423
-0.00511423
0.0017866
-0.001656
-0.00683854
-0.00691401
-0.00510191
-0.00323143
-0.00816704
-0.00864822
-0.00809361
-0.00329532
-0.00361726
-0.00510819
-0.0051922
-0.00620483
0.00180009
-0.0017299
-0.0017299
-0.00353601
-0.00400635
-0.00503626
-0.00747057
-0.00188535
-0.00204452
-0.00903505
-0.00903505
-0.00715352
-0.012022
-0.012022
-0.00643945
-0.00361726
-0.00361386
-0.00149277
-0.00315014
-0.00731212
-0.00487099
-0.0103727
-0.0105294
-0.00543451
-0.00385402
-0.0104561
-0.00706759
-0.00346495
-0.00566271
-0.0104511
-0.0104511
-0.00582655
-0.00692425
-0.00871988
-0.00707026
-0.00715098
-0.00362387
-0.00362387
-0.0036206
-0.00188913
-0.00691401
-0.0120192
-0.00723406
-0.00338711
-0.00338711
-0.00896692
-0.00691925
-0.00322801
-0.00329532
-0.00338711
-0.00323478
-0.0052672
-0.00707543
-0.00204452
-0.00715352
-0.0107661
-0.00722114
-0.00722114
-0.00527016
-0.00346826
-0.00346826
-0.00683315
-0.00393504
-0.00393504
-0.00919948
-0.00582393
-0.00730716
-0.00377292
-0.00542607
-0.00378885
-0.00378885
-0.00698945
-0.0107645
-0.0117002
-0.00879814
-0.0123332
-0.00337323
-0.00549813
-0.00150055
-0.0055011
-0.0055011
-0.00385725
-0.00165217
-0.00534517
-0.00534517
-0.00566548
-0.00707288
-0.00188913
-0.00535101
-0.0109211
-0.0109211
-0.00880464
-0.00722907
-0.0142987
-0.0124902
-0.00376955
-0.00903505
-0.0033622
-0.00847786
-0.00864162
0.00141292
-0.00550687
-0.00746821
-0.00856562
-0.00856562
-0.006755
-0.00543451
-0.00338711
-0.00714838
-0.0105258
-0.0051922
-0.00369841
-0.00369841
-0.00534517
-0.00832613
-0.0103744
-0.0102906
0.00163181
0.00163181
-0.00754625
0.00149034
-0.00354607
-0.0104474
-0.0018815
-0.00518922
-0.00518922
-0.00299439
-0.00511423
-0.00518922
-0.0088786
-0.0088786
-0.0121776
-0.00370167
-0.0036206
-0.0035493
0.000145344
-0.0084068
-0.0084068
-0.00534517
-0.00676303
-0.0103671
-0.00762888
-0.00180763
-0.0123395
-0.00676303
-0.00479924
-0.0120192
-0.0120192
-0.00385073
-0.00534812
-0.0103651
-0.0103651
-0.00715352
-0.00470498
-0.00684861
-0.00455879
-0.00841135
-0.0104493
-0.00495525
-0.00684114
-0.00213306
-0.012022
-0.0106142
-0.00519512
-0.00715352
-0.00542607
-0.00542607
-0.0067522
-0.00558758
-0.00692178
-0.00731451
-0.00699986
-0.00369841
-0.00339044
-0.0048053
-0.00643945
-0.013267
-0.00402206
-0.00321741
-0.00927762
-0.00927762
-0.00731212
-0.0103744
-0.00864608
-0.00864608
-0.00707793
-0.00700231
-0.00700231
-0.00700471
-0.00738773
-0.00738773
-0.00511124
-0.00708037
-0.00708037
-0.0102102
-0.00495217
-0.0084896
-0.00353601
-0.0084068
-0.0124928
-0.0124928
-0.00716079
-0.00330241
-0.00503018
-0.00503018
-0.0036206
-0.00542607
-0.00864162
-0.00896306
-0.00708508
-0.00621574
-0.00534217
-0.0123359
-0.0123359
-0.000482985
-0.00542607
-0.00542607
-0.00700471
-0.0106142
-0.0106142
-0.00841566
-0.00841566
-0.00479295
-0.0117035
-0.0117035
-0.00707793
-0.00872431
-0.00872431
-0.00198132
-0.00182604
-0.0102906
-0.0118621
-0.0084068
-0.00165217
-0.00165217
-0.00330587
-0.00181885
-0.00503921
-0.00692425
-0.00912677
-0.00322454
-0.00463359
-0.0124928
-0.0035493
-0.0044672
-0.0042461
-0.0108444
-0.00503626
-0.00503626
-0.00322801
-0.00888284
-0.00707288
-0.00338711
-0.00904866
-0.0071631
-0.0071631
-0.00495525
-0.00495828
-0.00495828
-0.00205185
-0.00355248
-0.00355248
-0.00511423
-0.0101357
-0.0104561
-0.00181517
-0.00181517
-0.00692425
-0.00676303
-0.0102177
-0.0034747
-0.0033937
-0.00307227
-0.00857
-0.0122547
-0.0122547
-0.00700231
-0.00173748
-0.00315695
-0.00692666
-0.00157828
-0.00157828
-0.00684369
-0.00190013
-0.0138263
-0.0138263
-0.00872643
-0.00487415
-0.00669002
-0.00997694
-0.00527016
-0.00527016
-0.00692425
-0.00888284
-0.00141894
-0.00660144
-0.00543176
-0.00495217
-0.00393504
-0.00723406
-0.00393504
-0.00378578
-0.00378578
-0.00739255
-0.00196683
-0.00920313
-0.00920313
-0.0122547
-0.00700231
-0.00700231
-0.00582393
-0.00589914
-0.0105311
-0.000556556
-0.0124902
-0.00566818
-0.000246493
-0.00370802
-0.00370802
-0.00534812
-0.00699214
-0.00762888
-0.0067656
-0.00519798
-0.00692178
-0.010846
-0.00707793
-0.00503626
-0.00699734
-0.00699734
-0.00377622
-0.00197054
-0.00510819
-0.00510819
-0.00707793
-0.00707543
-0.00708037
-0.010369
-0.0101357
-0.0101357
-0.00518922
-0.00378265
-0.00378265
-0.0002544
-0.00164828
-0.00164828
0.00344135
0.00863792
0.0103544
0.00352351
0.00227437
0.0111694
0.0556465
0.0474062
0.0474062
0.056042
-0.0418902
-0.286693
-0.286693
-0.00250316
-0.00100558
-0.00100558
0.00394584
0.0331167
0.115349
0.155787
0.161179
0.161179
0.162211
0.172298
0.170601
0.177371
0.179653
0.180064
0.178016
0.183805
0.183476
0.185501
0.181735
0.187859
0.190838
0.196528
0.192835
0.196733
0.194275
0.194688
0.200521
0.189909
0.198456
0.198715
0.199383
0.199383
0.20402
0.204624
0.203907
0.204334
0.202744
0.210155
0.210155
0.204573
0.206504
0.208309
0.206567
0.209544
0.21144
0.21144
0.210081
0.214005
0.214005
0.211794
0.209896
0.213723
0.220224
0.218827
0.211679
0.211679
0.208423
0.210427
0.214097
0.208748
0.209102
0.21245
0.21245
0.215456
0.217527
0.215537
0.212002
0.214015
0.221653
0.219137
0.216256
0.221529
0.224838
0.217386
0.219492
0.214284
0.219724
0.221846
0.215326
0.198539
0.112286
0.0781882
0.0400906
0.01971
0.019904
0.0149923
0.00949825
0.0146332
0.0150071
0.0182483
0.0166692
0.017904
0.0235761
0.0200385
0.017768
0.0112343
0.0112343
0.0146184
0.00981732
0.0129854
0.0129854
0.0110683
0.0177601
0.0108389
0.0129019
0.00967657
0.00951058
0.0113939
0.014862
0.0130407
0.0162807
0.00770373
0.0113873
0.0113873
0.0106988
0.00638101
0.0169981
0.0169981
0.00447018
0.012888
0.0179119
0.0130477
0.0115045
0.0115045
0.0132148
0.0125825
0.011421
0.0110047
0.0168784
0.018401
0.013657
0.0190376
0.0154916
0.0229841
0.0179995
0.0248505
0.0161976
0.0159678
0.0175146
0.0162062
0.0138417
0.0231261
0.0248165
0.0138258
0.0190285
0.0143264
0.0210677
0.016104
0.0143019
0.014524
0.014524
0.0158146
0.0192664
0.0141565
0.0158827
0.0179319
0.0224418
0.0228219
0.0195138
0.019123
0.019123
0.0157296
0.0157296
0.0120152
0.0106952
0.0154751
0.0208583
0.015738
0.0191322
0.0178466
0.0194282
0.0137336
0.0110108
0.0110108
0.0191901
0.0190376
0.0172091
0.0145484
0.0157978
0.022574
0.0147552
0.0100798
0.00857335
0.00857335
0.0169739
0.153894
0.230207
0.113558
0.114265
0.110537
0.108762
0.113715
0.108609
0.109942
0.1092
0.106758
0.106526
0.114113
0.11533
0.110063
0.108144
0.109004
0.11207
0.112029
0.109445
0.110337
0.110337
0.1136
0.111833
0.111991
0.113913
0.111436
0.118476
0.114978
0.114978
0.113326
0.117256
0.112303
0.118515
0.115095
0.115095
0.115057
0.108418
0.115683
0.118945
0.112227
0.116942
0.116942
0.117177
0.111679
0.108223
0.108223
0.115527
0.115761
0.115761
0.119063
0.111603
0.114075
0.113722
0.106416
0.117178
0.11207
0.114192
0.120243
0.115292
0.115292
0.11545
0.115212
0.112149
0.11706
0.117216
0.113405
0.111795
0.116942
0.113836
0.111682
0.11148
0.11148
0.118241
0.115526
0.11706
0.116198
0.118671
0.117216
0.117216
0.116355
0.115333
0.114549
0.114549
0.11655
0.119064
0.116551
0.116551
0.111912
0.119852
0.119852
0.119852
0.117099
0.114704
0.11702
0.11702
0.118476
0.114785
0.118985
0.121895
0.121426
0.117138
0.113057
0.118162
0.120636
0.118593
0.116786
0.116786
0.119064
0.119064
0.116863
0.119063
0.118828
0.117609
0.117609
0.120204
0.11871
0.11871
0.115373
0.122089
0.11537
0.122285
0.122285
0.118945
0.118554
0.118789
0.113722
0.113057
0.116434
0.113092
0.11706
0.118436
0.116668
0.111641
0.111641
0.113407
0.116668
0.111645
0.111645
0.11494
0.120794
0.113839
0.113839
0.116903
0.118593
0.116942
0.11545
0.119299
0.118671
0.113293
0.11871
0.116747
0.129167
0.11549
0.11376
0.11376
0.11376
0.12036
0.117178
0.118946
0.117139
0.12036
0.12036
0.116825
0.120596
0.120596
0.118828
0.113994
0.117491
0.116747
0.117257
0.116786
0.116786
0.118084
0.118945
0.11663
0.118358
0.120165
0.11659
0.11659
0.115059
0.116668
0.119969
0.118749
0.116904
0.111758
0.120282
0.118945
0.116866
0.111525
0.122091
0.116668
0.118632
0.122401
0.11918
0.117217
0.120008
0.11494
0.120518
0.118632
0.113722
0.118671
0.120635
0.120321
0.116591
0.116591
0.116903
0.116709
0.115294
0.115294
0.119063
0.118788
0.115371
0.115371
0.123665
0.11498
0.115214
0.115214
0.119969
0.118436
0.115137
0.123977
0.116943
0.116943
0.11663
0.121893
0.11753
0.12036
0.119891
0.113719
0.113719
0.118514
0.124566
0.118906
0.115254
0.11702
0.11506
0.118749
0.116708
0.120517
0.114354
0.114354
0.122129
0.121971
0.123743
0.116864
0.118828
0.116865
0.117648
0.120831
0.110113
0.120595
0.120008
0.118476
0.116747
0.120556
0.116551
0.117099
0.117099
0.115252
0.116943
0.116943
0.120203
0.120124
0.115214
0.115214
0.120243
0.1171
0.116787
0.118749
0.109797
0.116397
0.115725
0.117295
0.116786
0.114863
0.120791
0.1171
0.1171
0.12044
0.114902
0.118319
0.116239
0.121504
0.121504
0.111367
0.115685
0.116787
0.118671
0.113369
0.121775
0.121775
0.120125
0.122009
0.122009
0.123899
0.118749
0.116943
0.116943
0.11459
0.113288
0.113288
0.121699
0.121699
0.121893
0.119813
0.109793
0.120556
0.119063
0.120595
0.121698
0.120556
0.120556
0.111288
0.11184
0.11184
0.118202
0.119969
0.115177
0.116983
0.116904
0.116904
0.118358
0.116395
0.111679
0.115135
0.118436
0.121815
0.117491
0.117491
0.122602
0.122602
0.118632
0.123818
0.115252
0.115252
0.121659
0.114745
0.115137
0.121893
0.118632
0.112979
0.112979
0.118828
0.120242
0.120242
0.118985
0.120321
0.117099
0.120635
0.118749
0.12162
0.120047
0.116708
0.120008
0.1204
0.1204
0.122245
0.113448
0.122444
0.117335
0.120087
0.116786
0.118202
0.11663
0.116943
0.122285
0.121502
0.118397
0.118397
0.120909
0.114666
0.120048
0.118319
0.115099
0.115333
0.115333
0.120048
0.11145
0.118593
0.116943
0.115411
0.120086
0.120086
0.118789
0.120713
0.124404
0.116983
0.120595
0.120595
0.117099
0.124285
0.120516
0.1138
0.115059
0.11706
0.114904
0.120438
0.122444
0.115175
0.113412
0.11541
0.125507
0.11341
0.11918
0.117413
0.117413
0.112035
0.12417
0.118671
0.118671
0.12036
0.121696
0.120437
0.120398
0.121105
0.119968
0.114668
0.117766
0.120399
0.120399
0.122479
0.125736
0.117374
0.120398
0.117256
0.117061
0.114946
0.119062
0.119062
0.117648
0.120907
0.120907
0.122401
0.115413
0.115413
0.1171
0.120164
0.116866
0.116866
0.118475
0.115527
0.115527
0.113917
0.121145
0.116944
0.122675
0.121065
0.118358
0.115607
0.119102
0.11871
0.11871
0.116983
0.115254
0.119024
0.115801
0.115488
0.117217
0.120282
0.118476
0.118749
0.117413
0.118436
0.118632
0.118671
0.114942
0.120362
0.118827
0.118827
0.115294
0.119102
0.119102
0.11184
0.111953
0.120595
0.120595
0.122205
0.119023
0.119023
0.120399
0.118632
0.115528
0.115528
0.113765
0.118632
0.120868
0.11871
0.118867
0.118867
0.118827
0.115451
0.114196
0.114196
0.123896
0.115491
0.115491
0.120477
0.118788
0.118984
0.120869
0.116865
0.114942
0.117413
0.117413
0.116631
0.123695
0.118788
0.11376
0.118945
0.118554
0.114982
0.117022
0.117022
0.117101
0.115018
0.116749
0.113415
0.118945
0.11553
0.115881
0.116903
0.118906
0.122399
0.122399
0.118984
0.122401
0.122675
0.11714
0.119062
0.119062
0.118554
0.122517
0.120516
0.120516
0.120555
0.115568
0.117335
0.115371
0.123697
0.118945
0.118945
0.113488
0.118515
0.115175
0.116475
0.116826
0.118397
0.118397
0.121383
0.120165
0.120281
0.116825
0.116825
0.112708
0.11871
0.120869
0.115411
0.119023
0.119023
0.117217
0.120046
0.120322
0.12456
0.12036
0.116982
0.119063
0.119063
0.121065
0.114001
0.114001
0.117178
0.122047
0.120086
0.116865
0.116865
0.11706
0.11706
0.113724
0.120359
0.125854
0.114154
0.122519
0.122519
0.117962
0.125699
0.121262
0.120868
0.115413
0.117218
0.120124
0.116592
0.124519
0.11753
0.122243
0.120125
0.122243
0.115804
0.115804
0.114077
0.122635
0.122559
0.120359
0.120359
0.111964
0.118906
0.122439
0.114034
0.122243
0.125854
0.120125
0.118945
0.117335
0.118788
0.118788
0.120907
0.117492
0.115373
0.115373
0.115411
0.117687
0.117687
0.115572
0.115608
0.115608
0.117296
0.119298
0.115961
0.118945
0.120439
0.116708
0.119219
0.121378
0.117257
0.118514
0.118514
0.118671
0.113448
0.120437
0.124011
0.118788
0.120242
0.120242
0.114942
0.120125
0.118945
0.120281
0.115764
0.120359
0.120359
0.120673
0.118906
0.120869
0.113646
0.121655
0.118945
0.119141
0.115411
0.1138
0.117491
0.1171
0.119258
0.119298
0.117688
0.116944
0.116944
0.120359
0.117179
0.125817
0.115842
0.120438
0.117727
0.122673
0.121064
0.114507
0.119337
0.115608
0.115373
0.117413
0.117805
0.117296
0.1213
0.122439
0.120711
0.120711
0.120869
0.117217
0.117217
0.12079
0.11918
0.115491
0.11871
0.118749
0.118475
0.118514
0.115685
0.122321
0.122321
0.119376
0.120477
0.11757
0.120711
0.11918
0.11918
0.120477
0.119023
0.121065
0.118867
0.120516
0.119141
0.117062
0.113532
0.120791
0.120791
0.118827
0.120046
0.120046
0.115141
0.125895
0.120673
0.113139
0.12417
0.110662
0.110662
0.117217
0.122595
0.122713
0.120399
0.123859
0.123859
0.122127
0.124285
0.120711
0.120711
0.122555
0.119023
0.122164
0.120986
0.121064
0.115687
0.114789
0.11757
0.120711
0.114156
0.118906
0.115137
0.122517
0.122517
0.124009
0.120947
0.118945
0.120437
0.120633
0.120791
0.119102
0.119141
0.12193
0.12413
0.123931
0.120791
0.120791
0.119141
0.117257
0.122439
0.120829
0.120632
0.120438
0.124522
0.125429
0.11278
0.120751
0.118749
0.11757
0.124756
0.124756
0.119612
0.122789
0.12912
0.117609
0.125973
0.118749
0.118749
0.119375
0.11871
0.125658
0.122635
0.116474
0.122401
0.122009
0.122401
0.120868
0.120672
0.119141
0.11918
0.122047
0.120242
0.120242
0.120242
0.122436
0.119063
0.122595
0.116944
0.118945
0.122283
0.118358
0.119023
0.121064
0.122165
0.117256
0.122675
0.122675
0.117257
0.12122
0.11918
0.11918
0.11235
0.117493
0.12075
0.12075
0.122515
0.121416
0.117336
0.119415
0.119415
0.122359
0.11392
0.119415
0.117218
0.118515
0.11557
0.11557
0.120437
0.127861
0.120438
0.124953
0.122713
0.122243
0.118827
0.120046
0.120046
0.119298
0.12075
0.124444
0.120711
0.119141
0.119141
0.113882
0.11396
0.11396
0.122165
0.123968
0.11914
0.11914
0.123968
0.121025
0.121025
0.119023
0.115727
0.120633
0.1171
0.122439
0.122127
0.118906
0.115334
0.124245
0.124245
0.119533
0.119533
0.120476
0.119141
0.12601
0.12601
0.115687
0.119337
0.120868
0.115648
0.117375
0.122713
0.119102
0.123974
0.121142
0.118906
0.115608
0.124049
0.124049
0.120242
0.125189
0.11357
0.115373
0.119023
0.123619
0.122555
0.117178
0.117178
0.119023
0.122751
0.119258
0.119258
0.120439
0.120477
0.120829
0.115765
0.122397
0.122477
0.118671
0.120868
0.117335
0.117335
0.125658
0.122832
0.121378
0.122008
0.116984
0.121025
0.12374
0.12374
0.118671
0.118749
0.118749
0.122751
0.122009
0.122323
0.120828
0.119023
0.126014
0.11918
0.11549
0.116904
0.117139
0.117139
0.120751
0.117179
0.117179
0.119023
0.12079
0.122439
0.119258
0.118632
0.11361
0.117571
0.119101
0.12193
0.12193
0.12554
0.126599
0.126014
0.126014
0.11553
0.120633
0.123853
0.122361
0.117178
0.117178
0.119533
0.115608
0.122165
0.122595
0.122595
0.120477
0.121064
0.121064
0.122359
0.122359
0.118593
0.120633
0.124011
0.124011
0.124011
0.120281
0.123893
0.120321
0.12079
0.122479
0.119063
0.121969
0.121969
0.124167
0.123619
0.118436
0.115371
0.115371
0.115296
0.118749
0.118906
0.11706
0.125736
0.119023
0.120633
0.118906
0.126092
0.117531
0.125703
0.122479
0.122479
0.121377
0.122399
0.118749
0.119258
0.123775
0.122475
0.124167
0.122751
0.122517
0.118593
0.124127
0.123778
0.123778
0.119141
0.11918
0.118749
0.116672
0.113841
0.122751
0.120829
0.122635
0.121102
0.122947
0.117296
0.124167
0.121222
0.118788
0.116313
0.119689
0.124049
0.121064
0.120359
0.118906
0.122203
0.120672
0.122281
0.123971
0.120163
0.122869
0.120633
0.119062
0.120516
0.117257
0.117374
0.120673
0.124089
0.122127
0.118788
0.122517
0.118749
0.117178
0.117178
0.122947
0.120477
0.117492
0.120554
0.122089
0.116944
0.120319
0.122479
0.123968
0.120791
0.118632
0.119532
0.122401
0.120595
0.122832
0.122832
0.122671
0.120595
0.117335
0.120828
0.117414
0.126599
0.122479
0.12126
0.119258
0.121183
0.121183
0.117884
0.122049
0.122597
0.122086
0.123775
0.123775
0.123775
0.118436
0.120437
0.118749
0.122086
0.120438
0.120438
0.122165
0.122203
0.122203
0.124205
0.118632
0.120398
0.123222
0.120946
0.122202
0.120947
0.122751
0.118945
0.118945
0.115804
0.129192
0.122751
0.12621
0.123971
0.123971
0.122947
0.120828
0.122441
0.122441
0.122753
0.117062
0.117062
0.119376
0.122515
0.122515
0.122671
0.121812
0.120554
0.119415
0.118436
0.116905
0.116905
0.116827
0.121892
0.122207
0.122127
0.122519
0.122319
0.12032
0.124563
0.11671
0.123933
0.123775
0.118632
0.120359
0.120359
0.115294
0.125817
0.122399
0.118632
0.120672
0.125817
0.125817
0.119063
0.120594
0.122439
0.127587
0.122047
0.122008
0.122008
0.121892
0.124009
0.127432
0.130926
0.12154
0.122165
0.122165
0.124052
0.118788
0.118788
0.117257
0.12574
0.122557
0.127505
0.120281
0.118593
0.122283
0.122283
0.120633
0.121774
0.123622
0.114904
0.121815
0.111686
0.120751
0.120751
0.120164
0.116866
0.124092
0.11753
0.122361
0.123856
0.123856
0.116396
0.123542
0.118827
0.122359
0.11396
0.119024
0.119024
0.117335
0.122869
0.118749
0.120906
0.122047
0.118436
0.121774
0.122401
0.123893
0.118984
0.118984
0.117139
0.124167
0.124167
0.124009
0.120751
0.122008
0.124326
0.121183
0.113722
0.121262
0.121423
0.124285
0.124285
0.127354
0.125821
0.125821
0.125666
0.122638
0.12413
0.118749
0.120242
0.120711
0.124634
0.11753
0.11753
0.116944
0.116866
0.122519
0.118827
0.123619
0.125854
0.125854
0.122165
0.118945
0.120831
0.120831
0.122361
0.125581
0.125581
0.126014
0.127505
0.118827
0.120516
0.123735
0.118749
0.118749
0.122245
0.122401
0.123775
0.127354
0.11871
0.117101
0.122283
0.122321
0.125817
0.124557
0.127391
0.12735
0.12735
0.119968
0.122401
0.124049
0.117141
0.11871
0.11871
0.118867
0.11918
0.117413
0.119533
0.120476
0.115139
0.118867
0.120554
0.124046
0.124638
0.125929
0.11553
0.124049
0.117296
0.12436
0.12436
0.118906
0.120203
0.125777
0.122241
0.122557
0.121025
0.123579
0.120242
0.122283
0.118906
0.118906
0.116593
0.116593
0.118632
0.125544
0.118984
0.118984
0.120359
0.123738
0.123738
0.123617
0.124205
0.124205
0.122399
0.117257
0.122203
0.122203
0.122359
0.122361
0.12032
0.116984
0.118632
0.116789
0.122441
0.124712
0.12432
0.12432
0.125932
0.124401
0.123142
0.122673
0.123063
0.11871
0.115296
0.123695
0.11914
0.121024
0.121024
0.117648
0.117648
0.124476
0.117453
0.117453
0.12122
0.122437
0.120319
0.117531
0.125736
0.121613
0.121613
0.120829
0.120358
0.122633
0.123182
0.124285
0.118788
0.118788
0.118788
0.123891
0.123891
0.122945
0.117022
0.117022
0.130688
0.121219
0.119062
0.121456
0.124127
0.119454
0.120906
0.124009
0.124167
0.124519
0.124594
0.121024
0.124868
0.122086
0.118827
0.122125
0.126284
0.11914
0.124245
0.124046
0.124363
0.124245
0.120827
0.117727
0.117727
0.115923
0.122753
0.122753
0.124712
0.122753
0.122593
0.125854
0.125854
0.124323
0.124323
0.125891
0.129745
0.117101
0.117101
0.121298
0.123182
0.123182
0.118906
0.126206
0.124162
0.122945
0.124675
0.12122
0.121063
0.121063
0.121063
0.119297
0.119258
0.119415
0.124438
0.119963
0.119963
0.119141
0.122008
0.123968
0.113765
0.120984
0.122709
0.123101
0.121337
0.119454
0.119454
0.117375
0.122633
0.124205
0.119454
0.11965
0.117962
0.11918
0.126169
0.122751
0.128099
0.11871
0.122319
0.119689
0.120906
0.120986
0.120986
0.129192
0.120476
0.120476
0.123026
0.123026
0.119415
0.126165
0.11761
0.122709
0.122709
0.117453
0.124164
0.124164
0.121064
0.116393
0.115886
0.115886
0.121102
0.121453
0.116471
0.116471
0.121219
0.123104
0.123104
0.124282
0.117924
0.121024
0.121024
0.116237
0.119924
0.119924
0.124949
0.119062
0.12601
0.119768
0.119768
0.124591
0.120711
0.11808
0.122945
0.122945
0.119532
0.122439
0.117766
0.117766
0.122475
0.121024
0.122985
0.122985
0.119493
0.123179
0.123456
0.117845
0.119258
0.119258
0.113573
0.12428
0.124638
0.117414
0.122829
0.122475
0.122475
0.119571
0.126362
0.121259
0.124124
0.113922
0.113922
0.115493
0.116041
0.118984
0.117727
0.12334
0.12334
0.120907
0.121533
0.121533
0.119728
0.12071
0.122947
0.117492
0.119415
0.119532
0.124709
0.124709
0.123378
0.12012
0.12012
0.122787
0.124049
0.124675
0.119023
0.122591
0.113692
0.126088
0.116984
0.124871
0.122633
0.122318
0.122829
0.122829
0.126358
0.12518
0.12122
0.117375
0.118945
0.117571
0.117571
0.122711
0.1211
0.1211
0.122669
0.120121
0.115652
0.117845
0.117845
0.122436
0.122905
0.122827
0.117374
0.122709
0.11918
0.123063
0.117806
0.121611
0.11761
0.124868
0.115963
0.122553
0.121573
0.121337
0.119688
0.123184
0.119885
0.11918
0.11918
0.115336
0.115336
0.12436
0.126366
0.119101
0.119101
0.121179
0.122593
0.122593
0.124202
0.121064
0.124513
0.117376
0.128167
0.124631
0.124631
0.127893
0.11761
0.121063
0.124912
0.122318
0.126436
0.126436
0.121141
0.124398
0.124675
0.12479
0.119415
0.120828
0.128126
0.123066
0.123066
0.119258
0.121219
0.120789
0.120671
0.120984
0.119023
0.119023
0.124594
0.123222
0.123222
0.126599
0.129228
0.127423
0.122084
0.11914
0.12322
0.121182
0.11918
0.119219
0.119219
0.120789
0.12479
0.12479
0.119337
0.119062
0.123262
0.122437
0.119611
0.124009
0.124009
0.122751
0.122437
0.11965
0.122749
0.126092
0.127934
0.119258
0.118632
0.124946
0.11965
0.121024
0.126476
0.126321
0.122517
0.12326
0.122749
0.121063
0.121063
0.126403
0.12075
0.119101
0.118906
0.119258
0.123063
0.122907
0.11961
0.124435
0.124435
0.124591
0.119258
0.119258
0.128167
0.124205
0.124205
0.120789
0.126325
0.121142
0.125851
0.124441
0.11761
0.11761
0.124164
0.124479
0.124834
0.121102
0.126092
0.118906
0.11914
0.117453
0.124557
0.126125
0.120905
0.117766
0.126325
0.124401
0.124401
0.120789
0.122789
0.117453
0.120906
0.118906
0.119493
0.119493
0.117531
0.122671
0.122829
0.122829
0.122517
0.122867
0.128007
0.124164
0.1213
0.122595
0.122595
0.122713
0.124205
0.124205
0.114586
0.128089
0.128089
0.122593
0.122671
0.119298
0.120789
0.12436
0.122437
0.12554
0.116001
0.122553
0.124282
0.124282
0.119336
0.122359
0.122633
0.11914
0.126206
0.063823
0.063823
0.0670971
0.0680479
0.0680479
0.0837949
0.106485
0.123968
0.123968
0.114235
0.127158
0.127158
0.13151
0.120946
0.124441
0.128007
0.124202
0.123966
0.124009
0.120749
0.124242
0.123655
0.11871
0.122359
0.118749
0.130836
0.122124
0.12385
0.119023
0.12962
0.120436
0.122749
0.12428
0.126595
0.123968
0.123968
0.126047
0.126047
0.127505
0.125614
0.125614
0.127779
0.122241
0.123848
0.120828
0.124084
0.124006
0.124006
0.122124
0.129388
0.1293
0.127582
0.124557
0.120906
0.126321
0.123968
0.119219
0.120906
0.122436
0.129388
0.120593
0.129549
0.127341
0.125773
0.125851
0.118867
0.118867
0.124476
0.123853
0.124006
0.124006
0.122397
0.125932
0.122671
0.126088
0.12373
0.122947
0.122947
0.119375
0.11875
0.121219
0.124164
0.126321
0.11918
0.122475
0.125814
0.128291
0.128291
0.118359
0.120475
0.127852
0.123813
0.124242
0.117688
0.124323
0.124086
0.120984
0.122086
0.122086
0.125773
0.127464
0.127464
0.120945
0.117414
0.127072
0.12079
0.11871
0.111926
0.111926
0.128918
0.130801
0.117179
0.117179
0.11565
0.113922
0.113922
0.118945
0.127541
0.127541
0.120554
0.108666
0.118593
0.123853
0.113217
0.124009
0.110354
0.11714
0.115844
0.115844
0.11914
0.124121
0.124121
0.112313
0.111259
0.112354
0.120438
0.125658
0.125581
0.125581
0.113689
0.112429
0.117179
0.124282
0.124084
0.123966
0.123966
0.117454
0.110512
0.115531
0.120711
0.125888
0.125888
0.115415
0.110081
0.110081
0.115103
0.129186
0.12601
0.12601
0.114237
0.115413
0.115413
0.117376
0.126206
0.125807
0.117219
0.11765
0.114082
0.114082
0.119415
0.12479
0.124479
0.119258
0.117298
0.117415
0.117415
0.124516
0.124282
0.122437
0.11761
0.119532
0.119062
0.111889
0.121142
0.123023
0.125969
0.115376
0.117297
0.115846
0.118867
0.11918
0.120983
0.126128
0.117376
0.120711
0.119258
0.12071
0.121063
0.119454
0.122006
0.11914
0.117454
0.11761
0.124317
0.12228
0.11914
0.11914
0.120788
0.120788
0.124084
0.117414
0.119062
0.122553
0.125966
0.120671
0.122711
0.11918
0.115769
0.127696
0.11361
0.121259
0.122202
0.122202
0.117806
0.122789
0.118906
0.118906
0.117297
0.120436
0.119101
0.117962
0.120711
0.118788
0.122751
0.117022
0.117022
0.122359
0.119493
0.112159
0.124127
0.12432
0.12432
0.121889
0.118945
0.118945
0.120319
0.122555
0.120476
0.120476
0.119258
0.115572
0.119141
0.122437
0.12224
0.119101
0.115574
0.119375
0.117415
0.122202
0.12224
0.120905
0.123139
0.123061
0.117338
0.114004
0.113925
0.119415
0.119219
0.119493
0.122358
0.121062
0.117611
0.124164
0.118867
0.117414
0.120711
0.119062
0.122437
0.119571
0.119571
0.115805
0.115805
0.119258
0.119258
0.122865
0.118945
0.115024
0.113922
0.119689
0.117024
0.124162
0.11561
0.115648
0.11871
0.12228
0.113849
0.113849
0.11914
0.117024
0.119023
0.124205
0.117688
0.124638
0.115298
0.124162
0.12016
0.117142
0.119415
0.124199
0.124709
0.124709
0.117767
0.12475
0.117688
0.1211
0.122514
0.122553
0.122553
0.117219
0.115415
0.119297
0.117845
0.119924
0.115495
0.118984
0.120475
0.117414
0.115689
0.120945
0.120046
0.120554
0.120867
0.120828
0.115531
0.11761
0.113415
0.116985
0.125851
0.122669
0.113887
0.122671
0.121257
0.119258
0.113617
