-0.0160458
-0.0212001
-0.0144573
-0.0174308
-0.0218616
-0.0151839
-0.0214666
-0.0183579
-0.0243759
-0.0283459
-0.0140621
-0.0206045
-0.0244415
-0.0227205
-0.0222598
-0.0242399
-0.0198117
-0.0195487
-0.0167697
-0.0122109
-0.0266213
-0.020007
-0.00956912
-0.0134676
-0.0233149
-0.0209371
-0.0149254
-0.0198117
-0.0202756
-0.0196777
-0.020013
-0.0257648
-0.0169698
-0.019744
-0.019744
-0.0231226
-0.0191543
-0.0191543
-0.0167725
-0.0169038
-0.0199435
-0.0199435
-0.0212001
-0.0144611
-0.0130735
-0.0225887
-0.0165753
-0.0146581
-0.0183624
-0.0190168
-0.0217291
-0.0172984
-0.022587
-0.0243731
-0.0225887
-0.0154498
-0.0188189
-0.0165718
-0.0233816
-0.0180948
-0.0183579
-0.021993
-0.019744
-0.0181606
-0.0241092
-0.0123437
-0.0173646
-0.0212654
-0.0264922
-0.0224569
-0.0243088
-0.0181606
-0.0197476
-0.0195487
-0.0232458
-0.0181577
-0.0203385
-0.0264922
-0.0143246
-0.0157793
-0.0233133
-0.0212654
-0.0195487
-0.022521
-0.0189523
-0.0180254
-0.0173018
-0.0163087
-0.0151839
-0.0112872
-0.020141
-0.0227864
-0.0164401
-0.0151875
-0.0230527
-0.0262897
-0.0262897
-0.0218616
-0.0192823
-0.0278814
-0.0155136
-0.0182895
-0.0182258
-0.0182258
-0.0246391
-0.0202756
-0.0189527
-0.0163739
-0.0194135
-0.0262257
-0.0211345
-0.020141
-0.0176309
-0.0156443
-0.0141942
-0.0161112
-0.0244372
-0.0244372
-0.0264922
-0.0189527
-0.0189527
-0.0213319
-0.0192861
-0.0192861
-0.022654
-0.0180918
-0.02206
-0.02206
-0.0258262
-0.0218616
-0.0292021
-0.0181606
-0.023579
-0.0197461
-0.0213978
-0.0315857
-0.0167725
-0.0174337
-0.0215985
-0.0161112
-0.0165062
-0.0169698
-0.0156474
-0.0141267
-0.0151184
-0.0182232
-0.0169038
-0.0234479
-0.0114847
-0.0247704
-0.0141942
-0.0161112
-0.0142597
-0.0202101
-0.0110213
-0.0177662
-0.00837973
-0.0137307
-0.0143289
-0.0122089
-0.0197461
-0.0167725
-0.0192823
-0.015319
-0.0208018
-0.0206045
-0.0118156
-0.0168347
-0.0132705
-0.0176966
-0.022391
-0.0181606
-0.0141259
-0.0159785
-0.0137951
-0.0156474
-0.0141942
-0.011814
-0.0174308
-0.0184889
-0.0232502
-0.0147883
-0.0204731
-0.0171672
-0.0210661
-0.0211345
-0.0122109
-0.0197461
-0.0102278
-0.0164401
-0.00804755
-0.015516
-0.0216641
-0.0184885
-0.0153818
-0.0183579
-0.0176966
-0.019483
-0.0171672
-0.0136647
-0.019483
-0.0212001
-0.0204051
-0.0184234
-0.0200742
-0.0182227
-0.0191501
-0.01968
-0.0213306
-0.0171672
-0.0109559
-0.0180918
-0.0168347
-0.0173646
-0.0161762
-0.0164401
-0.0164401
-0.0228519
-0.0237143
-0.0110213
-0.019019
-0.0171688
-0.0170353
-0.0111534
-0.0171672
-0.023579
-0.0237765
-0.00871506
-0.0133358
-0.00580381
-0.00580381
-0.0187527
-0.0135311
-0.0135311
-0.0112872
-0.0143289
-0.0173018
-0.0139282
-0.0152489
-0.0114193
-0.0283397
-0.0116881
-0.0131385
-0.0194164
-0.0232502
-0.0202072
-0.0218616
-0.00884373
-0.0177615
-0.0190848
-0.014655
-0.0266234
-0.0254302
-0.0192823
-0.0157793
-0.0194135
-0.0190848
-0.0135332
-0.0200094
-0.0141259
-0.0143916
-0.019546
-0.0168428
-0.0140592
-0.019019
-0.0130735
-0.020141
-0.0162429
-0.0204098
-0.0224569
-0.00969894
-0.0175621
-0.0184889
-0.0124087
-0.0188873
-0.0166374
-0.0166374
-0.0220592
-0.0167725
-0.0078518
-0.0153159
-0.0130697
-0.0123432
-0.0156474
-0.0123432
-0.0159101
-0.0166374
-0.018686
-0.0203385
-0.0142597
-0.00686413
-0.00514553
-0.00983499
-0.0126746
-0.0184889
-0.012936
-0.0124087
-0.0114847
-0.0195487
-0.0154498
-0.0127392
-0.00652918
-0.0194135
-0.00976678
-0.00659526
-0.00996452
-0.0069251
-0.00917403
-0.0159139
-0.0171045
-0.00349445
-0.0143246
-0.0114847
-0.013135
-0.011154
-0.0116809
-0.0151839
-0.0105582
-0.0108882
-0.00652918
-0.0100975
-0.0110898
-0.0126095
-0.00600155
-0.0152496
-0.0203409
-0.0151184
-0.0212043
-0.0214014
-0.0184202
-0.0205362
-0.0220592
-0.0208018
-0.0254316
-0.0100975
-0.0231179
-0.00844799
-0.0141267
-0.0155136
-0.0198768
-0.00804735
-0.0194128
-0.0227864
-0.0180282
-0.0245066
-0.0223256
-0.0171672
-0.0122772
-0.0103602
-0.022587
-0.0102989
-0.0143916
-0.0102294
-0.0135984
-0.0155819
-0.0213319
-0.00989716
-0.0171672
-0.0157113
-0.0139941
-0.0111534
-0.0223878
-0.0137307
-0.0239774
-0.0161112
-0.0204073
-0.0221283
-0.0118831
-0.0147235
-0.0178266
-0.0130697
-0.00956912
-0.0209344
-0.0192861
-0.0100975
-0.0189523
-0.0182227
-0.0169698
-0.0179574
-0.0169038
-0.0194135
-0.0120114
-0.0120114
-0.0133358
-0.0180282
-0.0180918
-0.0186899
-0.0135984
-0.0236485
-0.0182895
-0.0167725
-0.0182895
-0.0135332
-0.0177011
-0.0181577
-0.0224546
-0.0116166
-0.0206045
-0.0258934
-0.0179633
-0.0144573
-0.0156519
-0.0159104
-0.0182895
-0.0165753
-0.0205426
-0.0245044
-0.0191501
-0.0209993
-0.0116823
-0.0149861
-0.0185552
-0.0160458
-0.00804942
-0.0224546
-0.0161762
-0.0134007
-0.0249678
-0.0165062
-0.0151184
-0.0236456
-0.0169073
-0.0155145
-0.00870827
-0.0152523
-0.0167725
-0.0167725
-0.00778408
-0.0167675
-0.0208048
-0.0152523
-0.0161742
-0.0169698
-0.0139941
-0.0153159
-0.0167725
-0.00897311
-0.00771866
-0.00421921
-0.0151222
-0.0151222
-0.0141259
-0.0127408
-0.0152496
-0.0149904
-0.0112872
-0.01188
-0.0185552
-0.0155798
-0.0153847
-0.0134699
-0.0127392
-0.0127392
-0.0204731
-0.0219263
-0.0199435
-0.0137999
-0.0165718
-0.0169698
-0.0132705
-0.0132705
-0.0162407
-0.0135984
-0.00626601
-0.0278814
-0.0215957
-0.0158451
-0.00996452
-0.0103639
-0.0164427
-0.017233
-0.0144573
-0.01968
-0.0178942
-0.0183579
-0.0134058
-0.0187527
-0.0169014
-0.0107585
-0.0109559
-0.0261594
-0.0246391
-0.0225887
-0.0200094
-0.00910879
-0.0160458
-0.0155819
-0.0121458
-0.0121458
-0.0182918
-0.0158451
-0.0153847
-0.0198117
-0.0147235
-0.01948
-0.0134652
-0.0221283
-0.0221283
-0.0182905
-0.0178308
-0.0211345
-0.0182227
-0.0156474
-0.0286739
-0.0161762
-0.0125407
-0.0227829
-0.0137307
-0.0150523
-0.0233816
-0.0158488
-0.0230527
-0.0236456
-0.0240427
-0.0249678
-0.0185552
-0.0182895
-0.0154498
-0.0245731
-0.0163736
-0.0179574
-0.02279
-0.019348
-0.019348
-0.0163087
-0.0163087
-0.0156474
-0.0210683
-0.0173018
-0.0155136
-0.0216009
-0.0241752
-0.0209371
-0.0241787
-0.0247704
-0.0247704
-0.031984
-0.0243759
-0.0243759
-0.0213263
-0.02821
-0.0237797
-0.0275486
-0.0282765
-0.0249059
-0.0153847
-0.0198768
-0.0191501
-0.0219311
-0.0212692
-0.0204731
-0.0153818
-0.0264922
-0.0259004
-0.0271539
-0.0169677
-0.0268192
-0.0268192
-0.0254981
-0.0260323
-0.0246391
-0.0176966
-0.013997
-0.013997
-0.0275486
-0.0104927
-0.0213319
-0.0110213
-0.0192147
-0.0167038
-0.0167038
-0.0192823
-0.0195487
-0.0195487
-0.014984
-0.0196777
-0.0178308
-0.0178308
-0.0249059
-0.0145889
-0.0204073
-0.0182258
-0.00778709
-0.0202072
-0.0215325
-0.0161742
-0.0241092
-0.0214626
-0.0187546
-0.0229871
-0.0229871
-0.0190848
-0.0107587
-0.0265567
-0.0170353
-0.0174992
-0.0163782
-0.022918
-0.015713
-0.0175621
-0.0198117
-0.0268872
-0.0177662
-0.0177662
-0.0238455
-0.022587
-0.0278761
-0.0227205
-0.0170353
-0.0237091
-0.0219958
-0.019019
-0.0188873
-0.0238455
-0.0182227
-0.0188218
-0.0159799
-0.0134676
-0.0268206
-0.0189502
-0.022523
-0.0192861
-0.0161742
-0.0276184
-0.0276184
-0.0245731
-0.0210024
-0.0280789
-0.00950284
-0.021866
-0.0224569
-0.0163718
-0.0254981
-0.0245731
-0.0233149
-0.0146581
-0.0268892
-0.0269533
-0.017233
-0.0273512
-0.0273512
-0.0171045
-0.0183579
-0.0156474
-0.0155768
-0.0248367
-0.0273512
-0.0218591
-0.0156474
-0.0210661
-0.0194135
-0.0295992
-0.0204712
-0.019019
-0.0266272
-0.0215314
-0.013997
-0.0242431
-0.0136647
-0.0222569
-0.0236466
-0.0236466
-0.0231843
-0.0224546
-0.0224546
-0.027354
-0.0410313
-0.0410313
0.0200968
0.0203985
0.0270462
0.0241718
0.0320196
0.0448797
0.076673
0.134371
0.134371
0.343519
0.543781
0.862443
0.862443
1.48717
1.50643
1.50643
1.50626
1.08065
0.721844
0.583999
0.576509
0.576509
0.562585
0.557724
0.552214
0.561961
0.546672
0.544734
0.537393
0.535454
0.537182
0.537326
0.536011
0.533524
0.532132
0.530192
0.531651
0.531152
0.520495
0.52381
0.525331
0.52383
0.518772
0.518341
0.527088
0.51987
0.519726
0.518602
0.517167
0.514608
0.510496
0.521812
0.513762
0.513831
0.51127
0.510501
0.51937
0.512232
0.506737
0.513261
0.509807
0.506757
0.512444
0.501336
0.504457
0.503906
0.507864
0.508776
0.505082
0.503644
0.506545
0.507864
0.505295
0.499947
0.498049
0.502656
0.502656
0.505782
0.517235
0.502512
0.505007
0.50635
0.505589
0.498673
0.505562
0.501866
0.509732
0.500498
0.501411
0.501242
0.50148
0.502113
0.496538
0.506113
0.697009
0.855254
1.08896
1.3791
1.44076
1.4489
1.45196
1.45154
1.44974
1.45524
1.44681
1.45195
1.45057
1.4574
1.4538
1.45202
1.45542
1.44986
1.44842
1.44758
1.45954
1.45351
1.45577
1.45028
1.45201
1.45165
1.44926
1.45404
1.44602
1.45559
1.45063
1.44986
1.45643
1.45345
1.45626
1.45865
1.45309
1.45309
1.45261
1.45045
1.45189
1.45267
1.45267
1.44932
1.44932
1.45147
1.45679
1.4927
1.5431
1.5234
1.46939
1.38075
1.29927
1.31613
1.32007
1.31639
1.32705
1.33091
1.32936
1.3289
1.33506
1.33037
1.32791
1.334
1.33749
1.33998
1.34122
1.34288
1.33809
1.33679
1.33679
1.34504
1.34288
1.34847
1.34715
1.34895
1.34895
1.35397
1.35577
1.35227
1.35089
1.35932
1.35319
1.35007
1.35102
1.35733
1.35053
1.35208
1.35464
1.35862
1.35322
1.36231
1.35159
1.35518
1.35518
1.36096
1.36234
1.35531
1.36648
1.48171
1.50684
1.54751
1.52474
1.41399
1.07843
0.635495
0.419389
0.358845
0.341721
0.360511
0.367119
0.361623
0.366902
0.360017
0.357001
0.360838
0.358045
0.356513
0.374838
0.366917
0.367478
0.37535
0.376345
0.369784
0.368666
0.370902
0.369858
0.376685
0.376685
0.377533
0.374449
0.369662
0.376903
0.374523
0.374523
0.370562
0.378432
0.371752
0.376125
0.389959
0.389959
0.38166
0.378455
0.378796
0.390661
0.387022
0.385397
0.379427
0.386734
0.381541
0.393546
0.383917
0.39207
0.382388
0.382388
0.389472
0.380616
0.38792
0.387144
0.383698
0.385253
0.391776
0.387848
0.392989
0.396915
0.38787
0.391146
0.396213
0.389617
0.385978
0.386029
0.389836
0.384985
0.388718
0.391096
0.385882
0.390683
0.390683
0.389667
0.399726
0.391922
0.392503
0.395801
0.383649
0.390538
0.388769
0.395727
0.392989
0.392843
0.387094
0.38217
0.388914
0.388914
0.387217
0.391727
0.391727
0.391922
0.393763
0.392843
0.394953
0.394953
0.384694
0.39185
0.392577
0.396216
0.394539
0.386101
0.38969
0.385688
0.396285
0.391096
0.38547
0.38547
0.387922
0.394225
0.391946
0.391386
0.391944
0.389276
0.398103
0.400211
0.401326
0.397763
0.397763
0.391244
0.390371
0.394104
0.391776
0.39706
0.401203
0.397979
0.389328
0.386949
0.395655
0.398031
0.389979
0.395025
0.397205
0.394807
0.394807
0.400283
0.395799
0.394177
0.394177
0.401181
0.398516
0.391582
0.391582
0.393763
0.388573
0.392017
0.395799
0.390105
0.390806
0.397691
0.396625
0.397958
0.395655
0.389472
0.392553
0.392553
0.396625
0.396285
0.39061
0.398196
0.39425
0.391459
0.395025
0.39551
0.390734
0.392407
0.392358
0.386463
0.384694
0.397183
0.389132
0.387993
0.387993
0.391241
0.389617
0.395365
0.388915
0.391024
0.400356
0.391075
0.39061
0.394105
0.390393
0.394466
0.391096
0.392016
0.398393
0.400573
0.39488
0.39488
0.393401
0.392988
0.384064
0.391872
0.392915
0.392843
0.392843
0.39551
0.394807
0.394807
0.39616
0.394104
0.39374
0.39374
0.396502
0.398393
0.398393
0.388067
0.394735
0.39585
0.397061
0.398248
0.394952
0.393908
0.390714
0.395169
0.401275
0.393763
0.397421
0.398899
0.395292
0.39335
0.395242
0.398754
0.393422
0.393691
0.396503
0.387942
0.393061
0.395944
0.395944
0.395727
0.396502
0.39362
0.400645
0.394952
0.392916
0.395098
0.398176
0.396719
0.396575
0.396335
0.403433
0.390755
0.39459
0.398879
0.403093
0.396286
0.39459
0.392408
0.395097
0.395097
0.398661
0.398734
0.398755
0.401761
0.402658
0.405757
0.399798
0.404765
0.401956
0.401956
0.397475
0.401564
0.403795
0.402463
0.403237
0.400356
0.400356
0.401203
0.397421
0.397421
0.398826
0.396719
0.393402
0.397835
0.405901
0.39214
0.402173
0.402513
0.400283
0.398951
0.394249
0.400428
0.395924
0.396553
0.396698
0.396698
0.39614
0.400014
0.397257
0.405757
0.399023
0.398196
0.398196
0.398393
0.387944
0.399096
0.395872
0.407841
0.399509
0.399509
0.397112
0.403021
0.396863
0.396358
0.401635
0.395655
0.40491
0.399922
0.394827
0.396988
0.406872
0.403216
0.397061
0.397061
0.402463
0.401761
0.396142
0.396286
0.392988
0.400283
0.394685
0.397401
0.398393
0.393331
0.400552
0.395439
0.400211
0.402948
0.402948
0.398176
0.389815
0.400789
0.398589
0.396843
0.400138
0.398249
0.399509
0.398248
0.39459
0.39299
0.392988
0.399943
0.397328
0.397835
0.397764
0.395945
0.403526
0.392377
0.397546
0.389762
0.392916
0.397619
0.399314
0.39832
0.39832
0.400768
0.398899
0.397835
0.39924
0.404135
0.401761
0.393764
0.405954
0.404982
0.411155
0.404548
0.398445
0.40113
0.401184
0.402173
0.398538
0.400573
0.398661
0.398951
0.399456
0.404011
0.405128
0.401419
0.405954
0.401688
0.406316
0.406316
0.409245
0.409462
0.403723
0.402876
0.405199
0.405199
0.40743
0.408565
0.399023
0.406365
0.405901
0.399023
0.405612
0.40556
0.407089
0.398445
0.40077
0.401473
0.39917
0.404067
0.403165
0.401616
0.401616
0.400573
0.39425
0.404766
0.400841
0.407233
0.398031
0.400645
0.396482
0.405055
0.401905
0.404911
0.406583
0.402805
0.402805
0.397042
0.401811
0.411011
0.401616
0.401761
0.403165
0.404622
0.402102
0.402442
0.389741
0.394953
0.394953
0.39861
0.401399
0.396068
0.402464
0.404693
0.400428
0.401977
0.407212
0.408906
0.408906
0.399456
0.399456
0.407089
0.403867
0.396863
0.410577
0.395727
0.395583
0.401059
0.400988
0.410526
0.404353
0.402032
0.400429
0.402876
0.406045
0.397331
0.397764
0.40588
0.410742
0.404208
0.412197
0.408421
0.409391
0.408204
0.405613
0.409969
0.402464
0.403723
0.402318
0.404911
0.398879
0.400231
0.39987
0.405251
0.400285
0.399942
0.400285
0.409752
0.405757
0.401835
0.397475
0.40554
0.406675
0.400211
0.404766
0.413889
0.413889
0.406387
0.407718
0.4007
0.399096
0.407089
0.414497
0.401403
0.404984
0.404281
0.408207
0.402608
0.408007
0.415344
0.402247
0.405127
0.405469
0.404426
0.40554
0.408835
0.412393
0.409752
0.410381
0.399511
0.410722
0.410651
0.406025
0.41227
0.411929
0.406387
0.406387
0.403382
0.411351
0.411351
0.407718
0.408492
0.408473
0.411011
0.408079
0.404911
0.408977
0.407216
0.404426
0.410795
0.408762
0.410164
0.410669
0.405178
0.403361
0.403506
0.405829
0.401761
0.403167
0.402879
0.404548
0.411011
0.406875
0.406872
0.401059
0.398467
0.409122
0.410093
0.406801
0.407504
0.409679
0.404838
0.403652
0.404426
0.403723
0.402176
0.398754
0.408906
0.404011
0.403796
0.403723
0.395313
0.404064
0.405127
0.408906
0.407718
0.414375
0.410649
0.409194
0.407212
0.408204
0.402949
0.403506
0.403506
0.408009
0.399437
0.410866
0.403167
0.404714
0.404714
0.408547
0.412393
0.410866
0.406801
0.40554
0.401563
0.401563
0.40077
0.412269
0.407305
0.405954
0.408204
0.409752
0.406872
0.406654
0.407986
0.418149
0.413187
0.405829
0.399314
0.407863
0.407863
0.410869
0.41432
0.409246
0.40617
0.407718
0.411712
0.410184
0.412126
0.412611
0.416406
0.41326
0.408762
0.409752
0.408979
0.409246
0.408204
0.410454
0.406387
0.401622
0.401622
0.403021
0.410795
0.410795
0.412053
0.40322
0.396916
0.405128
0.408007
0.398393
0.406604
0.406604
0.408133
0.407089
0.418077
0.406387
0.410722
0.412197
0.407521
0.404208
0.40905
0.409752
0.405251
0.405272
0.410939
0.415149
0.409825
0.414662
0.409824
0.410939
0.405181
0.411155
0.413528
0.413724
0.402949
0.413673
0.402102
0.402102
0.409391
0.415076
0.415076
0.411764
0.405003
0.406875
0.412393
0.406532
0.412829
0.406387
0.411712
0.39796
0.408781
0.405055
0.405055
0.409949
0.405416
0.408277
0.408277
0.409608
0.404911
0.404911
0.405396
0.402535
0.408688
0.411909
0.40491
0.409318
0.40905
0.406583
0.405613
0.40835
0.411568
0.405272
0.409607
0.406243
0.406028
0.414932
0.412827
0.41128
0.41423
0.405469
0.405757
0.398808
0.403021
0.405325
0.399943
0.412053
0.408925
0.406531
0.412344
0.408438
0.407737
0.407737
0.411568
0.410525
0.412269
0.409608
0.404137
0.408979
0.408979
0.411712
0.410167
0.411083
0.407212
0.410742
0.40387
0.414249
0.412053
0.413457
0.408835
0.412754
0.415003
0.415003
0.410433
0.416963
0.412344
0.412344
0.41324
0.407718
0.407718
0.417448
0.407935
0.413046
0.412702
0.413187
0.406727
0.419696
0.416406
0.418366
0.414302
0.402464
0.409608
0.419117
0.416406
0.412
0.418994
0.410577
0.408906
0.408421
0.409538
0.407988
0.410143
0.416891
0.41522
0.42117
0.413797
0.41459
0.414303
0.414374
0.411619
0.411619
0.410651
0.410651
0.410651
0.413457
0.412682
0.404084
0.415293
0.410866
0.408133
0.410866
0.407501
0.409949
0.402805
0.406657
0.412053
0.406727
0.418222
0.407792
0.409878
0.415147
0.415076
0.415076
0.417523
0.411568
0.408835
0.40736
0.404696
0.412899
0.413528
0.406459
0.416819
0.418096
0.411227
0.40484
0.404355
0.404355
0.402587
0.408979
0.407578
0.407578
0.416263
0.416263
0.419768
0.413169
0.411909
0.403801
0.405272
0.412126
0.412126
0.406657
0.411354
0.414447
0.410454
0.413115
0.413547
0.411515
0.424437
0.408762
0.407988
0.409608
0.414086
0.40457
0.413313
0.412486
0.417467
0.409752
0.406875
0.406801
0.405055
0.412486
0.412486
0.411909
0.411424
0.411424
0.411299
0.413724
0.414932
0.414932
0.414085
0.419408
0.419408
0.4113
0.405396
0.412903
0.416964
0.418923
0.405543
0.413673
0.413817
0.412073
0.407067
0.413115
0.413115
0.408691
0.414662
0.405469
0.405469
0.407141
0.405613
0.40973
0.408835
0.407093
0.411498
0.408007
0.410795
0.413531
0.407089
0.415828
0.414644
0.410795
0.414157
0.412432
0.415346
0.413601
0.410649
0.412973
0.406028
0.411785
0.410507
0.412537
0.406727
0.405469
0.412541
0.404771
0.413095
0.411764
0.409464
0.399943
0.412126
0.411857
0.411424
0.414302
0.414302
0.41164
0.414016
0.418149
0.411299
0.405975
0.4122
0.40835
0.414715
0.410093
0.413653
0.413653
0.413313
0.414447
0.416747
0.405128
0.413025
0.415973
0.412685
0.415344
0.410069
0.412631
0.409246
0.41128
0.406677
0.406677
0.410669
0.412827
0.417448
0.407792
0.413601
0.411568
0.414862
0.411982
0.413095
0.410164
0.417035
0.41416
0.414932
0.413313
0.41549
0.415003
0.412126
0.405831
0.410042
0.410042
0.401622
0.399873
0.417448
0.418562
0.411443
0.415851
0.409608
0.410237
0.40932
0.416603
0.416603
0.408184
0.411913
0.411913
0.410917
0.412702
0.41851
0.422141
0.417395
0.414086
0.418368
0.414932
0.416964
0.414793
0.419263
0.415705
0.416677
0.419193
0.416622
0.412806
0.413675
0.418222
0.407722
0.407722
0.410237
0.40736
0.415993
0.4145
0.412611
0.409535
0.409535
0.41984
0.41004
0.414932
0.418077
0.414234
0.414234
0.417737
0.41416
0.413803
0.411284
0.416119
0.408399
0.412414
0.419552
0.414932
0.414932
0.414591
0.410023
0.410241
0.407865
0.41416
0.41416
0.410725
0.411857
0.414952
0.409607
0.416045
0.416045
0.413313
0.412558
0.412973
0.41227
0.416334
0.41002
0.413169
0.414862
0.415133
0.415133
0.408691
0.419067
0.414788
0.418077
0.410671
0.415417
0.410164
0.414591
0.406443
0.411568
0.411982
0.413601
0.411206
0.410023
0.405954
0.411299
0.411299
0.415973
0.414157
0.414157
0.412126
0.409752
0.414302
0.408691
0.409464
0.405901
0.412685
0.406587
0.400285
0.405613
0.409194
0.410869
0.417179
0.408494
0.406945
0.416891
0.409949
0.409391
0.415561
0.409752
0.407089
0.40973
0.400988
0.409464
0.407212
0.407919
0.407919
0.407919
0.408781
0.40777
0.402612
0.412414
0.409464
0.406727
0.409538
0.407841
0.407935
0.412322
0.411642
0.413025
0.416674
0.408565
0.413387
0.406727
0.409612
0.407988
0.417523
0.410651
0.413384
0.41457
0.411909
0.412899
0.412899
0.408547
0.414302
0.421222
0.415632
0.412682
0.418005
0.414016
0.409522
0.415921
0.419263
0.416747
0.412918
0.408636
0.415079
0.411354
0.411206
0.413457
0.415705
0.412414
0.41227
0.409464
0.405202
0.407574
0.409969
0.409734
0.408009
0.41423
0.416747
0.414715
0.412342
0.412342
0.404499
0.407163
0.410869
0.407551
0.415975
0.410381
0.418582
0.411029
0.408852
0.414788
0.404914
0.419481
0.412755
0.412755
0.418489
0.404679
0.416821
0.414518
0.40484
0.41409
0.411769
0.410167
0.414521
0.415561
0.414932
0.415705
0.413384
0.424098
0.407722
0.416623
0.40932
0.40932
0.419768
0.417449
0.413818
0.411982
0.41227
0.419427
0.404211
0.413243
0.417179
0.411498
0.413166
0.416167
0.409896
0.40925
0.40925
0.416603
0.414715
0.411083
0.418222
0.41619
0.423129
0.413457
0.417252
0.411424
0.40736
0.41031
0.411568
0.4145
0.421242
0.416821
0.411498
0.416045
0.413745
0.414035
0.416891
0.405959
0.419696
0.412829
0.407578
0.418077
0.414446
0.407089
0.410742
0.412755
0.406028
0.406028
0.420667
0.412829
0.421295
0.42453
0.416942
0.413313
0.41416
0.417303
0.41227
0.412755
0.411371
0.411371
0.417376
0.416677
0.411785
0.420325
0.414521
0.417179
0.417179
0.418077
0.421444
0.416263
0.422014
0.419408
0.4145
0.4145
0.408835
0.405613
0.416045
0.421727
0.41919
0.415202
0.415202
0.408204
0.412414
0.41031
0.412755
0.40736
0.416119
0.406821
0.413116
0.413116
0.410288
0.408399
0.407988
0.407988
0.408421
0.407305
0.407305
0.415147
0.409899
0.414377
0.414377
0.418997
0.421654
0.417305
0.431859
0.424098
0.422625
0.420449
0.416947
0.41919
0.41851
0.420541
0.423829
0.411572
0.413313
0.422139
0.41864
0.421439
0.41443
0.415005
0.416747
0.410528
0.416964
0.416049
0.414932
0.414718
0.414718
0.416406
0.423737
0.412973
0.415003
0.413531
0.413531
0.416406
0.411785
0.407504
0.413601
0.415292
0.410315
0.414086
0.421171
0.41781
0.420613
0.420253
0.411135
0.41781
0.414932
0.416263
0.420036
0.412466
0.419049
0.417933
0.413313
0.410454
0.412971
0.413387
0.413404
0.413727
0.41031
0.416065
0.406333
0.412466
0.408906
0.409462
0.401115
0.408906
0.409949
0.414806
0.411982
0.411982
0.412971
0.407919
0.405632
0.403241
0.404984
0.413318
0.405325
0.412126
0.408277
0.405687
0.413115
0.41619
0.41619
0.407919
0.407919
0.406875
0.413946
0.413946
0.408979
0.417953
0.410023
0.411642
0.407578
0.420327
0.41549
0.406172
0.417593
0.408421
0.410454
0.402516
0.412899
0.414788
0.414788
0.412759
0.412125
0.410384
0.420613
0.409464
0.40736
0.41851
0.408277
0.417179
0.407163
0.411428
0.424025
0.421222
0.41774
0.419481
0.424316
0.41549
0.415705
0.415705
0.410991
0.413457
0.416891
0.410939
0.416533
0.412759
0.416821
0.410656
0.4262
0.405703
0.410866
0.40617
0.411227
0.410651
0.41619
0.416747
0.416747
0.414105
0.417664
0.414662
0.409197
0.405272
0.40554
0.40554
0.413961
0.413961
0.412053
0.416603
0.407988
0.416964
0.409122
0.410869
0.411619
0.410722
0.415436
0.420253
0.410581
0.416192
0.413673
0.404208
0.40729
0.413043
0.412342
0.413404
0.414859
0.417231
0.407648
0.415003
0.412611
0.412611
0.406098
0.410725
0.416766
0.407574
0.416747
0.416747
0.412056
0.408565
0.410866
0.410866
0.41326
0.413528
0.40925
0.415272
0.413313
0.416138
0.416964
0.41549
0.410991
0.409682
0.413601
0.410384
0.410598
0.410598
0.406801
0.407935
0.408133
0.413601
0.415778
0.418726
0.408638
0.41459
0.414715
0.418222
0.413872
0.413745
0.406028
0.407718
0.414788
0.415421
0.414931
0.41002
0.407648
0.403023
0.408979
0.402879
0.411642
0.412558
0.412558
0.412991
0.409394
0.414718
0.415202
0.407578
0.415975
0.409878
0.409608
0.415634
0.418562
0.413043
0.411642
0.411642
0.415778
0.418633
0.418923
0.417523
0.417323
0.417323
0.413531
0.412
0.417881
0.417881
0.41416
0.41416
0.4122
0.415561
0.417449
0.413889
0.41549
0.411066
0.419698
0.415076
0.410167
0.41919
0.41919
0.421928
0.413889
0.417376
0.411838
0.410113
0.410113
0.409752
0.41295
0.415128
0.415705
0.409538
0.416821
0.409752
0.411642
0.419408
0.416478
0.41227
0.412611
0.417449
0.414788
0.40932
0.411913
0.410725
0.407631
0.419119
0.413313
0.411444
0.415561
0.413043
0.42151
0.410795
0.415346
0.416137
0.417252
0.415705
0.418923
0.412631
0.411495
0.409123
0.415901
0.414234
0.409482
0.412973
0.416119
0.419625
0.412973
0.414644
0.420955
0.42018
0.41655
0.413456
0.411206
0.415921
0.41549
0.41123
0.410598
0.419768
0.412775
0.407147
0.411087
0.406872
0.414035
0.413116
0.414715
0.412342
0.415003
0.415003
0.408421
0.411155
0.422769
0.422193
0.409682
0.418081
0.417305
0.417305
0.416267
0.408906
0.410507
0.420613
0.420613
0.415705
0.413942
0.415975
0.420376
0.415561
0.426273
0.417108
0.417231
0.407574
0.412
0.410795
0.415436
0.419067
0.418366
0.414157
0.413043
0.410454
0.416336
0.423057
0.411715
0.416821
0.422428
0.422428
0.4122
0.422984
0.422984
0.41619
0.417952
0.419427
0.416821
0.418417
0.420056
0.415634
0.416192
0.416045
0.411013
0.419965
0.420811
0.416137
0.417737
0.413946
0.415849
0.414591
0.414644
0.413531
0.41549
0.416263
0.409756
0.421295
0.413818
0.419896
0.417108
0.416766
0.419408
0.414308
0.410795
0.41619
0.420541
0.411354
0.412541
0.412685
0.414303
0.415901
0.418366
0.41885
0.416137
0.416137
0.414984
0.410167
0.418295
0.416891
0.41164
0.421943
0.424654
0.419603
0.414521
0.417395
0.42151
0.411354
0.416821
0.4122
0.417449
0.41786
0.420665
0.416622
0.420738
0.418491
0.413531
0.422355
0.422355
0.413745
0.418582
0.423829
0.41583
0.409825
0.409825
0.420397
0.412971
0.416694
0.416533
0.416336
0.419892
0.422499
0.419408
0.412903
0.417108
0.417881
0.417737
0.412829
0.41632
0.416263
0.417108
0.417108
0.415778
0.422355
0.407863
0.413745
0.41648
0.415076
0.421923
0.422696
0.412558
0.421798
0.416821
0.41781
0.414013
0.420036
0.412977
0.415076
0.420241
0.420241
0.419389
0.419104
0.408286
0.408286
0.416551
0.410866
0.410866
0.408277
0.414644
0.411964
0.41655
0.413456
0.413456
0.41004
0.405905
0.405905
0.41227
0.407286
0.413601
0.418726
0.411712
0.411354
0.415416
0.409554
0.416819
0.413745
0.413691
0.408277
0.408007
0.406261
0.409194
0.411715
0.420036
0.411157
0.412
0.412
0.410742
0.411568
0.411568
0.410381
0.417737
0.416478
0.418582
0.41227
0.415344
0.415344
0.416065
0.406872
0.414931
0.405199
0.406246
0.399168
0.411011
0.409123
0.407161
0.408906
0.419552
0.403993
0.407233
0.40779
0.409394
0.40556
0.409053
0.40428
0.414302
0.409824
0.412537
0.411712
0.411712
0.407648
0.40743
0.405757
0.412827
0.412197
0.411642
0.411642
0.413404
0.41164
0.416674
0.409246
0.419481
0.414591
0.411859
0.41227
0.409464
0.406801
0.416406
0.411568
0.398684
0.402735
0.412053
0.403434
0.408835
0.411568
0.4145
0.405055
0.411731
0.410093
0.416262
0.404011
0.406025
0.414642
0.418778
0.417396
0.410454
0.411083
0.411712
0.412759
0.405399
0.417035
0.417251
0.415778
0.42223
0.424673
0.41655
0.411498
0.415364
0.415076
0.413763
0.413763
0.418869
0.415346
0.415346
0.412146
0.412414
0.4113
0.409464
0.417053
0.405757
0.405757
0.418869
0.419085
0.413187
0.41326
0.418007
0.41128
0.42117
0.415507
0.412432
0.413547
0.412846
0.410671
0.412488
0.419283
0.413331
0.417611
0.416694
0.422696
0.422572
0.417467
0.428683
0.422031
0.416695
0.42047
0.419411
0.418005
0.418005
0.414806
0.415094
0.412
0.420686
0.418923
0.417305
0.40932
0.415651
0.419985
0.422716
0.426416
0.416821
0.42047
0.417881
0.419211
0.411803
0.417826
0.416766
0.418168
0.414518
0.41004
0.417953
0.423416
0.415778
0.418582
0.415488
0.415003
0.402823
0.417539
0.411587
0.418582
0.4218
0.421923
0.419552
0.418151
0.417952
0.423128
0.420882
0.415723
0.412362
0.411227
0.418438
0.420684
0.417881
0.418293
0.415921
0.415651
0.415021
0.410671
0.417592
0.411083
0.414016
0.417323
0.412702
0.421457
0.417953
0.41851
0.413043
0.417664
0.413046
0.423128
0.412973
0.417376
0.417469
0.407377
0.413547
0.417323
0.414878
0.413331
0.415076
0.415579
0.413745
0.413961
0.410471
0.418366
0.413404
0.417395
0.416623
0.411444
0.417953
0.418096
0.419211
0.419211
0.408204
0.413116
0.410742
0.418366
0.414308
0.420613
0.420613
0.412
0.414734
0.412558
0.408979
0.41324
0.408494
0.419067
0.411372
0.412846
0.402266
0.410829
0.414521
0.418222
0.415849
0.411642
0.412056
0.40932
0.412432
0.41522
0.416694
0.414447
0.412073
0.410112
0.415003
0.412558
0.410237
0.41004
0.410598
0.412
0.415564
0.415564
0.413673
0.414931
0.414931
0.416335
0.416766
0.411371
0.411371
0.410671
0.416622
0.409197
0.420953
0.420127
0.416963
0.415849
0.421871
0.417754
0.412918
0.413531
0.413116
0.414862
0.416766
0.418653
0.414374
0.411227
0.413961
0.410742
0.416137
0.419283
0.41984
0.407093
0.417737
0.413116
0.415364
0.418096
0.419067
0.415292
0.420325
0.420325
0.419012
0.408709
0.407865
0.416674
0.410669
0.416694
0.421026
0.407574
0.410669
0.415364
0.409414
0.408852
0.417181
0.410885
0.414033
0.412073
0.41957
0.409123
0.408079
0.416137
0.410813
0.409752
0.41628
0.416622
0.414302
0.411929
