-0.0090564
-0.0090564
-0.00578947
0.000331225
-0.00356174
-0.00484896
-0.00445167
-0.00446281
-0.00519573
-0.00686464
-0.0049991
-0.00692709
0.0011899
-0.0116561
-0.00611235
-0.00452443
-0.00265391
-0.00461383
-0.00925438
-0.00635576
-0.00717538
-0.0081642
-0.00279527
-0.0013346
-0.00484896
-0.00591234
-0.000241684
-0.00350044
-0.00460237
-0.00555403
-0.00479863
-0.00391993
-0.00828879
-0.00410458
-0.00503381
-0.00648267
-0.000395025
-0.00470909
0.00344742
-0.00520725
-0.00229579
-0.00135555
-0.00385858
-0.00557695
-0.00205065
-0.00205065
-0.0029798
-0.00396344
0.00135666
-0.0012741
0.00200499
-0.00478723
-0.00865966
-0.000210851
-0.00442901
-0.00442901
-0.0044404
-0.0044404
-0.00168194
-0.0058889
-0.00202916
-0.00202916
0.000232321
0.000232321
-0.00332692
-0.00410458
-0.00185557
-0.00316432
-0.00316432
-0.00150829
-0.00348924
-0.00373525
-0.00409345
-0.00136583
-0.0028062
-0.00614784
-0.000445509
-0.00555403
-0.00576177
-0.00745897
-0.00700225
-0.00264329
-0.00338819
-0.0112843
-0.0112843
-0.00606212
-0.00573896
-0.00342077
-0.00590068
-0.00632119
-0.00987409
-0.00987409
-0.00417714
-0.0079549
-0.00685291
-0.00201823
-0.0052299
-0.0052299
-0.00956246
-0.00811575
-0.00762049
-0.00373525
-0.00879505
-0.00630942
-0.00375737
-0.00613613
-3.71144e-05
-0.000291821
-0.00408219
-0.00765567
-0.0031924
-0.00123201
-0.00501079
9.63266e-05
-0.0044907
-0.00394193
-0.00433975
-0.00682909
-0.00904379
-0.00390874
-0.00556555
-0.00393099
-0.00417714
-0.00691539
-0.00503381
-0.003041
-0.00536907
-0.00743529
-0.00128005
-0.00040537
-0.00445167
-0.00209001
-0.00571566
-0.00501079
-0.00243717
-0.00407082
-0.00322553
-0.00455705
-0.00191638
-0.00649451
0.000464138
-0.00375737
-0.0017639
-0.000117917
-0.00401425
-0.0028888
-0.00793031
-0.00175337
-0.00430584
-0.00307318
-0.00045537
-0.00560446
-0.00179473
-0.000833895
0.00079278
-0.000997532
-0.00530298
-0.0028888
-0.00452443
-0.000731874
-0.0080142
-0.00323632
-0.00168194
-0.00462516
-0.00407082
-0.00725005
-0.00615942
-0.000311965
-0.00282768
-0.00417714
-0.00563897
-0.00516045
-0.0052299
-0.00278421
-0.00595106
-0.00390874
-0.00389743
-0.00732376
-0.00428921
-0.00428921
-0.00232686
-0.00874702
-0.00224153
-0.00224153
-0.00633284
-0.00561609
-0.00503381
-0.00228519
-0.00502236
-0.00708872
-0.00940235
-0.00358372
-0.00884536
-0.00633284
-0.00451331
-0.003041
-0.00408219
-0.0101957
-0.00511825
-0.00511825
-0.00305185
-0.00305185
-0.00373525
-0.00546543
-0.00287814
-0.00439042
-0.00682909
-0.00654063
-0.00353926
-0.00743529
-0.00590068
-0.00303002
-0.00504513
-0.00524104
-0.00775727
-0.00109844
-0.00174272
-0.00408219
-0.00667958
-0.00230627
-0.000231531
-0.00913219
-0.00521863
-0.00691539
-0.0052299
-0.00613613
-0.00185557
-0.00157961
-0.0044792
-0.00796701
-0.00762049
-0.00820313
-0.00140583
-0.00502236
-0.00727386
-0.00467553
-0.00175337
-0.00578947
-0.00504513
-0.00123201
-0.00544268
-0.00701429
-0.00487159
-0.00210079
-0.00547662
-0.00595106
-0.00647071
-0.00357279
-0.00544268
-0.00743529
-0.000833895
-0.00437254
-0.00648267
-0.00524613
-0.00593917
-0.00431727
-0.00140583
-0.00581249
-0.00450207
-0.00854953
-0.00615942
-0.00692709
-0.00707682
-0.00581249
-0.00307318
-0.00858565
-0.00742326
-0.00415504
-0.00382973
-0.00124233
-0.00691539
-0.00172105
-0.00322553
-0.00224153
-0.000985019
-0.00614784
-0.000495925
-0.00372401
-0.00285645
-0.00341004
-0.00360081
-0.00336584
0.00268221
-0.000607989
-0.003041
-0.000669969
-0.00759642
-0.00773232
0.00123975
-0.00468684
-0.00285645
-0.00251998
-0.00673027
-0.00466409
-0.00364519
-0.00742326
-0.00526924
-0.00570382
-0.00467553
-0.00559271
-0.00670637
-0.00526924
-0.00563897
-0.00759642
-0.00365598
-0.00486034
-0.00229579
-0.00566136
-0.00566136
-0.00468684
-0.00614784
-0.0044907
-0.0038079
-0.00991309
-0.0047599
-0.00123201
-0.00272546
-0.0103302
-0.00486034
-0.00417714
-0.00209001
0.000732734
-0.00853724
-0.00382973
-0.00580104
-0.00415504
-0.00837635
-0.00393099
-0.00393099
-0.000833895
-0.0064181
-0.00546543
-0.00174272
-0.00597446
-0.00645862
-0.00645862
-0.00502236
0.00170196
-0.00312395
-0.00656864
-0.00156903
-0.00414381
-0.00453543
-0.00324699
-0.00708872
-0.0101574
-0.00453543
-0.00519573
-0.010356
-0.00872268
-0.000813349
-0.00452443
-0.00414381
-0.00140583
-0.002183
-0.00515104
-0.00656864
-0.00373525
-0.0114036
-0.00821516
-0.00395903
-0.00632119
-0.00632119
-0.00884536
-0.00338819
-0.00704039
-0.00321461
-0.00837635
-0.00762049
-0.00578947
-0.00707682
-0.00853724
-0.0037968
-0.00726202
-0.00707682
-0.00409345
-0.00856169
-0.00286736
0.000270394
-0.0096387
-0.00836413
-0.00670637
-0.00101796
-0.00320356
-0.00612431
-0.0049991
-0.00820313
-0.00852483
-0.00632119
-0.00140583
-0.00228519
-0.00756754
-0.00153654
-0.00370115
-0.00914454
-0.00914454
-0.00413245
-0.00451331
-0.00450207
-0.00675367
-0.00598597
0.000365266
0.000365266
-0.00160041
-0.00160041
-0.00364519
-0.00365598
-0.00981164
-0.00509577
-0.00451331
-0.00397032
-0.00507279
-0.00450207
-0.00502236
-0.00526924
-0.0038079
-0.00303002
-0.00216184
-0.00227446
-0.00563897
-0.00586334
-0.00337708
-0.000311965
-0.00430584
-0.00640672
0.000761928
-0.00867221
-0.00577778
-0.00675367
-0.00433975
-0.00217248
-0.00237762
-0.00366664
-0.00511825
-0.00430584
-0.00430584
-0.000669969
-0.000178389
-0.00365598
-0.00368498
-0.00474873
-0.0017743
-0.00467553
-0.00251998
-0.00546543
-0.00728557
-0.00200913
-0.00593917
-0.00858807
-0.00254116
-0.00622176
-0.00254116
-0.00786851
-0.00122156
-0.00581249
0.000568214
-0.00326503
-0.00835178
-0.00730077
-0.00285645
-0.000894465
-0.00389143
-0.00453543
-0.00486034
-0.0064181
-0.00524613
-0.0038079
-0.00483746
-0.000465695
-0.00125253
-0.00373525
-0.00235683
-0.00528061
-0.00805369
-0.00690356
0.000229986
-0.0044792
-0.00876112
-0.00268284
-0.00397032
-0.00560446
-0.00560446
-0.00393607
-0.00800559
-0.00582381
-0.00691539
-0.00649451
-0.00561609
-0.00561609
-0.0038079
-0.00541944
-0.00156903
-0.00577778
-0.00399253
-0.00399253
-0.00372401
-0.00323632
-0.0035136
-0.00619852
0.000976531
-0.0073483
-0.0073483
-0.00162071
-0.00290975
-0.000475896
-0.00367718
-0.00323632
-0.00467553
-0.00580104
-0.00762049
-0.00159007
-0.00124233
-0.00757186
-0.00417714
-0.00268284
-0.00339917
-0.00468684
-0.00246956
-0.00580104
-0.00285645
-0.00253063
-0.00708872
-0.00524613
-0.00598597
-0.00501079
-0.0044792
-0.00286736
-0.00503381
-0.00194816
-0.00467553
-0.000281563
-0.00711214
-0.00286736
-0.00366664
-0.0017743
-0.00172105
-0.00511825
-0.00618221
-0.00618221
-0.00565023
-0.00541944
-0.00541944
-0.00959994
-0.00673027
-0.00263256
-0.00123201
-0.00529186
-0.0043508
-0.000933988
-0.00191638
-0.00361209
-0.0038079
-0.000291821
-0.0028888
-0.0022138
-0.0022138
-0.00375737
-0.00336584
-0.00433975
-0.00228519
-0.00228519
-0.00664387
-0.00467553
-0.00210079
-0.00305185
-0.0052299
-0.00194816
-0.00425562
-0.00454112
-0.00661943
-0.00519573
-0.00289934
-0.0044907
-0.00581249
-0.00484896
-0.00596282
-0.00432857
-0.00397032
-0.00504513
-0.00739882
-0.00739882
-0.00949082
-0.00520725
-0.00315338
-0.00356174
-0.00691539
-0.00285645
-0.00486034
-0.00117135
-0.00872268
-0.0109125
-0.00961298
-0.00561609
-0.00124233
-0.0109514
-0.00188741
-0.00501079
-0.00767135
-0.00436173
-0.00930528
-0.00930528
-0.0112973
-0.00785661
-0.00760852
-0.00873491
0.00449342
-0.00416616
-0.00836413
-0.00727386
-0.00727386
-0.00614784
-0.00614784
-0.00580104
-0.00556555
-0.00469803
-0.00799085
-0.00389743
-0.00873491
-0.00336584
-0.00357279
-0.00320356
-0.0017743
-0.00796701
-0.00413245
-0.00904379
-0.00408219
-0.00408219
-0.00251998
-0.00217248
-0.00675367
-0.00673027
-0.00783245
-0.0062102
-0.0062102
-0.00487159
-0.00742326
-0.00658021
0.00486883
-0.00556555
-0.00556555
-0.00505633
-0.00690356
-0.000629146
-0.0066678
-0.00264329
-0.00431727
-0.00465253
-0.0044907
-0.0044907
-0.00577778
-0.00501079
-0.0105289
-0.0105289
-0.00576596
-0.00952752
-0.00561609
-0.00322553
-0.00856169
-0.0017743
-0.00339917
-0.00339917
-0.00117135
-0.00452443
-0.00212199
-0.0021324
-0.00117135
-0.00737389
-0.00633284
-0.00633284
-0.00209001
-0.00874702
-0.00373525
-0.00373525
-0.00399253
-0.00725005
-0.00725005
-0.00226361
-0.00707682
-0.00854953
-0.00744719
-0.00236729
-0.00416616
0.000658142
-0.00381888
-0.00521863
-0.00521863
-0.000575323
-0.0044907
-0.00216184
-0.00470909
-0.00445584
-0.00687953
-0.00655694
-0.00416616
-0.00285645
-0.00320356
-0.00728557
-0.00752173
-0.00752173
0.000300251
-0.0044792
-0.00141622
-0.00945301
-0.00690356
-0.00355056
-0.00355056
-0.00390874
-0.00545412
-0.00339917
-0.00692709
-0.00376824
-0.00376824
-0.00800559
-0.00381888
-0.00119191
-0.00725005
-0.00520725
-0.00655694
-0.00655694
-0.00468684
-0.00468684
-0.00430584
-0.00762049
-0.00578947
-0.00578947
-0.00582381
-0.00854953
-0.00468684
0.00281583
-0.00352783
-0.00352783
-0.00887083
-0.0110476
-0.0083134
-0.0083134
-0.0044792
-0.0019271
-0.0019271
-0.00175337
-0.00175337
-0.00648267
-0.00715079
-0.00587476
-0.00686733
-0.00494461
-0.0080178
-0.0062102
-0.000863519
-0.00602517
-0.00602517
0.000464138
-0.00612431
-0.0028888
-0.00514023
-0.00932998
2.63924e-05
2.63924e-05
-0.00715145
-0.00457517
-0.004188
-0.00431727
-0.00784459
-0.00784459
-0.00784459
-0.00820313
-0.00951541
-0.00498728
-0.00211145
-0.00686733
-0.00759642
-0.00725005
-0.00710049
-0.0044792
-0.0116167
-0.00510707
-0.00708872
-0.00474873
-0.00474873
-0.00635576
-0.00303002
-0.00648267
-0.00648267
-0.00910713
-0.00654512
-0.00234624
-0.00692709
-0.00949082
-0.00949082
-0.0017639
-0.0019271
-0.00483746
-0.00707682
-0.00833931
-0.00634436
-0.00503381
-0.0049991
-0.00401425
-0.00599736
-0.00827827
-0.00827827
-0.00681631
-0.00949082
-0.00359452
-0.00728557
-0.00338819
0.000240043
-0.00105816
-0.00750997
-0.00123201
-0.000730485
-0.00328695
-0.00667958
-0.00562759
-0.00327605
-0.00327605
-0.00296066
-0.00320356
-0.00257199
-0.00257199
-0.00257199
-0.00596282
-0.00143663
-0.00381888
-0.00691539
0.000608152
-0.00674203
-0.00219339
-0.00236729
-0.00530298
-0.0117202
-0.00947834
-0.00806541
-0.00510707
0.000587935
-0.000710361
-0.00604828
-0.00771842
-0.00771842
-0.00546543
-0.00546543
-0.00640672
-0.00640672
-0.00311324
-0.00150748
-0.00150748
-0.00477095
-0.00344967
-0.00344967
-0.00141622
-0.00471449
-0.00234624
-0.00156903
-0.00588606
-0.00145655
-0.00544268
-0.00313453
-0.00671838
-0.00783245
-0.00580104
-0.00491091
-0.00143663
-0.0028888
-0.00601342
-0.00199868
-0.0071632
-0.00800559
-0.00506112
-0.00107855
-0.000117917
-0.00603678
-0.00603678
-0.00346063
-0.00346063
-0.00713957
-0.00783245
-0.00784459
-0.00602517
-0.00965137
-0.00638359
-0.00743529
-0.0113339
-0.0223085
-0.027099
-0.0314786
-0.0274331
-0.0268212
-0.0219102
-0.0219102
-0.0123982
-0.00949014
-0.00718223
0.00206902
0.0144161
0.0164604
0.00770634
0.0150612
0.0195241
0.0133959
0.0249295
0.0235182
0.0331198
0.0299325
0.0356141
0.0326678
0.0411585
0.0430869
0.0436129
0.0415174
0.0410904
0.0385381
0.0337366
0.0356859
0.0468275
0.0468275
0.0417343
0.0429589
0.0442253
0.0408124
0.0369733
0.0398033
0.039866
0.0451533
0.0464534
0.0461006
0.0460492
0.0400889
0.0442606
0.0434839
0.0408052
0.0402455
0.0431399
0.0427867
0.0415499
0.0404661
0.0438798
0.0447739
0.0415211
0.0467777
0.0440609
0.0475086
0.0437358
0.0426431
0.0410054
0.041865
0.0397797
0.0431399
0.039931
0.0379892
0.0420557
0.0420557
0.0414757
0.0418558
0.0418744
0.0385037
0.0380106
0.0416746
0.0420896
0.0388266
0.0388266
0.0404462
0.0395956
0.04085
0.0410348
0.0365065
0.040255
0.040255
0.0388366
0.0397594
0.0427867
0.0401228
0.0417513
0.0429587
0.0429587
0.0409428
0.0409959
0.0426055
0.0393419
0.0420279
0.0392344
0.0397152
0.0410345
0.0403822
0.0449806
0.038767
0.0354832
0.0347535
0.036642
0.0374617
0.0332631
0.0328685
0.0360343
0.0360343
0.0355766
0.0402416
0.0370201
0.0391752
0.0371922
0.0398966
0.0398966
0.0372533
0.0337559
0.0348474
0.0312565
0.0340823
0.0378979
0.0360609
0.0408932
0.0375536
0.0342721
0.0374963
0.0348656
0.0348656
0.0355534
0.031973
0.0358632
0.0382339
0.0371434
0.0384145
0.0384145
0.032966
0.0367334
0.0336964
0.0327939
0.036914
0.0321059
0.0338864
0.0307251
0.0186435
0.0198264
0.0220387
0.029722
0.0260811
0.0341102
0.0314203
0.0369325
0.0340613
0.0377728
0.033815
0.033815
0.0325046
0.0305132
0.0335724
0.031777
0.0350033
0.031295
0.0361473
0.0361473
0.0324059
0.0340571
0.0347727
0.036749
0.0330267
0.0333534
0.0337546
0.0349425
0.0349305
0.0337559
0.0362157
0.0362157
0.0333288
0.037053
0.0357687
0.0345421
0.0347121
0.0319349
0.0368598
0.032393
0.0363136
0.0355974
0.034724
0.0336682
0.0348703
0.0354883
0.0306715
0.0313887
0.0354761
0.0340325
0.0296033
0.0421678
0.0524677
0.0578198
0.0629636
0.0679888
0.0614449
0.0614449
0.0614449
0.0708899
0.0697241
0.0577748
0.0599421
0.0548382
0.0572345
0.0523027
0.0489421
0.0489421
0.0608904
0.0603109
0.0603109
0.0617579
0.0550589
0.0525988
0.0567249
0.0514779
0.054547
0.0549232
0.0569392
0.0543602
0.0518539
0.0514828
0.0513088
0.0526196
0.0560157
0.0554513
0.0541797
0.0502672
0.0506443
0.053477
0.053477
0.0486114
0.0522069
0.0528078
0.054363
0.054013
0.0498305
0.0489955
0.0509661
0.0455059
0.0520418
0.052763
0.045322
0.049175
0.0460228
0.0417435
0.0377241
0.0373678
0.038385
0.0349976
0.044748
0.0428308
0.0397441
0.0441211
0.0342945
0.0342945
0.0308108
0.0249107
0.0182811
0.00913723
0.00643076
0.00372181
0.0039206
0.00732294
0.0107911
0.0106564
0.00773775
0.009632
0.0104618
0.00630807
0.00420515
0.00236672
0.00121718
-0.00630943
-0.00390108
-0.0151315
-0.0127091
-0.00977278
-0.0149451
-0.0213723
-0.0194992
-0.0194992
-0.0099459
-0.0099459
-0.0160679
-0.0165046
-0.0122914
-0.00800373
-0.00800373
-0.00715245
-0.00717003
-0.0130908
-0.0117136
-0.0181233
-0.0169577
-0.0152331
-0.0152331
-0.0200556
-0.0200556
-0.0165008
-0.0213687
-0.02196
-0.0273544
-0.0298585
-0.0206072
-0.0231099
-0.0222389
-0.0105225
-0.0187184
-0.0163152
-0.00998884
-0.0140228
-0.00635441
-0.00635441
-0.00303788
-0.00112176
-5.59001e-05
0.000831658
-0.00387251
-0.00239777
-0.00530295
-0.0109541
-0.00966237
-0.00984295
-0.0126893
-0.0138658
-0.00871037
-0.017775
-0.00900074
-0.0154218
-0.0164288
-0.0134677
-0.0168739
-0.00768395
-0.00710716
-0.0073863
0.00119408
5.44916e-05
0.00412804
0.0119702
0.00993359
0.0118869
0.015812
0.014227
0.014227
0.0115858
0.00737525
0.00501816
0.00668382
0.00393921
0.00378138
-0.000256152
-0.00615998
-0.00575025
-0.0101669
-0.00662919
-0.00799692
5.44916e-05
5.44916e-05
-0.00106132
0.0021057
0.00246325
0.00896086
0.00992208
0.0167358
0.0167358
0.0159882
0.0170267
0.019654
0.00721268
0.0125409
0.00227967
0.00518493
0.00566685
0.00108239
0.0064675
0.00273208
0.00361379
0.00361379
0.0093712
0.0118748
0.00998483
0.0131243
0.0151364
0.0141203
0.0147686
0.012443
0.0146497
0.0127849
0.0106376
0.00766004
0.0085889
0.00752898
0.00534588
0.00361503
0.00542698
0.00416641
0.00416641
0.00950312
0.00889783
0.0186746
0.0176444
0.0167326
0.0217834
0.0217834
0.0193046
0.017287
0.0104767
0.0136222
0.0075788
0.0108859
0.0085053
0.00776498
0.00858748
0.00301922
0.0125959
0.00936338
0.00936338
0.0143222
0.0148556
0.0108745
0.0120042
0.0214121
0.0249662
0.0190986
0.0254385
0.0267574
0.0264758
0.0198376
0.0148235
0.00936732
0.00960487
0.00736925
0.0025086
-0.00232197
0.00337727
0.00131046
0.00131046
-0.00702192
5.70172e-05
-0.000133279
0.00232519
0.0104847
0.0104451
0.0104451
0.0191456
0.0260134
0.0257404
0.0316256
0.0332027
0.0317967
0.0300825
0.0253992
0.0208309
0.0163652
0.00947538
0.00569436
0.00124907
0.000847709
0.000408015
-0.000160174
-0.00193343
-0.00543263
-0.00597337
-0.00597337
-0.0062103
-0.0108114
-0.000979909
-0.00477807
-0.00555521
-0.00555521
-0.00089293
0.00292552
-0.000327221
0.000475499
-0.00490468
-0.0027607
-0.00786882
-0.0026992
-0.00301473
-0.00830596
-0.00894992
-0.00756858
-0.00660568
-0.00799244
-0.00315935
-0.00469389
-0.00448321
-0.00832807
-0.00526057
-0.00526057
-0.00414524
-0.0054688
-0.00378788
-0.00285434
-0.00435417
-0.0061232
-0.0061232
-0.00353763
-0.00629147
-0.00635396
0.00208878
-0.00243523
-0.00471324
-0.00147367
-0.0045852
-0.00980548
-0.00725532
-0.00334863
-0.0110808
-0.0056182
-0.0074064
-0.0103878
-7.21518e-05
-0.0100525
-0.013267
-0.00853758
-0.0108905
-0.0115714
-0.0132902
-0.00677363
-0.00850052
-0.00719371
-0.0102025
-0.00753105
-0.0094038
-0.00394112
-0.00362124
-0.00197952
-0.00203902
-0.0032214
-0.00256511
-0.00355823
-0.00214832
-0.00450459
-0.00250555
-0.00250555
-0.00391556
-0.00828373
-0.00427314
-0.00725737
-0.00784636
-0.0033685
-0.00397666
-0.00570279
-0.00477795
-0.00477795
-0.00454698
-0.00778064
-0.00141218
-0.00141218
-0.00601691
-0.00353763
-0.00717434
-0.0103905
-0.00681223
-0.0145089
-0.0108258
-0.010399
-0.00481646
-0.00812462
-0.00811606
-0.00592965
-0.00712515
-0.00374715
-0.00492137
-0.0040828
-0.00923823
-0.00414728
-0.00935317
-0.00689984
-0.00479737
-0.00448321
-0.00160707
-0.000953981
-0.00265757
-0.00265757
-0.00454698
-0.00671172
-0.00406356
-0.00257284
-0.0021967
-0.00248945
-0.00769488
-0.00328709
-0.000765418
0.0013412
-0.000922197
0.00313297
0.00313297
0.000279071
-0.000285638
-0.000579547
-0.00378717
-0.0066593
-0.00639156
-0.00705736
-0.00713229
-0.00775269
-0.0059102
-0.00741908
-0.0114928
-0.00741908
-0.00976299
-0.00569155
-0.00734588
-0.00399298
-0.00725172
-0.00420985
0.000825397
-0.00616096
0.000529288
0.00184889
-0.00353538
-0.00244619
-0.00280323
-0.00280323
-0.00374291
-0.00116769
0.00195533
-0.000118738
0.0015586
-0.00307285
-0.006688
-0.00796706
-0.00559965
-0.00648692
-0.0116341
-0.0109187
-0.0109187
-0.0104782
-0.00912563
-0.00711525
-0.00604884
-0.0121649
-0.00946106
-0.00946106
-0.00512688
-0.00410008
-0.000434136
-0.00202528
-0.0076859
-0.00749836
-0.00429831
-0.00805456
-0.00945856
-0.00753291
-0.0109038
-0.0100717
-0.0100717
-0.00958533
-0.00759248
-0.00752224
-0.00728365
-0.0116439
-0.00727403
-0.00207075
-0.0101524
0.000113745
-0.00201791
-0.00813392
-0.00470478
-0.00470478
-0.00527491
-0.00734734
-0.00763183
-0.0103799
-0.0103799
-0.00857716
-0.00803794
-0.0106875
-0.00917439
-0.00602004
-0.00788757
-0.00788757
-0.0119665
-0.0062103
0.000238127
-0.00307701
-0.00305451
-0.00295133
-0.00295133
-0.00133573
-0.00210708
-0.00171031
-0.00204039
-0.00756204
-0.00791945
-0.0079892
-0.00772877
-0.0111748
-0.00905157
-0.00606914
-0.0103048
-0.0103048
-0.00645026
-0.00822875
-0.00412229
-0.00590414
-0.00435586
-0.00270035
0.00328354
-0.00144002
0.000427353
-0.000560545
-0.000896435
-0.000581465
-0.00114671
0.00287675
7.04446e-05
-0.00391035
-0.00291591
-0.00478703
-0.00457415
-0.00665413
-0.00682131
-0.0119205
-0.00523436
-0.00734588
-0.00451983
-0.00834087
-0.00766861
-0.00481901
-0.00481901
0.00124294
-0.0023213
0.00328225
0.00328225
-5.64768e-05
-0.000264748
-0.00458603
-0.00309778
-0.000810683
-0.00521203
-0.00499966
-0.00447507
-0.00278109
-0.00363787
-0.00890539
-0.007513
-0.00807804
-0.00736898
-0.00755921
-0.00628709
-0.00444007
-0.00715053
-0.00715053
-0.00362294
-0.0023213
0.000177712
-0.00278109
-0.0018372
-0.00582873
-0.00353843
-0.00660671
-0.00233693
-0.00301123
-0.00463027
-0.00259273
-0.00259273
-0.0047352
-0.00502789
-0.00660014
-0.00660671
-0.00490319
-0.00641023
-0.00374715
-0.00469222
-0.00229898
-0.000724982
-0.0023169
-0.00656392
-0.00656392
-0.00193953
-0.0017495
-0.00568177
0.00324316
-0.00131174
-0.0014319
-0.00607513
-0.00406106
-0.00869016
-0.00727727
-0.00699874
-0.00330693
-0.00789994
-0.00660568
-0.00849289
-0.00764584
-0.00803428
-0.00538721
-0.00357872
-0.00454472
-0.0116941
-0.00547042
-0.00572369
-0.00267414
-0.00107474
0.00181053
-0.0025491
0.00250584
-0.00172952
-0.00216828
-0.00725916
-0.003622
-0.00904727
-0.00965263
-0.0105583
-0.00374715
-0.0054925
-0.00751041
-0.00751041
-0.00624815
-0.00860368
-0.00860368
-0.0133363
-0.0117615
-0.00976284
-0.00620723
-0.00629147
-0.00890081
-0.0119517
-0.00807975
-0.0112151
-0.00622797
-0.00700626
-0.00584895
-0.0101749
-0.0103652
-0.0141695
-0.0141695
-0.0121399
-0.0135267
-0.00793174
-0.00504527
-0.0125219
-0.00590921
-0.0101853
-0.00645561
-0.00430719
-0.00413824
-0.00236625
-0.00030684
-0.00030684
-0.00285434
-0.00519411
-0.00407906
-0.0089436
-0.00957159
-0.00957159
-0.00763823
-0.0119797
-0.0100386
-0.0046478
-0.0113812
-0.010922
-0.0142088
-0.0104393
-0.0104393
-0.0058233
-0.00729735
-0.000719599
-0.0113455
-0.0113455
-0.00890033
-0.011366
-0.00993008
-0.00609024
-0.0062979
-0.00346215
-0.0115351
-0.0115351
-0.0116159
-0.0138282
-0.0138282
-0.0110516
-0.0139392
-0.0148081
-0.0127398
-0.00679664
-0.00961829
-0.00957637
-0.00957637
-0.00771458
-0.00545106
-0.00974106
-0.00475444
-0.0133306
-0.01122
-0.01122
-0.016446
-0.0130146
-0.0122954
-0.0126358
-0.0128002
-0.011221
-0.00801104
-0.0147899
-0.013077
-0.0128668
-0.0164978
-0.0160795
-0.0160795
-0.0149378
-0.00872687
-0.0118945
-0.0122571
-0.0111333
-0.0137715
-0.0123127
-0.014028
-0.0151064
-0.0163313
-0.0151064
-0.0104765
-0.0159729
-0.0133728
-0.012611
-0.013163
-0.0159107
-0.018405
-0.010626
-0.00958475
-0.0167996
-0.0123127
-0.0129645
-0.0100373
-0.00829208
-0.0118741
-0.0118741
-0.00855951
-0.009188
-0.00933955
-0.0100453
-0.0110149
-0.014554
-0.00969766
-0.00797607
-0.013393
-0.0120132
-0.0163774
-0.0139455
-0.018405
-0.0169682
-0.0148768
-0.0159316
-0.0167613
-0.0186385
-0.0186385
-0.0215591
-0.0134727
-0.0203993
-0.0151276
-0.0141755
-0.0162899
-0.0162899
-0.0186011
-0.0156755
-0.0190226
-0.0145339
-0.0122595
-0.0180209
-0.0139551
-0.0133884
-0.0167772
-0.0142354
-0.0106378
-0.0170778
-0.0170778
-0.0130493
-0.0127559
-0.0164186
-0.0138372
-0.0137662
-0.0139551
-0.0172634
-0.0102285
-0.012436
-0.0140124
-0.0116361
-0.0107031
-0.00978026
-0.0164186
-0.00869605
-0.0126448
-0.0126255
-0.0112594
-0.0152272
-0.0152272
-0.0158447
-0.0190862
-0.0140661
-0.0176893
-0.0152764
-0.0129908
-0.0167772
-0.018217
-0.0131994
-0.01771
-0.0200618
-0.0190401
-0.0178582
-0.0168632
-0.018812
-0.0149786
-0.0167567
-0.0117585
-0.0155661
-0.0155661
-0.016838
-0.0154358
-0.0191045
-0.0170273
-0.0184275
-0.0171153
-0.0115429
-0.0157157
-0.0140201
-0.0115618
-0.0155063
-0.0159444
-0.0159444
-0.014352
-0.00911822
-0.0142748
-0.0119388
-0.0122478
-0.0170073
-0.0134462
-0.0191708
-0.0175203
-0.013427
-0.0128143
-0.019893
-0.0164793
-0.0162084
-0.0168643
-0.0131727
-0.0148292
-0.016858
-0.0139743
-0.0175818
-0.0202265
-0.0162494
-0.0155661
-0.0153967
-0.0190842
-0.0165192
-0.0165192
-0.0114661
-0.0134841
-0.0154861
-0.0156126
-0.0155727
-0.0124366
-0.0213324
-0.0194491
-0.0191917
-0.0163364
-0.0159313
-0.0213969
-0.0190018
-0.0130299
-0.021354
-0.0149786
-0.0199562
-0.0155661
-0.0184481
-0.0184468
-0.0204182
-0.0128126
-0.014464
-0.0153615
-0.0141598
-0.0135949
-0.0135949
-0.0135949
-0.0108391
-0.0150966
-0.013877
-0.0143648
-0.0164624
-0.017879
-0.0165256
-0.0179426
-0.0175614
-0.0160599
-0.0205028
-0.0205028
-0.01771
-0.0150577
-0.0208641
-0.019354
-0.0165974
-0.0152855
-0.0152855
-0.0149461
-0.0142748
-0.0187858
-0.0210748
-0.0180209
-0.0180209
-0.0227328
-0.0177771
-0.0177771
-0.0174576
-0.0171408
-0.0198502
-0.0191288
-0.021587
-0.0172433
-0.0172433
-0.0199978
-0.0149076
-0.0210802
-0.0255709
-0.0186638
-0.0201462
-0.0190433
-0.0185357
-0.01631
-0.0201042
-0.0189211
-0.0204207
-0.0205051
-0.020763
-0.021122
-0.021122
-0.0205028
-0.020083
-0.0177305
-0.0212067
-0.0229179
-0.017981
-0.0205466
-0.0168178
-0.0191917
-0.0178316
-0.0176422
-0.0168976
-0.0162387
-0.0165325
-0.0188741
-0.0188741
-0.0148687
-0.0206532
-0.0191288
-0.0224997
-0.0230863
-0.0220936
-0.0227495
-0.0200184
-0.026337
-0.0193653
-0.0219034
-0.0195919
-0.0201042
-0.0206742
-0.0199713
-0.0216917
-0.0190624
-0.0178514
-0.0202081
-0.017981
-0.0194902
-0.0219884
-0.0219884
-0.0171064
-0.0189552
-0.016389
-0.0207364
-0.0229492
-0.0223052
-0.0211428
-0.0161605
-0.0251892
-0.0206742
-0.0189351
-0.0225782
-0.0225782
-0.0169839
-0.0226887
-0.0168057
-0.0201195
-0.0178541
-0.0193933
-0.0202175
-0.0154537
-0.018884
-0.0191447
-0.0201669
-0.0229918
-0.0212912
-0.0173622
-0.0213326
-0.0182574
-0.021312
-0.0202081
-0.020336
-0.020336
-0.0227115
-0.0184269
-0.021122
-0.0230129
-0.0209941
-0.0186558
-0.0186558
-0.0227294
-0.0213736
-0.0203288
-0.0187525
-0.0214541
-0.0237733
-0.0168337
-0.0205264
-0.0168337
-0.0190638
-0.0181468
-0.0181468
-0.0204385
-0.0167947
-0.0209321
-0.0185561
-0.0185964
-0.0222258
-0.0222258
-0.0197605
-0.0205063
-0.0240482
-0.0204586
-0.0182773
-0.0208849
-0.0198899
-0.0216719
-0.0171733
-0.0197457
-0.0179487
-0.0179487
-0.0188451
-0.0204385
-0.0222258
-0.0222258
-0.0252558
-0.0249836
-0.0249836
-0.0204207
-0.0166886
-0.020763
-0.0255709
-0.0225426
-0.0192535
-0.0218816
-0.0153708
-0.022606
-0.0239215
-0.0239215
-0.0224989
-0.0194995
-0.0208176
-0.0160848
-0.0133077
-0.0133077
-0.017269
-0.0215429
-0.018336
-0.0198899
-0.0222258
-0.0218456
-0.0186949
-0.0186949
-0.0185251
-0.0236461
-0.0228168
-0.0210348
-0.0215633
-0.0215633
-0.0175792
-0.0204586
-0.0197523
-0.0219224
-0.0179678
-0.0170325
-0.0200476
-0.0217218
-0.0177571
-0.0175202
-0.0190893
-0.0177015
-0.0202286
-0.0219673
-0.0195919
-0.0203152
-0.0233033
-0.0258059
-0.0194836
-0.0194836
-0.0227328
-0.0173427
-0.0208451
-0.0209261
-0.0229441
-0.0247239
-0.0247239
-0.0201591
-0.0216037
-0.0206079
-0.0204786
-0.0202489
-0.01995
-0.018995
-0.0152101
-0.021671
-0.0158993
-0.0223499
-0.023176
-0.0190732
-0.0183165
-0.0192909
-0.0193141
-0.0213736
-0.0193933
-0.016145
-0.0196731
-0.0196731
-0.0200766
-0.0216237
-0.0169102
-0.0220109
-0.0234347
-0.0186754
-0.0220301
-0.0202286
-0.027721
-0.0241117
-0.0237314
-0.0237314
-0.0202081
-0.0203568
-0.022986
-0.0250264
-0.0179101
-0.0226887
-0.0226887
-0.0211839
-0.020309
-0.0198585
-0.0197804
-0.0214341
-0.0224301
-0.0212363
-0.0214541
-0.0142571
-0.0200089
-0.0176089
-0.0178514
-0.0227751
-0.0204182
-0.021055
-0.0205876
-0.0219021
-0.0204182
-0.0201591
-0.0213939
-0.0225193
-0.0230274
-0.020628
-0.0239425
-0.020368
-0.0201982
-0.0186163
-0.015975
-0.0187903
-0.0202175
-0.0212645
-0.0212645
-0.0217933
-0.0199301
-0.0251954
-0.0186558
-0.0199023
-0.0228168
-0.0240695
-0.0217933
-0.0177015
-0.0200996
-0.0238793
-0.0228989
-0.0243433
-0.0237045
-0.0198585
-0.0203708
-0.0220027
-0.0232378
-0.0168144
-0.0165224
-0.0214739
-0.0228581
-0.0213939
-0.0174008
-0.0205859
-0.0238556
-0.0238556
-0.0211967
-0.0235366
-0.0185251
-0.0233721
-0.0218615
-0.0194801
-0.0176089
-0.0167402
-0.0243018
-0.0253165
-0.021753
-0.0187621
-0.016929
-0.0214306
-0.0211344
-0.0210861
-0.0180911
-0.0197326
-0.0217933
-0.0194607
-0.0215836
-0.0169477
-0.0207358
-0.0216237
-0.0204786
-0.0216518
-0.0204586
-0.022986
-0.0202286
-0.0190148
-0.0231343
-0.0215836
-0.0241326
-0.0242808
-0.0241533
-0.0204385
-0.0205378
-0.0241945
-0.0172501
-0.0172501
-0.0195235
-0.0199698
-0.0190148
-0.0212844
-0.0211159
-0.0230479
-0.0213532
-0.0204786
-0.0183165
-0.01995
-0.0189033
-0.0193141
-0.0224783
-0.023176
-0.0244288
-0.0202891
-0.0150215
-0.0230479
-0.0169946
-0.0241533
-0.0205573
-0.0242597
-0.0185444
-0.0169662
-0.0227894
-0.018809
-0.0218132
-0.0149247
-0.023794
-0.0215225
-0.0243598
-0.0207772
-0.0239005
-0.0226682
-0.0213532
-0.0239425
-0.022606
-0.0255334
-0.0239425
-0.0226887
-0.0250687
-0.024555
-0.0213532
-0.0247881
-0.0249784
-0.0191844
-0.0188255
-0.0228989
-0.0211147
-0.0214141
-0.0214141
-0.0227091
-0.0198001
-0.0219427
-0.0224783
-0.0263219
-0.0217327
-0.0217327
-0.024555
-0.0233243
-0.0242808
-0.0242149
-0.0219021
-0.0228375
-0.0228375
-0.0188057
-0.0216502
-0.0202489
-0.0208176
-0.0244919
-0.0244919
-0.0226887
-0.0231967
-0.0216502
-0.0251474
-0.0255973
-0.0236836
-0.0223619
-0.0213238
-0.0207075
-0.0215633
-0.0215633
-0.0218816
-0.0261872
-0.0261872
-0.0251954
-0.0212446
-0.0247881
-0.0231967
-0.0231967
-0.0200089
-0.0234072
-0.0229391
-0.0201394
-0.0244919
-0.0225598
-0.0180724
-0.0225193
-0.0207772
-0.0197911
-0.0215429
-0.024174
-0.0204182
-0.0248303
-0.024471
-0.0212446
-0.0255761
-0.0270193
-0.0240046
-0.0240046
-0.0263646
-0.0256392
-0.0243433
-0.0229591
-0.015095
-0.015095
-0.0232783
-0.0211927
-0.020668
-0.020668
-0.0178541
-0.023896
-0.0211344
-0.0177322
-0.0238556
-0.0254553
-0.0265337
-0.0198197
-0.0221122
-0.0236453
-0.0238556
-0.0179771
-0.0225598
-0.0172501
-0.0234554
-0.0230479
-0.0235566
-0.015726
-0.0223903
-0.0228972
-0.0241143
-0.0256392
-0.0167776
-0.0214541
-0.0198585
-0.0215131
-0.0160848
-0.0228785
-0.0225598
-0.0224103
-0.0187334
-0.0212245
-0.0212245
-0.0263646
-0.0263646
-0.0263646
-0.0254699
-0.0254699
-0.0223499
-0.0223499
-0.0265549
-0.0211344
-0.0193269
-0.0203613
-0.015626
-0.0210608
-0.0272583
-0.0200668
-0.022986
-0.0248361
-0.0268504
-0.0255761
-0.0253644
-0.0196693
-0.0238352
-0.0238556
-0.0196693
-0.0224499
-0.0247718
-0.023794
-0.014566
-0.0230683
-0.022051
-0.0213238
-0.0244047
-0.0187334
-0.0183745
-0.0210949
-0.0222207
-0.0208527
-0.0207753
-0.0226682
-0.0226682
-0.0206079
-0.0209253
-0.021075
-0.0257875
-0.024174
-0.024174
-0.0228581
-0.0281681
-0.0226887
-0.0216829
-0.0214541
-0.0206635
-0.0173251
-0.0205315
-0.022489
-0.0162372
-0.0210035
-0.0184314
-0.0154832
-0.0194241
-0.0167161
-0.0197457
-0.0191787
-0.0197078
-0.0235165
-0.0213041
-0.0189897
-0.0189897
-0.0244939
-0.0207392
-0.0178417
-0.0185236
-0.0185236
-0.0161381
-0.0232954
-0.0221683
-0.0184871
-0.0198777
-0.0219012
-0.0148077
-0.0190732
-0.0185417
-0.0259196
-0.0200668
-0.0171733
-0.0208335
-0.0244939
-0.0193487
-0.0216199
-0.0173619
-0.0206635
-0.021542
-0.021542
-0.0209841
-0.0225084
-0.0195756
-0.019972
-0.014672
-0.0192051
-0.0209094
-0.0147029
-0.0173801
-0.0221297
-0.0163572
-0.0178417
-0.0260012
-0.0190276
-0.0217218
-0.021751
-0.0195756
-0.0194241
-0.0230671
-0.0230671
-0.0222207
-0.0186014
-0.0221491
-0.016614
-0.0225084
-0.0192906
-0.0192906
-0.0195567
-0.0146547
-0.0168688
-0.0206443
-0.0235366
-0.0193677
-0.0212024
-0.0141253
-0.0183532
-0.021866
-0.0183031
-0.0220173
-0.0196497
-0.0206059
-0.0158454
-0.0199534
-0.0190464
-0.015726
-0.0185825
-0.0207205
-0.0212309
-0.0258912
-0.024083
-0.0189132
-0.0196129
-0.0206826
-0.0206826
-0.0211539
-0.0177571
-0.0220363
-0.0186574
-0.0174766
-0.0154205
-0.0247928
-0.0214306
-0.023504
-0.0209466
-0.0220173
-0.018442
-0.0205689
-0.0221107
-0.0167688
-0.0187428
-0.0167338
-0.0164099
-0.0195154
-0.0217705
-0.0171592
-0.0154725
-0.0182007
-0.0219791
-0.0258714
-0.0171103
-0.0210796
-0.0182854
-0.0195466
-0.0145185
-0.0187428
-0.0176711
-0.0181323
-0.0213365
-0.0222253
-0.0189678
-0.0158314
-0.02038
-0.0199904
-0.0148427
-0.0231486
-0.0218282
-0.0246837
-0.0183351
-0.0192906
-0.018083
-0.0159674
-0.0198565
-0.023504
-0.0188644
-0.0193088
-0.0227169
-0.0206059
-0.0191202
-0.0196679
-0.0169395
-0.0189792
-0.0156086
-0.0203613
-0.0207392
-0.0198875
-0.0204664
-0.0192906
-0.0200579
-0.0176889
-0.019643
-0.0209281
-0.0221107
-0.0247924
-0.0180122
-0.0184069
-0.0198565
-0.0196037
-0.0142925
-0.0147402
-0.0187481
-0.0154553
-0.0128647
-0.0128647
-0.0157616
-0.0229744
-0.021677
-0.0233338
-0.016922
-0.0213626
-0.0166804
-0.0217981
-0.0228091
-0.0227549
-0.0204536
-0.0176399
-0.0145355
-0.0184871
-0.0198384
-0.0183891
-0.0182185
-0.0198565
-0.0181827
-0.0151478
-0.0178417
-0.0212118
-0.0224449
-0.0210796
-0.0183532
-0.0183532
-0.0196497
-0.0207763
-0.0183351
-0.0219208
-0.0194793
-0.0171103
-0.0141937
-0.0169569
-0.0182362
-0.0198565
-0.0168033
-0.0198384
-0.0198384
-0.0190036
-0.0189678
-0.0169569
-0.0156945
-0.0211355
-0.0138684
-0.0182854
-0.0193804
-0.0185775
-0.0228043
-0.0196497
-0.0176711
-0.0187972
-0.0187972
-0.0198017
-0.0187428
-0.017365
-0.0175532
-0.0178772
-0.0162043
-0.0163073
-0.0175532
-0.0170577
-0.0174506
-0.0196006
-0.0155066
-0.0188151
-0.0133714
-0.0159483
-0.017724
-0.0167338
-0.0171277
-0.014872
-0.0185089
-0.0154896
-0.0168178
-0.0149768
-0.0186445
-0.0170392
-0.0197171
-0.0152639
-0.0194974
-0.0176748
-0.0174167
-0.0139337
-0.0152308
-0.0155066
-0.0186128
-0.0158991
-0.017365
-0.0162904
-0.0191742
-0.0180301
-0.0192096
-0.0201608
-0.0172277
-0.0151814
-0.0134444
-0.0196313
-0.0204897
-0.014755
-0.0122626
-0.0151814
-0.0151308
-0.018083
-0.018083
-0.0204354
-0.0204354
-0.0183381
-0.02071
-0.019398
-0.0192271
-0.0178096
-0.0178096
-0.0181176
-0.0186797
-0.0171962
-0.0171962
-0.0192956
-0.0182185
-0.0178772
-0.0129312
-0.0215068
-0.016922
-0.016922
-0.0242336
-0.0184738
-0.0192906
-0.0189857
-0.0178595
-0.0205394
-0.0186267
-0.0186267
-0.0154184
-0.0149257
-0.0207205
-0.0162904
-0.0180809
-0.0209345
-0.020319
-0.0150103
-0.0187488
-0.0163924
-0.0175705
-0.0156747
-0.0198565
-0.0193088
-0.0153357
-0.0212216
-0.019686
-0.0165806
-0.0203011
-0.0167513
-0.0131023
-0.0179122
-0.0168203
-0.0153017
-0.0153017
-0.0202831
-0.021123
-0.0193804
-0.0204171
-0.0154515
-0.0174692
-0.0174692
-0.0200088
-0.0202516
-0.0182185
-0.0172985
-0.0187611
-0.019704
-0.0181827
-0.0180301
-0.014772
-0.0153357
-0.0171277
-0.0172456
-0.0162563
-0.0180655
-0.0114966
-0.0144638
-0.0189366
-0.0181176
-0.0193448
-0.0166662
-0.0164951
-0.0179467
-0.0202467
-0.0202467
-0.0141597
-0.0158802
-0.0176532
-0.0193448
-0.0188151
-0.0181176
-0.014772
-0.0206603
-0.0197746
-0.0160854
-0.0184738
-0.0189027
-0.0198092
-0.0165773
-0.0196381
-0.0172985
-0.0158655
-0.0180122
-0.0171622
-0.0117461
-0.0200762
-0.0154515
-0.0190213
-0.0190213
-0.0153017
-0.0172633
-0.0186972
-0.0146011
-0.0127764
-0.0197831
-0.0155568
-0.0203862
-0.0208489
-0.0161194
-0.0173158
-0.0202649
-0.0150103
-0.0148058
-0.0109667
-0.0129312
-0.0134196
-0.0199058
-0.0167493
-0.018868
-0.0182712
-0.0171277
-0.016324
-0.0145772
-0.0176544
-0.0175705
-0.014668
-0.0168203
-0.0115613
-0.0179963
-0.0175182
-0.0149599
-0.020319
-0.0133551
-0.020696
-0.0196552
-0.0177586
-0.0153691
-0.0177586
-0.0172626
-0.0174167
-0.0178264
-0.0159981
-0.0201305
-0.0114056
-0.0177414
-0.0175705
-0.0181147
-0.0170915
-0.0162904
-0.0218282
-0.0196006
-0.0209651
-0.0140227
-0.0168373
-0.0162391
-0.0122943
-0.0199239
-0.0190036
-0.0154515
-0.0192096
-0.0177757
-0.0137624
-0.0132323
-0.0159981
-0.0121229
-0.0184066
-0.0122785
-0.0156945
-0.0154506
-0.0178096
-0.0222691
-0.0162904
-0.0137463
-0.014872
-0.0150268
-0.017724
-0.0203368
-0.0175005
-0.0125889
-0.018442
-0.0169913
-0.0202356
-0.0218059
-0.0145772
-0.0159648
-0.0193297
-0.0152791
-0.0176047
-0.0166493
-0.0148556
-0.0152145
-0.0121229
-0.0166996
-0.0192271
-0.0154021
-0.0185775
-0.0169742
-0.0171103
-0.0158974
-0.0195511
-0.0182886
-0.0156776
-0.0156776
-0.0153187
-0.0153691
-0.0169742
-0.0139176
-0.0161034
-0.0183733
-0.0154021
-0.0200985
-0.0117614
-0.0176047
-0.0159651
-0.019484
-0.0142601
-0.0117152
-0.0189894
-0.0185775
-0.0146351
-0.01479
-0.0158823
-0.0179122
-0.0177757
-0.0157113
-0.0158655
-0.021226
-0.0190736
-0.0166323
-0.0166323
-0.0199103
-0.0160533
-0.01532
-0.0157445
-0.0166152
-0.0157445
-0.0159157
-0.0173331
-0.0141371
-0.0168373
-0.0128402
-0.0117747
-0.0145859
-0.0182362
-0.0153691
-0.0177431
-0.0168203
-0.0164272
-0.0145859
-0.013322
-0.0105753
-0.0200631
-0.0131512
-0.0210693
-0.0160194
-0.0176047
-0.0176047
-0.0137301
-0.0147402
-0.0191742
-0.0171622
-0.0171622
-0.0173841
-0.0160702
-0.0170252
-0.0166152
-0.0173996
-0.0173996
-0.0135588
-0.0194303
-0.0199103
-0.0154745
-0.00973281
-0.0162563
-0.0167688
-0.0143305
-0.0127437
-0.0129312
-0.0195333
-0.0168203
-0.0150268
-0.018083
-0.016598
-0.0132163
-0.0109667
-0.0127601
-0.0176222
-0.0145355
-0.0168033
-0.0138197
-0.0144302
-0.0124177
-0.0119781
-0.0113094
-0.0172097
-0.0156433
-0.0166498
-0.0171622
-0.0134774
-0.0162412
-0.0160364
-0.0120591
-0.0132568
-0.0166983
-0.0125726
-0.0134763
-0.0149112
-0.0149112
-0.0134278
-0.0160022
-0.0185417
-0.0135097
-0.0129148
-0.0137697
-0.00977884
-0.015048
-0.0153192
-0.0139718
-0.0129148
-0.015438
-0.0162552
-0.0108053
-0.0130858
-0.0159499
-0.0150134
-0.0160896
-0.0160896
-0.0123529
-0.0198017
-0.0141937
-0.0132233
-0.0114157
-0.00963847
-0.00963847
-0.017739
-0.017739
-0.0132401
-0.0157793
-0.0168688
-0.0133941
-0.0109927
-0.0143133
-0.0158305
-0.0158839
-0.017739
-0.0137697
-0.0164969
-0.011807
-0.0135819
-0.0168381
-0.0182864
-0.0143659
-0.0157116
-0.0164457
-0.0166059
-0.0160442
-0.0198594
-0.0198594
-0.0141954
-0.0160751
-0.00854381
-0.00854381
-0.0169649
-0.0128189
-0.0120935
-0.0185181
-0.015529
-0.0101725
-0.0182674
-0.0143971
-0.0143971
-0.0147912
-0.0165904
-0.0135999
-0.0154635
-0.0136294
-0.0137086
-0.0137086
-0.0156197
-0.0151351
-0.0189696
-0.0136941
-0.0157439
-0.0172613
-0.00965539
-0.0158377
-0.0130986
-0.0168863
-0.0143522
-0.0158569
-0.0165274
-0.0163875
-0.0130839
-0.0211259
-0.0133981
-0.0153982
-0.0119288
-0.0137867
-0.0178739
-0.0119288
-0.0106609
-0.0163875
-0.0110544
-0.015085
-0.0167307
-0.0123956
-0.0141653
-0.0187154
-0.0160095
-0.0162469
-0.0169803
-0.017572
-0.011177
-0.0183563
-0.0116284
-0.0156197
-0.0156197
-0.0165904
-0.0175306
-0.016859
-0.013113
-0.015352
-0.0189696
-0.0154788
-0.0163718
-0.00739231
-0.00998627
-0.0136794
-0.0178897
-0.0213813
-0.0170897
-0.0154325
-0.0156506
-0.0140234
-0.0135547
-0.017858
-0.017858
-0.00907474
-0.0165592
-0.0160128
-0.0130242
-0.0197385
-0.0139934
-0.0139934
-0.0178419
-0.0114419
-0.0152294
-0.0162315
-0.0154168
-0.0132909
-0.0116284
-0.0135074
-0.0171715
-0.0166059
-0.0166059
-0.0165592
-0.0163375
-0.0152608
-0.0124099
-0.0134778
-0.019246
-0.019246
-0.019246
-0.019246
-0.0167465
-0.0149481
-0.0169023
-0.0105383
-0.0171398
-0.0103166
-0.0151351
-0.0108968
-0.0182674
-0.0182674
-0.0157314
-0.0189533
-0.0151199
-0.0151351
-0.0162622
-0.0150579
-0.0157913
-0.00665326
-0.0161524
-0.0178739
-0.0177022
-0.0126323
-0.019141
-0.0163718
-0.0176053
-0.0150891
-0.0145542
-0.011614
-0.0175148
-0.0180771
-0.0193125
-0.015448
-0.0144934
-0.0178739
-0.0145691
-0.0114419
-0.0149782
-0.0180134
-0.0105238
-0.0195832
-0.0158569
-0.0160751
-0.0159472
-0.0172292
-0.0170897
-0.0157598
-0.0136042
-0.0172292
-0.0185762
-0.0141804
-0.0164187
-0.0155724
-0.0168703
-0.0205786
-0.0125237
-0.0156352
-0.0138065
-0.0128972
-0.0167465
-0.017718
-0.0154325
-0.0205116
-0.0178739
-0.0167307
-0.0141804
-0.0179972
-0.0139783
-0.0154325
-0.013119
-0.0162622
-0.0151046
-0.0122377
-0.0208506
-0.0109534
-0.018749
-0.018201
-0.0176543
-0.00850296
-0.0174829
-0.0175462
-0.0183725
-0.0180295
-0.0144779
-0.0113983
-0.0112554
-0.0222205
-0.0135074
-0.00896549
-0.00896549
-0.0194674
-0.0126956
-0.0156659
-0.0158725
-0.0152608
-0.0156197
-0.015494
-0.0155883
-0.0179808
-0.0133981
-0.0144173
-0.0109534
-0.0120369
-0.012322
-0.0126323
-0.0142303
-0.0136646
-0.0167967
-0.0188158
-0.0152763
-0.0142303
-0.0117208
-0.0138366
-0.0132607
-0.0158879
-0.0164032
-0.0164032
-0.0141346
-0.0131486
-0.0152917
-0.0120369
-0.011879
-0.0169683
-0.0134778
-0.0159032
-0.0155594
-0.0121798
-0.0147457
-0.0131486
-0.0158569
-0.020424
-0.0160597
-0.0150286
-0.0127751
-0.012991
-0.0118931
-0.0118931
-0.0168436
-0.0150435
-0.0132909
-0.0137912
-0.0129619
-0.0115203
-0.0142303
-0.0164534
-0.0131041
-0.0137912
-0.0161561
-0.0161561
-0.0126609
-0.0171238
-0.0138715
-0.0134926
-0.0138366
-0.0113196
-0.0110976
-0.0110976
-0.0174505
-0.0162469
-0.0154325
-0.0160442
-0.0120224
-0.0128972
-0.0151351
-0.0156506
-0.0181522
-0.019296
-0.0120078
-0.0198099
-0.0169023
-0.0151351
-0.0140884
-0.0140433
-0.0145088
-0.0145088
-0.0162002
-0.0166827
-0.0136497
-0.0110398
-0.0169181
-0.0138065
-0.0146959
-0.0118212
-0.0183899
-0.014574
-0.0156506
-0.0179243
-0.014761
-0.014761
-0.0134926
-0.0170154
-0.0129322
-0.0153418
-0.0141843
-0.0173273
-0.01429
-0.0177045
-0.0122234
-0.0122234
-0.0147457
-0.0147457
-0.0164032
-0.0114772
-0.0115061
-0.0139934
-0.0134778
-0.015529
-0.0149174
-0.0136941
-0.0188371
-0.018201
-0.0149174
-0.0190916
-0.0178739
-0.0162315
-0.0103662
-0.0151046
-0.0195507
-0.0163559
-0.0163559
-0.0163875
-0.0156041
-0.0165113
-0.0176543
-0.0166988
-0.012209
-0.012209
-0.0129172
-0.015307
-0.0172791
-0.0122234
-0.0167808
-0.0139934
-0.00853032
-0.0107103
-0.0144324
-0.0146341
-0.0158254
-0.0156197
-0.0163559
-0.0171715
-0.0160442
-0.0138065
-0.0106958
-0.0152608
-0.01005
-0.01005
-0.0144022
-0.0132607
-0.0131632
-0.011413
-0.0125237
-0.0173273
-0.014902
-0.0134279
-0.0123811
-0.0136042
-0.0179808
-0.0175148
-0.0154168
-0.0158069
-0.0141191
-0.0187325
-0.0171871
-0.0138216
-0.0138216
-0.0189696
-0.015638
-0.0173273
-0.0179644
-0.0174829
-0.0120224
-0.0196386
-0.0123665
-0.0158569
-0.0121798
-0.0128824
-0.0165749
-0.0162159
-0.0131339
-0.0116284
-0.012209
-0.0163718
-0.0147912
-0.0140585
-0.0140585
-0.0137448
-0.0152452
-0.0168124
-0.0173273
-0.0133058
-0.0166664
-0.00991498
-0.0104888
-0.0198099
-0.0137604
-0.0170738
-0.0150421
-0.0121502
-0.0136042
-0.0150891
-0.0139934
-0.0182834
-0.0180959
-0.013196
-0.013196
-0.0148863
-0.0151046
-0.0133058
-0.0154325
-0.0167148
-0.0147457
-0.0147457
-0.0151501
-0.0130986
-0.0168742
-0.0138662
-0.0135508
-0.0159335
-0.0159335
-0.0146043
-0.0142454
-0.0183563
-0.0124099
-0.0180613
-0.0180613
-0.0142753
-0.0183151
-0.0149174
-0.0110689
-0.0144173
-0.0155594
-0.0172026
-0.0168281
-0.0110689
-0.0149481
-0.0122377
-0.011879
-0.0144324
-0.0141954
-0.0117348
-0.0123956
-0.0127543
-0.0147762
-0.0140382
-0.0136794
-0.0126177
-0.012991
-0.0171871
-0.0212099
-0.0162315
-0.0149481
-0.0124099
-0.0116925
-0.0164032
-0.0167931
-0.0123811
-0.0118503
-0.0118503
-0.0135074
-0.0185601
-0.0152917
-0.0105171
-0.0138366
-0.0115702
-0.0115702
-0.015529
-0.0152917
-0.0159184
-0.0170897
-0.0111117
-0.0120078
-0.0166563
-0.0118503
-0.0157161
-0.0152917
-0.0158069
-0.0185777
-0.0186743
-0.0128972
-0.0206626
-0.0144473
-0.0140529
-0.0152763
-0.0171398
-0.0125532
-0.0153875
-0.0157465
-0.0127105
-0.0154635
-0.0165904
-0.0127398
-0.0161844
-0.0158879
-0.014574
-0.0125821
-0.0162469
-0.0145241
-0.0177022
-0.0146805
-0.0164187
-0.0104888
-0.0110833
-0.0149632
-0.0122377
-0.0160442
-0.0141032
-0.018235
-0.0144621
-0.0202527
-0.0136646
-0.0171871
-0.0135364
-0.0144473
-0.0124099
-0.0128972
-0.0153221
-0.0127398
-0.0120369
-0.0119211
-0.0131339
-0.0153371
-0.0153371
-0.0127829
-0.0153724
-0.0171715
-0.0144473
-0.0164187
-0.0154168
-0.0154168
-0.0128972
-0.0141032
-0.0145838
-0.0169181
-0.0169339
-0.0169339
-0.0128972
-0.0210385
-0.0210385
-0.0118647
-0.0118647
-0.0127687
-0.0151351
-0.0184046
-0.0134477
-0.0160442
-0.0132411
-0.0179808
-0.0123811
-0.015307
-0.0180771
-0.0160597
-0.0160751
-0.01415
-0.0136941
-0.0163718
-0.014821
-0.0132759
-0.0138366
-0.0148357
-0.0141954
-0.0159032
-0.0135074
-0.0185601
-0.013522
-0.0179794
-0.0181686
-0.0151351
-0.0151351
-0.0145241
-0.0147762
-0.0154325
-0.0158069
-0.013113
-0.015448
-0.0168863
-0.0125088
-0.013196
-0.015448
-0.0156659
-0.0120512
-0.0181849
-0.0130242
-0.0130242
-0.0154168
-0.015307
-0.0172453
-0.0207666
-0.0130986
-0.0130986
-0.0133353
-0.0132909
-0.0132909
-0.0158569
-0.0149481
-0.015307
-0.017858
-0.014761
-0.0145892
-0.0195165
-0.0134926
-0.0127252
-0.0143869
-0.0151799
-0.0145392
-0.0125532
-0.0125532
-0.0129264
-0.0152608
-0.0162469
-0.010739
-0.0194674
-0.0170897
-0.0165749
-0.0180134
-0.015307
-0.0152917
-0.015448
-0.015448
-0.0154635
-0.0134778
-0.0161844
-0.0176543
-0.0149632
-0.0139934
-0.0144934
-0.0151351
-0.0148357
-0.0152917
-0.0152917
-0.0135508
-0.0135508
-0.0139783
-0.0172292
-0.0134477
-0.0141804
-0.0141804
-0.019141
-0.011284
-0.0139934
-0.0173273
-0.0120795
-0.0125237
-0.0173432
-0.0169363
-0.0167967
-0.0144324
-0.00904747
-0.0158725
-0.0147762
-0.0197932
-0.0132909
-0.0145057
-0.0181118
-0.0166212
-0.0177766
-0.0083713
-0.0133642
-0.0152608
-0.0133353
-0.0188302
-0.0188302
-0.0183725
-0.0183725
-0.0113687
-0.0127105
-0.011133
-0.0197709
-0.0174006
-0.0157161
-0.0125532
-0.0123811
-0.0107671
-0.0116782
-0.0154025
-0.0145892
-0.0164187
-0.0147303
-0.0141191
-0.0142151
-0.00981397
-0.00981397
-0.0155443
-0.0200813
-0.0116782
-0.0152452
-0.0152452
-0.0162002
-0.013113
-0.0138514
-0.0179053
-0.0191247
-0.0152917
-0.015448
-0.0149632
-0.0195002
-0.0164032
-0.0128972
-0.0174328
-0.0147111
-0.0147111
-0.0111117
-0.018201
-0.0136497
-0.0181522
-0.0114703
-0.0114703
-0.0111117
-0.0182674
-0.0147762
-0.0129119
-0.0154325
-0.0102735
-0.0130692
-0.0130692
-0.0125532
-0.0124938
-0.0157615
-0.0157615
-0.0152917
-0.0181522
-0.0167931
-0.0152917
-0.0154788
-0.0148367
-0.0163875
-0.0152608
-0.0130543
-0.0127105
-0.0162469
-0.0167622
-0.0167622
-0.0136497
-0.0136497
-0.0119288
-0.0110689
-0.0143522
-0.0121651
-0.0195009
-0.0134926
-0.0167148
-0.0179972
-0.013256
-0.0154635
-0.012209
-0.0120078
-0.0148863
-0.0165749
-0.0157598
-0.0133058
-0.0191247
-0.0156659
-0.0145691
-0.0148829
-0.00775062
-0.0169494
-0.0172453
-0.015307
-0.0178897
-0.0160248
-0.0125532
-0.00981397
-0.0126956
-0.0144934
-0.015494
-0.0128824
-0.0173843
-0.00901971
-0.0124938
-0.014902
-0.014902
-0.0179972
-0.0172929
-0.0139934
-0.0149328
-0.0165433
-0.0152452
-0.0172453
-0.0125532
-0.0161813
-0.0110689
-0.0135999
-0.0196716
-0.0196716
-0.0156197
-0.0156197
-0.0125677
-0.0178419
-0.0128972
-0.017858
-0.0151199
-0.014902
-0.0123956
-0.0135074
-0.0172453
-0.0152763
-0.0193449
-0.0150736
-0.0154635
-0.01415
-0.0132909
-0.0156197
-0.0156197
-0.0155883
-0.0155883
-0.017858
-0.0152763
-0.0157756
-0.0186323
-0.0186323
-0.0158069
-0.0162622
-0.0181686
-0.0141804
-0.0136347
-0.0157756
-0.0112554
-0.0136646
-0.0116925
-0.0162469
-0.0136497
-0.012209
-0.012209
-0.0165274
-0.0152111
-0.0136794
-0.0153371
-0.0191453
-0.0191453
-0.0152917
-0.0106958
-0.012209
-0.00988182
-0.0147347
-0.00863358
-0.0171574
-0.00928008
-0.0102907
-0.0141753
-0.0141753
-0.008314
-0.0130756
-0.0101313
-0.0119887
-0.00981164
-0.0170914
-0.0100939
-0.0156189
-0.0136207
-0.0110852
-0.0175166
-0.0162593
-0.0114571
-0.0114571
-0.0125712
-0.0127304
-0.0138443
-0.0106758
-0.0147066
-0.0114172
-0.0145342
-0.0151449
-0.0135263
-0.011008
-0.0125578
-0.0111115
-0.009324
-0.0112712
-0.00982437
-0.0136299
-0.0117331
-0.00940086
-0.00618671
-0.0140028
-0.0121305
-0.00982437
-0.0140819
-0.0123716
-0.0123716
-0.0147718
-0.0146273
-0.0114814
-0.0117991
-0.0130756
-0.0134992
-0.0134992
-0.0112445
-0.0134854
-0.00800559
-0.0105669
-0.00840042
-0.00840042
-0.0121481
-0.0113102
-0.0127439
-0.0107397
-0.0127304
-0.0138304
-0.0138304
-0.00888338
-0.00757186
-0.0128755
-0.00692709
-0.0081787
-0.00914454
-0.0151727
-0.0110585
-0.0114172
-0.00903105
-0.00596282
-0.0168334
-0.0168334
-0.00999734
-0.00975944
-0.0111115
-0.0107397
-0.0102211
-0.0102211
-0.0115897
-0.0135128
-0.0151449
-0.00865966
-0.0147859
-0.0109514
-0.0109514
-0.00947834
-0.0112843
-0.0112843
-0.0116809
-0.0151449
-0.0101574
-0.0111244
-0.0125846
-0.00835178
-0.0108992
-0.0121481
-0.0121481
-0.0127706
-0.00611235
-0.00704039
-0.0122389
-0.0096387
-0.0096387
-0.0096387
-0.0133265
-0.011231
-0.011231
-0.00858807
-0.0106889
-0.0124118
-0.0120397
-0.0130892
-0.00598597
-0.0116299
-0.00677657
-0.0110984
-0.0110984
-0.0108858
-0.00687953
-0.0111244
-0.00752173
-0.00752173
-0.0081787
-0.0139367
-0.00691539
-0.00634796
-0.00650892
-0.0116941
-0.00725005
-0.0113102
-0.0107397
-0.00690356
-0.00835178
-0.00815377
-0.0112445
-0.00873491
-0.00764707
-0.00911972
-0.0102467
-0.0102467
-0.00653318
-0.00962591
-0.00962591
-0.0114571
-0.00769514
-0.0105161
-0.0105161
-0.0136717
-0.0109125
-0.00893414
-0.0130756
-0.0130756
-0.00833931
-0.0110984
-0.00731284
-0.00852483
-0.0123716
-0.0081663
-0.00821516
-0.00639522
-0.0070648
-0.0092673
-0.0101951
-0.00564318
-0.0145993
-0.0116167
-0.0150001
-0.0100737
-0.00690356
-0.00749808
-0.01001
-0.0122389
-0.0131808
-0.00917792
-0.0118536
-0.0105927
-0.0107527
-0.00836413
-0.00725005
-0.0126891
-0.00705266
-0.00971499
-0.0104069
-0.0118266
-0.0117072
-0.0081663
-0.00914454
-0.00836413
-0.00730077
-0.0152243
-0.0152243
-0.0110449
-0.0143618
-0.0120529
-0.013299
-0.00967634
-0.0115897
-0.0115897
-0.0110852
-0.0134481
-0.0134481
-0.0120529
-0.013565
-0.014417
-0.014417
-0.014417
-0.0129434
-0.00983699
-0.00618671
-0.00774486
-0.00978608
-0.0138304
-0.00835178
-0.0154612
-0.0136855
-0.00888338
-0.0123579
-0.0090935
-0.00707682
-0.0103432
-0.0103432
-0.00835178
-0.0127168
-0.0107397
-0.00785661
-0.00798079
-0.00815377
-0.00510707
-0.0106055
-0.0100226
-0.00622176
-0.0105927
-0.00982437
-0.0115081
-0.00710049
-0.0100986
-0.00528061
-0.00833931
-0.00788028
-0.00788028
