0.0317629
0.0208151
0.0181087
0.0169494
0.0242977
0.0224977
0.0311232
0.0319346
0.0250246
0.0287986
0.0281869
0.0251411
0.0308642
0.0287986
0.0254294
0.0217705
0.029904
0.0241818
0.0316463
0.0261569
0.0240081
0.0236309
0.0321397
0.0219436
0.0266513
0.0237477
0.0244138
0.0266513
0.0194158
0.0253135
0.00964539
0.0202596
0.0118295
0.0231906
0.0135754
0.0169449
0.0159281
0.0203161
0.0227316
0.0190097
0.0192998
0.0258086
0.0236865
0.0215091
0.0145317
0.00420602
0.0148809
0.010789
0.0117405
0.010318
0.0187487
0.0215091
0.0133167
0.0116881
0.019532
0.0225244
0.0113356
0.0140359
0.0140359
0.0143851
0.0143851
0.0231363
0.0231363
0.0190999
0.0244138
0.0192075
0.0245301
0.0240994
0.0175599
0.0174086
0.0211595
0.0211595
0.0159871
0.0237477
0.0216793
0.0108946
0.0156096
0.0124401
0.0150268
0.0168875
0.0217705
0.00929772
0.0232814
0.0184573
0.0133411
0.0189526
0.0184598
0.00734842
0.00976165
0.00976165
0.0250246
0.00897776
0.00976165
0.0106069
0.0129032
0.0134582
0.015143
0.0136929
0.0113356
0.0227961
0.0047569
0.0120643
0.0211595
0.0128472
0.0133692
0.0228437
0.0111583
0.0109268
0.0235707
0.0217148
0.0174721
0.0201431
0.0157538
0.0152594
0.0199358
0.0165091
0.0147047
0.0233977
0.0203763
0.0129643
0.0185154
0.0208704
0.0217705
0.0198816
0.013631
0.0209274
0.0159871
0.0134034
0.0185154
0.024066
0.0253135
0.017732
0.0277242
0.0279552
0.0213064
0.0159871
0.0231653
0.0241818
0.0133411
0.018227
0.0244138
0.0235142
0.0168319
0.0262734
0.017732
0.0190365
0.0146479
0.0154389
0.018632
0.0132242
0.0201431
0.0232814
0.0274949
0.0185772
0.0250821
0.0167147
0.0236865
0.0159281
0.0162762
0.012793
0.0193597
0.0211043
0.0168294
0.016221
0.0251411
0.0235142
0.0291774
0.0144157
0.0214475
0.0167147
0.0225782
0.00912275
0.0252578
0.0285108
0.0158703
0.0226145
0.0219498
0.0333886
0.0243586
0.0172655
0.0260498
0.0169449
0.0259824
0.0200268
0.0249083
0.0201431
0.0101998
0.0139198
0.0152877
0.0318187
0.0316463
0.0199702
0.0159871
0.0256349
0.0186885
0.0195414
0.0201431
0.0326617
0.022381
0.0254394
0.019532
0.0149695
0.0231906
0.019532
0.0149138
0.0282778
0.0238647
0.0205479
0.0254613
0.0214806
0.0251977
0.0241818
0.0158143
0.0241871
0.0215381
0.0255773
0.0211043
0.0235142
0.0236309
0.0295262
0.0228488
0.0250821
0.0316463
0.0238345
0.0175562
0.0287986
0.0246466
0.0221753
0.0300493
0.0319346
0.0222075
0.0300204
0.022381
0.0268827
0.0348425
0.0270012
0.0296717
0.0285108
0.0305139
0.0301354
0.0235142
0.0258683
0.0263287
0.0255455
0.0271183
0.0236309
0.0223549
0.0222645
0.0266513
0.0401767
0.0333345
0.0375376
0.03124
0.015143
0.0232814
0.0217148
0.0291774
0.0199985
0.0232814
0.0145394
0.0199702
0.0242416
0.0271722
0.0250246
0.0187487
0.0222915
0.0211043
0.0228488
0.0172377
0.0229592
0.0120643
0.0224977
0.022381
0.0231653
0.0222075
0.0234593
0.0197043
0.0280454
0.0285108
0.0322563
0.0258683
0.0311523
0.0248176
0.0320507
0.0363504
0.0192429
0.0254294
0.0219498
0.0256928
0.0245862
0.0305719
0.0340549
0.0234551
0.0251411
0.0193054
0.0253215
0.0230329
0.0233977
0.0181371
0.0224977
0.0276672
0.0286276
0.0206975
0.024066
0.0209872
0.0267678
0.0258086
0.0278464
0.0226707
0.0233977
0.0209274
0.0306305
0.0248517
0.0294098
0.0290044
0.0324874
0.0235707
0.0234551
0.03124
0.0262734
0.0242977
0.0287714
0.0248515
0.0262199
0.0262131
0.0213389
0.0323731
0.0290615
0.0256619
0.0246466
0.0254619
0.0271722
0.0229031
0.0242977
0.0216542
0.0251977
0.0255455
0.0188354
0.0343435
0.0290615
0.0251977
0.0192429
0.0256619
0.0303087
0.0173818
0.0218279
0.0204319
0.010841
0.0260977
0.0156643
0.0192998
0.0242682
0.0276672
0.0257515
0.0255455
0.0216542
0.0260406
0.0211012
0.0270012
0.0258086
0.0117124
0.0275511
0.0251411
0.0300771
0.0276672
0.0300204
0.0202596
0.015844
0.021887
0.0244138
0.0220037
0.0189827
0.0221206
0.0221206
0.021887
0.0250268
0.0250268
0.0209274
0.0251413
0.0062138
0.0062138
0.0262734
0.0219436
0.0312162
0.0312162
0.0213924
0.0256349
0.0251977
0.0257166
0.0282778
0.0249083
0.0143036
0.0127303
0.0256012
0.0258086
0.0291774
0.0281334
0.0258086
0.0242977
0.0165976
0.0169449
0.0292935
0.0131074
0.022818
0.0312076
0.0303087
0.0260406
0.0225547
0.0267088
0.0220037
0.0231653
0.0244138
0.018632
0.0254294
0.0229024
0.0278999
0.0306305
0.0216542
0.0326617
0.0291204
0.0226145
0.0282778
0.0263287
0.0258139
0.0208151
0.0223248
0.0265604
0.0226707
0.0236309
0.0237477
0.0219162
0.0255455
0.0170041
0.0396818
0.0217705
0.0264784
0.0323135
0.0188043
0.0256928
0.0262131
0.0224389
0.0238916
0.019184
0.0218322
0.0296385
0.0366951
0.0260498
0.0175562
0.0307465
0.0277835
0.0353018
0.033272
0.0135754
0.0292935
0.0233977
0.0349542
0.0348975
0.0258683
0.0227868
0.0220037
0.0330394
0.0231906
0.0302538
0.0218279
0.0216542
0.0211595
0.0185728
0.0356803
0.0171208
0.0333288
0.019184
0.0321397
0.0315299
0.0244708
0.0283353
0.0312076
0.0251411
0.033502
0.0345202
0.0185772
0.0350699
0.0230196
0.0229031
0.0216542
0.036811
0.0257515
0.0261569
0.0318187
0.0247347
0.0232814
0.0309196
0.0233977
0.0283353
0.029466
0.0348387
0.0310358
0.0317629
0.0213638
0.0283353
0.0283353
0.0295815
0.0165976
0.0331203
0.0259853
0.0270561
0.0196789
0.0203224
0.0150865
0.0232248
0.0236865
0.0256012
0.0258683
0.0254294
0.0231906
0.0251411
0.0312076
0.0229031
0.0286825
0.0209329
0.0258683
0.0248176
0.0202596
0.0194768
0.0263287
0.0226707
0.0268304
0.0208704
0.0158125
0.0241818
0.0123527
0.0249336
0.0185728
0.0221482
0.0194158
0.0129643
0.0121753
0.020897
0.0230196
0.0209872
0.0238025
0.0256012
0.0185154
0.0226707
0.0143036
0.0135146
0.0239186
0.0109848
0.0109848
0.0210433
0.0172377
0.0253709
0.0149695
0.0161026
0.0150865
0.0271126
0.0226707
0.0199358
0.0188616
0.0189203
0.0284509
0.0239743
0.0266513
0.017849
0.0150865
0.0308035
0.0259853
0.0271722
0.0271722
0.0245862
0.0286276
0.0220675
0.0211043
0.0215976
0.0230196
0.0235707
0.0320507
0.0251411
0.0264444
0.0193597
0.0242977
0.0260406
0.0189203
0.0247633
0.0318187
0.0237477
0.0211595
0.0280454
0.0280454
0.0280454
0.0292935
0.0283353
0.0254859
0.0201431
0.0279552
0.0311523
0.0224977
0.0267678
0.0266513
0.0184598
0.0219498
0.0176151
0.017732
0.022381
0.0243556
0.0180765
0.019184
0.0194736
0.0171208
0.0227868
0.0227285
0.0267088
0.0182255
0.0248176
0.0226707
0.0112185
0.011886
0.0290314
0.0186885
0.0221167
0.0159281
0.0159281
0.0185728
0.0200874
0.0226707
0.0228437
0.019532
0.019532
0.0193597
0.024035
0.0263614
0.023859
0.0237439
0.0379393
0.0130194
0.0222318
0.0200268
0.027066
0.0227868
0.0179663
0.0194768
0.019594
0.0194158
0.0295239
0.0176151
0.0170041
0.0239519
0.0240081
0.0205479
0.017732
0.0255455
0.0211043
0.0269976
0.0286241
0.0217705
0.0285108
0.0251411
0.0207805
0.0241818
0.0277835
0.0233977
0.0200268
0.0227868
0.0254613
0.0315875
0.0255455
0.0283942
0.0283942
0.0245301
0.0262131
0.0238647
0.0242977
0.0291774
0.0281615
0.0254916
0.0188616
0.0277835
0.0180206
0.0235142
0.0274949
0.0183426
0.0286825
0.017788
0.0232248
0.0203763
0.0233977
0.0149695
0.0292935
0.0209872
0.0271126
0.0235707
0.0191262
0.0184598
0.0255455
0.0294098
0.036927
0.0217705
0.0202596
0.0289149
0.0289149
0.0259245
0.0147101
0.0241871
0.0178458
0.0244138
0.0287446
0.0201431
0.0277835
0.0316463
0.0256349
0.0279639
0.023017
0.0135146
0.0277242
0.0199106
0.0221206
0.0238025
0.0152012
0.0200851
0.0125575
0.0192429
0.0257166
0.0227868
0.0232245
0.0286825
0.0286825
0.0204932
0.0204932
0.0204932
0.0262734
0.0145317
0.0192429
0.0192429
0.0234551
0.0220594
0.0180765
0.0221167
0.0196483
0.0231363
0.0196483
0.0188043
0.0152594
0.0202005
0.0180206
0.0203763
0.0203763
0.0204319
0.0152594
0.0318187
0.0290615
0.0203763
0.0267088
0.0234551
0.0140984
0.0243556
0.0210433
0.0157538
0.0335603
0.0237477
0.0268244
0.013631
0.0218279
0.0170041
0.017672
0.0230748
0.0162762
0.0139283
0.0210433
0.0179042
0.0162762
0.019184
0.0182538
0.0190365
0.0241871
0.034459
0.0246441
0.0246441
0.0210433
0.0172377
0.0225244
0.0232814
0.0229262
0.0229262
0.0269401
0.0241247
0.0142157
0.0197649
0.0210433
0.0170041
0.0153868
0.0204893
0.0145894
0.0224977
0.00886096
0.0220037
0.019532
0.0274352
0.0214475
0.0368925
0.0504834
0.046619
0.038837
0.0281376
0.040804
0.0426993
0.0465215
0.0521062
0.0590091
0.0635592
0.0896207
0.108115
0.112297
0.122504
0.134902
0.153285
0.167808
0.16818
0.166637
0.134897
0.10753
0.077742
0.0633974
0.0429534
0.0318201
0.040568
0.0725095
0.0895975
0.120445
0.158094
0.169302
0.160475
0.146802
0.139536
0.160799
0.159378
0.163997
0.160449
0.142634
0.148303
0.15672
0.163484
0.149679
0.151144
0.158371
0.160955
0.162428
0.158459
0.156203
0.167939
0.160342
0.158094
0.164594
0.161639
0.16639
0.160885
0.154227
0.170084
0.161441
0.167317
0.168549
0.170599
0.17476
0.166415
0.165245
0.156112
0.159327
0.15895
0.165336
0.169159
0.157952
0.166152
0.159655
0.164826
0.161961
0.157648
0.159348
0.166152
0.161465
0.15494
0.155228
0.163496
0.15651
0.165296
0.153875
0.154055
0.157467
0.162193
0.159725
0.151379
0.156416
0.159398
0.155663
0.154361
0.157909
0.160445
0.164245
0.164686
0.162568
0.157882
0.160354
0.165548
0.163567
0.159773
0.157648
0.14865
0.159631
0.158746
0.153459
0.129463
0.114069
0.0977651
0.0834105
0.0721867
0.083926
0.083926
0.0743918
0.0724753
0.0819903
0.0719001
0.0838035
0.0834258
0.0828449
0.0717104
0.0726629
0.0762787
0.087795
0.081894
0.0770405
0.0894094
0.0760913
0.0847473
0.0860793
0.0923503
0.0861757
0.0845588
0.0778969
0.0782789
0.0863655
0.0841774
0.0848435
0.0884561
0.0821833
0.0885506
0.0864604
0.0730428
0.0885506
0.0861733
0.0851284
0.0838969
0.094731
0.0859855
0.07885
0.0828451
0.0833231
0.056446
0.0307133
0.00260042
-0.00313747
0.00492406
0.0152961
0.0138606
0.0210638
0.0124287
0.0104049
0.00913598
0.0161997
0.0138272
0.026861
0.0233402
0.0258798
0.0128943
0.0167013
0.0195467
0.0182998
0.0155807
0.0125987
0.0103324
0.0169448
0.0117338
0.0101841
0.016688
0.0202232
0.0108275
0.00949332
0.00679574
0.0148395
0.0207357
0.0176809
0.0185537
0.0171891
0.0167974
0.0170668
0.0147912
0.0166586
0.01875
0.0234283
0.0192236
0.00998424
0.0165376
0.0227671
0.019909
0.0259997
0.0157613
0.010078
0.0111897
0.00327016
0.00507637
0.0191255
0.0102399
0.0242706
0.0155724
0.0328073
0.0532318
0.0754557
0.0754557
0.084339
0.12179
0.126362
0.158861
0.193527
0.229018
0.247326
0.267543
0.284023
0.288452
0.3258
0.347208
0.398433
0.425627
0.449365
0.459156
0.47642
0.481112
0.482331
0.538049
0.595459
0.573606
0.537546
0.639049
0.642179
0.676679
0.675774
0.680386
0.678433
0.762046
0.739569
0.743439
0.738578
0.821649
0.898385
0.926331
0.936001
1.03148
1.06344
1.08742
1.09239
1.1832
1.19594
1.20344
1.18127
1.18848
1.18448
1.19885
1.17383
1.18585
1.18542
1.20974
1.20527
1.1891
1.20586
1.21842
1.22281
1.21285
1.21958
1.21561
1.21821
1.2177
1.21919
1.21171
1.22421
1.22421
1.23416
1.22096
1.21733
1.22068
1.21926
1.21258
1.21286
1.20956
1.21875
1.21652
1.2138
1.21617
1.20791
1.22027
1.21499
1.21693
1.20924
1.20422
1.19555
1.19842
1.19767
1.19686
1.19555
1.20502
1.19292
1.20483
1.19605
1.19757
1.2038
1.20322
1.19526
1.19949
1.19571
1.19579
1.19122
1.2011
1.19582
1.20175
1.19862
1.20067
1.19417
1.19316
1.19366
1.19672
1.19988
1.2025
1.19143
1.19424
1.1829
1.16648
1.15274
1.16693
1.16638
1.16082
1.15311
1.12231
1.10861
1.07765
1.06555
1.04176
1.03174
1.00051
0.979555
0.945328
0.907558
0.849745
0.789523
0.745491
0.69862
0.664641
0.626792
0.637643
0.664781
0.684753
0.645008
0.569452
0.53241
0.489588
0.399902
0.230224
0.0825841
0.0631647
0.0966146
0.122948
0.134462
0.154581
0.18956
0.179525
0.183095
0.195257
0.192629
0.203459
0.227059
0.233244
0.241488
0.219155
0.214193
0.199402
0.215072
0.199611
0.192971
0.198493
0.195248
0.196693
0.201663
0.211909
0.191
0.188252
0.208486
0.209666
0.179002
0.180652
0.172868
0.185271
0.188091
0.164789
0.168606
0.190959
0.200172
0.165869
0.132878
0.152658
0.166083
0.164699
0.128797
0.127192
0.169014
0.195322
0.181195
0.170965
0.160386
0.186715
0.178938
0.167237
0.143812
0.157091
0.190222
0.194713
0.194713
0.157903
0.167605
0.154474
0.134608
0.147974
0.138397
0.141695
0.141998
0.143255
0.154544
0.153065
0.158655
0.154882
0.141902
0.133217
0.138659
0.160992
0.163906
0.142786
0.122445
0.154931
0.17742
0.180981
0.133791
0.12395
0.12395
0.14785
0.127524
0.106159
0.134782
0.153795
0.141427
0.114116
0.118586
0.146584
0.138982
0.128841
0.12237
0.156053
0.159481
0.145716
0.135139
0.159982
0.16143
0.138337
0.146497
0.156129
0.157723
0.135543
0.131877
0.150986
0.137171
0.118832
0.113581
0.114363
0.0845469
0.0874918
0.124782
0.121225
0.098696
0.119653
0.147065
0.148599
0.116111
0.130115
0.172054
0.165494
0.115995
0.113419
0.154632
0.183205
0.142868
0.139718
0.159069
0.128688
0.0892502
0.111516
0.133526
0.0997162
0.067549
0.09765
0.126152
0.100818
0.0971492
0.120726
0.123557
0.104225
0.11552
0.138869
0.138168
0.128254
0.127952
0.143755
0.11077
0.0963522
0.112617
0.146023
0.134874
0.104279
0.11561
0.119778
0.113118
0.0849577
0.123123
0.123123
0.137191
0.0661646
0.108834
0.136199
0.105568
0.0849949
0.12661
0.139168
0.105708
0.108935
0.137925
0.123952
0.0929871
0.111799
0.145025
0.127122
0.110078
0.118744
0.132866
0.0950548
0.0780079
0.0964884
0.085967
0.0819657
0.102341
0.100391
0.0930593
0.0834462
0.0876831
0.112338
0.112975
0.116869
0.144713
0.107104
0.102074
0.132091
0.140252
0.12283
0.0871256
0.111983
0.134482
0.0934966
0.0943212
0.123389
0.103506
0.0799494
0.088523
0.108172
0.0826409
0.064287
0.0731411
0.0897512
0.0910079
0.0978664
0.122373
0.0924832
0.105245
0.100975
0.10637
0.117995
0.11499
0.111697
0.102712
0.106666
0.111884
0.0994966
0.0994864
0.0987063
0.07397
0.0722513
0.0894825
0.0892502
0.0719843
0.0674754
0.0996796
0.103841
0.0651533
0.0843898
0.128888
0.117386
0.113523
0.127919
0.0978084
0.0742406
0.0728076
0.0816889
0.08589
0.0935203
0.0958082
0.0942412
0.0781079
0.069057
0.0842599
0.0841221
0.0760767
0.077384
0.0702115
0.0654892
0.0742811
0.0693782
0.0804202
0.0955776
0.0817262
0.0753481
0.107935
0.113773
0.0890712
0.0727682
0.110155
0.121054
0.083947
0.0994471
0.151735
0.12879
0.104947
0.126789
0.107737
0.0676801
0.0474855
0.0614139
0.0570739
0.0418818
0.0373725
0.0670992
0.0688089
0.0447203
0.0539969
0.0817077
0.0936668
0.0769913
0.0874282
0.107406
0.107273
0.0964489
0.115043
0.11831
0.0895729
0.0773059
0.10086
0.0924547
0.0848179
0.0857109
0.106861
0.0836954
0.0847919
0.082889
0.0762988
0.0701648
0.0655451
0.0718702
0.0596879
0.0699034
0.0754454
0.0906857
0.101312
0.0809618
0.0816557
0.0816557
0.0898166
0.0929751
0.0833629
0.106944
0.0991559
0.0836954
0.0903537
0.102573
0.0681382
0.0505895
0.0801522
0.0664812
0.0516608
0.0669866
0.0818752
0.067762
0.0701997
0.0953731
0.082596
0.0782679
0.0914536
0.0967509
0.0817535
0.092505
0.097686
0.081764
0.08148
0.0985152
0.101612
0.0783411
0.0770072
0.0858474
0.0839591
0.0695414
0.0686907
0.0885111
0.0668369
0.0571155
0.0715462
0.0630601
0.0529811
0.053928
0.0763949
0.0722674
0.0762139
0.0885059
0.0947822
0.0940558
0.106906
0.1105
0.105748
0.108101
0.104183
0.0887203
0.0883193
0.0884554
0.0837066
0.0941801
0.105087
0.0958194
0.0816462
0.0524667
0.0824819
0.0719442
0.0540912
0.0653771
0.0660647
0.0518863
0.0623055
0.0775342
0.0786068
0.0652947
0.0782952
0.0841226
0.0877151
0.109248
0.0879174
0.0879174
0.0805234
0.108567
0.112364
0.1351
0.114961
0.0986609
0.0873012
0.105145
0.099571
0.0743756
0.0588857
0.0780576
0.0765825
0.0454459
0.0423849
0.0508082
0.0643617
0.0580175
0.0580175
0.0660765
0.0796544
0.0910069
0.0967762
0.0913182
0.0919555
0.091953
0.11067
0.0975482
0.0894662
0.112063
0.112063
0.0863883
0.0797654
0.0812217
0.0900284
0.0854481
0.0758275
0.0582994
0.0494302
0.080814
0.0647883
0.0420678
0.0477771
0.062584
0.0627836
0.0817045
0.0730263
0.0700042
0.0873747
0.102079
0.0965624
0.0965624
0.0890558
0.0912814
0.107209
0.0845709
0.0720665
0.0951841
0.112796
0.0976759
0.0757368
0.062626
0.0575718
0.0767979
0.0664294
0.0562005
0.0558729
0.0669842
0.0762998
0.0699232
0.0431721
0.0385835
0.0748242
0.0952011
0.0808322
0.0817449
0.0955964
0.0994107
0.0968725
0.104867
0.0946903
0.104345
0.104677
0.0926126
0.0734429
0.0611975
0.0866379
0.0818531
0.0770831
0.0770831
0.0620056
0.0745423
0.0636943
0.061616
0.0567905
0.0703831
0.086836
0.0765349
0.0578596
0.0741549
0.101091
0.104008
0.0853359
0.0919917
0.0939325
0.107555
0.102624
0.0968762
0.0891978
0.0903036
0.085903
0.0735432
0.0499912
0.0644891
0.0732123
0.0640999
0.0467916
0.0413888
0.0681874
0.0688127
0.0567007
0.0572179
0.0513
0.0683725
0.0680552
0.0550831
0.0661186
0.0906336
0.105195
0.0927124
0.085423
0.077929
0.0962038
0.0933032
0.100405
0.0900791
0.0896298
0.089341
0.095283
0.102611
0.0801247
0.0900981
0.0685017
0.0659121
0.0441253
0.0510793
0.0492883
0.06033
0.0547241
0.0543541
0.0707853
0.0671622
0.0592127
0.0684298
0.0695929
0.0862091
0.085876
0.0844207
0.0775355
0.0910808
0.099571
0.111623
0.0784326
0.0907842
0.0946384
0.0921913
0.100312
0.0880872
0.0803016
0.0810429
0.0768869
0.0588014
0.0694579
0.0773983
0.0817554
0.0536727
0.0406797
0.0537949
0.0625505
0.0570024
0.0533382
0.0695394
0.0739723
0.0697808
0.0721177
0.0636248
0.0786596
0.0949821
0.0917915
0.0687035
0.0764828
0.0904253
0.098838
0.0953443
0.0919935
0.0885889
0.0863932
0.092376
0.0834044
0.0804764
0.0844207
0.0855522
0.0677338
0.0584309
0.0450058
0.039325
0.024149
0.0441742
0.0565987
0.0731007
0.0749613
0.0684208
0.0672104
0.0712245
0.0841148
0.0931183
0.0885388
0.0810889
0.0833131
0.112924
0.127157
0.138705
0.12269
0.122507
0.152494
0.178917
0.166836
0.115905
0.098062
0.100157
0.111734
0.101566
0.0773746
0.0773746
0.0390531
0.0287377
0.0208828
0.0252747
0.0534173
0.0534173
0.0405941
0.0301942
0.0375774
0.0583445
0.0834643
0.0883666
0.0883666
0.0793819
0.0860616
0.098287
0.0906339
0.0819593
0.0703098
0.0749864
0.0924388
0.0915185
0.0906575
0.097383
0.114125
0.116665
0.0913512
0.0622682
0.0591743
0.0626226
0.0614857
0.0521725
0.056391
0.0702672
0.0738219
0.0682793
0.0761212
0.0731496
0.0636715
0.0601594
0.0623905
0.0685226
0.0798653
0.0931589
0.0880042
0.0961931
0.0832461
0.0779663
0.0705467
0.0739556
0.0690027
0.0666219
0.0666219
0.0736254
0.0887964
0.0821246
0.0889366
0.0966591
0.0918324
0.0771375
0.068194
0.0627178
0.068869
0.0849886
0.0818492
0.0774665
0.0932133
0.0834011
0.08159
0.0652898
0.0620589
0.060571
0.0683981
0.0774451
0.0810889
0.0804167
0.0817457
0.0826094
0.0846614
0.0725618
0.0626328
0.0632196
0.0635467
0.0635635
0.0705241
0.0707504
0.0821767
0.0912814
0.0903504
0.0844007
0.0747381
0.0768792
0.0724477
0.0711656
0.0638928
0.0696659
0.0836297
0.0825883
0.0825883
0.0850419
0.088609
0.0788462
0.0811746
0.0734964
0.0809345
0.0773602
0.0745661
0.0786052
0.0811746
0.08159
0.0789187
0.068264
0.0833684
0.078931
0.0708367
0.0626328
0.0781215
0.0854709
0.082816
0.0814179
0.0787767
0.0825883
0.0717372
0.0746355
0.072894
0.0824026
0.080762
0.0871111
0.0796621
0.0839724
0.0904198
0.0871111
0.0732206
0.0711656
0.0714076
0.0813911
0.0819869
0.0863511
0.0832112
0.0924417
0.0878483
0.0826246
0.08159
0.0748765
0.0766882
0.070551
0.0765205
0.0704228
0.0822179
0.0658097
0.0718227
0.0735655
0.0763086
0.0643931
0.0786203
0.0660354
0.0746231
0.0791773
0.0896563
0.082719
0.0787512
0.0709055
0.0764368
0.0810748
0.0727086
0.082377
0.0746042
0.0845114
0.0784161
0.070821
0.0795045
0.0874928
0.0813164
0.0811595
0.085256
0.073619
0.0780695
0.079718
0.0789187
0.0818312
0.0727178
0.0620589
0.0831278
0.0762065
0.080332
0.0720802
0.0760361
0.0758789
0.0702672
0.0766213
0.090226
0.0739964
0.0719942
0.0776068
0.0675925
0.0646889
0.0668485
0.0713961
0.0633053
0.0654335
0.0801447
0.0855998
0.0761212
0.0746042
0.0859539
0.0803034
0.0865086
0.0706332
0.0769202
0.0803852
0.0709901
0.0710372
0.0797459
0.0726859
0.0797459
0.0731496
0.0723926
0.0719739
0.0880404
0.0880404
0.083534
0.0802218
0.0447321
0.0593284
0.0874048
0.103426
0.0919557
0.0871774
0.103826
0.127383
0.118153
0.0965678
0.0864074
0.0775354
0.0850553
0.111156
0.130719
0.109162
0.071705
0.0859424
0.106539
0.0994047
0.0664194
0.0709702
0.124238
0.116416
0.0872608
0.0783399
0.124447
0.114411
0.0951901
0.0812626
0.0691237
0.0412447
0.0691958
0.113939
0.0830224
0.0357156
0.0458845
0.0673402
0.0713961
0.0320422
0.0416996
0.0787628
0.102847
0.129212
0.120636
0.117156
0.115676
0.115226
0.0901283
0.0838455
0.069949
0.069949
0.0832
0.0893179
0.0893179
0.0708935
0.072948
0.0842684
0.0584765
0.0593045
0.0665121
0.0779043
0.0779868
0.0760114
0.0722134
0.0719675
0.0693308
0.0867617
0.0751144
0.0928774
0.116458
0.109045
0.114677
0.104596
0.114048
0.0875879
0.0908093
0.0974915
0.0734531
0.0762697
0.0748434
0.0719581
0.0724455
0.0754263
0.0691567
0.0706439
0.0869321
0.0965075
0.0782444
0.0624537
0.0747709
0.0852835
0.0887173
0.0712957
0.0756034
0.0756034
0.0871965
0.0916353
0.0885744
0.0871774
0.101298
0.0861137
0.107312
0.100869
0.085192
0.0802474
0.0841217
0.0829748
0.082816
0.0758471
0.0930232
0.0914765
0.0910759
0.0740176
0.0740176
0.0650217
0.0861137
0.0938487
0.0699788
0.0804793
0.0687373
0.0600536
0.065679
0.0722021
0.0721202
0.0803987
0.0824561
0.0878531
0.101618
0.115532
0.106896
0.130338
0.112357
0.090641
0.0838021
0.0942682
0.0798153
0.0698975
0.0802335
0.0837821
0.0571574
0.0567481
0.0755238
0.0831209
0.0804832
0.0831209
0.084363
0.0856776
0.0634314
0.046801
0.0489512
0.0655239
0.0899833
0.108843
0.102756
0.112512
0.121697
0.094732
0.0832915
0.114166
0.128961
0.128961
0.0828747
0.0949144
0.0950976
0.073788
0.071705
0.0701416
0.0679908
0.0666749
0.0671706
0.0725484
0.0712264
0.0808998
0.0802332
0.0744397
0.0516864
0.0516968
0.0685836
0.0912264
0.0912264
0.0940915
0.103742
0.11366
0.101294
0.0927896
0.0842053
0.116251
0.102485
0.0663396
0.0847715
0.0969074
0.0755209
0.0563233
0.0660148
0.0780104
0.0892244
0.0888977
0.0801518
0.0866768
0.10104
0.0912144
0.058074
0.0642785
0.0543288
0.0620387
0.0686747
0.0792357
0.0899657
0.0917127
0.0938605
0.10476
0.107814
0.0956586
0.101191
0.103981
0.08302
0.0655918
0.0767693
0.0836851
0.0583787
0.0572317
0.0635262
0.0650901
0.0601325
0.0710457
0.0638529
0.0596438
0.0675933
0.0767632
0.0821395
0.0731203
0.0881655
0.115456
0.0911948
0.0677449
0.076694
0.0963498
0.0970669
0.0881532
0.0861527
0.0926994
0.0991586
0.0928774
0.0880762
0.0945235
0.0945235
0.0927811
0.0826999
0.079722
0.0779071
0.0807117
0.0742685
0.0598789
0.0795643
0.0707225
0.0395836
0.0338368
0.0366158
0.0694858
0.0965834
0.097955
0.0987007
0.118242
0.118003
0.101204
0.100469
0.110037
0.112299
0.0987978
0.0840317
0.0616297
0.0521852
0.0521852
0.0736111
0.0579001
0.0747789
0.0789722
0.0693148
0.0660164
0.0758226
0.0781429
0.0506873
0.0441295
0.0416996
0.0598029
0.0789894
0.0933524
0.0827852
0.0920261
0.113148
0.130423
0.0928411
0.0945075
0.099943
0.104725
0.0716991
0.0764152
0.0816897
0.0984536
0.0920979
0.0879761
0.0752719
0.063943
0.0903155
0.0876509
0.0527722
0.0520366
0.0789939
0.0527722
0.0470435
0.0687327
0.0914452
0.0657581
0.068508
0.103419
0.110688
0.104663
0.0903144
0.0797439
0.0827947
0.0991586
0.114353
0.0916152
0.0980593
0.10111
0.10854
0.0839419
0.0679451
0.0746924
0.0710457
0.0741947
0.0805602
0.077142
0.0661244
0.0549236
0.114576
0.128017
0.0899004
0.0588591
0.0891414
0.106149
0.0703131
0.0928643
0.108745
0.0678221
0.0660113
0.0849439
0.104746
0.066673
0.0807031
0.0795643
0.0903059
0.0638496
0.0708955
0.0718709
0.0818747
0.0826915
0.0797344
0.0734631
0.0696508
0.0961081
0.108201
0.0886434
0.0827061
0.095321
0.0957267
0.0937612
0.125083
0.107358
0.0805019
0.0685106
0.100053
0.095188
0.0778485
0.090065
0.10053
0.0837821
0.0723079
0.0788181
0.0881401
0.0627644
0.0586642
0.0530316
0.051618
0.0443245
0.0598029
0.094757
0.0976482
0.11661
0.1063
0.105972
0.098957
0.103736
0.0921705
0.093993
0.075858
0.0981633
0.10573
0.115673
0.0848735
0.0561343
0.0754391
0.106507
0.066729
0.0656137
0.0759968
0.0579046
0.0514608
0.0913813
0.0870528
0.0704765
0.0724641
0.111417
0.0979865
0.0908897
0.108533
0.114116
0.0873634
0.0846999
0.103025
0.110025
0.102685
0.113312
0.113207
0.0869948
0.0775027
0.0762676
0.0609872
0.0630598
0.0842964
0.0928718
0.0734533
0.0870137
0.081485
0.0527879
0.0716432
0.102515
0.090359
0.0924429
0.122052
0.125218
0.0967304
0.0520676
0.0635506
0.0401531
-0.0267073
-0.0532336
-0.0191873
0.0257811
0.0215079
0.050007
0.079679
0.10492
0.0964906
0.0809911
0.0870212
0.0881505
0.0899155
0.103622
0.0986758
0.102933
0.0950999
0.0886615
0.114231
0.0880971
0.0815832
0.0815832
0.0856212
0.0770756
0.0682158
0.0511071
0.0563322
0.0692563
0.0761094
0.077839
0.0766052
0.0818057
0.0859519
0.0735546
0.0617965
0.0528596
0.0434983
0.0551739
0.0651804
0.0824791
0.0900853
0.0947805
0.0945306
0.0808152
0.0739576
0.07753
0.0658545
0.0741162
0.0786635
0.069897
0.0867134
0.0885949
0.0881748
0.0811507
0.0767761
0.0767761
0.0685845
0.0651274
0.0686612
0.0686612
0.0781069
0.078673
0.093301
0.0835462
0.0944692
0.0900084
0.0821445
0.0788429
0.0704765
0.0733794
0.071901
0.0736256
0.0713989
0.0761858
0.0828094
0.0773481
0.0797489
0.0713133
0.0638592
0.077442
0.0815613
0.0809911
0.0746275
0.0779351
0.0754436
0.076694
0.075198
0.0668417
0.0716378
0.0738802
0.0775106
0.0852809
0.0858674
0.0808998
0.0652683
0.0814694
0.0673336
0.0676832
0.0712353
0.068168
0.0823284
0.0863721
0.0827212
0.0833862
0.0812383
0.0781724
0.0733027
0.0783528
0.0692476
0.0833986
0.077442
0.0800089
0.0742885
0.076618
0.0901615
0.0771864
0.0767701
0.0790898
0.0726397
0.0761167
0.0729637
0.0821565
0.084551
0.0861097
0.0800894
0.0804143
0.0738712
0.0705748
0.0679305
0.0746197
0.0748882
0.0858739
0.0826559
0.0902428
0.0852983
0.0818962
0.0782659
0.0742885
0.0709056
0.0648592
0.0762676
0.0769405
0.0669347
0.0854704
0.0773661
0.0781141
0.094794
0.0937428
0.0830764
0.0871918
0.0750285
0.0785955
0.0835415
0.0776938
0.0812509
0.0794371
0.0777711
0.0811616
0.087771
0.0834031
0.0919825
0.0828282
0.0908321
0.0819088
0.0785955
0.0765422
0.0783619
0.0789384
0.0707354
0.0740506
0.0741461
0.0731328
0.0781069
0.074875
0.0749701
0.0848952
0.0747049
0.0882841
0.0815804
0.0769628
0.0675896
0.0705748
0.0624537
0.0603005
0.0649351
0.0600609
0.0603071
0.0491979
0.0520152
0.0543403
0.0526124
0.0412382
0.0529351
0.043477
0.061711
0.0633809
0.0556789
0.0571573
0.0536852
0.0514448
0.0566761
0.0436423
0.0526886
0.0530978
0.0477881
0.0589887
0.0622136
0.0587323
0.0488821
0.057414
0.0416509
0.0646127
0.0618066
0.0571665
0.0588181
0.0573264
0.0594898
0.06138
0.0573378
0.0599852
0.0560001
0.0552605
0.0527648
0.0535988
0.0676068
0.0665287
0.0579923
0.0556731
0.0534296
0.0613121
0.0487947
0.049537
0.0551736
0.0575854
0.0594744
0.0695037
0.0573378
0.0545107
0.0535988
0.0624668
0.0534296
0.0641102
0.0514448
0.0595668
0.0556789
0.0650368
0.0605631
0.0603785
0.055577
0.0540167
0.0586573
0.0497079
0.057414
0.0629624
0.0544351
0.0587411
0.0617965
0.0579923
0.0657044
0.06924
0.063883
0.0648659
0.0624815
0.0689265
0.0633096
0.0586517
0.0730565
0.0672646
0.0607228
0.0600671
0.063452
0.0501349
0.0642886
0.0598966
0.0589796
0.0678568
0.0624668
0.0690245
0.0677792
0.0681023
0.0662814
0.0551739
0.0562477
0.0595668
0.0588181
0.0601448
0.0613884
0.0571665
0.0653007
0.0589005
0.0594898
0.0679344
0.0676983
0.0633703
0.0633703
0.0551736
0.0675252
0.0509428
0.0602385
0.0681833
0.0617188
0.0617188
0.0637916
0.0664392
0.0589887
0.0521937
0.0542565
0.0547658
0.0572435
0.0615635
0.0568357
0.0676068
0.0617188
0.0603924
0.0558312
0.0506997
0.0546729
0.0423997
0.0545952
0.0511892
0.0510368
0.050859
0.05617
0.0519389
0.0545952
0.0526124
0.0591602
0.0502108
0.0535988
0.0537689
0.0536772
0.0614705
0.0516968
0.0640404
0.0689154
0.0663476
0.0616353
0.0515385
0.061969
0.062309
0.0603154
0.0528652
0.0676068
0.0521937
0.0570075
0.0574055
0.0617965
0.061064
0.0533621
0.0516153
0.055935
0.0527722
0.056841
0.0695037
0.0555149
0.060886
0.0560924
0.057667
0.0521021
0.0407513
0.0623892
0.0611409
0.053929
0.0628099
0.0559218
0.0588181
0.0523646
0.0560924
0.0500315
0.0549253
0.0635403
0.0599852
0.0551851
0.0577446
0.0518627
0.0545952
0.0472189
0.0524414
0.05617
0.0572297
0.0572297
0.0572297
0.0650217
0.0684923
0.0718022
0.0608814
0.0579001
0.0571063
0.0744349
0.0707225
0.0574016
0.0464618
0.0355422
0.0360393
0.0395888
0.0608013
0.0717269
0.106956
0.118669
0.0895237
0.0596324
0.0593846
0.0812932
0.0881337
0.0553217
0.0336605
0.0336605
0.0470803
0.0722957
0.0515225
0.0357706
0.027947
0.0281509
0.0295455
0.0477141
0.0745256
0.0874908
0.0769867
0.0659515
0.0551668
0.0911358
0.0849343
0.0456695
0.0430058
0.0607865
0.0469731
0.0204287
0.0431605
0.0725433
0.0535588
0.0267659
0.0613768
0.062935
0.0249319
0.0685693
0.0560553
0.000848965
0.0114123
0.075193
0.0695508
0.0399709
0.0355612
0.0890743
0.0883385
0.0532102
0.0477109
0.0661561
0.0810324
0.0559099
0.0736256
0.0817713
0.0732739
0.0586483
0.0519389
0.0379547
0.0172805
0.00377869
0.0326214
0.0213759
-0.00859174
0.0122482
0.0541685
0.0463799
0.0225783
0.0417558
0.0831859
0.0835328
0.0426539
0.0594898
0.10802
0.0903786
0.0410769
0.0616591
0.106212
0.0754067
0.0388529
0.0543094
0.0882358
0.0735332
0.025901
0.0453813
0.0742219
0.0501363
0.0172994
0.0141781
0.016117
0.0381002
0.0357371
0.0339066
0.0704822
0.0756064
0.0776136
0.0842216
0.074131
0.0742386
0.0610305
0.0780955
0.091212
0.0812106
0.0630583
0.0898117
0.0991423
0.0613774
0.030282
0.0355182
0.0462145
0.0392461
-0.0149647
-0.0353308
-0.0120192
0.0348476
0.0389205
0.0321402
0.0367685
0.0814777
0.108864
0.0926966
0.0624435
0.0785731
0.0785731
0.0592487
0.0577316
0.0846783
0.0849893
0.0692563
0.0686036
0.0708128
0.0573974
0.0322338
0.0188246
0.0254395
0.0243928
-0.00174545
-0.00276706
0.00871019
0.0430648
0.069897
0.0534591
0.0457791
0.0893891
0.0625611
0.066034
0.0797308
0.089988
0.0506905
0.0285256
0.0677449
0.0987978
0.0699766
0.0330109
0.0239249
0.0402748
0.0369264
0.0312325
-0.00417571
-0.00652623
0.00829402
0.0500247
0.0533412
0.057534
0.059065
0.0968848
0.085318
0.0705748
0.0705748
0.0594632
0.0579644
0.0447968
0.0148356
0.0249864
0.0511976
0.047719
0.0437027
0.0491829
0.0437552
0.040179
0.0329081
0.0219145
0.0402562
0.0386171
0.0272292
0.0242447
0.0517335
0.0615388
0.064766
0.0568266
0.0518077
0.073938
0.0890367
0.0549119
0.0223455
0.0459193
0.0578029
0.0731122
0.136514
0.333433
0.459222
0.491866
0.429906
0.303307
0.303715
0.270783
0.17339
0.146243
0.213955
0.291607
0.310149
0.308887
0.285456
0.284289
0.299157
0.28953
0.278258
0.294531
0.31153
0.335639
0.326525
0.34099
0.334863
0.337779
0.326574
0.332054
0.355003
0.365234
0.350796
0.35519
0.363073
0.356219
0.355224
0.355493
0.367772
0.362556
0.367363
0.364979
0.357557
0.365055
0.354097
0.363263
0.366987
0.376893
0.365763
0.369538
0.370717
0.367556
0.367556
0.363794
0.363934
0.365345
0.36431
0.365057
0.365057
0.357078
0.367701
0.366844
0.377752
0.375486
0.370933
0.366694
0.373136
0.365874
0.368486
0.347719
0.363604
0.363718
0.358243
0.360698
0.355259
0.355519
0.357984
0.355361
0.357192
0.352795
0.358357
0.359136
0.361183
0.353875
0.35392
0.35265
0.351121
0.354885
0.352015
0.357421
0.357307
0.347535
0.353544
0.345005
0.359842
0.357722
0.351194
0.353322
0.346606
0.3566
0.348771
0.347761
0.351828
0.343101
0.353137
0.353472
0.347877
0.349335
0.354294
0.352508
0.355937
0.352201
0.355681
0.358762
0.353472
0.35608
0.344747
0.357794
0.363031
0.366761
0.369639
0.353565
0.351237
0.356152
0.35448
0.347853
0.358013
0.36221
0.363853
0.361388
0.349001
0.354922
0.354107
0.365078
0.355131
0.370645
0.360312
0.361504
0.351851
0.352488
0.350205
0.347836
0.361642
0.36538
0.36043
0.366223
0.355751
0.359178
0.361642
0.358531
0.351902
0.361839
0.35044
0.351012
0.353379
0.350576
0.347971
0.353112
0.354202
0.35343
0.354068
0.352742
0.353517
0.356008
0.352036
0.351263
0.354504
0.35993
0.341786
0.34814
0.35044
0.352059
0.348979
0.35521
0.359021
0.358198
0.360161
0.352607
0.352302
0.355848
0.353126
0.353497
0.349685
0.352139
0.358066
0.351515
0.347012
0.355612
0.352742
0.352139
0.362233
0.362233
0.359087
0.349365
0.349371
0.352625
0.348794
0.345603
0.34955
0.35464
0.360636
0.349802
0.343316
0.348475
0.351352
0.349802
0.353799
0.352607
0.345736
0.352087
0.344021
0.344021
0.354455
0.349096
0.358198
0.364358
0.365564
0.353193
0.34866
0.35573
0.35521
0.355531
0.346122
0.358265
0.358265
0.347836
0.355798
0.353517
0.354773
0.34866
0.345804
0.354016
0.348088
0.347265
0.349029
0.353379
0.348964
0.354068
0.354068
0.353565
0.348273
0.33866
0.347079
0.363284
0.344324
0.351079
0.347956
0.351969
0.352036
0.359675
0.355025
0.360312
0.360498
0.356353
0.360566
0.357257
0.35897
0.350827
0.355291
0.35699
0.350576
0.345669
0.355231
0.351851
0.351784
0.352429
0.348794
0.352742
0.362779
0.361457
0.349499
0.35375
0.345282
0.349432
0.357628
0.35343
0.349313
0.360363
0.349127
0.354415
0.35934
0.353044
0.35083
0.346442
0.351531
0.350255
0.347383
0.343703
0.358031
0.349213
0.351331
0.35237
0.359607
0.349617
0.348341
0.35662
0.354084
0.360045
0.347956
0.348845
0.353448
0.34688
0.354958
0.357375
0.354839
0.352859
0.349432
0.362008
0.350558
0.360948
0.354016
0.358399
0.363297
0.353364
0.357123
0.355915
0.348912
0.348912
0.358785
0.358736
0.35573
0.35573
0.35699
0.356806
0.352674
0.360312
0.354455
0.352939
0.348979
0.363354
0.350243
0.348206
0.355346
0.36595
0.353497
0.353866
0.344963
0.353949
0.356435
0.345669
0.353818
0.34555
0.350308
0.347132
0.34987
0.350762
0.362142
0.347618
0.351079
0.362394
0.357326
0.344463
0.354892
0.350255
0.352087
0.349499
0.358132
0.359607
0.353193
0.360312
0.355848
0.35375
0.351345
0.365714
0.349029
0.34676
0.351902
0.356367
0.349919
0.35343
0.353448
0.344778
0.352725
0.341265
0.357004
0.342088
0.345432
0.348022
0.341839
0.34336
0.352556
0.35007
0.346559
0.358836
0.35432
0.354135
0.346374
0.351969
0.352153
0.346559
0.351012
0.340323
0.350508
0.345483
0.350508
0.351399
0.354387
0.359659
0.356855
0.359102
0.349096
0.350611
0.353484
0.351067
0.349419
0.357004
0.35756
0.359288
0.34878
0.344648
0.34917
0.349355
0.354068
0.352625
0.35719
0.355025
0.35808
0.35007
0.352939
0.357072
0.363875
0.356835
0.35573
0.35573
0.353949
0.356806
0.35427
0.3544
0.352049
0.359155
0.350893
0.35343
0.362594
0.356474
0.3563
0.347132
0.351598
0.353949
0.355715
0.347132
0.35044
0.357493
0.347066
0.344258
0.347903
0.352674
0.346256
0.365128
0.353497
0.349919
0.351079
0.34955
0.35343
0.354202
0.356855
0.364373
0.358132
0.365765
0.356806
0.368385
0.351598
0.356944
0.350827
0.350827
0.357575
0.350774
0.352421
0.359725
0.36221
0.351108
0.351108
0.348355
0.342294
0.353949
0.347251
0.351263
0.342425
0.345098
0.360881
0.362712
0.351079
0.3563
0.356885
0.351919
0.347818
0.351784
0.358382
0.358031
0.348806
0.353949
0.36501
0.351851
0.358903
0.354572
0.362008
0.34955
0.355596
0.35343
0.363921
0.351902
0.353059
0.353227
0.357827
0.363416
0.355025
0.367426
0.357894
0.365527
0.356367
0.361452
0.35427
0.347066
0.358002
0.360363
0.345288
0.353007
0.358836
0.356435
0.353114
0.356048
0.355867
0.353898
0.353799
0.358132
0.352087
0.354773
0.353818
0.360126
0.353245
0.354084
0.365195
0.354188
0.36501
0.35954
0.356048
0.358402
0.351771
0.354827
0.352725
0.358316
0.353028
0.359021
0.356553
0.352421
0.353312
0.345906
0.351956
0.347066
0.344845
0.33777
0.350827
0.354892
0.357222
0.351902
0.34171
0.336662
0.342847
0.348892
0.340962
0.355835
0.349213
0.346038
0.345298
0.342966
0.349853
0.344963
0.343823
0.345722
0.349539
0.341971
0.336359
0.342155
0.352087
0.344713
0.348457
0.3435
0.348345
0.353799
0.347132
0.351282
0.344527
0.347435
0.357375
0.353112
0.350374
0.341839
0.354642
0.345288
0.35044
0.354153
0.360548
0.355444
0.353312
0.346493
0.360482
0.346308
0.349096
0.354135
0.351146
0.3563
0.346177
0.349484
0.349213
0.345669
0.353114
0.351263
0.350374
0.352927
0.353179
0.351132
0.358316
0.353615
0.34955
0.355531
0.350947
0.353689
0.350634
0.360297
0.35615
0.353615
0.358013
0.356553
0.354773
0.355077
0.361957
0.344963
0.351902
0.345537
0.347717
0.359607
0.357309
0.348912
0.356855
0.353379
0.351902
0.344008
0.354438
0.353312
0.349669
0.35044
0.360177
0.349802
0.351956
0.350255
0.350692
0.354253
0.35954
0.348835
0.356553
0.348168
0.361266
0.35897
0.354253
0.347132
0.357455
0.360363
0.356181
0.35667
0.34745
0.348088
0.348088
0.362142
0.359489
0.358333
0.354253
0.353883
0.354892
0.348862
0.356604
0.354773
0.351197
0.351079
0.346812
0.353299
0.354253
0.351902
0.349432
0.362461
0.35291
0.354958
0.353883
0.353883
0.347836
0.354188
0.347836
0.355781
0.360815
0.355143
0.353245
0.354188
0.365263
0.344659
0.360815
0.354387
0.349802
0.359872
0.364558
0.358265
0.35825
0.356806
0.36112
0.358836
0.361554
0.363164
0.363719
0.361016
0.371098
0.366522
0.358225
0.363416
0.362221
0.374095
0.362408
0.362408
0.362661
0.361585
0.372257
0.351531
0.360177
0.363297
0.364053
0.359474
0.362846
0.368631
0.362075
0.362075
0.362964
0.365832
0.352421
0.355345
0.36635
0.366402
0.354504
0.356234
0.355531
0.365884
0.358585
0.358316
0.354003
0.364173
0.350762
0.351079
0.364876
0.357881
0.349355
0.35667
0.350625
0.354135
0.353245
0.35808
0.358002
0.360161
0.354068
0.354223
0.355848
0.359713
0.345224
0.357427
0.356486
0.353299
0.366587
0.35432
0.354773
0.354003
0.361186
0.364173
0.359223
0.35719
0.355715
0.354773
0.355154
0.355195
0.34749
0.348715
0.347002
0.360732
0.349484
0.348964
0.356411
0.359205
0.348206
0.352993
0.35291
0.355077
0.355093
0.348595
0.346849
0.354387
0.347435
0.344778
0.353949
0.354958
0.352323
0.353615
0.359725
0.352355
0.352355
0.34789
0.349355
0.346546
0.357427
0.347501
0.349802
0.348022
0.355663
0.345841
0.351651
0.339734
0.340124
0.352075
0.351132
0.353916
0.345017
0.338595
0.342109
0.347751
0.347002
0.343618
0.342599
0.346482
0.344206
0.343368
0.346308
0.351784
0.350363
0.344377
0.341331
0.349669
0.350003
0.354135
0.350189
0.352475
0.356907
0.353094
0.353094
0.341839
0.349147
0.344648
0.345971
0.349355
0.353028
0.353484
0.349029
0.355025
0.35007
0.349669
0.34737
0.347501
0.349617
0.351132
0.348011
0.346427
0.347887
0.351132
0.352541
0.354068
0.345531
0.350189
0.352205
0.344139
0.351956
0.348075
0.351902
0.352607
0.354253
0.346665
0.350676
0.353733
0.349029
0.361805
0.345657
0.355195
0.34789
0.346559
0.351132
0.342599
0.347501
0.34866
0.354188
0.353603
0.344692
0.34814
0.35229
0.35667
0.347802
0.358316
0.357375
0.349234
0.347251
0.346546
0.353682
0.3559
0.345214
0.358955
0.357309
0.351004
0.361252
0.347947
0.34673
0.344128
0.347971
0.352779
0.325598
0.207542
0.160433
0.0245961
-0.0198566
-0.193861
-0.282835
-0.433342
-0.464031
-0.481324
-0.456098
-0.475698
-0.471351
-0.451838
-0.414862
-0.385731
-0.350221
-0.208997
-0.14866
-0.100986
-0.0981034
-0.137449
-0.160825
-0.162291
-0.108338
-0.0787832
-0.066952
-0.0601811
-0.0640205
-0.0488186
-0.0471255
-0.0456298
-0.0348263
-0.00217007
0.00248175
-0.00227262
0.0250384
0.0335792
0.0360851
0.0669871
0.083818
0.0970024
0.0869192
0.0770419
0.081521
0.0765389
0.0809637
0.080259
0.07544
0.0881253
0.0881253
0.0797387
0.0814009
0.0705274
0.0734404
0.0826497
0.0753944
0.0756538
0.0831838
0.0742425
0.0760303
0.0768838
0.0841153
0.0841153
0.0787118
0.0936883
0.0838201
0.0739838
0.0879887
0.0790081
0.0784969
0.0890077
0.090965
0.0909183
0.0916426
0.088202
0.080795
0.0685694
0.0833061
0.081646
0.0849236
0.0769598
0.0890372
0.0826508
0.0824007
0.0838936
0.0838936
0.0826728
0.0743933
0.0796845
0.0821081
0.0906539
0.0902613
0.090406
0.0902824
0.0881888
0.0886656
0.0886656
0.081719
0.075369
0.0823657
0.0861553
0.0845206
0.093084
0.0789601
0.0821334
0.0905749
0.0780044
0.0849543
0.0906539
0.0858471
0.0860787
0.0926054
0.0813967
0.0891271
0.0854921
0.0845206
0.0907439
0.0868629
0.0818871
0.0746879
0.0860619
0.0805596
0.0852166
0.0903433
0.0903433
0.0856977
0.0905095
0.0801009
0.0805153
0.0831927
0.0804373
0.0854592
0.094436
0.0838894
0.0844444
0.0901422
0.0821023
0.0774904
0.0790639
0.0820554
0.0824672
0.083117
0.0828749
0.0741029
0.0838894
0.0825892
0.0806056
0.087366
0.0862311
0.0832382
0.0832382
0.081499
0.081499
0.0806534
0.0823923
0.0785051
0.0828267
0.0779007
0.0850239
0.0914924
0.0849033
0.0801699
0.0700754
0.0820299
0.086037
0.0882586
0.0820299
0.0811834
0.0857487
0.0862803
0.0827556
0.0872164
0.0767194
0.0786722
0.065113
0.0850239
0.07807
0.0807028
0.080506
0.0735031
0.0818362
0.0715904
0.0847067
0.0802677
0.0930324
0.0850031
0.0742992
0.0785514
0.0785514
0.0736733
0.0848328
0.0908884
0.0965585
0.0802677
0.0917804
0.0877021
0.0814707
0.0825788
0.0849523
0.0924838
0.0794447
0.0860847
0.0964304
0.0847543
0.0870969
0.0765433
0.0858971
0.0858971
0.0831364
0.067989
0.081886
0.08536
0.0742278
0.0829689
0.0778745
0.0751224
0.0751224
0.0779941
0.0849928
0.0770535
0.0856469
0.0924838
0.0953002
0.0870274
0.0866895
0.079662
0.0725305
0.0844498
0.0828985
0.079831
0.079831
0.0890494
0.0887631
0.084148
0.0846353
0.084148
0.0805557
0.0781138
0.0791062
0.0830174
0.0854098
0.0846353
0.0785673
0.08253
0.0739112
0.0829496
0.0782813
0.0782813
0.0782813
0.0871322
0.0788875
0.075581
0.0782123
0.0821242
0.0723632
0.0911547
0.083792
0.0814494
0.0869615
0.0683971
0.0800674
0.0861852
0.0861852
0.0777232
0.0677192
0.0725305
0.0838616
0.0745093
0.0725305
0.0833541
0.0943026
0.0872488
0.0798524
0.083304
0.0773184
0.086267
0.0772523
0.0822254
0.0749743
0.0749089
0.0837074
0.0741987
0.0750433
0.0765934
0.0646974
0.0723754
0.0750924
0.0774874
0.0774874
0.0698277
0.0671116
0.0734239
0.074485
0.0815182
0.0751433
0.0809605
0.0801175
0.0760689
0.081011
0.074485
0.0791584
0.0784488
0.0727474
0.074485
0.0785506
0.0720218
0.0686135
0.0648146
0.0721395
0.0801693
0.0713163
0.0711789
0.0772335
0.0764754
0.0764754
0.0765566
0.0722574
0.0640884
0.0686642
0.0746032
0.0749589
0.0659138
0.0729679
0.0771154
0.0742491
0.0735239
0.0756333
0.0760375
0.07371
0.0712961
0.0673298
0.0813842
0.068341
0.0669798
0.0665034
0.0665034
0.0696761
0.0736931
0.0753785
0.0747702
0.0695077
0.0739269
0.0708046
0.0761546
0.0773998
0.0682243
0.0796488
0.074044
0.0680558
0.0669931
0.0662011
0.0707389
0.0669931
0.0735239
0.0716981
0.0751433
0.0755979
0.0676815
0.0698974
0.0698974
0.0732895
0.0763232
0.0763232
0.0821893
0.0821893
0.0736414
0.0745874
0.0754818
0.0753785
0.0804547
0.0671614
0.0729158
0.0736931
0.0842996
0.0729679
0.0704535
0.0704535
0.0670963
0.0720734
0.0719568
0.0772825
0.0647644
0.0705068
0.0643468
0.0634148
0.0688867
0.0746413
0.0746413
0.0767152
