-0.00198451
-0.00165156
-0.00190784
-0.00140865
-0.00227303
-0.00172962
-0.00177297
-0.00171426
-0.00199998
-0.00228079
-0.00129268
-0.00186997
-0.00189783
-0.00151086
-0.00195897
-0.00205332
-0.00124919
-0.0018266
-0.00207113
-0.00163813
-0.00202783
-0.00174501
-0.00276702
-0.000963548
-0.00249536
-0.00184936
-0.001384
-0.00217284
-0.00168889
-0.00208406
-0.00169931
-0.00225642
-0.00195371
-0.0013736
-0.00206989
-0.00150332
-0.00218802
-0.0019509
-0.00223976
-0.00196137
-0.00346788
-0.000923547
-0.00116618
-0.00181631
-0.00210422
-0.00181631
-0.00131816
-0.00211442
-0.00164565
-0.00227869
-0.00217555
-0.00176533
-0.00194337
-0.00169931
-0.00258738
-0.00226761
-0.00144845
-0.00163062
-0.00210422
-0.00213727
-0.00162311
-0.00172962
-0.00250117
-0.00227089
-0.00248756
-0.00275728
-0.00128517
-0.00191046
-0.00181631
-0.00138825
-0.00178062
-0.00194118
-0.00158265
-0.00195897
-0.00134068
-0.00199224
-0.00185963
-0.00105702
-0.00183154
-0.00174258
-0.002161
-0.00203799
-0.0023417
-0.00241792
-0.00159484
-0.00170677
-0.00253647
-0.00126717
-0.00171426
-0.00159484
-0.00187478
-0.00191046
-0.0027013
-0.0027013
-0.00202324
-0.00202324
-0.00130019
-0.00172962
-0.00219065
-0.00134362
-0.00156183
-0.00164522
-0.00241027
-0.00179845
-0.00237482
-0.00213985
-0.00200232
-0.00187478
-0.00208644
-0.00179083
-0.00187751
-0.00179595
-0.00119052
-0.00192807
-0.00157974
-0.0025641
-0.00118013
-0.00170172
-0.0017756
-0.00124919
-0.00243439
-0.00164522
-0.000723021
-0.00189261
-0.00154262
-0.00197679
-0.00197679
-0.00238139
-0.00177838
-0.00258957
-0.00170947
-0.00255415
-0.00170408
-0.00141988
-0.00235944
-0.00139448
-0.00155427
-0.00252088
-0.00252665
-0.00236956
-0.00127188
-0.00127188
-0.00206867
-0.00210682
-0.00290983
-0.00147497
-0.00166069
-0.00224753
-0.00235944
-0.00207878
-0.00208644
-0.00208644
-0.00117682
-0.00172466
-0.00170677
-0.00200232
-0.00169497
-0.00223976
-0.00163813
-0.00161561
-0.00108993
-0.00149296
-0.00240696
-0.00200232
-0.00148273
-0.00208135
-0.0015722
-0.00203799
-0.00129734
-0.00205332
-0.00187751
-0.00231401
-0.00209659
-0.00181631
-0.00158729
-0.00206099
-0.0017628
-0.00129268
-0.000803724
-0.00275728
-0.00207113
-0.00177297
-0.00177297
-0.00251166
-0.00184936
-0.00191046
-0.00147013
-0.00188506
-0.00184176
-0.00150059
-0.00157974
-0.002334
-0.0011228
-0.00154252
-0.00190017
-0.00184176
-0.00156941
-0.00153636
-0.00220427
-0.00127188
-0.00201774
-0.00142305
-0.0010435
-0.00233645
-0.00124919
-0.00123123
-0.00206099
-0.00206099
-0.00166352
-0.00175769
-0.00135741
-0.00190774
-0.000901627
-0.00132566
-0.00172193
-0.00221422
-0.00249322
-0.00189003
-0.00183154
-0.00116217
-0.000880077
-0.00193342
-0.00121905
-0.000893212
-0.00205332
-0.00151365
-0.00125214
-0.00130019
-0.00176533
-0.00111122
-0.00178321
-0.00190006
-0.00128224
-0.00101051
-0.00150822
-0.00157974
-0.00184936
-0.00225531
-0.00255635
-0.00165295
-0.00106894
-0.00153636
-0.0018087
-0.00205332
-0.00195897
-0.00101349
-0.00102848
-0.00253861
-0.00185661
-0.00167081
-0.001918
-0.00213985
-0.00202783
-0.00099853
-0.00240021
-0.00249332
-0.0018087
-0.00280233
-0.000987962
-0.00130772
-0.00126431
-0.00171426
-0.00171426
-0.00221422
-0.00212964
-0.0019234
-0.0019234
-0.00236552
-0.0018672
-0.0018672
-0.00179746
-0.00191046
-0.00187478
-0.00181903
-0.00157974
-0.00219065
-0.00182392
-0.00226528
-0.00191346
-0.00219065
-0.00233196
-0.00189003
-0.00185207
-0.00198451
-0.00102848
-0.00189541
-0.00189541
-0.00194337
-0.00207636
-0.00178062
-0.00152878
-0.00183418
-0.00158729
-0.001918
-0.00196672
-0.000987962
1.41471e-06
-0.0022376
-0.00205332
-0.00167103
-0.00143044
-0.00133317
-0.00199224
-0.00232177
-0.00195371
-0.0024534
-0.00240566
-0.00160519
-0.00135111
-0.00257961
-0.00249332
-0.00156941
-0.00184176
-0.00088744
-0.00168869
-0.0025521
-0.00115141
-0.001939
-0.00178828
-0.00179321
-0.00170677
-0.00226528
-0.00192834
-0.00198693
-0.00151846
-0.00213727
-0.00162311
-0.00206349
-0.00170677
-0.00222356
-0.00131816
-0.00119486
-0.00229851
-0.00179845
-0.00222094
-0.00164412
-0.00164412
-0.00202783
-0.00205092
-0.00218553
-0.00134679
-0.00196137
-0.00226309
-0.0014706
-0.00190774
-0.00244328
-0.00167393
-0.00191532
-0.00185207
-0.00137961
-0.003182
-0.00253085
-0.000788926
-0.00213985
-0.00270625
-0.00108687
-0.00122366
-0.00114404
-0.00179595
-0.00153184
-0.00185696
-0.00167393
-0.00204322
-0.00225531
-0.00181631
-0.00152121
-0.00189261
-0.00155427
-0.00254638
-0.00161272
-0.00211952
-0.00202015
-0.00287799
-0.00115879
-0.00202783
-0.00166069
-0.00185963
-0.0017628
-0.00206099
-0.00194895
-0.00171423
-0.00202546
-0.0013472
-0.002232
-0.00171423
-0.00171423
-0.001918
-0.00136161
-0.00245093
-0.00133615
-0.00206099
-0.00122024
-0.00202972
-0.00228924
-0.00156941
-0.00211187
-0.00136906
-0.00140503
-0.00226528
-0.00140193
-0.00184936
-0.00231625
-0.00145582
-0.00139072
-0.00225753
-0.00205586
-0.00211442
-0.00187751
-0.00211442
-0.00162506
-0.00198375
-0.00159767
-0.00237482
-0.00150059
-0.00201003
-0.00179083
-0.00207734
-0.00268894
-0.000627125
-0.00219562
-0.00269833
-0.0023494
-0.00167393
-0.00163536
-0.00165602
-0.00179083
-0.00141245
-0.00129268
-0.00133317
-0.00133317
-0.00202972
-0.00155154
-0.00232397
-0.00218866
-0.00154395
-0.00187478
-0.00175513
-0.00191561
-0.0017756
-0.00257961
-0.00147508
-0.00163813
-0.0014706
-0.00299619
-0.00174501
-0.00186457
-0.0019716
-0.00139072
-0.00118774
-0.00118774
-0.00166646
-0.00104958
-0.00104958
-0.00132566
-0.00185207
-0.00260295
-0.00260295
-0.00191046
-0.00162311
-0.00170408
-0.00240882
-0.00195897
-0.00187751
-0.00187751
-0.00157974
-0.00180609
-0.0022298
-0.00155427
-0.00258738
-0.00258738
-0.00241027
-0.00141245
-0.0013586
-0.00152878
-0.00252867
-0.00179595
-0.00163358
-0.00212203
-0.00215013
-0.00369931
-0.00369931
-0.00191046
-0.00213727
-0.002232
-0.00194118
-0.00154672
-0.00161561
-0.00164105
-0.00201003
-0.00151365
-0.00186997
-0.00138304
-0.00165064
-0.00169638
-0.00184176
-0.00203552
-0.00165295
-0.00250317
-0.00287799
-0.00169931
-0.00138704
-0.00215769
-0.00215769
-0.00156941
-0.00125965
-0.00202015
-0.00259731
-0.00225753
-0.00223976
-0.00208644
-0.00254638
-0.00179353
-0.00161272
-0.00239112
-0.00132566
-0.00200773
-0.00200773
-0.00202783
-0.00179083
-0.00200232
-0.00148534
-0.001918
-0.000750397
-0.00159484
-0.00203034
-0.00102098
-0.00160519
-0.00158729
-0.00256194
-0.00183154
-0.00163358
-0.00250408
-0.00265586
-0.00187478
-0.00199224
-0.00198451
-0.00235429
-0.00164105
-0.00182392
-0.00177297
-0.00216307
-0.00244425
-0.00184176
-0.00223976
-0.00188223
-0.00188223
-0.00174746
-0.00202015
-0.00283331
-0.00147013
-0.00217872
-0.00178828
-0.00226528
-0.00175769
-0.00107193
-0.00107193
-0.0015722
-0.00160812
-0.00154672
-0.00151086
-0.00225531
-0.00153917
-0.00185696
-0.00170388
-0.00183418
-0.00236956
-0.00187751
-0.00187751
-0.00115879
-0.00212717
-0.00259731
-0.00194118
-0.00243439
-0.00221601
-0.00221601
-0.00229077
-0.00172193
-0.00175513
-0.00193342
-0.00228544
-0.00228304
-0.00168869
-0.00208897
-0.0022165
-0.000839914
-0.00245994
-0.00215769
-0.00232177
-0.00159767
-0.00135416
-0.00179845
-0.00231863
-0.0023417
-0.00140193
-0.00258738
-0.00231625
-0.00119155
-0.00240263
-0.00206099
-0.00178062
-0.00277488
-0.00208644
-0.00251309
-0.00193585
-0.00258184
-0.00256222
-0.00154395
-0.00263924
-0.00199998
-0.00237482
-0.00202783
-0.00204322
-0.00258738
-0.00237482
-0.00214744
-0.00153917
-0.0018672
-0.0018672
-0.00191046
-0.00197623
-0.00197623
-0.00183154
-0.00131816
-0.00131816
-0.00316044
-0.00252665
-0.00252665
-0.00193585
-0.00243324
-0.00243324
-0.00174701
-0.00122089
-0.00193585
-0.00119486
-0.00272667
-0.00189541
-0.00189541
-0.00207113
-0.00155914
-0.00133615
-0.00168442
-0.00169186
-0.00169186
-0.00238487
-0.00230853
-0.00247625
-0.00281023
-0.00253961
-0.00172466
-0.00172466
-0.00197679
-0.00166646
-0.00319166
-0.00311741
-0.00249394
-0.00294499
-0.00294499
-0.00211187
-0.00222632
-0.0024534
-0.00307437
-0.00242041
-0.00211187
-0.00246982
-0.00252088
-0.00273363
-0.00160519
-0.00209659
-0.00323554
-0.00213985
-0.00252867
-0.00199462
-0.00311943
-0.00208897
-0.00164105
-0.00247764
-0.00233645
-0.00173215
-0.00229313
-0.00194351
-0.00179083
-0.00192834
-0.00251309
-0.00224136
-0.00239253
-0.00175513
-0.00281798
-0.00289637
-0.00242558
-0.00242558
-0.00269367
-0.00300555
-0.00197623
-0.00188236
-0.00215505
-0.0023417
-0.00309012
-0.00269665
-0.0024052
-0.00277683
-0.00150653
-0.00315065
-0.00185696
-0.00237721
-0.00156183
-0.00255415
-0.0026989
-0.00194337
-0.00165602
-0.00197623
-0.00251166
-0.00241792
-0.00116618
-0.00159484
-0.00186997
-0.00250155
-0.00227419
-0.00218042
-0.00230853
-0.00154132
-0.00156446
-0.00323655
-0.00216266
-0.0018032
-0.0018032
-0.00267354
-0.00220578
-0.00183418
-0.00209659
-0.0016814
-0.00263821
-0.00156183
-0.00188506
-0.00188506
-0.00164105
-0.0019895
-0.0022376
-0.00216266
-0.00227419
-0.00153369
-0.0023494
-0.00197679
-0.00171423
-0.00190293
-0.00163813
-0.00147382
-0.00298664
-0.00214744
-0.00165602
-0.00206867
-0.00283365
-0.00283365
-0.00114404
-0.00198451
-0.00212965
-0.00185696
-0.00147508
-0.00258738
-0.00258738
-0.00263275
-0.00174999
-0.00169638
-0.00364701
-0.00187751
-0.00292951
-0.00247875
-0.00235712
-0.00153636
-0.00274193
-0.0024458
-0.00289425
-0.00355321
-0.00260505
-0.00282002
-0.00233645
-0.002395
-0.00272667
-0.002334
-0.0027343
-0.00213226
-0.00267843
-0.00295488
-0.00229077
-0.00270141
-0.00268356
-0.0026989
-0.00286105
-0.00261502
-0.00249651
-0.00352772
-0.00368824
-0.00239253
-0.00267354
-0.00292951
-0.00251166
-0.00301553
-0.00313502
-0.00314283
-0.00289637
-0.00284342
-0.00264283
-0.00291406
-0.00285327
-0.00271905
-0.00249651
-0.00270894
-0.00203552
-0.00203552
-0.0013586
-0.0011228
-0.00144525
-0.00189261
-0.00126021
-0.00140193
-0.00116304
-0.000429009
-0.00164853
-0.00114078
-0.000278271
-0.00158729
-0.00158729
-0.00169931
-0.00159484
-0.00256194
-0.00147801
-0.00158729
-0.00236956
-0.000858826
-0.00144525
-0.002395
-0.00151812
-0.00180059
-0.00180059
-0.00142731
-0.00153184
-0.00119155
-0.0014706
-0.00141245
-0.00146743
-0.00205332
-0.00135111
-0.00142399
-0.00208644
-0.00163062
-0.00185963
-0.00188506
-0.00110795
-0.000450667
-0.00177531
-0.00151388
-0.00192834
-0.00162026
-0.00224136
-0.00146753
-0.00238251
-0.00115141
-0.00176051
-0.00137218
-0.00201774
-0.00215769
-0.00212965
-0.00156183
-0.00109737
-0.00118418
-0.00215505
-0.00215505
-0.00181631
-0.00152124
-0.00238251
-0.00139149
-0.00163813
-0.00187478
-0.00187478
-0.00141988
-0.0012022
-0.0012022
-0.00219562
-0.000541475
-0.0023494
-0.00155715
-0.00167393
-0.00157974
-0.00164105
-0.00190293
-0.00143371
-0.00143371
-0.00150332
-0.00143784
-0.00164565
-0.00209659
-0.00190482
-0.0017321
-0.00244328
-0.00244328
-0.00156183
-0.00199404
-0.00123829
-0.00164105
-0.00209411
-0.0012022
-0.00151086
-0.00195371
-0.0018672
-0.00188506
-0.00167393
-0.00196121
-0.0026989
-0.00250408
-0.00217284
-0.00145217
-0.00203717
-0.00152124
-0.00175742
-0.0012747
-0.00139149
-0.0017098
-0.00190774
-0.00145582
-0.00163813
-0.00164565
-0.00164565
-0.00270658
-0.00173955
-0.00124559
-0.00184176
-0.00172466
-0.00196413
-0.00153184
-0.00170238
-0.00220323
-0.00205332
-0.00128551
-0.00175742
-0.00145267
-0.00141988
-0.00131525
-0.00139448
-0.00206867
-0.00187751
-0.00143476
-0.00105395
-0.00141686
-0.00141686
-0.00189261
-0.00180059
-0.00128551
-0.00186457
-0.00180059
-0.00209411
-0.00209411
-0.00210422
-0.00144221
-0.00149593
-0.00149593
-0.000862027
-0.00107193
-0.00170677
-0.00251924
-0.000710549
-0.000710549
-0.00270658
-0.00265586
-0.00187478
-0.00236713
-0.00169186
-0.001384
-0.00107193
-0.000609038
-0.00129734
-0.000739468
-0.000800535
0.000238683
-0.00018749
-0.00056553
-8.59748e-05
-6.05411e-05
0.000740653
-0.000725124
0.000231423
-0.000269302
-0.000260078
-0.000154908
-0.00105102
-0.00087681
-0.000320208
-0.000371026
-0.00110483
-0.00133317
-0.000645231
-0.00012228
0.000657884
0.000657884
-0.000323656
-0.00014046
-0.00014046
-0.000775066
-0.000674477
-0.000165854
-0.000843995
-0.00106447
-0.000269302
-0.000793091
-2.77692e-05
0.000111397
-0.00114513
-0.000514588
-0.000683521
-0.000210896
-0.000869414
-0.000677632
-0.000716571
-0.00201003
-0.000905485
-0.00132566
-0.00087681
-0.0011482
-0.00132566
-0.000623741
-0.00213484
-0.000933944
-0.000847277
-0.000486936
-0.00127486
-0.00124957
-0.000476004
-0.000772006
-0.00160998
-0.000312859
-0.00130019
-0.000345628
-0.0013586
-0.000767607
-0.00131525
-0.00118098
-0.000349102
-0.00130491
-0.00139898
-0.00111537
-0.00138112
-0.00124559
-0.000941628
-0.00169638
-0.00248634
-0.00184176
-0.00149593
-0.00194824
-0.000739468
-0.000843995
-0.000843995
-0.00184936
-0.00113023
-0.00209411
-0.0016814
-0.000880077
-0.00157974
-0.00189261
-0.00154672
-0.00173955
-0.00212485
-0.00164522
-0.000862027
-0.000352724
-0.000894812
-0.00179083
-0.00100298
-0.001384
-0.00231192
-0.00155154
-0.00154395
-0.00136906
-0.00174746
-0.00179595
-0.00235712
-0.00192129
-0.00165602
-0.00164565
-0.00152607
-0.00177297
-0.00202783
-0.00069102
-0.00166352
-0.00240021
-0.0019716
-0.00201187
-0.00204182
-0.00178583
-0.00179083
-0.00179083
-0.00158265
-0.00181631
-0.00198451
-0.00149296
-0.00183916
-0.00137926
-0.00137926
-0.00141245
-0.00143423
-0.00123123
-0.00139149
-0.00166843
-0.00166352
-0.000890815
-0.00152607
-0.00183154
-0.00161561
-0.00151365
-0.00145721
-0.00175513
-0.00254428
-0.00146489
-0.00156941
-0.00264044
-0.00204322
-0.00202783
-0.00206099
-0.00105395
-0.00137653
-0.00183418
-0.00227089
-0.0013586
-0.00154395
-0.00204322
-0.00174746
-0.0015722
-0.00153636
-0.000938201
-0.00170238
-0.00130772
-0.001918
-0.00232397
-0.00187478
-0.00206099
-0.00135111
-0.00123123
-0.00237721
-0.00204322
-0.00179083
-0.00134362
-0.00235944
-0.00162026
-0.00150059
-0.00204093
-0.00160519
-0.00242558
-0.00141988
-0.0011482
-0.00124919
-0.00197679
-0.00167853
-0.00153636
-0.00199224
-0.000516146
-0.000911254
-0.00230853
-0.00158457
-0.00150327
-0.00161272
-0.00217872
-0.000851407
-0.00211187
-0.00114078
-0.00244092
-0.00210682
-0.00207113
-0.00275722
-0.00217027
-0.00205332
-0.00229634
-0.00183916
-0.000775066
-0.00158265
-0.00181631
-0.00198451
-0.00207113
-0.00207113
-0.000803724
-0.00152121
-0.00173731
-0.00130019
-0.0012529
-0.00163813
-0.00170408
-0.00141988
-0.00208644
-0.00201247
-0.00197448
-0.00204322
-0.00178062
-0.00169398
-0.00205864
-0.00252665
-0.00202015
-0.00200154
-0.00214744
-0.00227303
-0.00227303
-0.00150327
-0.00225753
-0.00233018
-0.00196137
-0.00159767
-0.0014881
-0.00157974
-0.00203552
-0.00244425
-0.00144188
-0.00199224
-0.00122366
-0.00301374
-0.00190784
-0.00228079
-0.00152607
-0.00195897
-0.00142399
-0.00302168
-0.00251099
-0.00256973
-0.00196451
-0.00198451
-0.00231625
-0.00248548
-0.00206099
-0.00197448
-0.00296271
-0.00221991
-0.00258957
-0.00258957
-0.00261193
-0.00275916
-0.00209411
-0.00251099
-0.00314093
-0.00175513
-0.00247117
-0.00166352
-0.00207636
-0.00207636
-0.00202546
-0.00202546
-0.00253695
-0.00228856
-0.00198451
-0.00239022
-0.00277488
-0.00218042
-0.00194351
-0.00284342
-0.00280036
-0.00106144
-0.00221991
-0.00305678
-0.00192566
-0.00267905
-0.00203552
-0.00194895
-0.00190017
-0.00304101
-0.00304101
-0.00239904
-0.00221991
-0.00227089
-0.00227089
-0.00246594
-0.00197231
-0.00271418
-0.0021846
-0.0031428
-0.00180362
-0.00254234
-0.00291959
-0.00244226
-0.00244226
-0.00207113
-0.00318384
-0.00237482
-0.00200773
-0.00225531
-0.00256871
-0.00233018
-0.00223976
-0.00259286
-0.00281578
-0.00279828
-0.00251881
-0.00208644
-0.00208644
-0.00246982
-0.00198224
-0.00215117
-0.00215117
-0.0024246
-0.00190006
-0.00250117
-0.00275728
-0.00275131
-0.00299619
-0.00256194
-0.00336281
-0.00336281
-0.00219248
-0.00240882
-0.00165842
-0.00310767
-0.00287646
-0.00324357
-0.00198451
-0.00221422
-0.00261193
-0.00251881
-0.00280036
-0.00218655
-0.00264815
-0.00321152
-0.00228079
-0.00188006
-0.00143936
-0.00185247
-0.00234784
-0.00353439
-0.00118013
-0.00278276
-0.00144188
-0.0026535
-0.00167853
-0.00167853
-0.00195673
-0.00195673
-0.00316574
-0.00260295
-0.00243439
-0.00260295
-0.0023417
-0.00251881
-0.00249142
-0.00273969
-0.00323417
-0.00233732
-0.00269833
-0.00290204
-0.00279015
-0.00287665
-0.00256194
-0.00281608
-0.00199998
-0.00320061
-0.00211771
-0.00199224
-0.0033215
-0.00247567
-0.00253647
-0.00324357
-0.00277308
-0.0023317
-0.00227089
-0.00216526
-0.00210946
-0.00203552
-0.00224541
-0.00272212
-0.00250903
-0.0028669
-0.00221336
-0.00264815
-0.00295314
-0.00174501
-0.00219562
-0.00299619
-0.0013661
-0.00254428
-0.00348343
-0.00260295
-0.00150327
-0.00203552
-0.00268894
-0.00223559
-0.00188996
-0.0032516
-0.00206099
-0.0022298
-0.00232177
-0.00287474
-0.00224541
-0.00330262
-0.00256973
-0.00158729
-0.00274151
-0.00212561
-0.0024678
-0.0021602
-0.00248548
-0.00186457
-0.00283365
-0.0023317
-0.00273177
-0.00312395
-0.0029274
-0.0029274
-0.00227089
-0.00250117
-0.00190017
-0.00201187
-0.00258535
-0.00296915
-0.00296915
-0.00253647
-0.00237482
-0.00286885
-0.00270457
-0.0026868
-0.00166072
-0.00249142
-0.00309635
-0.00227089
-0.00262834
-0.00201774
-0.00206867
-0.00204093
-0.00293562
-0.00346423
-0.00281608
-0.0027121
-0.00282581
-0.00253647
-0.00285064
-0.00293518
-0.00208406
-0.00203319
-0.00197448
-0.00281608
-0.00172962
-0.00265586
-0.00195673
-0.00286842
-0.00306301
-0.00212965
-0.0034568
-0.00187219
-0.00287665
-0.00191346
-0.00229077
-0.00203319
-0.0023317
-0.00164565
-0.0014598
-0.00248548
-0.00120298
-0.00146743
-0.00187478
-0.00182392
-0.00229077
-0.00180362
-0.00213747
-0.0023494
-0.00204759
-0.0026989
-0.00230413
-0.00251881
-0.00217284
-0.00272968
-0.00155914
-0.00216266
-0.00216266
-0.00281608
-0.00154395
-0.0023494
-0.00239793
-0.00137653
-0.00154395
-0.00258738
-0.00229851
-0.00235494
-0.00222094
-0.00228856
-0.00173955
-0.00201003
-0.00172919
-0.00290204
-0.00265586
-0.00178828
-0.00183154
-0.00229851
-0.00186457
-0.00142433
-0.00209411
-0.0018672
-0.00107549
-0.00183154
-0.00131525
-0.00162026
-0.00198375
-0.00164853
-0.00213075
-0.00139448
-0.00248634
-0.00188996
-0.00174701
-0.00162781
-0.00190774
-0.00258535
-0.00188506
-0.00145267
-0.00185696
-0.00149593
-0.00218802
-0.00119155
-0.00200441
-0.00164565
-0.00196599
-0.0019331
-0.00265586
-0.00162781
-0.0026868
-0.00211187
-0.00188996
-0.00150822
-0.00188236
-0.0019509
-0.0019509
-0.00156941
-0.00280822
-0.0016814
-0.00159484
-0.00230626
-0.00205864
-0.00159484
-0.00191046
-0.00178828
-0.00157698
-0.000980463
-0.0011482
-0.00315665
-0.00185696
-0.00137653
-0.00153369
-0.00109737
-0.00159767
-0.00129268
-0.00273959
-0.00137961
-0.00123123
-0.00167698
-0.00254428
-0.00179083
-0.00110483
-0.0019331
-0.00137653
-0.00208644
-0.00156941
-0.00193342
-0.00145582
-0.00211442
-0.00210422
-0.0013661
-0.00177049
-0.00189261
-0.00151388
-0.00172193
-0.00153636
-0.0013482
-0.00231863
-0.00261502
-0.00216266
-0.00162026
-0.00088744
-0.000959487
-0.00145721
-0.00150059
-0.000309049
-0.00128224
-0.00238251
-0.00108687
-0.00170408
-0.00116618
-0.00116618
-0.00179845
-0.00153369
-0.00246982
-0.00151846
-0.00167103
-0.00209659
-0.00165842
-0.00210422
-0.00158729
-0.00161561
-0.00143476
-0.00203552
-0.00163358
-0.00239793
-0.00158457
-0.00194895
-0.00204565
-0.00245015
-0.00245015
-0.00178588
-0.000811135
-0.00163813
-0.00109737
-0.00141245
-0.00205864
-0.00263821
-0.00221601
-0.00217027
-0.00217027
-0.000985008
-0.0011482
-0.0011482
-0.00165602
-0.00110071
-0.00111228
-0.00134068
-0.00151846
-0.00124223
-0.00179845
-0.00179845
-0.00172466
-0.00205864
-0.00152878
-0.00190774
-0.00264595
-0.00136906
-0.00246101
-0.00143044
-0.00109737
-0.00238251
-0.0010435
-0.00182392
-0.0010794
-0.00111537
-0.00163062
-0.00108687
-0.00150822
-0.00204322
-0.00150573
-0.00194895
-0.00102098
-0.00165318
-0.00139841
-0.00183154
-0.00228079
-0.00179845
-0.00226309
-0.00159217
-0.0012285
-0.00198224
-0.0014601
-0.00174746
-0.00194118
-0.00161272
-0.0023317
-0.00100321
-0.00206099
-0.00170677
-0.00145267
-0.00159484
-0.00197623
-0.00232397
-0.00178828
-0.00180799
-0.00161272
-0.00107193
-0.00258738
-0.00147801
-0.00176533
-0.00185696
-0.00203319
-0.00158729
-0.00106144
-0.00206099
-0.00208644
-0.00159484
-0.00254428
-0.00118013
-0.00168889
-0.00137653
-0.00173731
-0.00210982
-0.00128979
-0.00172962
-0.00133176
-0.00195897
-0.00102848
-0.00231625
-0.00177297
-0.00199001
-0.00258738
-0.00114078
-0.00136906
-0.00165318
-0.00150822
-0.000999619
-0.00277308
-0.00120854
-0.0010794
-0.00137653
-0.00140193
-0.00146321
-0.00215013
-0.000959726
-0.00134068
-0.00274939
-0.00199001
-0.00290204
-0.00159484
-0.00259516
-0.00213985
-0.00257754
-0.00221422
-0.00204322
-0.00228304
-0.0022376
-0.00151086
-0.00232397
-0.00287646
-0.00202015
-0.00202015
-0.00190017
-0.00241671
-0.00127188
-0.00207113
-0.00238487
-0.0019509
-0.0023417
-0.00149284
-0.00218042
-0.00198655
-0.00259731
-0.00174999
-0.00188506
-0.00188506
-0.00119486
-0.00211187
-0.00207878
-0.00310767
-0.000818554
-0.00192834
-0.0019716
-0.00252684
-0.00144954
-0.00241558
-0.000808212
-0.00264815
-0.00128551
-0.00152124
-0.00156941
-0.00209659
-0.00146743
-0.000920187
-0.00141988
-0.00168625
-0.00161272
-0.00230626
-0.00188236
-0.00188506
-0.00177846
-0.00159484
-0.00123489
-0.00226309
-0.00202546
-0.00181373
-0.00226528
-0.00294514
-0.00272387
-0.00275728
-0.00238251
-0.00183154
-0.00133317
-0.00133317
-0.00260099
-0.00289425
-0.0013586
-0.0018672
-0.00233943
-0.00178062
-0.00178062
-0.00258738
-0.00250903
-0.00250903
-0.00217284
-0.00201774
-0.00227089
-0.0016814
-0.00177818
-0.00237257
-0.00180362
-0.00169398
-0.00189261
-0.00231625
-0.0013661
-0.00253695
-0.0024534
-0.00241027
-0.00265586
-0.00305351
-0.00210946
-0.00288647
-0.00201656
-0.00205092
-0.00264595
-0.00187478
-0.00156467
-0.00217284
-0.00130019
-0.00205864
-0.00199224
-0.00232177
-0.00229077
-0.00217872
-0.00228171
-0.00279251
-0.00226309
-0.00209411
-0.00191561
-0.00258738
-0.00203552
-0.00194895
-0.0026807
-0.00244226
-0.00235745
-0.00235745
-0.00127682
-0.0029001
-0.00248548
-0.00252867
-0.00234718
-0.00198224
-0.00218042
-0.00185696
-0.00159015
-0.0026807
-0.0033374
-0.00277488
-0.0013661
-0.00261074
-0.00241792
-0.00275916
-0.00355984
-0.00264595
-0.00262057
-0.00262057
-0.0022298
-0.00259595
-0.00161186
-0.00158729
-0.000829197
-0.00224753
-0.00171426
-0.00150327
-0.00138304
-0.00152473
-0.00231625
-0.00159484
-0.00157698
-0.00194895
-0.00189261
-0.000858037
-0.00249651
-0.00145217
-0.00137653
-0.00110054
-0.00215505
-0.00173731
-0.00148273
-0.00133615
-0.0018672
-0.00242653
-0.00213747
-0.00210422
-0.00167081
-0.00248548
-0.00185963
-0.0017628
-0.00254638
-0.00190293
-0.00227089
-0.00150059
-0.00156941
-0.00155427
-0.00265692
-0.00128979
-0.000923547
-0.00148534
-0.00246863
-0.00215117
-0.00253647
-0.00239904
-0.00138864
-0.00160241
-0.00187751
-0.00210178
-0.00210178
-0.00247764
-0.00186997
-0.00200232
-0.00218655
-0.00168625
-0.00162781
-0.00162781
-0.00189003
-0.00298823
-0.00150653
-0.00167081
-0.00239253
-0.00207113
-0.00296915
-0.00159947
-0.00178062
-0.00197448
-0.00176533
-0.00244328
-0.00192566
-0.00243439
-0.00130019
-0.00289425
-0.00235944
-0.00210001
-0.0023494
-0.00266484
-0.00219562
-0.00197448
-0.00241489
-0.00190006
-0.00226528
-0.00223976
-0.00210193
-0.00269833
-0.00247764
-0.00233989
-0.00203799
-0.00148273
-0.00211969
-0.00228304
-0.0025521
-0.00255415
-0.00281798
-0.00111537
-0.00217089
-0.00160173
-0.00204565
-0.00211184
-0.00225531
-0.00225531
-0.00149296
-0.00292178
-0.00243565
-0.00248354
-0.00146743
-0.00222201
-0.00213542
-0.00230083
-0.00145721
-0.00195673
-0.00215505
-0.00272387
-0.0017398
-0.00178062
-0.00152607
-0.00168869
-0.00121328
-0.00172962
-0.00189003
-0.00170408
-0.00220225
-0.00181631
-0.00179595
-0.00252088
-0.00213542
-0.00156603
-0.00253647
-0.00263752
-0.00248362
-0.00189003
-0.0016814
-0.00182392
-0.00198224
-0.003304
-0.00345919
-0.00229077
-0.0017628
-0.00222201
-0.00170172
-0.0010794
-0.00134362
-0.000818554
-0.00161272
-0.00187478
-0.00220578
-0.00175513
-0.00174501
-0.00186457
-0.00257185
-0.00189003
-0.00189003
-0.00202783
-0.000912832
-0.00221422
-0.00215505
-0.00147257
-0.000778229
-0.00123489
-0.00192807
-0.00100298
-0.00207113
-0.00152124
-0.000609038
-0.00125675
-0.00245015
-0.00214744
-0.00108993
-0.000908926
-0.00182392
-0.00221336
-0.00183916
-0.00195897
-0.00231425
-0.00218042
-0.00223976
-0.00190774
-0.00088744
-0.00194337
-0.00219646
-0.00131427
-0.00200232
-0.000612503
-0.00127821
-0.00105747
-0.00207113
-0.00184936
-0.00158729
-0.00179845
-0.0025996
-0.00201774
-0.00261281
-0.0016814
-0.00207878
-0.00162781
-0.00110054
-0.00184936
-0.00179083
-0.0013661
-0.00204322
-0.00180362
-0.00214491
-0.0023317
-0.00204565
-0.00192555
-0.00141988
-0.00243565
-0.00190774
-0.00199998
-0.00110054
-0.00224541
-0.00199001
-0.00209411
-0.00216526
-0.00163062
-0.00217872
-0.00211952
-0.00193874
-0.00214252
-0.00286885
-0.00286885
-0.00236484
-0.00231401
-0.00231401
-0.00216526
-0.00213727
-0.00188506
-0.00214744
-0.00192834
-0.00210178
-0.00179083
-0.00188506
-0.00279251
-0.00218655
-0.00230626
-0.00102848
-0.00212965
-0.00172962
-0.00203552
-0.0013661
-0.00247875
-0.00266585
-0.00199998
-0.00229634
-0.00113023
-0.00288647
-0.00233943
-0.00207636
-0.00158729
-0.00263611
-0.00180609
-0.00264595
-0.00256973
-0.00236713
-0.00281608
-0.00160519
-0.002334
-0.0029626
-0.00264044
-0.00268123
-0.00170677
-0.00240021
-0.00186457
-0.00175513
-0.00241792
-0.00268865
-0.00211952
-0.00233943
-0.00212965
-0.00209411
-0.00195673
-0.0024246
-0.00177175
-0.00149296
-0.00149296
-0.00188506
-0.00163062
-0.00206099
-0.00132566
-0.00175977
-0.00263047
-0.00118013
-0.00173496
-0.0011228
-0.00151846
-0.00145217
-0.00167853
-0.00310912
-0.00146743
-0.00211952
-0.00229851
-0.002334
-0.00251881
-0.00244092
-0.00131816
-0.00157698
-0.00199224
-0.00213727
-0.0017628
-0.0012747
-0.00124164
-0.00169638
-0.00204322
-0.00148856
-0.00226528
-0.00183916
-0.00252665
-0.00180609
-0.00227089
-0.001582
-0.00229077
-0.00243439
-0.00174501
-0.00129268
-0.0015722
-0.00225323
-0.00140611
-0.00218086
-0.00218655
-0.00248548
-0.00197679
-0.0025521
-0.0018087
-0.00182138
-0.00135111
-0.00155154
-0.00165901
-0.00115117
-0.00234718
-0.00180609
-0.0016814
-0.00283561
-0.00161272
-0.00210946
-0.00202783
-0.0023417
-0.00211187
-0.00272197
-0.00169638
-0.00198451
-0.00187751
-0.00187751
-0.00217027
-0.00202546
-0.00178062
-0.00164853
-0.00206099
-0.00239793
-0.00221336
-0.00184176
-0.00263047
-0.00220578
-0.0016351
-0.00259731
-0.00211187
-0.00188996
-0.00345635
-0.00250408
-0.00198375
-0.00238487
-0.0029626
-0.00112599
-0.00155914
-0.00250903
-0.00233943
-0.00221601
-0.00175742
-0.00149296
-0.00175742
-0.0023494
-0.0024534
-0.00232954
-0.00248548
-0.00190017
-0.00147508
-0.00177297
-0.00151086
-0.00179595
-0.00179595
-0.00169186
-0.0021944
-0.00263821
-0.00263821
-0.00171423
-0.00245093
-0.00168889
-0.00156125
-0.00160998
-0.00167854
-0.00257754
-0.0030805
-0.00221336
-0.00221336
-0.00263611
-0.00231449
-0.00231449
-0.00126021
-0.00237482
-0.00245015
-0.00245015
-0.00194895
-0.00110795
-0.00168889
-0.00103152
-0.00210422
-0.00220578
-0.00194118
-0.00204093
-0.00167393
-0.00203717
-0.00220427
-0.00225531
-0.00216885
-0.00226106
-0.00149296
-0.00153636
-0.00172193
-0.00240021
-0.00275916
-0.00275916
-0.00151586
-0.00210422
-0.00210422
-0.00181631
-0.00225531
-0.00212965
-0.00215505
-0.00265586
-0.00265586
-0.00156183
-0.0017321
-0.00252665
-0.00124919
-0.00208644
-0.00223111
-0.00269123
-0.00231401
-0.00160519
-0.00305613
-0.00239253
-0.00104647
-0.00238322
-0.00238322
-0.00200441
-0.00240021
-0.00190774
-0.00300264
-0.00188506
-0.00218553
-0.00218553
-0.00192834
-0.00260505
-0.00199224
-0.00246101
-0.00227303
-0.00206867
-0.00225531
-0.00232954
-0.00249332
-0.00260505
-0.00260505
-0.00179845
-0.00258738
-0.00187224
-0.00212717
-0.00148273
-0.00206867
-0.00199224
-0.00202783
-0.00136906
-0.00189261
-0.00221209
-0.00221209
-0.001918
-0.00155427
-0.0019331
-0.00195897
-0.00170677
-0.00150327
-0.00222201
-0.00195844
-0.00178062
-0.00237721
-0.00194337
-0.00256973
-0.00223867
-0.00268123
-0.00138704
-0.00189261
-0.00207113
-0.00169398
-0.00272212
-0.0017195
-0.00061981
-0.00196672
-0.0014601
-0.00137961
-0.00168889
-0.00238251
-0.00211715
-0.0022865
-0.00281015
-0.00248354
-0.00252867
-0.00250117
-0.00154672
-0.00149296
-0.0028787
-0.00197448
-0.0017628
-0.00210193
-0.00206099
-0.00191046
-0.00187224
-0.00173731
-0.00163062
-0.00169638
-0.00124919
-0.00230626
-0.00207878
-0.00190774
-0.00231625
-0.00145267
-0.00136906
-0.00136906
-0.00143476
-0.00160241
-0.00172451
-0.00123123
-0.00133615
-0.00229634
-0.00232397
-0.00130772
-0.00185696
-0.00117357
-0.00118418
-0.00163813
-0.00166352
-0.00205209
-0.00199882
-0.00193585
-0.00245093
-0.00200637
-0.00168889
-0.00215769
-0.00188236
-0.00119893
-0.00167393
-0.00212717
-0.00175513
-0.00151072
-0.00141686
-0.00250408
-0.00165602
-0.00159484
-0.00135111
-0.0018672
-0.00140193
-0.0012169
-0.0011228
-0.00194622
-0.001918
-0.00192671
-0.00144221
-0.00123881
-0.00173731
-0.00182392
-0.00153918
-0.000829197
-0.00185696
-0.0011482
-0.000938201
-0.00211187
-0.00110054
-0.00217872
-0.00270457
-0.00265586
-0.00136906
-0.00136906
-0.00148542
-0.0018672
-0.00124957
-0.00246101
-0.00132538
-0.00154653
-0.00109737
-0.00173215
-0.00196121
-0.00141686
-0.00237482
-0.000768564
-0.00197623
-0.00179321
-0.00152124
-0.00173955
-0.00228079
-0.00162781
-0.00192291
-0.00130013
-0.00201187
-0.00102848
-0.00187478
-0.00175448
-0.00206099
-0.00147801
-0.00144845
-0.00226397
-0.00237482
-0.00117682
-0.0024246
-0.00188506
-0.00331356
-0.00194824
-0.00223976
-0.00250317
-0.00191046
-0.00209659
-0.00216266
-0.00210422
-0.00250903
-0.00219562
-0.00128224
-0.00239253
-0.00131816
-0.00185963
-0.00152121
-0.00216266
-0.00233943
-0.00260505
-0.00209659
-0.00105395
-0.00183154
-0.00138112
-0.00138112
-0.00203319
-0.00140193
-0.00157698
-0.00186166
-0.00221601
-0.00169638
-0.00166352
-0.00235712
-0.00182586
-0.00254452
-0.00241792
-0.00246101
-0.000714119
-0.0013482
-0.00172962
-0.00113767
-0.00177297
-0.00177297
-0.00209659
-0.00206867
-0.0028415
-0.00148856
-0.00209659
-0.00194895
-0.00210178
-0.00179013
-0.00240263
-0.00163813
-0.00239022
-0.00172171
-0.00181631
-0.00203552
-0.00184936
-0.00170388
-0.00170388
-0.00242802
-0.00256194
-0.00179595
-0.00150988
-0.00151846
-0.00250903
-0.00238487
-0.00133317
-0.00230853
-0.00130019
-0.0019331
-0.00219646
-0.00188506
-0.00212965
-0.00164105
-0.0018468
-0.0018468
-0.0018087
-0.00220578
-0.00220578
-0.00140503
-0.00312341
-0.00208135
-0.00141245
-0.00266358
-0.00148542
-0.00168889
-0.00219065
-0.00185963
-0.00185963
-0.00185696
-0.00212469
-0.00170238
-0.00231625
-0.00195371
-0.00270437
-0.00239253
-0.00153636
-0.00180111
-0.00232631
-0.00187751
-0.00226528
-0.00224753
-0.0018672
-0.00165602
-0.00160519
-0.00222201
-0.00197448
-0.00155715
-0.0017098
-0.00228856
-0.00238251
-0.00110795
-0.00223976
-0.00207636
-0.00233943
-0.00233943
-0.00180799
-0.00236713
-0.00236713
-0.00136906
-0.00230853
-0.00194066
-0.00193585
-0.00274957
-0.00156446
-0.00240263
-0.0017398
-0.00184176
-0.00170408
-0.00159484
-0.00258957
-0.00213727
-0.00162026
-0.00184176
-0.0017398
-0.00185963
-0.00252665
-0.00228304
-0.00204322
-0.00204322
-0.00180609
-0.00185963
-0.000941628
-0.00204322
-0.00129734
-0.00208644
-0.00176533
-0.0014706
-0.00245419
-0.00229313
-0.00128551
-0.00225753
-0.00299564
-0.00209659
-0.00156183
-0.00176533
-0.00165318
-0.00196451
-0.00156183
-0.00235944
-0.00219821
-0.00201247
-0.00230698
-0.00196672
-0.00117745
-0.00149296
-0.00212965
-0.00212965
-0.00182392
-0.00150332
-0.00229198
-0.00251689
-0.00217027
-0.00197679
-0.00176533
-0.00227303
-0.00111537
-0.00167103
-0.00176051
-0.00201774
-0.00262834
-0.00165602
-0.00249332
-0.00177049
-0.00217027
-0.00171423
-0.00119486
-0.00219821
-0.00237721
-0.00190017
-0.00158729
-0.00103152
-0.00236956
-0.00157974
-0.00184176
-0.00218042
-0.00287094
-0.00143476
-0.00188236
-0.00181631
-0.00240021
-0.00240021
-0.00239306
-0.00239904
-0.00261281
-0.00217555
-0.00133615
-0.00172962
-0.0011482
-0.00184936
-0.00149296
-0.00161272
-0.00162311
-0.00191561
-0.00177297
-0.001918
-0.00241792
-0.000912832
-0.00230853
-0.00167854
-0.00208897
-0.00231401
-0.00177049
-0.00263821
-0.0023317
-0.00199998
-0.000981575
-0.00205332
-0.00229077
-0.00217089
-0.00156183
-0.00211952
-0.00144188
-0.00175513
-0.0021944
-0.00244226
-0.00116217
-0.00116217
-0.00116217
-0.00116217
-0.00183154
-0.0023494
-0.00134362
-0.00134362
-0.00267354
-0.00226309
-0.00232397
-0.00115141
-0.00175513
-0.0017398
-0.00268123
-0.00146743
-0.00190774
-0.00179083
-0.00110795
-0.00236713
-0.00161272
-0.00161272
-0.00202546
-0.00220847
-0.00156183
-0.00164565
-0.00164565
-0.00145582
-0.00199462
-0.00199462
-0.00201003
-0.00183418
-0.00166352
-0.00166843
-0.00244226
-0.00190784
-0.00187478
-0.00230626
-0.00206099
-0.00206099
-0.00181631
-0.001918
-0.000385418
-0.00187478
-0.00201003
-0.00137961
-0.00105395
-0.00105395
-0.00201774
-0.00128979
-0.000992352
-0.00206867
-0.00226528
-0.00168442
-0.00229851
-0.00245994
-0.00154964
-0.00117682
-0.00185963
-0.00133317
-0.00218309
-0.00157974
-0.00169931
-0.00227303
-0.00155154
-0.00261281
-0.00204565
-0.00211952
-0.00237482
