0.00497892
0.00877658
0.00763755
0.00567716
0.00840914
0.00408425
0.00518385
0.00341846
0.0143813
0.00872796
-0.000390448
0.0034912
0.00399057
0.00497892
0.00538075
0.00485631
0.00145545
0.0106615
-0.000536669
0.00870261
0.00314072
0.011312
0.01032
0.00753871
0.0120836
0.0103692
0.00976665
0.00905657
0.00361519
0.0110668
0.0119607
0.0129037
0.00922963
0.0135143
0.00721882
0.00461028
0.00756363
0.00127856
0.0130264
0.0195508
0.0126075
0.00497892
0.00947494
0.0148629
0.0148629
0.00637488
0.00455992
-0.00274533
-0.0017782
0.00905657
0.00905657
-0.00108071
0.00383905
0.00709507
0.00681681
0.000333597
0.00386239
0.0131001
0.00987691
0.0160014
0.00824655
0.0112632
0.00835943
0.00734231
0.00366599
-0.00232676
0.0133036
0.00231949
0.000634385
0.00942603
0.0101236
0.0101236
0.00378935
0.0105653
0.0058734
0.0187045
0.0137975
0.0109439
0.00734231
0.00734231
0.0140428
0.00497892
0.0101236
0.00314072
0.00835943
0.0113601
0.00289508
0.00366599
0.00652159
0.00669426
0.00669426
0.00403529
0.00378935
0.0119109
0.00182734
0.00594671
0.00112952
-0.00267246
-0.000135402
0.0113933
0.00403529
0.00415786
-0.000186841
0.00702192
0.0017764
0.00492966
0.00272136
0.00359278
0.0122545
0.00187754
0.00165234
-0.00249874
0.00269851
-0.00314841
0.00480668
-0.000832999
0.00383905
0.0058734
0.00922963
0.00592223
0.00592223
0.00647101
0.00647101
0.00264838
-0.00777249
0.00301803
0.00889852
-0.000487721
0.0012286
0.00259752
0.00853189
-0.00135822
0.00622313
0.0164538
0.0142129
0.00219685
0.00100614
0.00219685
0.00219685
0.00314072
0.00100614
0.00100614
0.00550431
0.00212341
0.00212341
0.00314072
0.00497892
-0.000782587
-0.000782587
-0.00409265
0.00391245
0.00391245
0.00557732
-0.00712346
-0.0013092
-0.0013092
0.00592223
-0.00468789
-0.00468789
0.00741539
0.00562761
0.00721882
0.017065
-0.00356691
0.0097192
0.0097192
0.000284721
0.00917999
0.00917999
-0.00654891
0.00480668
0.00207394
0.00800374
0.00800374
0.000651753
0.000651753
0.00163061
0.00594671
0.00594671
-0.00809157
-0.00279625
-0.00617822
0.00301803
-0.00647628
-0.000536669
0.00187754
0.00538075
0.0100499
0.0075885
0.00361519
0.00455992
0.00455992
0.00366599
0.00105641
0.00545366
0.0058734
0.00117943
0.00448686
0.00448686
0.00388801
0.000184766
0.0033853
0.00840914
0.00277186
0.00455992
0.00455992
0.00227001
0.00227001
0.00522336
0.00304118
0.00195077
0.00689033
0.00681681
0.00592223
0.00592223
0.0102465
0.00538075
0.00212341
0.00212341
0.00497892
0.00455992
0.0124506
0.00485631
0.00823606
0.00157968
0.00157968
0.00592223
0.000480794
0.000480794
0.00333662
0.00706111
0.00170364
0.00170364
0.0032141
0.00575064
0.00575064
0.00706111
0.00567716
0.00455992
0.00455992
0.0148629
0.0085805
0.00182734
0.00606931
0.00606931
0.00609209
0.0102465
0.00550431
0.00828614
0.0110668
-0.00476023
0.0133927
0.0133927
0.0102465
0.00835943
0.00835943
0.0181276
0.00721882
0.00734231
0.00734231
0.00657145
0.00627444
0.00627444
0.0159529
0.0123285
0.0123285
0.0017764
0.00463271
0.00639815
0.00639815
0.0168689
-0.00135822
-0.00135822
-0.000832999
0.00853189
0.00840914
0.00823606
0.00584828
0.00301803
-0.00279625
-0.00160405
-0.00160405
0.00681681
0.00803933
0.000882483
-0.00610528
0.00721882
0.0105653
0.00112952
0.00468343
-0.000586351
0.00492966
0.00410852
0.00301803
0.00301803
0.00267013
0.011312
0.00117943
0.00383905
0.0128544
0.00783362
0.014091
0.00333662
0.00333662
0.0059959
0.00664477
0.00664477
-0.00508726
0.00023511
0.000284721
0.00170364
0.00562761
0.00579983
0.00647101
0.0102465
0.00964502
0.00147312
0.00693909
0.00301803
0.00117943
-0.00717437
0.00306706
0.00142468
0.00937639
0.00746554
0.011312
0.00100614
0.00157968
-0.000782587
0.0063472
-8.46967e-05
-0.00356691
0.00751495
0.00142468
0.00142468
0.00040733
0.00040733
0.00200061
0.00468343
0.00182734
-0.00247623
0.00142468
0.00264838
0.00853189
0.00853189
0.00575064
0.00473342
0.00473342
-0.00185093
0.0109439
0.0146911
0.00848254
-0.0012776
0.00398559
-0.000536669
-0.000956721
0.00882446
0.00628784
0.00505238
0.0101236
0.0149367
0.0149367
0.00676768
0.00853189
0.00751495
0.0102954
0.00408425
0.00492966
0.00492966
0.0136008
0.00259752
0.0103692
0.0059959
0.00543104
0.00798852
0.00798852
0.00497892
0.00473342
0.00657145
0.00657145
-0.00160405
0.000161846
-0.00540678
0.00244186
0.00930314
0.00930314
-0.00165453
0.00579983
0.00731838
0.00130219
-0.000709543
-0.000709543
0.00657145
-0.00153112
-0.00153112
0.00142468
-0.000586351
0.00639815
0.00976665
0.00391245
0.0058734
0.0058734
0.0034912
0.00984093
-0.00254893
0.00620142
-0.00267246
0.00318939
0.00318939
0.00282162
0.00555423
0.00555423
-0.00508726
0.000859838
-0.000979157
0.00423119
0.00657145
0.00318939
0.00639815
-0.00274533
0.00543104
0.00644837
-0.000709543
-0.00185093
0.00309131
0.00175421
0.00175421
0.0122062
0.00746554
0.00746554
0.00333662
-0.00356691
0.00492966
0.00231949
-0.00267246
0.00775988
-0.00570633
-0.00240379
3.87073e-05
0.00403529
0.00480668
-0.00426531
-0.00426531
0.00105641
0.00306706
-0.000905944
-0.000905944
-0.00560335
-0.00672494
-0.00585927
0.00117943
0.0148629
0.0123021
0.000882483
-0.00307498
-0.00205748
0.00669426
-0.00916032
-0.00443971
-0.00889127
-0.00399072
-0.00172736
0.000308106
0.000308106
0.00117943
-0.00215082
0.00455992
0.00455992
0.00657145
0.00105641
0.00415786
-0.00235286
-0.00235286
-0.00426531
0.00195077
0.0017764
-0.00476023
-0.0118746
-0.00160405
-0.00160405
0.00455992
-0.0104129
-0.00433832
-0.00826544
-0.000782587
-0.00356691
-0.00356691
-0.00446155
0.00555423
-0.00421535
0.00478268
0.00231949
-0.00135822
-0.00312451
0.00105641
-0.000586351
-0.00254893
0.00182734
0.00575064
-0.00337067
0.00117943
-0.0104065
-0.0104065
-0.0104065
0.00391245
-0.00528333
-0.00729825
-0.00356691
-0.00356691
-0.00516015
-0.0131719
-0.00849705
0.00301803
-0.00274533
-0.00516015
-0.00916032
-0.00916032
-0.00242567
0.00420646
0.00669426
0.00277186
0.00289508
0.00149809
-0.0028479
0.000758566
0.0058734
0.00485631
0.00497892
-0.00635235
0.00187754
0.000480794
0.00100614
0.000111871
-0.000979157
0.00403529
-0.00446155
-0.00660047
0.0103692
0.0108434
0.00202374
0.00644837
0.00882446
-0.000114515
0.00182734
-0.0012851
-0.0012851
-0.0012851
-0.00615612
-0.00615612
-0.001481
-0.00327089
-0.000340763
-0.000340763
0.00350719
0.00350719
0.00227001
-0.00414225
-0.00598215
0.00222438
0.00693909
-0.00108071
0.00105641
0.00105641
-0.00369055
0.00686519
0.0010164
0.00296826
0.00296826
-0.00140798
-0.0013092
-0.0013092
0.00649785
-0.00433832
-0.0151361
-0.0151361
0.00309131
-0.00349415
-0.0110011
-0.00242567
0.00304118
0.00383905
0.00383905
0.00473342
0.00410852
0.00117943
0.000358084
0.00301803
-0.000536669
-0.000536669
0.00967102
0.00798852
0.0090785
0.0150591
0.00023511
-0.00332041
0.00967102
0.00420646
0.00219685
0.00219685
0.00657145
0.00910657
0.0114342
0.0101236
0.00835943
0.00828614
0.00828614
0.00681681
-0.00516015
0.0106137
0.00870261
-0.00304463
0.00105641
0.00105641
0.00391245
-0.0053341
0.00231949
0.00231949
-0.00705075
0.0106615
0.00256397
0.00256397
0.00443614
0.00718286
-0.00165453
-0.0125011
0.00227001
0.00227001
-0.00484149
-0.0160251
-0.0160251
-0.0126361
-0.0129456
-0.00431601
0.000308106
-0.00342166
-0.00540678
-0.00540678
-0.00610528
-0.00426531
0.00567716
-0.00451224
0.0122798
-0.00123571
0.00142468
-0.00869537
-0.0121535
-0.013716
-0.00426531
0.00259752
0.00259752
-0.00421535
-0.00324746
-0.00324746
-0.0117304
-0.00242567
0.0043284
0.0043284
-0.0117507
-0.001481
0.00112952
-0.000659496
-0.00959029
-0.00959029
-0.00431601
-0.0143426
-0.0143426
-0.00554126
-0.0107837
-0.0167095
0.00100614
-0.0227845
-0.00806904
-0.00705075
-0.00254893
-0.0135198
-0.00491458
-0.00491458
-0.0135198
-0.00508726
0.00275938
-0.0053341
-0.00319757
-0.0115038
-0.0115038
-0.0114536
-0.0171519
-0.00829692
-0.0133239
-0.021784
-0.017955
-0.0132725
-0.00165453
-0.00700021
-0.0139722
-0.0125733
-0.01561
-0.01561
-0.00976515
-0.00210694
-0.0140954
-0.0116587
-0.00990973
-0.0123774
-0.00412011
-0.0177792
-0.0177792
-0.00705075
-0.00757675
-0.00394651
-0.00680431
-0.00680431
-0.00946718
-0.000844894
0.00115136
-0.00518953
-0.00665928
-0.00876785
-0.00876785
-0.00881889
-0.00382387
-0.00342166
0.00423119
-0.00222977
-0.00406941
-0.00406941
-0.0122335
-0.00772859
-0.00876785
-0.00787298
-0.0106401
-0.00817246
-0.00951793
-0.00934433
-0.00934433
-0.00412011
-0.00889127
-0.00959029
-0.00959029
-0.0102898
-0.00620768
-0.00620768
-0.0102898
-0.00506578
-0.0110322
-0.0110322
-0.00919105
-0.0105878
-0.00648608
-0.00648608
-0.0130769
-0.00489153
-0.00489153
-0.0182037
-0.0124291
-0.0120586
-0.00890453
-0.0200961
-0.0187415
-0.0187415
-0.00521232
-0.0113762
-0.000347221
0.00137548
0.00929045
-0.00795219
-0.0218123
-0.00172552
0.000550698
-0.00595111
-0.00537933
-0.0117746
-0.0125308
-0.0125308
-0.012461
0.00207297
-0.00162888
-0.00353948
0.000281275
-0.0107382
-0.0107382
-0.0104398
-0.0117531
-0.0117531
6.68907e-05
-0.0148991
0.00268232
0.00268232
-0.0108377
-3.24507e-05
-0.00414191
-0.00213073
-0.00111616
-0.00257875
-0.0140549
-0.0104754
-0.00565646
-0.00565646
0.00543518
0.00282123
0.000501809
0.000501809
0.000343118
0.000328635
-0.0271637
-0.0163829
-0.0160856
-0.0160856
-0.00649614
-0.0106401
-0.0114629
0.00761162
-0.007226
-0.010889
-0.010889
-0.0049938
-0.00817246
-0.00817246
0.00115136
-0.00976515
-0.00702994
-0.00702994
-0.0079764
-0.0153956
-0.00247623
-0.0079764
-0.0104641
-0.0104641
-0.0136963
-0.013376
-0.00671056
-0.010516
-0.00735887
-0.00735887
-0.00969326
-0.009924
-0.0124291
-0.00594003
-0.0123574
-0.0206408
-0.0206408
-0.0115345
-0.0170601
-0.0200293
-0.0288736
-0.0213926
-0.0113389
-0.00233162
-0.0154668
-0.0252747
-0.017831
-0.0145192
-0.0280491
-0.0280491
-0.017363
-0.0143233
-0.0100664
-0.0189026
-0.0105878
-0.0105878
-0.0178835
-0.0157934
-0.0173091
-0.00720676
-0.0216936
-0.0175121
-0.0246108
-0.023537
-0.0201002
-0.0201002
-0.0168645
-0.0134478
-0.0114312
-0.0114312
-0.00994173
-0.0254519
-0.0254519
-0.0171845
-0.0177073
-0.0177073
-0.00969326
-0.0183285
-0.0115345
-0.0110917
-0.0110917
-0.00894268
-0.00894268
-0.0215164
-0.0241123
-0.0216936
-0.0206742
-0.0269757
-0.0215692
-0.0215692
-0.0106598
-0.021321
-0.0136248
-0.0136248
-0.0160411
-0.0180078
-0.0107644
-0.0206212
-0.0178835
-0.0244321
-0.0167406
-0.0152896
-0.0160411
-0.0217649
-0.0205499
-0.0205499
-0.0147954
-0.0216936
-0.028174
-0.024361
-0.00849981
-0.0170601
-0.0135003
-0.0150223
-0.0163086
-0.0205499
-0.0205499
-0.00969326
-0.0124291
-0.0215692
-0.0196735
-0.0128555
-0.0146438
-0.0190271
-0.0199043
-0.0197795
-0.0107117
-0.0144478
-0.0203735
-0.0187784
-0.0200293
-0.0125011
-0.0125011
-0.0124291
-0.0106401
-0.0188501
-0.0227671
-0.0181864
-0.0247361
-0.0247361
-0.0163613
-0.0151999
-0.0199752
-0.0221647
-0.0112869
-0.0111126
-0.0111126
-0.0162369
-0.0152896
-0.0152896
-0.0113589
-0.0170601
-0.0186545
-0.0142707
-0.0224643
-0.0264006
-0.0194781
-0.0151465
-0.0190271
-0.0135003
-0.0150938
-0.0150938
-0.00892319
-0.0136784
-0.00625999
-0.00988915
-0.00988915
-0.00904771
-0.00334945
-0.0079764
-0.00454403
0.00535015
-0.0075817
-0.0075817
-0.0127306
-0.00974584
0.00405845
-0.00240379
-0.00513803
-0.0107117
-0.00601179
-0.00601179
0.00127495
0.00463271
0.0019728
-0.00143542
-0.00503723
-0.00906674
-0.00906674
-0.00665277
0.00296826
-0.000832999
-0.015788
-0.00759954
-0.00759954
-0.00779643
-0.00451224
-0.00182979
-0.000363779
0.00361519
0.00709507
0.00709507
0.00165234
0.00125264
-0.00252581
0.00644837
-0.00172736
-0.00369055
-0.00369055
-0.00113258
-0.00304463
-0.00949409
-0.00996121
-0.00647628
0.00373892
0.00373892
-0.0110322
0.00127856
-0.0012776
0.00309131
0.00410852
-0.00605518
0.00622313
0.000955129
0.00125264
0.00125264
0.00418779
0.00562761
9.71951e-06
-0.00570633
-0.000114515
0.000758566
0.000758566
-0.00120496
-0.00553049
-0.00824448
-0.00824448
-0.00553049
-0.000186841
-0.00332041
0.00492966
8.18777e-05
0.00753871
0.00627444
0.00627444
0.00296826
0.0019002
-0.00849348
0.00746554
-0.00317477
0.00403529
6.11621e-05
-0.00528333
-0.00158197
-0.00158197
-0.00190214
0.000654361
0.000654361
-0.000463425
0.00345888
-0.00247623
-0.00222977
-0.00153112
-0.00324746
-0.00324746
0.00291776
-0.0121759
0.00272136
-0.00292031
0.000758566
-0.000636767
0.00783362
-0.00140798
0.00125264
-0.000956721
-0.00108071
-0.0135198
-0.0124497
-0.0128736
-0.00806904
-0.0206408
-0.0135198
-0.0105362
-0.00745646
-0.00745646
-0.0100335
-0.00906674
-0.00976515
-0.0146438
0.00450883
-0.00705075
-0.00705075
-0.0098373
-0.00456367
-0.00794557
-0.00869537
-0.00153112
-0.00344353
0.00279408
-0.0115547
-0.000956721
-0.000636767
-0.0053341
-0.00806904
-0.00235286
-0.00235286
-0.00767724
-0.000884145
0.00606931
-0.000709543
0.00480668
-0.000218367
-0.00190214
0.000380833
0.00221981
0.00470522
-0.00767724
-0.000760323
-0.000760323
-0.00842165
-0.0129984
-0.0129984
-0.000659496
0.00234291
-0.010138
-0.00640391
-0.00913891
0.00423119
0.00507557
0.00182734
-0.00329809
0.0013755
-0.00431601
-0.00145846
-0.000636767
-0.000463425
0.00500275
-0.00640391
0.00358087
0.00202374
0.000308106
0.0096221
0.00272136
0.00823606
-0.00824448
0.000111871
-0.00792432
0.00214701
0.000955129
0.00172474
0.00816286
0.00207394
-0.00443971
-0.00140798
-0.000884145
0.00296826
0.0104428
0.00644837
0.00644837
0.00115136
-0.00254893
-0.00254893
-0.00971366
-0.00645621
0.00664477
-0.0017782
-0.0104595
0.00043118
0.000184766
0.000133689
-0.00344353
-0.00603262
-0.000390448
0.00386239
0.00386239
-0.000832999
-0.00906674
-0.000463425
-0.000463425
0.00259752
0.00771119
-0.000760323
0.000257393
0.0019002
-0.00242567
-0.00386618
-0.00424364
0.0146411
0.0141651
0.00272136
-0.00242567
0.00582384
0.00582384
0.0113367
-0.00556237
-0.00556237
0.000626916
0.0019728
0.0124506
0.00899686
0.0096221
0.00654359
0.00652159
0.0133448
0.0133448
0.00967102
0.00492966
0.00949938
0.00949938
0.00664477
0.0151813
0.00930314
0.00930314
0.00378935
0.0121571
0.0121571
0.00410852
0.00582384
0.00785767
0.00234291
0.00654359
0.0142389
0.0101969
0.00867861
0.00582384
0.00582384
0.00867861
0.00708607
0.00708607
0.00426028
0.00102751
0.0147868
-0.00170575
0.0104428
0.0205398
0.0205398
0.0103692
0.0147141
0.0147141
0.0195263
0.0112868
-0.000513475
0.0159529
0.01027
0.00867861
0.0103932
0.00547454
0.00547454
0.01032
0.0167971
0.0103692
0.0109161
0.0072918
0.0140672
0.0140672
0.0192797
0.0104428
0.00684084
0.00684084
0.00989904
0.0128043
0.0128043
0.00249359
0.0121073
0.011984
0.011984
0.00328722
0.00857771
0.00857771
0.00766177
0.0121571
0.00957245
0.00957245
0.00458125
0.0136624
0.0157075
0.00452905
0.00708607
0.011984
0.011984
0.00423119
0.00378935
0.00378935
0.00823606
0.00565005
0.0131736
0.0131736
0.00977484
0.00221981
0.00221981
0.0207141
0.0148375
0.00547454
0.00966983
0.00731289
0.0184598
0.00641969
0.0112137
0.00621531
0.00500275
0.0103429
0.0103429
0.0128772
0.0119331
0.0176902
0.018437
0.00463271
0.0118604
0.0101969
0.0108434
0.00545366
0.00545366
0.0179112
0.013821
0.0107118
0.0119331
0.00545366
0.0103932
0.00711633
0.0145175
0.00731289
0.00376006
0.00241554
0.00241554
-0.00391863
-0.00391863
0.00641969
0.0111635
0.0113367
0.0164776
0.0165274
0.0160264
0.0160264
0.00125264
0.00622313
0.00463271
-0.000114515
0.00577355
0.00413105
0.00179687
-0.00650924
0.0186332
0.0186332
0.01027
0.00577355
0.00577355
0.0019728
-0.0044196
0.00458125
0.00731289
-0.00158197
-0.00158197
-0.00881889
-0.00240379
0.00724055
0.00724055
0.00676768
0.00480668
-0.0017577
0.00505238
0.000111871
-0.00150969
0.0131736
0.0032141
0.00823606
0.00823606
-0.00297232
0.00127495
-0.00342166
-0.00342166
0.00370779
-0.00158197
0.00224364
-0.00461583
0.00286653
-0.00633182
0.00304118
0.00458125
-0.000564259
-0.000564259
-0.00153112
-0.00334945
-0.00240379
-0.00240379
0.0082578
0.0019002
0.00356366
-0.00302507
0.00559866
0.00102751
-0.00170575
0.00286653
-0.00735025
-0.00735025
-0.000811838
-0.00277576
-0.000390448
0.00552629
-0.00342166
-0.0119793
-0.0119793
0.0035114
0.000205947
0.00214701
0.00214701
0.00477747
0.00545366
0.00423119
0.00221981
-0.00297232
-0.000760323
0.00577355
0.00100614
-0.00424364
-0.00424364
-0.00658087
-0.00550977
-0.0098373
-0.0098373
0.00209644
0.0073645
0.0112137
-0.00100823
0.00696359
-0.0101913
-0.0101913
-0.0028479
0.00403529
0.00540227
0.00582384
0.00405845
0.00594671
0.00850522
0.0121073
0.00455992
0.00455992
0.0101466
0.0142871
0.00860538
0.00366599
-0.0053341
0.0105952
0.0105952
0.00277186
0.00957245
0.00957245
0.00107888
-0.00319757
0.00023511
0.00139827
0.00428016
0.00214701
-0.00879744
0.0046599
-0.00185093
-0.00185093
-0.00921136
0.00398559
0.00398559
-0.000760323
-0.00521055
-0.00528333
0.0043284
-0.00545791
0.00803933
0.00620142
0.00179056
-0.0098373
0.00107888
-0.00369055
0.0133184
0.00485631
-0.00111346
-0.021191
-0.021191
-0.00938761
6.11621e-05
-0.00165453
-0.0098373
0.00170364
-0.00279625
0.00289508
-0.00443971
0.00309131
0.00828614
0.00766177
0.00187754
-0.00369055
-0.00426531
-0.000463425
0.00550431
0.000308106
0.00289508
0.00771119
0.0015469
0.0015469
-0.00901496
-0.00160405
0.00775988
0.00207394
-0.00468789
-0.00468789
0.00562761
0.0017764
0.0115081
0.00575064
0.00575064
-0.00635235
-0.000291811
0.00532973
0.00125264
-0.00906674
-0.0052333
-0.0037419
-0.0037419
-0.00717437
0.00272136
0.00272136
0.0022967
0.00214701
0.0148629
0.00461028
-0.00153112
0.0111404
0.0111404
9.71951e-06
0.013057
0.0114342
0.0058734
-0.00140798
-0.00106048
-0.00106048
0.00860538
0.0043325
-0.000463425
-0.000463425
0.00391245
0.00221981
0.00604436
0.0058734
0.000882483
0.00314072
-0.00528333
-0.00217994
-6.27071e-05
0.0032141
-0.000956721
0.00398559
0.000480794
0.00468343
0.000111871
0.00800374
0.00676768
0.0101236
-0.00406941
0.00652159
-0.00438864
0.00144855
-0.000440867
-0.00558199
0.00328722
0.00480668
0.00480668
0.0151328
-0.000586351
0.00986676
0.00186428
0.00835943
0.0144828
0.00381159
0.00381159
0.0198688
0.0178848
0.00492966
-0.00123571
-0.00123571
-0.00225322
-0.00824448
-0.000267687
-0.000267687
-0.00469613
-0.00419258
-0.00230267
0.00753871
-0.0053341
0.00803933
0.00803933
0.00570071
-0.0017782
-0.0017782
-0.00438864
-0.00812038
0.0032141
0.0096221
0.000831112
0.00500275
0.00500275
0.0032141
-0.00521055
-0.00717437
-0.00165453
0.00647101
0.0032141
0.0123285
-0.0012572
0.00500275
0.00500275
0.00296826
0.00510128
-0.00160405
-0.00160405
-0.00583688
0.00296826
0.00249024
-0.0104854
-0.0067058
-0.0067058
0.0120341
-0.00292031
0.00480668
-0.00247623
0.00301803
-0.00692739
0.0058734
0.000955129
-0.00717437
-0.00344353
-0.00647628
0.00202374
-0.000936025
0.00405845
0.000553989
-0.00622868
0.00267013
0.00487967
-0.00312451
0.00239275
0.00676768
-0.000956721
0.00373892
0.00373892
-0.00812038
0.000504007
-0.00769943
-0.00769943
-0.001481
-0.00116248
-0.00617822
0.00110595
0.0116301
-0.0101576
-0.000586351
-0.00754681
-0.00817246
0.00872796
0.00418149
-0.00135822
0.00391245
-0.00172736
0.00575064
0.0072918
0.00336694
-0.00513803
0.00023511
0.00540227
0.00157124
-0.00153112
-0.00640391
0.00291776
0.00746554
0.00691373
0.00333662
0.00463271
0.00463271
0.00251523
-0.00342166
0.0019002
0.00192113
0.00611814
-0.00521055
0.00812528
0.0104916
0.00182734
0.00182734
0.00373892
0.00912961
0.00912961
0.0122062
0.00309131
0.00291776
0.00291776
-0.00545791
0.00249359
6.11621e-05
-0.00259985
0.0102465
-0.00153112
-0.00153112
0.00423119
0.00582384
-6.27071e-05
-0.00705075
-0.00817246
-0.00620768
-0.00620768
0.0032141
-0.00876785
-0.0123264
-0.000905944
0.00309131
0.00309131
0.000284721
-0.00710202
-0.00486527
-0.00254893
-0.00254893
-0.0160095
-0.00782237
-0.00193528
0.00227001
-0.00978619
0.00279408
0.00279408
0.00291776
-0.00503723
-0.00503723
0.00514944
-0.0115547
-0.0046361
-0.0046361
-0.00521055
0.00480668
0.00480668
0.00582384
-0.000782587
0.00246575
-0.00337067
-0.00347339
-0.00737076
-0.00235286
-0.00140798
0.0043536
-0.00424364
0.0019002
0.00410852
0.00848254
0.00333662
-0.00603262
-0.00705075
-0.00705075
-0.00735025
-0.0044915
-0.00369055
-0.00369055
-0.00615612
-0.00135822
-0.00812038
-0.0100854
0.0017764
-0.000687916
-0.00259985
-0.00521055
-0.00160405
-0.00160405
-0.00300183
-0.00990973
-0.00990973
0.00471922
-0.00356691
-0.00622868
-0.00622868
-0.00451224
-0.0012851
-0.0012851
-0.0154138
-0.0118024
-0.00839917
0.00112952
-0.0169329
-0.0106598
-0.0106598
-0.0067545
0.00043118
-0.00603262
-0.00496425
0.0116301
-0.00267246
0.0013755
0.0013755
-0.00735025
0.00284495
0.00696359
0.00299031
0.00254592
-0.007226
-0.00140798
0.00135099
-0.0118024
-0.00158197
-0.00794557
0.00309131
-0.00635235
-0.00842165
0.00505238
0.00532973
-0.00247623
0.00195077
0.00562761
0.00517483
0.00373892
-0.00545791
0.00698711
0.00331144
0.00647101
0.00954866
0.00954866
0.00942603
0.00880129
0.00461028
0.00254592
0.00405845
0.00838164
0.00838164
0.000358084
0.00430426
0.00430426
0.00912961
0.00716794
0.00716794
0.00279408
0.0122798
0.00361519
0.00361519
-0.00337067
0.00669426
0.00669426
0.00214701
0.0018489
0.00594671
0.00207394
-0.0012572
-0.00014519
-0.00170575
0.00326314
0.010761
0.00443614
0.0013755
0.00428016
0.000184766
0.00877658
0.00848254
0.00925313
0.00925313
0.000773567
0.00855567
0.00855567
0.00487967
0.00239275
0.0152062
0.00487967
0.000133689
-0.007226
-0.007226
0.00806124
-0.0121759
0.00100614
0.00676768
0.00279408
0.00468343
-0.00526168
0.00594671
0.00172474
-0.00261135
0.0160014
0.0090785
0.0113858
0.00438469
-0.00240379
0.0044022
0.00144855
-0.000936025
-0.000832999
0.00244186
0.0013755
-0.000564259
-0.00222977
-0.00222977
0.00480668
-0.00349415
0.00575064
0.00575064
-0.000340763
0.00165234
0.00165234
0.00345888
0.00601974
0.00517483
0.00120237
0.0122304
0.0097192
0.0097192
-0.000536669
-0.000167056
0.000111871
-0.00620768
0.00214701
-0.00366962
-0.00366962
0.00179687
0.00867861
0.0104428
0.00132559
0.0132962
0.00575064
-0.000760323
0.0117519
0.011984
0.00291776
0.00468343
0.011984
-0.00198437
0.00967102
0.0110906
0.00582384
-0.0029534
0.00575064
-0.00210694
0.00860538
0.000504007
0.00664477
0.00664477
-0.00389691
0.0103932
0.0103932
0.00949938
0.0109439
0.0149367
0.0149367
0.0139939
0.00562761
0.00843246
0.00234291
0.00664477
0.00676768
0.00565005
-0.00190214
0.00684084
0.0133927
0.00708607
0.00582384
0.000308106
0.00286653
0.00286653
0.0120341
-0.000782587
-0.00794557
-0.00121224
0.00309131
0.0130508
-0.000513475
0.000133689
0.0123532
0.0123532
0.00778457
0.00505238
0.00937639
0.00753871
0.00932601
0.004457
-0.000239014
0.00463271
-0.0017782
-0.000884145
-0.00272374
0.000308106
0.00594671
0.00659455
0.00345888
0.00345888
0.00475632
0.00684084
0.000184766
0.000184766
-0.00265151
0.0115817
0.0112868
0.00316433
0.00291776
0.00291776
0.0110906
0.0180332
0.01032
-0.0017782
0.00405845
0.00107888
0.00107888
0.00925313
-0.00545791
-0.0028479
-0.0028479
0.00107888
0.0097192
0.0097192
-0.00431601
0.000257393
0.01032
-0.00489153
0.0018489
-0.000988638
-0.000988638
-0.0018821
-0.000884145
-0.000884145
0.0058734
-0.000114515
0.00786435
0.00786435
0.00565005
0.000257393
0.017247
0.0135143
0.00811242
0.00582384
0.00582384
0.0131488
0.00423119
-0.000586351
0.0114342
0.00463271
0.00279408
0.00279408
0.00043118
0.00949938
0.00806124
0.00783362
0.00219685
0.00120237
0.0120568
0.00562761
0.0032141
0.0032141
0.0151813
-0.000884145
-0.000884145
0.00885027
0.0059959
0.0120568
0.00311383
0.0075885
0.0075885
0.00393515
-0.000636767
0.0112632
0.00410852
0.00279408
0.00132559
-0.00578641
-0.00578641
0.00272136
0.0017764
0.0017764
0.00594671
0.00594671
0.00443614
0.00284495
-0.00290028
0.00296826
0.00296826
0.00594671
0.00679062
0.00818525
0.00309131
0.00753871
0.00368776
0.00689033
0.00475632
-0.00133522
0.00557732
0.00117943
-0.00538559
0.00577355
0.00107888
-0.000586351
0.00659455
0.00957245
0.000955129
0.00835943
0.00835943
0.00570071
0.0175438
0.015255
0.015255
0.000257393
0.00540227
0.00540227
0.00373892
0.00492966
0.00492966
0.00234291
0.00455992
-0.00705075
0.00699184
0.0032141
-0.00165453
0.00684084
0.00299031
0.0096221
0.000380833
0.0109312
0.0109312
-0.00627988
0.00172474
0.00557732
0.00386239
0.00239275
0.00925313
0.0105653
-0.00461583
0.00386239
-0.00272374
0.00517483
0.00664477
-0.00170575
0.00393515
-0.000709543
-0.000709543
-0.000340763
0.00221981
0.00251523
-0.00297232
0.011312
0.00100614
-0.00588341
-0.0053341
0.00753871
0.00954866
0.00704382
0.00120237
0.00639815
-0.00386618
-0.00386618
-0.00247623
0.00552629
0.00500275
-0.000390448
0.00684084
0.00473342
0.00619164
-0.0053341
-0.00153112
-0.000832999
0.00570071
0.00227001
-0.00461583
-0.00133522
-0.00133522
0.00594671
0.00492966
-0.000586351
0.00448686
0.000955129
0.00391245
0.00391245
0.00227001
0.00388399
-0.00735025
0.00115136
0.00570071
-0.00242567
0.00127495
0.00413105
-0.0116784
-0.00769943
9.71951e-06
-0.000760323
-0.000760323
0.00090339
-0.00526168
-0.00526168
0.0043536
0.00227001
-0.00165453
0.00766177
-0.000586351
-0.00277576
-0.00100823
0.0103692
-0.00140798
-0.00729825
0.00532973
-0.00140798
0.00227001
0.00204513
0.0116551
0.000509938
0.000509938
0.00838164
-0.00384804
0.011984
0.0105397
0.0119109
0.00398559
0.00577355
0.00689033
0.00147561
0.00575064
0.00746554
-0.00906674
0.00209644
0.00816286
0.00840914
0.00430426
0.00284495
0.00284495
0.00386239
0.00689033
0.00505238
0.0019728
0.0019728
0.00309131
0.00552629
0.00559866
0.00405845
0.0073645
0.00149809
0.00149809
0.00557732
-0.00767724
0.00850522
0.00850522
0.00386239
0.00418149
0.00418149
-0.00414225
0.00500275
-0.00474042
-0.00474042
0.0103932
0.00545366
0.00937639
0.0035322
0.00641969
0.00328722
0.00679062
0.00930314
0.00512556
0.00512556
-0.00384681
0.00981784
0.00572252
0.00572252
0.00356366
0.0018489
0.000257393
0.00778457
0.00356366
0.0075885
-0.00812038
0.0128043
-0.00354551
0.00912961
-0.00501465
-0.000636767
0.00482894
-0.00812038
-0.00812038
0.00746554
-0.000811838
0.0103932
0.00570071
0.011984
0.00172474
0.00487967
0.00659455
0.00470522
0.00778457
0.00949938
0.00172474
0.0133198
0.0133198
-0.00419258
0.00802936
-0.00133522
0.0103932
0.00937639
0.00932601
0.00932601
0.00641969
0.00557732
-0.000811838
-0.00513803
0.00214701
0.00107888
0.00925313
0.00741539
0.00378935
0.00336007
0.0158304
-0.00443971
0.0116636
-0.00257954
0.00812528
0.00954866
0.00954866
0.00957245
0.0019002
0.00378935
0.00107888
0.0100736
-0.000956721
0.00373892
0.00381159
0.00381159
0.00475632
0.01032
-0.00438864
0.0131001
-0.00856558
0.00152801
0.00152801
0.00783362
0.00468343
0.00853189
0.00594671
0.00843246
0.00487967
0.00289508
0.00470522
0.00495238
0.00480668
-0.00242567
0.0063472
0.00381159
0.00381159
0.0019728
-0.00881889
0.00120237
0.000480794
0.00107888
-0.00615612
0.00746554
0.00664477
0.00659455
0.0122798
0.00552629
0.00766177
-0.00195409
-0.00799655
0.0104661
-0.00633182
0.00259752
-0.00153112
-0.00468789
0.0121073
-0.00235286
0.00795579
0.00204513
0.0118604
0.00785767
-0.00468789
0.00127495
0.00127495
0.00314072
-0.00496425
-0.00645621
0.014814
0.00179687
0.00917999
0.00917999
-0.00104014
0.0035114
0.0132226
0.00361519
0.011984
0.00144855
0.00783362
0.00848254
0.0142871
0.018437
0.00671783
-0.000884145
0.01032
0.00284495
-0.0109078
0.00291776
0.00912961
0.00475632
0.00676768
0.0055406
0.00676768
0.0058734
0.0157567
0.0157567
-0.00106048
0.00562761
0.0172131
0.00944936
0.00711633
0.00932601
0.00112952
0.00641969
0.00398559
0.00356366
0.00127495
0.00112952
-0.000636767
0.00647101
-0.00901496
-0.00901496
0.00165234
0.00221981
0.00120237
0.00120237
0.00410852
0.00202374
0.00202374
0.00492966
0.0096221
0.00497892
0.00497892
0.0103932
0.00835943
0.00835943
0.00570071
0.00900583
0.00900583
0.000184766
0.00565005
0.00405845
0.00316433
0.0131239
-0.000114515
0.000257393
0.0107356
0.00738496
0.00227001
-0.00172736
-0.00100823
0.00957245
0.00480668
-0.00100823
0.00234291
0.00577355
-0.0119266
-0.000390448
-0.00812038
0.000453291
0.00626488
0.00450883
-0.000832999
0.0018489
0.00850522
-0.0121042
0.0034912
0.00570071
0.00368776
0.0142389
0.0106137
0.00468343
0.00328722
0.00328722
-0.000884145
0.00107888
0.00512556
0.00316433
0.000184766
0.00594671
0.00696359
0.00304118
0.00954866
0.00954866
0.00575064
0.00855567
-0.000513475
0.00495238
-0.00951793
-0.00349415
-0.00349415
-0.00366962
0.0019728
0.00328722
0.000504007
0.00316433
0.000329752
0.000329752
-0.00615612
0.00545366
0.00304118
0.00304118
0.00696359
-0.00210694
0.00676768
-0.00185093
0.00107888
-0.00145846
0.00418149
-0.00342166
-0.00185093
0.00273346
-0.00633182
-0.000760323
-0.00334945
0.00565005
0.00773478
-0.00133522
-0.00133522
0.00557732
-0.0105878
0.00115136
0.00115136
0.00209644
0.00565005
0.00480668
0.00231949
0.000882483
0.00659455
0.00716794
0.000308106
-0.0012851
0.00482894
0.00470522
-0.00521055
-0.00521055
0.00771119
0.00676768
0.00676768
0.0013755
-0.00538559
-0.00538559
0.000480794
0.00284495
-0.00344353
-0.00344353
0.00144855
-0.00489153
-0.00489153
6.11621e-05
0.00304118
0.0081337
0.0081337
-0.00342166
-0.000687916
0.00703658
0.00810267
0.00487967
0.0105653
0.0105653
0.00373892
0.00512556
0.00512556
0.00492966
0.00570071
-0.000760323
0.00279408
0.0019002
0.00234291
-0.000564259
0.00766177
0.00753871
0.00753871
0.00475632
-0.00170575
-0.00792432
-0.00889127
0.00170364
0.00172474
-0.00153112
-0.00406941
0.00291776
-0.000586351
-0.000440867
-0.00799655
0.00463271
0.000257393
-0.000267687
-0.000811838
-0.000760323
-0.00267246
0.00398559
0.00398559
-0.00528333
0.00202374
0.00418149
0.00843246
0.00843246
0.0142389
0.0142389
0.00221981
0.00398559
0.0128772
0.000626916
0.00652159
0.000831112
-0.00272374
0.0017764
-0.00247623
0.00659455
0.00867861
0.011984
-0.0044915
0.0124506
-0.000435905
-4.24567e-05
0.00378935
0.00867861
0.00843246
-0.00265151
-0.00265151
0.00333662
0.00756073
-0.00265151
-0.00265151
-0.00372207
0.00865436
0.00865436
0.00865436
-0.00424364
-0.00277576
0.00696359
-0.00543782
-0.00240379
0.0105653
0.0032141
0.00043118
0.00209644
-0.0017782
0.00160031
0.00289508
0.00289508
0.000358084
0.0019728
0.00423119
0.00676768
-0.00272374
-0.00426531
0.00100614
-0.00665277
-0.0108559
-0.00242567
0.0035322
-0.00526168
-0.00503723
-0.0149908
-0.00924393
-0.00615612
0.0096221
0.00930314
-0.00215082
-0.00312451
-0.00312451
-0.00806904
0.00102751
-0.00603262
0.000257393
0.00132559
0.00132559
-0.00603262
-0.00379399
-0.00767149
0.0019728
0.00296826
-0.00259985
-0.0100854
0.00214701
0.00368776
0.00848254
0.00848254
0.00865436
0.00356366
0.00316433
-0.00817246
-0.00817246
0.00724055
0.00318979
0.00149809
0.00468343
0.00373892
0.000133689
0.00880129
0.00115136
0.0063472
0.00286653
0.00286653
0.00981784
0.00572252
0.00572252
0.00572252
0.00572252
0.00115136
0.00639815
-0.00165453
0.0112868
0.0079803
0.0019728
-0.00240379
-0.000636767
0.0106875
0.00664477
-0.00337067
0.00450883
0.00696359
-0.000956721
-0.000956721
0.00149809
0.00149809
0.00139827
-0.00806904
-0.00207866
0.00666724
0.00840914
0.00649191
-0.00170575
-6.27071e-05
0.00304118
0.00179687
-0.00259985
0.00345888
0.00345888
-0.00267246
-0.0044196
-0.0134684
0.00296826
0.00296826
-0.00347339
-0.00708232
0.00144855
0.00316433
0.00316433
-0.00988915
0.00741539
0.00741539
0.00289508
-0.00235286
-0.00486527
-0.00996121
0.00492966
0.00328722
0.00221981
0.00410852
0.00291776
-0.00717437
-0.000905944
-0.00158197
-0.000687916
0.00182734
0.00304118
-0.0108559
0.00480668
0.00671783
0.00261817
0.00120237
0.00120237
