0.0295267
0.0306457
0.0302146
0.0338231
0.0305589
0.0346034
0.0309037
0.0295286
0.0335668
0.0370121
0.0306471
0.0342504
0.0323652
0.024632
0.0322777
0.0314151
0.0309025
0.0319326
0.0299585
0.0331466
0.0321916
0.0291844
0.0304723
0.0275523
0.0321086
0.0295286
0.02884
0.0338245
0.035297
0.0313294
0.0309037
0.0312473
0.0267787
0.0355552
0.0321043
0.0302166
0.0271213
0.032444
0.0304746
0.0315046
0.0317632
0.0315053
0.0325355
0.0334848
0.032279
0.0354577
0.0313324
0.0352
0.029356
0.0310746
0.0340808
0.0300428
0.0299565
0.0324494
0.034076
0.0324494
0.033135
0.0335748
0.0322747
0.0325355
0.0267794
0.0307279
0.0323608
0.0288405
0.0294415
0.0339111
0.0329635
0.0325355
0.0290983
0.0303011
0.0302137
0.0321916
0.0286703
0.0333968
0.0291844
0.029356
0.024552
0.0287547
0.0321072
0.0309877
0.0318466
0.0360533
0.0327948
0.0311616
0.0311616
0.0316774
0.0286697
0.0333968
0.0301281
0.037524
0.0273793
0.0335611
0.0302146
0.0302146
0.0334833
0.0336547
0.0272945
0.0314171
0.0313312
0.0304723
0.0253201
0.0290127
0.0264332
0.0281538
0.0306457
0.0331336
0.0292707
0.0285821
0.0363978
0.0279817
0.0310764
0.0284108
0.0306446
0.0364962
0.0274663
0.0249734
0.0265204
0.0280672
0.0385435
0.0275513
0.0274677
0.030729
0.0327058
0.0362291
0.0313345
0.029871
0.0308135
0.0284118
0.0321961
0.0369209
0.0316774
0.032965
0.0312487
0.0341656
0.0311586
0.0344214
0.0314182
0.0308168
0.0302131
0.0336488
0.0321086
0.0321876
0.0364168
0.0357242
0.0303023
0.0280689
0.0329688
0.0284113
0.032965
0.0300433
0.0302157
0.0287559
0.0339126
0.0306415
0.0338245
0.0290127
0.0296138
0.0311603
0.0346844
0.0330512
0.0327123
0.0320171
0.032279
0.0341689
0.0289264
0.0347729
0.0305569
0.0298719
0.0336475
0.0321086
0.0281538
0.0302146
0.0362291
0.026609
0.0271234
0.030558
0.0303869
0.0284978
0.0299568
0.0352886
0.0296138
0.0320211
0.0348694
0.0325355
0.0296128
0.0367444
0.0341705
0.0301281
0.0313312
0.0319301
0.0294422
0.0321086
0.0336547
0.0265214
0.0334805
0.0297871
0.0265204
0.0338245
0.0321043
0.0314171
0.0289258
0.0304735
0.0317595
0.0312454
0.0272945
0.0284968
0.0351984
0.0332268
0.0339126
0.0318466
0.0289285
0.0283259
0.0321916
0.0244683
0.0340891
0.0294413
0.0327058
0.0313283
0.0306457
0.0322777
0.0311603
0.0330512
0.0310734
0.0320199
0.0314151
0.0297854
0.0323652
0.0338173
0.0291835
0.0290119
0.0267787
0.027724
0.0284123
0.0329688
0.0290123
0.025747
0.0315019
0.0338231
0.0290118
0.0337352
0.0267811
0.0320171
0.0329635
0.0284977
0.0270374
0.025489
0.0338294
0.0255738
0.023083
0.0318493
0.0259237
0.0286687
0.031762
0.0323666
0.0339126
0.0311636
0.0333036
0.0328726
0.0303002
0.03322
0.0302179
0.0286687
0.0290118
0.0333025
0.0321032
0.0294435
0.0327058
0.0346939
0.0282388
0.031676
0.031938
0.0287547
0.0334789
0.0262659
0.0309025
0.0285828
0.0296983
0.0321916
0.0311594
0.0310734
0.027122
0.0274668
0.0333912
0.0324481
0.0346034
0.0356252
0.0291844
0.032279
0.0284977
0.0311603
0.0318466
0.0278962
0.0294422
0.0312463
0.0310709
0.0331336
0.0330461
0.0320199
0.0339943
0.0294435
0.0317595
0.0307314
0.0306446
0.0306457
0.0284109
0.0315053
0.0323608
0.0298705
0.0292697
0.0334776
0.0300433
0.0343454
0.0332212
0.0305589
0.0342519
0.0333077
0.0296139
0.0305579
0.0299585
0.0292707
0.0269537
0.0295286
0.0355382
0.0284108
0.0352
0.0302993
0.0346939
0.028754
0.0346774
0.0323666
0.0321043
0.0320199
0.0316799
0.0334848
0.0337366
0.0295276
0.0331389
0.031938
0.0317632
0.0351984
0.0255779
0.0291835
0.0264357
0.0286687
0.0355433
0.0308157
0.033828
0.0339928
0.0338231
0.0306425
0.0289266
0.0283259
0.0331376
0.0312473
0.0327934
0.0244624
0.0303002
0.0282388
0.0285821
0.0289258
0.0307314
0.032881
0.0285821
0.0278095
0.0352869
0.0296991
0.0310734
0.0324481
0.0315042
0.029956
0.0268661
0.0297846
0.030729
0.0295286
0.0278951
0.0315053
0.0327972
0.0361492
0.0257475
0.0343454
0.0297865
0.0334776
0.0331389
0.0295267
0.0358827
0.0341689
0.0315889
0.03073
0.0272938
0.023167
0.0303868
0.0321043
0.0307326
0.0294413
0.0314195
0.0274668
0.0351115
0.032881
0.0321904
0.0321072
0.0358043
0.0320199
0.0339126
0.0298704
0.0367542
0.0330512
0.0305589
0.0328798
0.0316737
0.0321961
0.0353691
0.0296139
0.0306457
0.0327886
0.034076
0.0329588
0.0318466
0.0261758
0.0350231
0.0291835
0.0304735
0.0340808
0.0319338
0.0281545
0.033905
0.0333954
0.0319367
0.029184
0.0309025
0.0333036
0.0330461
0.0298705
0.0298705
0.0341705
0.0341705
0.0313312
0.0350231
0.0305569
0.0330512
0.0309891
0.0307326
0.0339992
0.0331336
0.0331336
0.0332212
0.0305589
0.0327058
0.0333954
0.0315925
0.0315925
0.0286687
0.0284968
0.0282398
0.0291835
0.0300418
0.0314182
0.0314182
0.0320211
0.0287547
0.0309907
0.0290983
0.0302146
0.0291835
0.0331448
0.0358043
0.028584
0.03322
0.0361511
0.0290123
0.0331336
0.0341758
0.0341705
0.0376046
0.0361388
0.0312487
0.0338262
0.0304746
0.0330474
0.0337428
0.0315019
0.034679
0.03442
0.0357155
0.0357155
0.0288405
0.0288405
0.0347806
0.036318
0.0354561
0.0375172
0.0333927
0.0309037
0.0296128
0.0362383
0.0357072
0.0289266
0.0318506
0.0352886
0.0300418
0.0339111
0.0279817
0.0309037
0.0349365
0.0349365
0.0309877
0.0326246
0.0317632
0.0364962
0.0290139
0.0297017
0.0318506
0.0332212
0.0335611
0.032279
0.0335611
0.0287547
0.0287547
0.0358025
0.0310734
0.0312473
0.0309016
0.0340808
0.0309894
0.0284978
0.0309894
0.0329688
0.0345962
0.0350307
0.0324543
0.0314195
0.0358913
0.0292699
0.0321032
0.034692
0.0340808
0.028497
0.0288409
0.0300433
0.0332268
0.0279817
0.0272963
0.0320171
0.0315031
0.0302155
0.0348614
0.0348614
0.0295301
0.0309068
0.0321865
0.0329746
0.0284108
0.0288405
0.0329688
0.0352
0.0304746
0.0272938
0.0290123
0.0303011
0.0320199
0.0327899
0.0339928
0.0339928
0.0313312
0.037347
0.029356
0.0370121
0.0315053
0.0332268
0.0338185
0.0355367
0.028582
0.0322777
0.0333077
0.0310734
0.0325369
0.0320161
0.029098
0.0287547
0.0290127
0.0280672
0.0284968
0.0356252
0.0296151
0.0332268
0.0310778
0.0326231
0.0334789
0.0247204
0.0308197
0.0321072
0.0296151
0.031762
0.0315067
0.0318506
0.0349422
0.0321072
0.0303011
0.0287547
0.0295289
0.0330512
0.0314218
0.0299585
0.0296991
0.0288405
0.0319326
0.0362309
0.0294413
0.0346844
0.0354731
0.0346774
0.0364851
0.0321904
0.0327108
0.0312509
0.036407
0.027381
0.025829
0.0344323
0.029871
0.0287553
0.0307326
0.0294413
0.0334789
0.0334789
0.0699726
0.0820058
0.103642
0.118936
0.124113
0.124113
0.175562
0.13365
0.127201
0.0687668
0.0384201
0.0276455
0.0322236
0.0509949
0.0703735
0.0695965
0.0742982
0.0693375
0.0648627
0.0528662
0.0450979
0.0361539
0.0381547
0.0497002
0.0606783
0.0699223
0.0619711
0.0541577
0.0440175
0.0370119
0.0344359
0.0432813
0.0538523
0.0631581
0.0573391
0.0509282
0.0497299
0.0457949
0.0442628
0.0432921
0.052353
0.0585112
0.0615021
0.0570862
0.0477329
0.0476369
0.0417402
0.045115
0.0546969
0.0530093
0.0575453
0.0499967
0.0452101
0.044269
0.045115
0.0502571
0.0470473
0.0479594
0.0548947
0.0506148
0.0474725
0.0478013
0.0493186
0.0502639
0.0530161
0.057606
0.048685
0.0448608
0.0492597
0.0555475
0.0509798
0.0525291
0.0486783
0.0509411
0.0519505
0.0479656
0.0485433
0.0446953
0.0495492
0.0464012
0.0531484
0.0503542
0.0512334
0.0535002
0.0552996
0.0674675
0.0897776
0.113755
0.12094
0.144945
0.125709
0.11088
0.0930609
0.0967512
0.108991
0.115263
0.117971
0.114631
0.12133
0.12533
0.12083
0.110892
0.110265
0.119017
0.115046
0.121843
0.12212
0.115598
0.114676
0.114676
0.113863
0.124677
0.122642
0.116597
0.11826
0.117206
0.1114
0.113233
0.112618
0.121372
0.127151
0.116845
0.119833
0.114938
0.119049
0.118499
0.125474
0.125474
0.126769
0.128311
0.126146
0.174105
0.210866
0.288314
0.373439
0.383518
0.342882
0.349753
0.366069
0.352016
0.31852
0.30327
0.319233
0.344949
0.348876
0.328279
0.322258
0.324037
0.316368
0.304576
0.312773
0.325774
0.332813
0.329727
0.313551
0.30855
0.3094
0.316503
0.3146
0.313804
0.319626
0.313269
0.304879
0.305738
0.308772
0.306538
0.311977
0.310761
0.314856
0.306349
0.301141
0.29672
0.303448
0.305914
0.304333
0.302535
0.304658
0.305042
0.294612
0.301335
0.279708
0.287737
0.233571
0.172856
0.121192
0.104162
0.0644098
0.0403481
0.039608
0.0368836
0.0620099
0.060844
0.0627429
0.0458759
0.0363762
0.0400646
0.0545288
0.0558812
0.0490745
0.0589979
0.0598702
0.0598034
0.0593999
0.0568299
0.0620515
0.0668374
0.0641579
0.0664245
0.0692454
0.066786
0.0664704
0.0698235
0.0704991
0.0677601
0.0729511
0.0653338
0.0683222
0.0678633
0.0684341
0.0697209
0.0697197
0.0706446
0.0676485
0.0693663
0.0707045
0.0707045
0.0718357
0.0627216
0.0708501
0.0682874
0.0714221
0.0704454
0.0690465
0.0705941
0.0683817
0.0736864
0.0715724
0.0701263
0.0691075
0.0702304
0.0705404
0.0705404
0.0773545
0.0763177
0.072295
0.0712583
0.0690983
0.0760684
0.067613
0.076175
0.074876
0.0686409
0.0704897
0.0704897
0.0700846
0.0724
0.0705941
0.0715268
0.0709542
0.0727549
0.0700846
0.0721966
0.0705404
0.074147
0.0708535
0.0706986
0.0708535
0.0727082
0.070654
0.0774063
0.0734369
0.0721966
0.0682771
0.076165
0.0725541
0.0726103
0.0745223
0.0712675
0.0697631
0.0689003
0.0750782
0.0768007
0.0741093
0.0732831
0.0726592
0.0703441
0.0725148
0.0716316
0.0773093
0.0743688
0.0740133
0.0693576
0.0745223
0.0702334
0.0724
0.0719863
0.0738976
0.0742154
0.0745812
0.0778909
0.0739075
0.0783025
0.0748879
0.0742055
0.0758555
0.0753968
0.0752538
0.078043
0.0710628
0.0720453
0.076073
0.0758091
0.0756562
0.0711036
0.0712176
0.0759866
0.0684239
0.0694615
0.0694615
0.0740618
0.073744
0.0670944
0.071477
0.0691506
0.0756704
0.0730808
0.0721966
0.0750411
0.0711677
0.0704391
0.0727157
0.0738498
0.0750438
0.0745125
0.0752538
0.0725541
0.0768975
0.0765769
0.0818915
0.0993643
0.107686
0.13075
0.1592
0.181408
0.191568
0.210691
0.233034
0.23469
0.228195
0.224063
0.216784
0.210444
0.218587
0.223318
0.214453
0.200722
0.194054
0.184831
0.174716
0.171189
0.158204
0.143106
0.138592
0.137938
0.130886
0.133319
0.131769
0.121909
0.110193
0.108534
0.108534
0.109708
0.104864
0.0969554
0.0957848
0.0929869
0.0876306
0.0823887
0.0799952
0.0752324
0.073741
0.0771356
0.0672208
0.0704529
0.075734
0.0709684
0.060303
0.0648247
0.0571159
0.0554192
0.0558374
0.0516997
0.0537828
0.0527283
0.0488515
0.0500404
0.0447216
0.0442114
0.0440282
0.0425612
0.0502728
0.04685
0.0428181
0.0488285
0.0473613
0.0420641
0.0423059
0.0449808
0.0445402
0.0418844
0.0417161
0.0452214
0.0366449
0.0415367
0.0469634
0.0390566
0.0405101
0.0400858
0.0394695
0.039034
0.0351841
0.0398285
0.0428359
0.0396488
0.0398285
0.0413722
0.037761
0.0399206
0.0375943
0.0430019
0.04042
0.0421572
0.0415514
0.0386331
0.0381089
0.0381966
0.0388906
0.0360449
0.0422304
0.0388906
0.0404183
0.0396488
0.0342504
0.0321005
0.0385551
0.0387097
0.0359631
0.0347656
0.0346774
0.0392509
0.03795
0.0368317
0.036407
0.0410387
0.0410535
0.0348614
0.0400088
0.0285828
0.0351194
0.0352869
0.0351177
0.0340891
0.0330527
0.0330527
0.0262592
0.0326246
0.033831
0.0339126
0.0323652
0.0339194
0.0339194
0.0307326
0.0321961
0.0309907
0.0328002
0.0373489
0.0335729
0.0321086
0.0355464
0.0321057
0.0328826
0.0327142
0.0301335
0.0367645
0.0298752
0.0273809
0.0302179
0.0294449
0.0289285
0.0328022
0.0297899
0.0301353
0.0300444
0.0291856
0.0334912
0.032542
0.03263
0.0295322
0.0308212
0.0354683
0.0312542
0.0250634
0.0325386
0.0315107
0.0267789
0.029615
0.0357335
0.0312524
0.0304746
0.0227363
0.032718
0.0352886
0.0306502
0.0311631
0.0313359
0.0324616
0.0284991
0.0269505
0.0295316
0.0309958
0.0243739
0.032456
0.031594
0.0323735
0.0317674
0.0336612
0.0251417
0.028069
0.0345997
0.0327123
0.0272076
0.030476
0.0352991
0.0336653
0.0352125
0.0305618
0.0276384
0.0263477
0.0314233
0.0327123
0.0333148
0.0290139
0.029357
0.029357
0.0297884
0.0294435
0.0284983
0.0336703
0.0306502
0.026953
0.026953
0.026435
0.0275513
0.028412
0.0318568
0.029099
0.0328883
0.0279816
0.032542
0.0265224
0.0343472
0.0334848
0.0346939
0.0340911
0.0301311
0.0321121
0.0261781
0.0333148
0.030563
0.0235996
0.0278093
0.0352991
0.0289285
0.0307358
0.0309941
0.023174
0.030563
0.0329704
0.0352102
0.0328903
0.0330647
0.0315107
0.0307358
0.0324616
0.0343492
0.0321152
0.0341723
0.0334117
0.0345244
0.0334805
0.0356443
0.0279829
0.0351194
0.0308212
0.0362403
0.0341796
0.0312468
0.0361632
0.0341796
0.0333166
0.0350409
0.0383265
0.0326359
0.0321978
0.0347826
0.0299613
0.034952
0.0328883
0.028673
0.0357264
0.036667
0.0376176
0.0298769
0.0387501
0.0350326
0.033831
0.0365757
0.0361608
0.0359049
0.0329723
0.0330584
0.0355552
0.0370996
0.0412356
0.0370251
0.03272
0.0348654
0.031594
0.0342683
0.0327123
0.0323735
0.0386597
0.0362403
0.0364983
0.0340099
0.0311651
0.0361632
0.0378
0.0353882
0.0365877
0.0341775
0.0388302
0.039948
0.0350497
0.0341874
0.0334932
0.0340986
0.039934
0.0341723
0.0402088
0.0375279
0.0328883
0.039525
0.0323717
0.0351194
0.0381433
0.0369354
0.0391761
0.0332285
0.0367523
0.0339194
0.0328002
0.038993
0.037885
0.0370143
0.031855
0.0331389
0.0349605
0.0422845
0.0345244
0.0423591
0.0352081
0.0380437
0.0401298
0.0365062
0.0354683
0.0334932
0.0390856
0.0374493
0.0362502
0.0385694
0.0422845
0.0370227
0.0381458
0.0347889
0.0368458
0.0384695
0.0317691
0.0346052
0.0337428
0.0365958
0.0329785
0.0404642
0.0380532
0.0406312
0.0366749
0.0371912
0.0422845
0.0385571
0.0379751
0.0387501
0.0371103
0.0371103
0.0340874
0.0384041
0.0434065
0.036419
0.0408134
0.0386624
0.0373685
0.040297
0.0392533
0.0391629
0.0408134
0.0414211
0.0390832
0.0437382
0.0396275
0.040297
0.0389179
0.0371891
0.0381458
0.0344436
0.0396018
0.032965
0.0382237
0.0378875
0.0367563
0.0362502
0.0399318
0.036419
0.0392642
0.0389953
0.0351277
0.0386471
0.0383892
0.0392509
0.0414211
0.0433142
0.0362403
0.038585
0.0363275
0.0378756
0.0355552
0.0402238
0.0394208
0.041166
0.0402088
0.039525
0.0357264
0.037281
0.0346155
0.0430744
0.0333166
0.0310778
0.0365085
0.0405379
0.0443217
0.0396899
0.0407073
0.0401153
0.0384817
0.0412514
0.0416577
0.0370996
0.0382213
0.0348614
0.0384918
0.0398573
0.0383138
0.0402208
0.0413268
0.0369331
0.0393437
0.0420262
0.0426348
0.0381433
0.0375369
0.031855
0.0412203
0.042101
0.046752
0.0426317
0.0400272
0.0425226
0.0369331
0.0389953
0.0374608
0.0413429
0.0433174
0.0388407
0.0422845
0.0415097
0.0431301
0.0386728
0.0384793
0.0439229
0.0409046
0.0441588
0.0402208
0.0424685
0.0413429
0.0431301
0.0431301
0.0432193
0.0430899
0.0409018
0.0390084
0.0398861
0.0426317
0.0414936
0.045042
0.0407505
0.0360694
0.0396899
0.0380532
0.045042
0.0419515
0.044787
0.0414936
0.036427
0.036079
0.0381458
0.0340099
0.0340099
0.0383113
0.040297
0.0434988
0.0429821
0.0412487
0.0380532
0.0413402
0.0379656
0.0408892
0.0440123
0.0382335
0.0429821
0.0414156
0.0432193
0.0354662
0.0462393
0.0484838
0.041843
0.046752
0.0427033
0.0473614
0.0476867
0.0444361
0.0494468
0.0450626
0.0429641
0.0427979
0.0409018
0.0413268
0.0390965
0.0429791
0.0418568
0.0487631
0.0446942
0.0408107
0.0385822
0.0434957
0.0434221
0.0434957
0.0420068
0.0431482
0.0403854
0.0468423
0.0452073
0.0458853
0.0461865
0.0445986
0.038735
0.0444304
0.0436431
0.0428695
0.0405502
0.0395993
0.0427951
0.0387331
0.0408843
0.0382878
0.0389909
0.0392488
0.0378734
0.0444331
0.0390832
0.0426116
0.0431453
0.0408866
0.0434593
0.0369209
0.0374584
0.0341831
0.0396741
0.0451117
0.045092
0.0368335
0.0419318
0.0376923
0.0426116
0.0405379
0.0394184
0.0446016
0.0419181
0.0406166
0.0350307
0.039934
0.0392509
0.0411421
0.0397806
0.039855
0.038645
0.0388906
0.0403708
0.0379518
0.0412356
0.043901
0.0431274
0.0451145
0.0437352
0.0425973
0.0368436
0.0380415
0.0414756
0.0355464
0.0404616
0.0428871
0.039855
0.0407049
0.0406143
0.0390832
0.041569
0.0389028
0.032279
0.0370101
0.034515
0.0364851
0.0408993
0.0357223
0.0383091
0.0365757
0.033309
0.0348614
0.0337428
0.037885
0.0396762
0.0333912
0.0378734
0.0370121
0.034508
0.0383756
0.0376046
0.0381199
0.039934
0.0392509
0.0374364
0.0357155
0.0391606
0.0355447
0.0327948
0.0352886
0.0340808
0.036318
0.0347806
0.0353691
0.0332212
0.0385571
0.0340008
0.037002
0.0350388
0.0363978
0.0351133
0.0376046
0.0382117
0.0327072
0.0327948
0.041056
0.032279
0.0351194
0.0382878
0.0375279
0.0347729
0.034944
0.0396741
0.037002
0.0316815
0.0333148
0.0309907
0.0311631
0.0307341
0.0327914
0.0345978
0.0378756
0.0357155
0.0352018
0.0331405
0.0341705
0.0340841
0.0374518
0.0278984
0.0287559
0.0309941
0.0339214
0.0337323
0.0326166
0.0386351
0.0326197
0.0399077
0.0366554
0.0377728
0.0340891
0.0350307
0.0344357
0.0360621
0.0323666
0.0351213
0.0335748
0.0340891
0.0293572
0.0309051
0.0318479
0.032965
0.0339214
0.0266078
0.0343472
0.0304746
0.0335729
0.0304746
0.0309941
0.02738
0.0322856
0.0288449
0.0315984
0.031594
0.031594
0.0326246
0.0337382
0.0308198
0.0295286
0.0324494
0.0340078
0.0277237
0.0331405
0.0295299
0.0282398
0.03073
0.0267794
0.0300466
0.0304746
0.0371936
0.034515
0.0309907
0.0285834
0.0305615
0.0280666
0.0267804
0.0356353
0.0307326
0.0313359
0.0326246
0.0314233
0.0278968
0.0292707
0.0316774
0.027639
0.0316774
0.0297017
0.0334866
0.030563
0.0283258
0.0291002
0.0317691
0.0305615
0.0298731
0.0348633
0.0286703
0.0328883
0.0284118
0.027639
0.0267777
0.0294449
0.0298731
0.0299598
0.029357
0.0301299
0.0317674
0.0337495
0.0379656
0.0327072
0.0327072
0.0253169
0.0354561
0.0321931
0.0283248
0.0308181
0.0311651
0.0313324
0.0333985
0.0293584
0.0294449
0.0313376
0.0292707
0.0321086
0.0323683
0.0324528
0.032451
0.0295301
0.0315902
0.0322856
0.0266913
0.0327123
0.0297001
0.0305646
0.0303937
0.0358932
0.0282398
0.029099
0.0258325
0.0318466
0.0307341
0.026952
0.0310794
0.0272091
0.0300452
0.0288409
0.0326197
0.0259151
0.0329764
0.0256593
0.0309894
0.0300452
0.0260906
0.0303919
0.0313359
0.0263487
0.0334805
0.0309907
0.0287547
0.0309922
0.0320273
0.0328826
0.0328826
0.0334048
0.0311631
0.0315984
0.0376985
0.0312524
0.0297899
0.0320226
0.0338294
0.0299585
0.0323666
0.0313359
0.0301326
0.0293572
0.0352
0.0321086
0.0273809
0.0337428
0.0352102
0.0345167
0.0347806
0.0348633
0.0288415
0.0324494
0.0371912
0.0317674
0.0352167
0.0333166
0.0307358
0.0347729
0.0308231
0.0362383
0.0338262
0.0298731
0.0336631
0.0365958
0.028241
0.0308197
0.0303011
0.0362383
0.0342661
0.0321961
0.0348694
0.0318506
0.0301326
0.03727
0.0330527
0.0365877
0.0354662
0.0329704
0.0357242
0.0328826
0.0328826
0.0339144
0.0365777
0.0355622
0.0327123
0.0340964
0.0350326
0.0337495
0.0322856
0.0345224
0.0284978
0.0335729
0.0321086
0.0354662
0.0378734
0.0351984
0.0319428
0.0323666
0.0336533
0.0321947
0.0338362
0.0352991
0.0342588
0.0311616
0.0338245
0.0284978
0.0328903
0.0268659
0.0279829
0.0259185
0.0261792
0.0320226
0.0288409
0.028584
0.0253206
0.032362
0.0289266
0.0289266
0.0317647
0.0282398
0.0260935
0.0310746
0.0318479
0.0287559
0.0315083
0.0346073
0.0347747
0.0302179
0.0285837
0.0327072
0.0277237
0.031938
0.0291854
0.0302206
0.0297899
0.0303062
0.0297865
0.0330527
0.0300466
0.0317691
0.030563
0.0234315
0.0340891
0.0291867
0.026948
0.029357
0.0310746
0.0347826
0.0269503
0.0289277
0.0352081
0.0281537
0.0271229
0.0291844
0.0292719
0.0284109
0.0279808
0.0280678
0.0289272
0.0283248
0.0337428
0.0294435
0.0305589
0.0291002
0.0308197
0.0321978
0.0321086
0.0334932
0.0320211
0.0318479
0.0331405
0.0248863
0.0354683
0.0273789
0.0295286
0.0338282
0.0314162
0.0300466
0.0342588
0.0316799
0.0363296
0.0318521
0.0326246
0.0313399
0.0342519
0.0325439
0.0339111
0.0274656
0.0333985
0.030476
0.031169
0.0322856
0.0331405
0.0378756
0.0302157
0.0290983
0.0331405
0.0295301
0.027897
0.0281537
0.0260915
0.0311651
0.0285849
0.029099
0.0335729
0.0356422
0.0286687
0.0284991
0.0328826
0.030563
0.0320211
0.0292719
0.0327948
0.0284968
0.0303034
0.0281537
0.0334848
0.0314233
0.0271229
0.028669
0.0336612
0.031938
0.030476
0.0277255
0.0336631
0.0318479
0.0279816
0.0327965
0.0331376
0.0382237
0.031855
0.0332268
0.0321916
0.0370227
0.0314218
0.0382973
0.0274656
0.0323652
0.0307344
0.0397667
0.0329704
0.0351177
0.0358113
0.031938
0.0272931
0.0299579
0.0275525
0.0360621
0.0285837
0.0265206
0.0290153
0.0333927
0.0252321
0.0267794
0.0245475
0.0265214
0.0241211
0.029357
0.0308181
0.0261758
0.024974
0.0313312
0.0253169
0.0272099
0.0251473
0.0324494
0.0272953
0.0266942
0.0290127
0.0322892
0.0302179
0.031594
0.028069
0.0316815
0.0341723
0.0303891
0.025403
0.0280698
0.0242059
0.0278955
0.0299598
0.0287556
0.0281537
0.0309068
0.0218009
0.029099
0.0295286
0.0339144
0.0306502
0.0279834
0.0292707
0.0335668
0.0328826
0.0315083
0.0296165
0.0295322
0.0286703
0.026952
0.0295286
0.0351194
0.0249782
0.026953
0.0291002
0.0298731
0.0264391
0.0337446
0.022393
0.0308168
0.0344357
0.0284983
0.0376962
0.029357
0.028669
0.0332268
0.0333166
0.0277228
0.0287547
0.0325369
0.033135
0.0332285
0.0310778
0.0297884
0.0282399
0.0277237
0.0288421
0.0266933
0.0316861
0.0288409
0.0296139
0.0306486
0.0295286
0.035384
0.0333985
0.0327948
0.0310778
0.0306446
0.0333148
0.0303904
0.0320256
0.0307341
0.03495
0.0346034
0.0278095
0.0309922
0.0335684
0.0277248
0.030476
0.0359823
0.031594
0.0327088
0.0335729
0.0297014
0.0268648
0.0360694
0.0321057
0.0309037
0.0334866
0.0281542
0.0278086
0.0314218
0.0308212
0.0325369
0.0322806
0.0288421
0.0317632
0.0291856
0.026952
0.0354683
0.0326246
0.029099
0.0347747
0.0327934
0.0327123
0.0333232
0.0325369
0.0297014
0.0294435
0.0317647
0.0321102
0.0303048
0.0305648
0.0252298
0.0297017
0.0301311
0.0296151
0.0346052
0.0359823
0.034952
0.0346052
0.0274666
0.0325386
0.0377858
0.037281
0.0310794
0.0293584
0.0358063
0.026352
0.0352018
0.0345187
0.0330647
0.0297899
0.0311668
0.0342519
0.0334932
0.0300444
0.0340099
0.0295299
0.030476
0.0321916
0.031425
0.0298715
0.0301326
0.0288415
0.0333166
0.0333166
0.0284968
0.0309051
0.0321102
0.0355552
0.0332305
0.0289301
0.0353691
0.033135
0.0303023
0.0268648
0.0278095
0.026952
0.0278107
0.0353793
0.0303919
0.0339214
0.027036
0.0363108
0.0335684
0.0346882
0.0329704
0.0329704
0.0326263
0.0340891
0.0283263
0.0264363
0.0301311
0.0340008
0.0340008
0.0324543
0.0330474
0.0307313
0.0273789
0.0272931
0.0310746
0.0292719
0.0289277
0.0311651
0.0331511
0.029099
0.0312509
0.0324494
0.033838
0.0297871
0.0320256
0.0294435
0.0355464
0.0297001
0.0329688
0.036318
0.0303878
0.0290127
0.0365855
0.0315053
0.0289266
0.0297001
0.0274656
0.0338294
0.0288421
0.0322856
0.032881
0.0358932
0.0321133
0.0307358
0.0315967
0.0315967
0.0296139
0.028669
0.0260935
0.0332268
0.031938
0.0328883
0.0322838
0.0307374
0.0270372
0.0318479
0.0341705
0.028669
0.0310746
0.0309068
0.03263
0.0288409
0.029099
0.0350409
0.0285828
0.0315925
0.0315925
0.0294453
0.0271229
0.0284134
0.0302166
0.0291868
0.0304746
0.0295286
0.0338362
0.0291854
0.0268668
0.0369331
0.0373575
0.0255713
0.032542
0.0308157
0.0256602
0.0317674
0.0308197
0.0308197
0.0290127
0.0321916
0.0328002
0.0309037
0.0313359
0.0333166
0.0297871
0.0246279
0.0314233
0.0295301
0.0340911
0.0261792
0.0313359
0.0351194
0.0336612
0.029099
0.0272942
0.0306486
0.0333105
0.0334866
0.0300466
0.0297899
0.0312503
0.0312503
0.0291016
0.0330512
0.0267787
0.0337413
0.0315067
0.0311651
0.0311651
0.0278955
0.0315092
0.0337428
0.0327142
0.0324596
0.0367542
0.0297017
0.0319338
0.0297004
0.0282398
0.0285828
0.0321961
0.0321961
0.0310778
0.0313339
0.028068
0.0284109
0.0371016
0.03727
0.0321043
0.0303904
0.0310746
0.0302166
0.030476
0.0371805
0.0301292
0.0340078
0.0303011
0.0296151
0.0255751
0.0341775
0.0289273
0.029099
0.0308181
0.0318506
0.0297004
0.0336612
0.0256602
0.0333968
0.0294424
0.0291002
0.0334048
0.0276379
0.0274668
0.033831
0.0240265
0.0304746
0.0291856
0.0321931
0.0319397
0.0363275
0.0328002
0.0371805
0.0359025
0.0334848
0.0344283
0.0303011
0.0356335
0.032881
0.031938
0.0278959
0.0290125
0.029356
0.0277267
0.0272942
0.0310746
0.0266921
0.0273809
0.0297884
0.0290139
0.0275513
0.0271229
0.029615
0.0309958
0.0306457
0.0306473
0.0316815
0.0274666
0.0322856
0.0300444
0.0304735
0.0320273
0.0261784
0.0280677
0.0324543
0.0280677
0.0286703
0.0295286
0.0289285
0.0291002
0.0260942
0.0274666
0.0298731
0.0266942
0.0314233
0.0303891
0.0314195
0.0289277
0.0274666
0.0241158
0.026609
0.0289272
0.0271229
0.0315031
0.0301292
0.0309891
0.0285849
0.0303891
0.0286703
0.0320273
0.0286697
0.027468
0.0321978
0.0232643
0.0261768
0.028584
0.0284978
0.0301311
0.0301311
0.0303891
0.0301292
0.0266906
0.0302206
0.0300444
0.0270385
0.0275525
0.0241153
0.0241158
0.0291867
0.0260028
0.0261792
0.0290127
0.0288415
0.0265214
0.0293585
0.0290127
0.0260906
0.0273823
0.0282399
0.029187
0.0295286
0.0288405
0.0333166
0.0344357
0.0332212
0.0307313
0.0272945
0.0278945
0.0255779
0.0317608
0.0321931
0.0280672
0.0260063
0.0297879
0.0286697
0.023174
0.0261768
0.0315917
0.0341723
0.0268648
0.032451
0.02738
0.0285828
0.0291856
0.0289272
0.0254053
0.0278959
0.0255751
0.0315067
0.0300444
0.0297907
0.0270374
0.0269503
0.0290139
0.0261784
0.0301292
0.0279817
0.0279817
0.0327108
0.0296151
0.0245524
0.0318506
0.0259213
0.0281538
0.031594
0.0328826
0.0322911
0.0282398
0.0299598
0.0259176
0.0311651
0.0314195
0.0334848
0.0299579
0.0289266
0.0294425
0.0324543
0.0299598
0.0337515
0.0284118
0.0310794
0.0277248
0.0308212
0.0313359
0.0335729
0.03073
0.0275523
0.0318506
0.0312454
0.0282399
0.0272931
0.0303878
0.029098
0.0283248
0.0287547
0.0266921
0.0298752
0.0326263
0.0339214
0.0275513
0.0302179
0.027036
0.028584
0.0307344
0.0313359
0.0277261
0.0343472
0.0299598
0.028584
0.0257482
0.0303048
0.0280677
0.0286703
0.0299585
0.0334932
0.0272931
0.0248853
0.0243695
0.0243695
0.028069
0.0337467
0.0339165
0.0297017
0.0368239
0.0305602
0.0275533
0.0307341
0.0256633
0.0216185
0.0366572
0.0325386
0.0336564
0.0309037
0.0309958
0.0296138
0.0262611
0.0250627
0.0272942
0.0272076
0.0270349
0.0266921
0.0307313
0.0352991
0.0236894
0.0284118
0.0305589
0.0259205
0.0320226
0.0271206
0.0291844
0.0254902
0.0272075
0.0306471
0.0256593
0.0309877
0.0278959
0.0278951
0.0267787
0.0290983
0.0275517
0.024289
0.0267767
0.0284978
0.0261758
0.0312473
0.0314233
0.0231674
0.0279808
0.0272085
0.0276372
0.024974
0.0279817
0.031076
0.0287567
0.0278102
0.0263466
0.0250587
0.0297004
0.0264363
0.0278959
0.0305602
0.0290127
0.0259205
0.0341042
0.0315067
0.031855
0.0309907
0.0269513
0.0226508
0.0252314
0.029099
0.0296151
0.0338245
0.0262611
0.0314218
0.0300444
0.0304746
0.0252321
0.0328002
0.0268648
0.0261784
0.027036
0.0260906
0.0276362
0.028068
0.0297854
0.0259185
0.0291016
0.0344283
0.0267787
0.0277246
0.0303022
0.0282388
0.0295276
0.0305615
0.0263487
0.0297017
0.0337428
0.0311651
0.033838
0.0257454
0.0262635
0.0248005
0.0298731
0.0299556
0.0295289
0.0255779
0.0264332
0.0307326
0.0303034
0.0299579
0.0267787
0.0303878
0.0317647
0.0215426
0.0288421
0.0219752
0.0295276
0.024289
0.0319326
0.0268668
0.026434
0.0331389
0.0265208
0.0275513
0.0297017
0.0274656
0.0274656
0.0304774
0.0259201
0.0292707
0.0217174
0.0290127
0.0269503
0.0287556
0.0331466
0.0290127
0.0261768
0.0273801
0.0254902
0.0294435
0.0287547
0.0271229
0.0272075
0.0333968
0.0302179
0.028068
0.0258357
0.0300444
0.0300444
0.0276379
0.0309037
0.0222255
0.0296991
0.0261779
0.0278959
0.0297865
0.0297865
0.0297865
0.0262635
0.0262635
0.0247999
0.0351194
0.0271245
0.0288409
0.0292733
0.0254871
0.0309068
0.0267767
0.0297017
0.0318506
0.0300444
0.0276379
0.0316843
0.0316799
0.0320211
0.0282398
0.0319367
0.0267777
0.0243739
0.0234315
0.0272945
0.0278095
0.0288415
0.0217092
0.0250587
0.0251473
0.0306457
0.0248853
0.0253162
0.0284109
0.0270349
0.0303011
0.028153
0.0300466
0.0243733
0.0300466
0.0296991
0.0336547
0.0247204
0.0321961
0.0339943
0.0289272
0.0319338
0.0297884
0.0257482
0.0267767
0.0303868
0.0268668
0.027897
0.0253162
0.0256626
0.024289
0.0268648
0.0280672
0.0237735
0.0311651
0.02936
0.0316799
0.0290136
0.0232575
0.0292719
0.0311603
0.0270349
0.0267794
