-0.0643368
-0.0647477
-0.066854
-0.0721655
-0.0708656
-0.0645422
-0.0665735
-0.0776247
-0.0776247
-0.0687038
-0.06881
-0.0645852
-0.0620453
-0.0734046
-0.0623815
-0.0573428
-0.0733523
-0.0641202
-0.0670054
-0.0690368
-0.0712203
-0.0711903
-0.0668223
-0.0624361
-0.0672106
-0.0665199
-0.0623815
-0.0668979
-0.0733813
-0.0717567
-0.0626423
-0.063743
-0.0687038
-0.0665735
-0.0670054
-0.0761504
-0.066627
-0.0666174
-0.063797
-0.063797
-0.0693701
-0.066627
-0.066627
-0.0759475
-0.0693169
-0.0646936
-0.0646936
-0.0690899
-0.0692187
-0.0600898
-0.064002
-0.073561
-0.0667467
-0.0641855
-0.0667783
-0.0736601
-0.0667338
-0.0667338
-0.068908
-0.0781556
-0.0714998
-0.0590178
-0.0668318
-0.0690368
-0.0755659
-0.0690899
-0.0691124
-0.0647477
-0.0691348
-0.0693082
-0.0665199
-0.0733291
-0.0667247
-0.0735323
-0.0663688
-0.0695749
-0.0667247
-0.0687344
-0.0736311
-0.0643797
-0.0622089
-0.0661108
-0.0669833
-0.071984
-0.0732302
-0.0670054
-0.0763294
-0.069415
-0.0640344
-0.0665418
-0.0736367
-0.0692637
-0.0711218
-0.0694991
-0.0667685
-0.0620787
-0.0673401
-0.0730216
-0.0736834
-0.0645422
-0.0570807
-0.0570807
-0.0713256
-0.0710462
-0.0666711
-0.0732476
-0.0602413
-0.0738113
-0.0708885
-0.071681
-0.0648776
-0.0691124
-0.0595601
-0.0595601
-0.0665199
-0.0665199
-0.0774741
-0.0645422
-0.0693394
-0.0642071
-0.0644665
-0.0644665
-0.074143
-0.0711974
-0.0693927
-0.0669297
-0.0645637
-0.0618941
-0.062554
-0.0714012
-0.0669517
-0.066876
-0.07617
-0.0625877
-0.0666929
-0.0692412
-0.0694373
-0.062003
-0.0648235
-0.0695217
-0.0648018
-0.0666711
-0.0692637
-0.0761982
-0.0716511
-0.0624693
-0.0720826
-0.0675233
-0.069188
-0.0691656
-0.0721191
-0.0712658
-0.0667783
-0.0639905
-0.0672222
-0.0644553
-0.0645095
-0.0736017
-0.0670274
-0.0648235
-0.0689836
-0.0688855
-0.0736367
-0.0671885
-0.0643472
-0.0669833
-0.0691348
-0.073887
-0.0671569
-0.0672643
-0.0696422
-0.0646179
-0.0618604
-0.0694684
-0.0675456
-0.0712203
-0.0714012
-0.0618729
-0.0648235
-0.0684998
-0.0781556
-0.0644665
-0.0699089
-0.0647477
-0.0687038
-0.0646179
-0.0673841
-0.0625877
-0.0806688
-0.0715983
-0.0671348
-0.0715063
-0.0712959
-0.0712959
-0.0690142
-0.0740673
-0.0740673
-0.069188
-0.0735089
-0.0735089
-0.0717797
-0.0697265
-0.0697265
-0.0733523
-0.0691348
-0.068908
-0.0670492
-0.0664881
-0.0643797
-0.0712959
-0.069188
-0.062533
-0.0717797
-0.0694684
-0.0672106
-0.0691124
-0.0715226
-0.0644553
-0.0674697
-0.0605034
-0.0717039
-0.0759714
-0.0695441
-0.0603517
-0.0622512
-0.0692637
-0.066627
-0.0644448
-0.0598761
-0.0733813
-0.0691656
-0.0732823
-0.0668441
-0.0718325
-0.0667247
-0.0694233
-0.064672
-0.0692637
-0.0758441
-0.067416
-0.0687483
-0.0690672
-0.0690672
-0.0665735
-0.0693701
-0.0715526
-0.0671348
-0.0621544
-0.069749
-0.0617849
-0.0715526
-0.0687261
-0.0604276
-0.0827779
-0.066627
-0.0645422
-0.0645422
-0.0712658
-0.0598076
-0.0761226
-0.0650075
-0.0712959
-0.0643368
-0.0622846
-0.067059
-0.062003
-0.0668004
-0.0693169
-0.0692326
-0.0694459
-0.0638725
-0.0642168
-0.0644448
-0.0665199
-0.0642395
-0.066854
-0.0596907
-0.0693475
-0.0692187
-0.0731782
-0.0710692
-0.0621209
-0.0695974
-0.069188
-0.0623269
-0.0673622
-0.0668004
-0.0740437
-0.0649422
-0.0649422
-0.0596907
-0.0596907
-0.0643908
-0.0643908
-0.0714012
-0.073887
-0.066854
-0.0696052
-0.0712203
-0.0709182
-0.0693838
-0.0643583
-0.0687793
-0.0597114
-0.0690368
-0.0695522
-0.0760708
-0.0691656
-0.0665199
-0.0642286
-0.0717862
-0.0714998
-0.068908
-0.0671885
-0.0708885
-0.0693394
-0.0733523
-0.0733523
-0.0731782
-0.0690368
-0.0759991
-0.0673084
-0.0687038
-0.0579082
-0.0666711
-0.0647693
-0.066876
-0.066876
-0.0618941
-0.0711218
-0.0647693
-0.0670369
-0.0694763
-0.059897
-0.0715526
-0.066854
-0.0667247
-0.0767564
-0.0739443
-0.0693701
-0.0698249
-0.0649751
-0.0715983
-0.0718094
-0.0714998
-0.0645637
-0.0717797
-0.0673622
-0.0694595
-0.0692187
-0.0645095
-0.0671885
-0.0668979
-0.0739626
-0.0668441
-0.0716282
-0.0741195
-0.0711974
-0.0717797
-0.0667561
-0.0759196
-0.0622512
-0.0690368
-0.069749
-0.066854
-0.0714242
-0.073887
-0.0651051
-0.0692412
-0.0694373
-0.0646936
-0.0694907
-0.0647908
-0.0625119
-0.0784336
-0.0711448
-0.0717862
-0.0714769
-0.068908
-0.0732014
-0.0767085
-0.0625877
-0.074143
-0.0715526
-0.065018
-0.0629458
-0.0648451
-0.0735323
-0.0736834
-0.0668004
-0.0737066
-0.0671569
-0.0691124
-0.0646179
-0.0693169
-0.0742945
-0.0783092
-0.0647908
-0.0714769
-0.0691348
-0.0691124
-0.0689386
-0.0696732
-0.0737357
-0.0665418
-0.0714769
-0.0646936
-0.0646936
-0.0692412
-0.0673938
-0.0666711
-0.0673084
-0.0693082
-0.0687793
-0.0666711
-0.0693701
-0.067059
-0.0640882
-0.0650075
-0.059732
-0.0672643
-0.0692412
-0.0668004
-0.0671348
-0.0601243
-0.064672
-0.0648665
-0.0599727
-0.0759475
-0.0718782
-0.0646394
-0.0647365
-0.071984
-0.0701283
-0.0671348
-0.0671348
-0.0715295
-0.076047
-0.0694233
-0.0722183
-0.0648993
-0.0673401
-0.0673401
-0.0687793
-0.0605586
-0.0503733
-0.0529305
-0.0456742
-0.0403773
-0.0344552
-0.0341747
-0.0341242
-0.0293428
-0.022195
-0.0149218
-0.0152817
-0.0248279
-0.0271241
-0.0281498
-0.0367358
-0.0488345
-0.0580951
-0.0545393
-0.0562305
-0.05187
-0.0452652
-0.0448028
-0.0454015
-0.045229
-0.0368296
-0.0427708
-0.0450158
-0.0427291
-0.0544247
-0.040458
-0.0429251
-0.0387027
-0.0448028
-0.0388405
-0.0434657
-0.0408697
-0.0523131
-0.0523131
-0.0407494
-0.0403208
-0.043353
-0.052274
-0.0451701
-0.0451701
-0.0477056
-0.0407494
-0.035951
-0.0541937
-0.0521782
-0.04261
-0.04261
-0.0472615
-0.0472615
-0.0495659
-0.0448388
-0.0423438
-0.0470088
-0.0452108
-0.0467196
-0.04732
-0.0427291
-0.0494308
-0.040073
-0.0497389
-0.0429007
-0.0430971
-0.0426273
-0.0518894
-0.0518317
-0.037904
-0.0495848
-0.0408096
-0.0452652
-0.0499323
-0.0422426
-0.0446436
-0.0471627
-0.0569763
-0.0453602
-0.0432339
-0.0457103
-0.0429007
-0.0518317
-0.0472983
-0.0432935
-0.0476469
-0.0503384
-0.0499904
-0.0407494
-0.045633
-0.0496806
-0.0500283
-0.0381352
-0.045942
-0.0347422
-0.0456585
-0.0350196
-0.0412523
-0.0432463
-0.0344552
-0.0317679
-0.0316417
-0.042531
-0.0341394
-0.0357891
-0.0307441
-0.0332124
-0.0341394
-0.0336362
-0.0365273
-0.0378299
-0.0336524
-0.0342973
-0.0308383
-0.0403768
-0.0365439
-0.0410944
-0.0356811
-0.0383192
-0.0430886
-0.0360875
-0.0377856
-0.039905
-0.03098
-0.0354911
-0.0474512
-0.0379597
-0.040438
-0.0449215
-0.0314841
-0.0314841
-0.0355697
-0.0290172
-0.0335736
-0.0334
-0.0336056
-0.0384598
-0.0376898
-0.0393646
-0.0355531
-0.034518
-0.0265233
-0.029436
-0.0248101
-0.0196309
-0.0114542
-0.00852491
-0.0174754
-0.014868
-0.0165339
-0.012347
-0.00715836
-0.00679451
-0.00829329
-0.00616854
-0.0202015
-0.0156929
-0.0105447
-0.00667193
-0.0179399
-0.0108213
-0.0135822
-0.00944653
-0.0227628
-0.0114724
-0.011819
-0.00857217
-0.0137738
-0.018023
-0.0109183
-0.0171407
-0.00945995
-0.0138458
-0.0112506
-0.0127805
-0.00850253
-0.0108491
-0.00625152
-0.0178042
-0.00850253
-0.0195691
-0.0172009
-0.0133614
-0.0106831
-0.0195847
-0.0157075
-0.0134445
-0.0129748
-0.0198179
-0.0124369
-0.0174875
-0.0329646
-0.0313896
-0.0336118
-0.0245636
-0.0261871
-0.0271281
-0.0387123
-0.0383165
-0.0412645
-0.0427114
-0.042848
-0.0477456
-0.0415217
-0.0408004
-0.0462384
-0.0382728
-0.0387294
-0.038652
-0.0404492
-0.045615
-0.0479398
-0.0431984
-0.0362435
-0.0385144
-0.0478228
-0.0450929
-0.0401499
-0.0511784
-0.0511784
-0.04302
-0.0406382
-0.0430023
-0.035383
-0.0430023
-0.0406981
-0.0494684
-0.0406981
-0.040561
-0.0491796
-0.036337
-0.0383165
-0.0427466
-0.0472615
-0.035306
-0.0474927
-0.0404239
-0.0422845
-0.0309849
-0.040955
-0.0438768
-0.0454015
-0.0472615
-0.0477456
-0.0384709
-0.0431567
-0.045129
-0.0407925
-0.0447258
-0.0410843
-0.0473753
-0.0406382
-0.0381957
-0.0434481
-0.0425925
-0.0477828
-0.0411444
-0.042379
-0.0455014
-0.0501257
-0.042687
-0.0387027
-0.0409298
-0.0405782
-0.0362597
-0.0393487
-0.0455558
-0.0358901
-0.0504157
-0.0411616
-0.0430971
-0.0453834
-0.0388068
-0.0448028
-0.0383499
-0.0477056
-0.0547508
-0.0311856
-0.0430375
-0.0431743
-0.0481133
-0.042652
-0.042652
-0.043139
-0.033507
-0.0412217
-0.0431567
-0.0523902
-0.0380581
-0.0380581
-0.0408265
-0.0427291
-0.0476285
-0.037827
-0.0450698
-0.0431211
-0.0410843
-0.0406553
-0.0476469
-0.0482865
-0.0428237
-0.0428237
-0.0521782
-0.0484226
-0.0454373
-0.0452652
-0.0409298
-0.0478599
-0.042533
-0.0403469
-0.0405782
-0.0483638
-0.0406981
-0.0381957
-0.0339544
-0.041007
-0.03397
-0.0390726
-0.0340159
-0.0457875
-0.0451881
-0.0386421
-0.0407153
-0.0433708
-0.0496223
-0.0383058
-0.0479001
-0.0412217
-0.0471845
-0.0405782
-0.0429778
-0.0362435
-0.0347422
-0.0366137
-0.0350981
-0.0273173
-0.0280192
-0.023399
-0.0282226
-0.0209405
-0.0329194
-0.0254343
-0.0187149
-0.0209405
-0.0167748
-0.0147588
-0.0197256
-0.0235263
-0.014173
-0.0123127
-0.0169957
-0.00719449
-0.0144842
-0.0124142
-0.0144596
-0.0139643
-0.0208629
-0.0165016
-0.0138211
-0.00970975
-0.0133678
-0.0253281
-0.0161259
-0.0201919
-0.0206161
-0.0259691
-0.0204884
-0.0236041
-0.0183397
-0.0210046
-0.0210046
-0.0212242
-0.0187795
-0.0120131
-0.00352706
-0.00352706
-0.00332357
-0.00798538
-0.0104978
-0.00500299
-0.00101044
-0.00857679
-0.0100411
-0.0103652
-0.00951901
-0.00567254
-0.00277768
-0.0102634
-0.0101427
-0.0123544
0.00108674
-0.00338118
-0.00552725
-0.0036834
0.00531714
-0.00618697
-0.0042678
-0.00389723
-0.00560532
0.0015176
-0.00836476
0.00116494
0.00382155
0.00745375
0.00191699
-0.00353741
0.00523878
0.0123794
0.00759425
0.00307581
0.00582182
0.000852063
0.000989608
-0.0075285
-0.00309968
0.0016736
-0.00561608
-0.00130324
0.00567395
0.00913616
0.00784538
0.00706986
0.00982672
0.0103669
0.00523007
0.00360515
0.00563044
-0.00101044
0.00369235
0.00583883
0.00981917
0.00851624
0.00812577
0.00160498
-0.00105868
0.0122936
0.00931668
0.00968538
0.00760228
0.00786224
0.0124503
0.00569985
0.00561286
-0.00120491
-0.0011469
0.00422969
-0.00977613
-0.012067
-0.00293358
-0.00255427
0.000930303
0.000930303
-0.00344891
-0.00122506
-0.00330308
0.00389077
0.00389077
-0.000883287
-0.00236118
-0.00761769
-0.00948774
0.00198544
-0.0100529
-0.00753974
-0.00643287
0.00174227
0.00551758
0.00100853
-0.00508091
-0.0031573
-0.00546001
0.00188888
-0.00732826
-0.00956552
-0.0102323
-0.00992039
-0.00723931
-0.00502435
-0.00970975
-0.00524745
-0.00256448
-0.00546001
-0.010666
0.000119265
0.00985814
0.0114601
0.0050908
0.00946576
0.0168211
0.014004
0.00370155
0.0142324
0.00642936
0.00100853
0.0201432
0.0234351
0.0244165
0.0504736
0.0874027
0.11141
0.140529
0.166349
0.174753
0.180015
0.18803
0.183309
0.183851
0.191936
0.212178
0.213304
0.226287
0.237203
0.239106
0.241962
0.250781
0.251078
0.260059
0.275046
0.289728
0.284365
0.277087
0.297334
0.301598
0.290147
0.288236
0.304531
0.311485
0.318137
0.307179
0.305587
0.30709
0.309624
0.323423
0.312371
0.315865
0.311472
0.319936
0.317577
0.306553
0.306553
0.322642
0.319936
0.325579
0.330366
0.335066
0.338716
0.342216
0.343415
0.340496
0.337505
0.339215
0.334375
0.333825
0.324604
0.333811
0.324415
0.320181
0.308131
0.306021
0.325061
0.333581
0.343148
0.336225
0.336225
0.385124
0.385124
0.43283
0.460624
0.447732
0.447732
0.45061
0.479009
0.525939
0.555555
0.552969
0.558294
0.577092
0.58978
0.569956
0.558925
0.566036
0.575577
0.56702
0.561625
0.561887
0.559354
0.559239
0.542458
0.546776
0.549733
0.556307
0.553819
0.545394
0.539006
0.549533
0.550435
0.554894
0.557081
0.554752
0.552664
0.549543
0.544881
0.56068
0.56078
0.544781
0.533162
0.537888
0.553743
0.549573
0.556672
0.547539
0.558303
0.558402
0.567091
0.560871
0.54755
0.537507
0.556481
0.559995
0.549971
0.543586
0.55095
0.55095
0.55513
0.554733
0.557127
0.557127
0.545594
0.54969
0.548343
0.548343
0.556456
0.578561
0.543834
0.563803
0.560149
0.555874
0.559401
0.548131
0.565529
0.557038
0.540365
0.548895
0.544482
0.572717
0.5687
0.553183
0.554614
0.551833
0.568997
0.543972
0.593421
0.567932
0.545512
0.580765
0.537715
0.581153
0.549915
0.568791
0.553914
0.559589
0.56638
0.550468
0.55277
0.549198
0.569355
0.563386
0.566461
0.561005
0.564076
0.576075
0.5679
0.564353
0.573657
0.577503
0.567721
0.550143
0.536547
0.567712
0.578847
0.556666
0.555591
0.591159
0.588363
0.563386
0.568938
0.570101
0.571156
0.565773
0.561542
0.552719
0.559902
0.568555
0.562885
0.557409
0.562592
0.571345
0.567299
0.564713
0.566826
0.592882
0.609362
0.569119
0.557474
0.576141
0.583749
0.583269
0.572015
0.56604
0.577003
0.574795
0.555447
0.554328
0.563908
0.555077
0.559013
0.573148
0.573921
0.564388
0.561102
0.584326
0.575271
0.564388
0.562847
0.574304
0.569108
0.560147
0.560341
0.577185
0.57748
0.56822
0.575168
0.567456
0.553799
0.552138
0.576709
0.575357
0.576417
0.563496
0.587305
0.577374
0.55925
0.577364
0.566003
0.565518
0.570139
0.570139
0.565622
0.553079
0.553079
0.575534
0.572933
0.563496
0.581806
0.572167
0.570339
0.560705
0.581519
0.580064
0.561244
0.553941
0.560106
0.57582
0.584494
0.573606
0.553157
0.568679
0.567416
0.573595
0.57464
0.569254
0.572043
0.579289
0.569533
0.56992
0.56016
0.569726
0.573853
0.580355
0.584022
0.57465
0.573279
0.572328
0.570676
0.573563
0.575501
0.582455
0.580232
0.561132
0.566994
0.577055
0.581499
0.584488
0.575115
0.575312
0.568546
0.571636
0.571722
0.569312
0.583697
0.576067
0.578001
0.584968
0.579343
0.560604
0.571239
0.578483
0.585349
0.576448
0.567747
0.565145
0.576163
0.581376
0.578669
0.574706
0.563308
0.57489
0.586878
0.575174
0.562736
0.577403
0.582236
0.577781
0.573242
0.570248
0.582423
0.584936
0.580004
0.574794
0.58058
0.576784
0.568969
0.56953
0.587644
0.580673
0.578062
0.580673
0.577966
0.582519
0.581244
0.585127
0.580383
0.578638
0.571753
0.569905
0.573988
0.561844
0.574932
0.586843
0.588119
0.592484
0.580383
0.580153
0.582003
0.595962
0.595002
0.575028
0.574504
0.560648
0.593346
0.557198
0.575028
0.579297
0.581047
0.602852
0.584421
0.575506
0.572895
0.59121
0.590732
0.585279
0.575978
0.576637
0.587606
0.57579
0.574402
0.574024
0.586421
0.58751
0.58623
0.589456
0.580431
0.576162
0.586991
0.590602
0.594018
0.582854
0.576443
0.581667
0.575156
0.583995
0.579531
0.572641
0.565574
0.579434
0.595071
0.595359
0.588653
0.59127
0.586514
0.586228
0.584375
0.582805
0.572828
0.585181
0.584185
0.595359
0.580716
0.569675
0.581136
0.591747
0.58447
0.593219
0.593219
0.595358
0.582235
0.570222
0.57638
0.576285
0.580093
0.576287
0.588081
0.594367
0.584755
0.585514
0.585514
0.580095
0.59213
0.585799
0.589987
0.589459
0.586083
0.588226
0.579185
0.582838
0.5957
0.592606
0.577892
0.57975
0.58123
0.586178
0.581324
0.582459
0.586937
0.585513
0.585513
0.581892
0.58927
0.599991
0.58161
0.593464
0.579372
0.586652
0.58331
0.593275
0.586652
0.594415
0.5748
0.591701
0.593083
0.579277
0.571271
0.582459
0.591987
0.592895
0.578994
0.580693
0.592556
0.596944
0.60581
0.596274
0.599088
0.594419
0.585455
0.602519
0.594606
0.590029
0.595081
0.58555
0.59732
0.579843
0.61469
0.608156
0.57501
0.621713
0.583593
0.59928
0.595276
0.590409
0.585833
0.590505
0.590506
0.580054
0.594799
0.591359
0.585575
0.593887
0.605108
0.620443
0.6137
0.587062
0.596699
0.618757
0.601377
0.586873
0.591642
0.595022
0.57725
0.582672
0.594742
0.593793
0.605391
0.596796
0.604388
0.592117
0.591928
0.586875
0.597522
0.590539
0.590539
0.605777
0.601102
0.598755
0.592495
0.589306
0.589306
0.585575
0.605207
0.610369
0.590821
0.577821
0.593227
0.610369
0.589496
0.590631
0.594366
0.596611
0.608887
0.590631
0.570713
0.58933
0.614964
0.612805
0.592022
0.593257
0.605782
0.604679
0.608128
0.61104
0.59784
0.604684
0.614392
0.591109
0.604788
0.621529
0.622487
0.59456
0.592784
0.604778
0.599139
0.606268
0.595885
0.592804
0.582217
0.594745
0.608599
0.598801
0.589144
0.595888
0.605163
0.616512
0.609662
0.602722
0.607318
0.590823
0.589238
0.592055
0.592055
0.61398
0.598609
0.5943
0.605731
0.614738
0.598707
0.605836
0.603206
0.603206
0.6046
0.597471
0.609386
0.604506
0.589617
0.591484
0.595986
0.614067
0.623847
0.611817
0.600956
0.596177
0.602821
0.609111
0.601153
0.595888
0.597945
0.586254
0.578007
0.609681
0.621219
0.589996
0.596943
0.612602
0.609486
0.621809
0.610056
0.601153
0.611924
0.608461
0.593838
0.600867
0.603404
0.605941
0.613698
0.632482
0.606216
0.5944
0.617388
0.61993
0.608186
0.621594
0.59197
0.581568
0.601912
0.614472
0.60331
0.591774
0.618967
0.639256
0.601975
0.587373
0.607089
0.61551
0.617771
0.609762
0.609681
0.609681
0.597695
0.603883
0.615432
0.608667
0.591967
0.628664
0.642181
0.604892
0.610264
0.618976
0.621228
0.60858
0.598238
0.601439
0.605467
0.614378
0.610444
0.596849
0.602775
0.621201
0.624062
0.617413
0.596181
0.612898
0.622783
0.612703
0.597508
0.601642
0.614487
0.616103
0.609975
0.596568
0.611603
0.613756
0.611221
0.614964
0.620519
0.624644
0.61102
0.615245
0.609435
0.60483
0.606141
0.621912
0.604175
0.595737
0.616494
0.618366
0.613194
0.627959
0.622493
0.608975
0.607182
0.618273
0.613273
0.618077
0.613288
0.61413
0.606615
0.619123
0.613865
0.613865
0.6256
0.625329
0.625329
0.629539
0.611221
0.616698
0.617881
0.612847
0.605894
0.621369
0.62589
0.611034
0.611689
0.619309
0.613849
0.618366
0.616018
0.627575
0.61261
0.615925
0.607195
0.613951
0.629831
0.628355
0.614247
0.613662
0.619123
0.619123
0.614145
0.616978
0.615916
0.627481
0.621397
0.614527
0.622877
0.625693
0.61612
0.620902
0.632484
0.612171
0.624945
0.614527
0.620434
0.617844
0.610685
0.614994
0.619421
0.619132
0.623177
0.629644
0.623073
0.620135
0.637985
0.630612
0.621098
0.605315
0.615476
0.624804
0.627155
0.620434
0.626492
0.633057
0.637959
0.62356
0.626377
0.628074
0.63287
0.625444
0.63109
0.628624
0.619421
0.641903
0.641021
0.621565
0.619029
0.643788
0.636694
0.635912
0.619038
0.601186
0.623747
0.652201
0.626865
0.610125
0.610125
0.64217
0.639858
0.631982
0.64237
0.627772
0.626201
0.63259
0.628355
0.62903
0.617919
0.620911
0.62207
0.650753
0.639658
0.636987
0.630705
0.630414
0.630414
0.631503
0.641222
0.630332
0.626564
0.630111
0.628843
0.628843
0.617249
0.637212
0.64058
0.635607
0.636613
0.636825
0.622886
0.63336
0.639458
0.638283
0.630238
0.626969
0.6368
0.635116
0.63081
0.635933
0.637573
0.634344
0.638577
0.628074
0.62207
0.628843
0.6434
0.635745
0.634063
0.64496
0.63336
0.627992
0.632286
0.636613
0.643306
0.643774
0.634274
0.639444
0.638577
0.634156
0.631139
0.635103
0.652811
0.633477
0.627585
0.633033
0.639631
0.6259
0.623157
0.649335
0.641128
0.627783
0.648198
0.645349
0.635627
0.649163
0.642408
0.64935
0.648961
0.63756
0.63804
0.632566
0.63473
0.640927
0.635221
0.651236
0.63907
0.627107
0.641395
0.656719
0.636881
0.647499
0.642596
0.657143
0.636613
0.644477
0.641689
0.645349
0.64809
0.652795
0.647824
0.645349
0.647809
0.634648
0.634648
0.638389
0.647514
0.636507
0.648853
0.64809
0.645457
0.655545
0.650749
0.641738
0.651155
0.649179
0.631713
0.637977
0.636413
0.645645
0.64672
0.655733
0.651343
0.651343
0.670389
0.670389
0.65907
0.650532
0.659983
0.648478
0.639281
0.640152
0.654164
0.65959
0.658399
0.655953
0.652724
0.651827
0.652405
0.641524
0.630929
0.657598
0.659966
0.637002
0.65114
0.650562
0.649446
0.658228
0.65614
0.646129
0.658023
0.662805
0.661643
0.651921
0.650952
0.655185
0.658415
0.665099
0.653507
0.656438
0.660265
0.660188
0.64829
0.651921
0.669807
0.662429
0.648681
0.669713
0.666816
0.643766
0.650734
0.669075
0.654872
0.652866
0.668774
0.657206
0.657896
0.657521
0.661549
0.668905
0.659463
0.647119
0.660546
0.659966
0.665711
0.658976
0.66614
0.664371
0.665033
0.666741
0.662019
0.663189
0.668097
0.668097
0.660734
0.65595
0.661609
0.651722
0.666328
0.66497
0.659573
0.665952
0.678224
0.670637
0.66584
0.673083
0.663301
0.661326
0.668699
0.675078
0.665351
0.664071
0.665351
0.670769
0.677754
0.675757
0.668568
0.674549
0.677014
0.654433
0.6573
0.661925
0.665269
0.666328
0.684491
0.688751
0.655369
0.679596
0.655122
0.657796
0.71153
0.651693
0.674247
0.68062
0.66759
0.675663
0.675549
0.679326
0.661686
0.710816
0.673642
0.651896
0.681342
0.673737
0.690472
0.662761
0.682347
0.675361
0.681625
0.676826
0.678552
0.678552
0.681415
0.681415
0.672405
0.681342
0.681342
0.667684
0.682117
0.689127
0.689083
0.70512
0.680788
0.671896
0.690238
0.684585
0.672386
0.68381
0.689955
0.682268
0.684051
0.674152
0.671877
0.688894
0.699983
0.685228
0.672103
0.68758
0.665522
0.683066
0.679023
0.677599
0.678134
0.694661
0.687791
0.679743
0.683202
0.682971
0.687297
0.693197
0.686098
0.696613
0.690399
0.690399
0.669414
0.690144
0.68166
0.682133
0.693719
0.679405
0.664621
0.69367
0.680923
0.686992
0.692962
0.693931
0.693931
0.691201
0.693693
0.684829
0.684829
0.684409
0.685092
0.687464
0.695882
0.68187
0.693151
0.668322
0.655322
0.663643
0.687885
0.69847
0.700302
0.684105
0.694143
0.701534
0.685512
0.682342
0.698848
0.704509
0.707836
0.694426
0.668529
0.720755
0.679519
0.71457
0.702181
0.693363
0.697335
0.701231
0.702181
0.682153
0.703846
0.708388
0.663943
0.683631
0.712947
0.681146
0.700302
0.681146
0.694143
0.694143
0.690828
0.690828
0.695976
0.71242
0.71242
0.715937
0.687583
0.687583
0.703512
0.694179
0.699497
0.70225
0.718412
0.699354
0.711042
0.715775
0.678302
0.718541
0.712083
0.712083
0.719261
0.719261
0.712894
0.700709
0.712989
0.712705
0.707545
0.709135
0.712722
0.697932
0.71782
0.712083
0.713526
0.705504
0.717288
0.718128
0.698715
0.678075
0.736618
0.706218
0.691668
0.713448
0.683759
0.763416
0.729417
0.69843
0.699023
0.723558
0.712057
0.716786
0.696791
0.694514
0.714287
0.705051
0.707235
0.712747
0.716448
0.724874
0.716041
0.716041
0.710422
0.721111
0.714123
0.735307
0.722182
0.709465
0.723809
0.72259
0.71369
0.710597
0.723122
0.727102
0.729139
0.709655
0.727131
0.711625
0.703035
0.703011
0.727855
0.755062
0.727579
0.714045
0.723379
0.724846
0.726883
0.710622
0.708629
0.724314
0.726788
0.724532
0.719327
0.722059
0.727593
0.728319
0.718987
0.7328
0.745607
0.730383
0.715079
0.725873
0.744652
0.721555
0.728224
0.742523
0.728004
0.723686
0.724695
0.732293
0.732389
0.72594
0.732925
0.737186
0.732705
0.728825
0.733599
0.727498
0.7157
0.738357
0.728891
0.728386
0.728386
0.737468
0.739567
0.742205
0.74605
0.738933
0.732514
0.718335
0.731001
0.723563
0.726036
0.73379
0.730106
0.732264
0.731213
0.741506
0.736678
0.740265
0.75221
0.734489
0.731221
0.750626
0.736552
0.730934
0.73499
0.743221
0.740552
0.740809
0.74268
0.73614
0.743412
0.722717
0.7215
0.757172
0.743094
0.731479
0.739285
0.738651
0.739537
0.745794
0.755073
0.758978
0.747125
0.740557
0.750178
0.753953
0.744488
0.735255
0.75221
0.767358
0.77168
0.734622
0.738872
0.758301
0.742331
0.746518
0.746518
0.74468
0.764005
0.766999
0.766999
0.74858
0.748867
0.749666
0.754665
0.762942
0.746679
0.735764
0.750897
0.755725
0.746775
0.74957
0.756305
0.757658
0.74874
0.762811
0.772159
0.754537
0.749744
0.762715
0.75785
0.751729
0.766029
0.732436
0.777954
0.803974
0.724552
0.778088
0.764971
0.752958
0.748228
0.747877
0.790183
0.745637
0.732467
0.799814
0.773177
0.769543
0.749539
0.778338
0.77805
0.785862
0.754537
0.75145
0.765642
0.764229
0.777457
0.779558
0.763836
0.766605
0.766605
0.736939
0.745128
0.774114
0.774114
0.775299
0.765513
0.770501
0.779846
0.774529
0.778385
0.777984
0.766282
0.773598
0.78193
0.773104
0.771166
0.770081
0.765959
0.750225
0.768475
0.786768
0.774672
0.763287
0.778793
0.776154
0.770886
0.779252
0.771877
0.767337
0.763898
0.779905
0.767696
0.769432
0.786055
0.792453
0.78118
0.784609
0.764824
0.764605
0.781239
0.776407
0.767853
0.782256
0.775888
0.778696
0.773021
0.777984
0.7838
0.777947
0.770806
0.773769
0.765408
0.757365
0.760323
0.767372
0.781507
0.794089
0.800386
0.783625
0.770735
0.783011
0.805241
0.786264
0.78405
0.775792
0.7707
0.766689
0.779279
0.775755
0.776636
0.780816
0.791659
0.784243
0.785548
0.772986
0.78257
0.775526
0.793253
0.777125
0.773829
0.80697
0.810243
0.786978
0.775526
0.787626
0.789038
0.802323
0.778819
0.764177
0.773793
0.794588
0.786843
0.79537
0.79537
0.789752
0.780549
0.794204
0.773011
0.785203
0.793407
0.800635
0.800456
0.800456
0.784168
0.78636
0.808032
0.785935
0.792322
0.804439
0.78927
0.781032
0.784726
0.782266
0.795484
0.793368
0.803637
0.796318
0.761539
0.769594
0.812253
0.807657
0.774478
0.783647
0.806554
0.799932
0.794903
0.776763
0.786247
0.819355
0.829857
0.796551
0.782105
0.783899
0.778262
0.787453
0.805072
0.799133
0.785628
0.793658
0.796979
0.793038
0.814847
0.826073
0.799516
0.79265
0.796027
0.761925
0.794785
0.81241
0.787394
0.794824
0.804024
0.811491
0.828522
0.823482
0.799201
0.801013
0.813035
0.806574
0.766727
0.773501
0.812938
0.808099
0.775096
0.789045
0.813368
0.825976
0.825976
0.823198
0.809879
0.802365
0.811075
0.801207
0.801207
0.799161
0.794921
0.808003
0.80039
0.795251
0.798762
0.814189
0.809685
0.79552
0.807531
0.819222
0.805183
0.796718
0.816441
0.816246
0.792942
0.797536
0.808307
0.8117
0.814767
0.809019
0.794995
0.798003
0.803853
0.806824
0.805418
0.818693
0.824539
0.80395
0.794665
0.794898
0.814092
0.806241
0.787922
0.802406
0.815912
0.799647
0.798334
0.79705
0.810739
0.806574
0.807337
0.810601
0.813143
0.815631
0.820036
0.80931
0.80481
0.813854
0.817687
0.797867
0.799784
0.807157
0.809213
0.801993
0.801507
0.820707
0.824973
0.805728
0.797205
0.797205
0.807198
0.818552
0.805616
0.809407
0.809255
0.817493
0.799784
0.808782
0.833302
0.817925
0.785735
0.785735
0.798887
0.82492
0.802758
0.798264
0.810031
0.826356
0.825966
0.817882
0.817882
0.821995
0.824486
0.832773
0.814334
0.815858
0.794393
0.777731
0.815253
0.826641
0.799944
0.797107
0.813672
0.844181
0.849323
0.812701
0.798732
0.813088
0.828172
0.826259
0.802718
0.767805
0.802365
0.825406
0.806005
0.803343
0.809504
0.829432
0.839237
0.848639
0.827256
0.816919
0.825876
0.845263
0.800413
0.784554
0.835512
0.835364
0.798595
0.794626
0.803423
0.827932
0.852804
0.847712
0.805201
0.800139
0.827646
0.827646
0.819976
0.819976
0.798166
0.833956
0.814474
0.809029
0.811366
0.811366
0.826266
0.852905
0.850943
0.804592
0.800568
0.83723
0.835773
0.813426
0.82406
0.803245
0.815016
0.839822
0.818606
0.811611
0.820898
0.824299
0.825344
0.825592
0.814194
0.82907
0.839772
0.830287
0.816205
0.813469
0.833404
0.825202
0.812196
0.812756
0.832583
0.856673
0.821321
0.803732
0.823005
0.823971
0.819082
0.829799
0.822713
0.82041
0.827016
0.825974
0.825921
0.838443
0.843841
0.832166
0.823581
0.823581
0.807977
0.814109
0.841881
0.831906
0.82658
0.83762
0.838997
0.818367
0.826026
0.839044
0.844036
0.82521
0.831326
0.838802
0.804121
0.818227
0.833673
0.81827
0.822198
0.832198
0.831808
0.832101
0.832634
0.852754
0.847661
0.825352
0.820757
0.841005
0.845264
0.815394
0.821288
0.844036
0.838219
0.82042
0.825397
0.840665
0.851038
0.838997
0.825254
0.83969
0.840064
0.821049
0.823386
0.81665
0.823776
0.83268
0.837472
0.843548
0.832875
0.843743
0.842524
0.842524
0.846142
0.846142
0.836262
0.836601
0.839239
0.816065
0.821916
0.839239
0.839919
0.829363
0.83641
0.848101
0.836941
0.833116
0.841736
0.848491
0.834741
0.846044
0.852018
0.830722
0.813774
0.826947
0.859314
0.841686
0.829175
0.846977
0.846977
0.848345
0.858774
0.842915
0.859463
0.857163
0.846537
0.840066
0.83527
0.84937
0.849718
0.846727
0.839242
0.84086
0.850304
0.846337
0.847906
0.851968
0.853194
0.853094
0.853584
0.853584
0.869269
0.851725
0.829122
0.839677
0.857893
0.855495
0.829806
0.838902
0.856376
0.850988
0.857112
0.850304
0.855787
0.841491
0.85197
0.848345
0.859463
0.868532
0.844717
0.842659
0.859417
0.852851
0.840212
0.838997
0.850941
0.869171
0.856673
0.855643
0.853829
0.849516
0.847945
0.859123
0.859216
0.865643
0.85388
0.849467
0.842368
0.860983
0.872315
0.862751
0.858241
0.862699
0.85182
0.852851
0.856816
0.847896
0.838154
0.855052
0.877079
0.857261
0.850499
0.837865
0.85226
0.875557
0.869863
0.857995
0.863388
0.863582
0.872196
0.865233
0.854906
0.859761
0.860794
0.905254
0.867261
0.794278
0.876036
0.875243
0.848139
0.855347
0.870102
0.844912
0.879976
0.831884
0.831884
0.868634
0.822923
0.894271
0.869076
0.866272
0.887045
0.870687
0.833719
0.873148
0.881734
0.885063
0.873824
0.861418
0.847409
0.850003
0.87442
0.878933
0.865696
0.852746
0.868439
0.887614
0.904226
0.867988
0.839077
0.86093
0.890043
0.869271
0.859907
0.877858
0.882026
0.855001
0.855732
0.869766
0.861865
0.861962
0.861865
0.871971
0.873494
0.886971
0.893882
0.877024
0.861327
0.874268
0.896279
0.895636
0.853038
0.825952
0.868886
0.886568
0.869766
0.866917
0.867553
0.867553
0.862306
0.873794
0.891051
0.90593
0.885746
0.875939
0.883448
0.893142
0.871622
0.841135
0.856809
0.875862
0.874878
0.861671
0.8705
0.883126
0.881943
0.912523
0.891214
0.873245
0.893921
0.880713
0.861813
0.874823
0.882583
0.865595
0.860937
0.871928
0.881617
0.871475
0.866819
0.876141
0.885637
0.892808
0.882291
0.861131
0.868542
0.872025
0.88421
0.876001
0.875351
0.892769
0.880366
0.871971
0.864023
0.879842
0.898285
0.891972
0.874241
0.892808
0.847441
0.899024
0.861124
0.876791
0.88332
0.872413
0.904177
0.896494
0.877138
0.858525
0.886123
0.861474
0.932066
0.877523
0.874866
0.890255
0.865154
0.919021
0.896765
0.857829
0.885099
0.864068
0.88077
0.889817
0.878966
0.854612
0.75682
0.721634
0.749457
0.699041
0.653423
0.624043
0.636008
0.636008
0.561849
0.566018
0.565837
0.556167
0.563507
0.571988
0.579628
0.548487
0.54932
0.52689
0.506044
0.475145
0.470685
0.472153
0.46843
0.464104
0.461925
0.455683
0.463275
0.442457
0.431808
0.429276
0.419871
0.421466
0.425519
0.421916
0.421916
0.40623
0.400353
0.39689
0.411088
0.404999
0.410536
0.410297
0.410888
0.409027
0.400101
0.402473
0.406083
0.395191
0.413335
0.410665
0.410076
0.40623
0.413815
0.410904
0.410389
0.40612
0.413575
0.412911
0.414807
0.415026
0.404041
0.410684
0.413279
0.412855
0.412855
0.417034
0.417884
0.407019
0.411219
0.408879
0.416136
0.409871
0.410372
0.415471
0.413611
0.411255
0.415118
0.413335
0.414715
0.417643
0.422583
0.419538
0.421548
0.414477
0.419952
0.41096
0.415231
0.419446
0.407979
0.415563
0.421524
0.413723
0.417975
0.426524
0.417941
0.409118
0.422791
0.418239
0.417482
0.414203
0.416306
0.424747
0.420503
0.422941
0.425114
0.417034
0.420136
0.413003
0.420537
0.41562
0.413596
0.423699
0.422008
0.415253
0.426524
0.429576
0.415231
0.410648
0.422975
0.422641
0.4133
0.413871
0.417998
0.419929
0.416873
0.429516
0.422791
0.422791
0.417814
0.416009
0.411035
0.40733
0.420985
0.417998
0.423066
0.420319
0.422308
0.42417
0.420344
0.4234
0.424354
0.422308
0.418055
0.413448
0.416158
0.415677
0.414828
0.420802
0.427614
0.418951
0.418951
0.416066
0.421077
0.41864
0.417539
0.420252
0.418537
0.423275
0.423183
0.41181
0.41809
0.424989
0.421526
0.421709
0.422424
0.424262
0.421468
0.420411
0.415459
0.417757
0.416879
0.420194
0.413928
0.414499
0.414294
0.422666
0.416455
0.41555
0.419385
0.411846
0.420527
0.423275
0.417451
0.407294
0.411091
0.415642
0.422758
0.413801
0.415677
0.415677
0.413448
0.421468
0.409468
0.409468
0.415401
0.414499
0.415493
0.406964
0.418079
0.418778
0.416547
0.418778
0.419717
0.419053
0.414773
0.423242
0.407807
0.421043
0.415974
0.409413
0.414647
0.414978
0.419144
0.421733
0.413391
0.414019
0.419053
0.417485
0.416066
0.410495
0.407899
0.412177
0.421193
0.423758
0.416455
0.402981
0.410424
0.416032
0.410683
0.408192
0.414887
0.408192
0.41301
0.416513
0.418595
0.416513
0.408587
0.406634
0.412894
0.410368
0.414224
0.410093
0.421135
0.412929
0.416398
0.411937
0.403568
0.407514
0.416879
0.410642
0.417119
0.411357
0.412894
0.409671
0.410459
0.417508
0.414887
0.414795
0.417359
0.408375
0.416455
0.403056
0.410185
0.405431
0.418181
0.409946
0.414922
0.40799
0.41048
0.416123
0.421309
0.417268
0.40766
0.412894
0.403822
0.403822
0.416879
0.404296
0.40353
0.414978
0.412726
0.408173
0.412951
0.410571
0.408137
0.411937
0.412451
0.409707
0.410789
0.408522
0.417748
0.405724
0.405596
0.411413
0.411413
0.408705
0.412712
0.411175
0.406528
0.408046
0.406016
0.409181
0.410662
0.412403
0.406473
0.406236
0.405541
0.403968
0.404716
0.411175
0.410992
0.413499
0.415127
0.411925
0.409545
0.410256
0.410698
0.417633
0.411449
0.404917
0.411119
0.418238
0.413351
0.406036
0.411743
0.411449
0.404424
0.410571
0.404479
0.410754
0.411049
0.414887
0.413281
0.41147
0.402193
0.400033
0.415366
0.409181
0.411708
0.411413
0.408522
0.413395
0.413395
0.407387
0.409712
0.408633
0.399888
0.407003
0.402265
0.407222
0.404005
0.407131
0.403139
0.405044
0.405044
0.411049
0.406857
0.402775
0.407222
0.417931
0.409474
0.411799
0.407459
0.406912
0.404826
0.406948
0.411252
0.418684
0.409272
0.402102
0.401614
0.409839
0.404953
0.409657
0.398583
0.402629
0.407423
0.404807
0.412164
0.407716
0.407534
0.407368
0.412003
0.409621
0.409054
0.418535
0.413407
0.407241
0.40426
0.40715
0.407296
0.408171
0.40715
0.40715
0.404296
0.397603
0.406639
0.407625
0.403648
0.40715
0.405846
0.409454
0.416359
0.409748
0.406912
0.406912
0.411799
0.405882
0.418742
0.403339
0.403339
0.405645
0.408171
0.399525
0.413851
0.403521
0.403376
0.405554
0.407241
0.405956
0.403557
0.403157
0.404953
0.407752
0.400762
0.409566
0.407843
0.409895
0.400778
0.411582
0.405063
0.400306
0.403103
0.396275
0.407661
0.412822
0.402957
0.401196
0.406556
0.410223
0.402829
0.4063
0.405992
0.4081
0.400633
0.403903
0.410552
0.4057
0.405992
0.401759
0.401614
0.407772
0.410279
0.401395
0.406355
0.410517
0.407716
0.40185
0.401469
0.409008
0.401105
0.411062
0.407863
0.410097
0.403648
0.412662
0.405755
0.398872
0.406556
0.399487
0.410168
0.405264
0.394565
0.393019
0.400176
0.399868
0.396783
0.40185
0.401305
0.399054
0.408903
0.41037
0.401032
0.403394
0.407423
0.399107
0.399941
0.399723
0.398835
0.40432
0.405992
0.404284
0.404411
0.404175
0.399252
0.405719
0.401958
0.406193
0.400411
0.376406
0.369011
0.340419
0.348318
0.302654
0.248275
0.188252
0.177532
0.193787
0.174207
0.146127
0.121678
0.0900479
0.06919
0.00734647
-0.0155962
-0.0290619
-0.0294207
-0.00301458
-0.00431752
-0.00605259
-0.0298031
-0.0364701
-0.0406253
-0.0518924
-0.050022
-0.0452932
-0.0471484
-0.0498484
-0.0432365
-0.0539791
-0.0502084
-0.0541982
-0.0406253
-0.0406253
-0.0518924
-0.0595548
-0.0595548
-0.0564812
-0.0664388
-0.0590906
-0.0526439
-0.0562983
-0.0571215
-0.0544806
-0.050361
-0.0428751
-0.0521635
-0.0496835
-0.0452017
-0.0475289
-0.0567857
-0.0564949
-0.0564278
-0.0594484
-0.05248
-0.059296
-0.0520114
-0.0588321
-0.0592198
-0.0587257
-0.0498356
-0.061009
-0.0563967
-0.0617992
-0.0518807
-0.0545245
-0.0589383
-0.0615474
-0.0547311
-0.0527301
-0.0497805
-0.0654442
-0.058627
-0.056938
-0.0589309
-0.0518594
-0.0443139
-0.0493243
-0.0567768
-0.0544045
-0.0589913
-0.061085
-0.061085
-0.0656963
-0.0656963
-0.0567007
-0.0567007
-0.054036
-0.0579597
-0.0544265
-0.0562135
-0.0607286
-0.0653926
-0.0606991
-0.0585739
-0.063087
-0.0609563
-0.0496074
-0.0588549
-0.0608045
-0.0608277
-0.061085
-0.0631629
-0.0563873
-0.0539601
-0.052273
-0.0608862
-0.0538083
-0.0607518
-0.0584751
-0.0564949
-0.0561597
-0.0565171
-0.0612897
-0.0558342
-0.058779
-0.0489657
-0.0606002
-0.0635427
-0.0583462
-0.061313
-0.0549052
-0.0662282
-0.0569289
-0.0589002
-0.0610617
-0.0564727
-0.0634903
-0.0611312
-0.0611312
-0.0515223
-0.0567768
-0.0540578
-0.0588017
-0.0515982
-0.0539601
-0.0566784
-0.0584674
-0.0611841
-0.0560302
-0.0698507
-0.0606463
-0.0562356
-0.0563207
-0.0565709
-0.05824
-0.0630821
-0.0652375
-0.0623484
-0.0557271
-0.0559859
-0.0632861
-0.0606463
-0.0607749
-0.0605475
-0.058369
-0.0585207
-0.0546224
-0.0579597
-0.0630586
-0.0586725
-0.0661001
-0.0660002
-0.0609794
-0.0562893
-0.0560617
-0.0537759
-0.0610024
-0.0649585
-0.0585207
-0.0584674
-0.0585433
-0.061161
-0.0633096
-0.0638755
-0.0542312
-0.054112
-0.0608804
-0.0591135
-0.0568528
-0.0651617
-0.0638467
-0.0630063
-0.0611769
-0.0591363
-0.0653371
-0.0585433
-0.0676443
-0.0631579
-0.0613059
-0.062593
-0.0653371
-0.0561279
-0.0561279
-0.0562576
-0.0589002
-0.0638702
-0.059007
-0.0581868
-0.0581868
-0.0609266
-0.0590296
-0.0633854
-0.0583158
-0.063689
-0.0606991
-0.0640514
-0.0567768
-0.0567768
-0.0589002
-0.0606463
-0.061161
-0.0654129
-0.0512826
-0.0563114
-0.0563114
-0.0583384
-0.0612071
-0.0657682
-0.0542639
-0.0562135
-0.0609794
-0.0609794
-0.0563873
-0.0542856
-0.0519567
-0.0543504
-0.0583384
-0.0588321
-0.0583384
-0.0569067
-0.058156
-0.0577469
-0.0680748
-0.0555978
-0.0658961
-0.0656445
-0.0544703
-0.0610553
-0.0629016
-0.0610024
-0.0581336
-0.0632045
-0.0608736
-0.0563652
-0.0610783
-0.0588243
-0.0536459
-0.0583916
-0.0653651
-0.0630005
-0.06123
-0.0635663
-0.0676957
-0.0607449
-0.0586725
-0.0612071
-0.0633854
-0.0656923
-0.0612071
-0.0585433
-0.0610024
-0.0636422
-0.0607676
-0.0608964
-0.0654129
-0.0633096
-0.0660241
-0.0657682
-0.0654887
-0.0679231
-0.0579514
-0.0558565
-0.0605405
-0.0610024
-0.0610024
-0.0542096
-0.0542096
-0.0624943
-0.0679502
-0.0630063
-0.0585966
-0.056106
-0.0653132
-0.0725104
-0.0584365
-0.0654603
-0.0587932
-0.0604948
-0.0637942
-0.0631579
-0.0564092
-0.0607449
-0.063362
-0.0611769
-0.0587174
-0.0676443
-0.0679746
-0.0697488
-0.0588549
-0.0534944
-0.0701027
-0.0609266
-0.0677958
-0.0563114
-0.0543071
-0.0631288
-0.0679474
-0.0628782
-0.0586415
-0.0701027
-0.0629827
-0.0560617
-0.0653371
-0.0538948
-0.0566469
-0.0622676
-0.0630586
-0.0604948
-0.0580579
-0.0538301
-0.0540578
-0.0633385
-0.0627268
-0.0683298
-0.0632103
-0.0605705
-0.0625232
-0.0632861
