-0.0400186
-0.0470966
-0.0428522
-0.0430359
-0.0441787
-0.0471254
-0.0472973
-0.0386583
-0.0442388
-0.0472186
-0.0458029
-0.0429715
-0.0414549
-0.0400483
-0.0430133
-0.0456587
-0.0415385
-0.0414549
-0.0472749
-0.0459006
-0.049915
-0.0414724
-0.0444335
-0.0373136
-0.0458828
-0.0472112
-0.0443779
-0.0429942
-0.0400152
-0.0456493
-0.0485043
-0.0414813
-0.044262
-0.0469489
-0.0484676
-0.0415603
-0.0428971
-0.0457194
-0.0399102
-0.0415186
-0.0444104
-0.0444104
-0.044313
-0.044313
-0.042879
-0.0400355
-0.0400656
-0.0428327
-0.0429715
-0.044174
-0.0459148
-0.0471575
-0.0485143
-0.0457564
-0.0441461
-0.0385496
-0.0429388
-0.0412834
-0.0428418
-0.0458352
-0.0472381
-0.0445031
-0.0458446
-0.0430776
-0.0458493
-0.0429017
-0.0442852
-0.0470003
-0.0443547
-0.0456602
-0.0471498
-0.0484993
-0.0428001
-0.0415186
-0.0401361
-0.0415054
-0.0470644
-0.0430133
-0.0442527
-0.0441553
-0.0458219
-0.0444568
-0.0442481
-0.0500086
-0.0457469
-0.0471352
-0.0457099
-0.0456682
-0.042782
-0.042782
-0.0444197
-0.0442715
-0.0429073
-0.0413669
-0.0457516
-0.046976
-0.0456682
-0.0385705
-0.0443408
-0.0442156
-0.0456505
-0.0428509
-0.0456729
-0.0443037
-0.0471206
-0.0402283
-0.0428655
-0.0457146
-0.04714
-0.0415781
-0.0427676
-0.0415692
-0.0414505
-0.0430776
-0.0458076
-0.042976
-0.048546
-0.0414087
-0.0457146
-0.0443224
-0.0414175
-0.0400023
-0.0414219
-0.0457802
-0.0444151
-0.0443177
-0.0445031
-0.047172
-0.0457052
-0.0415364
-0.0443501
-0.0442481
-0.0415186
-0.0429073
-0.0415977
-0.0415603
-0.0470692
-0.0528041
-0.041468
-0.0401822
-0.0413846
-0.0426297
-0.040103
-0.0443271
-0.040149
-0.0456587
-0.0429017
-0.0414131
-0.0428192
-0.0430223
-0.0442898
-0.0443687
-0.0443037
-0.0443547
-0.0472332
-0.0457289
-0.0443501
-0.0457706
-0.0428418
-0.0500605
-0.0458636
-0.0500188
-0.0443779
-0.0456446
-0.0443178
-0.0428745
-0.0471449
-0.041523
-0.0485877
-0.0429806
-0.042888
-0.0443224
-0.0442667
-0.0459292
-0.0429988
-0.0459148
-0.0414769
-0.0458219
-0.0471915
-0.0430731
-0.0429298
-0.0457337
-0.0472847
-0.0484993
-0.0485043
-0.0456921
-0.040083
-0.041334
-0.0443454
-0.0457242
-0.042976
-0.0444057
-0.0471352
-0.041587
-0.0441971
-0.044313
-0.047243
-0.0414769
-0.0443454
-0.0470518
-0.0430314
-0.0472381
-0.0442944
-0.0442713
-0.0442573
-0.0444474
-0.0428745
-0.0414131
-0.0456682
-0.0429434
-0.0414858
-0.0442573
-0.0456312
-0.0442667
-0.0402497
-0.0428835
-0.0473264
-0.0442944
-0.0403088
-0.0429571
-0.042948
-0.0386755
-0.047243
-0.0429388
-0.0472381
-0.0430223
-0.042791
-0.04286
-0.0457005
-0.0443177
-0.0415516
-0.0458123
-0.0455896
-0.0415409
-0.0457802
-0.0414903
-0.0457242
-0.0429201
-0.0429806
-0.0445263
-0.0414636
-0.044313
-0.0413846
-0.0458588
-0.0443964
-0.0457482
-0.0428092
-0.0415454
-0.0401073
-0.0415692
-0.048406
-0.0499201
-0.0458076
-0.040149
-0.0486027
-0.0457242
-0.0416527
-0.0415559
-0.0414947
-0.0427402
-0.043045
-0.0431284
-0.0428926
-0.0386916
-0.040044
-0.048406
-0.0429298
-0.0443454
-0.042971
-0.0429388
-0.0414352
-0.0416242
-0.0458636
-0.0456729
-0.0457469
-0.0430126
-0.0443547
-0.0443594
-0.044174
-0.0458541
-0.0415409
-0.0457611
-0.0373218
-0.0443408
-0.0443829
-0.0427955
-0.0443037
-0.0415385
-0.0429617
-0.0428327
-0.0399519
-0.0428971
-0.0458636
-0.0429806
-0.0471498
-0.0428237
-0.0442713
-0.0530392
-0.0484845
-0.0456028
-0.0443964
-0.0416242
-0.0471769
-0.0443734
-0.0443547
-0.0444151
-0.0414858
-0.0443316
-0.0416615
-0.0457659
-0.041468
-0.0401159
-0.0401751
-0.0428926
-0.0445866
-0.0471597
-0.0444289
-0.0443918
-0.0460495
-0.0386832
-0.0428745
-0.0444011
-0.0456777
-0.0470371
-0.0429253
-0.040149
-0.041468
-0.0471672
-0.044299
-0.042879
-0.0400612
-0.0485977
-0.0471817
-0.0413802
-0.041501
-0.0457052
-0.0471866
-0.0457516
-0.0444289
-0.0429298
-0.0473264
-0.0471449
-0.0444243
-0.0443454
-0.0443454
-0.0458123
-0.0443408
-0.0485262
-0.0500707
-0.0413846
-0.0429988
-0.0472063
-0.0472381
-0.0431284
-0.0415142
-0.0429388
-0.0400773
-0.0443594
-0.0415275
-0.0457146
-0.0484795
-0.0428971
-0.0443454
-0.0371967
-0.0471915
-0.0415603
-0.0470935
-0.0415186
-0.0443872
-0.0457754
-0.0401951
-0.0456825
-0.0414307
-0.0484944
-0.0415692
-0.044313
-0.0442713
-0.0457659
-0.0401663
-0.0443083
-0.0459841
-0.0456122
-0.0400109
-0.0457146
-0.0429343
-0.0485927
-0.0401447
-0.0458911
-0.0471866
-0.0429253
-0.0442388
-0.0471993
-0.040044
-0.0429942
-0.0429343
-0.0386456
-0.0458267
-0.0443037
-0.0442852
-0.0415275
-0.040103
-0.0456587
-0.0429118
-0.0429715
-0.0416571
-0.0444938
-0.0444938
-0.040044
-0.0428655
-0.0345284
-0.0427775
-0.0443178
-0.0458636
-0.045636
-0.0428835
-0.0444382
-0.0457146
-0.0458076
-0.0471082
-0.0442573
-0.0416109
-0.0414307
-0.0430405
-0.0416109
-0.0457194
-0.0429434
-0.0457282
-0.0415255
-0.0456958
-0.0442944
-0.0387502
-0.044313
-0.0430731
-0.04727
-0.042976
-0.0414307
-0.0429298
-0.0456958
-0.0428463
-0.0442898
-0.0414813
-0.0429253
-0.0472332
-0.0415319
-0.0471915
-0.0458446
-0.0415454
-0.0444428
-0.0457194
-0.0458076
-0.0472847
-0.0429155
-0.0416659
-0.0471548
-0.0429298
-0.0457754
-0.0456312
-0.0399692
-0.0399059
-0.0473487
-0.0443362
-0.0388127
-0.0441646
-0.0472381
-0.0444104
-0.0457516
-0.0428418
-0.0442944
-0.042694
-0.0430314
-0.0442156
-0.0400066
-0.0457242
-0.0414263
-0.0472332
-0.048571
-0.0416332
-0.0457194
-0.0456587
-0.0430178
-0.044313
-0.0428192
-0.0414769
-0.0472283
-0.0430034
-0.0442713
-0.0473312
-0.0416901
-0.042948
-0.0429343
-0.0471672
-0.0429434
-0.0471672
-0.0442063
-0.0456446
-0.0442156
-0.0459709
-0.0443825
-0.0400987
-0.0457146
-0.0457146
-0.0444057
-0.0500605
-0.044276
-0.0401576
-0.0401576
-0.0442481
-0.0415692
-0.0371843
-0.0416615
-0.0471597
-0.0444521
-0.0457052
-0.0428463
-0.048571
-0.0444568
-0.0414813
-0.0429343
-0.042888
-0.0416242
-0.0458123
-0.0400901
-0.0357272
-0.0457469
-0.0472332
-0.0402325
-0.0400773
-0.0457802
-0.0428971
-0.0429253
-0.0429571
-0.0428463
-0.0401707
-0.044262
-0.0444474
-0.0386372
-0.0443037
-0.0456873
-0.0429434
-0.041468
-0.0400612
-0.0458171
-0.0415781
-0.0387128
-0.0498998
-0.041587
-0.0428926
-0.0415603
-0.0429851
-0.0443547
-0.0428835
-0.0444428
-0.0429988
-0.0443734
-0.0458076
-0.0414903
-0.0471352
-0.044262
-0.0414396
-0.0429942
-0.0429571
-0.0416512
-0.0428092
-0.0415364
-0.0442855
-0.0385871
-0.0403176
-0.0442017
-0.0500445
-0.0429207
-0.0415603
-0.0443829
-0.0429617
-0.0444151
-0.0415692
-0.0471769
-0.0471964
-0.0445542
-0.0443408
-0.0429896
-0.0429851
-0.0430686
-0.0471303
-0.0474098
-0.0444382
-0.047013
-0.0457434
-0.0429155
-0.0415364
-0.0415603
-0.041501
-0.0416242
-0.038746
-0.0457005
-0.0428745
-0.04727
-0.0457564
-0.044299
-0.044211
-0.0414396
-0.0458588
-0.0428237
-0.0400816
-0.0457289
-0.0484727
-0.0459053
-0.0400282
-0.044313
-0.0457706
-0.041523
-0.0443641
-0.0443734
-0.0457611
-0.0473093
-0.0471817
-0.041587
-0.0472604
-0.0471303
-0.0458171
-0.0386331
-0.0455335
-0.048571
-0.0458123
-0.0373218
-0.0373218
-0.0457242
-0.0473681
-0.0443083
-0.0469857
-0.0401951
-0.0443964
-0.0458541
-0.0401447
-0.0442713
-0.0399779
-0.0401951
-0.0458029
-0.0401361
-0.04287
-0.0415825
-0.041587
-0.0385454
-0.0471449
-0.0430133
-0.0486344
-0.0499618
-0.0401203
-0.0428092
-0.0415275
-0.0457706
-0.0486444
-0.0414724
-0.0416021
-0.0443547
-0.0414592
-0.0415559
-0.0430268
-0.0429851
-0.0471646
-0.0386669
-0.0458076
-0.0472381
-0.0457659
-0.0457659
-0.0459101
-0.0414396
-0.0415409
-0.0471696
-0.0441693
-0.0430551
-0.0457337
-0.0401159
-0.0444335
-0.046059
-0.04286
-0.0428835
-0.0472186
-0.0443454
-0.0473312
-0.0428693
-0.0473264
-0.0428373
-0.0444057
-0.0429942
-0.0457146
-0.0471033
-0.0443964
-0.0416615
-0.045654
-0.0485761
-0.044313
-0.0428835
-0.0428509
-0.0441925
-0.0415559
-0.0414813
-0.0444197
-0.0442573
-0.0442573
-0.0387208
-0.041501
-0.0429388
-0.0400313
-0.0414592
-0.0442017
-0.0386624
-0.0414636
-0.0443177
-0.0444428
-0.043008
-0.040103
-0.0443177
-0.0416483
-0.0472381
-0.0386414
-0.0487278
-0.047148
-0.0443829
-0.0429942
-0.0513411
-0.0443734
-0.0399605
-0.0443501
-0.047123
-0.0416332
-0.0415648
-0.0415648
-0.0444151
-0.0431239
-0.0387417
-0.0429715
-0.0456873
-0.0428059
-0.0428926
-0.0428971
-0.0428835
-0.0441925
-0.0429571
-0.0472896
-0.0401663
-0.0456553
-0.0429017
-0.0443734
-0.0400109
-0.0417032
-0.0415275
-0.0442667
-0.0429063
-0.0429063
-0.0415409
-0.0430405
-0.0430405
-0.0458267
-0.0414115
-0.0471817
-0.0445355
-0.0401159
-0.041523
-0.0401203
-0.0401203
-0.0429988
-0.0472528
-0.045846
-0.0458315
-0.0455896
-0.0471062
-0.0442713
-0.0444474
-0.045934
-0.0414903
-0.0430588
-0.0428046
-0.0458924
-0.0458123
-0.0443224
-0.0416615
-0.0416615
-0.0459148
-0.0430731
-0.0416483
-0.0486494
-0.0387709
-0.0458123
-0.0372801
-0.0443408
-0.041523
-0.0443872
-0.0400858
-0.0458684
-0.0458684
-0.0457564
-0.042888
-0.0444104
-0.0485244
-0.0445773
-0.0401447
-0.0401994
-0.0401994
-0.0472507
-0.0414486
-0.0443037
-0.0415186
-0.0429942
-0.0428463
-0.0457422
-0.0429298
-0.0400987
-0.0400656
-0.0442527
-0.0469857
-0.0444568
-0.0429155
-0.0444435
-0.0443734
-0.0430588
-0.0430588
-0.0458219
-0.0458779
-0.0415825
-0.0431467
-0.0444292
-0.0487678
-0.0429896
-0.0416659
-0.0473142
-0.0472013
-0.0428926
-0.0472186
-0.0429851
-0.0443641
-0.0456456
-0.0431239
-0.0458267
-0.0473509
-0.040149
-0.0443734
-0.041468
-0.0427447
-0.0374716
-0.0443641
-0.0444615
-0.0499567
-0.0430359
-0.0457754
-0.0472847
-0.0430731
-0.0472261
-0.047172
-0.0416704
-0.0416704
-0.0457802
-0.0459565
-0.040103
-0.0430776
-0.0442808
-0.040149
-0.047243
-0.0415692
-0.0399275
-0.0403418
-0.0416332
-0.0444521
-0.0416659
-0.0416659
-0.0429988
-0.0444151
-0.0460174
-0.0430314
-0.0457706
-0.0485244
-0.0429806
-0.0414531
-0.0444568
-0.0417582
-0.0417582
-0.0443547
-0.0401116
-0.0442391
-0.0430913
-0.0442713
-0.0472479
-0.0472479
-0.0458876
-0.0458828
-0.041523
-0.0430542
-0.0445589
-0.0416376
-0.0457802
-0.045907
-0.0444985
-0.044276
-0.0486278
-0.0387587
-0.0461055
-0.0529558
-0.0529558
-0.0461664
-0.0389884
-0.0417165
-0.0459486
-0.04468
-0.0460318
-0.0405194
-0.0390142
-0.0390404
-0.0290701
-0.0332914
-0.034809
-0.0327782
-0.0340496
-0.0382902
-0.0448901
-0.0503249
-0.0608656
-0.0957535
-0.0927929
-0.108607
-0.0946336
-0.0716652
-0.0426698
-0.0347274
-0.0313619
-0.0223064
-0.0253036
-0.0241402
-0.0179732
-0.0240016
-0.0311958
-0.0213242
-0.024158
-0.0226864
-0.0184687
-0.0226993
-0.0184442
-0.022816
-0.0227353
-0.0270495
-0.024185
-0.0200227
-0.02278
-0.019938
-0.0229226
-0.019845
-0.025644
-0.0199865
-0.0227843
-0.0170239
-0.02273
-0.0255452
-0.0256708
-0.0312713
-0.0255452
-0.0213305
-0.0229586
-0.0200268
-0.0215255
-0.0227267
-0.0214767
-0.0227396
-0.0228333
-0.0270542
-0.024346
-0.0283246
-0.0269952
-0.0270589
-0.0242834
-0.0227886
-0.0213559
-0.0257118
-0.0228953
-0.024185
-0.0245161
-0.0227886
-0.0242967
-0.0242072
-0.0271582
-0.0256037
-0.0228736
-0.0214449
-0.0200713
-0.0255635
-0.0229182
-0.0227267
-0.0242386
-0.0213305
-0.0243281
-0.0257741
-0.0256083
-0.0283697
-0.0242565
-0.0270186
-0.0248864
-0.0319007
-0.030883
-0.0330948
-0.0466254
-0.0435844
-0.0408005
-0.0450413
-0.0481397
-0.0382833
-0.0367733
-0.042312
-0.0412171
-0.0422982
-0.0449414
-0.04806
-0.0479782
-0.0340871
-0.0381238
-0.0370063
-0.0438893
-0.0437364
-0.0439224
-0.0478868
-0.0449355
-0.046487
-0.0397456
-0.0424571
-0.0437164
-0.0452617
-0.0394557
-0.045088
-0.0382097
-0.0396198
-0.046513
-0.0451356
-0.0438294
-0.0465337
-0.0451015
-0.0408931
-0.0409524
-0.0397456
-0.0479875
-0.0452823
-0.0397456
-0.0437168
-0.040947
-0.0354307
-0.0260923
-0.014116
-0.0201714
-0.019088
-0.00249555
0.0243685
0.0219963
0.0219963
0.00435523
-0.0522948
-0.0805991
-0.0780605
-0.0730933
-0.0681441
-0.0621761
-0.0594403
-0.0608725
-0.0583745
-0.0606471
-0.0608836
-0.0497548
-0.0412918
-0.0362946
-0.0350818
-0.0425608
-0.0387164
-0.0400408
-0.0460573
-0.0376571
-0.0363338
-0.0352093
-0.0363119
-0.0363668
-0.0472486
-0.0388431
-0.0423764
-0.0388075
-0.037426
-0.0373188
-0.0387941
-0.0374877
-0.043667
-0.0438001
-0.0399638
-0.0386996
-0.0363027
-0.044879
-0.0336739
-0.00971103
0.01693
0.0647065
0.107883
0.136119
0.155919
0.165498
0.150763
0.134722
0.132437
0.138913
0.13359
0.129332
0.134575
0.139737
0.127995
0.126034
0.125106
0.120766
0.110273
0.091725
0.105337
0.0955531
0.0977869
0.0936201
0.0956874
0.0913653
0.0967484
0.0954628
0.0987111
0.0976365
0.0935945
0.0861207
0.0840688
0.0892537
0.0871431
0.0925661
0.0935606
0.0934305
0.0915426
0.0914736
0.0902786
0.0892432
0.0849888
0.0872659
0.0892647
0.0849938
0.0881727
0.0872615
0.0859192
0.0893322
0.090264
0.0924337
0.0850335
0.0861393
0.0862965
0.0819193
0.0849765
0.0851129
0.0818733
0.0807203
0.0809022
0.0851179
0.0862185
0.0827082
0.0862489
0.0828966
0.0839593
0.0806863
0.0788212
0.0797039
0.0787211
0.0830107
0.0850732
0.0797814
0.0787141
0.0809994
0.0830506
0.0807373
0.0861872
0.0818512
0.079687
0.0787919
0.0743465
0.0819653
0.0807605
0.0818682
0.0776331
0.0795831
0.0809317
0.0819712
0.0787141
0.0819533
0.0786905
0.0765592
0.0787545
0.07755
0.0779089
0.0786905
0.0776736
0.0807774
0.0766389
0.0828679
0.0775905
0.081857
0.0765262
0.0753634
0.0776331
0.0764989
0.0764989
0.0766403
0.0766403
0.079687
0.0796
0.0764616
0.0774619
0.0721932
0.0745014
0.073208
0.0755261
0.0767379
0.0743873
0.0765427
0.0747052
0.0744851
0.0744526
0.0765818
0.0756485
0.0742405
0.071233
0.0735009
0.0713539
0.0721903
0.0755097
0.0755182
0.0733546
0.076696
0.076696
0.0743221
0.0765172
0.0755254
0.0734761
0.0701886
0.0724023
0.0734439
0.0714081
0.0690107
0.0754448
0.0701158
0.0754854
0.073461
0.071249
0.071265
0.072249
0.072413
0.072249
0.0712942
0.0712054
0.0744526
0.0713764
0.0678905
0.0732735
0.072249
0.072208
0.0711987
0.0722241
0.0680775
0.068995
0.0691249
0.0711348
0.0701378
0.0732728
0.0733546
0.070236
0.0670822
0.0682228
0.0712147
0.0679946
0.072249
0.0713312
0.0690934
0.0690678
0.0658995
0.0733298
0.0712465
0.0754691
0.0691406
0.0701253
0.068995
0.070176
0.0647342
0.0647342
0.0691445
0.0765155
0.0798142
0.0955938
0.108672
0.126909
0.138599
0.148365
0.161268
0.173609
0.159006
0.119329
0.15565
0.186367
0.183373
0.188973
0.20957
0.222886
0.24219
0.23644
0.22627
0.224484
0.246427
0.241999
0.234028
0.244518
0.238141
0.241145
0.238094
0.230764
0.237215
0.240208
0.236171
0.228942
0.227754
0.227736
0.233823
0.242058
0.241193
0.228819
0.222503
0.236958
0.24111
0.239012
0.244321
0.233991
0.237862
0.236796
0.233936
0.244059
0.237944
0.229783
0.236807
0.233657
0.240717
0.232973
0.235975
0.244035
0.241949
0.245949
0.244911
0.232834
0.236118
0.234806
0.238101
0.241074
0.241062
0.236866
0.23087
0.23395
0.239
0.24015
0.239984
0.235648
0.237888
0.249243
0.242883
0.235781
0.23264
0.235637
0.244906
0.246852
0.238646
0.238646
0.234733
0.244117
0.244893
0.238823
0.23357
0.233545
0.237677
0.236824
0.241973
0.248159
0.243743
0.236716
0.235569
0.23551
0.245922
0.246875
0.24061
0.237463
0.237654
0.232439
0.242413
0.242678
0.238659
0.240752
0.240848
0.250922
0.240657
0.229375
0.237499
0.245781
0.245462
0.24373
0.238516
0.239664
0.238754
0.232382
0.23239
0.249202
0.245694
0.229183
0.229362
0.238623
0.250743
0.254911
0.238564
0.236327
0.247986
0.240788
0.239842
0.232285
0.236402
0.23529
0.233296
0.250671
0.241757
0.226454
0.2397
0.238493
0.242737
0.238565
0.234346
0.244598
0.244564
0.238611
0.24362
0.24878
0.244793
0.240442
0.241614
0.243584
0.242749
0.24055
0.245173
0.230391
0.245522
0.234353
0.236437
0.247004
0.238397
0.242567
0.246725
0.242522
0.23431
0.236521
0.245419
0.251995
0.239378
0.241433
0.243607
0.237181
0.242674
0.238459
0.243524
0.250916
0.240501
0.238577
0.23553
0.238553
0.243618
0.244466
0.25044
0.242401
0.23866
0.245714
0.243607
0.235305
0.240429
0.239318
0.241457
0.240632
0.240453
0.236213
0.238267
0.240369
0.243353
0.245333
0.240238
0.228062
0.238041
0.2434
0.237336
0.24635
0.24216
0.248471
0.248457
0.236165
0.232034
0.228176
0.24253
0.247441
0.227097
0.231027
0.24339
0.248605
0.249594
0.240273
0.236166
0.253525
0.247468
0.238005
0.228961
0.227858
0.239283
0.24871
0.234207
0.228043
0.241491
0.248411
0.239187
0.242457
0.246415
0.241311
0.238185
0.240285
0.239163
0.239211
0.240141
0.238602
0.253315
0.253315
0.235316
0.244507
0.237062
0.249398
0.247528
0.234139
0.233018
0.240464
0.247477
0.247546
0.242156
0.240117
0.240321
0.243349
0.238256
0.237146
0.245572
0.244419
0.242387
0.237146
0.237051
0.239247
0.241203
0.241288
0.242278
0.247629
0.248139
0.238971
0.234256
0.240142
0.244364
0.243396
0.238328
0.233177
0.23736
0.24106
0.245476
0.236299
0.243265
0.245123
0.244367
0.245595
0.243362
0.236121
0.239127
0.243278
0.235977
0.235044
0.241252
0.23704
0.237039
0.23711
0.250383
0.245247
0.238244
0.238137
0.247446
0.2402
0.237159
0.238983
0.241095
0.239199
0.236992
0.237111
0.238161
0.245423
0.247464
0.246355
0.238089
0.243227
0.246145
0.237218
0.24212
0.243109
0.243351
0.23797
0.23165
0.237886
0.247353
0.239055
0.243745
0.235883
0.237041
0.251275
0.241057
0.23785
0.241988
0.248313
0.251013
0.237683
0.232817
0.238875
0.236957
0.240069
0.24282
0.236097
0.237778
0.246061
0.239971
0.23797
0.247178
0.238959
0.240092
0.248273
0.23711
0.241033
0.244072
0.240176
0.243923
0.242925
0.237993
0.240985
0.240056
0.24489
0.241128
0.238995
0.249135
0.24491
0.243011
0.243216
0.240032
0.243011
0.242974
0.237017
0.233854
0.240344
0.243045
0.233524
0.23393
0.244119
0.252216
0.24313
0.250153
0.248222
0.234882
0.245133
0.237958
0.239972
0.24535
0.239826
0.228459
0.223608
0.24517
0.249126
0.2358
0.24113
0.248188
0.245263
0.244059
0.248253
0.246158
0.246195
0.236087
0.241949
0.24524
0.241067
0.239163
0.245163
0.255445
0.24529
0.233797
0.235064
0.241116
0.242057
0.241926
0.240008
0.245047
0.240889
0.232888
0.240827
0.240164
0.237898
0.237815
0.249121
0.254211
0.240068
0.234931
0.246284
0.241045
0.240851
0.235919
0.234944
0.244022
0.238959
0.240054
0.243008
0.233775
0.243986
0.24698
0.237671
0.236922
0.243926
0.241911
0.244863
0.242057
0.236838
0.237718
0.240827
0.237695
0.235742
0.241997
0.241851
0.233797
0.241067
0.244032
0.24614
0.2419
0.246104
0.25123
0.244863
0.23357
0.23468
0.241902
0.237851
0.233797
0.237695
0.249144
0.242755
0.239875
0.239875
0.239079
0.245951
0.241273
0.241273
0.231985
0.228763
0.242093
0.243271
0.243201
0.245043
0.251245
0.240975
0.240997
0.250222
0.254142
0.243839
0.238731
0.23562
0.234657
0.237982
0.241924
0.242009
0.235897
0.247349
0.256406
0.240971
0.222573
0.24096
0.257179
0.247049
0.244032
0.240985
0.237101
0.242166
0.244056
0.230959
0.233941
0.245273
0.248211
0.243826
0.238851
0.243896
0.249138
0.246952
0.237922
0.242901
0.237862
0.240852
0.241043
0.234777
0.251237
0.252403
0.229579
0.235516
0.249192
0.244993
0.243826
0.244886
0.236849
0.229774
0.242151
0.254487
0.24014
0.234906
0.244092
0.240043
0.239127
0.246127
0.236742
0.228414
0.237767
0.241824
0.230679
0.227743
0.240849
0.244749
0.246818
0.237623
0.231527
0.239862
0.240813
0.240584
0.240766
0.24567
0.249699
0.253824
0.244813
0.243766
0.248137
0.247072
0.24996
0.249857
0.242789
0.244656
0.241693
0.243836
0.252156
0.237743
0.239766
0.244943
0.243873
0.252164
0.248363
0.232668
0.235683
0.240766
0.245832
0.237695
0.236599
0.247883
0.239888
0.235753
0.241898
0.241127
0.239621
0.242922
0.248072
0.248803
0.231502
0.232693
0.251014
0.24503
0.235837
0.244846
0.245989
0.230588
0.233668
0.252216
0.249744
0.237719
0.247054
0.237659
0.244956
0.242896
0.236791
0.244859
0.243946
0.240815
0.239814
0.237755
0.236839
0.234929
0.246251
0.251074
0.234599
0.249221
0.250954
0.238647
0.237863
0.241043
0.241764
0.249035
0.23585
0.231865
0.240983
0.242886
0.241995
0.242946
0.239802
0.244749
0.248826
0.245116
0.242836
0.23685
0.239946
0.239862
0.237695
0.23479
0.233862
0.242943
0.240982
0.235766
0.252194
0.249072
0.241971
0.238791
0.237671
0.242875
0.2418
0.23879
0.237911
0.238755
0.239031
0.240909
0.237767
0.236455
0.240706
0.250118
0.244712
0.233695
0.240911
0.239776
0.239694
0.231506
0.22743
0.249043
0.252111
0.236719
0.237539
0.242666
0.241789
0.248151
0.23855
0.239657
0.244846
0.237707
0.238922
0.236647
0.243139
0.247878
0.233657
0.240606
0.249975
0.230368
0.239862
0.243692
0.23455
0.236587
0.235004
0.239958
0.243979
0.239875
0.246016
0.24686
0.239743
0.240755
0.24691
0.240935
0.242886
0.238946
0.237863
0.243689
0.232799
0.235695
0.25302
0.237707
0.240658
0.246966
0.240608
0.246823
0.236779
0.243823
0.24292
0.241826
0.241703
0.240815
0.238706
0.239681
0.23372
0.233433
0.236815
0.252043
0.245568
0.233584
0.243969
0.248811
0.237695
0.233635
0.251007
0.242593
0.234599
0.244699
0.237815
0.240549
0.237647
0.235792
0.225328
0.238586
0.24168
0.236635
0.236683
0.240802
0.250721
0.245906
0.240631
0.250706
0.241596
0.237743
0.23578
0.240573
0.239512
0.241742
0.230387
0.232398
0.239693
0.244846
0.238429
0.247706
0.2418
0.240753
0.241778
0.240789
0.239657
0.236539
0.234586
0.245841
0.233564
0.236839
0.243796
0.248123
0.246846
0.237659
0.241802
0.244518
0.238742
0.23566
0.226345
0.224598
0.253907
0.240595
0.234537
0.245818
0.239791
0.252089
0.237707
0.227449
0.249803
0.244796
0.236563
0.243909
0.231407
0.232423
0.245874
0.239669
0.241484
0.241787
0.244749
0.239585
0.234646
0.236659
0.240897
0.236575
0.235456
0.23672
0.23672
0.231608
0.237863
0.240766
0.245721
0.241778
0.241778
0.241847
0.240801
0.236659
0.234742
0.240682
0.240682
0.240571
0.237539
0.235874
0.24264
0.252066
0.238707
0.236575
0.236671
0.243602
0.23867
0.229427
0.24389
0.247966
0.237767
0.236815
0.24162
0.239765
0.24145
0.241579
0.240777
0.236671
0.236575
0.238562
0.24686
0.247743
0.241824
0.235491
0.243846
0.247715
0.236563
0.244832
0.246637
0.238695
0.2366
0.239741
0.241626
0.238694
0.237659
0.239609
0.238598
0.242739
0.247706
0.240548
0.234421
0.237503
0.240644
0.234541
0.243649
0.245606
0.23855
0.241693
0.243979
0.242847
0.233471
0.236396
0.238598
0.238874
0.236515
0.235576
0.239705
0.236635
0.243703
0.240608
0.238598
0.245888
0.240622
0.233504
0.236624
0.237575
0.239513
0.240753
0.242771
0.250796
0.237575
0.236648
0.242666
0.243532
0.237779
0.237791
0.238718
0.229404
0.230432
0.242894
0.241018
0.241716
0.236624
0.242653
0.245643
0.237587
0.240703
0.241411
0.24068
0.232295
0.23879
0.245851
0.24574
0.239694
0.234481
0.243549
0.241401
0.232281
0.225236
0.241628
0.247635
0.231527
0.240691
0.250653
0.250961
0.239585
0.224993
0.2428
0.246063
0.240487
0.237503
0.229353
0.226472
0.238597
0.243686
0.233386
0.240631
0.246878
0.248708
0.245749
0.229268
0.24162
0.242614
0.240475
0.239731
0.247076
0.242423
0.225406
0.238478
0.239717
0.235803
0.247678
0.237479
0.239537
0.241495
0.245643
0.24259
0.233468
0.237503
0.245888
0.242737
0.244454
0.247784
0.237599
0.235457
0.244611
0.239474
0.231481
0.23453
0.242507
0.242653
0.237503
0.241898
0.234505
0.239572
0.236348
0.230221
0.241568
0.243686
0.237671
0.247738
0.242721
0.238477
0.246827
0.237515
0.233353
0.243613
0.240497
0.237334
0.239753
0.243539
0.240849
0.244672
0.242593
0.237719
0.251622
0.247692
0.239416
0.236228
0.227381
0.233413
0.233484
0.233484
0.250646
0.24258
0.238297
0.248642
0.23737
0.238405
0.245652
0.242677
0.238646
0.243723
0.23572
0.243542
0.240437
0.234492
0.241568
0.249603
0.248774
0.240789
0.238586
0.241461
0.234195
0.227366
0.23962
0.239378
0.24062
0.239476
0.244561
0.2475
0.238175
0.2344
0.239377
0.238393
0.234374
0.234219
0.244491
0.24653
0.245652
0.243529
0.241592
0.242431
0.238333
0.236588
0.240438
0.241555
0.23826
0.235375
0.231392
0.244598
0.242724
0.234349
0.244769
0.244732
0.237419
0.233339
0.245337
0.23844
0.236228
0.244571
0.24253
0.243529
0.244501
0.239378
0.241519
0.248372
0.243526
0.241375
0.241375
0.237346
0.243402
0.23737
0.23737
0.241092
0.231357
0.234315
0.23961
0.237587
0.243539
0.241359
0.241568
0.240327
0.237503
0.236431
0.239306
0.24252
0.237286
0.243646
0.248426
0.244611
0.239487
0.239487
0.241433
0.230189
0.238513
0.240409
0.237093
0.235554
0.236289
0.244708
0.240437
0.238404
0.247635
0.248645
0.234458
0.238284
0.232341
0.223245
0.217067
0.228414
0.248777
0.244561
0.232232
0.24666
0.248739
0.230235
0.238489
0.244487
0.246358
0.244598
0.2404
0.240471
0.241519
0.240327
0.240327
0.244574
0.242504
0.240389
0.246502
0.241433
0.241189
0.236276
0.236348
0.240265
0.242504
0.240448
0.235242
0.237491
0.243573
0.243408
0.236265
0.240351
0.240424
0.243342
0.24023
0.239377
0.23618
0.242247
0.241336
0.238042
0.239255
0.244252
0.24242
0.239329
0.241482
0.238248
0.240327
0.239401
0.241349
0.240327
0.242491
0.243629
0.243599
0.24046
0.240555
0.237322
0.238537
0.242551
0.242541
0.241555
0.23956
0.242357
0.243442
0.240509
0.237407
0.239571
0.239402
0.236348
0.237298
0.241506
0.239487
0.241362
0.240568
0.239475
0.24237
0.240484
0.239293
0.239631
0.243659
0.240424
0.238284
0.243449
0.23922
0.240484
0.241407
0.241359
0.241153
0.240426
0.240302
0.24137
0.240411
0.239451
0.238272
0.240606
0.240365
0.240522
0.237214
0.239416
0.238609
0.2403
0.239306
0.242334
0.241179
0.240314
0.24222
0.239438
0.242331
0.240218
0.241312
0.243325
0.241372
0.240145
0.239306
0.241603
0.237202
0.240497
0.240677
0.240522
0.241506
0.240316
0.24142
0.236408
0.241456
0.240291
0.242695
0.243599
0.23719
0.240314
0.241372
0.242284
0.243281
0.243295
0.238343
0.240145
0.239258
0.241273
0.236216
0.241456
0.238501
0.241506
0.242431
0.238344
0.241385
0.242564
0.237238
0.241396
0.23928
0.243318
0.238235
0.238284
0.24143
0.241553
0.242391
0.239377
0.238332
0.241385
0.238428
0.238416
0.238453
0.244413
0.239353
0.241603
0.239269
0.238367
0.239413
0.239413
0.236517
0.24248
0.237419
0.240435
0.239293
0.241299
0.242197
0.236373
0.236373
0.242514
0.237419
0.243636
0.241323
0.238283
0.238283
0.23928
0.244557
0.239268
0.240424
0.238307
0.240325
0.241372
0.237226
0.244507
0.239317
0.237443
0.242588
0.241519
0.239704
0.238344
0.239559
0.240351
0.243529
0.243429
0.246604
0.242567
0.241396
0.240376
0.238295
0.238345
0.243281
0.23731
0.242431
0.239257
0.243623
0.242318
0.238489
0.237262
0.240473
0.238223
0.240581
0.238235
0.236553
0.240387
0.243549
0.239317
0.241504
0.240413
0.240521
0.241383
0.243352
0.239521
0.240241
0.238332
0.238163
0.244302
0.243291
0.242331
0.240424
0.240229
0.241409
0.238284
0.239269
0.242588
0.240726
0.241482
0.237298
0.2422
0.241299
0.2403
0.239292
0.239292
0.240265
0.240386
0.242404
0.243352
0.23832
0.239461
0.242417
0.237346
0.235542
0.239293
0.240338
0.238248
0.24225
0.240325
0.243462
0.241493
0.239231
0.238368
0.238368
0.240532
0.240532
0.239147
0.237286
0.242441
0.239257
0.240181
0.240448
0.243536
0.240291
0.240325
0.240373
0.236361
0.240375
0.239306
0.243465
0.240437
0.238283
0.243415
0.239086
0.239365
0.24125
0.238271
0.239316
0.239317
0.239087
0.2444
0.237105
0.243231
0.241211
0.238307
0.240276
0.242187
0.241241
0.240313
0.242207
0.239304
0.241346
0.242365
0.237057
0.247397
0.247397
0.238066
0.240229
0.242367
0.242147
0.240194
0.240265
0.23922
0.239317
0.243254
0.240265
0.240338
0.241237
0.241019
0.239365
0.241153
0.23815
0.237045
0.240119
0.239245
0.241381
0.239208
0.240181
0.240121
0.242383
0.242367
0.23606
0.24305
0.240336
0.237238
0.241349
0.24221
0.241237
0.24131
0.239135
0.239328
0.240302
0.236277
0.239231
0.241349
0.243318
0.238211
0.242378
0.242451
0.245393
0.245393
0.241092
0.242197
0.239219
0.239182
0.239231
0.242291
0.238187
0.239279
0.239147
0.238162
0.241394
0.239998
0.241493
0.240095
0.238139
0.239292
0.240446
0.239231
0.243459
0.239293
0.241433
0.236108
0.242417
0.241153
0.239146
0.239195
0.241237
0.237956
0.239219
0.24126
0.240493
0.238319
0.239329
0.241213
0.241321
0.241116
0.237093
0.239316
0.244298
0.24142
0.239159
0.240143
0.244197
0.239923
0.240218
0.240106
0.239257
0.243278
0.239208
0.244312
0.239243
0.233899
0.233899
0.240106
0.239098
0.24019
0.241053
0.241381
0.244164
0.236048
0.231183
0.241056
0.235891
0.237872
0.249356
0.22898
0.230761
0.232877
0.237117
0.249379
0.249281
0.237322
0.240154
0.243144
0.232023
0.231169
0.238221
0.242462
0.241079
0.235087
0.240397
0.242244
0.238271
0.245421
0.249227
0.24227
0.242073
0.236145
0.231002
0.241127
0.243352
0.251395
0.247181
0.232935
0.240216
0.251433
0.234004
0.232396
0.231183
0.230136
0.244257
0.24126
0.233152
0.241273
0.234162
0.239255
0.247345
0.237286
0.247248
0.24721
0.238271
0.238175
0.238246
0.245245
0.246265
0.231155
0.240156
0.239159
0.232971
0.244318
0.243268
0.232144
0.240106
0.24638
0.241053
0.240082
0.238077
0.243254
0.241258
0.239073
0.232901
0.238126
0.249408
0.243227
0.235231
0.24131
0.248268
0.240022
0.24013
0.237872
0.23086
0.233092
0.245402
0.24002
0.237093
0.235111
0.239303
0.248365
0.237129
0.234053
0.246506
0.244261
0.237117
0.242234
0.23719
0.231076
0.238235
0.24313
0.24313
0.246334
0.245063
0.240289
0.239135
0.23803
0.23994
0.250307
0.237032
0.227767
0.242328
0.246219
0.238174
0.231147
0.246428
0.24823
0.236253
0.2411
0.239181
0.236337
0.236156
0.238211
0.240252
0.249212
0.249145
0.240156
0.247377
0.242278
0.230988
0.239243
0.24619
0.2341
0.230101
0.238078
0.239388
0.242281
0.238174
0.246265
0.242247
0.241163
0.239159
0.239157
0.238224
0.23804
0.230076
0.237057
0.246219
0.241409
0.237165
0.234079
0.249431
0.247443
0.231204
0.240106
0.241129
0.233092
0.243596
0.252278
0.236216
0.236072
0.240229
0.241336
0.234185
0.233212
0.239292
0.238187
0.236072
0.242462
0.230104
0.231215
0.245643
0.238367
0.235279
0.239184
0.242425
0.245407
0.244289
0.253434
0.247337
0.239233
0.247509
0.241454
0.23922
0.239257
0.229241
0.241514
0.252702
0.239331
0.237153
0.250225
0.236529
0.226981
0.222005
0.23647
0.25265
0.238428
0.236011
0.2412
0.246437
0.247337
0.249438
0.242284
0.242478
0.256431
0.243164
0.232034
0.218962
0.235964
0.247371
0.228043
0.234054
0.245314
0.244257
0.24814
0.24742
0.246265
0.239086
0.239219
0.240057
0.237093
0.237105
0.233031
0.232059
0.241357
0.242401
0.236144
0.236217
0.240143
0.226871
0.236409
0.253586
0.239182
0.230821
0.246362
0.254361
0.247239
0.233934
0.238089
0.254354
0.243375
0.235136
0.235075
0.226891
0.242462
0.245091
0.226976
0.233214
0.238294
0.237226
0.245272
0.236241
0.245022
0.258353
0.242063
0.233045
0.245142
0.241247
0.236984
0.233045
0.254694
0.2455
0.230066
0.236899
0.245249
0.240203
0.237177
0.244207
0.246231
0.236984
0.236012
0.245068
0.244039
0.24207
0.241912
0.237979
0.236972
0.237833
0.238914
0.233972
0.241003
0.24314
0.239218
0.239899
0.246269
0.242996
0.23929
0.232758
0.244076
0.239985
0.231903
0.242244
0.240893
0.240386
0.237992
0.24417
0.241019
0.243103
0.231773
0.235988
0.247279
0.23702
0.231062
0.243311
0.254536
0.242036
0.233127
0.24734
0.247161
0.236924
0.238734
0.227907
0.231133
0.252133
0.237992
0.231977
0.244021
0.245189
0.23917
0.241064
0.254198
0.247368
0.236024
0.242821
0.240964
0.237846
0.23696
0.224835
0.238781
0.245147
0.244318
0.249228
0.248238
0.247158
0.243177
0.230881
0.240179
0.245365
0.240274
0.242178
0.23911
0.240057
0.238162
0.235771
0.253434
0.253389
0.245184
0.228907
0.240201
0.247227
0.232023
0.228949
0.247331
0.241098
0.24008
0.238916
0.239873
0.246948
0.248307
0.24093
0.24314
0.245212
0.254198
0.23014
0.244244
0.235182
0.236265
0.233913
0.246306
0.247721
0.238028
0.251372
0.252444
0.238965
0.233885
0.242254
0.244271
0.242123
0.235208
0.238112
0.250519
0.245361
0.230841
0.230069
0.251364
0.25544
0.233286
0.242181
0.242181
0.235123
0.245412
0.245509
0.240007
0.245319
0.241187
0.247414
0.244452
0.24019
0.242268
0.240298
0.241195
0.247279
0.243375
0.237322
0.238282
0.240324
0.249319
0.246441
0.239208
0.247377
0.251304
0.240117
0.231038
0.240141
0.249431
0.25141
0.236193
0.231289
0.240274
0.248434
0.248449
0.239133
0.237105
0.243173
0.245286
0.233997
0.241148
0.248405
0.245263
0.242131
0.242325
0.248463
0.254214
0.240128
0.23103
0.2474
0.245416
0.239038
0.236984
0.232928
0.247446
0.243435
0.247302
0.250504
0.246139
0.250323
0.235855
0.240163
0.250149
0.237081
0.230813
0.246231
0.244308
0.232928
0.233972
0.241038
0.256349
0.249281
0.25116
0.245166
0.241027
0.245198
0.24497
0.240055
0.244966
0.241011
0.241011
0.233816
0.239157
0.247282
0.248082
0.246997
0.243956
0.244183
0.249228
0.239971
0.226771
0.246007
0.243012
0.246119
0.243049
0.240068
0.249206
0.245319
0.24704
0.254986
0.249251
0.243849
0.244095
0.231885
0.233863
0.244053
0.244183
0.239024
0.236851
0.248113
0.241906
0.246847
0.244109
0.244109
0.245904
0.249778
0.241919
0.239748
0.24197
0.243919
0.24371
0.237834
0.236633
0.246936
0.25002
0.250036
0.249869
0.242864
0.241775
0.248151
0.245956
0.236911
0.231718
0.249229
0.249192
0.235004
0.241242
0.246128
0.253371
0.243904
0.232986
0.24698
0.255167
0.250119
0.243016
0.231872
0.238825
0.248209
0.237979
0.235795
0.24398
0.250225
0.249085
0.237833
0.239908
0.253212
0.24511
0.237978
0.247124
0.243123
0.246942
0.240053
0.252268
0.250217
0.250134
0.239967
0.244054
0.249326
0.240029
0.237979
0.237979
0.250142
0.244909
0.248347
0.241983
0.242033
0.24839
0.252283
0.240005
0.240186
0.246031
0.243086
0.237044
0.234069
0.249169
0.253364
0.240977
0.250187
0.247132
0.25116
0.249146
0.247086
0.258032
0.251221
0.239958
0.242004
0.245054
0.237057
0.237104
0.24322
0.242167
0.236133
0.241255
0.24517
0.252307
0.250119
0.246951
0.246045
0.251023
0.247176
0.236839
0.243049
0.244017
0.237955
0.238867
0.248278
0.253994
0.248005
0.251273
0.25415
0.243069
0.233013
0.257031
0.24504
0.23282
0.241087
0.238075
0.243059
0.237068
0.236996
0.24704
0.253263
0.253407
0.258313
0.241886
0.244021
0.251167
0.246031
0.233852
0.239254
0.25636
0.243831
0.236
0.239035
0.244086
0.246212
0.257257
0.258325
0.237979
0.235916
0.256217
0.250126
0.236
0.235004
0.243882
0.247963
0.239871
0.236911
0.248935
0.247201
0.245858
0.256207
0.244914
0.241909
0.249372
0.252155
0.249154
0.234945
0.242827
0.243896
0.240911
0.245754
0.24084
0.248015
0.257102
0.248023
0.245035
0.246916
0.2377
0.24794
0.2449
0.241812
0.250005
0.244175
0.242975
0.249138
0.245012
0.248957
0.252071
0.245936
0.248866
0.241061
0.239045
0.255206
0.25223
0.234801
0.245101
0.252093
0.246945
0.235916
0.240925
0.251927
0.253209
0.24595
0.249169
0.244068
0.242998
0.244235
0.245082
0.251092
0.254122
0.246013
0.236899
0.246011
0.250383
0.246039
0.239034
0.242091
0.25519
0.256229
0.241061
0.227932
0.249033
0.259434
0.243086
0.241011
0.242017
0.247089
0.253057
0.244235
0.24524
0.245007
0.246077
0.246114
0.241059
0.249162
0.259313
0.260192
0.247841
0.230937
0.249221
0.250255
0.232028
0.23293
0.243401
0.247977
0.242235
0.234861
0.244026
0.252268
0.24926
0.252086
0.249071
0.254029
0.251956
0.241993
0.247789
0.24693
0.244728
0.242719
0.243878
0.247902
0.238899
0.234981
0.243868
0.249808
0.254102
0.253095
0.248075
0.246157
0.242678
0.25521
0.242998
0.242998
0.250255
0.250255
0.249018
0.242151
0.2534
0.252951
0.247029
0.238911
0.246157
0.2503
0.254259
0.247115
0.246137
0.253171
0.24398
0.237894
0.245012
0.251386
0.242067
0.240141
0.247043
0.249192
0.253218
0.244003
0.248136
0.246988
0.249078
0.25223
0.252117
0.246913
0.249025
0.24702
0.247072
0.24398
0.238948
0.241095
0.244064
0.243035
0.242971
0.251818
0.260144
0.24574
0.2389
0.250104
0.249945
0.239882
0.241038
0.249018
0.239785
0.245035
0.240948
0.233938
0.251015
0.252865
0.24809
0.253194
0.256069
0.244998
0.236887
0.236887
0.246884
0.247963
0.239822
0.239833
0.249071
0.245778
0.245982
0.245778
0.242655
0.247887
0.245936
0.247994
0.241805
0.244653
0.253003
0.253003
0.245867
0.239915
0.252062
0.243919
0.239979
0.246951
0.243864
0.248942
0.247789
0.238934
0.245942
0.251205
0.245922
0.244091
0.244054
0.251076
0.242827
0.238924
0.245861
0.241829
0.246924
0.248942
0.241798
0.241798
0.250096
0.248023
0.258063
0.251873
0.244798
0.248837
0.244639
0.236777
0.238985
0.248121
0.246962
0.23588
0.237905
0.244872
0.252138
0.249945
0.249101
0.246031
0.248442
0.268446
0.25106
0.246091
0.246743
0.242796
0.243069
0.23571
0.240064
0.246071
0.250036
0.248069
0.246169
0.247904
0.249154
0.243952
0.250773
0.251076
0.246884
0.2449
0.244667
0.232656
0.24385
0.253959
0.240838
0.245838
0.248784
0.245945
0.247873
0.258129
0.248693
0.235589
0.245913
0.25698
0.255135
0.245945
0.236874
0.246118
0.255992
0.24285
0.24285
0.241792
0.261164
0.243692
0.234717
0.242786
0.245997
0.25081
0.248988
0.250673
0.249687
0.242934
0.247789
0.255782
0.249869
0.24889
0.247743
0.228699
0.240872
0.261156
0.240914
0.236875
0.235783
0.24411
0.2603
0.250856
0.245679
0.259671
0.258008
0.238886
0.236644
0.250863
0.262179
0.262179
0.244863
0.245852
0.247864
0.241805
0.242809
0.246803
0.254805
0.246901
0.239856
0.240946
0.246011
0.250984
0.252996
0.245861
0.245077
0.248686
0.239755
0.255572
0.248936
0.235674
0.24665
0.253003
0.251658
0.246653
0.243766
0.238594
0.24589
0.248603
0.255964
0.245558
0.246757
0.250946
0.250825
0.252913
0.248814
0.250817
0.247889
0.24669
0.238547
0.241802
0.246714
0.242786
0.245786
0.246861
0.241533
0.241533
0.24773
0.249945
0.253959
0.249876
0.244695
0.248564
0.247722
0.247722
0.251802
0.242813
0.242809
0.24069
0.24889
0.243589
0.245012
0.246855
0.244746
0.252805
0.246089
0.241667
0.252881
0.249823
0.249808
0.249755
0.246598
0.248814
0.24489
0.244573
0.242614
0.239683
0.246743
0.245697
0.239647
0.243803
0.247933
0.244695
0.254811
0.244881
0.24782
0.248731
0.24721
0.248822
0.240835
0.246615
0.259823
0.249808
0.242628
0.24161
0.234656
0.244984
0.247571
0.244685
0.248875
0.243687
0.242614
0.252926
0.251903
0.24782
0.24782
0.249945
0.220138
0.179078
0.179078
0.132289
0.116221
0.108156
0.125806
0.164417
0.201332
0.209682
0.202768
0.184677
0.167617
0.147309
0.13811
0.146081
0.154486
0.159554
0.16912
0.16486
0.151453
0.14733
0.155557
0.165838
0.172933
0.189319
0.193304
0.185161
0.173017
0.16155
0.156561
0.162796
0.176154
0.175072
0.17489
0.158818
0.152871
0.130296
0.126177
0.125961
0.134282
0.142638
0.145499
0.147516
0.140638
0.135292
0.133267
0.136413
0.13828
0.140441
0.143556
0.139438
0.128383
0.121907
0.118898
0.126259
0.126872
0.136533
0.136533
0.136341
0.135362
0.136508
0.136457
0.14068
0.143556
0.143655
0.141402
0.141659
0.139676
0.133366
0.136457
0.137472
0.145578
0.145649
0.142586
0.138348
0.137497
0.137497
0.144594
0.140467
0.141591
0.141591
0.137267
0.137267
0.137557
0.140552
0.143785
0.142509
0.142525
0.145698
0.144474
0.139421
0.142594
0.135462
0.138536
0.145604
0.145503
0.135497
0.14039
0.139463
0.139446
0.140535
0.141778
0.141505
0.138476
0.139608
0.137198
0.135392
0.136567
0.137531
0.137506
0.141496
0.142672
0.143686
0.141736
0.139574
0.139676
0.139548
0.137522
0.135462
0.136476
0.136583
0.140604
0.141796
0.138502
0.136501
0.138509
0.141599
0.137607
0.138559
0.136457
0.137361
0.138451
0.138493
0.137472
0.137541
0.138502
0.142491
0.142517
0.138483
0.136401
0.135292
0.138425
0.137405
0.13959
0.135327
0.138502
0.13863
0.138493
0.143692
0.140595
0.14045
0.137394
0.135481
0.139412
0.140347
0.141659
0.138449
0.138561
0.137575
0.140629
0.139488
0.139531
0.138545
0.13771
0.134466
0.138476
0.136577
0.140578
0.137478
0.1385
0.138502
0.136665
0.138612
0.137667
0.13948
0.137623
0.139609
0.140467
0.139523
0.137513
0.132268
0.132268
0.139472
0.139472
0.137584
0.135421
0.139378
0.132067
0.0987132
0.0853852
0.0742647
0.0720604
0.0534574
-0.0212044
-0.0288621
-0.0161991
-0.0126584
-0.00300236
-0.00353193
-0.00384152
-0.0124521
-0.0113231
-0.0256292
-0.0259961
-0.0302462
-0.0398672
-0.0383608
-0.0383608
-0.0384916
-0.038453
-0.0371354
-0.0371539
-0.0401674
-0.0443083
-0.0373693
-0.0388567
-0.0417703
-0.0401605
-0.040434
-0.0402992
-0.039022
-0.0390569
-0.0377288
-0.0374678
-0.03779
-0.03779
-0.0377138
-0.0377673
-0.0392259
-0.0378821
-0.0349301
-0.0364196
-0.0322081
-0.0363773
-0.038024
-0.0396068
-0.0407618
-0.0378632
-0.0393299
-0.0321003
-0.0379281
-0.040643
-0.0394722
-0.038024
-0.0365574
-0.0353147
-0.03671
-0.0379358
-0.0339541
-0.0366107
-0.0337712
-0.0381508
-0.0338418
-0.0382044
-0.0352086
-0.0354064
-0.0381969
-0.0323741
-0.0354343
-0.0323873
-0.0368828
-0.0353426
-0.0381047
-0.0396837
-0.0367559
-0.0353497
-0.0355189
-0.0368791
-0.0368791
-0.0353956
-0.0367596
-0.0384001
-0.0383464
-0.0327724
-0.0396344
-0.036813
-0.0368515
-0.039707
-0.0368405
-0.0369398
-0.0369546
-0.0397689
-0.0411559
-0.0370043
-0.0342355
-0.0410796
-0.0342426
-0.034137
-0.0313267
-0.035579
-0.0370118
-0.0369894
-0.0314666
-0.0341758
-0.0341758
-0.0369012
-0.0383656
-0.0412306
-0.0357202
-0.0412143
-0.0357346
-0.0398534
-0.035597
-0.0357273
-0.0398191
-0.0385311
-0.0356672
-0.0357273
-0.0328283
-0.0427184
-0.0357804
-0.0357382
-0.0369894
-0.0370156
-0.039831
-0.0357346
-0.0370006
-0.038485
-0.0412306
-0.0369931
-0.0384999
-0.0371113
-0.0344011
-0.0342743
-0.0342848
-0.0399154
-0.0356575
-0.0400539
-0.0400077
-0.0387457
-0.035766
-0.0314765
-0.0386343
-0.0373298
-0.0400539
-0.0371919
-0.0413776
-0.0371347
-0.0414498
-0.0385768
-0.0399998
-0.03432
-0.0386728
-0.0370777
-0.041609
-0.041609
-0.0384961
-0.0385193
-0.0328876
-0.0413613
-0.0316032
-0.0356887
-0.0356887
-0.033004
-0.0358227
-0.0357589
-0.0385498
-0.0344927
-0.0372267
-0.0387265
-0.0345419
-0.0400726
-0.0415464
-0.0316586
-0.0414921
-0.0358721
-0.0330108
-0.0358155
-0.0344434
-0.034408
-0.0357346
-0.0358941
-0.0343763
-0.0371459
-0.0372416
-0.0344608
-0.0372763
-0.0373298
-0.0398812
-0.0387574
-0.0360097
-0.0373411
-0.0357987
-0.0385882
-0.0373411
-0.0331089
-0.0330497
-0.036017
-0.0359639
-0.0373795
-0.0386075
-0.0388917
-0.0387311
-0.0373373
-0.0374217
-0.0359603
-0.0373449
-0.037177
-0.0374603
-0.0344713
-0.0359036
-0.037433
-0.0415165
-0.0357914
-0.0359567
-0.0317664
-0.0317664
-0.0372801
-0.0345699
-0.0375559
-0.0358263
-0.0345981
-0.0416049
-0.0373335
-0.0360812
-0.0386804
-0.0444309
-0.0444309
-0.0374714
-0.0358867
-0.0332002
-0.0389723
-0.0359748
-0.0359748
-0.0387457
-0.03451
-0.0374865
-0.0333087
-0.0288818
-0.0358794
-0.0402084
-0.0375363
-0.0375861
-0.0315355
-0.0374865
-0.0360243
-0.0387418
-0.0374444
-0.0344327
-0.036028
-0.0431486
-0.0431486
-0.0373758
-0.0373908
-0.0359399
-0.0404052
-0.0359932
-0.0401924
-0.0374603
-0.0404696
-0.0332493
-0.0388074
-0.0361197
-0.0388574
-0.0346793
-0.034813
-0.0374827
-0.033407
-0.0346579
-0.0402386
-0.0375018
-0.0334175
-0.0374865
-0.0333544
-0.0333304
-0.0388074
-0.0332596
-0.0331649
-0.0360629
-0.0387918
-0.0360665
-0.0334845
-0.0347036
-0.0347036
-0.0389339
-0.0376479
-0.0374217
-0.0344678
-0.0348094
-0.0360353
-0.0390878
-0.0332596
-0.0332596
-0.0391183
-0.0332736
-0.034848
-0.0333053
-0.0403128
-0.0375478
-0.0362225
-0.0346721
-0.0333614
-0.0346757
-0.0360775
-0.036028
-0.0346896
-0.0333579
-0.0332493
-0.0375212
-0.0390222
-0.0373298
-0.037387
-0.0362536
-0.0346543
-0.0403671
-0.0403891
-0.0334879
-0.0346579
-0.0389185
-0.0319941
-0.0304485
-0.0403931
-0.0376554
-0.0374444
-0.0374444
-0.03777
-0.0375555
-0.0347107
-0.0374865
-0.0376169
-0.0347917
-0.0376321
-0.0346685
-0.0318541
-0.0362114
-0.040355
-0.0345628
-0.0346966
-0.039076
-0.0362114
-0.0403631
-0.036116
-0.0319656
-0.0348551
-0.0360924
-0.0389917
-0.0404473
-0.0334246
-0.0375976
-0.034813
-0.0347708
-0.0359932
-0.032033
-0.0375249
-0.0362151
-0.0347672
-0.0375899
-0.0375976
-0.0363032
-0.0363179
-0.0335405
-0.0318997
-0.0334
-0.0364097
-0.0376321
-0.0334914
-0.0348166
-0.0334285
-0.0334105
-0.0363179
-0.0361656
-0.039226
-0.0362959
-0.0390535
-0.0390799
-0.0390799
-0.0363454
-0.0389917
-0.0389917
-0.0418107
-0.0375709
-0.0361619
-0.0377126
-0.0390035
-0.0333475
-0.0334526
-0.0348058
-0.0376244
-0.0376131
-0.0333157
-0.0348623
-0.0320886
-0.0363329
-0.0347179
-0.0362412
-0.0404052
-0.0377202
-0.0363142
-0.033544
-0.0319908
-0.0306596
-0.0360738
-0.0390917
-0.0390878
-0.0363105
-0.0363068
-0.0333509
-0.0333966
-0.0348832
-0.0320852
-0.0334457
-0.0363564
-0.0306532
-0.0376704
-0.0363564
-0.034936
-0.0334422
-0.0363527
-0.0390917
-0.0348696
-0.0349045
-0.0392418
-0.0376666
-0.0334492
-0.0349503
-0.0362041
-0.0349889
-0.0376742
-0.0375861
-0.0392221
-0.0392721
-0.0364097
-0.0392221
-0.0335509
-0.0377776
-0.0391799
-0.0349647
-0.0347708
-0.0319452
-0.0376397
-0.030666
-0.0378122
-0.0363068
-0.0333897
-0.037678
-0.0377738
-0.0335931
-0.029224
-0.0306855
-0.0350635
-0.0346408
-0.0349189
-0.0349189
-0.0364171
-0.0348623
-0.0363418
-0.0363418
-0.0363675
-0.0335233
-0.0376818
-0.03903
-0.0320954
-0.0320954
-0.0320886
-0.0362721
-0.0404514
-0.0349153
-0.0390456
-0.0391917
-0.034996
-0.0335896
-0.0321241
-0.033537
-0.0362412
-0.0362412
-0.036494
-0.036494
-0.0377815
-0.0363329
-0.0335615
-0.0336215
-0.0377892
-0.0349117
-0.0335545
-0.0363291
-0.0391457
-0.0322286
-0.0336458
-0.0378274
-0.0376591
-0.0335931
-0.0378928
-0.029224
-0.0362795
-0.0390114
-0.0336001
-0.0378236
-0.0376973
-0.0348915
-0.0321477
-0.034983
-0.0377931
-0.0348696
-0.0377707
-0.0335861
-0.036375
-0.0404758
-0.0391656
-0.0320954
-0.0378811
-0.0335651
-0.0350251
-0.0335615
-0.042164
-0.033523
-0.0377549
-0.0377969
-0.0334703
-0.0335474
-0.036287
-0.0350214
-0.0320886
-0.0349889
-0.0335545
-0.0336493
-0.0420083
-0.0335545
-0.0335545
-0.0391917
-0.0365697
-0.0336564
-0.0391457
-0.0334211
-0.0335338
-0.0363254
-0.036406
-0.0336353
-0.0364171
-0.0348238
-0.0377776
-0.0320532
-0.0336318
-0.0349009
-0.0362151
-0.0378544
-0.0364171
-0.0364134
-0.0350598
-0.0321898
-0.0336809
-0.0392339
-0.0406605
-0.0378351
-0.0336107
-0.0391496
-0.0407067
-0.0363179
-0.0336458
-0.0336458
-0.0348696
-0.0364704
-0.0406524
-0.0335966
-0.0364134
-0.0294053
-0.0364171
-0.0363939
-0.0350104
-0.0307021
-0.0320319
-0.034983
-0.0349299
-0.0407191
-0.0406021
-0.0349683
-0.0391997
-0.0377969
-0.0364592
-0.0321091
-0.0322036
-0.0378734
-0.0320785
-0.0364171
-0.0393379
-0.0321022
-0.0322641
-0.0377316
-0.0405138
-0.0322775
-0.037816
-0.0378811
-0.0318508
-0.037839
-0.0364904
-0.0351827
-0.0433809
-0.0363825
-0.0377011
-0.0278567
-0.036463
-0.0363825
-0.037885
-0.0335018
-0.0363601
-0.0350032
-0.036463
-0.03928
-0.0336458
-0.0321375
-0.0350177
-0.0363254
-0.0349647
-0.0322775
-0.0378198
-0.0363825
-0.0348768
-0.0363564
-0.0421472
-0.0421472
-0.0394565
-0.0365276
-0.0365276
-0.0322674
-0.0322674
-0.0351092
-0.0364134
-0.0336493
-0.0408874
-0.0349574
-0.0349611
-0.0349647
-0.0308317
-0.0308317
-0.0393038
-0.0378313
-0.0322742
-0.0322742
-0.039388
-0.0365238
-0.0350782
-0.0378048
-0.0393119
-0.0321967
-0.0336914
-0.0378468
-0.0349611
-0.0377471
-0.032232
-0.0336072
-0.0406688
-0.0364856
-0.0351092
-0.0393419
-0.037931
-0.0336879
-0.0322001
-0.0378967
-0.0364518
-0.0336914
-0.0365473
-0.0350708
-0.0309226
-0.0308738
-0.0363712
-0.0349153
-0.0365276
-0.0364592
-0.0365163
-0.0363863
-0.0364667
-0.0349574
-0.0321967
-0.0321967
-0.0378351
-0.030835
-0.0392958
