0.0833259
0.0835859
0.0674029
0.0732132
0.086921
0.0684861
0.0848689
0.0820442
0.0653443
0.0876931
0.0820442
0.0729053
0.0790655
0.0975896
0.0999473
0.0897429
0.0907131
0.0894323
0.0721308
0.0721308
0.0759326
0.0748042
0.0727984
0.0830164
0.0827104
0.0817338
0.0830164
0.0715137
0.0759326
0.0821976
0.0811176
0.0753163
0.0773712
0.0710519
0.0724411
0.0796827
0.0882004
0.0763933
0.0680703
0.0820442
0.0663218
0.0715686
0.083942
0.077474
0.0799926
0.0644147
0.0644147
0.0641128
0.0740324
0.0733588
0.079219
0.0782927
0.0689962
0.062984
0.075162
0.0757772
0.0669933
0.0661685
0.0699203
0.0700732
0.0584001
0.0655029
0.0622085
0.0703849
0.0842478
0.0658607
0.0824029
0.0686879
0.0596893
0.062673
0.0790655
0.0806571
0.0825549
0.0836348
0.079219
0.0757295
0.0660148
0.0743405
0.0702314
0.093998
0.0770099
0.0696135
0.0704346
0.0723373
0.0811176
0.0734141
0.0708972
0.0691498
0.0731057
0.0740324
0.0836348
0.0796827
0.0666275
0.0660136
0.0713601
0.0688422
0.0649363
0.0811176
0.0822486
0.0798361
0.077679
0.059227
0.0703849
0.0819418
0.0727984
0.0765461
0.0767033
0.0808073
0.0769091
0.067609
0.0712062
0.0603094
0.0587133
0.0805019
0.0646282
0.0756239
0.0734708
0.0757772
0.0787575
0.0743405
0.0793721
0.0732608
0.0693031
0.0852247
0.0708972
0.0817338
0.0747006
0.082815
0.0702812
0.069819
0.0815808
0.0753146
0.0754703
0.0691498
0.0647306
0.0750073
0.0631868
0.0748547
0.0776774
0.0788111
0.0705895
0.0772175
0.0557799
0.0557799
0.0674029
0.0790655
0.0755248
0.0803487
0.063033
0.0683794
0.0767033
0.0641128
0.0727984
0.0720298
0.0693031
0.0770627
0.0702314
0.0691498
0.0743357
0.077474
0.0715137
0.0723373
0.0820442
0.0708433
0.067609
0.0753146
0.0773206
0.0795799
0.0819398
0.0796827
0.0782951
0.0702812
0.0682233
0.0762401
0.0644205
0.0745462
0.0620551
0.0630311
0.0724913
0.0715137
0.0744879
0.0767033
0.0767033
0.0717217
0.0899455
0.0781969
0.0760865
0.0750083
0.0731072
0.0732608
0.0732608
0.0672493
0.0724913
0.0807133
0.0657055
0.0677631
0.0773712
0.0825568
0.0846099
0.0817872
0.0664778
0.0744955
0.0855334
0.0855334
0.074494
0.077833
0.0876444
0.0781978
0.0797335
0.0767563
0.078449
0.0683794
0.0844567
0.0817338
0.089484
0.0652442
0.0797335
0.0800397
0.0714151
0.0789085
0.0830164
0.0822486
0.0750083
0.064321
0.0827104
0.0745467
0.0681284
0.0910774
0.0667854
0.0762401
0.0757772
0.0724913
0.0702812
0.0740853
0.0718744
0.0670555
0.0481819
0.0541514
0.0451355
0.0407959
0.063552
0.0478131
0.0654569
0.0514773
0.0538586
0.0363044
0.00949105
0.00592263
0.0130449
-0.025033
-0.0614353
-0.111256
-0.101571
-0.108807
-0.0327746
0.0143834
0.0300506
0.0342375
0.0150387
0.00442324
0.0216866
0.0147408
0.0223218
0.0176751
0.0106674
0.00178216
0.00314567
0.000160304
0.0117594
0.00340404
0.00769822
0.00907448
0.00937062
0.0156433
0.0211154
0.00193603
0.0166582
0.0165042
0.0150838
0.023773
0.010888
0.013572
0.015787
0.0166582
0.00861203
0.0190774
0.0162384
0.0151816
0.0187696
0.011749
0.0315148
0.0303098
0.0298976
0.0215651
0.0214535
0.0184718
0.0197924
0.0414557
0.0414557
0.0276661
0.0276661
0.0111291
0.0137178
0.022916
0.018318
0.0227727
0.0170937
0.0225822
0.0222128
0.0317113
0.0235303
0.0153359
0.0160836
0.0160836
0.0177129
0.0152978
0.0188278
0.0168119
0.0223111
0.0186253
0.00997526
0.0254321
0.0202432
0.0171535
0.0105804
0.0170074
0.0241354
0.0206943
0.0166443
0.0221566
0.0225124
0.0169539
0.0263575
0.0149598
-0.00334474
0.0010088
-0.0133038
0.00561609
-0.0106133
-0.0258522
-0.0133102
-0.0158506
-0.00839099
-0.0189882
-0.0104777
-0.00664404
-0.0156963
-0.0107746
-0.025241
-0.00706622
-0.0198643
-0.0319626
-0.0204676
-0.0127077
-0.00704608
-0.0151012
-0.0215271
-0.0101783
-0.0131574
-0.00735331
-0.0081026
-0.00872305
-0.0191432
-5.18201e-05
-0.00677977
-0.0185459
-0.00452433
-0.00691177
-0.00691177
-0.0171994
-0.0131574
-0.0133003
-0.0133003
-0.0104864
-0.0104864
-0.0171788
-0.0236058
-0.0236058
-0.0124297
-0.0121407
-0.0126976
-0.00706622
-0.0160053
-0.0603226
-0.0965547
-0.111773
-0.12724
-0.147367
-0.165983
-0.172129
-0.163883
-0.163977
-0.171194
-0.1515
-0.152013
-0.16348
-0.161566
-0.16457
-0.164897
-0.175628
-0.163371
-0.166816
-0.166142
-0.160265
-0.14773
-0.147559
-0.160773
-0.167723
-0.166982
-0.153995
-0.164216
-0.146211
-0.153713
-0.171847
-0.158009
-0.160603
-0.169416
-0.163708
-0.153883
-0.163765
-0.151965
-0.15665
-0.158514
-0.162863
-0.15699
-0.170153
-0.158006
-0.172414
-0.172414
-0.168117
-0.160267
-0.160267
-0.15682
-0.162525
-0.163595
-0.13367
-0.104701
-0.0601477
-0.0168443
0.02328
0.0378277
0.0327099
0.0364026
0.0279199
0.0370412
0.0371455
0.0175435
0.0398109
0.0377504
0.0373367
0.0420007
0.0589623
0.0543808
0.0485768
0.0449043
0.052853
0.0529978
0.0437724
0.0462006
0.0440722
0.0484153
0.0496435
0.0500191
0.0597204
0.0533879
0.0549914
0.0532345
0.0429917
0.0429917
0.0490331
0.0546835
0.0572053
0.0554504
0.0556025
0.055532
0.0473506
0.0473506
0.0448982
0.0427649
0.0605656
0.0398549
0.0557523
0.0491094
0.0445237
0.0382499
0.0486505
0.0578973
0.0459738
0.0484971
0.0479667
0.0363368
0.0374835
0.0347326
0.050866
0.0347326
0.0471203
0.0501007
0.039167
0.0501007
0.0497222
0.0394756
0.0521608
0.0529296
0.0532345
0.062093
0.0462006
0.0523153
0.061932
0.0505582
0.0465864
0.0530808
0.0453618
0.0436049
0.0423727
0.0585815
0.0428375
0.0507123
0.0664427
0.0468934
0.0471203
0.0609483
0.0560606
0.0465864
0.0552948
0.0659847
0.0554488
0.0560606
0.0488016
0.04238
0.0557558
0.0464323
0.0508614
0.0434521
0.0514781
0.0547649
0.0515498
0.0478131
0.0481892
0.0593467
0.0465864
0.0547649
0.0616309
0.0546121
0.0540728
0.0569777
0.050561
0.0544589
0.0718573
0.0718573
0.0594185
0.0622463
0.0484971
0.0647621
0.0590401
0.0494897
0.0609483
0.0520892
0.0529268
0.0468934
0.0543808
0.0554488
0.0513949
0.0397828
0.0481892
0.0484971
0.0484971
0.0445961
0.0379454
0.0421514
0.041004
0.0372549
0.0420711
0.0504038
0.0533879
0.0455974
0.0525504
0.0499466
0.0554488
0.0575924
0.060337
0.0492627
0.0629386
0.0571982
0.0458222
0.0539997
0.0516314
0.0532297
0.052244
0.051564
0.0532297
0.05797
0.0484971
0.0477315
0.0448982
0.0497222
0.0463649
0.0563648
0.0593447
0.0566729
0.0397167
0.0450531
0.0497222
0.052244
0.0475064
0.0465868
0.0532345
0.0452898
0.0452898
0.0473531
0.0520908
0.0440625
0.0640772
0.0426829
0.0383988
0.0395452
0.0414599
0.0477248
0.0471995
0.0477315
0.0518586
0.0498739
0.0440625
0.062853
0.0455954
0.0455954
0.052006
0.0426829
0.0426829
0.0392435
0.0364066
0.0615605
0.0615605
0.0436755
0.0428375
0.046966
0.0411494
0.042441
0.040303
0.0474939
0.0456652
0.0366486
0.0665174
0.0424558
0.0555976
0.0387783
0.0463553
0.0401631
0.0362508
0.0387871
0.0510161
0.0485703
0.0548376
0.0465012
0.046966
0.0521608
0.0435981
0.0478799
0.0700293
0.050946
0.0525504
0.0441395
0.0458125
0.0408492
0.0494146
0.0428375
0.0543743
0.049482
0.0589542
0.050249
0.0531531
0.0393898
0.0485703
0.0471955
0.0388652
0.0388652
0.0484925
0.0359509
0.0359509
0.0512397
0.0403828
0.0403828
0.0534626
0.0581233
0.0517832
0.0510161
0.0496372
0.0494146
0.0546835
0.0439755
0.0506385
0.0440562
0.0496372
0.0532345
0.0429193
0.0494897
0.0501007
0.0564407
0.0578164
0.0605656
0.0352589
0.0600294
0.0606408
0.0494206
0.0505582
0.0576546
0.0465012
0.0550544
0.0433643
0.0594099
0.0400092
0.0468115
0.042217
0.0462006
0.0417689
0.037786
0.0476497
0.0476497
0.0493264
0.0518508
0.0491809
0.0390888
0.0397002
0.0459738
0.0529978
0.0417608
0.0471995
0.0471995
0.0546835
0.0497073
0.0575892
0.0510841
0.0510841
0.0507063
0.0495686
0.0489557
0.0543743
0.0419873
0.0454353
0.0349569
0.0503295
0.0383228
0.0357163
0.0539971
0.0475692
0.0482599
0.0248417
0.0383228
0.0475774
0.0447429
0.0554426
0.0439755
0.0517044
0.0432952
0.0412334
0.0438305
0.050249
0.0451996
0.0474228
0.0417608
0.0452077
0.0521608
0.0417608
0.0450531
0.0442866
0.0451355
0.0461231
0.0263809
0.037786
0.0371738
0.0471127
0.0501007
0.0389337
0.0397002
0.0561193
0.0453552
0.0536082
0.0402391
0.0340345
0.0340345
0.0480348
0.0371738
0.0414599
0.0363376
0.0316619
0.0439852
0.042061
0.0542191
0.0499466
0.0438305
0.0505582
0.0556762
0.0397002
0.0513949
0.0494897
0.0557558
0.0539183
0.0617766
0.0497921
0.0521608
0.0455903
0.0496372
0.0517044
0.0500293
0.0517044
0.0688077
0.0584279
0.0622417
0.0592641
0.0591902
0.0493264
0.0536082
0.0583437
0.049026
0.0439048
0.0513949
0.0465012
0.0555976
0.0575892
0.0532966
0.0498749
0.0600294
0.0568265
0.0558383
0.0565869
0.0441312
0.0602562
0.0570513
0.0548376
0.0504734
0.0458197
0.051094
0.0448874
0.0450531
0.0360273
0.0500939
0.0545291
0.0507123
0.0588082
0.057508
0.0462779
0.0441312
0.0465012
0.0474228
0.0382435
0.039167
0.0454438
0.0438305
0.0505582
0.0561314
0.0492627
0.050852
0.0563648
0.0539971
0.0536874
0.0561314
0.0528422
0.0597263
0.061483
0.0645984
0.062853
0.0551404
0.0551404
0.0507844
0.062087
0.0627837
0.0681075
0.0614762
0.0614762
0.0659847
0.0608659
0.0608659
0.0622417
0.0491809
0.0555976
0.0546835
0.0485591
0.0431403
0.0453618
0.0633103
0.0457345
0.0586537
0.0564314
0.0499383
0.0491809
0.0588862
0.0466565
0.0552948
0.0400019
0.0491056
0.0531531
0.0458764
0.0481892
0.0534526
0.0536082
0.0430649
0.0442117
0.0487249
0.0662083
0.0526232
0.0627778
0.0545342
0.0644531
0.0626983
0.0533844
0.0597204
0.0491809
0.0486472
0.0533844
0.0455784
0.0556762
0.0658305
0.0565869
0.0491809
0.0491809
0.0484153
0.0497921
0.0586429
0.0561314
0.0531612
0.0531612
0.0560552
0.0526176
0.0655211
0.0493355
0.0584989
0.0458197
0.0513949
0.0587988
0.0468115
0.0467364
0.0467364
0.0557523
0.0453618
0.0453618
0.0506291
0.0511705
0.0382435
0.062853
0.0539971
0.0539183
0.0498739
0.0465864
0.060101
0.0471203
0.0368626
0.0535388
0.0535388
0.0548306
0.0630864
0.0513192
0.0513192
0.0560606
0.0444415
0.0555976
0.0462701
0.050796
0.0497921
0.0623234
0.0606408
0.0625434
0.0523153
0.0471203
0.0442166
0.0659847
0.0591936
0.0396294
0.0631611
0.0557558
0.0633147
0.0440625
0.0511027
0.0645385
0.0547564
0.0488016
0.0658305
0.0517044
0.0567487
0.0640772
0.0640772
0.0625434
0.0627035
0.063619
0.0591094
0.0645357
0.0591094
0.0551404
0.0642981
0.0507063
0.0430517
0.0465012
0.0585773
0.0548306
0.0514781
0.0642981
0.0662919
0.0480348
0.0621726
0.062087
0.0557558
0.0484925
0.0576546
0.0551404
0.0640772
0.049482
0.0560606
0.0560606
0.0563648
0.0600294
0.0530808
0.0558308
0.0497921
0.0722432
0.0540851
0.0535388
0.0506422
0.0656805
0.0578164
0.0601769
0.0570513
0.0536168
0.075292
0.0630072
0.0560606
0.057965
0.057965
0.0528562
0.050182
0.0508614
0.0486472
0.0495686
0.0481149
0.0607948
0.0529296
0.0684186
0.0471127
0.0367172
0.040621
0.0537634
0.0584867
0.057508
0.0584989
0.0563648
0.0589542
0.0631554
0.0549857
0.0507844
0.0564407
0.0599593
0.0595653
0.0568232
0.0499466
0.0615567
0.0494146
0.0613292
0.0631611
0.0524625
0.0508614
0.0548306
0.064834
0.0503295
0.052307
0.0478799
0.057965
0.0407698
0.0495686
0.0536874
0.0630072
0.0504038
0.0552948
0.0535388
0.0455157
0.0635416
0.049026
0.0514743
0.0448874
0.0504038
0.0628568
0.0603319
0.0533844
0.0486472
0.0502545
0.0597204
0.0631554
0.0478131
0.0513192
0.0549857
0.0478131
0.0529268
0.048715
0.0614762
0.0598751
0.0644531
0.0530747
0.04575
0.0582671
0.0508614
0.0533844
0.0517832
0.0474228
0.0555881
0.0625434
0.0574368
0.0568265
0.0569777
0.057965
0.0617112
0.047268
0.0645357
0.0551314
0.0520908
0.0440625
0.0562101
0.0581114
0.0546751
0.0546751
0.0436885
0.0536874
0.0591094
0.0494146
0.0492603
0.0455104
0.0430649
0.0447504
0.0582671
0.0570513
0.046966
0.0428375
0.0388569
0.0497921
0.049482
0.049482
0.0427656
0.0507063
0.057508
0.0431403
0.0647621
0.0570513
0.0529268
0.0576624
0.0464323
0.0517774
0.0451355
0.0507933
0.0600294
0.0515498
0.040621
0.0470455
0.050182
0.0569777
0.0634648
0.05882
0.0559066
0.0523966
0.0527724
0.0542191
0.0499466
0.0647621
0.0465012
0.0559066
0.0610207
0.0530104
0.0607948
0.0504038
0.052704
0.0511705
0.0564407
0.052307
0.0527724
0.0631611
0.0563648
0.0532345
0.0556838
0.0643851
0.0645984
0.0568265
0.0513245
0.0455004
0.0640772
0.0517044
0.0595726
0.0608659
0.0761215
0.0635416
0.0726154
0.0571319
0.0623244
0.0590401
0.0603319
0.0747622
0.0691155
0.0570513
0.0721591
0.0617853
0.0607948
0.0593447
0.0562101
0.0598751
0.0742215
0.062087
0.0538424
0.0593447
0.0492627
0.0575913
0.0523966
0.0563648
0.0529268
0.0513245
0.073011
0.0600216
0.0549857
0.0610986
0.0588862
0.061932
0.0533148
0.0549857
0.0580526
0.065527
0.0582054
0.066904
0.0489557
0.0489557
0.0643056
0.0574989
0.0589542
0.0678923
0.0565869
0.0553782
0.0569777
0.0661385
0.0680412
0.0757496
0.0535321
0.0548306
0.061932
0.0466565
0.062087
0.0598659
0.0565949
0.0594989
0.0708683
0.0497192
0.0535388
0.0557523
0.0585815
0.0486472
0.0642313
0.0488016
0.0529192
0.057965
0.0514743
0.0675756
0.0624784
0.0574393
0.0645385
0.0593467
0.0550695
0.0585815
0.0616363
0.0480348
0.0558998
0.0549184
0.0554426
0.0708683
0.0651513
0.0676688
0.0671276
0.0633147
0.0520908
0.0588876
0.058274
0.0598659
0.0656088
0.0580526
0.0650643
0.0660616
0.0662083
0.0607891
0.0614067
0.0601122
0.0510161
0.0462779
0.0591936
0.0635416
0.0557523
0.0563648
0.0577454
0.0521791
0.062853
0.0620192
0.0586537
0.0585815
0.051872
0.0520257
0.0549857
0.0674351
0.0533177
0.0604866
0.0599593
0.0618654
0.0547645
0.0713263
0.0618654
0.0658305
0.0531643
0.0521608
0.0661385
0.058274
0.0664427
0.0633991
0.058274
0.058274
0.0558383
0.0558383
0.0628568
0.0646902
0.0627035
0.0563648
0.0519372
0.0543053
0.0630072
0.0651493
0.0640772
0.0640772
0.0678864
0.0594989
0.0667463
0.0491056
0.0603319
0.0503356
0.0562142
0.0545469
0.0637063
0.0433803
0.0473531
0.0574393
0.058274
0.0602659
0.0608797
0.0572858
0.056519
0.0578992
0.068199
0.0590401
0.0559066
0.0710217
0.0523966
0.0517832
0.0588862
0.0749151
0.0523966
0.0562995
0.0694203
0.0522423
0.0708009
0.0659847
0.063619
0.0708683
0.0569796
0.0612528
0.0621726
0.073011
0.0659177
0.063619
0.0713263
0.0713263
0.0718744
0.0718744
0.0654577
0.063552
0.0598062
0.0578164
0.0578164
0.0656113
0.0572858
0.0470455
0.055529
0.0632457
0.063619
0.0562995
0.0544557
0.0624784
0.0627837
0.0750686
0.0707146
0.0613404
0.0694927
0.0618661
0.0623257
0.0643185
0.0621089
0.0665968
0.0651493
0.0701874
0.0692044
0.0711076
0.0614067
0.0561461
0.0594989
0.061033
0.0692689
0.0771243
0.067057
0.0646902
0.0692659
0.0700342
0.0583584
0.0763608
0.0806255
0.0653037
0.0694219
0.0630921
0.0634648
0.0640128
0.0733184
0.0575913
0.0835351
0.0617133
0.0643851
0.0523969
0.0637731
0.0762075
0.0640772
0.0749151
0.0643851
0.0694203
0.0654577
0.0664427
0.0658305
0.0561461
0.0520908
0.0517171
0.0528562
0.0689618
0.0556854
0.059281
0.0714129
0.0623244
0.0635523
0.0698813
0.0671457
0.0695103
0.0611276
0.0738718
0.0865046
0.0769055
0.0803444
0.0817872
0.0756195
0.0800397
0.0759301
0.0695103
0.0753146
0.068376
0.0645667
0.0663218
0.0742381
0.0748524
0.0781341
0.0658586
0.0711071
0.0745467
0.0663784
0.0769097
0.0732562
0.0782927
0.0798293
0.0773206
0.0734141
0.0746472
0.0817338
0.0687433
0.0740236
0.0718744
0.0899455
0.0732562
0.0853775
0.0646277
0.0737196
0.0680209
0.0680209
0.0772175
0.0688394
0.0905617
0.0905617
0.0770099
0.0676078
0.0760826
0.0782448
0.0803444
0.0841487
0.0832288
0.082554
0.064321
0.0691442
0.0743933
0.0770627
0.0640131
0.068992
0.0673632
0.0749524
0.0734715
0.0712605
0.0685873
0.0789639
0.0796773
0.0724913
0.073567
0.0666318
0.0958939
0.0776774
0.0779866
0.0751617
0.0727984
0.0756239
0.0766986
0.0820954
0.0813261
0.0840879
0.0798868
0.0800412
0.0841487
0.0790655
0.0847037
0.0883532
0.0790609
0.0883532
0.0787557
0.0943556
0.0862035
0.0823506
0.0885055
0.0943556
0.0837842
0.0837842
0.0831206
0.0820954
0.0820954
0.0852247
0.0877381
0.0846099
0.0846099
0.0814783
0.0856869
0.0871236
0.0838425
0.0755586
0.0757772
0.0798293
0.0853775
0.0810634
0.087529
0.0859927
0.0818866
0.0913285
0.0812704
0.0805019
0.0762348
0.0817338
0.0827104
0.0916327
0.0843013
0.0832728
0.0778912
0.0811176
0.0841492
0.089273
0.0800397
0.0773151
0.0883532
0.0987677
0.0845587
0.0901002
0.0765461
0.0822486
0.0896364
0.0795249
0.0926103
0.0952789
0.0784452
0.0908695
0.0776774
0.0875853
0.0717217
0.0869663
0.0834727
0.0855299
0.0770627
0.0819398
0.0775245
0.0866085
0.0770627
0.0738718
0.0686803
0.0850059
0.0724913
0.0875853
0.0809594
0.0908654
0.0712034
0.0766986
0.0784452
0.0787557
0.0827062
0.0708972
0.071876
0.0781398
0.0809645
0.0814228
0.0820389
0.0853288
0.0790655
0.0880474
0.0818866
0.0914807
0.0942032
0.0957357
0.092713
0.079219
0.0939919
0.0907131
0.0849153
0.0907131
0.0822486
0.0932248
0.0902507
0.095273
0.0867608
0.0898961
0.0800397
0.0773151
0.0830164
0.0839919
0.0745467
0.0789085
0.0784452
0.0800397
0.0872761
0.073104
0.0863568
0.101682
0.0796773
0.0862971
0.0789085
0.0946644
0.089178
0.0775245
0.0951214
0.0857434
0.097328
0.0850675
0.0809594
0.0806548
0.0866623
0.080811
0.0887174
0.0831688
0.072645
0.0803487
0.0830164
0.0721832
0.0914807
0.08384
0.0874322
0.0787557
0.0791162
0.0839958
0.0879494
0.0767563
0.0723362
0.0721245
0.0913285
0.0897924
0.0926135
0.0779866
0.0788112
0.0853775
0.0711076
0.0779866
0.0723362
0.0782927
0.0844001
0.0870722
0.0831206
0.0850675
0.0809594
0.0809645
0.0809645
0.0781398
0.087529
0.0840951
0.0818866
0.0837384
0.0899455
0.0853775
0.0936877
0.095741
0.0888705
0.0812247
0.0807593
0.0850166
0.0893312
0.0781969
0.0773712
0.0738718
0.0818866
0.0828636
0.0789085
0.083942
0.0726412
0.073625
0.0806548
0.0847628
0.0926709
0.0917918
0.0772153
0.089121
0.0946075
0.105939
0.100148
0.0937438
0.0893267
0.0919444
0.0792722
0.0835351
0.0839958
0.0852247
0.0757217
0.0946075
0.0889687
0.0844567
0.0842478
0.0830164
0.0806548
0.0855299
0.0770635
0.0710505
0.0743357
0.0714151
0.0899403
0.0750083
0.0888702
0.0861451
0.0811176
0.0685331
0.0697607
0.0776774
0.0705876
0.0802941
0.0712034
0.0740304
0.0775195
0.0704346
0.0839363
0.0762348
0.0800335
0.0859927
0.0822439
0.0798868
0.0700732
0.0738771
0.0757772
0.0715083
0.0804461
0.0746396
0.0984048
0.0836318
0.0815808
0.0796773
0.0847628
0.0889687
0.0814273
0.0794259
0.0852247
0.0847117
0.0734141
0.0800397
0.0850715
0.0782927
0.0809645
0.0814809
0.0751617
0.072645
0.0771627
0.0809115
0.0759301
0.0765461
0.0664748
0.0852247
0.079213
0.0723362
0.0825033
0.0806548
0.0911758
0.0827062
