0.0478136
0.0551774
0.0480139
0.0526085
0.0513053
0.0474253
0.0455204
0.0463719
0.0424931
0.0423662
0.0439411
0.0493936
0.0453819
0.0464392
0.0488695
0.0484754
0.0441401
0.0566239
0.0424931
0.0497279
0.0490599
0.0501171
0.0463719
0.0491989
0.0511074
0.0512346
0.0459231
0.0488776
0.054188
0.0493936
0.0463124
0.0533372
0.0409176
0.0478191
0.0409176
0.0496601
0.0455158
0.0498551
0.0553722
0.0487374
0.0467172
0.0503162
0.051819
0.054255
0.0496601
0.0476266
0.054188
0.0514295
0.0546493
0.0537311
0.0470393
0.0532035
0.0548442
0.0545216
0.0507064
0.0480813
0.0569459
0.0478191
0.0551774
0.0551774
0.0549046
0.0550391
0.0550391
0.053866
0.0557618
0.0516243
0.0524868
0.0438736
0.0504517
0.0587192
0.045783
0.0503837
0.052614
0.0488092
0.0488092
0.0580631
0.0427552
0.0416419
0.0503837
0.0544542
0.0499939
0.0464392
0.0496601
0.0490721
0.0534651
0.0441401
0.0491888
0.0562232
0.0493267
0.0457154
0.0481534
0.0486703
0.0499905
0.0483482
0.0483482
0.0482086
0.0487921
0.0467735
0.0453935
0.0472178
0.0434838
0.0470233
0.0421033
0.0526762
0.0453819
0.046507
0.061276
0.054911
0.0521527
0.0535319
0.0478869
0.0583246
0.0499225
0.0544495
0.043552
0.0505785
0.0530036
0.0506495
0.0482757
0.0489319
0.043815
0.0489938
0.0488092
0.0520136
0.0538686
0.0430938
0.0491317
0.0496601
0.043945
0.0503162
0.0486703
0.0437466
0.0486108
0.0463666
0.0495928
0.0488651
0.0510397
0.0474294
0.0501785
0.0432849
0.0545116
0.052614
0.0414471
0.0472904
0.0475521
0.0453252
0.0477519
0.0479469
0.0522808
0.046507
0.0510397
0.0540606
0.0473576
0.0493384
0.0503116
0.0438736
0.0501889
0.0507732
0.0481534
0.0508446
0.0543828
0.0465752
0.051302
0.0487374
0.0558906
0.0508446
0.0480139
0.051819
0.0491317
0.0517632
0.0470955
0.0547163
0.05366
0.0491407
0.0476924
0.0537983
0.0497829
0.0562899
0.0520256
0.0510349
0.0442032
0.053667
0.0554429
0.0542591
0.0542591
0.0549824
0.0551774
0.0530703
0.0520136
0.0451269
0.0595708
0.0528799
0.0485428
0.0537983
0.0514966
0.0476924
0.0496601
0.0470366
0.0475521
0.0490041
0.0509127
0.0430224
0.0505785
0.0430905
0.0504395
0.0503735
0.0444709
0.0498551
0.0459776
0.0491317
0.0475521
0.0495928
0.0456432
0.0539932
0.047163
0.0527423
0.0475521
0.0518908
0.0535319
0.047231
0.0527423
0.0541319
0.0509724
0.0530081
0.0473576
0.0520974
0.0557618
0.0514966
0.0515005
0.0486108
0.054778
0.0486703
0.0502448
0.0545216
0.0537398
0.0528759
0.048142
0.0533988
0.0474294
0.031706
0.0396765
0.0438736
0.0384906
0.0514233
0.0457283
0.0501171
0.0484754
0.0564225
0.0432171
0.0421033
0.0514966
0.0478747
0.0459924
0.0527423
0.0488092
0.045059
0.0532701
0.0475521
0.0423662
0.052614
0.0462443
0.0488651
0.0533929
0.0455906
0.0516957
0.0514966
0.0514966
0.0511074
0.0545216
0.0486703
0.0559617
0.0451868
0.0472904
0.0413211
0.0505785
0.0540496
0.0474853
0.0490599
0.0501889
0.0530036
0.0531324
0.0495883
0.0482804
0.0472904
0.0453157
0.0562899
0.0550391
0.0564892
0.0482757
0.0478191
0.0564844
0.0491438
0.048142
0.0510397
0.0487921
0.0551774
0.051819
0.0529374
0.0404014
0.0453935
0.0524756
0.0518241
0.0532647
0.0485428
0.0464392
0.0459043
0.0444028
0.0514295
0.0476949
0.050121
0.0468287
0.0480176
0.0460494
0.0444709
0.0545827
0.0514966
0.0505785
0.0486108
0.0503116
0.045783
0.0457101
0.0456432
0.0514295
0.0499833
0.0480813
0.0454486
0.0532701
0.0528799
0.0510397
0.0476924
0.046634
0.0512346
0.0569498
0.0571406
0.0530081
0.0504395
0.0491989
0.0522241
0.0499257
0.0511677
0.0483369
0.0430224
0.0553054
0.0499257
0.0520895
0.046507
0.0434161
0.0441355
0.0410454
0.0451809
0.046234
0.0485317
0.0512968
0.0434838
0.0461722
0.0426212
0.0482757
0.0493936
0.044792
0.0505685
0.0459139
0.0488651
0.055567
0.0458543
0.0407227
0.043552
0.0470955
0.0514966
0.0493936
0.0457154
0.0457774
0.0437497
0.0407227
0.046884
0.0455769
0.0406506
0.0419083
0.0501785
0.0461722
0.0456483
0.045783
0.0493936
0.0486739
0.0461053
0.0439354
0.0432171
0.0449199
0.0441401
0.0484165
0.0457154
0.0446692
0.0488651
0.0494491
0.0503735
0.0502448
0.0532701
0.0463666
0.0468287
0.0516243
0.0509056
0.0432849
0.0382239
0.0459104
0.0508353
0.0456432
0.054778
0.0426288
0.0445302
0.0485977
0.0526814
0.0498496
0.0421033
0.038754
0.0461722
0.0447377
0.0451269
0.0438736
0.0512346
0.0477519
0.0435396
0.0464392
0.0504395
0.0490041
0.0561429
0.0506462
0.0454486
0.0514295
0.0477519
0.0520138
0.046634
0.053075
0.0436787
0.0434838
0.0449323
0.0491317
0.051691
0.0440132
0.0478191
0.0470955
0.0382114
0.0380166
0.0471518
0.0475414
0.038613
0.05064
0.0437466
0.0505113
0.0473576
0.0438736
0.0461053
0.0459776
0.0426879
0.0527423
0.0411264
0.0498551
0.0527423
0.0408502
0.0388803
0.0498551
0.0503162
0.0427729
0.0474853
0.0466959
0.0419044
0.0482086
0.0461053
0.0555042
0.043945
0.0412405
0.0541918
0.0507732
0.0481534
0.0494557
0.0521429
0.0564181
0.0520195
0.0457154
0.0507003
0.0406549
0.0487374
0.05222
0.0427597
0.0445974
0.0504395
0.0477519
0.0482804
0.0492666
0.0456432
0.0491989
0.0422429
0.0408502
0.0490599
0.0428826
0.0550391
0.0488092
0.0514295
0.0546609
0.0445302
0.0472904
0.0454486
0.0436062
0.0484754
0.0497908
0.0431498
0.047163
0.0493901
0.0463124
0.0472904
0.0514207
0.0557618
0.0507064
0.0423662
0.0507732
0.0509679
0.0461053
0.0443352
0.0487988
0.0478191
0.0546493
0.050506
0.055245
0.0497166
0.0489365
0.053075
0.0519611
0.050121
0.0468911
0.0478869
0.0492699
0.0495217
0.0587138
0.0524191
0.046634
0.053866
0.0434117
0.045059
0.0584531
0.0579916
0.0493838
0.05005
0.0468422
0.0497166
0.046762
0.0421033
0.0427552
0.0367747
0.0486036
0.0486703
0.0474853
0.0495217
0.0540606
0.0464392
0.0388832
0.05005
0.0480139
0.0520858
0.0535358
0.0472237
0.046234
0.0501718
0.0553054
0.0575358
0.0488651
0.0488651
0.0449865
0.051558
0.0493267
0.0455158
0.0441401
0.0445302
0.0493267
0.046762
0.0428826
0.0455769
0.0501785
0.0427597
0.0520195
0.0432888
0.0461053
0.0359918
0.0487988
0.0503735
0.0479469
0.04374
0.0428277
0.0484754
0.054188
0.0478869
0.0484754
0.0516243
0.0494491
0.0505816
0.0533929
0.0405835
0.0436787
0.0573352
0.0463666
0.04374
0.0492666
0.0495883
0.0569498
0.0529477
0.0529477
0.0489938
0.0480139
0.0491888
0.0499833
0.051691
0.0493936
0.0493936
0.0610151
0.0472904
0.047294
0.0448641
0.0474853
0.0505785
0.0471518
0.0422929
0.054188
0.049465
0.0441401
0.0410454
0.0442681
0.0469004
0.049461
0.051819
0.0460388
0.0501889
0.0497962
0.0516957
0.0524807
0.0525471
0.0478191
0.0401883
0.0492545
0.0466894
0.05005
0.0473576
0.0556233
0.0477466
0.0507064
0.0468287
0.0543828
0.0467014
0.043945
0.0480139
0.0404014
0.0491317
0.0498551
0.0461722
0.0528759
0.0460494
0.0455204
0.0536532
0.0503162
0.0406506
0.0429495
0.044792
0.0484165
0.0441401
0.0491989
0.047294
0.0463001
0.0438065
0.0418977
0.0493303
0.0499115
0.0499115
0.0422929
0.0490041
0.0520858
0.0520858
0.0503116
0.0506495
0.0567423
0.0491264
0.0495883
0.0520256
0.0525471
0.054255
0.0502448
0.0541215
0.0524191
0.0488651
0.0449199
0.051753
0.051753
0.0528759
0.046634
0.0501847
0.0417787
0.0417787
0.0447251
0.0510397
0.0406506
0.0462443
0.0470233
0.0474294
0.0505685
0.054778
0.0492666
0.0590442
0.0498551
0.0528088
0.0522808
0.0526762
0.0545774
0.0553634
0.0575451
0.051958
0.0491989
0.0459231
0.057602
0.0530036
0.0443299
0.0483482
0.0459814
0.051819
0.0476243
0.0528088
0.0509679
0.0472904
0.0509013
0.049202
0.0488651
0.0489938
0.0463719
0.0453252
0.0459776
0.0480758
0.0381559
0.0491317
0.0424931
0.0424931
0.0480139
0.0417692
0.0445974
0.0474853
0.0524191
0.0437466
0.0447377
0.0487988
0.0437343
0.0432171
0.0509679
0.0421033
0.0480758
0.0461767
0.0341396
0.0463666
0.0480853
0.0449865
0.0498551
0.0484083
0.0520858
0.0478191
0.0502448
0.054911
0.0443915
0.0492545
0.0470233
0.0480694
0.0459776
0.046561
0.046561
0.0410454
0.0410454
0.0458378
0.0444028
0.0486036
0.0504395
0.0427597
0.0445302
0.0480139
0.0460388
0.0437343
0.0531983
0.0478136
0.0447251
0.0447251
0.0401935
0.0388126
0.0463001
0.0449323
0.0520858
0.03408
0.03408
0.04513
0.0459104
0.0498551
0.044792
0.0441401
0.0478805
0.0514966
0.048142
0.0488092
0.0505113
0.0482086
0.0482086
0.0448538
0.0485317
0.0478191
0.0438736
0.0432718
0.045783
0.045783
0.0540496
0.0478805
0.0397994
0.04171
0.0423662
0.0459043
0.0459043
0.0509679
0.0460494
0.0413073
0.0492603
0.0402498
0.0455335
0.0440727
0.0449199
0.0436734
0.0490599
0.0505816
0.0434117
0.0456432
0.0490041
0.0480813
0.0411839
0.0431498
0.0449199
0.0433574
0.0445912
0.043815
0.043815
0.0526814
0.0428299
0.0428299
0.0434792
0.0537265
0.0461178
0.0461178
0.0402612
0.0432171
0.0453252
0.0474896
0.0430224
0.0449199
0.0400664
0.0422309
0.0485428
0.0485428
0.0511624
0.0512346
0.0426212
0.0401213
0.0389516
0.0389516
0.0423539
0.0405276
0.0411839
0.0440683
0.0438736
0.0438736
0.0454486
0.0394535
0.0510962
0.0428277
0.0449917
0.0461767
0.0461767
0.0374993
0.0441533
0.0502448
0.0342069
0.0414356
0.0407122
0.0445974
0.0438736
0.0384185
0.0457154
0.0446652
0.0443352
0.0497881
0.0441355
0.0485428
0.0439411
0.0497829
0.0524756
0.0416419
0.0464392
0.0452539
0.0503837
0.043552
0.0421591
0.0469683
0.0417692
0.0484754
0.0472344
0.0427552
0.0367194
0.0433447
0.0490649
0.0423662
0.0475521
0.0430224
0.042507
0.0529434
0.0434264
0.0434264
0.0405962
0.0404708
0.0436114
0.0411839
0.0472904
0.0430224
0.0419083
0.0453252
0.0471083
0.0436233
0.0404014
0.0453385
0.0457154
0.0453267
0.0405962
0.0445429
0.0476949
0.0444709
0.0473031
0.042507
0.0437497
0.0472344
0.0444886
0.0471083
0.0438339
0.0515126
0.0514571
0.0451435
0.051777
0.0506628
0.0471229
0.0449459
0.0502728
0.0484472
0.0477867
0.0513466
0.0529706
0.0471408
0.0495583
0.052652
0.0492962
0.0480096
0.0526412
0.0435805
0.0543497
0.0504077
0.0504242
0.0492895
0.055417
0.0478605
0.0499431
0.0530945
0.0517152
0.0594148
0.0532953
0.0515225
0.051003
0.0649031
0.0599192
0.0567796
0.051916
0.0635239
0.0618788
0.0629343
0.0679277
0.0679277
0.0607476
0.0689588
0.0664498
0.0663116
0.0635268
0.0704023
0.0667462
0.0644829
0.0696206
0.067669
0.0825985
0.0750058
0.0743603
0.0692022
0.0811156
0.0900237
0.0841969
0.0806779
0.087902
0.0940985
0.0856613
0.0927171
0.0995495
0.0940564
0.0996181
0.101785
0.106802
0.113079
0.104595
0.115502
0.103721
0.0986614
0.0929172
0.0984962
0.0869643
0.0871585
0.0965826
0.0902578
0.0932558
0.0878522
0.0904621
0.0893284
0.0914372
0.0949742
0.0877983
0.0837298
0.0872148
0.0848115
0.0829389
0.0778825
0.0843695
0.0854376
0.0886886
0.0935516
0.0872582
0.0911433
0.0806302
0.0904082
0.0908524
0.0928112
0.0881489
0.0827442
0.084314
0.0796038
0.080772
0.0931066
0.0841744
0.0875158
0.0886327
0.0853951
0.0923172
0.0907483
0.079548
0.0848686
0.0917268
0.0890782
0.0861342
0.0876639
0.0939418
0.0874144
0.088984
0.0905629
0.0882875
0.0851489
0.0841632
0.0809294
0.0861788
0.0798427
0.0874144
0.0849616
0.0844144
0.0805775
0.0871641
0.0880547
0.0855381
0.0901634
0.0773422
0.0879994
0.0849616
0.0913888
0.0817655
0.0890215
0.0802886
0.0875158
0.0853995
0.0876095
0.0860397
0.0857326
0.078913
0.0779207
0.0779207
0.0861788
0.0859841
0.0881943
0.0856029
0.0915444
0.0853129
0.0890878
0.0900184
0.0857969
0.0893824
0.089045
0.0907101
0.0877133
0.086729
0.088839
0.0880586
0.0815744
0.083047
0.0811304
0.0935048
0.0870744
0.0909056
0.083198
0.0912423
0.0926704
0.0937954
0.0985128
0.0876594
0.0832437
0.0874644
0.0827993
0.0840757
0.0893795
0.0907567
0.0921308
0.0901174
0.0844234
0.0876152
0.0890914
0.0891847
0.0901228
0.0850629
0.0908524
0.0916867
0.0850629
0.0930608
0.0824617
0.0921874
0.0936613
0.0985771
0.104502
0.111615
0.10299
0.114901
0.106387
0.100308
0.109219
0.108586
0.110591
0.102269
0.10628
0.110832
0.101423
0.102162
0.10913
0.109897
0.106084
0.103535
0.110682
0.101333
0.109506
0.103625
0.103625
0.105299
0.101725
0.106581
0.108043
0.102314
0.10011
0.0973635
0.0979077
0.100004
0.101725
0.101921
0.101636
0.10726
0.103293
0.10447
0.100789
0.103475
0.100565
0.0948589
0.102207
0.0951609
0.102162
0.0976495
0.104605
0.0958373
0.0979822
0.0935105
0.0894783
0.0840756
0.0747801
0.0753121
0.0756671
0.0736403
0.0749231
0.0817999
0.0790488
0.0808587
0.0807231
0.0715248
0.0732015
0.0768481
0.0843422
0.0806315
0.0827861
0.0799312
0.0812161
0.0748646
0.0825014
0.070643
0.0829351
0.0820399
0.0786138
0.0760569
0.0838628
0.0743246
0.0748646
0.0863735
0.0753121
0.0811123
0.073581
0.0741736
0.0790034
0.0784526
0.0805619
0.0878965
0.0776276
0.081812
0.0708376
0.0778223
0.0763429
0.07875
0.0783924
0.0808587
0.0757008
0.0724086
0.0788087
0.0733961
0.0781075
0.0792559
0.0767316
0.0752528
0.0766409
0.076114
0.077238
0.0733367
0.0733044
0.0697139
0.073082
0.0713177
0.0772104
0.0802164
0.0659723
0.0741419
0.070643
0.0728464
0.0831297
0.0723061
0.0688769
0.0715718
0.0652273
0.0714801
0.074233
0.0752199
0.0714699
0.0698063
0.074622
0.0799312
0.0719603
0.0756092
0.0795422
0.0739359
0.0716304
0.070643
0.070869
0.0719279
0.0732015
0.0747724
0.0750251
0.0814108
0.07875
0.0732457
0.0778106
0.0821435
0.0718167
0.0678893
0.0762516
0.0774328
0.071664
0.0763092
0.0673495
0.0742909
0.0816348
0.0722142
0.0625744
0.0785556
0.073785
0.0755647
0.072662
0.0732015
0.0797947
0.074233
0.0721544
0.0708376
0.0707461
0.0817544
0.0732941
0.070643
0.0797263
0.0787057
0.0734992
0.0752649
0.0781665
0.0801737
0.0797368
0.0704401
0.0811123
0.0733961
0.0647791
0.0732015
0.0696453
0.0822019
0.072754
0.0756092
0.0741303
0.077314
0.0773742
0.0762516
0.0758037
0.0689698
0.0655826
0.0686671
0.0686239
0.0686239
0.0779132
0.0806209
0.0705837
0.0807681
0.0748755
0.0808587
0.0808587
0.0788408
0.0712264
0.0747724
0.0789002
0.0752322
0.0739793
0.0815598
0.0794832
0.0751612
0.0803678
0.0794509
0.0817544
0.0796458
0.0778106
0.075895
0.0779132
0.0691158
0.0682784
0.0758037
0.0724086
0.0733961
0.0790946
0.072754
0.0732132
0.0748165
0.0806043
0.0786138
0.0821435
0.0804832
0.0759454
0.0733367
0.0793926
0.0765959
0.0860148
0.0845048
0.0804832
0.0783747
0.0816954
0.0723985
0.0762516
0.0738436
0.0784526
0.0804832
0.0711356
0.0703894
0.0799312
0.0721119
0.0807681
0.0794509
0.0790034
0.0771797
0.0768825
0.0777189
0.0770431
0.0799895
0.0763429
0.0799312
0.0790034
0.0790034
0.0748165
0.0852378
0.0807559
0.0787057
0.0809497
0.0720031
0.0749669
0.0795871
0.0841613
0.0788087
0.077089
0.0736825
0.0711237
0.0783016
0.072603
0.0780469
0.0735906
0.076114
0.0799312
0.0831752
0.0733961
0.0768227
0.0778223
0.0754721
0.0728566
0.0785556
0.0815919
0.0796773
0.0762516
0.0728566
0.0827861
0.0775244
0.0736939
0.0740287
0.0768825
0.0812161
0.075895
0.0807231
0.0777189
0.0808587
0.0806315
0.0796458
0.0770768
0.0801256
0.0843102
0.0778223
0.0835188
0.0775685
0.0731426
0.0765042
0.0796773
0.0784649
0.0767316
0.0768825
0.0782583
0.0786467
0.074233
0.0770768
0.0835188
0.0792889
0.0814688
0.0754146
0.0850566
0.0843102
0.0739359
0.0812161
0.0849522
0.0752199
0.0765042
0.0786467
0.0788658
0.0815598
0.0794509
0.0828764
0.0750108
0.0783611
0.0762516
0.0761926
0.0796458
0.0764771
0.074233
0.0802758
0.0740384
0.0768942
0.0797947
0.0797368
0.0713774
0.0857892
0.0809177
0.0748755
0.0763429
0.0776165
0.0740384
0.0877482
0.0765811
0.0781665
0.0778223
0.0834151
0.0730179
0.0800814
0.0752107
0.0792559
0.0759982
0.0814688
0.0778223
0.0790946
0.0817544
0.0789443
0.0783611
0.0796458
0.0791386
