-0.00588118
-0.0058435
-0.00567273
-0.00669107
-0.00722566
-0.00649146
-0.00665592
-0.00617872
-0.00575336
-0.00608771
-0.00562508
-0.00655036
-0.00717835
-0.00615828
-0.00737726
-0.00645853
-0.00614576
-0.00657712
-0.00663314
-0.00599422
-0.00665592
-0.00650851
-0.00610251
-0.00633017
-0.00635297
-0.00627409
-0.00554629
-0.00588364
-0.00625922
-0.00608345
-0.00623892
-0.00590392
-0.00607522
-0.00619354
-0.00607742
-0.00691564
-0.00620608
-0.00583326
-0.00641308
-0.00667867
-0.00651867
-0.00573611
-0.00635506
-0.00634693
-0.00616063
-0.00676355
-0.00728429
-0.00573969
-0.006123
-0.00578537
-0.00589135
-0.00555647
-0.006156
-0.00587351
-0.00591172
-0.00668516
-0.00672621
-0.00617651
-0.0061105
-0.00588118
-0.0058686
-0.00657976
-0.00662276
-0.00609801
-0.00693073
-0.00570805
-0.00596192
-0.0065039
-0.00661035
-0.0060546
-0.00604207
-0.00556666
-0.00669107
-0.00605248
-0.00672209
-0.00679871
-0.00611275
-0.00648123
-0.0062241
-0.00658956
-0.00700258
-0.00713641
-0.00657712
-0.00724838
-0.00590639
-0.00697988
-0.00659795
-0.00669107
-0.00664555
-0.0058788
-0.00650617
-0.00654482
-0.00670349
-0.00647904
-0.00631775
-0.00676946
-0.00643582
-0.00569542
-0.00673244
-0.00629674
-0.00644829
-0.00596192
-0.00676946
-0.00719937
-0.00673864
-0.00649146
-0.00565762
-0.00642556
-0.00624675
-0.00694484
-0.00634473
-0.00635723
-0.00693442
-0.00613326
-0.00516623
-0.00656273
-0.00663314
-0.00607522
-0.00541925
-0.00623892
-0.00583563
-0.00585604
-0.0058686
-0.0069221
-0.00722384
-0.00608345
-0.00668075
-0.00692969
-0.00587649
-0.00749632
-0.00620372
-0.00640062
-0.00643582
-0.00614353
-0.00629433
-0.00621624
-0.0066352
-0.00682709
-0.0055691
-0.00610022
-0.00621164
-0.0072588
-0.00630942
-0.00643582
-0.00686608
-0.00686608
-0.00645636
-0.0069221
-0.00590392
-0.00648349
-0.0063654
-0.00583806
-0.00657512
-0.00656469
-0.0061105
-0.00680447
-0.00641308
-0.00619121
-0.00648582
-0.00672411
-0.00695527
-0.00687844
-0.00642556
-0.0055691
-0.00620142
-0.00712406
-0.00666629
-0.006123
-0.00672209
-0.00638817
-0.00641092
-0.00626158
-0.00633441
-0.00697988
-0.00697988
-0.00600979
-0.00713278
-0.0053712
-0.00637785
-0.0056601
-0.00556149
-0.00678517
-0.00534846
-0.00688888
-0.00600888
-0.0061253
-0.00697798
-0.0061253
-0.00642783
-0.00715737
-0.00618337
-0.0063219
-0.00662075
-0.00589378
-0.00575452
-0.00738947
-0.00633017
-0.00639032
-0.00666832
-0.0071661
-0.00590943
-0.00651636
-0.00654918
-0.00679423
-0.00589378
-0.006868
-0.00664353
-0.00585841
-0.00537652
-0.00637785
-0.00722384
-0.00658556
-0.0061685
-0.00724838
-0.00617651
-0.00613326
-0.00680625
-0.00587102
-0.00605248
-0.00621624
-0.00654696
-0.0061685
-0.00561218
-0.00594693
-0.0069695
-0.00569288
-0.00533581
-0.00642124
-0.00618101
-0.006156
-0.00570647
-0.00515629
-0.00536652
-0.00637785
-0.00464867
-0.00504718
-0.00591408
-0.00708712
-0.0057207
-0.00672621
-0.00555894
-0.00577598
-0.00664158
-0.00649146
-0.00535855
-0.00571068
-0.00597202
-0.00510537
-0.00473877
-0.00605769
-0.00592664
-0.00538653
-0.00535376
-0.0062264
-0.00655147
-0.00663314
-0.00591902
-0.00644608
-0.00570548
-0.00629492
-0.00626164
-0.00686422
-0.00664353
-0.00590153
-0.00663314
-0.00649603
-0.00560452
-0.00637785
-0.00646878
-0.00636753
-0.00641092
-0.00555647
-0.0061732
-0.00668075
-0.00701295
-0.00592424
-0.00665392
-0.00692401
-0.00657712
-0.00600671
-0.00607742
-0.005889
-0.00502383
-0.00562478
-0.00594693
-0.00618101
-0.00665392
-0.00613107
-0.00694877
-0.00698186
-0.00667867
-0.00647904
-0.0061253
-0.00666629
-0.00634056
-0.0056828
-0.00774987
-0.00660837
-0.00581282
-0.00658556
-0.00738056
-0.00610022
-0.00630124
-0.00547534
-0.00791629
-0.00533838
-0.00606275
-0.00677652
-0.00643582
-0.00639254
-0.00655228
-0.00637575
-0.00687654
-0.00639032
-0.00577508
-0.00624134
-0.00637785
-0.00477719
-0.00610022
-0.00655426
-0.00594934
-0.00668902
-0.006123
-0.00614353
-0.00705198
-0.00768317
-0.00619121
-0.00586086
-0.00659602
-0.00635506
-0.00670349
-0.00638817
-0.00556666
-0.00595183
-0.00709942
-0.00691564
-0.00691564
-0.00693638
-0.00637785
-0.00661239
-0.007066
-0.00606275
-0.00633225
-0.00624291
-0.00550309
-0.00587102
-0.00657712
-0.00645853
-0.00589135
-0.00582304
-0.00659995
-0.00633225
-0.00625694
-0.00568031
-0.0062845
-0.00631157
-0.00660203
-0.0060649
-0.00642783
-0.00748403
-0.00623657
-0.00666832
-0.00589135
-0.00608996
-0.00559441
-0.00599468
-0.00600888
-0.00622878
-0.00633225
-0.00588118
-0.00683964
-0.00561464
-0.00660837
-0.00621787
-0.0063654
-0.00734543
-0.00589135
-0.0066829
-0.00610022
-0.00639032
-0.0069695
-0.00721715
-0.00637785
-0.0067014
-0.00693442
-0.00619594
-0.0064028
-0.00660203
-0.00655228
-0.0070149
-0.00673864
-0.00646664
-0.00727497
-0.0056702
-0.00693254
-0.00589378
-0.00594934
-0.00633441
-0.00547002
-0.00663314
-0.00582304
-0.00679423
-0.00598459
-0.00618101
-0.00618662
-0.00716968
-0.00611508
-0.00649146
-0.00667262
-0.00617567
-0.00646078
-0.00552104
-0.00548006
-0.00635297
-0.00615828
-0.00660837
-0.00711173
-0.00662075
-0.00658753
-0.00630735
-0.0060797
-0.00634473
-0.00593923
-0.0063654
-0.00642336
-0.00671379
-0.0060649
-0.00641308
-0.00581524
-0.00590639
-0.00659668
-0.00623892
-0.00668902
-0.00744899
-0.00581282
-0.00672411
-0.0062264
-0.00656273
-0.00594175
-0.0058686
-0.00631979
-0.00635947
-0.00593594
-0.0060649
-0.00563738
-0.00708544
-0.00680804
-0.00776045
-0.00661035
-0.00640062
-0.00636753
-0.00633225
-0.00667867
-0.00678517
-0.0062264
-0.00623892
-0.00740339
-0.00658196
-0.00642556
-0.006471
-0.00682709
-0.00651894
-0.00561979
-0.00650463
-0.00667667
-0.006156
-0.00674476
-0.00637575
-0.00688702
-0.00710996
-0.0062139
-0.00593678
-0.00620372
-0.00653118
-0.00653118
-0.00618337
-0.00619354
-0.00582304
-0.00643156
-0.0061105
-0.0054574
-0.00610487
-0.00662075
-0.00736829
-0.00691166
-0.00607742
-0.00658753
-0.0060649
-0.00658368
-0.00649369
-0.00600888
-0.00664765
-0.006784
-0.00584583
-0.00714506
-0.00711357
-0.00641919
-0.00718015
-0.00661239
-0.00638817
-0.00634261
-0.00664555
-0.0068975
-0.0063654
-0.00728336
-0.00555647
-0.0056828
-0.00642336
-0.00641092
-0.00633225
-0.00567273
-0.00726067
-0.0072048
-0.00630535
-0.00680804
-0.00645636
-0.00589135
-0.00636753
-0.00641308
-0.00620142
-0.00623657
-0.0067014
-0.00637785
-0.00607742
-0.00607742
-0.00665798
-0.00620608
-0.00638817
-0.005889
-0.00567273
-0.00624907
-0.00635723
-0.00628185
-0.00569288
-0.00638817
-0.00643806
-0.00594934
-0.00672209
-0.00665798
-0.00606275
-0.00626938
-0.00625922
-0.00642336
-0.00677975
-0.00582304
-0.00727298
-0.00686608
-0.00566776
-0.00611508
-0.00589135
-0.00607522
-0.00658753
-0.00659795
-0.00608996
-0.0055198
-0.00675109
-0.00694299
-0.0063219
-0.0060649
-0.0065039
-0.00643156
-0.00604245
-0.00700258
-0.00641092
-0.00617872
-0.00664158
-0.00686608
-0.00658657
-0.00617081
-0.00689082
-0.00727107
-0.00556666
-0.00660837
-0.00733903
-0.00644395
-0.00598213
-0.00669107
-0.00720111
-0.00613553
-0.00559961
-0.00648556
-0.00680665
-0.00712052
-0.0061105
-0.00740007
-0.00637785
-0.00699027
-0.00585841
-0.00592912
-0.00648123
-0.00638003
-0.00650848
-0.00646664
-0.00589135
-0.0070356
-0.006471
-0.0058437
-0.00664158
-0.0062264
-0.00669107
-0.00669107
-0.0067921
-0.00665798
-0.00575076
-0.00652883
-0.00631157
-0.00652434
-0.00700258
-0.00694877
-0.00651412
-0.00630535
-0.00615828
-0.0067921
-0.00649369
-0.0058686
-0.0058788
-0.00654182
-0.00589921
-0.00645853
-0.00659795
-0.00641092
-0.00518613
-0.00645636
-0.00603747
-0.00712406
-0.00702525
-0.00605248
-0.00596192
-0.00658196
-0.00677377
-0.00614576
-0.00637785
-0.00625922
-0.00724838
-0.00642124
-0.00620372
-0.00644395
-0.00624675
-0.00674476
-0.00648123
-0.00577598
-0.00572813
-0.00637785
-0.00703757
-0.00610251
-0.00629433
-0.00643582
-0.0067014
-0.00624675
-0.00657408
-0.00704991
-0.00597974
-0.00659995
-0.00694877
-0.00672411
-0.00714506
-0.00610022
-0.00643365
-0.00594434
-0.00592912
-0.00643365
-0.00672209
-0.00697988
-0.0067365
-0.0073164
-0.00613326
-0.00595947
-0.00624907
-0.00714506
-0.00583563
-0.00713278
-0.00737887
-0.00619121
-0.00662075
-0.00666629
-0.00643365
-0.00737572
-0.0070149
-0.00613326
-0.00634056
-0.0062887
-0.00722566
-0.00688888
-0.00585604
-0.0067014
-0.00602746
-0.00662276
-0.00625922
-0.00615828
-0.00667867
-0.00606251
-0.00638817
-0.00657646
-0.00667043
-0.00658753
-0.00723796
-0.00685562
-0.00672411
-0.00664555
-0.00731027
-0.00775149
-0.00638411
-0.00672411
-0.00676355
-0.00632703
-0.006471
-0.00715558
-0.00700066
-0.00721522
-0.00595947
-0.00679423
-0.00624907
-0.00672411
-0.00668075
-0.00668075
-0.00723431
-0.00643582
-0.00723796
-0.00657646
-0.00669107
-0.00664765
-0.00749276
-0.00687654
-0.00606505
-0.00643365
-0.00668075
-0.00619121
-0.00619121
-0.00621624
-0.00659995
-0.0063861
-0.00537652
-0.00679943
-0.00747356
-0.00588118
-0.00608996
-0.00666832
-0.00618101
-0.00666832
-0.00702725
-0.00703757
-0.0073494
-0.00590392
-0.00697151
-0.00636753
-0.00664353
-0.00664765
-0.00590639
-0.00612016
-0.00615828
-0.00747176
-0.00661035
-0.00726923
-0.00699221
-0.00568537
-0.00718886
-0.0070849
-0.00593441
-0.00620142
-0.00646878
-0.00702525
-0.00618896
-0.00581852
-0.00634959
-0.00711776
-0.00589135
-0.00686206
-0.00677377
-0.00728148
-0.00733903
-0.00674085
-0.00772413
-0.0058112
-0.00598213
-0.00647904
-0.00688888
-0.00583326
-0.00668902
-0.00717663
-0.00681472
-0.00726067
-0.00626369
-0.00602987
-0.00778475
-0.00557926
-0.00629199
-0.00617081
-0.00700258
-0.00596192
-0.00724655
-0.00609801
-0.00665427
-0.00599468
-0.00682927
-0.0076061
-0.00700066
-0.00680447
-0.00727968
-0.0074945
-0.00597452
-0.00569288
-0.00714332
-0.00637785
-0.00623657
-0.00719246
-0.00642556
-0.00623892
-0.00731936
-0.00661239
-0.0066352
-0.0140845
-0.0166783
-0.0114424
-0.0134271
-0.011751
-0.0183401
-0.0214112
-0.0203092
-0.0130299
-0.00761309
-0.00856593
-0.00762529
-0.0109392
-0.0111796
-0.0111214
-0.00768317
-0.00825212
-0.00910056
-0.00845673
-0.00911136
-0.0103809
-0.0104375
-0.00933743
-0.00750862
-0.0100616
-0.0098352
-0.00892279
-0.0111793
-0.0106771
-0.00858132
-0.00779693
-0.00879359
-0.00854788
-0.00913643
-0.0103002
-0.00977849
-0.00856278
-0.00907573
-0.00877193
-0.00958749
-0.0102106
-0.00950622
-0.0101542
-0.00864801
-0.00866866
-0.00819708
-0.00819986
-0.0103687
-0.00978111
-0.00984698
-0.0100165
-0.00899858
-0.0090193
-0.00904209
-0.00943839
-0.00939479
-0.00932655
-0.00858405
-0.0087503
-0.00845673
-0.00922333
-0.00983598
-0.00956374
-0.0102451
-0.00883064
-0.00819708
-0.00840151
-0.00813126
-0.00973273
-0.00958654
-0.00920247
-0.00850235
-0.0092462
-0.00929092
-0.00809086
-0.0104382
-0.00983598
-0.00913643
-0.00889877
-0.00788422
-0.00877193
-0.00915461
-0.0087947
-0.00988076
-0.00977929
-0.00985878
-0.00947151
-0.0087395
-0.00992796
-0.0106426
-0.0119123
-0.0124088
-0.0116598
-0.0121768
-0.0107671
-0.0113847
-0.0114532
-0.0112018
-0.0122682
-0.0106198
-0.0121089
-0.0108704
-0.010916
-0.011476
-0.0106418
-0.0110183
-0.0106771
-0.0113847
-0.0105849
-0.0114189
-0.0113159
-0.0106758
-0.0114532
-0.0115101
-0.0116026
-0.0102195
-0.0110298
-0.0113274
-0.0106989
-0.0106418
-0.0119121
-0.0105733
-0.0109155
-0.011419
-0.0106989
-0.0121543
-0.0106078
-0.00963037
-0.0109388
-0.0105614
-0.0103799
-0.0113389
-0.0111899
-0.0108701
-0.0107669
-0.0118325
-0.0111444
-0.0109725
-0.0144234
-0.0193518
-0.0242933
-0.0293864
-0.0396442
-0.0428085
-0.042862
-0.0419517
-0.0409156
-0.0416136
-0.0415465
-0.0414156
-0.0416355
-0.0410172
-0.0409034
-0.0408215
-0.0414158
-0.0418381
-0.0414869
-0.0420292
-0.0416539
-0.0398562
-0.0403998
-0.0406724
-0.0404058
-0.0401637
-0.0404058
-0.0401692
-0.0389604
-0.040875
-0.0399399
-0.0402526
-0.0391889
-0.0399698
-0.0401515
-0.0392778
-0.0396548
-0.0391601
-0.0395793
-0.0397124
-0.0398748
-0.0391839
-0.0401997
-0.0386721
-0.0397724
-0.0388337
-0.0395607
-0.0385532
-0.0391776
-0.0386706
-0.0298319
-0.0248867
-0.0200531
-0.0157123
-0.0135628
-0.0135628
-0.0126626
-0.0121656
-0.013506
-0.0124984
-0.0132155
-0.0124871
-0.0126278
-0.0121536
-0.0131465
-0.0122229
-0.0132851
-0.0127066
-0.0124184
-0.0116254
-0.0126271
-0.0131482
-0.0127062
-0.0129397
-0.0137032
-0.0128358
-0.0118547
-0.0124311
-0.0134381
-0.0134251
-0.0131823
-0.0134591
-0.0124759
-0.0125332
-0.0120738
-0.0131593
-0.012821
-0.0134481
-0.0127072
-0.0131823
-0.0124188
-0.012535
-0.0131243
-0.0125687
-0.0134371
-0.0132503
-0.0133308
-0.0128804
-0.0121765
-0.0133072
-0.0127072
-0.0132607
-0.0127524
-0.012696
-0.012593
-0.0123842
-0.0134601
-0.0123729
-0.0120747
-0.013551
-0.0131372
-0.013252
-0.0127986
-0.0119123
-0.0129841
-0.0129959
-0.0126278
-0.0129271
-0.013496
-0.013495
-0.0132401
-0.0130188
-0.0138887
-0.0130634
-0.0131712
-0.0128804
-0.0127524
-0.013263
-0.0128478
-0.0129382
-0.013088
-0.0129619
-0.0130979
-0.013274
-0.0125469
-0.013075
-0.012973
-0.0135408
-0.0135408
-0.0127524
-0.0122567
-0.0132954
-0.0129953
-0.0135967
-0.0131593
-0.012973
-0.012973
-0.0127418
-0.0135739
-0.0128923
-0.0132282
-0.0128455
-0.0129389
-0.0116368
-0.0125448
-0.0121536
-0.0137042
-0.0128215
-0.012453
-0.0140517
-0.0130064
-0.0124301
-0.0135976
-0.0138629
-0.012812
-0.0129501
-0.0129848
-0.0126383
-0.0126945
-0.0138529
-0.0128322
-0.0132851
-0.0129034
-0.012672
-0.0119579
-0.0128462
-0.0129848
-0.0128676
-0.013391
-0.0128708
-0.012108
-0.0120967
-0.013807
-0.0132725
-0.0130195
-0.0129389
-0.0129153
-0.0126607
-0.0124535
-0.0132503
-0.0129841
-0.012131
-0.0126495
-0.0128462
-0.0140396
-0.0134591
-0.0140057
-0.0126613
-0.0126855
-0.01251
-0.0137742
-0.0123617
-0.0125923
-0.0130417
-0.0124875
-0.0122339
-0.0132282
-0.0127412
-0.0129841
-0.0129389
-0.0140167
-0.0132765
-0.0131314
-0.0124413
-0.0124526
-0.0128898
-0.013007
-0.0125672
-0.0129612
-0.0126731
-0.0126731
-0.012973
-0.0134821
-0.0129501
-0.012453
-0.013495
-0.0132155
-0.0124535
-0.0131474
-0.0129959
-0.0132053
-0.0135502
-0.0138917
-0.0128462
-0.0133228
-0.0140057
-0.0134251
-0.0128326
-0.0127753
-0.0126389
-0.0126731
-0.0130645
-0.0135841
-0.012893
-0.0134021
-0.0134941
-0.012626
-0.0126271
-0.0136542
-0.0124763
-0.0126495
-0.0130077
-0.0124651
-0.0124871
-0.0133183
-0.0132148
-0.0135985
-0.0136652
-0.0126613
-0.0127183
-0.0129606
-0.0139609
-0.014275
-0.0128692
-0.0128923
-0.012593
-0.0127315
-0.0131482
-0.0123959
-0.0129966
-0.013484
-0.0129494
-0.013562
-0.0135299
-0.0129168
-0.0129723
-0.0130763
-0.0118436
-0.0131602
-0.0124413
-0.0132749
-0.0130534
-0.0127066
-0.0130188
-0.0131593
-0.0131584
-0.0127189
-0.0128266
-0.0126501
-0.0125588
-0.0128462
-0.0124871
-0.0131101
-0.0129723
-0.0130867
-0.0129953
-0.0130299
-0.013807
-0.0126837
-0.0126848
-0.0118891
-0.012593
-0.0116941
-0.0119121
-0.0139007
-0.0123179
-0.0112867
-0.0130658
-0.0106986
-0.00986401
-0.00921431
-0.00819936
-0.00731593
-0.00637691
-0.00663996
-0.00656559
-0.00788895
-0.00638191
-0.00455779
-0.0032998
-0.00321564
-0.00257957
-0.00462039
-0.00551065
-0.00651432
-0.00700781
-0.00776317
-0.00734694
-0.00770539
-0.00923178
-0.010802
-0.0105942
-0.0100816
-0.0117444
-0.011014
-0.0106454
-0.0103324
-0.0118345
-0.0114523
-0.0109555
-0.0127565
-0.0126896
-0.0111396
-0.0119208
-0.0125406
-0.0126435
-0.0133471
-0.0125326
-0.0119678
-0.0117844
-0.0113954
-0.0121798
-0.0119968
-0.0120914
-0.0114397
-0.0104939
-0.0104017
-0.010585
-0.0110234
-0.0105867
-0.0108078
-0.0105885
-0.010681
-0.0109448
-0.010099
-0.00960683
-0.0112534
-0.0115658
-0.0096189
-0.0112764
-0.00972198
-0.0104248
-0.00995284
-0.0107206
-0.0102522
-0.0105154
-0.0104586
-0.0109075
-0.0109573
-0.0107221
-0.0108612
-0.0109679
-0.0110275
-0.0101003
-0.0109289
-0.0109413
-0.0109555
-0.0110106
-0.0101154
-0.0117422
-0.0103092
-0.0109537
-0.0116981
-0.0105974
-0.011259
-0.01263
-0.0120914
-0.012112
-0.0118935
-0.0125016
-0.0116622
-0.0125376
-0.0128166
-0.0116435
-0.0120453
-0.0116833
-0.011875
-0.0111309
-0.0113151
-0.0121533
-0.0120662
-0.0111057
-0.0114543
-0.0112485
-0.0118726
-0.0127471
-0.0114185
-0.0110634
-0.0113278
-0.0116203
-0.0122796
-0.0121558
-0.0133382
-0.0127703
-0.012401
-0.0124319
-0.0131191
-0.0128166
-0.01285
-0.0126903
-0.0134046
-0.0136286
-0.0124283
-0.0128295
-0.012773
-0.0129653
-0.0124939
-0.0127656
-0.011757
-0.0119703
-0.0133483
-0.0134924
-0.0131753
-0.0136568
-0.0136632
-0.0140774
-0.0143291
-0.0129362
-0.0141703
-0.0133786
-0.0137233
-0.0151369
-0.014957
-0.0137764
-0.0145524
-0.0141604
-0.0146049
-0.0142198
-0.0145583
-0.0148134
-0.012773
-0.014084
-0.0149202
-0.0140374
-0.0147201
-0.0144087
-0.0146172
-0.0139524
-0.0143554
-0.0145145
-0.0143087
-0.013708
-0.0144881
-0.0143954
-0.0143622
-0.0140342
-0.0143829
-0.0144823
-0.0143597
-0.0142236
-0.0140584
-0.0127888
-0.0128986
-0.0129584
-0.0138727
-0.0137466
-0.0139812
-0.0143694
-0.0135621
-0.0138328
-0.0137512
-0.0130655
-0.0126069
-0.0135922
-0.0124681
-0.0143855
-0.0133221
-0.0135621
-0.0138892
-0.0132221
-0.0125459
-0.0127888
-0.0135289
-0.0128458
-0.0131423
-0.0131423
-0.0127498
-0.0130886
-0.0132858
-0.0132858
-0.0127832
-0.0152553
-0.0124605
-0.0124066
-0.0123777
-0.0123777
-0.0130713
-0.0120784
-0.013025
-0.0136617
-0.0130988
-0.0119831
-0.0126761
-0.0132779
-0.0133453
-0.0133164
-0.0141051
-0.0131396
-0.013458
-0.0126403
-0.0116667
-0.0140907
-0.0127212
-0.0133091
-0.0130264
-0.0121973
-0.0126393
-0.0128398
-0.0127935
-0.0117905
-0.0119678
-0.0128425
-0.0122461
-0.0122668
-0.0126506
-0.0121791
-0.0122645
-0.0119968
-0.0118345
-0.0128115
-0.011546
-0.0116158
-0.0126172
-0.012401
-0.0122796
-0.0119831
-0.012112
-0.0126671
-0.0119239
-0.0116876
-0.0117884
-0.0113257
-0.0117191
-0.0119678
-0.0109679
-0.0108736
-0.0113469
-0.0112427
-0.0110467
-0.0115843
-0.0121688
-0.0117548
-0.011408
-0.0114879
-0.0121949
-0.0121271
-0.0109306
-0.0109306
-0.0113173
-0.0116981
-0.011875
-0.0111667
-0.0107342
-0.0105421
-0.0111753
-0.0107808
-0.0114101
-0.0108185
-0.0115692
-0.0116412
-0.0112813
-0.0105171
-0.0109679
-0.0100431
-0.0111965
-0.0106189
-0.0108166
-0.0112446
-0.0110699
-0.0110761
-0.0115377
-0.010736
-0.0108755
-0.0102736
-0.0113848
-0.0114185
-0.0105511
-0.0119273
-0.0124397
-0.0108185
-0.0113975
-0.011618
-0.0111435
-0.0105403
-0.0111435
-0.0117779
-0.0105653
-0.011184
-0.0111772
-0.0117381
-0.0113261
-0.0115152
-0.0113743
-0.0105743
-0.0109768
-0.0109024
-0.0110634
-0.0103018
-0.0111203
-0.0108166
-0.0119423
-0.0110229
-0.0111521
-0.012058
-0.0114716
-0.0117719
-0.011639
-0.0107697
-0.0104125
-0.0103606
-0.0113635
-0.0104602
-0.00955074
-0.0102662
-0.00990946
-0.0102496
-0.0103431
-0.0104667
-0.0107927
-0.01032
-0.0111734
-0.0102876
-0.0109199
-0.0100909
-0.0104017
-0.010334
-0.0106206
-0.0106206
-0.0101063
-0.011311
-0.010774
-0.010334
-0.010268
-0.0109381
-0.0101724
-0.0100909
-0.010601
-0.011294
-0.0111224
-0.0113787
-0.010405
-0.0102214
-0.0119295
-0.0117527
-0.0116854
-0.0119886
-0.0114397
-0.0112871
-0.0120851
-0.0124862
-0.0114165
-0.0122622
-0.01202
-0.0114716
-0.0108861
-0.0111591
-0.0117296
-0.0116348
-0.0112871
-0.0112054
-0.0117296
-0.0120662
-0.0116052
-0.010991
-0.0114921
-0.010681
-0.0101631
-0.0107023
-0.0115764
-0.0111859
-0.0115072
-0.0109166
-0.0109628
-0.012572
-0.0134011
-0.0117131
-0.0122981
-0.0115552
-0.0117381
-0.010633
-0.010772
-0.0105511
-0.0101047
-0.0107361
-0.0105046
-0.0111484
-0.0105618
-0.0114333
-0.0111521
-0.0113743
-0.0102736
-0.0101371
-0.010676
-0.0104125
-0.0110739
-0.0106579
-0.0108899
-0.0119191
-0.0109236
-0.0116369
-0.0111647
-0.0116622
-0.0111627
-0.0105635
-0.0100461
-0.0114311
-0.0114039
-0.0100909
-0.0115005
-0.0109679
-0.0120141
-0.0120431
-0.0117212
-0.0118004
-0.0114271
-0.0117594
-0.0118095
-0.010491
-0.012062
-0.0117844
-0.0113807
-0.0113084
-0.0125742
-0.0106421
-0.0119759
-0.0119251
-0.0115236
-0.01133
-0.0108843
-0.0119863
-0.0109555
-0.0119356
-0.012319
-0.0117527
-0.0115994
-0.0116706
-0.0115904
-0.0114039
-0.0116115
-0.0110574
-0.0111647
-0.0116772
-0.0112552
-0.0119759
-0.0116601
-0.0127471
-0.0111183
-0.0117675
-0.0119145
-0.0117527
-0.0125892
-0.0110197
-0.011639
-0.0117876
-0.0118575
-0.0117296
-0.0125198
-0.0120997
-0.0117527
-0.011831
-0.0111203
-0.0118052
-0.011294
-0.0105743
-0.0121197
-0.0118439
-0.0117235
-0.0113848
-0.0124551
-0.0122749
-0.0122565
-0.0122054
-0.0127315
-0.0121228
-0.0139092
-0.012602
-0.0124551
-0.0122358
-0.0121688
-0.0121455
-0.0116099
-0.0121997
-0.0125868
-0.0119343
-0.0125607
-0.0124758
-0.0135993
-0.0127238
-0.0132075
-0.0131562
-0.0127265
-0.0129567
-0.0127212
-0.0125766
-0.0124113
-0.0119953
-0.0125119
-0.0117247
-0.01298
-0.0117633
-0.0118518
-0.0114591
-0.0128011
-0.0116053
-0.0128765
-0.0118542
-0.0119447
-0.0112813
-0.0112625
-0.0116667
-0.0121067
-0.0118935
-0.0113933
-0.0111145
-0.0130933
-0.0117044
-0.0110895
-0.011875
-0.0120627
-0.0117108
-0.0110446
-0.0110401
-0.0105797
-0.0113428
-0.0107295
-0.0104995
-0.0116938
-0.0103416
-0.0103416
-0.0125094
-0.011484
-0.0120851
-0.0119694
-0.0119102
-0.0121251
-0.0112602
-0.0109936
-0.0107295
-0.0106029
-0.0107992
-0.0106116
-0.0111687
-0.0113827
-0.0113637
-0.011774
-0.0114228
-0.0107933
-0.0107254
-0.0118831
-0.0105618
-0.0110825
-0.0121973
-0.0115482
-0.0107487
-0.0107021
-0.0104706
-0.0104511
-0.0105885
-0.0105885
-0.0113046
-0.0119886
-0.0115798
-0.0124784
-0.011639
-0.0118493
-0.0115948
-0.0110487
-0.0113489
-0.0112918
-0.0113151
-0.0123387
-0.0104688
-0.0112113
-0.0115904
-0.0107148
-0.0099517
-0.0120964
-0.010776
-0.0110318
-0.0111902
-0.0109492
-0.011258
-0.0109597
-0.0112392
-0.0117899
-0.0111038
-0.0122205
-0.0119737
-0.0113575
-0.0119273
-0.0124086
-0.0115948
-0.0115843
-0.0115401
-0.0105064
-0.0108456
-0.0115925
-0.0123284
-0.0120627
-0.0117973
-0.0117665
-0.0118077
-0.0108648
-0.0119655
-0.0117819
-0.0125166
-0.0126204
-0.0123572
-0.0125591
-0.0130719
-0.0122667
-0.0134157
-0.0133522
-0.0120057
-0.0133456
-0.0138805
-0.0133724
-0.0136998
-0.0153419
-0.01213
-0.0135156
-0.0119485
-0.0133692
-0.0126221
-0.0134823
-0.0133556
-0.0136398
-0.0137734
-0.0142567
-0.0133456
-0.0138037
-0.0139508
-0.0145239
-0.0132029
-0.0138892
-0.0133623
-0.013356
-0.0141285
-0.0142223
-0.0136286
-0.0134293
-0.0137963
-0.0137332
-0.0129523
-0.0132555
-0.0123003
-0.0140045
-0.0137164
-0.0127616
-0.0137065
-0.0133824
-0.0132517
-0.013583
-0.013566
-0.0134325
-0.0139543
-0.0136797
-0.0139381
-0.014189
-0.0139876
-0.0134293
-0.0142322
-0.0133857
-0.0141926
-0.014322
-0.0141421
-0.013212
-0.0133188
-0.0155012
-0.0139374
-0.0133288
-0.0135632
-0.0136433
-0.014253
-0.014001
-0.013583
-0.0141421
-0.0146378
-0.0143327
-0.013948
-0.0148212
-0.0145018
-0.01502
-0.0138706
-0.0152603
-0.0149123
-0.0155342
-0.0151954
-0.0144708
-0.0150824
-0.0144746
-0.0139374
-0.0147666
-0.0145116
-0.0144784
-0.0136697
-0.0150007
-0.0147471
-0.0147471
-0.01575
-0.0153072
-0.0147939
-0.0149008
-0.0154723
-0.0154762
-0.0156623
-0.0155923
-0.0151845
-0.0152126
-0.0146477
-0.0154762
-0.0137598
-0.0147198
-0.0156526
-0.0146865
-0.0142457
-0.0150338
-0.0139876
-0.0146532
-0.0153348
-0.014671
-0.0142726
-0.0139849
-0.0146004
-0.0150258
-0.015223
-0.0146434
-0.0156017
-0.0141632
-0.0152411
-0.0148212
-0.0139579
-0.0146669
-0.0152507
-0.0140732
-0.014991
-0.0147471
-0.015865
-0.0145572
-0.0152841
-0.0152876
-0.0153874
-0.0164988
-0.0172317
-0.017601
-0.0171624
-0.0171524
-0.0179955
-0.0175861
-0.0183097
-0.0178517
-0.0186953
-0.0175319
-0.0184205
-0.018629
-0.0177263
-0.0179412
-0.017826
-0.0176217
-0.0168247
-0.0183715
-0.0173152
-0.0162359
-0.0169629
-0.016158
-0.016955
-0.0175986
-0.0167808
-0.0168852
-0.0178748
-0.0177926
-0.0163368
-0.0168959
-0.0166527
-0.0176114
-0.0154589
-0.01779
-0.017254
-0.0183512
-0.0161831
-0.0166594
-0.0167391
-0.0158996
-0.0162061
-0.0167621
-0.016463
-0.017555
-0.0169988
-0.0168852
-0.0159725
-0.0164189
-0.0176242
-0.0167682
-0.0165111
-0.0166592
-0.0175678
-0.0170758
-0.0173099
-0.017076
-0.0165236
-0.0167057
-0.0173099
-0.0165258
-0.0167057
-0.015786
-0.0166259
-0.0165362
-0.0159917
-0.0169629
-0.0166907
-0.0168807
-0.0169167
-0.0161412
-0.0174317
-0.0169653
-0.0166444
-0.0168856
-0.0166259
-0.0155386
-0.0164441
-0.0162821
-0.0160928
-0.0160928
-0.0171816
-0.0164337
-0.0163875
-0.0168444
-0.0166259
-0.016772
-0.0167621
-0.0164441
-0.0168393
-0.0169472
-0.0158679
-0.015553
-0.0172253
-0.0168392
-0.0158112
-0.0158217
-0.016137
-0.0167978
-0.0170395
-0.0158805
-0.0167725
-0.0165487
-0.0170345
-0.0164002
-0.0174317
-0.0160928
-0.0166953
-0.0167829
-0.01579
-0.0161936
-0.0160719
-0.0162103
-0.0159811
-0.0154897
-0.0164002
-0.0170806
-0.0178646
-0.0167311
-0.0163794
-0.0169113
-0.0166467
-0.0162972
-0.0161138
-0.0164337
-0.0160444
-0.016852
-0.016852
-0.0165772
-0.016057
-0.0173285
-0.0166156
-0.0162612
-0.0165436
-0.0165564
-0.0160023
-0.0160802
-0.0166594
-0.0162844
-0.0172305
-0.0170727
-0.0163666
-0.0169447
-0.0169499
-0.0166953
-0.0162082
-0.0159769
-0.0171945
-0.016852
-0.0164452
-0.0162995
-0.0162739
-0.01659
-0.0156974
-0.0174113
-0.0165924
-0.0158112
-0.0168624
-0.0160001
-0.0168546
-0.0165412
-0.0159814
-0.0166953
-0.0165981
-0.0158343
-0.0163203
-0.0159012
-0.0167823
-0.0164322
-0.0157629
-0.0157629
-0.0157735
-0.0160128
-0.0163124
-0.0160255
-0.015786
-0.0165796
-0.0170091
-0.0168056
-0.0177084
-0.0159814
-0.0163124
-0.0154479
-0.0158007
-0.0174475
-0.0157438
-0.016139
-0.0168159
-0.0165589
-0.0168288
-0.0161726
-0.0160278
-0.0166078
-0.0166078
-0.0164567
-0.0160697
-0.0170319
-0.0174113
-0.0174113
-0.0165924
-0.0156292
-0.0167927
-0.0164106
-0.0158217
-0.0169319
-0.0155299
-0.0156292
-0.0158779
-0.0166977
-0.0165356
-0.0161914
-0.0171249
-0.0166515
-0.0161809
-0.0157775
-0.0170216
-0.0168212
-0.016095
-0.0160845
-0.0164315
-0.0172612
-0.0178673
-0.015076
-0.0166746
-0.0167748
-0.0162948
-0.0160592
-0.0165589
-0.0163748
-0.0152952
-0.0168676
-0.0160487
-0.0167877
-0.0171406
-0.0160533
-0.0164995
-0.016901
-0.0163818
-0.016901
-0.0160741
-0.0162507
-0.0159161
-0.0168984
-0.0164441
-0.0164995
-0.016708
-0.0169241
-0.0168185
-0.0162356
-0.0158323
-0.0162764
-0.016955
-0.0160533
-0.016036
-0.0160465
-0.0165589
-0.0167541
-0.0162635
-0.0158112
-0.0167487
-0.0161055
-0.0168959
-0.0162995
-0.0162635
-0.0163412
-0.0157019
-0.0157312
-0.0154372
-0.0163124
-0.0160972
-0.0154034
-0.016772
-0.0171972
-0.0160382
-0.016934
-0.0159265
-0.0168881
-0.0171508
-0.0161962
-0.016772
-0.0162995
-0.0166643
-0.016785
-0.016338
-0.0163794
-0.0174215
-0.0163412
-0.0166412
-0.0159942
-0.0156453
-0.0151205
-0.0161159
-0.0155886
-0.0168212
-0.0157565
-0.0169139
-0.0164002
-0.0164529
-0.0165124
-0.0163227
-0.0163227
-0.0163562
-0.0156299
-0.0163227
-0.0163897
-0.0162507
-0.0162507
-0.0168856
-0.0161181
-0.0166181
-0.0162764
-0.0153696
-0.0169216
-0.0165924
-0.0163539
-0.0166052
-0.0172101
-0.0162187
-0.0164255
-0.0167877
-0.015849
-0.0158469
-0.0169241
-0.016785
-0.0161033
-0.0162739
-0.0160614
-0.0163794
-0.0168984
-0.0169295
-0.0157333
-0.0167208
-0.0163099
-0.0160719
-0.015708
-0.0167438
-0.0174215
-0.0164891
-0.0153096
-0.0149934
-0.0158112
-0.0163435
-0.0171972
-0.0172894
-0.0165589
-0.0162867
-0.0159769
-0.0157986
-0.0155214
-0.0162948
-0.0157483
-0.0157821
-0.01587
-0.0165332
-0.0166078
-0.0160845
-0.0163435
-0.0167979
-0.0165279
-0.0156787
-0.0165821
-0.016515
-0.0160533
-0.0168444
-0.0163708
-0.0164002
-0.0160614
-0.0166156
-0.0167281
-0.0163539
-0.0162739
-0.0159454
-0.0160533
-0.0165485
-0.0163076
-0.0157819
-0.0162995
-0.0162995
-0.0165717
-0.0162867
-0.0162867
-0.0161538
-0.0162867
-0.0157692
-0.0171972
-0.0164382
-0.0173939
-0.0165564
-0.0165332
-0.0160128
-0.016988
-0.0158675
-0.016051
-0.0170869
-0.0156847
-0.0157206
-0.0158259
-0.0157565
-0.0163586
-0.0175557
-0.0162507
-0.0162867
-0.0167823
-0.0161538
-0.0165332
-0.0153823
-0.0157206
-0.0163748
-0.0161077
-0.0168984
-0.0167617
-0.0172717
-0.0162948
-0.0168573
-0.0167953
-0.0160741
-0.0163539
-0.0154983
-0.0160741
-0.0157438
-0.0171174
-0.0155194
-0.0156577
-0.0162299
-0.0159454
-0.0165332
-0.0154055
-0.0156764
-0.0161516
-0.0162379
-0.0152471
-0.0159373
-0.0160614
-0.0158595
-0.016369
-0.0167311
-0.0152384
-0.015553
-0.0160174
-0.0164762
-0.0159582
-0.0164995
-0.0158616
-0.0160487
-0.0164798
-0.0158133
-0.0156222
-0.0166028
-0.016095
-0.0161642
-0.0161434
-0.0173662
-0.0160046
-0.0161852
-0.0165846
-0.0156194
-0.0150395
-0.0163149
-0.0157438
-0.0166284
-0.0160406
-0.0156171
-0.0160326
-0.0155856
-0.0151815
-0.0162995
-0.0165589
-0.0157775
-0.0173737
-0.0156171
-0.0160465
-0.0163508
-0.0166108
-0.0162995
-0.0166771
-0.0156328
-0.0160128
-0.0165717
-0.0161307
-0.0157587
-0.0164581
-0.0160741
-0.0160764
-0.0157333
-0.0163252
-0.0160278
-0.0169853
-0.0167254
-0.0152259
-0.0167514
-0.0153908
-0.0165485
-0.0162995
-0.0163311
-0.0154246
-0.0160128
-0.0157483
-0.0169676
-0.0157101
-0.0168778
-0.0161412
-0.0171945
-0.0158028
-0.0149597
-0.0166078
-0.0160302
-0.0154731
-0.0152259
-0.0154878
-0.0154878
-0.0167979
-0.0158595
-0.0161561
-0.0164002
-0.0167105
-0.0154751
-0.0165279
-0.0157229
-0.0158259
-0.0158469
-0.0164128
-0.0163979
-0.016901
-0.0165614
-0.0160845
-0.0168341
-0.0157333
-0.0158238
-0.0156974
-0.0165975
-0.0165692
-0.0167541
-0.0148865
-0.0165047
-0.0155214
-0.0152846
-0.0156807
-0.0171638
-0.0169165
-0.0160719
-0.0157797
-0.0163435
-0.0162453
-0.0156404
-0.0167208
-0.0159161
-0.0171044
-0.0159536
-0.0161077
-0.0158028
-0.016757
-0.0165021
-0.0168649
-0.0162403
-0.0154646
-0.0166594
-0.0156953
-0.0158574
-0.0166156
-0.0170062
-0.0163227
-0.0161181
-0.01754
-0.0166874
-0.0162972
-0.0161264
-0.0166746
-0.0163124
-0.0170062
-0.0160741
-0.0163921
-0.0166669
-0.0175588
-0.0155445
-0.0163945
-0.0172176
-0.0158847
-0.0157692
-0.0162995
-0.0163435
-0.0162972
-0.0166309
-0.0172665
-0.0164382
-0.016901
-0.0168006
-0.0154857
-0.0155656
-0.0157417
-0.0155571
-0.0163517
-0.0160174
-0.0161791
-0.0163227
-0.0163355
-0.0169063
-0.0164613
-0.0159734
-0.0163459
-0.0163897
-0.0171174
-0.016266
-0.015555
-0.0157649
-0.0154962
-0.0148739
-0.016266
-0.0157986
-0.0162582
-0.0156382
-0.0157775
-0.0157275
-0.016515
-0.0158364
-0.0162739
-0.0170855
-0.0162299
-0.0159141
-0.0164685
-0.0159117
-0.0165047
-0.0158884
-0.0156637
-0.0163562
-0.0168314
-0.015767
-0.0158951
-0.0171842
-0.0159477
-0.015672
-0.0161962
-0.0155593
-0.0165176
-0.0165176
-0.0159942
-0.0162091
-0.0154983
-0.0156764
-0.0159791
-0.0167904
-0.0156299
-0.0154646
-0.0164814
-0.0161601
-0.0167075
-0.0165124
-0.0153655
-0.0170244
-0.0164891
-0.0162892
-0.0160174
-0.0160046
-0.0158155
-0.0155636
-0.0153183
-0.0164218
-0.0163921
-0.0159373
-0.0165589
-0.0163586
-0.0168369
-0.0158312
-0.0168444
-0.0162788
-0.0162507
-0.0160278
-0.0165949
-0.0161367
-0.0156404
-0.0165021
-0.0171638
-0.0162892
-0.0157101
-0.0156453
-0.0159477
-0.0165717
-0.0168137
-0.0155299
-0.0161289
-0.0165279
-0.0159198
-0.015395
-0.0163882
-0.0162324
-0.0160046
-0.0164917
-0.0164245
-0.0162867
-0.0158951
-0.016901
-0.0163076
-0.0159664
-0.0159791
-0.0168702
-0.0159606
-0.016266
-0.0164995
-0.0167048
-0.015708
-0.0151266
-0.0160637
-0.0160741
-0.016051
-0.0167877
-0.0169036
-0.0156869
-0.0161159
-0.0155445
-0.0161203
-0.0160764
-0.0153209
-0.0159502
-0.0159373
-0.0162972
-0.0165846
-0.0160046
-0.015767
-0.0159896
-0.016217
-0.0164891
-0.0164685
-0.0160952
-0.0162221
-0.0155214
-0.0148739
-0.0166787
-0.0154288
-0.0159477
-0.0158596
-0.0162403
-0.016515
-0.0158238
-0.0165872
-0.015746
-0.0159502
-0.0153929
-0.0164115
-0.0159582
-0.015971
-0.0154267
-0.0156509
-0.016685
-0.0148632
-0.0163985
-0.0159734
-0.0171072
-0.0156427
-0.0160382
-0.0154857
-0.0162867
-0.0148438
-0.0166608
-0.0160406
-0.0164711
-0.0159036
-0.0156787
-0.0149453
-0.0163459
-0.0164788
-0.0157333
-0.0166078
-0.0163562
-0.0154541
-0.016057
-0.0159373
-0.0160302
-0.0152891
-0.0158028
-0.0168974
-0.0159245
-0.0153908
-0.0161705
-0.0158133
-0.0161988
-0.0162379
-0.0155235
-0.0164711
-0.0151372
-0.0158417
-0.0159141
-0.0155623
-0.0164245
-0.0161601
-0.0162556
-0.0159326
-0.015971
-0.0160533
-0.0153696
-0.0154393
-0.0154857
-0.0164814
-0.0157101
-0.0157312
-0.0161962
-0.016173
-0.0157185
-0.0159477
-0.0162739
-0.0156427
-0.016515
-0.0160255
-0.0152952
-0.016095
-0.0159606
-0.015374
-0.0150653
-0.0163545
-0.0164555
-0.0158779
-0.0166945
-0.0163855
-0.0165382
-0.0162946
-0.0167541
-0.0157611
-0.0162403
-0.0161263
-0.0156659
-0.0156659
-0.0160278
-0.0161601
-0.0161601
-0.0159012
-0.0164917
