-0.0314781
-0.0318891
-0.0359929
-0.0375623
-0.0358835
-0.0253863
-0.0329459
-0.0316894
-0.0354839
-0.0314781
-0.0373774
-0.0349419
-0.0301059
-0.0301059
-0.0285389
-0.0312668
-0.0360087
-0.0362992
-0.0361075
-0.0358835
-0.0330584
-0.0296948
-0.0294909
-0.0295912
-0.0309739
-0.0313819
-0.0357956
-0.0371694
-0.0329669
-0.0362115
-0.0339125
-0.0309739
-0.0344409
-0.0344409
-0.0311814
-0.0343185
-0.0259004
-0.0281271
-0.0289899
-0.0315818
-0.0315856
-0.0284353
-0.0288527
-0.0330584
-0.0300091
-0.0320967
-0.0328549
-0.0328549
-0.0332827
-0.0301094
-0.0286397
-0.0297951
-0.0314742
-0.0331535
-0.0331535
-0.0299086
-0.0310633
-0.0315818
-0.0313744
-0.0371694
-0.0371694
-0.0371694
-0.0371694
-0.0339033
-0.0339033
-0.0336681
-0.0336681
-0.0309597
-0.031885
-0.0340117
-0.0359929
-0.0339079
-0.0343137
-0.0326347
-0.0369559
-0.0327552
-0.0345213
-0.0316776
-0.0378803
-0.0331579
-0.0318891
-0.0315818
-0.0314819
-0.0315818
-0.0315818
-0.0258941
-0.0326432
-0.0316734
-0.0368575
-0.0349369
-0.0331535
-0.030967
-0.0315856
-0.0315856
-0.029402
-0.0310707
-0.0300057
-0.0313744
-0.0344223
-0.0329503
-0.0298017
-0.0346151
-0.0332573
-0.0289384
-0.0269571
-0.035337
-0.0333611
-0.0335018
-0.032639
-0.0296948
-0.0330452
-0.0358058
-0.0350253
-0.0358943
-0.0305171
-0.0346151
-0.0344126
-0.0328421
-0.0283317
-0.0346202
-0.0313665
-0.0340117
-0.0324438
-0.0308597
-0.0341109
-0.0327552
-0.0300951
-0.0342099
-0.0290637
-0.0341247
-0.0356865
-0.0357851
-0.0293904
-0.0293904
-0.0317771
-0.0317771
-0.0300023
-0.033398
-0.033917
-0.0285273
-0.0295057
-0.0298987
-0.0360968
-0.0359929
-0.0307561
-0.0315856
-0.0331579
-0.0325395
-0.0329588
-0.0334557
-0.0252829
-0.0401142
-0.0376541
-0.0333611
-0.0362218
-0.0362007
-0.0326432
-0.0286397
-0.0339214
-0.0346301
-0.0306208
-0.0330541
-0.0295945
-0.029274
-0.0329546
-0.0343137
-0.0332573
-0.0333656
-0.0297013
-0.0303133
-0.0332661
-0.0303097
-0.0330497
-0.0285303
-0.0252829
-0.0350408
-0.0332661
-0.0372505
-0.034205
-0.0309597
-0.0298081
-0.0286308
-0.0292837
-0.0386358
-0.0294971
-0.0337093
-0.0345113
-0.0308597
-0.0325476
-0.0293904
-0.0354787
-0.0280127
-0.0342194
-0.0296981
-0.032639
-0.0318809
-0.0347291
-0.0386171
-0.0386171
-0.0301059
-0.0258984
-0.0284325
-0.0343279
-0.0332573
-0.0332573
-0.0282226
-0.0282226
-0.0327384
-0.032859
-0.0296915
-0.0365403
-0.0344223
-0.0345213
-0.0327427
-0.0340071
-0.0340071
-0.0331535
-0.0326303
-0.0325353
-0.03539
-0.0356812
-0.0355878
-0.0326473
-0.0265385
-0.0323236
-0.0291771
-0.0311744
-0.0332617
-0.032332
-0.0327511
-0.0355826
-0.0315894
-0.0303097
-0.0283343
-0.0327552
-0.0327552
-0.0268582
-0.0331535
-0.0309705
-0.0295912
-0.0324273
-0.0326473
-0.0340071
-0.0353749
-0.0282253
-0.0306595
-0.0343232
-0.0252757
-0.0311632
-0.0299021
-0.0311744
-0.0300123
-0.0316856
-0.0356865
-0.0328549
-0.0267547
-0.0319846
-0.0303133
-0.0300023
-0.0369503
-0.0340117
-0.0313781
-0.0338042
-0.0314742
-0.0341156
-0.0341156
-0.0355929
-0.0330406
-0.0279224
-0.0279224
-0.0326514
-0.0322046
-0.0326514
-0.0330626
-0.0311744
-0.0311744
-0.0331622
-0.0311744
-0.0325395
-0.0322242
-0.0304134
-0.0310742
-0.0310742
-0.0316776
-0.0344271
-0.0317813
-0.0316776
-0.0314819
-0.033149
-0.0316856
-0.0288471
-0.0289416
-0.0301128
-0.0302198
-0.0299086
-0.0314819
-0.0280209
-0.0334604
-0.0334604
-0.0306525
-0.0331444
-0.0338131
-0.0270606
-0.0284297
-0.0297044
-0.0348279
-0.0374701
-0.0315818
-0.0315818
-0.0356917
-0.0331579
-0.0332617
-0.0271642
-0.0321246
-0.0284297
-0.032859
-0.0336681
-0.0326347
-0.0347241
-0.0378863
-0.0313744
-0.0362115
-0.0356865
-0.0371694
-0.0342099
-0.0269547
-0.0332527
-0.0343232
-0.032639
-0.0306349
-0.0330541
-0.0345262
-0.0318891
-0.0355929
-0.0348428
-0.0359929
-0.0344175
-0.0285361
-0.028838
-0.0284353
-0.0344271
-0.0355826
-0.0302131
-0.0327511
-0.0325436
-0.0331535
-0.0346202
-0.0332617
-0.034734
-0.0359819
-0.0348279
-0.0341061
-0.0312817
-0.0357904
-0.0342147
-0.0285416
-0.026414
-0.0293873
-0.0329503
-0.032859
-0.0351397
-0.0343279
-0.0320967
-0.0366222
-0.0318931
-0.0311744
-0.0326473
-0.0342147
-0.0313855
-0.0331535
-0.0357018
-0.0355036
-0.0331622
-0.034337
-0.0300023
-0.0300023
-0.0359047
-0.0343185
-0.0343185
-0.0352812
-0.0322242
-0.034224
-0.034224
-0.0292837
-0.0330541
-0.0313705
-0.0298081
-0.0299988
-0.029481
-0.0315818
-0.0311592
-0.027912
-0.0324398
-0.0282226
-0.0324398
-0.031067
-0.0295912
-0.0295912
-0.0338042
-0.0262352
-0.0262352
-0.0343137
-0.0343137
-0.0324316
-0.0324316
-0.032332
-0.0232885
-0.0322242
-0.0293904
-0.0354889
-0.0328508
-0.0317854
-0.0352861
-0.0328465
-0.0308485
-0.0308485
-0.0339125
-0.0313705
-0.0311707
-0.0298987
-0.0285143
-0.0285143
-0.0323193
-0.0316104
-0.0316104
-0.0280209
-0.0246608
-0.0278113
-0.0278113
-0.0297984
-0.0324273
-0.031067
-0.0354939
-0.0285303
-0.028119
-0.0338986
-0.0296007
-0.0268536
-0.0312744
-0.0257949
-0.0310707
-0.033149
-0.0356865
-0.0299021
-0.034531
-0.0329503
-0.0314781
-0.0315698
-0.0340163
-0.0346301
-0.0298017
-0.0315931
-0.0264442
-0.0344271
-0.0334782
-0.0292619
-0.0316816
-0.0265518
-0.0394429
-0.0336681
-0.0316856
-0.0338805
-0.0338805
-0.0319888
-0.0345213
-0.0328549
-0.0281271
-0.0269521
-0.0332573
-0.0332573
-0.0349369
-0.034734
-0.034734
-0.0299988
-0.0344175
-0.0314742
-0.028119
-0.0285303
-0.0313855
-0.0328508
-0.0302165
-0.0302165
-0.0328377
-0.0343088
-0.0343088
-0.0342194
-0.0328549
-0.0328549
-0.0358058
-0.0340117
-0.0313744
-0.0297013
-0.0316816
-0.0300057
-0.0322323
-0.0317893
-0.0334695
-0.0350357
-0.0373603
-0.0364087
-0.0286397
-0.0317854
-0.0331535
-0.0268625
-0.0337093
-0.0303202
-0.0285361
-0.0315779
-0.0315779
-0.0349369
-0.0356076
-0.0356076
-0.0321008
-0.0297951
-0.0336773
-0.0284379
-0.0314742
-0.0351773
-0.0345262
-0.0312817
-0.0296981
-0.0279199
-0.0334557
-0.0314856
-0.0349318
-0.0291833
-0.0300091
-0.0343137
-0.0343137
-0.0298017
-0.0295879
-0.0341061
-0.0358007
-0.0299021
-0.0298017
-0.0299054
-0.0324398
-0.0345262
-0.0344271
-0.0346252
-0.0334695
-0.0334695
-0.0325395
-0.0267478
-0.0393583
-0.0275676
-0.0284267
-0.0342194
-0.0301128
-0.0298017
-0.0332527
-0.0325436
-0.0283289
-0.0315739
-0.0315739
-0.0292927
-0.0325515
-0.0327427
-0.0293808
-0.0328377
-0.0348523
-0.0388315
-0.0329588
-0.0312744
-0.0316692
-0.0297013
-0.0334929
-0.0339079
-0.0340023
-0.0341109
-0.0340023
-0.0322242
-0.0272599
-0.032025
-0.0329546
-0.0281218
-0.0278086
-0.0327384
-0.0331622
-0.0332617
-0.0325353
-0.0369503
-0.0313744
-0.0278164
-0.0278164
-0.0327427
-0.0318931
-0.0402052
-0.0350357
-0.0267589
-0.0281245
-0.0330497
-0.0299988
-0.0299988
-0.0343279
-0.0270606
-0.032531
-0.0281132
-0.0312707
-0.0347291
-0.0315779
-0.0293934
-0.0328465
-0.0288411
-0.0295029
-0.0313781
-0.0292927
-0.0252776
-0.0322323
-0.032639
-0.0343185
-0.0346301
-0.0296981
-0.0296981
-0.0313744
-0.0357956
-0.0296981
-0.0359047
-0.0330584
-0.0326514
-0.0295945
-0.0326514
-0.0343279
-0.0301094
-0.0370654
-0.0298916
-0.0313744
-0.0342286
-0.0331535
-0.0332481
-0.0292868
-0.0292837
-0.0377822
-0.0377822
-0.031167
-0.0290484
-0.0296981
-0.0329546
-0.028749
-0.0329459
-0.0304205
-0.0313781
-0.0357904
-0.0252776
-0.032025
-0.0306595
-0.0337004
-0.0300023
-0.029494
-0.0358995
-0.033149
-0.032734
-0.0322402
-0.0315739
-0.0341202
-0.0340117
-0.0321287
-0.0327427
-0.0326473
-0.0302165
-0.0302165
-0.0311707
-0.0313705
-0.0293873
-0.0284267
-0.0344271
-0.0344271
-0.0288348
-0.0304134
-0.0354839
-0.0283317
-0.0275705
-0.0312668
-0.0358995
-0.031167
-0.0324398
-0.0313819
-0.0369775
-0.0324438
-0.0281271
-0.0303133
-0.0373544
-0.0311632
-0.0331579
-0.0343232
-0.0302198
-0.0303168
-0.0312588
-0.0341202
-0.0282197
-0.0329588
-0.0373718
-0.0329369
-0.0329369
-0.0341202
-0.0296915
-0.0376541
-0.0373603
-0.0299021
-0.0308597
-0.0308597
-0.0301024
-0.0315698
-0.0384155
-0.0384155
-0.0345164
-0.030967
-0.0351448
-0.0327427
-0.0354787
-0.0284237
-0.0297984
-0.0340117
-0.0340117
-0.0353697
-0.030967
-0.0354839
-0.0302131
-0.0294877
-0.0356812
-0.0276043
-0.0343137
-0.0319213
-0.0277078
-0.0312707
-0.0327427
-0.0323361
-0.0326432
-0.0282197
-0.0338042
-0.0326432
-0.0346252
-0.0296948
-0.029481
-0.0321364
-0.0324477
-0.0347138
-0.0300988
-0.0340071
-0.0340071
-0.0306525
-0.0296981
-0.0296981
-0.0309705
-0.0358725
-0.0338087
-0.0297044
-0.0283261
-0.0297013
-0.0285303
-0.0285303
-0.0312852
-0.0312852
-0.0307207
-0.0327427
-0.0328421
-0.0281245
-0.0240086
-0.0348176
-0.032747
-0.0362992
-0.032734
-0.0312707
-0.0281162
-0.0355929
-0.0355929
-0.0295976
-0.0325436
-0.0325436
-0.0313705
-0.0352812
-0.0299988
-0.0329459
-0.0315739
-0.0351621
-0.0300951
-0.0353423
-0.0316776
-0.0316776
-0.0345213
-0.0372734
-0.0301094
-0.0303097
-0.0287405
-0.0344223
-0.0332481
-0.0344175
-0.0327295
-0.0361022
-0.0330497
-0.0290573
-0.0290573
-0.0327384
-0.0323279
-0.0311632
-0.0328465
-0.0296915
-0.0296915
-0.0308597
-0.034205
-0.0357956
-0.0316776
-0.0316776
-0.0307487
-0.0295845
-0.0311707
-0.03538
-0.0297951
-0.0324357
-0.0270582
-0.0343325
-0.0283261
-0.0305207
-0.0358943
-0.0327427
-0.0306489
-0.0284297
-0.0284297
-0.0328549
-0.0314781
-0.0368464
-0.0341202
-0.0329459
-0.0300023
-0.0393454
-0.0300123
-0.0330406
-0.0316856
-0.0301059
-0.0316856
-0.0376781
-0.0312629
-0.0305133
-0.0336817
-0.0310777
-0.0340163
-0.0320926
-0.0318891
-0.0341291
-0.0344223
-0.0361952
-0.0286426
-0.031167
-0.031167
-0.0338131
-0.0345262
-0.0352762
-0.0343185
-0.0388439
-0.0367036
-0.0286369
-0.0317813
-0.0368191
-0.0299988
-0.0300091
-0.0273738
-0.0281271
-0.0281271
-0.0343038
-0.0282281
-0.0282281
-0.0363047
-0.0314702
-0.0375682
-0.0375682
-0.0297013
-0.0305243
-0.0362992
-0.0303097
-0.0376723
-0.0304134
-0.0300057
-0.0300057
-0.0329503
-0.0387399
-0.0387399
-0.0341156
-0.0315656
-0.0287375
-0.0337525
-0.0388439
-0.0323044
-0.0343137
-0.0332617
-0.0386297
-0.0354839
-0.0287375
-0.0298987
-0.0394495
-0.0297013
-0.0265518
-0.0265518
-0.0314856
-0.0230896
-0.0274798
-0.0253847
-0.0285333
-0.0280329
-0.02697
-0.0200509
-0.0131606
-0.0131606
-0.0105945
-0.00338702
0.0126736
-0.00175339
0.00933741
0.0762168
0.128728
0.142661
0.183749
0.186251
0.151712
0.136918
0.0821227
0.0394106
0.0308136
0.0432548
0.0285921
0.0148113
0.0228842
0.00587567
0.0239305
0.0302293
0.0320687
0.0258897
0.0168885
0.0131932
0.0112552
0.0154191
0.0258328
0.0316427
0.0364129
0.0288849
0.0203018
0.0154191
0.0124292
0.0197562
0.024297
0.028514
0.0241166
0.0106955
0.0158174
0.0158174
0.0195131
0.0317909
0.0343699
0.0343699
0.0319154
0.0199986
0.0184647
0.0192505
0.0273473
0.022219
0.0224803
0.0239361
0.0239361
0.0225604
0.0260924
0.0260924
0.0265969
0.0228198
0.0204407
0.0136205
0.0144705
0.0187867
0.0174138
0.0243617
0.031187
0.0264173
0.0246791
0.0209461
0.0163437
0.0255083
0.0257671
0.0283126
0.0193717
0.0222991
0.0200189
0.0179588
0.0179588
0.0263952
0.0267544
0.0330564
0.0295793
0.0252631
0.0224212
0.0206632
0.0206429
0.0227832
0.0284589
0.0204609
0.0322025
0.0551457
0.0660823
0.0708752
0.0737321
0.0785529
0.072759
0.07014
0.0699672
0.0747764
0.0768705
0.0731816
0.0785529
0.0786504
0.0716729
0.0714342
0.0743876
0.0790533
0.0746454
0.0747429
0.0794883
0.0698822
0.0683437
0.0694187
0.0741577
0.0696013
0.0774636
0.0770662
0.0770662
0.081298
0.0710118
0.0786251
0.0757181
0.0762413
0.0773137
0.0717067
0.0767012
0.0723354
0.0733105
0.0785349
0.0739825
0.074265
0.0724873
0.0789104
0.0738311
0.0733539
0.109427
0.109427
0.180585
0.192836
0.217241
0.256248
0.195277
0.224905
0.224905
0.240767
0.235252
0.24134
0.22133
0.217026
0.221077
0.219006
0.234609
0.235887
0.22486
0.225117
0.220815
0.213915
0.225623
0.222188
0.225452
0.229422
0.223386
0.215887
0.224583
0.222942
0.224321
0.226055
0.222766
0.2257
0.229236
0.221049
0.219667
0.22207
0.220701
0.227244
0.217756
0.217756
0.21914
0.215266
0.225683
0.217085
0.221284
0.221969
0.225334
0.222326
0.211567
0.233385
0.266741
0.298366
0.290538
0.245624
0.213645
0.18781
0.126302
0.0823147
0.0357122
0.0357122
-0.125323
-0.196111
-0.175847
-0.172242
-0.175439
-0.171752
-0.176693
-0.189769
-0.181651
-0.183487
-0.18144
-0.172544
-0.184256
-0.182639
-0.178678
-0.18653
-0.18278
-0.176292
-0.176292
-0.173165
-0.178584
-0.184012
-0.188852
-0.184767
-0.187636
-0.177336
-0.173879
-0.177984
-0.17926
-0.184136
-0.183264
-0.181757
-0.184386
-0.178377
-0.179888
-0.182795
-0.188201
-0.186006
-0.184526
-0.180482
-0.174173
-0.174485
-0.177177
-0.184334
-0.183228
-0.181929
-0.182176
-0.178036
-0.178898
-0.177258
-0.178667
-0.178667
-0.186466
-0.184391
-0.178585
-0.177775
-0.181114
-0.183761
-0.184037
-0.184168
-0.180089
-0.185412
-0.184488
-0.180496
-0.180496
-0.182162
-0.178394
-0.178151
-0.177815
-0.178457
-0.178598
-0.183633
-0.183194
-0.184309
-0.187411
-0.178707
-0.177987
-0.177987
-0.174786
-0.183266
-0.183982
-0.180541
-0.172836
-0.182588
-0.182486
-0.186897
-0.185615
-0.199284
-0.206337
-0.194389
-0.172076
-0.14138
-0.110946
-0.0808591
-0.0849862
-0.0623616
-0.0397986
-0.0358198
-0.0360658
-0.040373
-0.039938
-0.0302612
-0.0291122
-0.0330785
-0.0496148
-0.032619
-0.0355769
-0.0424003
-0.0309472
-0.0308664
-0.0308664
-0.0668871
-0.0426095
-0.0230408
-0.0413025
-0.0630765
-0.0398258
-0.0399114
-0.0399114
-0.0517956
-0.0311115
-0.0296799
-0.0451521
-0.0422517
-0.0380951
-0.036282
-0.0511825
-0.047256
-0.0410273
-0.0429571
-0.0363383
-0.0333213
-0.0370934
-0.0412625
-0.0392634
-0.0319912
-0.0379189
-0.0365898
-0.039832
-0.0458677
-0.0471057
-0.0556577
-0.0387477
-0.0348779
-0.0445789
-0.0462082
-0.0520378
-0.0490483
-0.0462994
-0.0367068
-0.0381513
-0.0381513
-0.0424397
-0.0456413
-0.0368799
-0.0331426
-0.0334714
-0.0334714
-0.0398066
-0.0468109
-0.0328727
-0.0379369
-0.0435982
-0.0420617
-0.045634
-0.0485802
-0.0446859
-0.0377841
-0.0415661
-0.0559759
-0.0521304
-0.0363587
-0.0393681
-0.0450731
-0.0452888
-0.0437168
-0.0361851
-0.0347002
-0.0491854
-0.0372456
-0.0306296
-0.0405842
-0.0405023
-0.0425119
-0.0369949
-0.0436315
-0.048014
-0.0436529
-0.0328237
-0.0402327
-0.0526423
-0.0531069
-0.0435773
-0.0411232
-0.0380949
-0.0451607
-0.0492318
-0.0468935
-0.0338466
-0.0316257
-0.0358377
-0.0436741
-0.0463254
-0.0370325
-0.0314502
-0.0314502
-0.0431254
-0.038037
-0.034407
-0.034407
-0.0403145
-0.0581497
-0.0401613
-0.0246702
-0.0470577
-0.0596704
-0.0470269
-0.0375933
-0.0375357
-0.0391777
-0.0528849
-0.0416892
-0.0307029
-0.043371
-0.0404347
-0.0403549
-0.0345395
-0.035119
-0.0425618
-0.0495459
-0.0291166
-0.0453985
-0.048127
-0.0397011
-0.0508853
-0.0404148
-0.043586
-0.0421783
-0.0385596
-0.05491
-0.0485911
-0.0414044
-0.0324656
-0.0386964
-0.0542265
-0.0474171
-0.0327382
-0.0267505
-0.0407085
-0.0431858
-0.0440715
-0.0274188
-0.0315717
-0.0431999
-0.0485164
-0.0447944
-0.0447944
-0.0471911
-0.0433942
-0.0444814
-0.0400505
-0.0392589
-0.0392589
-0.0531761
-0.0512715
-0.0418727
-0.0393168
-0.0482191
-0.0482191
-0.031395
-0.035055
-0.0490939
-0.0400311
-0.0309504
-0.0347819
-0.0347819
-0.0396472
-0.0423963
-0.0433241
-0.0325555
-0.0550095
-0.0565247
-0.0565247
-0.0305312
-0.0309829
-0.0621213
-0.0515905
-0.0349757
-0.0322983
-0.0416058
-0.0416058
-0.0421446
-0.0201851
-0.0311926
-0.0466205
-0.0466205
-0.0239608
-0.0204487
-0.0410611
-0.0605585
-0.0467071
-0.0160907
-0.0160907
-0.0579934
-0.0538849
-0.0410805
-0.016464
-0.0527844
-0.0711957
-0.0451703
-0.0312563
-0.033023
-0.0545707
-0.0471084
-0.0263251
-0.0271142
-0.0405986
-0.0507555
-0.0334107
-0.0296112
-0.0361307
-0.0394183
-0.0431585
-0.0380637
-0.0424627
-0.0503868
-0.0343901
-0.0343901
-0.0516836
-0.0497693
-0.0334615
-0.0341243
-0.054815
-0.0601779
-0.0375904
-0.0243843
-0.043837
-0.0533485
-0.0348927
-0.0223085
-0.0364314
-0.0550591
-0.0371482
-0.0218373
-0.0261523
-0.043801
-0.0482052
-0.0315566
-0.0238023
-0.0546187
-0.0630492
-0.0356532
-0.0239972
-0.0444846
-0.0444846
-0.0645633
-0.0342214
-0.0427376
-0.058024
-0.0437841
-0.0314595
-0.0364847
-0.0466136
-0.0365119
-0.0290206
-0.0336187
-0.0422301
-0.0310832
-0.0402357
-0.0446029
-0.0457062
-0.030741
-0.0264043
-0.0487487
-0.0583441
-0.0360599
-0.0237887
-0.0461743
-0.0595209
-0.0301893
-0.027958
-0.0577824
-0.0625793
-0.0361399
-0.0203792
-0.0350166
-0.0655063
-0.0333929
-0.0233587
-0.0382022
-0.054027
-0.034581
-0.013947
-0.0418871
-0.0375378
-0.0381228
-0.0405095
-0.0337659
-0.0513364
-0.038159
-0.0437349
-0.0492286
-0.0403333
-0.0382385
-0.0363522
-0.0408783
-0.0424539
-0.0369195
-0.0492504
-0.0405851
-0.0250891
-0.0293051
-0.045887
-0.0419842
-0.0233139
-0.0311767
-0.0510721
-0.0347285
-0.0176981
-0.0323663
-0.0575623
-0.0339772
-0.0378841
-0.0352628
-0.0547904
-0.0395154
-0.0346094
-0.0346094
-0.0490635
-0.0460869
-0.0364436
-0.0481678
-0.042669
-0.0318582
-0.0368921
-0.0424926
-0.0315346
-0.0298885
-0.0385676
-0.0333403
-0.0257818
-0.0291536
-0.0470212
-0.0338961
-0.0212616
-0.0409685
-0.0550857
-0.0550857
-0.0357503
-0.0175636
-0.0526509
-0.0328509
-0.063402
-0.063402
-0.0607066
-0.0420733
-0.061413
-0.0719056
-0.0572468
-0.0433154
-0.0433154
-0.0318108
-0.0489535
-0.0397472
-0.0213099
-0.0275436
-0.044694
-0.0455658
-0.0304421
-0.0251168
-0.0418376
-0.0399675
-0.0356698
-0.0356698
-0.0356698
-0.0356698
-0.0360258
-0.0346928
-0.0419355
-0.0435507
-0.0366116
-0.0407316
-0.0394659
-0.0405303
-0.0349357
-0.0366463
-0.0391903
-0.0391903
-0.0406895
-0.0421121
-0.0405545
-0.0434723
-0.0378515
-0.0378515
-0.042581
-0.0422677
-0.0393061
-0.039484
-0.0326064
-0.039368
-0.0366463
-0.0362897
-0.0337792
-0.0350501
-0.0322639
-0.0369222
-0.0308774
-0.0319049
-0.0445983
-0.0417778
-0.029212
-0.0366635
-0.0363532
-0.034056
-0.0363066
-0.0329967
-0.0355216
-0.0446181
-0.0350186
-0.0269204
-0.0269204
-0.0423848
-0.0454235
-0.0282675
-0.028448
-0.0255325
-0.0255325
-0.0372959
-0.0318381
-0.0197411
-0.0431188
-0.0494324
-0.0305175
-0.0223647
-0.0392701
-0.0508888
-0.0407875
-0.0314164
-0.0395638
-0.028448
-0.0473011
-0.0474613
-0.0211793
-0.023214
-0.0467848
-0.0472766
-0.0200775
-0.0273378
-0.058261
-0.0314627
-0.0200205
-0.0417115
-0.029645
-0.0318223
-0.0492355
-0.046924
-0.0240846
-0.0400719
-0.052881
-0.0342022
-0.0356699
-0.0426791
-0.0482067
-0.0291011
-0.0291011
-0.0389461
-0.0344138
-0.0310876
-0.0427172
-0.0375268
-0.0329787
-0.0329787
-0.0332402
-0.0428563
-0.0442574
-0.0174715
-0.0336312
-0.0336312
-0.0490079
-0.0275605
-0.054183
-0.0240124
-0.0240124
-0.0562991
-0.0359968
-0.0329277
-0.0376596
-0.0436614
-0.0224068
-0.0401699
-0.0600074
-0.0206605
-0.0248632
-0.04167
-0.03916
-0.0228992
-0.03027
-0.0330606
-0.0385092
-0.0358989
-0.0424368
-0.0412125
-0.0291158
-0.0444932
-0.0444932
-0.0298797
-0.045142
-0.039374
-0.0352294
-0.0352294
-0.0413514
-0.0317402
-0.0389993
-0.0471987
-0.0273226
-0.0293108
-0.0536482
-0.0376422
-0.0286429
-0.0377576
-0.0243688
-0.0315295
-0.043426
-0.0212094
-0.0267563
-0.0449453
-0.0438978
-0.0288522
-0.032295
-0.046506
-0.0363718
-0.0359968
-0.03267
-0.0391151
-0.0459352
-0.0390169
-0.0254927
-0.0411699
-0.0291044
-0.0432683
-0.0353604
-0.0281458
-0.0281458
-0.029784
-0.0284246
-0.0182925
-0.036355
-0.036355
-0.0252399
-0.0366658
-0.0436776
-0.0249734
-0.0368619
-0.0504255
-0.0323206
-0.0268662
-0.0409836
-0.0369123
-0.0397307
-0.0397307
-0.0417073
-0.038479
-0.0352951
-0.03719
-0.041538
-0.0312769
-0.0216337
-0.0447289
-0.0288295
-0.0229301
-0.038444
-0.0215363
-0.0288842
-0.0355232
-0.0327642
-0.0168519
-0.0369123
-0.0550655
-0.0308606
-0.0308606
-0.0451226
-0.0352293
-0.0384264
-0.0477526
-0.0332227
-0.0310128
-0.0414648
-0.0397041
-0.0342666
-0.0356044
-0.0400434
-0.0355892
-0.0344626
-0.0357689
-0.0299696
-0.0429664
-0.0211057
-0.0278295
-0.040258
-0.0247382
-0.0419193
-0.0487966
-0.0283828
-0.0361447
-0.0440354
-0.0321098
-0.0273409
-0.0484018
-0.0399536
-0.0300384
-0.0480279
-0.0350011
-0.0287599
-0.0455363
-0.0440335
-0.0243354
-0.0358834
-0.037305
-0.0313896
-0.0342345
-0.0298718
-0.0374032
-0.0397218
-0.020325
-0.0219881
-0.0399006
-0.0313211
-0.0346425
-0.037058
-0.0148145
-0.04322
-0.0500447
-0.0272835
-0.0272835
-0.0467239
-0.0360304
-0.0374845
-0.04168
-0.029193
-0.029193
-0.0352613
-0.0395777
-0.034216
-0.034216
-0.0485045
-0.0318792
-0.0354911
-0.029011
-0.0344785
-0.0370602
-0.0309041
-0.0270881
-0.0360466
-0.0273544
-0.034314
-0.0315555
-0.0304148
-0.0444083
-0.0326594
-0.0326594
-0.0513835
-0.0234904
-0.0418952
-0.0313064
-0.0277589
-0.0277589
-0.0291652
-0.0306546
-0.0452195
-0.0361286
-0.03064
-0.0375658
-0.0317663
-0.0316684
-0.0343963
-0.0307379
-0.0290951
-0.0344626
-0.0228567
-0.034624
-0.037305
-0.0220352
-0.0355909
-0.0379416
-0.0363576
-0.0516119
-0.0516119
-0.0224254
-0.0473318
-0.0375014
-0.0304442
-0.0421106
-0.0317961
-0.0331869
-0.0457527
-0.0300685
-0.0289555
-0.0455753
-0.0313357
-0.0349027
-0.0291511
-0.0177938
-0.0290673
-0.037093
-0.0303062
-0.0307083
-0.0334186
-0.0327159
-0.0406694
-0.0324371
-0.0266194
-0.0364056
-0.0279681
-0.0333459
-0.021007
-0.0406874
-0.0428632
-0.0278837
-0.044168
-0.0311297
-0.0311297
-0.0394675
-0.0196324
-0.0196324
-0.0449998
-0.0365217
-0.0385188
-0.0144759
-0.0353129
-0.0364558
-0.0298221
-0.0296688
-0.028025
-0.0254219
-0.041574
-0.0308104
-0.0308104
-0.0241131
-0.0322713
-0.0433373
-0.0375681
-0.0158169
-0.0467204
-0.0467204
-0.0248857
-0.0446212
-0.0292205
-0.0352956
-0.0459503
-0.0280524
-0.0280524
-0.0427446
-0.0300467
-0.0372755
-0.0339199
-0.0188091
-0.0357384
-0.0395316
-0.0241497
-0.0318459
-0.0288081
-0.0269393
-0.0304101
-0.0304101
-0.0295848
-0.0207041
-0.0318011
-0.0318011
-0.0212578
-0.0357709
-0.0357709
-0.0240154
-0.0439852
-0.0388143
-0.025728
-0.041574
-0.0415296
-0.0275267
-0.0413323
-0.0298789
-0.0272196
-0.0438911
-0.0248734
-0.0259695
-0.0296547
-0.0246142
-0.0391033
-0.0255702
-0.0454737
-0.0446421
-0.0536337
-0.0696272
-0.0421561
-0.0428006
-0.0389943
-0.0389943
-0.0226669
-0.0452326
-0.0250935
-0.0208673
-0.0295568
-0.0275267
-0.0275267
-0.0256174
-0.0305227
-0.0274814
-0.0246018
-0.031468
-0.0327087
-0.0258513
-0.0328751
-0.0382736
-0.0300181
-0.03189
-0.039943
-0.039943
-0.0404996
-0.0302141
-0.0365416
-0.0339351
-0.0284981
-0.0381585
-0.0330866
-0.0320124
-0.030439
-0.0298507
-0.0360659
-0.035819
-0.0327235
-0.0310631
-0.0299628
-0.0297106
-0.0263023
-0.0312027
-0.030257
-0.030257
-0.0317625
-0.0334339
-0.03744
-0.0286672
-0.033268
-0.033268
-0.0313553
-0.0330715
-0.0314971
-0.0317772
-0.0318754
-0.0343283
-0.0327466
-0.036833
-0.0341164
-0.0375056
-0.0318161
-0.0371771
-0.0286536
-0.030075
-0.0286536
-0.0286808
-0.0303693
-0.0311116
-0.031679
-0.031679
-0.0296483
-0.0369355
-0.0319882
-0.03379
-0.0317917
-0.0273834
-0.0273834
-0.0291001
-0.0309297
-0.037243
-0.0333965
-0.0336764
-0.0322831
-0.0338579
-0.0363936
-0.0323667
-0.0325485
-0.0321848
-0.0332297
-0.0332297
-0.0320423
-0.0319882
-0.0306638
-0.0341685
-0.0348202
-0.0361302
-0.0361302
-0.0263152
-0.0301168
-0.0274288
-0.0373415
-0.0293961
-0.0302011
-0.0271874
-0.0277493
-0.033268
-0.0344941
-0.0359998
-0.0359174
-0.0331848
-0.02934
-0.02934
-0.035819
-0.030762
-0.0315401
-0.0328901
-0.0360659
-0.0334339
-0.0322536
-0.0359838
-0.031708
-0.0337595
-0.0319045
-0.0235238
-0.0337595
-0.0308171
-0.0333965
-0.0319189
-0.0307762
-0.0348875
-0.0345556
-0.0344112
-0.0332297
-0.0331999
-0.0331999
-0.0363774
-0.0363112
-0.0359014
-0.0333281
-0.0329883
-0.0335628
-0.0335628
-0.0346234
-0.0338732
-0.0279187
-0.0277625
-0.0280435
-0.0320571
-0.0320571
-0.0262302
-0.0316241
-0.0335781
-0.0269162
-0.0338579
-0.0338579
-0.0318607
-0.0335249
-0.0311262
-0.0303131
-0.0263663
-0.0263663
-0.0291712
-0.0330478
-0.03189
-0.0293538
-0.0336764
-0.0311406
-0.0311406
-0.030678
-0.0269291
-0.0263536
-0.0326617
-0.0319736
-0.030678
-0.0290731
-0.0319736
-0.0318206
-0.0359998
-0.0324353
-0.0321554
-0.0321554
-0.0365744
-0.0315401
-0.0333965
-0.0295912
-0.0304533
-0.0305656
-0.033268
-0.0294519
-0.0333965
-0.0348718
-0.0322977
-0.0318062
-0.0318062
-0.0335781
-0.0283512
-0.0320028
-0.0311952
-0.0325928
-0.03435
-0.0309027
-0.0342141
-0.0316467
-0.0309585
-0.0308602
-0.0295776
-0.0323667
-0.0299991
-0.0293538
-0.0299291
-0.0338051
-0.0299291
-0.0310424
-0.0356273
-0.0337748
-0.0279454
-0.0325782
-0.0323122
-0.0296483
-0.0296483
-0.0275924
-0.0278606
-0.0381449
-0.0350015
-0.0343345
-0.0282531
-0.0282531
-0.0288904
-0.03145
-0.0322831
-0.0223219
-0.0265241
-0.030762
-0.0295639
-0.0254222
-0.0309585
-0.0299569
-0.0294929
-0.0295776
-0.0304205
-0.0286189
-0.0300413
-0.0299291
-0.0315627
-0.0325782
-0.0343654
-0.0343654
-0.0295776
-0.0268567
-0.0279718
-0.02807
-0.0309869
-0.0325336
-0.0309027
-0.0308044
-0.0326913
-0.0354939
-0.0352969
-0.0297326
-0.0325634
-0.0318143
-0.0282072
-0.0299844
-0.0343808
-0.0312819
-0.0282531
-0.0344793
-0.0334493
-0.0258018
-0.0325782
-0.031366
-0.0343808
-0.0338884
-0.0300413
-0.0334493
-0.0311273
-0.0300413
-0.034199
-0.0326913
-0.0313516
-0.0341005
-0.0339186
-0.0315338
-0.0272364
-0.0302795
-0.0302795
-0.0301535
-0.0312819
-0.0291508
-0.0289407
-0.0331538
-0.0325634
-0.03379
-0.0305046
-0.0359868
-0.031577
-0.034744
-0.0243545
-0.0229725
-0.0358724
-0.034199
-0.0334413
-0.0311406
-0.030762
-0.0427147
-0.0296894
-0.0288289
-0.0407843
-0.0329866
-0.0401313
-0.0369346
-0.0316195
-0.0256915
-0.0287171
-0.038739
-0.0438992
-0.018777
-0.0329718
-0.035904
-0.0398689
-0.00826224
-0.0347284
-0.046044
-0.0199549
-0.0296894
-0.0296894
-0.0303779
-0.0303779
-0.0409819
-0.031858
-0.031155
-0.0424265
-0.0424265
-0.0269436
-0.0229321
-0.034002
-0.0218911
-0.0305188
-0.0348057
-0.0185035
-0.0375602
-0.0257897
-0.0274585
-0.037297
-0.0218151
-0.0280943
-0.0362
-0.0257543
-0.0449331
-0.018542
-0.0147492
-0.0447349
-0.031577
-0.0243072
-0.0333358
-0.0335176
-0.0179434
-0.0440347
-0.0289471
-0.0211449
-0.0349877
-0.0347672
-0.0348057
-0.03454
-0.0220871
-0.0284876
-0.0290524
-0.0301947
-0.023376
-0.0176305
-0.0322664
-0.0394141
-0.0168356
-0.0281468
-0.0334102
-0.0235955
-0.0221092
-0.0319708
-0.0492975
-0.0253244
-0.0349877
-0.0445555
-0.0373132
-0.0373132
-0.0146516
-0.0322519
-0.0181489
-0.0388863
-0.0217493
-0.0204143
-0.0358521
-0.0304187
-0.0331688
-0.0208062
-0.0281468
-0.0423319
-0.0231281
-0.0194619
-0.0350182
-0.0250652
-0.0251517
-0.034259
-0.0165874
-0.0165874
-0.0405781
-0.0158135
-0.0336615
-0.0260231
-0.025116
-0.0446732
-0.027373
-0.0432458
-0.031732
-0.0305609
-0.0238781
-0.0238781
-0.0266498
-0.037922
-0.0311235
-0.022716
-0.0296155
-0.0291101
-0.0291101
-0.0349567
-0.0192661
-0.0392331
-0.0195901
-0.0180607
-0.0388378
-0.0300799
-0.0212754
-0.0348736
-0.0276806
-0.034086
-0.0433991
-0.0321965
-0.0294324
-0.0338886
-0.0267728
-0.0238663
-0.0393487
-0.0381843
-0.023445
-0.037543
-0.0327883
-0.0315176
-0.0336221
-0.0310672
-0.0266498
-0.0225015
-0.020306
-0.0249316
-0.0336221
-0.0224034
-0.0139236
-0.0139236
-0.0253862
-0.0417556
-0.0261827
-0.013948
-0.0425121
-0.0365119
-0.0365119
-0.0420525
-0.0420525
-0.0183544
-0.0405781
-0.0366733
-0.0190316
-0.0256809
-0.0430839
-0.030687
-0.0211773
-0.0235955
-0.0215911
-0.0283893
-0.0250652
-0.0208062
-0.0234337
-0.0329712
-0.0283306
-0.0280355
-0.0194821
-0.034086
-0.0380209
-0.0184812
-0.0254967
-0.0420877
-0.0328725
-0.0328725
-0.0365433
-0.0211879
-0.0279501
-0.0423951
-0.0338632
-0.0183544
-0.0285994
-0.050788
-0.0209043
-0.0168263
-0.0368083
-0.0308977
-0.0153944
-0.0303048
-0.0214823
-0.0195901
-0.0278646
-0.0208062
-0.0145101
-0.0257055
-0.0227736
-0.0316304
-0.0295845
-0.0237508
-0.0374683
-0.0351321
-0.0169701
-0.031546
-0.0377886
-0.0258401
-0.0254967
-0.0358763
-0.0250768
-0.0315032
-0.0414869
-0.012437
-0.0216786
-0.0457833
-0.0257055
-0.0152801
-0.0326752
-0.0358763
-0.0285274
-0.0271038
-0.0244908
-0.0191983
-0.0210023
-0.0367566
-0.0286127
-0.0230451
-0.0301489
-0.0319961
-0.0398268
-0.0330145
-0.0329712
-0.0411723
-0.021766
-0.0264925
-0.0264925
-0.0276086
-0.0275958
-0.0348659
-0.0196981
-0.0241095
-0.0360896
-0.0146163
-0.0188442
-0.0452494
-0.0213381
-0.00595815
-0.0281726
-0.0396456
-0.0287506
-0.0100069
-0.0342835
-0.0285535
-0.0354437
-0.0366265
-0.0256072
-0.0216786
-0.0216786
-0.0348209
-0.0227089
-0.027091
-0.027091
-0.0355644
-0.0395798
-0.0198061
-0.014225
-0.0274845
-0.035725
-0.0169701
-0.0230035
-0.0340316
-0.0150886
-0.0298261
-0.0380338
-0.0240455
-0.0242307
-0.0297548
-0.0410903
-0.0254106
-0.00491309
-0.0443099
-0.0443099
-0.0338919
-0.0300367
-0.0382022
-0.0394643
-0.0202664
-0.0344507
-0.0287375
-0.025595
-0.0276214
-0.0133012
-0.0255449
-0.0301624
-0.0244159
-0.0281853
-0.021766
-0.034352
-0.0412886
-0.017166
-0.0261849
-0.0425191
-0.0258638
-0.0330699
-0.0383983
-0.0356108
-0.0356108
-0.0185981
-0.0356108
-0.0276214
-0.0147141
-0.027326
-0.0399926
-0.0156548
-0.0189323
-0.0341009
-0.0297225
-0.0219623
-0.0244159
-0.032591
-0.0211108
-0.0261473
-0.0310371
-0.0216892
-0.0271038
-0.0319548
-0.0278056
-0.0292036
-0.0403049
-0.0257771
-0.0201004
-0.0201004
-0.0376661
-0.0383662
-0.0175489
-0.0326053
-0.0273386
-0.0230146
-0.0359074
-0.0359074
-0.0176376
-0.0217551
-0.0305158
-0.0308399
0.00630018
-0.0118807
-0.0488027
-0.032704
-0.013309
-0.0257176
-0.0387785
-0.0373855
-0.0231129
-0.0343822
-0.0357097
-0.0332528
-0.024734
-0.0285793
-0.0228942
-0.0228942
-0.0401575
-0.0304718
-0.0178523
-0.0328452
-0.0332965
-0.00926969
-0.0189521
-0.0248324
-0.0180485
-0.0284551
-0.0294141
-0.0141821
-0.0304583
-0.0445897
-0.0191384
-0.0220605
-0.0428343
-0.0402566
-0.012091
-0.0118122
-0.0386794
-0.0416853
-0.017184
-0.0230035
-0.0305705
-0.0305705
-0.0424621
-0.0247857
-0.0378136
-0.0218963
-0.017362
-0.0206693
-0.0260369
-0.0227415
-0.0250061
-0.0220496
-0.019717
-0.0264064
-0.0264064
-0.0232222
-0.01738
-0.0303866
-0.0406841
-0.0189906
-0.0148368
-0.0379126
-0.0376155
-0.024734
-0.0175581
-0.0376315
-0.0431963
-0.0121962
-0.00644045
-0.00644045
-0.0333109
-0.0162766
-0.000585814
-0.033465
-0.033465
-0.0387273
-0.0207675
-0.0361206
-0.0433233
-0.0236156
-0.0302745
-0.0407013
-0.024768
-0.0192659
-0.0261233
-0.0347235
-0.0274744
-0.0306827
-0.0218857
-0.0231889
-0.0301352
-0.0275481
-0.0275605
-0.0275605
-0.0103976
-0.0356261
-0.0292302
-0.0063375
-0.0364853
-0.0364853
-0.00792223
-0.0277452
-0.0391259
-0.0294007
-0.012015
-0.0362041
-0.0459014
-0.0459014
-0.00785514
-0.0127451
-0.0401574
-0.0416875
-0.0416875
-0.00437633
-0.0296248
-0.0426256
-0.0166346
-0.009934
-0.0275481
-0.0427868
-0.032364
-0.032364
-0.0208657
-0.0379445
-0.0330569
-0.021129
-0.0281396
-0.0350053
-0.0296513
-0.0286929
-0.0308802
-0.0233315
-0.0233315
-0.0280752
-0.0350435
-0.0262696
-0.0181466
-0.0342947
-0.0364175
-0.0364175
-0.00332282
-0.0167058
-0.0393075
-0.0236804
-0.00218748
-0.00822747
-0.0393406
-0.041016
-0.0149429
-0.010087
-0.0410502
-0.0410502
-0.0319257
-0.0250408
-0.0284228
-0.0324338
-0.0137238
-0.0237361
-0.0390758
-0.0402075
-0.0262458
-0.00673319
-0.0258926
-0.0280785
-0.0280785
-0.0248324
-0.0184913
-0.0305119
-0.0135203
-0.0167238
-0.0318842
-0.0364175
-0.0364175
-0.0315307
-0.0234078
-0.0408176
-0.0351341
-0.0108865
-0.0119448
-0.0400184
-0.0396049
-0.0161701
-0.0356143
-0.0494595
-0.0273427
-0.0098496
-0.0257579
-0.0353172
-0.0351341
-0.0157275
-0.0102669
-0.0125802
-0.0231533
-0.0428879
-0.0142061
-0.0110889
-0.0314595
-0.041711
-0.042216
-0.00975183
-0.0351881
-0.0388937
-0.0388937
-0.0149581
-0.040217
-0.0410015
-0.0235608
-0.0047474
-0.0144842
-0.0144842
-0.0271085
-0.0101363
-0.0124137
-0.0270344
-0.0162823
-0.00995394
-0.0253364
-0.0342011
-0.0326605
-0.0241079
-0.0194912
-0.0194912
-0.0358504
-0.0378641
-0.0123228
-0.0536951
-0.0301184
-0.0169289
-0.0172498
-0.0293421
-0.0256088
-0.00966698
-0.015621
-0.0239221
-0.013837
-0.0145741
-0.0272808
-0.0168218
-0.0127004
-0.0188247
-0.0188247
-0.0394218
-0.0240094
-0.0267506
-0.0317143
-0.028568
-0.0282853
-0.0282853
-0.0213572
-0.0324628
-0.0281269
-0.0186656
-0.0224197
-0.0224197
-0.0225738
-0.0149664
-0.0200319
-0.0255969
-0.0258806
-0.0213147
-0.0209063
-0.0232738
-0.0258926
-0.0218278
-0.0291579
-0.026652
-0.026652
-0.0217612
-0.0386893
-0.0200419
-0.0198253
-0.0330273
-0.0239221
-0.0239221
-0.02975
-0.0224862
-0.0185488
-0.00165295
-0.00694462
-0.026652
-0.0270222
-0.0257308
-0.0171251
-0.0193041
-0.0298355
-0.035347
-0.0230659
-0.0200419
-0.0224754
-0.0354461
-0.0369283
-0.0285812
-0.0244678
-0.0214763
-0.0290021
-0.0288433
-0.0235584
-0.0294407
-0.023944
-0.0268613
-0.0238013
-0.0192852
-0.0171162
-0.0241191
-0.0076986
0.0132883
0.00372019
-0.0080714
-0.00203486
-0.00855085
-0.0309654
-0.0286835
-0.0261643
-0.0262871
-0.0297892
-0.0237685
-0.0314732
-0.0211327
-0.0241079
-0.0244793
-0.0258059
-0.0271331
-0.0252607
-0.0260032
-0.0262751
-0.0262751
-0.0186377
-0.0255336
-0.0237251
-0.0168395
-0.0231753
-0.025794
-0.0239221
-0.0228907
-0.0205336
-0.0260898
-0.0259045
-0.0219262
-0.0168483
-0.0199731
-0.0211811
-0.0230437
-0.0205437
-0.0210726
-0.0228799
-0.0228799
-0.0244147
-0.0263737
-0.0240316
-0.0240316
-0.0182904
-0.0252379
-0.0221348
-0.0221348
-0.0258177
-0.0217401
-0.0244259
-0.0230437
-0.0300595
-0.0285215
-0.0271453
-0.0271453
-0.021103
-0.0204352
-0.0219581
-0.0219581
-0.0243273
-0.0245893
-0.0275893
-0.0204651
-0.0260032
-0.0201601
-0.0199828
-0.0224301
-0.018469
-0.0216523
-0.0244907
-0.017018
-0.0257073
-0.0261764
-0.0259792
-0.0229121
-0.0169377
-0.0210929
-0.0229014
-0.0203369
-0.0213881
-0.0178796
-0.0190212
-0.0224969
-0.0272072
-0.0258059
-0.0274781
-0.0286584
-0.0214659
-0.0256437
-0.0226938
-0.0225953
-0.0196685
-0.022606
-0.0245893
-0.0302171
-0.0227922
-0.0210146
-0.0232847
-0.0232847
-0.0203568
-0.0247517
-0.0226722
-0.0190212
-0.0225953
-0.0255336
-0.0251578
-0.025573
-0.0218061
-0.0168483
-0.0200617
-0.0223986
-0.0223986
-0.0239982
-0.0259912
-0.0256205
-0.0238346
-0.0238455
-0.0212998
-0.0212998
-0.0246007
-0.023911
-0.0209063
-0.0196685
-0.0229892
-0.021585
-0.021585
-0.0221245
-0.0225846
-0.0222229
-0.0188342
-0.0242176
-0.0243162
-0.0241952
-0.0263858
-0.0226938
-0.0249488
-0.0183707
-0.0216627
-0.0216627
-0.0227045
-0.0239982
-0.0204251
-0.0258294
-0.0228907
-0.0259397
-0.0183615
-0.0231091
-0.0180365
-0.0269837
-0.0190403
-0.0189325
-0.0190212
-0.0274045
-0.0247865
-0.023668
-0.020849
-0.0221656
-0.0210828
-0.0230768
-0.0221338
-0.0186656
-0.023197
-0.0175447
-0.0234927
-0.0265832
-0.0258926
-0.0237555
-0.0251694
-0.0222536
-0.0257308
-0.0245245
-0.0250748
-0.0230984
-0.0218596
-0.0253479
-0.0217716
-0.0245245
-0.0245245
-0.0245245
-0.0247865
-0.0219475
-0.0203667
-0.0190403
-0.0185488
-0.0210046
-0.0221551
-0.0253707
-0.0233723
-0.0208186
-0.0229892
-0.0229999
-0.0177413
-0.0246119
-0.018647
-0.0191667
-0.0215433
-0.0262359
-0.0248965
-0.0246993
-0.0207405
-0.020278
-0.0193259
-0.0257539
-0.0257539
-0.0209358
-0.0202877
-0.0202877
-0.0185673
-0.023911
-0.0248965
-0.0217716
-0.0172411
-0.0232517
-0.0200715
-0.0205423
-0.0162185
-0.0162185
-0.0173305
-0.0264845
-0.0262242
-0.0176341
-0.019237
-0.022046
-0.0218023
-0.0217612
-0.0232077
-0.0154413
-0.0249722
-0.0226478
-0.0238653
-0.0201892
-0.0229331
-0.0212432
-0.0222849
-0.0233613
-0.0234049
-0.0234049
-0.0256322
-0.0234598
-0.0191481
-0.0189606
-0.0161118
-0.0246007
-0.0228345
-0.0208288
-0.0248092
-0.027244
-0.0318826
-0.0274414
-0.026631
-0.0271573
-0.0263737
-0.018853
-0.0109464
-0.0267928
-0.0289293
-0.0242287
-0.0206421
-0.0206421
-0.0276512
-0.0256552
-0.0222536
-0.0214865
-0.0214865
-0.0315138
-0.032138
-0.018853
-0.0261371
-0.0252681
-0.0103712
-0.0248503
-0.0295223
-0.0246993
-0.0261137
-0.0196114
-0.0240514
-0.0258526
-0.0276267
-0.0248965
-0.0201796
-0.00922363
-0.011031
-0.0245893
-0.0245893
-0.0245893
-0.0133792
-0.0179201
-0.0200908
-0.0287317
-0.019894
-0.0292514
-0.020662
-0.0245133
-0.0175358
-0.0303824
-0.0302965
-0.0302965
-0.020278
-0.0235035
-0.0301846
-0.0289163
-0.0233723
-0.0201892
-0.0190403
-0.0177054
-0.0117534
-0.0142444
-0.0185581
-0.0143942
-0.0198845
-0.0215747
-0.0290021
-0.0341021
-0.0228029
-0.0259281
-0.0389365
-0.016022
-0.0170446
-0.0257539
-0.0277993
-0.0170619
-0.016291
-0.0314457
-0.0229674
-0.0243273
-0.0172411
-0.0183707
-0.0189325
-0.00996681
-0.00996681
-0.0224301
-0.042427
-0.218012
-0.268996
-0.32193
-0.33126
-0.33126
-0.398894
-0.447418
-0.480662
-0.514373
-0.57799
-0.661941
-0.718697
-0.759772
-0.778973
-0.769829
-0.755406
-0.737924
-0.719707
-0.72592
-0.742326
-0.791003
-0.826545
-0.855105
-0.894281
-0.9022
-0.911504
-0.908723
-0.910944
-0.906769
-0.907131
-0.911635
-0.911635
-0.933422
-0.944574
-0.954783
-0.951905
-0.956499
-0.955362
-0.962045
-0.966411
-0.979478
-0.982731
-0.98518
-0.994894
-0.994894
-0.996903
-1.00451
-1.01498
-1.01749
-1.01391
-1.02014
-1.01946
-1.01812
-1.02315
-1.03083
-1.03335
-1.03498
-1.03421
-1.03128
-1.03012
-1.02736
-1.02539
-1.02563
-1.02684
-1.02684
-1.02303
-1.02705
-1.02556
-1.02349
-1.02245
-1.01887
-1.01747
-1.0147
-1.01804
-1.01778
-1.0162
-1.01999
-1.01338
-1.01329
-1.01104
-1.00628
-1.00453
-0.99748
-0.99748
-0.992205
-0.987744
-0.987365
-0.98943
-0.983135
-0.980494
-0.975886
-0.976074
-0.970114
-0.969886
-0.962512
-0.966078
-0.963017
-0.962
-0.958876
-0.952326
-0.952364
-0.954253
-0.951745
-0.946145
-0.941012
-0.939272
-0.938136
-0.942394
-0.937677
-0.937677
-0.937677
-0.937542
-0.937042
-0.930693
-0.93478
-0.931789
-0.923208
-0.913065
-0.912888
-0.915965
-0.910222
-0.910222
-0.910669
-0.904791
-0.901524
-0.898301
-0.894086
-0.894321
-0.893205
-0.885887
-0.884977
-0.880661
-0.880921
-0.882413
-0.875649
-0.875649
-0.86666
-0.860063
-0.860954
-0.860634
-0.857952
-0.857952
-0.854909
-0.854784
-0.848961
-0.846641
-0.847206
-0.845148
-0.845148
-0.840835
-0.837828
-0.835305
-0.83496
-0.836591
-0.835812
-0.828422
-0.828194
-0.829544
-0.821682
-0.818697
-0.817339
-0.819107
-0.816915
-0.81789
-0.821555
-0.817612
-0.81107
-0.809047
-0.810125
-0.808356
-0.805643
-0.801434
-0.801706
-0.799125
-0.796949
-0.798989
-0.799397
-0.798173
-0.798174
-0.795594
-0.789071
-0.789594
-0.783636
-0.785671
-0.781999
-0.78553
-0.783491
-0.783491
-0.778867
-0.781588
-0.775467
-0.775068
-0.775314
-0.77139
-0.765661
-0.769485
-0.767601
-0.771144
-0.76419
-0.766375
-0.766375
-0.768392
-0.763779
-0.762392
-0.759284
-0.756714
-0.758457
-0.753397
-0.760824
-0.7582
-0.757486
-0.753622
-0.748931
-0.74706
-0.749906
-0.750027
-0.747605
-0.748555
-0.747593
-0.742395
-0.747968
-0.74201
-0.744482
-0.74395
-0.744469
-0.742734
-0.743506
-0.743506
-0.733567
-0.738621
-0.73591
-0.73591
-0.740605
-0.734782
-0.734915
-0.726678
-0.734649
-0.72696
-0.729459
-0.729459
-0.729492
-0.728244
-0.730194
-0.721366
-0.722619
-0.722619
-0.717847
-0.717847
-0.72387
-0.7174
-0.720858
-0.717828
-0.713232
-0.714264
-0.716426
-0.714072
-0.712444
-0.70872
-0.70872
-0.710107
-0.717197
-0.715305
-0.711693
-0.710684
-0.704875
-0.705639
-0.707004
-0.706141
-0.706141
-0.701865
-0.704251
-0.705594
-0.701365
-0.702754
-0.697967
-0.70412
-0.701481
-0.701481
-0.7002
-0.697895
-0.695686
-0.696501
-0.693425
-0.698525
-0.697314
-0.695923
-0.694767
-0.690924
-0.695842
-0.692057
-0.69203
-0.69203
-0.694295
-0.689295
-0.689295
-0.689647
-0.691327
-0.691327
-0.685784
-0.68478
-0.68625
-0.683544
-0.688058
-0.688058
-0.685143
-0.683599
-0.680261
-0.679413
-0.681917
-0.683544
-0.680825
-0.679442
-0.680983
-0.677786
-0.673621
-0.67492
-0.680752
-0.674131
-0.678175
-0.678376
-0.673911
-0.676547
-0.676547
-0.673542
-0.673064
-0.673841
-0.672184
-0.677555
-0.670945
-0.676618
-0.676707
-0.672153
-0.675508
-0.668856
-0.668627
-0.671666
-0.66938
-0.664585
-0.665858
-0.667615
-0.66934
-0.668369
-0.663843
-0.667785
-0.66811
-0.669706
-0.667517
-0.668435
-0.668435
-0.663875
-0.666742
-0.66299
-0.663023
-0.660407
-0.665889
-0.662216
-0.662668
-0.66241
-0.657322
-0.657605
-0.65703
-0.65703
-0.661716
-0.660604
-0.655978
-0.661491
-0.657769
-0.661845
-0.657064
-0.66299
-0.654489
-0.650382
-0.655953
-0.656235
-0.656235
-0.653786
-0.653715
-0.658155
-0.653143
-0.651959
-0.646675
-0.648303
-0.65388
-0.652816
-0.653999
-0.655953
-0.647698
-0.647698
-0.64872
-0.647478
-0.651529
-0.650018
-0.651167
-0.643164
-0.643511
-0.642651
-0.642651
-0.64651
-0.644866
-0.640844
-0.644903
-0.641741
-0.646199
-0.642869
-0.644866
-0.644845
-0.647148
-0.645613
-0.645063
-0.645063
-0.643586
-0.643458
-0.63232
-0.644754
-0.637718
-0.636642
-0.637271
-0.63622
-0.640678
-0.639101
-0.639562
-0.639562
-0.634377
-0.638745
-0.636514
-0.633652
-0.639396
-0.639396
-0.63476
-0.638485
-0.636986
-0.632615
-0.635024
-0.638691
-0.633429
-0.636603
-0.632615
-0.635838
-0.63764
-0.633341
-0.630479
-0.631417
-0.631197
-0.630774
-0.627649
-0.633389
-0.626703
-0.628884
-0.628884
-0.633177
-0.629961
-0.62751
-0.633745
-0.630432
-0.630432
-0.626618
-0.627948
-0.626136
-0.631672
-0.628712
-0.628712
-0.627945
-0.633126
-0.628072
-0.625838
-0.627296
-0.626745
-0.624551
-0.625754
-0.628031
-0.626646
-0.622627
-0.624593
-0.625627
-0.618426
-0.622501
-0.621295
-0.625413
-0.621255
-0.624466
-0.624466
-0.620833
-0.624169
-0.624382
-0.617962
-0.622374
-0.618168
-0.619758
-0.624042
-0.620303
-0.614687
-0.624297
-0.621168
-0.621168
-0.621993
-0.620092
-0.615383
-0.618212
-0.616561
-0.619672
-0.619842
-0.615471
-0.61756
-0.619017
-0.617472
-0.617472
-0.614679
-0.614887
-0.611308
-0.61535
-0.61297
-0.61297
-0.615135
-0.608401
-0.610694
-0.617351
-0.61718
-0.621552
-0.616814
-0.615256
-0.614136
-0.612175
-0.614307
-0.612746
-0.612746
-0.610556
-0.613016
-0.613106
-0.613522
-0.613801
-0.61568
-0.613477
-0.616187
-0.604534
-0.604913
-0.608561
-0.610728
-0.60878
-0.613649
-0.611353
-0.610222
-0.607015
-0.61148
-0.606825
-0.603445
-0.608814
-0.601404
-0.604929
-0.605701
-0.605701
-0.612411
-0.606146
-0.612726
-0.607108
-0.608894
-0.609446
-0.608688
-0.601314
-0.604787
-0.60752
-0.604772
-0.603602
-0.605861
-0.605861
-0.60444
-0.601284
-0.606193
-0.604693
-0.599302
-0.600937
-0.606099
-0.599224
-0.603128
-0.604772
-0.601961
-0.602244
-0.602244
-0.600288
-0.606998
-0.609113
-0.603745
-0.600618
-0.599903
-0.599903
-0.60054
-0.602479
-0.602087
-0.603366
-0.601026
-0.601026
-0.604203
-0.601505
-0.597618
-0.601945
-0.601026
-0.594645
-0.604866
-0.603445
-0.602672
-0.599785
-0.600918
-0.597821
-0.597415
-0.599089
-0.598024
-0.598024
-0.599651
-0.599273
-0.599273
-0.597744
-0.60054
-0.596999
-0.59759
-0.595121
-0.600648
-0.600648
-0.596599
-0.594995
-0.594569
-0.597076
-0.595965
-0.59815
-0.595525
-0.602557
-0.596496
-0.594667
-0.59637
-0.598963
-0.596167
-0.596873
-0.596747
-0.594325
-0.598829
-0.599292
-0.596747
-0.595799
-0.594968
-0.598605
-0.592698
-0.589472
-0.597531
-0.594123
-0.589269
-0.593594
-0.59637
-0.592372
-0.593772
-0.593772
-0.592296
-0.593016
-0.594401
-0.593065
-0.595045
-0.59207
-0.59207
-0.586517
-0.584494
-0.592146
-0.587898
-0.592069
-0.593365
-0.586421
-0.586421
-0.588399
-0.590319
-0.590147
-0.592221
-0.592221
-0.590495
-0.58662
-0.592573
-0.590695
-0.591775
-0.588372
-0.588372
-0.58952
-0.587196
-0.58807
-0.59332
-0.592196
-0.587944
-0.589171
-0.588121
-0.591122
-0.587944
-0.588571
-0.588348
-0.586871
-0.58662
-0.585736
-0.588047
-0.582672
-0.586421
-0.585694
-0.585694
-0.586449
-0.585621
-0.586569
-0.588748
-0.585297
-0.585297
-0.589498
-0.584151
-0.58537
-0.58387
-0.584423
-0.584423
-0.586672
-0.583152
-0.585297
-0.585621
-0.586347
-0.584297
-0.584297
-0.585046
-0.584099
-0.581334
-0.583223
-0.583974
-0.583619
-0.583995
-0.583995
-0.587972
-0.583744
-0.585798
-0.584995
-0.582453
-0.582244
-0.587247
-0.581566
-0.584391
-0.582296
-0.585098
-0.585841
-0.581796
-0.582586
-0.582171
-0.58314
-0.58314
-0.581296
-0.599467
-0.583855
-0.624129
-0.625106
-0.632109
-0.665349
-0.696741
-0.702429
-0.702429
-0.711121
-0.686171
-0.6364
-0.464793
-0.303484
-0.196919
-0.166738
-0.149362
-0.134202
-0.123368
-0.105992
-0.105992
-0.11568
-0.075618
-0.0653466
-0.0845209
-0.0830992
-0.0788194
-0.0817485
-0.0812992
-0.0766397
-0.0721656
-0.0828468
-0.0828468
-0.0748505
-0.0753017
-0.079499
-0.074395
-0.0734366
-0.0734366
-0.0726913
-0.0721141
-0.0751965
-0.0723758
-0.073888
-0.0726913
-0.0778452
-0.0665062
-0.069415
-0.072568
-0.0724809
-0.0748997
-0.0710353
-0.0680025
-0.0752717
-0.0666434
-0.0751101
-0.0709127
-0.0690633
-0.0663851
-0.0678976
-0.0741846
-0.0700276
-0.0666996
-0.0666996
-0.064985
-0.06994
-0.0664336
-0.0664336
-0.0760852
-0.0678976
-0.0661508
-0.0648802
-0.067317
-0.0642821
-0.0661917
-0.0659983
-0.0668929
-0.0619362
-0.0619362
-0.0635948
-0.0665062
-0.0635796
-0.0619216
-0.065988
-0.0711404
-0.0641034
-0.0671026
-0.0646551
-0.0646551
-0.0676877
-0.066942
-0.066942
-0.065116
-0.063221
-0.0667321
-0.070965
-0.0683175
-0.0683891
-0.0700624
-0.0664496
-0.0634005
-0.0634005
-0.0672569
-0.0631014
-0.0684772
-0.066611
-0.0637891
-0.0637891
-0.0647754
-0.0646859
-0.0608617
-0.0636996
-0.0589027
-0.0637891
-0.0653889
-0.0641188
-0.0622794
-0.0668532
-0.0579604
-0.0619069
-0.0635052
-0.0669904
-0.0670306
-0.0611756
-0.0727965
-0.0605764
-0.0621601
-0.0651477
-0.0670469
-0.0638195
-0.0624744
-0.0635948
-0.0633854
-0.0633854
-0.0668854
-0.0571507
-0.059098
-0.0617414
-0.0633108
-0.0633108
-0.0633108
-0.0577646
-0.0590343
-0.0661191
-0.0634005
-0.0634005
-0.0604858
-0.0634305
-0.0653732
-0.0663287
-0.0634155
-0.0607571
-0.0630409
-0.0591389
-0.0592299
-0.0612658
-0.062445
-0.0651791
-0.0651791
-0.0614561
-0.0575556
-0.0652102
-0.0651791
-0.0652525
-0.0620986
-0.0602906
-0.0627741
-0.0635203
-0.0647599
-0.0702552
-0.0635643
-0.0635643
-0.0635796
-0.0619966
-0.0633108
-0.0627142
-0.0619796
-0.0619796
-0.0624597
-0.0624597
-0.0641188
-0.0597255
-0.0622503
-0.0683008
-0.0683008
-0.065284
-0.0627592
-0.0610996
-0.0637299
-0.058065
-0.0626693
-0.0660617
-0.0608138
-0.0669904
-0.0611139
-0.0638497
-0.0559064
-0.064313
-0.0639091
-0.0626693
-0.0626693
-0.0634305
-0.065478
-0.0659135
-0.0637299
-0.0645536
-0.0699207
-0.0628936
-0.0626396
-0.0627741
-0.0580782
-0.0668371
-0.0627741
-0.0567298
-0.06361
-0.0653151
-0.0653151
-0.0642541
-0.0627293
-0.0599208
-0.0622355
-0.0622355
-0.0623254
-0.0623254
-0.0615652
-0.0610996
-0.0643284
-0.0597393
-0.0598715
-0.0672569
-0.05953
-0.0613091
-0.0626693
-0.0626693
-0.0580517
-0.0565081
-0.0609807
-0.0624744
-0.0621747
-0.0621747
-0.0653732
-0.0639395
-0.0622794
-0.0573853
-0.0606951
-0.0625035
-0.0588385
-0.0597531
-0.0607998
-0.057438
-0.0579604
-0.062489
-0.062489
-0.0631603
-0.0609044
-0.0633405
-0.0582741
-0.0684556
-0.0654355
-0.0580782
-0.0632683
-0.0632683
-0.0668532
-0.0668532
-0.0624744
-0.0613516
-0.0580914
-0.0636251
-0.0636251
-0.0561153
-0.0561153
-0.0582874
-0.0582874
-0.0626396
-0.0610996
-0.0638497
-0.059844
-0.059844
-0.0569004
-0.0569004
-0.0562864
-0.0608903
-0.0608903
-0.0625322
-0.0580914
-0.058065
-0.0642389
-0.060876
-0.0619796
-0.0667963
-0.0644916
-0.0644916
-0.057201
-0.057201
-0.0629083
-0.0609044
-0.0582741
-0.0582741
-0.057516
-0.0579737
-0.0518088
-0.0582608
-0.0619507
-0.0573596
-0.0611139
-0.0551711
-0.0583787
-0.0610232
-0.0612186
-0.0635203
-0.0635203
-0.0660595
-0.0569262
-0.0568216
-0.0564162
-0.0553434
-0.0553434
-0.06119
-0.0583921
-0.0598161
-0.0586014
-0.062355
-0.0558407
-0.0558407
-0.0566253
-0.0563909
-0.0645689
-0.0627888
-0.0626986
-0.0601441
-0.0609949
-0.0598161
-0.0583006
-0.0571225
-0.065525
-0.061609
-0.0571878
-0.0571095
-0.0571095
-0.0597393
-0.0575944
-0.0626693
-0.0626693
-0.067539
-0.0597668
-0.0597668
-0.0525278
-0.0609807
-0.0612186
