0.0519061
0.0536573
0.0512329
0.0595968
0.0595968
0.0463685
0.0557732
0.0551473
0.0551473
0.0509553
0.0551686
0.0519478
0.046454
0.046454
0.0564728
0.0520566
0.0443124
0.0442114
0.0425417
0.0480999
0.0421042
0.0425184
0.0522928
0.0435828
0.0512592
0.0453162
0.0544182
0.0523824
0.0516033
0.0551055
0.0498517
0.048899
0.0554472
0.0554472
0.0527068
0.0442916
0.0468217
0.0498697
0.0498697
0.0474316
0.0394081
0.0404407
0.0396777
0.0396777
0.0523051
0.051624
0.0495635
0.0439071
0.0481206
0.0491836
0.054438
0.0445348
0.0453293
0.0456761
0.0456761
0.0509156
0.0456536
0.0428844
0.0432392
0.0414676
0.0414676
0.0414676
0.0414676
0.0468013
0.0468013
0.0404407
0.0404407
0.0463478
0.0453515
0.0498313
0.0497911
0.0555144
0.0501963
0.0460649
0.0474057
0.0565739
0.0492259
0.0547417
0.0495076
0.0572162
0.050877
0.050877
0.0446583
0.0407252
0.0407252
0.0495483
0.0453745
0.0411526
0.0484966
0.0481206
0.0523145
0.061704
0.061704
0.0459835
0.0506112
0.0506112
0.0628858
0.0816797
0.0806431
0.0806431
0.0446583
0.0477963
0.0519478
0.0519478
0.0523627
0.0470163
0.0453549
0.0575025
0.0467138
0.0547617
0.0649193
0.0561691
0.0439669
0.0439669
0.0540656
0.0494679
0.0494679
0.0470378
0.0466304
0.0348152
0.0586274
0.0494876
0.0512329
0.0442712
0.0470595
0.0589721
0.0516033
0.0516033
0.056595
0.0492029
0.0495076
0.0565327
0.0565327
0.0543796
0.0523145
0.0515626
0.0515626
0.0512794
0.0523432
0.0551263
0.0557886
0.0523366
0.0404207
0.0509755
0.0471038
0.0449402
0.0481206
0.0439467
0.0491836
0.0378661
0.0568155
0.0533546
0.0550851
0.049569
0.0484873
0.0540656
0.0470686
0.0551263
0.0488335
0.0529841
0.0425184
0.0541099
0.0484873
0.0509353
0.0494814
0.0414348
0.0498934
0.0470595
0.0572218
0.0607222
0.0530513
0.0523814
0.0543607
0.053072
0.053072
0.0428844
0.0501963
0.0530513
0.0547819
0.0439011
0.0613467
0.0512592
0.0536368
0.0534391
0.0527289
0.0571795
0.053699
0.0519905
0.0558649
0.0484446
0.0424982
0.0460237
0.0418889
0.0445547
0.0445547
0.0523145
0.0441919
0.0435447
0.0543672
0.0589937
0.0463478
0.0530299
0.0470378
0.0502391
0.0631624
0.0540439
0.0530308
0.0516033
0.0421709
0.0499147
0.0449829
0.0477759
0.044231
0.0452855
0.0452855
0.056877
0.0547819
0.0463273
0.044251
0.0543892
0.0512104
0.0477963
0.0495483
0.0540877
0.0596406
0.0473615
0.0501753
0.0505199
0.0505199
0.0590375
0.0530513
0.0530513
0.0516033
0.0484446
0.0565532
0.0565532
0.0565532
0.051969
0.0512001
0.0425184
0.0481206
0.0572218
0.0512592
0.044231
0.0513207
0.0551055
0.0512393
0.0393161
0.0439267
0.0494876
0.0439267
0.0393572
0.0519061
0.0488115
0.0495483
0.0516663
0.0494876
0.0603776
0.0530513
0.0520343
0.0477963
0.0386673
0.0386673
0.0519268
0.0463895
0.0463895
0.0569193
0.0530308
0.0530308
0.0530513
0.0537202
0.0519478
0.0519478
0.0565739
0.0526671
0.0526671
0.0428427
0.0460441
0.044251
0.0484446
0.0484446
0.0512999
0.0512999
0.0586067
0.0404011
0.0400709
0.0501753
0.0384023
0.0565327
0.0599932
0.0441805
0.0456793
0.0561305
0.0484414
0.0491253
0.0491253
0.0484873
0.0421542
0.0421542
0.0565532
0.0477557
0.0473544
0.0467138
0.0530106
0.0515426
0.0421938
0.0449615
0.0456596
0.0456596
0.0494876
0.054342
0.0487897
0.0519268
0.0484029
0.0474516
0.0466925
0.0411249
0.0477357
0.0488207
0.0456402
0.0449193
0.0568563
0.0484236
0.0495076
0.0582038
0.0491836
0.0529709
0.0467353
0.0589721
0.0515828
0.0456793
0.053093
0.0456536
0.0417802
0.0442916
0.0442916
0.0499147
0.0424982
0.0365202
0.0393572
0.0474316
0.0473615
0.0509755
0.0490916
0.0499147
0.0446371
0.0473733
0.0436022
0.0411314
0.0411314
0.0516033
0.0498934
0.0445547
0.041802
0.0456596
0.0473925
0.0460649
0.0481206
0.0558385
0.05225
0.0512999
0.0512999
0.053699
0.059426
0.0614598
0.0492259
0.0445749
0.0530308
0.0448781
0.0448781
0.0401356
0.0400385
0.0487682
0.0463273
0.0544115
0.0544115
0.0463478
0.0396816
0.0452973
0.0428222
0.0399845
0.0502608
0.0502608
0.0498517
0.0477963
0.0477963
0.0403817
0.0459835
0.0459835
0.0473925
0.0459638
0.0484779
0.0392959
0.0438569
0.0467138
0.0467138
0.0512794
0.0512794
0.0526671
0.0526671
0.0533753
0.0502176
0.039012
0.047451
0.047451
0.0469951
0.0438876
0.0470595
0.0456993
0.0476966
0.0554711
0.0421042
0.0449615
0.0326042
0.0428634
0.0428634
0.0446583
0.0453745
0.0407858
0.0551046
0.0551046
0.054438
0.0336712
0.0494679
0.0494679
0.043533
0.0480794
0.0571795
0.0571795
0.0481206
0.0530308
0.0530308
0.0484236
0.0484236
0.0561888
0.0499147
0.0502828
0.0428222
0.0425184
0.0481206
0.0452641
0.0452641
0.0386873
0.0477557
0.0477557
0.0319959
0.0400766
0.0365639
0.0389719
0.048879
0.0530533
0.0460237
0.0460237
0.043599
0.043599
0.0344713
0.0344713
0.0372382
0.0508869
0.0421542
0.0498313
0.0495483
0.0495483
0.0494876
0.0494876
0.0442712
0.0509317
0.0554082
0.051624
0.051624
0.0526868
0.0529393
0.0495076
0.0480999
0.0463478
0.0533963
0.0484873
0.0491639
0.0403817
0.0473835
0.0519478
0.0526095
0.0463895
0.0407452
0.0368746
0.0491133
0.039012
0.0421739
0.0519268
0.0453073
0.0445954
0.0470595
0.0407056
0.0410693
0.0448986
0.0452603
0.0459638
0.0480999
0.044271
0.0481206
0.0554927
0.0526476
0.0498517
0.0389329
0.0460237
0.0474057
0.0484236
0.0445749
0.0445749
0.0540224
0.0337503
0.0459835
0.0386422
0.0445749
0.0414348
0.0400272
0.0399845
0.0460237
0.0484236
0.0502176
0.0491133
0.0491639
0.0379982
0.0481206
0.0404011
0.0505414
0.0547351
0.0498517
0.0498517
0.0488115
0.0463655
0.0554499
0.0404207
0.0501753
0.0495076
0.0470163
0.0354448
0.0519061
0.0481357
0.0470815
0.0428601
0.0428601
0.0438789
0.0512393
0.0429056
0.0436219
0.0516033
0.0393161
0.0551263
0.0504777
0.0533963
0.0442712
0.0481628
0.0436215
0.0436215
0.0359135
0.0460649
0.0480393
0.0410491
0.037583
0.0414348
0.0438789
0.0477963
0.0446583
0.0439467
0.0337103
0.0536573
0.0480592
0.0480592
0.0473925
0.0495076
0.0512794
0.0551263
0.0533341
0.0547819
0.0551263
0.0498934
0.0484873
0.0627952
0.0488557
0.0537635
0.0579394
0.0463895
0.0481628
0.0481628
0.0501753
0.0512999
0.0411104
0.0481628
0.0372584
0.0428222
0.0509553
0.0484779
0.0484779
0.0501342
0.053699
0.0439467
0.0508217
0.0488207
0.0494679
0.0565125
0.0463478
0.0410897
0.0473835
0.0455661
0.0452855
0.0438352
0.0438352
0.0592955
0.0526605
0.0449615
0.036894
0.0460237
0.0460237
0.0399429
0.0480592
0.0467353
0.05063
0.054438
0.0438789
0.0488115
0.0540011
0.0439467
0.0379494
0.0407252
0.0407654
0.0407654
0.0492036
0.0519268
0.0449402
0.0436022
0.0400385
0.0539594
0.0539594
0.0491445
0.0488207
0.0533963
0.0481628
0.053678
0.0428634
0.0372584
0.0456793
0.0484446
0.0411104
0.0575452
0.0481416
0.0481416
0.0477963
0.0460441
0.0460441
0.0484595
0.0565532
0.0435768
0.0435768
0.0477963
0.0470378
0.0523366
0.0491836
0.0432521
0.0540224
0.0540224
0.0379708
0.0410897
0.052324
0.0505414
0.0505414
0.0537202
0.0477557
0.0491836
0.0554927
0.051181
0.0502298
0.0450047
0.0450047
0.0497911
0.0600335
0.0561691
0.059366
0.0519061
0.0571588
0.0491445
0.0428844
0.0499362
0.0494485
0.0505917
0.0452641
0.0533341
0.0512999
0.0467634
0.0544579
0.0551055
0.0474316
0.0558833
0.0558833
0.0530513
0.0499147
0.0439071
0.0484658
0.0449733
0.0481206
0.0481206
0.0463273
0.0463273
0.0515626
0.0515626
0.0463071
0.0463071
0.0529515
0.0442916
0.0477524
0.0477524
0.0501546
0.0501753
0.0501753
0.0548231
0.0523145
0.0494814
0.0512393
0.0547819
0.0523145
0.053699
0.0508962
0.0572871
0.050996
0.0539801
0.0539801
0.0533546
0.0495076
0.0446161
0.0481206
0.0508962
0.0547617
0.0505414
0.0644808
0.0526671
0.0435828
0.0432521
0.0477963
0.0508962
0.0508962
0.0603568
0.053072
0.053072
0.0424982
0.0526605
0.0498111
0.0495278
0.0557519
0.0462872
0.0484658
0.0550851
0.0527068
0.0527068
0.0533341
0.0470686
0.0481628
0.0467138
0.0425184
0.0565739
0.0526162
0.0481357
0.0509553
0.0494876
0.0530308
0.0582832
0.0582832
0.0481416
0.0477963
0.0477963
0.0491133
0.0460035
0.040096
0.0439011
0.0508432
0.0414348
0.0411104
0.0474316
0.0495483
0.0495483
0.0484658
0.0533963
0.0519478
0.0613905
0.0523588
0.0496113
0.0474718
0.0460858
0.0519478
0.0516033
0.0527068
0.0488207
0.0488207
0.0561888
0.0484236
0.0467353
0.0575237
0.0575237
0.051645
0.0548024
0.0625153
0.0575961
0.0477963
0.0533546
0.0529709
0.0491836
0.0540656
0.0386422
0.0491133
0.0491133
0.0526605
0.0561179
0.0446371
0.0509156
0.0399845
0.0399845
0.052683
0.044992
0.044992
0.0551901
0.0551901
0.0536573
0.051969
0.0450047
0.0414138
0.0543892
0.0516663
0.0484446
0.0477963
0.0498725
0.0540439
0.0655851
0.0505852
0.0484029
0.0484029
0.0504987
0.0589721
0.0525945
0.0460035
0.0527289
0.0523145
0.0523145
0.0361956
0.0516033
0.0508869
0.0512001
0.0536573
0.0529616
0.0547417
0.0506112
0.0477557
0.0453515
0.0410897
0.0481416
0.0572651
0.0494876
0.0547617
0.0547617
0.0463478
0.0445348
0.0488115
0.0488115
0.0536573
0.0484446
0.0495278
0.0495278
0.0504987
0.0488335
0.0397243
0.0455876
0.0537202
0.0537202
0.0547617
0.0547617
0.0522928
0.0421484
0.0484658
0.0362171
0.0414774
0.0425389
0.0522713
0.0505199
0.0445954
0.0456402
0.0429271
0.0404179
0.0394208
0.0393365
0.0438876
0.0425805
0.0425805
0.0564193
0.0564193
0.0484414
0.0469737
0.0469737
0.0518856
0.0486846
0.056404
0.0451388
0.0618431
0.0654806
0.0654806
0.0654806
0.0882891
0.129739
0.129739
0.280013
0.553454
0.553454
0.90548
1.02044
0.993822
0.793985
0.608634
0.449654
0.290395
0.237972
0.214195
0.220127
0.211717
0.215695
0.220954
0.21149
0.214513
0.209325
0.214193
0.223462
0.225093
0.216355
0.216419
0.220308
0.206853
0.207239
0.205509
0.204896
0.213231
0.210128
0.208841
0.210635
0.204105
0.205024
0.202808
0.202285
0.202285
0.203038
0.200315
0.200315
0.201594
0.199473
0.209402
0.19523
0.198854
0.198455
0.207078
0.197741
0.208357
0.208357
0.202579
0.201663
0.196532
0.195219
0.208743
0.204667
0.202387
0.202387
0.206206
0.215424
0.215424
0.208743
0.20571
0.20711
0.20711
0.20669
0.196431
0.211717
0.206982
0.207643
0.204374
0.216321
0.202579
0.202579
0.215631
0.196824
0.198034
0.205481
0.200847
0.203101
0.203101
0.198098
0.201205
0.213059
0.208226
0.233879
0.233879
0.385005
0.467346
0.561124
0.588575
0.588575
0.590241
0.593694
0.587255
0.598874
0.584663
0.579118
0.584612
0.582373
0.582373
0.574033
0.575117
0.57099
0.577236
0.585727
0.585727
0.584356
0.577855
0.573938
0.561532
0.563107
0.57176
0.57176
0.576493
0.579722
0.577463
0.576086
0.574604
0.574604
0.572306
0.577763
0.572774
0.568146
0.566785
0.56458
0.56795
0.579871
0.577935
0.584752
0.5755
0.704219
0.704219
1.03267
1.20097
1.4116
1.5355
1.53152
1.51957
1.51957
1.50787
1.51127
1.49027
1.49892
1.48724
1.48756
1.48756
1.47577
1.48151
1.47788
1.47336
1.47684
1.46964
1.47261
1.46099
1.4767
1.46483
1.46035
1.4589
1.4579
1.45526
1.45299
1.45234
1.44803
1.45009
1.45754
1.45754
1.45815
1.45509
1.45326
1.44698
1.45373
1.45373
1.44233
1.43781
1.43926
1.4383
1.44177
1.43733
1.43821
1.44133
1.43318
1.51138
1.70686
2.07576
2.45142
2.73922
2.94478
3.10789
3.24571
3.32925
3.32925
3.39846
3.48335
3.46676
3.43098
3.40477
3.40477
3.38474
3.36476
3.35241
3.34076
3.33068
3.32285
3.3079
3.29735
3.29289
3.28486
3.27754
3.26856
3.26111
3.26111
3.24922
3.24646
3.23893
3.23447
3.22675
3.21794
3.21794
3.20478
3.20718
3.19999
3.2004
3.19343
3.19343
3.18493
3.17785
3.18282
3.17574
3.16949
3.16219
3.15655
3.15655
3.14475
3.14408
3.14776
3.14666
3.14007
3.13907
3.13627
3.13047
3.12287
3.12081
3.12035
3.12035
3.12026
3.1102
3.11252
3.10764
3.1004
3.1004
3.098
3.09717
3.09766
3.09027
3.08788
3.08354
3.08354
3.08225
3.0784
3.07095
3.07234
3.07262
3.07206
3.07206
3.06931
3.06233
3.06377
3.07076
3.05983
3.05983
3.05609
3.0533
3.05536
3.04175
3.04213
3.04175
3.03463
3.03463
3.03538
3.02609
3.02379
3.01414
3.01483
3.00008
2.98886
2.9876
2.99608
2.99143
2.98449
2.98449
2.98032
2.97891
2.97152
2.9695
2.96524
2.9642
2.96703
2.96174
2.96174
2.96119
2.95137
2.95137
2.95037
2.95852
2.95211
2.94473
2.95353
2.95024
2.94007
2.93712
2.93712
2.94037
2.93164
2.93761
2.94323
2.93118
2.92883
2.92605
2.93082
2.9234
2.93244
2.92467
2.9226
2.92402
2.9196
2.92561
2.922
2.9218
2.91324
2.92182
2.92263
2.91884
2.91344
2.91976
2.90533
2.91039
2.90288
2.90688
2.91156
2.90416
2.90279
2.90277
2.90277
2.89508
2.8996
2.89204
2.90067
2.88668
2.89461
2.89461
2.89586
2.89324
2.88515
2.89092
2.88592
2.88593
2.88445
2.89069
2.88518
2.8811
2.87819
2.88094
2.87835
2.8835
2.8758
2.87863
2.87913
2.87921
2.8729
2.8684
2.87454
2.86489
2.86786
2.86786
2.86655
2.86672
2.86728
2.86912
2.87074
2.86059
2.86114
2.86043
2.85785
2.85699
2.85684
2.85543
2.85658
2.85679
2.85863
2.85757
2.85724
2.85053
2.85504
2.85703
2.85151
2.8471
2.84062
2.83897
2.8516
2.84711
2.84815
2.84815
2.85015
2.84899
2.84288
2.83537
2.84137
2.83572
2.83572
2.83447
2.84729
2.84062
2.84056
2.83846
2.83535
2.83535
2.835
2.8336
2.82487
2.83334
2.83185
2.83284
2.82924
2.82876
2.83375
2.83375
2.83492
2.82673
2.82916
2.82916
2.82347
2.83215
2.82079
2.82472
2.81942
2.81942
2.82011
2.81967
2.81884
2.81772
2.81918
2.81961
2.81961
2.81607
2.81131
2.82003
2.82003
2.81314
2.81621
2.80969
2.81191
2.80657
2.80642
2.81639
2.81639
2.81639
2.80634
2.81082
2.80757
2.80654
2.80654
2.80126
2.80561
2.80415
2.80168
2.80017
2.80012
2.80012
2.79573
2.80151
2.79862
2.79283
2.80721
2.80336
2.80336
2.79339
2.79498
2.80352
2.79169
2.78834
2.78423
2.79272
2.79272
2.79216
2.78368
2.78845
2.79439
2.79439
2.78669
2.78669
2.79002
2.79895
2.79299
2.78232
2.78232
2.79923
2.78949
2.77977
2.77783
2.78581
2.79984
2.7803
2.77339
2.78054
2.78679
2.77984
2.77306
2.7847
2.7833
2.78187
2.77507
2.76949
2.77504
2.77592
2.76775
2.77336
2.78485
2.7858
2.77084
2.77084
2.7771
2.77392
2.76573
2.77186
2.77906
2.77444
2.77444
2.76791
2.76889
2.77087
2.76648
2.76651
2.76786
2.76786
2.76036
2.75645
2.76147
2.76515
2.77471
2.77471
2.76229
2.76848
2.76676
2.75861
2.75476
2.76672
2.76672
2.76297
2.75056
2.761
2.76299
2.75752
2.75341
2.75341
2.75522
2.75688
2.75872
2.75886
2.75055
2.75373
2.75261
2.75504
2.75521
2.75866
2.75413
2.76171
2.7548
2.75406
2.75175
2.75719
2.75719
2.7452
2.7521
2.7521
2.75604
2.75058
2.74473
2.74737
2.75263
2.74132
2.74249
2.74611
2.75309
2.7437
2.74536
2.74792
2.74792
2.74109
2.75055
2.74861
2.74345
2.74465
2.74809
2.74276
2.74758
2.74926
2.7385
2.74541
2.75147
2.74513
2.73987
2.73769
2.73595
2.74261
2.74853
2.7362
2.7362
2.73522
2.74684
2.74153
2.73526
2.7335
2.73893
2.73893
2.73596
2.73183
2.73612
2.73019
2.7314
2.7314
2.73768
2.73566
2.73704
2.73548
2.73157
2.73396
2.73661
2.73392
2.73263
2.7279
2.72911
2.72969
2.71436
2.73193
2.72717
2.72488
2.7301
2.73424
2.73365
2.73365
2.72407
2.71989
2.71958
2.7181
2.73413
2.73413
2.72327
2.72919
2.72919
2.7264
2.72696
2.72252
2.72252
2.71505
2.72243
2.71813
2.70922
2.70922
2.72595
2.72036
2.71111
2.71979
2.71789
2.70965
2.70678
2.70678
2.70678
2.70678
2.71169
2.70855
2.72463
2.7187
2.71614
2.71283
2.7126
2.71016
2.70525
2.70897
2.69996
2.69996
2.70633
2.7042
2.70102
2.708
2.69612
2.69612
2.7055
2.7103
2.71121
2.70375
2.69911
2.70306
2.70647
2.70553
2.70325
2.69967
2.70008
2.70486
2.69815
2.69348
2.70917
2.70219
2.69708
2.70473
2.70473
2.70525
2.70125
2.70286
2.69994
2.698
2.70326
2.70326
2.69586
2.69666
2.70105
2.70105
2.69685
2.69105
2.69105
2.71125
2.69821
2.68838
2.71379
2.70341
2.69556
2.69345
2.69971
2.70751
2.70422
2.70073
2.68957
2.6905
2.69926
2.69869
2.68377
2.69336
2.69345
2.69075
2.6871
2.68811
2.7026
2.68671
2.68918
2.69657
2.6853
2.68197
2.69778
2.68527
2.69194
2.69194
2.69651
2.68959
2.68451
2.68696
2.69188
2.68554
2.68554
2.68885
2.69462
2.68775
2.69126
2.68667
2.68378
2.68378
2.68681
2.68209
2.68687
2.68311
2.68302
2.68302
2.68824
2.68898
2.69091
2.67746
2.67746
2.68993
2.6742
2.68238
2.68556
2.6853
2.68327
2.68327
2.68133
2.67373
2.67583
2.68678
2.6826
2.68032
2.68043
2.68265
2.6785
2.67163
2.67957
2.67844
2.6761
2.6761
2.68083
2.67895
2.67867
2.67208
2.67329
2.67329
2.67475
2.67909
2.68488
2.68658
2.68282
2.68067
2.68405
2.67303
2.67211
2.6784
2.67127
2.67135
2.66643
2.66705
2.67694
2.67095
2.66923
2.66775
2.66775
2.67163
2.66778
2.66603
2.67255
2.6725
2.6725
2.66026
2.66613
2.67265
2.66897
2.66771
2.66789
2.66495
2.66495
2.67516
2.66871
2.66972
2.66972
2.66881
2.6615
2.6615
2.6659
2.66235
2.67259
2.66457
2.66766
2.66348
2.66428
2.66466
2.66039
2.66039
2.6688
2.66122
2.67309
2.6644
2.66056
2.65664
2.65664
2.65974
2.66049
2.66471
2.66331
2.65981
2.66347
2.66255
2.65822
2.65864
2.66425
2.6701
2.66036
2.66036
2.66258
2.66791
2.65859
2.66361
2.65666
2.65088
2.65088
2.66917
2.65962
2.66466
2.66288
2.661
2.66059
2.65308
2.65289
2.65635
2.64513
2.65759
2.65309
2.65309
2.6554
2.6537
2.65543
2.66228
2.64719
2.64811
2.64811
2.65304
2.64396
2.64396
2.64314
2.64937
2.65367
2.65367
2.65334
2.65275
2.65143
2.64609
2.64276
2.64276
2.64955
2.64569
2.64475
2.64538
2.64328
2.65244
2.65244
2.64933
2.6472
2.64383
2.65622
2.65761
2.64408
2.64408
2.65088
2.65193
2.64399
2.65016
2.63852
2.63852
2.6544
2.64474
2.64789
2.64789
2.64422
2.64576
2.6565
2.6459
2.65266
2.64417
2.64658
2.6444
2.6444
2.64798
2.64531
2.64709
2.6396
2.64695
2.63893
2.63893
2.65226
2.64455
2.64454
2.64454
2.6457
2.6476
2.64219
2.64651
2.64651
2.64795
2.64491
2.64345
2.64423
2.63744
2.64187
2.64034
2.63843
2.64024
2.64262
2.64193
2.63262
2.64627
2.64469
2.63827
2.63804
2.63804
2.6401
2.64113
2.64255
2.63585
2.63348
2.63348
2.63934
2.63872
2.64366
2.63159
2.63369
2.64622
2.6398
2.63528
2.63341
2.63143
2.6417
2.64155
2.64096
2.64664
2.64221
2.63899
2.64282
2.63078
2.62476
2.63135
2.63888
2.62827
2.62798
2.64147
2.63408
2.62783
2.6336
2.63787
2.63532
2.64193
2.63498
2.63498
2.62957
2.62876
2.63449
2.63112
2.64289
2.64058
2.62916
2.63118
2.63395
2.63951
2.64345
2.62825
2.62825
2.63355
2.6302
2.64219
2.63292
2.62846
2.6287
2.6287
2.6268
2.63099
2.63099
2.62781
2.62781
2.63304
2.62604
2.62619
2.62856
2.62924
2.62379
2.62953
2.62966
2.63075
2.62888
2.63149
2.62358
2.6291
2.62824
2.62824
2.63118
2.62425
2.62968
2.62968
2.62588
2.6232
2.6232
2.62349
2.62595
2.62974
2.62675
2.61698
2.62352
2.62985
2.62815
2.62925
2.62721
2.62721
2.62021
2.62021
2.62132
2.62418
2.62795
2.61755
2.6256
2.62223
2.62223
2.63603
2.62855
2.62411
2.62397
2.62397
2.62252
2.62479
2.61734
2.62161
2.62378
2.62845
2.62845
2.62646
2.62781
2.61979
2.6207
2.61636
2.62425
2.61939
2.62232
2.62484
2.62367
2.62609
2.62179
2.62179
2.61991
2.61489
2.61469
2.61437
2.61336
2.61336
2.6242
2.61912
2.61094
2.61238
2.61231
2.62094
2.61469
2.61931
2.61836
2.61141
2.61415
2.61557
2.61557
2.6103
2.61536
2.61509
2.61504
2.61402
2.60822
2.60822
2.61371
2.61599
2.60824
2.61871
2.61827
2.61827
2.62158
2.61406
2.62158
2.61506
2.62017
2.61446
2.61446
2.62052
2.62052
2.61923
2.61019
2.61443
2.609
2.609
2.60942
2.61439
2.61137
2.61319
2.61807
2.60903
2.60903
2.61209
2.61108
2.60992
2.60975
2.60962
2.60962
2.61102
2.60212
2.61487
2.61487
2.60785
2.61461
2.61461
2.61143
2.61429
2.61108
2.61036
2.60995
2.60632
2.60632
2.60894
2.60938
2.61212
2.60771
2.60842
2.60842
2.6133
2.60721
2.60686
2.6071
2.61178
2.59955
2.60415
2.61054
2.61054
2.61143
2.61016
2.60357
2.60357
2.6096
2.6073
2.60756
2.60741
2.60352
2.60352
2.60664
2.60973
2.60227
2.60313
2.60842
2.60608
2.60208
2.60354
2.59732
2.59672
2.59682
2.59773
2.59773
2.6012
2.60227
2.59892
2.60221
2.59712
2.5966
2.5966
2.59937
2.59706
2.59993
2.59695
2.60007
2.60256
2.60256
2.60313
2.59616
2.59503
2.60053
2.60155
2.60155
2.60669
2.60363
2.60354
2.59202
2.5981
2.5981
2.59793
2.59701
2.60007
2.59422
2.59963
2.59311
2.59311
2.59931
2.59309
2.58875
2.59121
2.59646
2.59178
2.59178
2.59718
2.59304
2.59723
2.58376
2.59309
2.59309
2.58483
2.59107
2.58855
2.59335
2.58709
2.58576
2.58576
2.58953
2.58703
2.58568
2.59095
2.59104
2.59104
2.59362
2.58385
2.59036
2.59167
2.59825
2.59495
2.59495
2.59121
2.59365
2.59223
2.59141
2.59446
2.59214
2.58938
2.59367
2.59498
2.5908
2.59243
2.59173
2.5957
2.59077
2.58069
2.58942
2.58755
2.58416
2.58416
2.58243
2.58243
2.58724
2.5851
2.58386
2.5857
2.5857
2.58953
2.58563
2.58563
2.58852
2.58855
2.58803
2.59202
2.58918
2.58524
2.58805
2.59362
2.57839
2.58278
2.58814
2.59145
2.58022
2.58474
2.58835
2.58596
2.58596
2.58561
2.58289
2.58289
2.57911
2.58605
2.58503
2.58503
2.58156
2.57676
2.57678
2.57917
2.58141
2.58356
2.57757
2.58089
2.58104
2.58191
2.58223
2.58507
2.57593
2.57819
2.5781
2.58239
2.58294
2.57865
2.5787
2.5817
2.57691
2.57987
2.58805
2.57984
2.57563
2.58546
2.57932
2.58268
2.58156
2.58574
2.57768
2.57768
2.58161
2.58086
2.57964
2.58463
2.58784
2.58195
2.58141
2.58152
2.58418
2.57904
2.58688
2.58398
2.58398
2.58028
2.58387
2.5771
2.57357
2.57862
2.58105
2.58045
2.57232
2.57684
2.57926
2.58601
2.57434
2.57434
2.57908
2.5799
2.58545
2.57729
2.5787
2.57904
2.57445
2.57793
2.57168
2.57623
2.57178
2.56581
2.57749
2.57749
2.56764
2.56764
2.57461
2.5768
2.57092
2.58298
2.58298
2.58298
2.57193
2.57545
2.57287
2.56753
2.57808
2.57591
2.57247
2.57226
2.57428
2.57936
2.56787
2.57631
2.57631
2.58165
2.58212
2.56521
2.57168
2.58473
2.56514
2.57142
2.57286
2.57582
2.56382
2.56382
2.57773
2.57773
2.57119
2.57364
2.56741
2.57326
2.56317
2.57142
2.571
2.56542
2.56444
2.56397
2.56943
2.56805
2.56216
2.56223
2.56668
2.56933
2.56911
2.56386
2.56752
2.55948
2.56437
2.56152
2.56626
2.56626
2.56107
2.57079
2.56538
2.57035
2.57035
2.56463
2.56736
2.56617
2.56029
2.56115
2.55918
2.56783
2.56783
2.55228
2.55228
2.55832
2.55484
2.55728
2.55472
2.55472
2.55986
2.5602
2.56106
2.55899
2.55775
2.55775
2.55685
2.56191
2.54918
2.5562
2.55568
2.55568
2.56545
2.56282
2.55907
2.55656
2.55991
2.5553
2.5553
2.55314
2.5526
2.56083
2.55837
2.55661
2.56146
2.56035
2.55364
2.56607
2.55029
2.55571
2.56438
2.55609
2.55609
2.56595
2.55423
2.55423
2.56437
2.55468
2.54984
2.56149
2.55607
2.56065
2.55582
2.55007
2.55529
2.55529
2.55131
2.54913
2.55705
2.54538
2.55547
2.55547
2.55901
2.56237
2.549
2.55364
2.5595
2.55222
2.55222
2.55911
2.55283
2.55931
2.56016
2.55551
2.54725
2.54976
2.56218
2.55272
2.55891
2.54963
2.54886
2.55174
2.54876
2.55034
2.54491
2.55384
2.54424
2.55481
2.55331
2.55313
2.55684
2.55315
2.55315
2.56295
2.55171
2.55171
2.5607
2.55117
2.55313
2.54836
2.56144
2.54467
2.55272
2.5506
2.548
2.54491
2.55405
2.54731
2.54685
2.54708
2.55424
2.5604
2.54935
2.54993
2.54839
2.5457
2.55663
2.54833
2.55226
2.55639
2.56064
2.56064
2.55224
2.55523
2.55471
2.54762
2.55237
2.55731
2.54525
2.56335
2.5469
2.54315
2.54895
2.5518
2.55952
2.54653
2.54755
2.54925
2.55471
2.54809
2.54988
2.54887
2.55334
2.55516
2.54896
2.54815
2.5456
2.55009
2.54775
2.55179
2.55339
2.54641
2.54244
2.54638
2.54638
2.54681
2.54681
2.54442
2.54598
2.5474
2.5495
2.53891
2.54675
2.55132
2.54597
2.54606
2.54495
2.54495
2.54593
2.54797
2.54815
2.54815
2.55731
2.55731
2.55271
2.54342
2.54342
2.5481
2.541
2.5426
2.5426
2.54504
2.53433
2.53529
2.53557
2.54677
2.53786
2.52877
2.54098
2.54478
2.54044
2.54887
2.54533
2.5501
2.53727
2.5428
2.55137
2.54231
2.54294
2.55107
2.55107
2.54264
2.53955
2.54754
2.54746
2.54083
2.54389
2.53996
2.54408
2.54515
2.53924
2.54069
2.54069
2.5463
2.54361
2.54484
2.54847
2.54623
2.54623
2.54397
2.54358
2.54861
2.54765
2.54911
2.54001
2.54001
2.54128
2.53126
2.544
2.5405
2.53836
2.54224
2.53218
2.54018
2.53744
2.53997
2.53852
2.53876
2.54167
2.53742
2.53095
2.53673
2.53085
2.54187
2.53871
2.53871
2.53764
2.54566
2.53302
2.53955
2.53955
2.53859
2.54096
2.53801
2.54105
2.54315
2.53636
2.53636
2.5433
2.5299
2.53994
2.54723
2.53837
2.52279
2.53066
2.53066
2.52549
2.52677
2.53636
2.53395
2.5323
2.53224
2.53645
2.53241
2.53509
2.53736
2.53563
2.53664
2.53664
2.53573
2.53846
2.53193
2.52939
2.5324
2.53568
2.53602
2.53087
2.53938
2.52259
2.53024
2.53278
2.53896
2.53896
2.53844
2.53847
2.54333
2.53408
2.51973
2.52941
2.53752
2.54264
2.54264
2.53842
2.53758
2.53758
2.53452
2.52425
2.53581
2.5312
2.52691
2.53193
2.52864
2.53419
2.5396
2.52911
2.5329
2.539
2.539
2.52261
2.52255
2.53608
2.52968
2.53494
2.52619
2.52619
2.53306
2.52934
2.52141
2.53536
2.53796
2.53796
2.53005
2.53005
2.53282
2.52975
2.53021
2.54079
2.54079
2.53426
2.52803
2.52685
2.53568
2.52827
2.52022
2.53596
2.52911
2.52271
2.52477
2.52742
2.52023
2.52566
2.52235
2.52177
2.53132
2.52702
2.53038
2.53038
2.5229
2.52823
2.51874
2.52087
2.523
2.52635
2.51582
2.5275
2.52985
2.51757
2.51714
2.51714
2.53273
2.53273
2.52363
2.52405
2.52869
2.52669
2.52669
2.51147
2.53124
2.52835
2.52037
2.52195
2.52509
2.52509
2.53188
2.52738
2.52114
2.52476
2.51864
2.52449
2.52046
2.52636
2.51993
2.52465
2.51868
2.51998
2.51998
2.52604
2.51589
2.52683
2.51444
2.52866
2.52548
2.52548
2.51267
2.52167
2.5203
2.52125
2.51545
2.51865
2.5324
2.52609
2.52082
2.52845
2.53101
2.5331
2.5331
2.51971
2.52993
2.52104
2.52037
2.52589
2.5312
2.52626
2.52811
2.51731
2.52204
2.51676
2.51676
2.52064
2.51472
2.51818
2.52766
2.51697
2.52119
2.52606
2.52606
2.52719
2.519
2.52403
2.53041
2.52835
2.5122
2.52309
2.52348
2.52383
2.52809
2.52487
2.51357
2.51908
2.51672
2.51996
2.51839
2.52191
2.52191
2.51233
2.52272
2.52713
2.51287
2.51804
2.5216
2.52221
2.52262
2.51262
2.52326
2.52245
2.52045
2.51908
2.51566
2.52989
2.52537
2.50521
2.52458
2.52458
2.51742
2.50986
2.51264
2.52291
2.51117
2.51117
2.51464
2.52086
2.5161
2.51478
2.51117
2.51117
2.51377
2.52142
2.51438
2.5274
2.50967
2.50554
2.51352
2.51593
2.51481
2.50821
2.50838
2.51815
2.51815
2.51177
2.51739
2.51484
2.51298
2.51464
2.51464
2.51489
2.51955
2.51882
2.52568
2.513
2.50757
2.50757
2.51125
2.52061
2.51156
2.51735
2.51785
2.51497
2.51128
2.50284
2.50284
2.51718
2.51076
2.51392
2.50927
2.50927
2.50989
2.51287
2.51267
2.51114
2.51114
2.50561
2.52022
2.51139
2.51758
2.51893
2.51352
2.51352
2.50615
2.51346
2.51878
2.50447
2.50346
2.51478
2.51566
2.50855
2.50681
2.51294
2.51302
2.51669
2.51669
2.50956
2.5174
2.51277
2.51707
2.51615
2.51133
2.51481
2.52277
2.51643
2.51342
2.51311
2.51367
2.5176
2.50737
2.50377
2.51443
2.51051
2.50006
2.50077
2.50077
2.50882
2.50432
2.50725
2.5125
2.50941
2.50941
2.51356
2.51404
2.50857
2.50541
2.50555
2.50654
2.51335
2.51518
2.51053
2.50773
2.51389
2.51351
2.51351
2.51841
2.51611
2.51646
2.51253
2.51444
2.51264
2.51264
2.51197
2.51043
2.5081
2.51006
2.50839
2.50472
2.51082
2.50425
2.50671
2.51274
2.50171
2.50821
2.50821
2.50561
2.5081
2.50876
2.50953
2.51099
2.51156
2.51156
2.51573
2.50181
2.51311
2.50897
2.50488
2.51101
2.50855
2.51279
2.51279
2.50586
2.50653
2.51046
2.51046
2.5057
2.50473
2.51161
2.50941
2.50918
2.50224
2.50224
2.50903
2.50229
2.5086
2.50441
2.50203
2.5022
2.50812
2.50773
2.50416
2.50908
2.50908
2.50391
2.5055
2.5055
2.51047
2.50515
2.50871
2.50956
2.51064
2.51064
2.50424
2.51342
2.50715
2.50943
2.50871
2.50218
2.51099
2.50813
2.50452
2.49889
2.50871
2.51471
2.51471
2.50968
2.50318
2.51192
2.49868
2.50348
2.50209
2.50209
2.49431
2.49976
2.49955
2.50051
2.50348
2.50348
2.50203
2.50328
2.49654
2.501
2.50188
2.49799
2.49799
2.49894
2.51399
2.50473
2.50473
2.50115
2.49934
2.49934
2.49695
2.50094
2.50719
2.50266
2.50519
2.50519
2.50209
2.50165
2.49762
2.50633
2.50169
2.49959
2.49959
2.49768
2.50291
2.50018
2.50359
2.50338
2.50146
2.50146
2.5052
2.50307
2.50684
2.50472
2.50182
2.50897
2.49879
2.49879
2.50356
2.50903
2.50829
2.50623
2.50865
2.50639
2.50639
2.49841
2.49858
2.49841
2.4995
2.49702
2.50106
2.50038
2.50483
2.49712
2.5025
2.50536
2.50555
2.50644
2.49957
2.49674
2.50283
2.50283
2.50283
2.499
2.49799
2.49556
2.49473
2.49868
2.49966
2.49862
2.49862
2.50024
2.49717
2.49717
2.49344
2.49744
2.50254
2.49918
2.49665
2.4994
2.4994
2.5025
2.50235
2.50235
2.49634
2.49582
2.49858
2.49858
2.49664
2.49664
2.49359
2.49742
2.49948
2.49582
2.49582
2.4922
2.49048
2.49582
2.49344
2.49529
2.49529
2.49015
2.4914
2.49828
2.49401
2.49338
2.49172
2.49716
2.49473
2.49344
2.48783
2.4914
2.49016
2.49016
2.4955
2.49521
2.49521
2.49412
2.49485
2.48819
2.48819
2.48892
2.49509
2.49441
2.49441
2.49441
2.49655
2.49416
2.49247
2.49804
2.49773
2.49455
2.49455
2.49717
2.49578
2.49898
2.49773
2.49139
2.49494
2.49927
2.49567
2.49567
2.49361
2.49541
2.49626
2.49986
2.49751
2.49751
2.49604
2.49953
2.49255
2.49093
2.49845
2.50103
2.49755
2.49662
2.49682
2.50296
2.4987
2.49792
2.49858
2.499
2.50229
2.49512
2.49211
2.49594
2.49674
2.49674
2.49674
2.49378
2.49169
2.50277
2.50037
2.49469
2.50065
2.49028
2.49277
2.50393
2.49916
2.49859
2.49859
2.49007
2.4979
2.50371
2.50371
2.49177
2.49052
2.49052
2.48738
2.4891
2.49493
2.49493
2.4856
2.48734
2.48897
2.49827
2.48926
2.49303
2.4857
2.49743
2.48775
2.49399
2.49268
2.48966
2.48793
2.48912
2.49053
2.48873
2.48679
2.48896
2.48534
2.48439
2.48309
2.48309
2.48373
2.51839
2.55404
2.58831
2.61495
2.64213
2.64213
2.67572
2.73979
2.78126
2.83114
2.89319
2.96143
2.96143
3.03393
3.04505
3.03455
3.03767
3.01326
3.01326
3.01487
3.02649
3.0449
3.05844
3.07204
3.08778
3.10132
3.11039
3.11639
3.10915
3.11507
3.12154
3.10695
3.10695
3.11725
3.11782
3.11434
3.12081
3.1018
3.1018
3.08916
3.0858
3.08413
3.07764
3.08135
3.08274
3.08274
3.076
3.07264
3.07861
3.07104
3.07196
3.07008
3.06634
3.05366
3.05954
3.05762
3.06279
3.06108
3.06108
3.06578
3.05338
3.05163
3.04734
3.04666
3.04552
3.04552
3.04517
3.04634
3.04007
3.03745
3.04116
3.04064
3.03767
3.03113
3.03468
3.03973
3.03788
3.0283
3.03734
3.03556
3.03741
3.03938
3.04237
3.03676
3.03676
3.03021
3.0251
3.0239
3.02358
3.03108
3.0299
3.02365
3.02558
3.02768
3.02739
3.02412
3.02652
3.022
3.023
3.02524
3.01962
3.02495
3.01819
3.02171
3.02535
3.00846
3.02037
3.02122
3.01925
3.01781
3.01781
3.01781
3.02423
3.01914
3.01922
3.05542
3.04955
3.04403
3.044
3.048
3.0404
3.04317
3.04317
3.03555
3.04082
3.04635
3.04368
3.03454
3.03387
3.03491
3.03867
3.03635
3.03714
3.03028
3.03277
3.03119
3.03119
3.01692
3.02746
3.02526
3.02322
3.03147
3.03147
3.02951
3.01937
3.02195
3.01421
3.01865
3.01569
3.01569
3.01923
3.02235
3.02471
3.01364
3.00788
3.01502
3.01502
3.00822
3.00822
3.00846
3.01109
3.01209
3.01209
3.00884
3.00831
2.99904
3.01371
3.00995
2.99779
3.00493
3.01245
2.99718
3.00511
3.00556
2.99852
2.99852
3.00832
3.00444
2.99665
3.0031
3.00236
3.00364
3.00098
3
2.99249
2.98994
2.9958
3.00044
3.00044
2.9943
2.99951
2.99632
3.00012
2.99176
2.99881
2.98995
2.99646
2.99388
2.9983
2.99055
2.99138
2.99138
2.99561
2.99197
2.99465
2.98744
2.99136
2.99136
2.99078
2.98875
2.98429
2.98495
2.98209
2.98511
2.98816
2.98152
2.98036
2.98065
2.97652
2.98247
2.97668
2.97738
2.98497
2.98379
2.98329
2.97437
2.98
2.97697
2.97697
2.97688
2.98437
2.97761
2.97761
2.97248
2.9646
2.96436
2.96783
2.9705
2.96635
2.9627
2.9627
2.96253
2.96299
2.96321
2.9694
2.9697
2.96002
2.97007
2.9622
2.96207
2.96368
2.96309
2.96173
2.96173
2.9654
2.95705
2.97019
2.9599
2.95477
2.95477
2.96014
2.96025
2.95855
2.95216
2.96401
2.95581
2.95581
2.96186
2.95218
2.95468
2.96413
2.96413
2.95868
2.95788
2.95174
2.95241
2.95629
2.95336
2.95336
2.95743
2.96301
2.95277
2.95086
2.95539
2.95156
2.95156
2.95418
2.95474
2.94722
2.9494
2.95035
2.95035
2.95034
2.94748
2.9548
2.9501
2.95167
2.94965
2.94965
2.95568
2.95463
2.95069
2.94509
2.9473
2.95127
2.94304
2.94242
2.95039
2.94753
2.94724
2.94724
2.94856
2.93965
2.94586
2.94055
2.93475
2.93993
2.93993
2.945
2.93446
2.93627
2.93277
2.93277
2.93059
2.93952
2.93102
2.9262
2.944
2.93979
2.93499
2.9354
2.93695
2.93534
2.93024
2.93335
2.9365
2.9365
2.92606
2.9253
2.93272
2.92857
2.93764
2.93452
2.93452
2.93556
2.93399
2.92906
2.93775
2.93084
2.93084
2.93382
2.9282
2.92973
2.93219
2.93439
2.92996
2.93094
2.92745
2.92745
2.92604
2.93607
2.93235
2.93235
2.93235
2.92446
2.93019
2.92954
2.92845
2.92393
2.92715
2.92715
2.93173
2.93097
2.92624
2.92521
2.92521
2.92437
2.92335
2.91961
2.9247
2.92399
2.91725
2.92168
2.91675
2.91534
2.9164
2.9093
2.9093
2.92457
2.91903
2.91903
2.92101
2.91485
2.91921
2.92294
2.91198
2.9131
2.9131
2.91248
2.91682
2.9168
2.91894
2.91894
2.91354
2.91931
2.92202
2.91611
2.91611
2.91641
2.92123
2.92123
2.91521
2.91609
2.9097
2.91226
2.91226
2.91233
2.91609
2.90654
2.91263
2.90957
2.90836
2.90836
2.91243
2.9108
2.90917
2.91487
2.91073
2.91073
2.90795
2.90865
2.91191
2.90853
2.90763
2.91148
2.90539
2.90201
2.90256
2.90668
2.90904
2.91053
2.90853
2.90079
2.90688
2.90393
2.90362
2.90287
2.9035
2.90385
2.90385
2.90122
2.90122
2.90547
2.90833
2.90441
2.90441
2.90739
2.90593
2.90781
2.9009
2.91127
2.91127
2.90562
2.90322
2.90196
2.89819
2.90113
2.90319
2.90319
2.90259
2.90562
2.89693
2.90719
2.90279
2.89817
2.90174
2.89317
2.89317
2.8982
2.89943
2.89755
2.89755
2.89211
2.89631
2.89243
2.89694
2.89694
2.8899
2.8899
2.89126
2.90281
2.90081
2.88897
2.8984
2.8984
2.90051
2.89529
2.89538
2.89495
2.88752
2.88752
2.89528
2.89571
2.89936
2.89832
2.89747
2.89747
2.89654
2.88481
2.89509
2.89383
2.89215
2.89194
2.89834
2.89174
2.89089
2.89151
2.89191
2.89664
2.88814
2.90011
2.89271
2.89271
2.89248
2.89248
2.88756
2.89322
2.89437
2.89238
2.88807
2.89572
2.89248
2.89248
2.89124
2.88444
2.89282
2.88893
2.89127
2.88706
2.89113
2.89113
2.88727
2.89262
2.8929
2.89032
2.89044
2.87964
2.88483
2.89147
2.88582
2.88582
2.89137
2.89295
2.88896
2.89555
2.88874
2.89052
2.88468
2.8891
2.88418
2.887
2.8898
2.88848
2.88848
2.88678
2.88476
2.89114
2.88395
2.88613
2.88273
2.8891
2.88125
2.8806
2.8853
2.88647
2.88365
2.8801
2.8801
2.88376
2.88491
2.89223
2.8867
2.8801
2.8801
2.88048
2.88136
2.87613
2.87612
2.88679
2.88082
2.88082
2.88296
2.87991
2.88365
2.88063
2.88811
2.88117
2.88117
2.87372
2.87655
2.88007
2.87678
2.87449
2.87113
2.87689
2.87983
2.87983
2.87491
2.88262
2.88037
2.8764
2.87938
2.87216
2.87155
2.8719
2.86765
2.86765
2.87262
2.87762
2.8751
2.8751
2.87552
2.87124
2.86788
2.87342
2.8725
2.86938
2.87239
2.86288
2.86895
2.87491
2.87491
2.87159
2.87159
2.87311
2.86907
2.86991
2.87453
2.87376
2.86241
2.86853
2.8654
2.8684
2.86546
2.8669
2.85945
2.86384
2.86161
2.86161
2.85614
2.86631
2.8615
2.86751
2.86732
2.86245
2.86245
2.8696
2.86792
2.86419
2.86816
2.87231
2.8714
2.8714
2.87633
2.87332
2.86527
2.87098
2.86821
2.86821
2.86575
2.87033
2.86527
2.87836
2.86978
2.86425
2.86425
2.86269
2.85559
2.86479
2.86359
2.86083
2.86094
2.86064
2.86876
2.86526
2.86683
2.86587
2.86226
2.86226
2.85697
2.85638
2.86335
2.86424
2.85823
2.85938
2.85938
2.85812
2.86515
2.86418
2.86496
2.86221
2.86221
2.86447
2.8628
2.8628
2.8628
2.86856
2.86856
2.8559
2.86424
2.86215
2.85816
2.85241
2.8595
2.8595
2.85901
2.86003
2.85799
2.86268
2.85612
2.864
2.86496
2.8569
2.86191
2.85541
2.86069
2.86153
2.85492
2.86123
2.84901
2.85986
2.85613
2.86208
2.85479
2.86316
2.85726
2.84302
2.8608
2.86376
2.86376
2.85311
2.8359
2.77124
2.71541
2.60658
2.46474
2.3141
2.12947
1.90076
1.90076
1.70882
1.30948
1.16574
0.921295
0.73257
0.650223
0.635812
0.607286
0.575602
0.551024
0.551024
0.540936
0.518929
0.457039
0.447204
0.436331
0.436331
0.412147
0.41503
0.41503
0.398011
0.392095
0.365547
0.365547
0.356733
0.340813
0.323839
0.304939
0.303826
0.303826
0.302413
0.297574
0.28793
0.285242
0.279052
0.27808
0.272046
0.277373
0.275547
0.259716
0.264571
0.261807
0.247037
0.248085
0.239705
0.258261
0.258261
0.251454
0.265652
0.265652
0.244499
0.249094
0.250815
0.243378
0.243378
0.244799
0.243723
0.243113
0.243449
0.238456
0.239564
0.245171
0.245988
0.23538
0.227537
0.240006
0.240006
0.225407
0.23649
0.23649
0.223683
0.234977
0.22622
0.23021
0.230304
0.230304
0.221471
0.227264
0.230712
0.230712
0.228138
0.226044
0.2227
0.226449
0.226449
0.228952
0.221102
0.221102
0.223635
0.229862
0.216581
0.228843
0.228843
0.224655
0.228368
0.229827
0.2233
0.226714
0.226714
0.219411
0.227048
0.228069
0.220366
0.22573
0.214234
0.214234
0.217952
0.222317
0.224785
0.218674
0.212298
0.213247
0.217824
0.215415
0.213726
0.222209
0.223265
0.216699
0.218425
0.213798
0.219815
0.224586
0.217105
0.216295
0.216295
0.212808
0.222793
0.216329
0.209424
0.2096
0.203536
0.203536
0.219275
0.209829
0.213282
0.216099
0.216099
0.217775
0.212729
0.208032
0.210713
0.218877
0.215343
0.210093
0.202377
0.203435
0.212226
0.21182
0.204842
0.204842
0.204877
0.203414
0.213074
0.211168
0.196466
0.199993
0.194369
0.199623
0.203345
0.200983
0.201102
0.194268
0.207869
0.204011
0.203644
0.197793
0.199422
0.193342
0.193342
0.193342
0.201549
0.207168
0.201583
0.19923
0.19923
0.19923
0.195809
0.189583
0.185986
0.19235
0.191647
0.191647
0.198426
0.187683
0.190776
0.184657
0.197467
0.195141
0.198897
0.200556
0.197168
0.189153
0.190315
0.20302
0.195965
0.187617
0.190182
0.193641
0.188084
0.193939
0.199788
0.186353
0.198759
0.194968
0.187388
0.195405
0.189746
0.189746
0.190012
0.19663
0.189083
0.189083
0.181127
0.183822
0.183594
0.191476
0.185488
0.186653
0.191442
0.188349
0.193139
0.180028
0.184956
0.177897
0.192245
0.182457
0.183124
0.190647
0.179102
0.180062
0.180062
0.191376
0.173169
0.191181
0.18349
0.154463
0.151586
0.155393
0.159799
0.154325
0.157161
0.155261
0.148015
0.148015
0.148851
0.154291
0.156793
0.145243
0.157095
0.144451
0.144451
0.160531
0.146279
0.143204
0.156361
0.151026
0.151026
0.14384
0.154992
0.154992
0.14902
0.14902
0.148516
0.148516
0.147283
0.144541
0.144541
0.144509
0.156793
0.156793
0.143106
0.146679
0.1407
0.1407
0.155693
0.137958
0.141735
0.148015
0.145712
0.148817
0.146679
0.151424
0.144541
0.151888
0.138593
0.14384
0.14972
0.153891
0.153891
0.155097
0.148449
0.151789
0.141368
0.134178
0.146611
0.146611
0.14658
0.144207
0.149322
0.148081
0.144975
0.144975
0.149151
0.139846
0.149989
0.149688
0.152323
0.152323
0.152323
0.143138
0.150053
0.139696
0.143572
0.142003
0.142003
0.147649
0.139535
0.159736
0.159736
0.147919
0.142406
0.157864
0.142677
0.152123
0.146779
0.142772
0.144477
0.145243
0.145243
0.139729
0.140302
0.13856
0.13856
0.145678
0.139997
0.139997
0.140605
0.140637
0.138292
0.13097
