0.122357
0.11941
0.112398
0.11907
0.116006
0.129336
0.119377
0.110717
0.110844
0.115355
0.117364
0.112407
0.115355
0.112568
0.115981
0.1107
0.116159
0.112746
0.124214
0.114156
0.108849
0.113943
0.117535
0.115676
0.108518
0.107616
0.114113
0.110556
0.113952
0.121423
0.121423
0.119223
0.121585
0.105273
0.119267
0.115854
0.115214
0.117704
0.120803
0.120776
0.124519
0.12451
0.108698
0.124696
0.109315
0.110358
0.111015
0.10917
0.106962
0.114113
0.115676
0.111031
0.112424
0.115163
0.115658
0.112112
0.123852
0.120803
0.119733
0.119733
0.119427
0.111522
0.11958
0.122167
0.117392
0.119402
0.117704
0.121133
0.120946
0.115612
0.115676
0.11941
0.11941
0.111192
0.110395
0.111192
0.119419
0.117222
0.115998
0.124519
0.115667
0.109137
0.109137
0.121285
0.112245
0.117382
0.115497
0.115981
0.108831
0.106811
0.110565
0.119232
0.110235
0.11052
0.105747
0.114283
0.103717
0.108679
0.118027
0.120633
0.117526
0.108984
0.11599
0.115811
0.115184
0.119079
0.112441
0.112722
0.105755
0.110547
0.110547
0.110691
0.112585
0.113837
0.115667
0.119249
0.10403
0.106069
0.11707
0.110583
0.108498
0.112585
0.112593
0.111892
0.09876
0.107463
0.112415
0.110574
0.119572
0.105103
0.110395
0.105884
0.105884
0.110254
0.107293
0.112746
0.111781
0.117543
0.10699
0.10699
0.12231
0.110556
0.107319
0.1138
0.114445
0.114445
0.107583
0.113818
0.0988958
0.0999588
0.109018
0.103063
0.107276
0.115012
0.115487
0.115515
0.115515
0.107114
0.101847
0.10715
0.105755
0.107285
0.108046
0.102035
0.110405
0.105416
0.107463
0.104199
0.110245
0.0950209
0.110377
0.106468
0.111791
0.113961
0.11498
0.109001
0.107123
0.107123
0.107841
0.107987
0.10013
0.104952
0.103224
0.108813
0.10562
0.105434
0.105434
0.103565
0.103565
0.107141
0.103565
0.112254
0.112254
0.108679
0.111557
0.105442
0.113658
0.110547
0.113467
0.103074
0.108688
0.113668
0.110547
0.105434
0.1107
0.11709
0.105469
0.108849
0.110708
0.101819
0.112045
0.111971
0.106999
0.110225
0.112139
0.109018
0.117543
0.117373
0.112585
0.112236
0.118747
0.114275
0.122357
0.112139
0.114122
0.108849
0.111922
0.110556
0.104792
0.118616
0.118616
0.112254
0.10884
0.108707
0.103698
0.1107
0.113619
0.108377
0.111882
0.10884
0.10884
0.110708
0.117382
0.112433
0.113629
0.11213
0.107141
0.112621
0.115444
0.115444
0.131517
0.170301
0.263341
0.263341
0.557405
0.663005
0.594667
0.413765
0.358096
0.331902
0.354351
0.351727
0.357438
0.363232
0.354858
0.353175
0.344228
0.342099
0.342099
0.347824
0.356992
0.365698
0.358515
0.364421
0.350268
0.348945
0.340582
0.34398
0.34492
0.357082
0.353226
0.353226
0.364069
0.349014
0.346513
0.348635
0.3495
0.3495
0.346784
0.351857
0.351857
0.344273
0.347291
0.345346
0.341928
0.344614
0.359688
0.367639
0.357303
0.34716
0.348614
0.343318
0.338773
0.343562
0.352056
0.346629
0.348148
0.361033
0.361033
0.349103
0.346828
0.345151
0.360942
0.34877
0.346387
0.351157
0.351157
0.340429
0.338706
0.347115
0.34727
0.357791
0.352764
0.352588
0.346672
0.34685
0.343717
0.34204
0.344205
0.340317
0.343118
0.343254
0.340163
0.342062
0.340384
0.34204
0.34204
0.360787
0.413543
0.492644
0.629002
0.707137
0.707137
0.84247
0.965838
0.959233
0.965484
0.960462
0.958966
0.96112
0.952562
0.955701
0.945172
0.939365
0.945627
0.945844
0.948741
0.946047
0.939744
0.932871
0.932428
0.923635
0.937512
0.931148
0.932289
0.938222
0.938446
0.936688
0.924483
0.924483
0.925188
0.917131
0.926757
0.928497
0.932476
0.932476
0.923481
0.922191
0.916795
0.915528
0.925753
0.925017
0.922191
0.917839
0.922551
0.917174
1.06164
1.31203
1.4721
1.70125
1.89899
2.1025
2.38929
2.38929
2.49379
2.51503
2.49188
2.46927
2.463
2.463
2.45525
2.45278
2.45486
2.45486
2.44933
2.43795
2.44567
2.44339
2.43647
2.42528
2.42821
2.43257
2.42428
2.42428
2.41556
2.41756
2.41768
2.41768
2.41184
2.40686
2.41225
2.41078
2.41477
2.41553
2.39638
2.40106
2.39982
2.40551
2.40551
2.40144
2.40032
2.40032
2.40037
2.394
2.38872
2.39371
2.5031
2.58166
2.77723
2.93846
3.04083
3.18265
3.28809
3.28757
3.28605
3.29841
3.29685
3.30161
3.30681
3.30544
3.31056
3.31503
3.32142
3.31537
3.32575
3.33029
3.33754
3.32118
3.3191
3.31688
3.31527
3.30928
3.30947
3.31338
3.30412
3.30841
3.30061
3.30246
3.30246
3.3033
3.30288
3.30765
3.30032
3.30507
3.29852
3.29797
3.30053
3.2925
3.29495
3.29899
3.29899
3.29197
3.28976
3.29
3.29
3.29453
3.2912
3.29303
3.29132
3.2949
3.28805
3.29687
3.29249
3.2939
3.28789
3.28403
3.28483
3.28665
3.28886
3.28596
3.28117
3.28198
3.28349
3.28857
3.29156
3.28705
3.28676
3.28514
3.28921
3.28699
3.28016
3.28412
3.27975
3.28336
3.29103
3.28142
3.27899
3.28571
3.28622
3.28658
3.28736
3.28442
3.28489
3.27957
3.28263
3.2793
3.27614
3.27569
3.26745
3.26909
3.2647
3.26009
3.25487
3.25908
3.25369
3.24927
3.26021
3.25411
3.25664
3.25224
3.25191
3.24884
3.24725
3.2397
3.2397
3.24831
3.24483
3.23875
3.24097
3.24542
3.23611
3.23685
3.23511
3.24937
3.23844
3.23844
3.23315
3.24288
3.23884
3.24559
3.24051
3.23727
3.24152
3.23495
3.23486
3.23905
3.23893
3.23973
3.22825
3.22958
3.22958
3.24275
3.23466
3.23587
3.23455
3.23538
3.23714
3.23704
3.2331
3.23611
3.23515
3.23558
3.22288
3.23683
3.23348
3.23525
3.23085
3.23207
3.23194
3.23146
3.23004
3.22899
3.22899
3.23242
3.23216
3.23408
3.2267
3.22627
3.22627
3.22541
3.22589
3.22989
3.23135
3.22277
3.22277
3.22776
3.22979
3.22761
3.22467
3.22467
3.21683
3.21683
3.22312
3.22312
3.21895
3.22348
3.22715
3.23276
3.22077
3.22479
3.23346
3.21978
3.22764
3.22764
3.2245
3.2245
3.22215
3.21051
3.21632
3.22775
3.22909
3.2163
3.2179
3.21396
3.22682
3.21988
3.21787
3.21621
3.20929
3.21368
3.21368
3.21716
3.21716
3.21906
3.2205
3.21466
3.22015
3.2143
3.21775
3.21511
3.21511
3.22264
3.22335
3.22335
3.22177
3.22177
3.2145
3.21188
3.22063
3.21415
3.22036
3.21557
3.21294
3.21872
3.21179
3.21203
3.21534
3.21736
3.21322
3.21263
3.21932
3.21823
3.22261
3.22407
3.21445
3.21069
3.21625
3.21639
3.21656
3.2218
3.21371
3.22023
3.21508
3.21296
3.21538
3.22261
3.21928
3.21812
3.20966
3.21432
3.22008
3.21835
3.22086
3.21883
3.21902
3.2202
3.21572
3.21251
3.2201
3.21568
3.21607
3.21503
3.21246
3.22477
3.22477
3.21962
3.2156
3.22082
3.22067
3.21187
3.21855
3.21546
3.2097
3.20733
3.21417
3.21579
3.21509
3.21847
3.21708
3.21225
3.21737
3.21676
3.21841
3.21812
3.21595
3.20974
3.21492
3.21209
3.21164
3.20743
3.21233
3.21387
3.21345
3.21624
3.20743
3.21669
3.21158
3.21651
3.21722
3.21267
3.21761
3.21405
3.21436
3.2103
3.21679
3.20746
3.21003
3.2115
3.21008
3.21315
3.21013
3.21192
3.2115
3.20505
3.21141
3.21294
3.21244
3.21244
3.21078
3.2175
3.2175
3.21588
3.21363
3.21088
3.21104
3.21374
3.2156
3.2156
3.21072
3.20422
3.20588
3.20654
3.20577
3.20695
3.20695
3.20024
3.21241
3.21435
3.20759
3.20759
3.21374
3.21554
3.21554
3.21127
3.21512
3.21628
3.21601
3.21042
3.20783
3.2057
3.21025
3.21002
3.20777
3.20849
3.20913
3.20354
3.20972
3.21016
3.2057
3.20844
3.20508
3.21387
3.21009
3.20932
3.20932
3.2062
3.20868
3.21514
3.20789
3.2053
3.20876
3.20707
3.20594
3.20858
3.21722
3.20452
3.20515
3.20515
3.20658
3.20658
3.20321
3.2008
3.19894
3.1995
3.19976
3.19623
3.20272
3.19965
3.20726
3.20701
3.20701
3.20556
3.20556
3.20272
3.21292
3.20463
3.19677
3.20636
3.20527
3.20633
3.20311
3.20601
3.21448
3.21448
3.21267
3.20596
3.20489
3.20663
3.20438
3.20576
3.20877
3.20324
3.19995
3.20333
3.19988
3.19967
3.2086
3.20821
3.20109
3.201
3.20597
3.20399
3.20161
3.20056
3.20893
3.20451
3.2002
3.2015
3.20596
3.20396
3.20636
3.20572
3.20698
3.19958
3.20428
3.20324
3.20464
3.20369
3.2103
3.20825
3.20309
3.20248
3.20442
3.21012
3.20786
3.20679
3.20095
3.19817
3.20063
3.2008
3.2008
3.21047
3.20668
3.20353
3.20072
3.2088
3.20569
3.20569
3.20659
3.2145
3.20515
3.20474
3.20775
3.20033
3.19765
3.19894
3.19995
3.20838
3.20292
3.20574
3.1971
3.20111
3.20652
3.20357
3.20795
3.19649
3.20088
3.20353
3.20069
3.2
3.19967
3.19769
3.20111
3.20329
3.20616
3.20711
3.20041
3.20289
3.20348
3.19755
3.19636
3.19959
3.19321
3.20763
3.20676
3.20283
3.20043
3.20386
3.20639
3.20542
3.19774
3.20126
3.20281
3.20105
3.2
3.20189
3.20181
3.20263
3.20096
3.19403
3.20023
3.19653
3.19052
3.19888
3.19727
3.1942
3.19803
3.19912
3.19761
3.19916
3.19984
3.20089
3.19484
3.19509
3.20004
3.19877
3.19877
3.19218
3.19444
3.20255
3.19843
3.20281
3.20281
3.2059
3.2025
3.20466
3.20466
3.1994
3.20609
3.18992
3.19833
3.19548
3.19293
3.19795
3.19709
3.1971
3.1971
3.20203
3.20215
3.19976
3.19976
3.19688
3.20113
3.19881
3.1987
3.19375
3.205
3.20228
3.20066
3.20395
3.20207
3.19821
3.19675
3.20303
3.19207
3.20182
3.19707
3.20467
3.19794
3.19927
3.20348
3.20193
3.19784
3.20047
3.20166
3.19975
3.20574
3.19829
3.19555
3.19989
3.19162
3.1984
3.19366
3.20408
3.19642
3.19749
3.20202
3.19575
3.1995
3.19617
3.19895
3.20635
3.20008
3.19632
3.19534
3.19923
3.19923
3.1949
3.1962
3.1962
3.19273
3.18963
3.19699
3.20101
3.19664
3.19387
3.19916
3.20148
3.20176
3.19626
3.20062
3.19572
3.19702
3.19766
3.19151
3.19151
3.19642
3.19204
3.19295
3.18952
3.19332
3.18876
3.19536
3.19989
3.1925
3.19528
3.18627
3.19329
3.19414
3.19356
3.1899
3.18927
3.19872
3.19939
3.19693
3.19146
3.19714
3.19784
3.19534
3.19466
3.19879
3.19082
3.19419
3.19742
3.19502
3.19502
3.19778
3.1975
3.19481
3.19059
3.18674
3.18528
3.19079
3.19671
3.19468
3.19289
3.19323
3.1883
3.19289
3.19705
3.1933
3.19692
3.18579
3.19344
3.19705
3.19312
3.18435
3.1946
3.19339
3.19245
3.19363
3.1976
3.19417
3.18976
3.19442
3.19212
3.19212
3.19358
3.19236
3.19279
3.18846
3.1846
3.18976
3.18881
3.18881
3.18146
3.18218
3.18613
3.19357
3.19224
3.19224
3.19469
3.1916
3.1868
3.18895
3.1923
3.1923
3.18834
3.18834
3.19275
3.18134
3.19421
3.18366
3.18326
3.19479
3.19133
3.19588
3.1858
3.18533
3.1886
3.18452
3.18824
3.18629
3.19517
3.19517
3.18398
3.19323
3.18929
3.19419
3.18913
3.1864
3.18727
3.18188
3.18188
3.18376
3.18379
3.18944
3.18546
3.19383
3.19323
3.18977
3.18824
3.18318
3.18531
3.18942
3.18436
3.18691
3.18498
3.18606
3.18808
3.18812
3.18533
3.18761
3.1919
3.18832
3.18556
3.17847
3.18233
3.17993
3.18511
3.17944
3.17523
3.18669
3.18041
3.18703
3.18928
3.18351
3.17955
3.18555
3.18217
3.18123
3.17778
3.18149
3.18593
3.18485
3.17779
3.188
3.18326
3.18364
3.18942
3.18353
3.18967
3.18967
3.18699
3.18397
3.18397
3.18632
3.19112
3.18787
3.18979
3.18497
3.18342
3.18835
3.18255
3.18619
3.18427
3.1886
3.19027
3.18762
3.18774
3.18535
3.18786
3.18353
3.18353
3.19109
3.19181
3.18833
3.18675
3.18212
3.18714
3.18773
3.18197
3.1821
3.18452
3.18452
3.1798
3.18691
3.1803
3.1803
3.18039
3.1821
3.17828
3.1864
3.18674
3.18004
3.18045
3.17914
3.18212
3.1776
3.17487
3.17731
3.18334
3.18292
3.19012
3.19294
3.18974
3.19017
3.1829
3.18437
3.18626
3.18626
3.18499
3.1796
3.18727
3.1797
3.18575
3.18967
3.18473
3.1857
3.18378
3.19204
3.19204
3.18944
3.18897
3.18475
3.18786
3.17453
3.17506
3.18149
3.17821
3.18227
3.17401
3.17874
3.18976
3.18033
3.18161
3.18161
3.18216
3.17759
3.17515
3.17871
3.18235
3.18019
3.18222
3.17657
3.18044
3.18043
3.17862
3.18069
3.17858
3.17296
3.17128
3.17468
3.18318
3.18217
3.18103
3.18353
3.18331
3.18331
3.18406
3.18381
3.18117
3.1845
3.18057
3.18562
3.18366
3.18366
3.18379
3.18297
3.17912
3.18537
3.17697
3.17697
3.18141
3.18295
3.18559
3.18488
3.18745
3.18353
3.18054
3.17657
3.17687
3.17817
3.18079
3.17992
3.17526
3.17265
3.18562
3.17681
3.17681
3.18414
3.18346
3.1807
3.18716
3.17537
3.17995
3.18033
3.18274
3.18153
3.18153
3.18897
3.17382
3.18203
3.1821
3.1756
3.17998
3.18235
3.18032
3.1796
3.18342
3.17992
3.17552
3.18214
3.18705
3.18705
3.18236
3.1777
3.17865
3.17972
3.18489
3.18127
3.17336
3.17311
3.19097
3.1756
3.17739
3.18452
3.18244
3.19047
3.18242
3.18917
3.18917
3.19187
3.18467
3.19151
3.18839
3.1952
3.18629
3.20161
3.19291
3.18452
3.1904
3.18716
3.19065
3.19072
3.18478
3.19714
3.19038
3.19197
3.18864
3.18593
3.18741
3.19204
3.19155
3.1984
3.19107
3.19993
3.18987
3.18981
3.18981
3.19448
3.19554
3.1998
3.19589
3.19589
3.18848
3.18987
3.18987
3.18892
3.18601
3.18774
3.19791
3.19791
3.18512
3.19171
3.19171
3.19817
3.18905
3.19303
3.04838
3.04838
2.52432
1.98823
1.52648
1.07448
0.655672
0.407862
0.311226
0.311226
0.283205
0.283753
0.264114
0.269006
0.258749
0.258749
0.262125
0.249807
0.251163
0.250487
0.251185
0.247642
0.250509
0.240405
0.238712
0.245471
0.244787
0.243784
0.24244
0.233333
0.231989
0.231656
0.236371
0.23049
0.238083
0.23183
0.230473
0.231998
0.23487
0.21831
0.222416
0.219859
0.231859
0.222555
0.210572
0.217165
0.2089
0.205692
0.20094
0.198625
0.190139
0.185059
0.195055
0.188924
0.186593
0.188935
0.176239
0.185226
0.180119
0.188261
0.178111
0.177812
0.183376
0.173663
0.173006
0.173502
0.174417
0.176582
0.182581
0.170999
0.176737
0.17318
0.169968
0.171153
0.169148
0.174737
0.169476
0.167931
0.169469
0.177652
0.177652
0.173026
0.177492
0.167798
0.166405
0.164718
0.161899
0.169629
0.163645
0.157918
0.17475
0.166423
0.164067
0.163006
0.160494
0.167777
0.159754
0.152952
0.15976
0.159281
0.165025
0.16284
0.15992
0.166547
0.166092
0.160661
0.166251
0.166251
0.174921
0.164082
0.156524
0.156524
0.15281
0.164724
0.159936
0.161466
0.162542
0.157587
0.152644
0.152333
0.151599
0.154345
0.165919
0.157906
0.158071
0.157924
0.15881
0.154358
0.164565
0.150315
0.152833
0.157747
0.152644
0.150639
0.152644
0.154358
0.154358
0.150611
0.147407
0.154352
0.149089
0.156059
0.155138
0.154193
0.152651
0.150974
0.154499
0.140118
0.148951
0.148786
0.158071
0.149096
0.149096
0.152167
0.149266
0.14754
0.152985
0.150777
0.145102
0.152681
0.152773
0.15141
0.142591
0.142591
0.1559
0.14926
0.157428
0.156065
0.150764
0.152632
0.148923
0.148923
0.146912
0.145837
0.154528
0.147236
0.154193
0.152985
0.15823
0.160987
0.156052
0.149266
0.149266
0.145527
0.151256
0.15081
0.155425
0.148613
0.14943
0.145685
0.152657
0.148944
0.15637
0.151294
0.145679
0.150804
0.150804
0.143996
0.154358
0.149278
0.152963
0.145837
0.15544
0.155576
0.148937
0.146008
0.15793
0.150646
0.149418
0.158998
0.152974
0.157772
0.155409
0.155275
0.161034
0.152644
0.152333
0.149272
0.147243
0.154522
0.154364
0.145862
0.15234
0.154352
0.149576
0.15112
0.15112
0.144781
0.148644
0.148644
0.142767
0.154517
0.139968
0.147085
0.143845
0.152498
0.156694
0.149418
0.144148
0.151102
