-0.160499
-0.0330493
-0.0166237
0.00445839
-0.00701835
0.00178793
-0.00430068
-0.000196403
-0.000964165
0.00502791
0.000166377
0.0049889
-0.00201289
-0.0057978
-0.00586622
8.27595e-05
0.0129152
-0.0103784
0.00604281
-0.00479122
0.00282185
0.00151663
0.00483508
-0.00516661
0.00066577
0.000441352
0.00706461
-0.010987
0.00539373
0.00273395
-0.00729189
-0.00559647
0.00324376
0.00271474
-0.000554535
-0.00108753
0.00989926
-0.00011269
-0.00546157
-0.00454799
-0.00425116
0.00586929
0.00298408
-0.00103216
-0.00747397
0.000968456
0.0071981
-0.000525822
-0.00755471
-0.000266137
0.0136204
-0.00332583
-0.00466342
0.000557393
-0.00483912
0.00542886
0.00536208
-0.0101248
0.00190705
-0.00239262
0.00449196
-0.0103969
0.010242
0.000947215
-0.000446042
0.00127763
-0.00190118
0.00212714
-0.000379374
0.00120814
0.00965272
-0.00758627
-0.000211254
-0.00135338
0.00759568
0.0038778
-0.00619744
-0.0124393
-0.00264286
0.00519977
-0.00373691
0.00388729
0.00495422
-0.00231671
-0.00626321
-0.00622697
0.0103325
-0.00676516
-0.00374624
0.000353021
0.00340447
-0.00440004
0.0101369
-0.0086372
-0.00135909
0.00434065
0.00838047
-0.0141609
-0.000348593
0.0061682
0.000770739
0.00216845
0.00547727
-0.00448254
-0.00615539
-0.00580314
0.00279769
0.00637061
-0.00198541
0.0054448
-0.00510128
0.00224385
0.00125803
-0.00189511
0.00518445
0.000933426
-0.00210524
0.00291107
-0.0121499
0.00785523
-0.00118368
0.00534861
0.00305552
-0.00423775
0.00481281
-0.00939532
0.000220935
0.00118995
-0.00148172
0.00270067
0.00656906
0.00452507
-0.0111977
0.00355775
0.000981439
-0.000968807
0.00346248
0.000978081
-0.00433884
-0.0120409
0.00783249
0.00133424
0.00882651
-0.00690978
-0.00270003
0.00586784
-0.000986703
-0.00371688
0.00392569
0.00111607
-0.00303792
0.00251701
-0.00636651
0.00557811
-0.00562267
0.00311556
-0.00302942
-0.00558687
0.0073686
-0.00316509
0.00183974
0.00368224
0.000426246
-0.000315322
-0.00578426
0.000206759
0.00270702
0.00628467
0.00223448
-0.00429171
0.000547579
-0.00895193
0.0024678
0.00895272
-0.00931932
0.000566343
-0.00156814
0.00429253
-0.00335162
-0.00321343
0.0119935
-0.00227634
-0.00544864
0.00471202
-0.000501929
0.0103468
-0.0135806
-0.00163031
1.94316e-05
0.00795365
-0.00161352
-0.00561017
-0.0033973
0.00818183
-0.00304876
0.00622184
-0.00455865
0.00137506
0.00322601
-0.00161878
0.00228319
-0.00529184
0.00103989
-0.00618599
0.00407957
0.00442174
-0.00238973
0.00785724
-0.0111654
0.00469648
0.000340334
-0.00465844
0.00132797
-0.00065194
0.00171767
-0.00276781
-0.000676194
-0.00177316
0.00615181
0.00235348
0.00636188
-0.00469999
-0.00207123
-0.00396723
0.00466611
-0.000313887
0.00141451
-0.00579965
-0.000691504
-0.00224549
-0.00510705
0.00763658
-0.00761836
0.00211316
0.00495546
-0.00482384
-0.00131255
0.0105687
0.00292532
0.000121675
-0.00614696
-0.00573304
-0.00446458
0.00330757
0.0136182
-0.000676849
-0.0171879
-0.00183371
0.00679635
-0.00632332
0.00280104
0.0102175
-0.00077491
-0.00153225
0.00177936
-0.00175984
-0.00474333
0.00460186
0.00592986
-0.00698851
0.00169186
0.0053234
-0.00779963
-0.00059852
0.00593448
-0.00325192
-0.000777396
-0.000185842
-4.44269e-05
-0.00410513
-9.79697e-05
0.0130912
-0.00057572
0.00184848
-0.00513497
-0.00407115
0.00687202
-0.01451
-0.00505347
-0.00200804
0.0117154
0.00242188
-0.000400051
-0.00127576
-0.0101156
0.00801054
-0.00733113
-0.00399506
0.00300794
0.00731551
0.00470572
-0.00521766
0.00157829
-0.00420002
0.00607061
0.00228402
-0.00760134
-0.00121024
0.00417505
-0.00717171
0.00620767
-0.00308639
-0.00168166
0.00338594
-0.00469026
-0.00271284
-0.00171041
-0.00785528
0.0116998
-0.00854172
0.00705763
0.000359301
0.000593897
0.00210967
-0.00561564
0.00417967
-0.000120386
-0.00813508
0.00512976
0.00115301
0.00303112
0.0062044
-0.000420595
0.00647924
-0.00646085
-0.00357855
0.00152034
-0.0106017
0.00516233
0.00148625
-0.000715785
-0.00359139
-0.0015297
0.00401955
0.0100608
-0.0121976
0.0109591
-0.000599841
0.00505323
0.000530946
-0.0156824
0.00403207
0.00584646
0.00533075
-0.00776386
-0.00109931
0.00490639
0.00238857
0.000225596
-0.000203207
-0.00625967
0.00399626
0.0053269
0.0035172
-0.00660442
-0.00360531
0.00900275
-0.00900012
-0.00468375
0.00744219
-0.00449946
-0.000152652
-0.00774487
0.00381251
0.00081408
-0.00967928
0.0046019
0.0135597
-0.00145897
-0.00840249
0.00401893
-0.0142213
0.00198264
0.00364891
0.00377301
0.00729132
0.00796189
-0.012056
-0.0013253
-0.00451119
-0.00283812
0.010283
0.00666524
-0.00638228
0.0058028
-0.0148883
0.00712517
0.00825988
-0.00246554
-0.00987338
0.00791568
0.0037017
-0.00478731
0.0013678
0.00370764
-0.00681532
0.0114327
0.00128685
-0.00844699
0.000904021
-0.00475411
0.000924477
0.00181749
0.00117468
-0.00217881
0.00689829
-0.00615
0.00213672
-0.0113545
-0.00112011
0.00731823
-0.00486926
-0.000884401
0.00416416
-0.00244697
-0.00654918
0.00729073
0.0016352
-9.86461e-05
0.0100002
-0.00596556
-0.000174278
0.00535075
-0.00906184
0.00481313
-0.0122642
-0.00308709
0.0150161
-0.00643772
-0.00345798
0.00365633
0.000828197
0.00057845
-0.00685933
-0.00646342
0.0119514
-0.000940418
-0.00459402
0.00737214
-0.00767521
0.00129405
0.0153851
-0.0061013
-0.013422
0.00045497
-4.2915e-07
0.00427323
0.00198835
-0.00463812
0.00066326
-0.00388479
0.0122769
-0.0109637
0.0104872
-0.011077
0.00845424
0.00186484
0.0049029
-0.00338075
-0.0107519
0.00568885
0.00809561
-0.00610558
0.000464307
-0.0027249
-0.000701662
-0.00355774
0.00694262
-0.00515805
0.00274234
-0.0054412
-0.000756916
0.0079487
0.00130207
0.00177934
0.015711
-0.0132863
0.00377212
-0.00208466
0.00261679
-0.00798219
0.00163177
-0.00252919
0.0046246
-0.0168834
0.016918
-0.00247504
0.00798753
-0.000710741
0.000827498
-0.0109793
-0.00511083
0.00496198
-0.0010755
-0.00166268
0.00396629
0.00918454
-0.00957184
-0.00307631
0.0118398
-0.00751086
0.00157939
-0.0069685
-0.00350897
0.0116325
0.0044042
-0.0034412
0.00153542
-0.0180279
0.00983297
0.00068175
0.00530442
-0.00170479
-0.00530469
-0.000759655
0.00472789
0.00013995
-0.00315645
0.00407181
-0.00474143
-0.0034408
0.0177366
-0.00690852
-0.00726352
0.000821893
0.00605062
0.00187626
0.00866354
-0.00474663
0.000452988
-0.00920357
0.00735125
0.00332548
0.000182194
0.00084867
-0.000157215
-0.00700133
0.000899512
0.00567475
-0.00139821
-0.00576508
-0.0129998
0.000496163
-0.00399973
0.00750914
0.00124377
0.00330866
0.00379397
-0.0170318
0.0095976
0.00578789
-0.000331733
-0.00732952
-0.00616516
0.00244016
0.00524076
0.00210596
0.00975539
0.00396961
-0.000259579
-0.00501678
-0.0152678
0.00945221
-0.00234468
-0.00591426
0.00602628
-0.000876826
0.00158771
-0.00775639
0.00220948
-0.00036612
0.000431957
-0.00740947
0.00583827
0.00346638
0.000483077
0.00308628
0.00268786
-0.00865031
0.00898359
-0.00637937
0.00889856
-0.0131204
0.00667359
-0.0035597
-0.00156477
-0.00311649
0.00957935
-0.00797344
0.00234339
0.00915809
-0.00377386
-0.00302681
-0.00965364
0.00963845
-0.00368323
0.00774264
-0.0101459
-0.000620372
0.00602934
0.00139565
-0.0040759
-0.00321724
0.00348112
-0.000186141
0.00586838
-0.0009803
0.00139289
-0.000652659
-0.00692889
0.00316153
0.00201166
0.00746407
-0.0037604
0.00164832
0.00733407
-0.00412752
0.00513832
-0.0126941
0.00737795
-0.00113907
-0.00219282
-0.000253871
0.0045373
0.00359701
0.0050525
-0.00458593
0.0022625
-0.012216
0.00528872
-0.00282172
0.00997962
-0.00930444
0.0046531
0.00179205
-0.00187988
-0.0139383
-0.000953844
-0.00181626
-0.00691459
0.00473198
0.0124329
0.00455608
0.010282
-0.0117249
-0.00215201
-0.0091471
0.0031933
8.62192e-05
-0.00348361
-0.00450223
0.00491304
0.0154048
-0.003331
0.00895863
-0.00990505
0.000879384
0.00834763
0.00469339
-0.00966335
-0.00853631
-0.00817831
0.000237838
0.010368
0.00103363
-0.00154558
0.00219759
0.0042541
-0.00327251
-0.00671245
0.00268084
0.0112538
-0.00587749
-0.000509661
0.00343429
-0.0157844
0.000460829
0.00445842
0.00291158
0.00149616
0.00153715
0.00437295
-0.00778061
-0.00145048
-0.00219558
0.00725595
0.00442825
-0.012007
0.00369234
0.0103809
-0.00301284
-0.00757421
-0.00120959
-0.00511814
0.0040745
0.00435169
0.00434901
-0.00253617
-0.00259938
0.00167724
0.000758822
-0.00707466
0.00832082
0.00170531
-0.000200192
-0.00414676
0.00355875
0.000478143
0.00544386
-0.00665963
-0.00685459
0.00119506
-0.00211923
-0.000506618
0.00156873
0.000634048
-0.00398313
-0.00572064
-0.0053781
0.0164447
-0.00026826
-0.00555111
0.0146535
-0.0012275
-0.00414526
-0.00669155
-0.00638949
0.00891591
0.00273264
-0.00486978
0.00397009
-0.00135254
-0.00632953
-0.00149536
0.00407791
0.00254392
-0.00423496
-0.00135821
0.0105427
-0.00659506
-0.0042802
0.00820865
-0.000226179
-0.000679449
0.000389764
-0.00190004
0.00365185
-0.00616154
-0.0033984
0.00388139
-0.000799891
0.00116417
0.00756622
0.00856041
-0.0106227
-0.00320402
-0.00664257
0.00518793
0.00318818
0.00502731
0.0136238
-0.0190502
-0.00971644
0.00280687
0.00655215
0.00177556
-0.00160567
-0.00159193
-0.00413531
0.00534386
-0.00868588
0.000938495
0.00681153
-0.00211497
0.00549998
0.000760823
-0.00459859
-0.000303437
-0.00169027
-0.000738495
-0.00159747
-0.000517865
0.0027721
0.000872765
-0.00122289
0.0017317
0.00926007
-0.00800775
-0.00689204
0.00857281
0.00204939
-0.00968934
-0.00139409
0.00105564
0.00309731
-0.00243976
-0.00794165
-0.000212434
0.0151101
-0.0103286
0.00676638
0.0065814
-0.00182325
-0.0044617
-0.000954477
-0.000156253
-0.00441472
-0.00405102
0.00104416
-0.00683068
0.00854454
-0.0121555
0.0130653
-0.0104541
0.000618405
0.0058583
-0.00251663
0.00228773
0.00544901
0.00242045
-0.00406153
0.00118355
0.00260637
-0.00781426
0.00059987
-0.000551464
-4.52116e-05
-0.000934985
-0.00333688
0.00126363
-0.00248905
0.00320417
0.00347496
-0.00564775
0.00746101
0.0023675
0.00116427
0.000871522
-0.00693618
0.00212889
-0.00705233
-0.000376244
-0.00429971
0.00694181
0.00303479
-0.00924824
0.0147793
-0.00783036
0.00493445
0.00237633
-0.00617171
0.00479792
-0.00558454
-0.00874239
0.00756309
-0.00564753
0.00654739
-0.000365405
-0.00830645
0.00205187
0.00268958
0.0125483
-0.000877682
-0.0105492
0.00421904
-0.000676248
-0.00357732
0.00257437
-0.00102943
-0.00161105
0.0128466
0.00205496
-0.0130707
0.00184323
-0.000403735
-0.000826167
0.000560667
0.00596118
-0.00248702
-0.00870916
0.00861819
0.00211229
-0.000677031
-0.00178259
-0.00444305
0.00120139
0.00446239
-0.00607322
0.000607564
-0.00347537
0.00281754
-0.00339419
-0.00593424
0.0141289
-0.00517512
0.00708331
-0.00362768
-0.00810662
0.00272031
-0.00403011
-0.00288647
-0.00679939
0.0115762
0.00210042
0.00554852
-0.00617477
0.00205208
-0.00809805
0.000414252
-0.00457521
0.00563624
7.87826e-05
0.00569614
0.0105565
-0.00902223
-0.00895336
0.00601164
-0.000239745
-0.00225343
0.00286701
0.0156282
-0.00562133
0.00320029
-0.008951
-0.0021398
0.00148708
-0.00544779
0.00892162
-0.00955279
0.00189699
3.82722e-05
-0.00246345
-0.00231645
0.00537106
-0.00590645
0.0148934
-0.0029617
-0.0105777
0.0049512
0.000619199
0.0019091
-0.00614409
0.00282354
-0.00452693
-0.00558683
-0.004972
0.000555548
0.00504522
0.00146158
-0.000336392
-0.000333382
0.00653068
-0.000804155
0.00144722
-0.000427503
-0.0064227
0.0112314
-0.00970619
-0.00506778
0.0137593
0.00470481
0.00112472
-0.0113311
-0.000563269
0.00109952
0.00654051
-0.00127204
-0.0146044
0.00340891
-0.00047407
0.00524047
0.00730836
7.30501e-05
-0.0139484
0.00185345
-0.000362364
-0.00125413
0.00332274
0.00282069
0.00251614
0.00323271
-0.0085888
-0.000600966
0.00624571
-0.00595226
0.00378207
0.00348427
0.00676334
0.00491125
-0.00295548
-0.00775642
0.00748728
0.00858027
0.00237545
0.00214166
0.000675976
0.000864537
0.015781
0.00349585
0.000861841
0.00312121
0.0114736
0.0209524
0.0242854
0.0221264
0.0453018
0.0506394
0.0577438
0.0765916
0.07715
0.0906819
0.121959
0.0928997
0.323757
0.197071
0.158832
0.151426
0.0967956
0.0231397
-0.129951
-0.602666
-0.305
-0.179526
-0.0977114
-0.0213886
-0.00636065
0.013861
-0.00338496
0.00859719
-0.000450349
0.00199397
-0.00164504
0.0198077
-0.0105442
-0.00114899
0.00729287
-0.0183168
0.00691683
0.00843121
-0.0114172
0.0106163
-0.00472436
0.0138026
-0.00573655
-0.00681646
-0.00562439
0.0102495
0.00362702
-0.00128475
-0.00122167
-0.0112827
0.00886321
0.000647992
-0.00207306
0.00748736
-0.00639202
0.00398953
0.00147037
-0.00505564
0.00315198
-0.003786
0.00178589
6.44597e-05
-0.00577925
-0.0129143
0.00712454
-0.0038799
0.011834
-5.30719e-05
-0.0021723
-0.0122936
0.013237
-0.00438769
0.00830387
-0.0130168
0.00853047
-0.00354282
-0.00155231
0.00260313
0.00511875
-0.00438526
0.00842146
-0.00884903
0.00735981
0.00500576
-0.0121867
0.00368229
-0.00663944
0.00830811
-0.0095664
0.00436353
0.00590628
-0.00680483
0.00124736
-0.00941864
-0.00422796
0.00812095
0.00480609
-0.00147869
0.0592735
0.0827578
0.117166
0.147116
0.150068
0.0120554
-0.0172252
-0.0178149
-0.00556237
-0.00513317
-0.00836973
-0.00748284
-0.00913313
-0.00115037
-0.00906198
0.00624863
-0.011013
-0.00550694
0.00500769
0.00194006
-0.00140954
0.000290477
-0.00212308
-0.00857654
0.00200485
-0.0108777
0.00439255
0.00169837
0.00053699
-0.00719987
-0.00250772
0.00209865
-0.00172498
0.00525669
-0.0088309
0.0114765
-0.000874151
-0.00963389
-0.00341666
-0.00203246
0.000889124
0.00904815
0.000424612
-0.00716659
0.240762
0.287185
0.160129
0.214087
0.21809
0.0748832
-0.0776964
-0.0646259
-0.0530444
-0.0410473
-0.0257888
-0.0164
-0.0112067
-0.0174092
-0.0257112
-0.00566838
-0.0209962
-0.00811715
-0.0123841
-0.0113004
-0.00375696
-0.00301884
-0.0031822
-0.00974452
-0.00577093
-0.0113997
0.0150818
-0.0156048
-0.000741543
-0.0115155
-0.012212
-0.00523473
-0.00592937
-0.00233218
-0.00924321
-0.000660894
0.00338914
-0.00404171
0.00365172
-0.0160141
-0.00914903
0.00991551
-0.00946379
0.00351155
-0.010292
-0.00665119
0.00346155
-0.00867298
-0.000795391
0.00641975
-0.00649943
-0.00589575
-0.336671
-0.224999
-0.218068
-0.211575
-0.102207
-0.0530769
-0.0489643
-0.00627562
-0.0100371
0.024178
-0.00921338
0.0107146
-0.00931518
0.0141514
0.00651984
-0.0048692
-0.0113713
0.0091528
-0.000230833
-0.00741495
0.00568431
-0.00222704
-0.00725645
-0.000316516
0.00982153
0.00283688
0.00583991
-0.00285879
-0.00716842
0.00632615
-0.00495845
-0.00382382
-0.00265318
0.00330355
-0.00331511
0.00635422
0.00691981
-0.00880983
0.00220931
0.00479038
-0.000804436
-0.00434615
0.00381564
0.013857
-0.00537898
0.000936035
-0.00405241
2.68687e-05
0.00492217
-0.0148208
0.00786278
0.0088369
-0.000774248
-0.00643226
-0.00286031
0.0097563
-0.00267486
-0.000239446
0.00492332
-0.00340491
-0.00696719
-0.00566853
0.0029696
0.00606375
0.00523363
-0.0153468
0.0161653
-0.0107194
-0.00980016
0.00174224
0.0052986
0.00433547
-0.000777137
0.0015847
0.00142949
-0.000503842
0.00506399
0.00547048
-0.00728137
-0.0060446
0.00803133
-0.00346226
0.00351224
-0.00220446
-0.0073863
-0.00185548
0.00639465
-0.00428331
0.00545929
-0.00417775
0.0148869
-0.007554
0.00134969
0.00149153
-0.0108687
-0.00156874
0.00169009
0.00039597
0.0075106
-0.00516913
0.00285354
0.00910965
-0.00551164
0.0016831
-0.00375967
-0.000527255
0.00969496
0.00235595
-0.00184241
-0.0106633
-0.00175709
-0.00129799
-0.00389156
-0.00261122
0.0140718
0.00532971
0.00743862
0.000998619
0.00446529
-0.014753
0.00189049
-0.00961835
-0.00176342
0.00823919
-0.00350099
0.00701238
0.00168073
-0.00598266
-0.00378084
0.00726757
-0.00130363
0.00127488
-0.000441268
0.00730627
-0.00217079
-0.00800604
-0.00444532
0.0105256
0.00172182
-0.00261113
-0.00844334
-0.00151429
0.00109323
0.0015921
0.0028238
0.00581349
-0.0100893
0.0104187
-0.00049958
-0.00240193
0.00566726
-0.00540643
-0.00841869
0.0138323
-0.00844092
-6.33895e-05
-0.00179193
0.00826394
-0.00759572
0.000829197
0.00271072
0.00286098
0.0148946
0.00286487
-0.00538021
-0.00166165
-0.0101002
-0.00139933
0.00724598
0.00177121
0.00153195
-0.00138097
0.00584115
-0.00206343
-0.00342245
-0.00149168
-0.0186146
0.0158154
-0.00414728
-0.00723777
0.00688776
0.00044259
0.00100302
0.00207971
0.0119541
-0.0203167
0.00862441
-0.00642375
-0.000199075
0.00781919
-0.00324816
-0.00856067
-0.00573077
0.0104265
-0.00457097
0.00635906
-0.000908219
-0.0126215
0.00387388
0.00184103
0.0122891
0.00123736
-0.0103842
-0.0116268
0.0081233
0.00604668
0.00725358
-0.00652232
0.00192146
-0.00193709
-0.00106361
-0.00567505
0.00208099
-0.00552055
9.6448e-05
0.00373719
0.00320206
-0.00711775
0.0025155
0.00178017
0.00478956
-0.00324499
0.00795534
0.00292788
0.0084711
-0.021095
0.0118546
-0.00750035
-0.00202932
0.00452355
0.00252004
-0.000586201
-0.00367197
0.00553751
-0.000834605
-0.00052416
-0.00301907
0.00470572
-0.0133233
-0.00258691
0.00384371
0.00746853
0.00685095
0.00485081
-0.00532804
-0.00434149
-0.00817676
-0.00354686
0.0104188
-0.00130733
-0.00735024
0.0101049
-0.00594304
-0.00702055
0.00807754
0.00668653
-0.00069843
-0.00500735
0.00153495
0.00179392
-0.00696765
0.0171501
-0.00918036
-0.0193791
0.0120658
0.000837024
-0.00108872
-0.000319815
0.0136023
-0.00295181
-0.0156107
0.0090814
0.00525106
0.0025846
0.000497337
-0.00181564
-0.00372043
0.00347522
0.000628505
-0.00801939
0.00522384
0.00251574
0.00695371
-0.00126013
