0.0256377
0.0232455
0.0197675
0.0237787
0.0236768
0.0241867
0.0274527
0.0179828
0.0265562
0.0148867
0.0170636
0.0303309
0.0223271
0.0232682
0.0164
0.0247196
0.0241307
0.0255814
0.0221927
0.0298773
0.0198661
0.0213065
0.0285869
0.0303087
0.0207419
0.0255372
0.0261254
0.0169852
0.0242896
0.0149918
0.0171439
0.02124
0.0221927
0.0226255
0.0255928
0.0188255
0.0194689
0.0261254
0.0213515
0.0209209
0.0212731
0.0222927
0.0145584
0.0145584
0.0161563
0.0232682
0.0232682
0.0165871
0.0165871
0.0180972
0.0166099
0.0214673
0.0179604
0.020819
0.0145802
0.0318374
0.0183599
0.0202764
0.0194122
0.0150459
0.0150459
0.0178833
0.00891445
0.0141814
0.0161446
0.0214319
0.0199568
0.0224081
0.0247314
0.0242437
0.0187719
0.025948
0.0207637
0.0151573
0.0151573
0.0151573
0.02268
0.0304444
0.017586
0.0159882
0.0164976
0.0223271
0.0146134
0.0132056
0.0206667
0.0246181
0.0260688
0.0199224
0.0248366
0.0221708
0.0194122
0.0222146
0.0223043
0.010723
0.020819
0.0241642
0.0211645
0.0256952
0.0198661
0.0256152
0.0156339
0.0146694
0.0198999
0.0139959
0.0212731
0.0243017
0.0127177
0.0116764
0.0203537
0.0190154
0.0180395
0.0243017
0.0305261
0.0233844
0.0193565
0.017041
0.028903
0.0328937
0.0203876
0.0232116
0.0145584
0.0146134
0.0161793
0.031098
0.0223271
0.0213515
0.0226472
0.0246181
0.0256952
0.0246969
0.0132279
0.0260802
0.0164215
0.0251054
0.0294466
0.0158604
0.0158604
0.0212731
0.0155007
0.00778732
0.0184705
0.0188472
0.0121859
0.0121859
0.0199568
0.0179828
0.0179828
0.0171208
0.0245959
0.026183
0.0232455
0.0204329
0.0216837
0.0240759
0.018981
0.0274749
0.0249112
0.0246969
0.0288478
0.0223043
0.0265339
0.0140709
0.0284493
0.0172385
0.0207637
0.0280185
0.0260688
0.0212731
0.0260466
0.0320376
0.0135088
0.0236991
0.0212952
0.0252073
0.0179271
0.0274749
0.0193565
0.0232682
0.017396
0.0271235
0.03092
0.0256152
0.0303531
0.0213859
0.0270436
0.0270436
0.0217273
0.0303309
0.0265339
0.0276113
0.0255814
0.0274527
0.0218393
0.0175289
0.0252192
0.0145045
0.0241529
0.0208413
0.0252656
0.0199224
0.0130217
0.0284943
0.0251845
0.0279398
0.025072
0.0256603
0.026777
0.02268
0.0217828
0.0217384
0.0145584
0.026613
0.020376
0.0290394
0.0242208
0.0275537
0.0246969
0.0232116
0.028506
0.0288261
0.0277298
0.0183816
0.0280412
0.0202764
0.0202764
0.0261254
0.0202983
0.0270097
0.0275537
0.0213515
0.0241867
0.0240759
0.0246969
0.0228149
0.0208077
0.0237105
0.0298217
0.0236215
0.0289592
0.0202439
0.0227579
0.0171326
0.0211432
0.0285869
0.0193898
0.0174728
0.0149918
0.0207637
0.0132056
0.0132056
0.0228149
0.0279621
0.031014
0.0192589
0.0241087
0.0232116
0.0271006
0.0236768
0.0236434
0.0246403
0.0233027
0.024563
0.0184705
0.032268
0.0281223
0.0265339
0.0270436
0.0313276
0.0323596
0.0208981
0.0324653
0.0193565
0.0233258
0.0260466
0.0237787
0.018869
0.0193898
0.0270661
0.0206881
0.0260466
0.0256722
0.0222146
0.0207637
0.022702
0.0232116
0.0255928
0.0155007
0.0228149
0.0257536
0.017041
0.017041
0.0228378
0.0280068
0.0323248
0.022248
0.0274971
0.0274971
0.0191959
0.0223728
0.0221927
0.0221927
0.0202224
0.0241867
0.032406
0.032406
0.0271006
0.0199568
0.0241867
0.0246742
0.0289592
0.0257181
0.0298998
0.0240759
0.0270436
0.0174178
0.0253012
0.0260688
0.0183382
0.022702
0.0217605
0.0247196
0.0299797
0.0279067
0.0241307
0.0241307
0.024325
0.0169852
0.0275764
0.0174728
0.024563
0.0269656
0.0183926
0.0270436
0.0172591
0.0207857
0.0169304
0.0270778
0.0294466
0.0290394
0.0236768
0.0328704
0.0180623
0.0207311
0.0231894
0.0290394
0.0252656
0.0218051
0.0245412
0.0241307
0.0213859
0.022702
0.022702
0.0260688
0.0260688
0.0204678
0.0183599
0.0197892
0.0169852
0.0250501
0.0235996
0.0241867
0.0257894
0.0221708
0.0314661
0.0222257
0.0126626
0.0150459
0.0308744
0.0265562
0.0332997
0.0236991
0.0241087
0.0232116
0.027531
0.0227804
0.0207419
0.0252656
0.0286102
0.0228378
0.016443
0.0194122
0.0168767
0.0165309
0.018869
0.0175515
0.0194122
0.0140385
0.017041
0.0251845
0.0246403
0.0252073
0.0217055
0.0170073
0.0190385
0.0198999
0.0194346
0.0199224
0.0175289
0.0262061
0.020819
0.0290982
0.0159664
0.0227579
0.0265339
0.0115915
0.0168767
0.0271235
0.0168554
0.0276935
0.0144204
0.026694
0.039126
0.0151801
0.0246969
0.0131066
0.0126192
0.0179604
0.0184147
0.0233027
0.0189022
0.0160654
0.021329
0.0208413
0.0217828
0.0242437
0.0203537
0.0246742
0.022117
0.0212183
0.0313846
0.0265339
0.0216837
0.0218393
0.0174728
0.0284493
0.0233136
0.0275085
0.0270778
0.0265902
0.0275537
0.0212183
0.018869
0.021251
0.0185621
0.0185621
0.0184368
0.0270661
0.0222703
0.0255928
0.012483
0.0218167
0.02616
0.0156911
0.00784031
0.0126515
0.0181204
0.0140709
0.0199797
0.017851
0.0150679
0.0183926
0.0218738
0.0168767
0.0175289
0.0184931
0.0261027
0.0180972
0.0208981
0.0270436
0.0270212
0.0270212
0.0232116
0.013616
0.0218393
0.0260688
0.0227579
0.0198999
0.0159343
0.0208638
0.0141036
0.0179052
0.0189022
0.0228608
0.0228608
0.0256494
0.0212731
0.0209791
0.0145802
0.0160654
0.0230803
0.0230803
0.0285869
0.0151459
0.0189245
0.0132056
0.022702
0.0159664
0.0197354
0.0204678
0.013773
0.0223271
0.0289592
0.026613
0.0232116
0.0180972
0.0155007
0.0242896
0.0198661
0.017609
0.0223271
0.0223271
0.0217828
0.0212731
0.0232339
0.0180052
0.0202983
0.0202983
0.0261254
0.0201695
0.0204447
0.0149387
0.0235888
0.0242092
0.0242092
0.0196827
0.0194122
0.0184931
0.0250282
0.0203315
0.0194346
0.0165086
0.0246742
0.0314428
0.026183
0.0241867
0.0193785
0.0193785
0.0256952
0.0256952
0.0214549
0.0174396
0.025072
0.0217828
0.0222927
0.0222927
0.0221708
0.0189583
0.0169852
0.013616
0.021862
0.0160654
0.0168767
0.0199568
0.0241307
0.0198999
0.0246742
0.0199568
0.0240542
0.0208981
0.019844
0.0156113
0.0116982
0.0223728
0.00829596
0.00829596
0.0241867
0.0214439
0.0202439
0.0179381
0.0179381
0.0250832
0.0174728
0.0146356
0.0301584
0.0202224
0.0202224
0.0255593
0.0207857
0.0208638
0.0193565
0.0155334
0.019844
0.0203537
0.0280185
0.0246969
0.0193565
0.0189583
0.0188472
0.0279844
0.0279844
0.0179828
0.0227355
0.0227355
0.0231017
0.0212952
0.0212952
0.0256036
0.0251054
0.0241867
0.0231894
0.0198999
0.0180623
0.0208413
0.0212183
0.0194571
0.0216515
0.0164215
0.0233489
0.0217605
0.0246969
0.0294921
0.020819
0.0146694
0.0151235
0.0197142
0.0203537
0.0255814
0.0222146
0.0187932
0.0266358
0.0346923
0.0236215
0.0236215
0.0283826
0.0286102
0.0309551
0.0251845
0.0251054
0.0231561
0.0236991
0.0250501
0.0194122
0.021251
0.0197892
0.0207857
0.0261254
0.0261254
0.0279844
0.0150679
0.0203315
0.021329
0.0237559
0.0237559
0.0249958
0.0251391
0.0194689
0.0251845
0.0279844
0.0255814
0.0318601
0.0242092
0.0293901
0.0298105
0.0231672
0.0236768
0.0236768
0.0232116
0.0268789
0.0246181
0.0236991
0.02268
0.0290164
0.027531
0.0294125
0.0251845
0.0251845
0.0159343
0.0232116
0.0299568
0.0246181
0.0260911
0.0265902
0.0213859
0.0235458
0.0299568
0.0299568
0.0342051
0.0246742
0.0237559
0.0284718
0.0279844
0.0228149
0.0279621
0.0237332
0.0242666
0.0280412
0.0131066
0.0317471
0.0317471
0.0256152
0.0256152
0.0293787
0.0304097
0.0304097
0.0265562
0.0250501
0.026613
0.024022
0.0198774
0.0251618
0.0207857
0.0347271
0.0194346
0.0275883
0.0275764
0.0222703
0.0312936
0.0217055
0.0244876
0.0243484
0.0269876
0.0238137
0.0150459
0.0148966
0.0188801
0.02216
0.0255261
0.0286102
0.0286102
0.0188472
0.025072
0.0279958
0.0279958
0.0222703
0.0308744
0.0308744
0.0308744
0.0308403
0.0317034
0.0309783
0.0187932
0.028903
0.0241867
0.0251278
0.0227241
0.0185046
0.0246517
0.0246517
0.0204102
0.0226255
0.0271235
0.0214319
0.0251054
0.0222703
0.0222703
0.0227579
0.0227579
0.0207637
0.0184147
0.0174728
0.0174728
0.0174728
0.0208753
0.0189022
0.0232682
0.0283392
0.0257303
0.0257303
0.0212183
0.0279844
0.0208638
0.0145584
0.0256952
0.0256722
0.0232455
0.0146134
0.0217492
0.0164
0.0232116
0.0208413
0.0173109
0.0270212
0.0270212
0.0232682
0.021862
0.0194689
0.0247897
0.0247897
0.0222703
0.0155007
0.0199339
0.022658
0.025072
0.0183926
0.0121318
0.0203315
0.0232116
0.0198999
0.0295861
0.0251278
0.0251278
0.021251
0.0141256
0.010723
0.02268
0.022248
0.0232116
0.026137
0.0154684
0.0122634
0.0149918
0.0222703
0.0194122
0.0254612
0.0254612
0.0208753
0.0217828
0.0227355
0.0255814
0.0212731
0.0218051
0.0164976
0.0149918
0.0146468
0.0185274
0.0179604
0.0179604
0.0197142
0.0284493
0.0213065
0.0204217
0.0180395
0.0154258
0.0154258
0.0120576
0.0232455
0.0232455
0.0217055
0.0207857
0.029515
0.029515
0.0183599
0.0183061
0.0183061
0.0212183
0.0222146
0.0222146
0.0233258
0.0197892
0.021329
0.0221927
0.0222146
0.0107775
0.0265339
0.0267297
0.0145802
0.02124
0.0290164
0.0175174
0.0189583
0.022702
0.0207527
0.0273573
0.0273573
0.0282838
0.042051
0.0304139
0.0446772
0.0542272
0.0488827
0.0597803
0.0785315
0.0761427
0.0761427
0.081383
0.0913823
0.0979849
0.105551
0.102655
0.112274
0.120358
0.123816
0.127207
0.13049
0.132023
0.132023
0.128833
0.128833
0.142734
0.142734
0.133252
0.139459
0.13903
0.124439
0.121472
0.0962986
0.087903
0.0897427
0.0854254
0.0844858
0.0776386
0.0882162
0.0834833
0.0863029
0.0867829
0.0867829
0.0801421
0.0872226
0.0811346
0.0723135
0.0693612
0.0708257
0.0808925
0.0808925
0.0781874
0.0734593
0.0739114
0.0767645
0.0811951
0.0821342
0.0698031
0.0716368
0.0806532
0.0721179
0.0750307
0.0750307
0.0826285
0.0845166
0.0803342
0.0744676
0.0711438
0.0745364
0.0763938
0.0787423
0.075925
0.0739867
0.0763938
0.0739986
0.0730583
0.0683121
0.0683121
0.0759601
0.079801
0.0779363
0.0707561
0.0707561
0.0812214
0.0759963
0.0755147
0.0711677
0.0793301
0.0778623
0.0778623
0.0702272
0.0759601
0.0763718
0.0763938
0.0740451
0.0726593
0.0751079
0.0673712
0.0707561
0.0654918
0.0717323
0.0636451
0.0736356
0.0731538
0.0759963
0.0712249
0.0736119
0.0797643
0.0755899
0.0755899
0.0664901
0.0808022
0.0779119
0.074539
0.074539
0.0739986
0.0737002
0.0793195
0.0883976
0.0816789
0.0812729
0.0841525
0.082655
0.0780432
0.0732432
0.0697929
0.0765154
0.076047
0.0669718
0.0669718
0.0779498
0.0760336
0.0803737
0.0799174
0.0670216
0.0784181
0.0759833
0.0751328
0.0765819
0.0740451
0.0756692
0.0774545
0.0713393
0.0669489
0.0722273
0.0646219
0.0660574
0.0712876
0.0760336
0.068978
0.079357
0.0717454
0.0660815
0.0707793
0.0718216
0.0732293
0.0684438
0.0741041
0.0808441
0.0818912
0.096157
0.0951794
0.0971539
0.0967337
0.0861945
0.0853799
0.0890779
0.0848506
0.0734084
0.0863001
0.0839901
0.0829156
0.0872072
0.0801195
0.0877833
0.0839137
0.0868301
0.0763564
0.0806657
0.0863803
0.0892337
0.0892337
0.0787149
0.0866339
0.0829156
0.0752698
0.0762233
0.0720307
0.0753732
0.0780968
0.076327
0.0743747
0.0743747
0.0843645
0.0797456
0.0795327
0.0787779
0.0749351
0.0777321
0.0768235
0.0749351
0.0749351
0.0819941
0.0805577
0.0758118
0.0758404
0.0829605
0.0771738
0.0771738
0.111005
0.0943006
0.0874286
0.0997481
0.0982797
0.0982797
0.0979155
0.105058
0.107981
0.092673
0.092706
0.0980563
0.0980563
0.0980563
0.0933702
0.0933702
0.0913921
0.094125
0.0932087
0.0909812
0.0962081
0.0909812
0.0945169
0.092925
0.0909812
0.0909812
0.0929411
0.0847626
0.0881068
0.0902378
0.0881068
0.0809669
0.0895265
0.082031
0.0729093
0.0832705
0.0829662
0.0785761
0.07388
0.0827527
0.0772277
0.0738648
0.0747115
0.0742084
0.0679369
0.058963
0.0700314
0.0646558
0.0679542
0.0708656
0.0828574
0.0688919
0.0755336
0.0669509
0.0746607
0.0664666
0.0693765
0.0702492
0.0698125
0.0726393
0.0630903
0.0664666
0.0654814
0.0677805
0.0727366
0.0702027
0.0639522
0.0639966
0.0682198
0.0677805
0.0663263
0.0664498
0.0730137
0.0701539
0.0757803
0.0725265
0.0649196
0.0734523
0.0706538
0.0675812
0.0804982
0.0838529
0.0818611
0.0850766
0.0743314
0.0780968
0.0727472
0.0674904
0.0676069
0.0785257
0.0855195
0.0789275
0.0879701
0.0788619
0.0802223
0.0845949
0.0792958
0.0864333
0.0835439
0.0917318
0.0897534
0.0864465
0.0844702
0.0878397
0.0878397
0.0897162
0.0863963
0.0883098
0.0935048
0.0891763
0.0968737
0.0939617
0.0939617
0.0987215
0.107291
0.103482
0.101089
0.101484
0.101484
0.107252
0.113987
0.114387
0.111514
0.117273
0.118688
0.123839
0.124448
0.117258
0.132324
0.121931
0.125776
0.125776
0.126738
0.135759
0.143586
0.141817
0.147583
0.145225
0.152732
0.14316
0.159289
0.156018
0.165276
0.168332
0.165362
0.166011
0.162064
0.155465
0.163023
0.159681
0.162123
0.158314
0.172046
0.163982
0.165886
0.168558
0.175729
0.174247
0.174247
0.171581
0.151832
0.16127
0.151336
0.149506
0.150483
0.143922
0.147117
0.141966
0.14673
0.147072
0.147072
0.153305
0.150066
0.137713
0.148273
0.142976
0.144885
0.146363
0.141564
0.136721
0.139654
0.138754
0.134034
0.132138
0.141695
0.134856
0.135431
0.137278
0.133054
0.137889
0.132992
0.131737
0.137823
0.139236
0.137326
0.143955
0.131255
0.131564
0.140649
0.12681
0.138371
0.136044
0.136044
0.139718
0.139718
0.135545
0.132526
0.136315
0.13641
0.13641
0.135528
0.137807
0.136362
0.143425
0.140057
0.134949
0.136459
0.130373
0.134581
0.141035
0.138803
0.12827
0.139718
0.13651
0.130259
0.137374
0.132236
0.13217
0.13794
0.13794
0.134066
0.12743
0.129745
0.13217
0.126032
0.126032
0.126531
0.128909
0.132962
0.135495
0.127945
0.1283
0.1283
0.131672
0.136427
0.12457
0.12457
0.131688
0.137807
0.129825
0.133633
0.134564
0.129841
0.130757
0.130211
0.128721
0.129793
0.132557
0.126514
0.134548
0.129295
0.12743
0.12743
0.128363
0.134597
0.129777
0.13922
0.131175
0.129279
0.132338
0.131255
0.136331
0.123093
0.134034
0.127929
0.139252
0.135929
0.134483
0.133649
0.125518
0.133217
0.132557
0.132557
0.126948
0.133039
0.134581
0.127399
0.134981
0.130259
0.130259
0.134082
0.134082
0.12684
0.132122
