0.0134243
0.0154855
0.0134289
0.0141717
0.0152002
0.0153359
0.0149087
0.0176955
0.00914015
0.0144565
0.0162331
0.0154989
0.0141717
0.0185877
0.0186015
0.0163636
0.0176992
0.0160836
0.0149087
0.0172733
0.0147593
0.0199167
0.0171191
0.0157846
0.0126862
0.0157784
0.0162361
0.0162331
0.0141657
0.0157877
0.0157676
0.0169647
0.0141657
0.0157877
0.0181361
0.0162221
0.0144526
0.0190323
0.0147555
0.014441
0.0154822
0.0140265
0.0165321
0.014307
0.014307
0.0137175
0.0135875
0.0159403
0.0141575
0.0148871
0.0131206
0.0188815
0.0180021
0.0141494
0.0138584
0.0168013
0.0135693
0.0191842
0.0191842
0.0193209
0.0156287
0.0152002
0.0181534
0.0135693
0.0154955
0.0139998
0.016799
0.0125316
0.0165159
0.0107832
0.0156383
0.0134243
0.0144645
0.0174042
0.0157877
0.0128167
0.0157877
0.0163662
0.0148975
0.0147339
0.014303
0.0155023
0.0129758
0.0166639
0.0182888
0.0172733
0.0165212
0.0154921
0.0166733
0.0153427
0.0122271
0.0141575
0.0163741
0.0151829
0.0163717
0.0171051
0.0149012
0.0172546
0.0141674
0.0152002
0.0132842
0.0132795
0.0157735
0.0148801
0.0128409
0.0159173
0.0154921
0.0180021
0.0169556
0.0159231
0.0128263
0.0163717
0.016806
0.0160641
0.0194703
0.0148979
0.0135725
0.0153293
0.0157796
0.0166814
0.0114951
0.0181377
0.0191746
0.0159144
0.0150402
0.0154682
0.0148943
0.016225
0.0172546
0.0153359
0.0179916
0.014311
0.0182827
0.0153393
0.0150507
0.0144645
0.0166629
0.0188852
0.0152075
0.0163689
0.012382
0.0135738
0.0141575
0.0141575
0.0134063
0.0150367
0.0127066
0.0172503
0.0168201
0.0152002
0.0153359
0.0147555
0.0160669
0.0142951
0.0156448
0.0153393
0.0160614
0.0185821
0.015326
0.0159231
0.0172685
0.0154992
0.0147442
0.0150656
0.0134243
0.0140265
0.0157909
0.0150507
0.0159311
0.0149087
0.0141717
0.0156318
0.0169671
0.0180059
0.0169772
0.0128308
0.0166733
0.0171167
0.0160777
0.0122587
0.0128161
0.0163858
0.0144372
0.0143151
0.0150435
0.0175742
0.019022
0.014606
0.0155062
0.0166681
0.0132656
0.0205166
0.0150581
0.0175537
0.0160726
0.0187358
0.0187358
0.0120933
0.0178565
0.0153461
0.0150544
0.0151829
0.0122375
0.0171215
0.0165212
0.0166681
0.014303
0.0152002
0.0154855
0.0141657
0.0147593
0.0162361
0.0166707
0.0171191
0.0100361
0.0115156
0.011665
0.0172613
0.0152111
0.0141494
0.0128457
0.0172568
0.019183
0.0174085
0.0169721
0.0126862
0.0135925
0.0152002
0.0165239
0.0129755
0.0147405
0.0176992
0.0181611
0.0123975
0.0156383
0.0150544
0.0171167
0.0187194
0.0182888
0.0173979
0.0169579
0.0159202
0.018133
0.0156383
0.0122534
0.0152038
0.0138772
0.0138598
0.014606
0.0166733
0.015928
0.0154855
0.0141454
0.0134243
0.0169721
0.0165212
0.0172546
0.0141534
0.0156448
0.0188852
0.0163573
0.0137233
0.0186015
0.0156448
0.0157877
0.0197678
0.0141616
0.0138419
0.0177168
0.0152002
0.0166707
0.015635
0.0137101
0.0131253
0.0168201
0.0121094
0.0172709
0.0170985
0.0165159
0.0138669
0.0141616
0.0151796
0.0172639
0.0140137
0.0157942
0.0188865
0.0180003
0.0165185
0.0160777
0.0135738
0.0178606
0.014606
0.0156318
0.0154888
0.0128311
0.0172613
0.0146138
0.0194703
0.0185877
0.0180003
0.0152038
0.0172685
0.0163744
0.0162221
0.0143151
0.0144565
0.0148871
0.0141699
0.013116
0.0157796
0.0122587
0.0165212
0.0139998
0.0170985
0.0169533
0.0185835
0.0126912
0.0150438
0.0150367
0.0132795
0.0132842
0.014311
0.0138669
0.0150473
0.0141534
0.0140137
0.0160669
0.0179882
0.0129711
0.0144645
0.0113603
0.0163717
0.0163662
0.0144565
0.0141534
0.0149049
0.0156415
0.0132611
0.0138501
0.014606
0.0160698
0.0154822
0.0184324
0.014307
0.0106251
0.0125469
0.0175537
0.0147412
0.0154682
0.0156209
0.015019
0.0132748
0.0165133
0.0119492
0.0146021
0.0140163
0.0144605
0.0160726
0.0117997
0.0128215
0.0147593
0.0154713
0.0160698
0.0160698
0.0129854
0.012088
0.0157784
0.0171097
0.012667
0.0159231
0.0153326
0.0182857
0.0174042
0.0118201
0.0156318
0.0151967
0.0169579
0.0150438
0.0151967
0.0174063
0.0168151
0.0173899
0.0153427
0.0138584
0.0159173
0.0197692
0.0154695
0.0196198
0.0178417
0.0131253
0.0159173
0.0161974
0.0153359
0.0154822
0.010457
0.0200668
0.0119492
0.014577
0.0132842
0.014311
0.0142924
0.0173938
0.0109179
0.0159231
0.0169533
0.0159321
0.0179916
0.0144526
0.0130001
0.0171215
0.0144605
0.0177032
0.0168253
0.0169696
0.0129903
0.0144458
0.0175557
0.0144526
0.0129854
0.0185877
0.0172525
0.0138728
0.0140038
0.0150473
0.0154855
0.0128119
0.0147375
0.014606
0.0137004
0.0148907
0.012667
0.0165212
0.0151898
0.0118315
0.0147517
0.0162273
0.0157846
0.0163689
0.0182842
0.0179899
0.014303
0.0146099
0.0147555
0.0165266
0.0168201
0.0157877
0.0154822
0.0137413
0.0129806
0.0165212
0.014303
0.0162302
0.0119438
0.0168227
0.0162278
0.0162278
0.0139998
0.0151967
0.0125372
0.0137089
0.0138584
0.0175395
0.0176891
0.0196174
0.0150402
0.0197685
0.0160836
0.0153427
0.0135738
0.0131253
0.0131253
0.0162193
0.0138669
0.0141534
0.0141657
0.0148907
0.0148871
0.0141616
0.0143151
0.0138277
0.0147593
0.0212357
0.016535
0.0142886
0.0148907
0.0156383
0.0145983
0.0151898
0.0172525
0.0182888
0.014311
0.0157676
0.0157676
0.0172636
0.0156302
0.0216847
0.013555
0.014442
0.0126767
0.019918
0.0135738
0.0137046
0.0166733
0.0150582
0.0150402
0.0117898
0.0178422
0.0120784
0.0163573
0.013401
0.0166681
0.00943822
0.0177032
0.0172482
0.0151898
0.0153185
0.015926
0.0160692
0.0135637
0.0104694
0.0108851
0.0140205
0.0162104
0.0153359
0.0128113
0.0128113
0.0163547
0.0171215
0.0147304
0.0135681
0.00986016
0.0145953
0.0151687
0.0175473
0.0175473
0.00855661
0.0125272
0.0175433
0.0140038
0.0145916
0.0148871
0.0156271
0.0157617
0.0157617
0.0157617
0.0154744
0.0162077
0.0204885
0.0197571
0.0197571
0.0229979
0.0229979
0.0219673
0.0222495
0.0257949
0.0313565
0.0349817
0.0462173
0.0734198
0.080617
0.07247
0.07247
0.0529864
0.062539
0.062539
0.0912672
0.0653277
0.0431271
0.0380225
0.0392591
0.0468805
0.0492005
0.047716
0.0435554
0.0381354
0.0431187
0.0438387
0.0487906
0.0454208
0.0485655
0.0444086
0.0455932
0.0425682
0.0427254
0.0452487
0.0446742
0.048229
0.0440925
0.0447253
0.044997
0.0449907
0.0463305
0.0474201
0.0434099
0.0458378
0.0455397
0.048707
0.0435313
0.0456649
0.0455798
0.0459834
0.0390943
0.0418178
0.0426936
0.04929
0.047998
0.0431306
0.0451163
0.0425948
0.0427138
0.0405391
0.0434631
0.0496951
0.0407162
0.0431545
0.0429613
0.0454142
0.0447055
0.044105
0.0444595
0.0482894
0.0437178
0.0468661
0.0485458
0.0426819
0.0412994
0.0443882
0.04413
0.0421313
0.0469688
0.045315
0.0462747
0.0439012
0.0469688
0.0428629
0.0398517
0.0445727
0.0440094
0.0512507
0.0499404
0.054132
0.0591541
0.0691677
0.0796418
0.0888384
0.0865797
0.0900102
0.0920621
0.0870716
0.0783835
0.0771613
0.0814912
0.0822025
0.0830942
0.0873738
0.0873221
0.08859
0.0866522
0.0868943
0.0830489
0.0840158
0.0812929
0.0825855
0.0849185
0.0870915
0.0864385
0.0858561
0.0803391
0.0792925
0.0823196
0.0824274
0.0797157
0.0838233
0.0838233
0.082868
0.0855724
0.083596
0.0811087
0.0805154
0.0778993
0.0844601
0.0810913
0.0846362
0.0800443
0.0836989
0.0813735
0.080307
0.0826856
0.0806241
0.0832344
0.0691542
0.0464164
0.0280065
0.00319183
0.00160969
-0.00347008
-0.0153723
-0.0237458
-0.0232968
-0.0214002
-0.0170853
-0.0167578
-0.0159326
-0.0204554
-0.0253646
-0.0269589
-0.0272509
-0.0268196
-0.0291964
-0.0256322
-0.0260787
-0.0275901
-0.0282619
-0.0287251
-0.0251852
-0.0282048
-0.0249792
-0.0250586
-0.0295333
-0.0249567
-0.0272924
-0.0252768
-0.0258243
-0.0301294
-0.0227015
-0.0226619
-0.0248752
-0.0265838
-0.0246126
-0.0228837
-0.0232383
-0.0220735
-0.0252997
-0.0280958
-0.0291015
-0.0280369
-0.0230325
-0.019453
-0.0303262
-0.0540511
-0.0738926
-0.0837474
-0.0858313
-0.0960476
-0.102122
-0.126849
-0.151457
-0.192954
-0.178991
-0.187074
-0.203215
-0.217664
-0.218861
-0.215251
-0.220307
-0.224729
-0.230476
-0.229188
-0.264088
-0.268959
-0.281366
-0.277739
-0.279585
-0.269675
-0.265619
-0.272172
-0.275762
-0.278437
-0.281561
-0.286794
-0.284735
-0.290199
-0.281309
-0.28864
-0.28453
-0.294308
-0.298058
-0.298649
-0.29596
-0.294871
-0.297871
-0.290918
-0.302069
-0.302225
-0.301079
-0.301999
-0.301908
-0.296806
-0.294115
-0.294671
-0.294959
-0.297432
-0.290139
-0.290687
-0.286105
-0.289386
-0.288831
-0.288985
-0.290828
-0.29418
-0.292557
-0.292189
-0.292616
-0.296248
-0.293328
-0.297043
-0.30035
-0.299587
-0.303073
-0.29513
-0.304995
-0.304995
-0.303538
-0.307838
-0.310326
-0.305838
-0.309256
-0.306607
-0.305267
-0.307878
-0.301232
-0.302722
-0.303453
-0.303804
-0.298581
-0.303069
-0.298005
-0.299919
-0.297604
-0.293884
-0.296959
-0.291989
-0.294954
-0.296793
-0.293481
-0.297032
-0.299084
-0.299972
-0.295335
-0.302387
-0.304381
-0.306523
-0.308255
-0.30856
-0.30863
-0.310394
-0.308936
-0.313574
-0.312768
-0.311527
-0.311047
-0.31242
-0.309462
-0.309699
-0.308588
-0.305223
-0.304839
-0.307597
-0.3066
-0.3066
-0.302987
-0.302
-0.293588
-0.295849
-0.289651
-0.263282
-0.254142
-0.241133
-0.237426
-0.234321
-0.223719
-0.213395
-0.190043
-0.15591
-0.11977
-0.0849986
-0.0630678
-0.0511784
-0.0376393
-0.0260971
-0.00388876
0.017578
0.0476859
0.0799988
0.102945
0.129318
0.140584
0.14064
0.147061
0.174891
0.204736
0.230092
0.254746
0.282314
0.328249
0.391086
0.424361
0.451847
0.490176
0.50686
0.529682
0.547512
0.566916
0.578266
0.60647
0.630283
0.659174
0.685655
0.713381
0.743111
0.765973
0.778898
0.807845
0.82783
0.823565
0.811287
0.795729
0.805063
0.80682
0.801202
0.791283
0.785374
0.787054
0.787054
0.776955
0.776617
0.768341
0.769623
0.762408
0.762161
0.752752
0.745295
0.739078
0.73555
0.742926
0.740022
0.740022
0.748331
0.739528
0.739528
0.742859
0.752284
0.754991
0.74558
0.739111
0.736116
0.730542
0.729311
0.726093
0.738382
0.744716
0.744486
0.734967
0.72258
0.727158
0.725249
0.717238
0.712156
0.728808
0.73578
0.722272
0.703752
0.707168
0.72518
0.735603
0.736853
0.718674
0.717817
0.717936
0.710965
0.713573
0.70742
0.71205
0.708498
0.704423
0.708028
0.705218
0.700069
0.713572
0.712307
0.710025
0.708823
0.719697
0.718332
0.709069
0.686184
0.688097
0.703767
0.714002
0.71025
0.713068
0.712327
0.701103
0.692965
0.701797
0.711437
0.71324
0.699356
0.690825
0.689027
0.6977
0.702845
0.692379
0.687373
0.686698
0.694827
0.706798
0.700827
0.696364
0.697284
0.69331
0.673974
0.662668
0.671705
0.675961
0.675961
0.680615
0.681309
0.691272
0.688784
0.679739
0.682365
0.694215
0.691874
0.682099
0.677952
0.674491
0.672036
0.6682
0.678448
0.69711
0.696388
0.680679
0.67394
0.682498
0.688791
0.693096
0.68267
0.6811
0.679447
0.675403
0.675403
0.697796
0.688567
0.670891
0.674742
0.68379
0.674797
0.661247
0.653651
0.649832
0.661637
0.671264
0.679119
0.678716
0.670934
0.6762
0.67936
0.685561
0.689932
0.676998
0.687185
0.683305
0.682594
0.675687
0.66973
0.680312
0.678597
0.675424
0.677835
0.67525
0.6723
0.6723
0.662266
0.663482
0.668276
0.670141
0.672551
0.676012
0.667852
0.662686
0.663393
0.669634
0.677477
0.68761
0.678701
0.660393
0.655406
0.666891
0.667871
0.671962
0.672087
0.681881
0.678261
0.667005
0.662048
0.667676
0.672878
0.672707
0.672302
0.665926
0.658509
0.658275
0.663659
0.67124
0.681984
0.686863
0.671111
0.66614
0.67477
0.681175
0.675469
0.666189
0.667725
0.668118
0.659658
0.657759
0.663042
0.671862
0.681148
0.676157
0.678042
0.67623
0.682665
0.678875
0.675581
0.679477
0.681735
0.674485
0.669144
0.669897
0.672121
0.672698
0.681631
0.689889
0.684359
0.66799
0.662622
0.672925
0.675687
0.668768
0.672109
0.668555
0.67027
0.66973
0.669751
0.661851
0.669091
0.680464
0.684067
0.671647
0.673249
0.667231
0.657174
0.666658
0.676927
0.685863
0.683056
0.675905
0.664069
0.667444
0.669244
0.672109
0.674267
0.667374
0.660993
0.660328
0.656592
0.663335
0.677547
0.677503
0.680355
0.680355
0.666871
0.657115
0.664878
0.671799
0.663356
0.666685
0.673464
0.674307
0.668851
0.663207
0.663265
0.669795
0.67412
0.675939
0.664216
0.660536
0.662469
0.659947
0.66116
0.666856
0.673472
0.666691
0.663575
0.666643
0.678535
0.678242
0.671551
0.674095
0.666264
0.664034
0.668782
0.673284
0.677471
0.66973
0.667162
0.676783
0.680586
0.672568
0.674561
0.678569
0.676419
0.674453
0.669944
0.675798
0.664684
0.668322
0.671149
0.675363
0.674453
0.674236
0.667477
0.658593
0.657572
0.658785
0.671565
0.682332
0.687603
0.67753
0.671151
0.671151
0.680705
0.673439
0.679884
0.674784
0.663071
0.660595
0.667603
0.674784
0.673837
0.675771
0.678057
0.674989
0.666297
0.654685
0.656598
0.672595
0.66772
0.664694
0.664694
0.675427
0.670312
0.667962
0.672123
0.67794
0.675587
0.671511
0.654661
0.644608
0.647863
0.670662
0.683906
0.672422
0.661334
0.665801
0.664344
0.665274
0.679959
0.680605
0.666971
0.657469
0.669234
0.679386
0.661465
0.646619
0.662368
0.678496
0.675141
0.668173
0.658414
0.65097
0.655766
0.671859
0.6789
0.673715
0.683034
0.67882
0.664321
0.651448
0.656722
0.675842
0.678754
0.678171
0.653794
0.640699
0.645751
0.669494
0.681607
0.666206
0.667179
0.674961
0.66641
0.660175
0.659286
0.667521
0.672561
0.674604
0.677369
0.669417
0.65112
0.658158
0.662532
0.665969
0.667977
0.663704
0.666197
0.671958
0.668254
0.663509
0.667489
0.672791
0.67642
0.671271
0.652613
0.645093
0.660395
0.677884
0.657683
0.661603
0.661603
0.670255
0.67214
0.665646
0.662953
0.659453
0.656265
0.660823
0.660265
0.657744
0.675077
0.678203
0.674668
0.666744
0.66421
0.660199
0.652768
0.660913
0.656452
0.649199
0.64284
0.659224
0.670934
0.660175
0.661974
0.67519
0.669703
0.654769
0.64637
0.64628
0.650595
0.661856
0.681674
0.678203
0.665947
0.662551
0.664715
0.661983
0.669852
0.671578
0.666022
0.660877
0.654023
0.65583
0.660942
0.66299
0.661801
0.670169
0.670566
0.663041
0.650492
0.654208
0.652522
0.654641
0.659554
0.664164
0.667343
0.666561
0.661642
0.658342
0.658054
0.667244
0.668014
0.661243
0.660728
0.665678
0.664861
0.655806
0.661006
0.675806
0.672421
0.658816
0.656806
0.649313
0.633348
0.645286
0.645286
0.676486
0.657429
0.648797
0.657959
0.665128
0.667387
0.667947
0.665253
0.674567
0.667136
0.654719
0.644833
0.651778
0.669549
0.672206
0.656447
0.645791
0.652943
0.656782
0.659432
0.657475
0.658576
0.661983
0.659224
0.649645
0.647812
0.648558
0.65514
0.660226
0.664337
0.664018
0.670314
0.650025
0.647771
0.649987
0.654753
0.651181
0.639984
0.627373
0.615367
0.647941
0.68012
0.6707
0.681103
0.679529
0.670343
0.657345
0.653684
0.641194
0.630371
0.648019
0.667361
0.67195
0.651095
0.641117
0.643061
0.652083
0.665204
0.665204
0.655184
0.652296
0.662952
0.677623
0.673918
0.662515
0.657492
0.66301
0.667136
0.650683
0.626065
0.633008
0.651984
0.65381
0.635152
0.639346
0.66148
0.678408
0.675629
0.667919
0.661543
0.660621
0.6655
0.663757
0.656537
0.636804
0.649695
0.666643
0.670758
0.665081
0.654719
0.65642
0.663646
0.666331
0.671876
0.670674
0.655692
0.649021
0.651048
0.652539
0.653446
0.652685
0.656306
0.660348
0.659208
0.657528
0.647388
0.649079
0.658284
0.671226
0.664084
0.653954
0.652275
0.656617
0.651739
0.646489
0.652803
0.650756
0.652832
0.653292
0.651486
0.63899
0.639473
0.653645
0.66366
0.659645
0.655514
0.656629
0.660425
0.660877
0.65315
0.649499
0.646723
0.656622
0.657803
0.655307
0.649444
0.651241
0.656656
0.660375
0.666852
0.666852
0.661262
0.649566
0.651218
0.650353
0.645458
0.651281
0.646781
0.645438
0.647901
0.660018
0.659645
0.661319
0.655837
0.651884
0.65118
0.65805
0.651617
0.653026
0.662749
0.673255
0.669093
0.655401
0.64977
0.654611
0.646181
0.645806
0.651326
0.659901
0.65539
0.655656
0.654354
0.648633
0.646473
0.655952
0.658487
0.653296
0.63998
0.627275
0.636164
0.652754
0.659399
0.653855
0.659159
0.663648
0.665875
0.658817
0.648955
0.637738
0.657923
0.679532
0.653495
0.646015
0.643998
0.643998
0.639799
0.639799
0.636176
0.649968
0.658369
0.655036
0.657166
0.663572
0.66108
0.64839
0.651056
0.674567
0.668942
0.649735
0.636903
0.651326
0.660474
0.656974
0.649894
0.637938
0.634698
0.640749
0.652316
0.656598
0.649575
0.64899
0.64816
0.653501
0.656928
0.665372
0.663638
0.643094
0.64549
0.653132
0.656447
0.650147
0.641789
0.648354
0.655976
0.653232
0.653232
0.648776
0.643836
0.642202
0.660841
0.672491
0.671623
0.650946
0.640081
0.645105
0.649565
0.653937
0.654622
0.650072
0.649353
0.652383
0.641413
0.640715
0.645547
0.649283
0.649445
0.652421
0.652275
0.646706
0.640271
0.643164
0.64549
0.648134
0.648558
0.657829
0.657066
0.642455
0.634205
0.634507
0.638757
0.647571
0.655932
0.648046
0.648451
0.649674
0.655226
0.646861
0.64247
0.638201
0.643487
0.644619
0.649038
0.647306
0.637604
0.638707
0.646343
0.648943
0.646635
0.641518
0.62592
0.626686
0.640354
0.66301
0.662583
0.627083
0.625391
0.651776
0.6405
0.620429
0.631596
0.639526
0.638903
0.649849
0.658381
0.654226
0.62365
0.628974
0.670418
0.658495
0.647551
0.662697
0.667599
0.640137
0.638313
0.653448
0.656116
0.649857
0.645661
0.658366
0.633236
0.607575
0.616882
0.614114
0.627419
0.650259
0.661432
0.643061
0.619018
0.635364
0.64415
0.65394
0.652467
0.645658
0.6541
0.653392
0.64971
0.641096
0.633091
0.635756
0.642136
0.660279
0.661186
0.644356
0.621866
0.625246
0.635417
0.641674
0.647403
0.654208
0.651556
0.65164
0.653611
0.646742
0.636914
0.640042
0.641596
0.641965
0.642794
0.634943
0.639128
0.642123
0.6522
0.656656
0.653975
0.658086
0.648657
0.628628
0.624324
0.63695
0.650597
0.653816
0.646666
0.63796
0.643223
0.643862
0.647211
0.643789
0.647974
0.661688
0.641483
0.628913
0.638652
0.648037
0.65091
0.64938
0.638998
0.621516
0.625776
0.646764
0.640424
0.635499
0.634928
0.636396
0.636396
0.629454
0.629993
0.629751
0.641474
0.64977
0.64725
0.637871
0.626447
0.632109
0.639453
0.640636
0.643129
0.647707
0.650158
0.647021
0.645124
0.630637
0.622734
0.630867
0.632711
0.635192
0.639508
0.638071
0.625149
0.624761
0.629936
0.641962
0.639173
0.628634
0.633229
0.650537
0.655017
0.630584
0.616993
0.634698
0.655182
0.647679
0.633433
0.633128
0.636515
0.633032
0.63901
0.644862
0.645312
0.636744
0.636744
0.628723
0.62133
0.647697
0.646723
0.633717
0.636757
0.64015
0.634157
0.626116
0.634309
0.638628
0.645791
0.657393
0.655017
0.641528
0.628905
0.64461
0.657573
0.647679
0.620447
0.623111
0.636012
0.6502
0.646939
0.641517
0.637356
0.647397
0.653739
0.647603
0.626599
0.626551
0.646113
0.650704
0.650704
0.636112
0.651265
0.654388
0.628717
0.615638
0.634937
0.645978
0.647317
0.654685
0.666152
0.641063
0.589983
0.563913
0.577444
0.623343
0.645885
0.637102
0.622524
0.625242
0.644445
0.647394
0.637309
0.626116
0.630576
0.646984
0.654723
0.644998
0.629682
0.629317
0.636703
0.640589
0.640062
0.640792
0.636118
0.638973
0.63924
0.632693
0.63501
0.636413
0.638562
0.634666
0.627615
0.624711
0.622343
0.628489
0.63184
0.634012
0.63353
0.630567
0.632588
0.638216
0.638879
0.632358
0.630023
0.633091
0.637322
0.628392
0.630136
0.63674
0.635074
0.633617
0.636164
0.642003
0.658349
0.653258
0.643373
0.627974
0.608122
0.629605
0.649429
0.652
0.632325
0.617268
0.61881
0.631629
0.632878
0.622879
0.624327
0.629603
0.62684
0.629689
0.623311
0.619548
0.630086
0.637835
0.631586
0.626987
0.62626
0.629689
0.627229
0.628678
0.622297
0.620499
0.629945
0.632897
0.628632
0.61703
0.625532
0.644814
0.646404
0.619158
0.606579
0.631688
0.64147
0.620702
0.601799
0.612732
0.623694
0.626596
0.629168
0.628969
0.633066
0.613811
0.614152
0.617668
0.629071
0.625872
0.629944
0.641122
0.641541
0.634929
0.626057
0.625971
0.621185
0.620593
0.604741
0.590185
0.585082
0.603263
0.61342
0.610301
0.605779
0.622343
0.638604
0.639718
0.620806
0.610009
0.618577
0.627713
0.636845
0.627081
0.625439
0.621721
0.621624
0.62307
0.626936
0.626889
0.624126
0.628344
0.62539
0.624906
0.621571
0.620467
0.621769
0.624568
0.617314
0.616659
0.613726
0.617064
0.623012
0.622915
0.624374
0.625051
0.626599
0.622444
0.625632
0.619502
0.618632
0.620364
0.616595
0.620023
0.618236
0.619334
0.617517
0.615826
0.617938
0.614536
0.618922
0.622396
0.617807
0.616936
0.620264
0.619828
0.614528
0.615141
0.618293
0.620219
0.618766
0.618817
0.616218
0.618577
0.617132
0.616252
0.616116
0.617706
0.622587
0.620745
0.619588
0.619696
0.620309
0.623116
0.615449
0.615014
0.617183
0.611385
0.615398
0.615398
0.621621
0.621478
0.621035
0.619543
0.620213
0.621719
0.620028
0.614775
0.617422
0.618242
0.618242
0.618141
0.622247
0.619493
0.619297
0.619442
0.620309
0.622491
0.62094
0.622636
0.621333
0.623499
0.623554
0.622003
0.619063
0.624472
0.622877
0.618911
0.618911
0.625002
0.622779
0.623257
0.625387
0.620509
0.620994
0.620068
0.621174
0.618467
0.619588
0.617277
0.615523
0.621807
0.619101
0.620104
0.616252
0.619726
0.619101
0.618527
0.620023
0.619878
0.614995
0.613249
0.621376
0.620554
0.615679
0.617188
0.614492
0.617132
0.618046
0.613685
0.615909
0.617979
0.611752
0.614452
0.615232
0.610761
0.613049
0.612613
0.612877
0.614266
0.614307
0.612718
0.609996
0.612042
0.612718
0.609914
0.608725
0.613022
0.611656
0.616601
0.610661
0.611992
0.615909
0.610801
0.611911
0.612468
0.613022
0.616532
0.613167
0.614288
0.61096
0.612201
0.614621
0.612813
0.611448
0.614288
0.611131
0.608764
0.61439
0.610815
0.612441
0.61158
0.613249
0.611381
0.610181
0.611461
0.608466
0.612296
0.609745
0.613801
0.610573
0.60887
0.612599
0.610629
0.608241
0.611593
0.615576
0.611593
0.614109
0.61322
0.612359
0.612702
0.61266
0.61266
0.612412
0.60898
0.613792
0.613811
0.616369
0.614007
0.612548
0.611675
0.617038
0.613487
0.611766
0.61264
0.614518
0.614775
0.611262
0.61322
0.613469
0.610868
0.612918
0.610868
0.612826
0.612899
0.610868
0.611871
0.606472
0.610838
0.612557
0.615159
0.613521
0.613776
0.613189
0.614621
0.611935
0.612826
0.611924
0.620409
0.61421
0.610682
0.615681
0.614425
0.611448
0.609509
0.615245
0.609416
0.612122
0.611344
0.607069
0.609284
0.603363
0.600836
0.600265
0.614838
0.622585
0.606385
0.581556
0.585776
0.618286
0.606668
0.596398
0.593366
0.593976
0.60747
0.603316
0.610154
0.628489
0.617195
0.59887
0.596324
0.617728
0.633493
0.622925
0.606016
0.609018
0.615594
0.609059
0.603218
0.601195
0.604053
0.59873
0.600604
0.595002
0.595099
0.60554
0.612603
0.604872
0.605162
0.606754
0.607518
0.606859
0.608254
0.603581
0.603581
0.607581
0.614058
0.607345
0.599593
0.599903
0.609615
0.613717
0.614065
0.615365
0.611519
0.605264
0.603871
0.614101
0.612309
0.592759
0.601148
0.605832
0.602549
0.594639
0.599614
0.602312
0.597103
0.597399
0.598712
0.610949
0.607004
0.58759
0.587413
0.604908
0.628383
0.621911
0.610786
0.602888
0.593104
0.594263
0.602291
0.612245
0.613902
0.620034
0.616669
0.601245
0.583338
0.590545
0.585551
0.575342
0.58868
0.612055
0.615116
0.590812
0.590683
0.59921
0.600155
0.595818
0.605198
0.60908
0.59936
0.598163
0.603617
0.600832
0.597641
0.601579
0.586633
0.586013
0.596786
0.600145
0.595239
0.591539
0.590957
0.596669
0.596613
0.592728
0.590112
0.585737
0.586549
0.586321
0.588843
0.594844
0.612012
0.595671
0.584233
0.585391
0.601824
0.611871
0.585303
0.587672
0.593317
0.590422
0.571514
0.575471
0.584181
0.590142
0.582046
0.587736
0.584144
0.577383
0.583313
0.583282
0.579856
0.577535
0.593712
0.593924
0.585468
0.583793
0.576865
0.569849
0.577741
0.582594
0.582508
0.580142
0.573048
0.567725
0.584037
0.578903
0.578642
0.584067
0.595671
0.58938
0.572735
0.566569
0.566673
0.555423
0.556658
0.578012
0.582304
0.565911
0.55726
0.580748
0.583016
0.569649
0.574366
0.591416
0.584415
0.582334
0.594093
0.593669
0.565089
0.551225
0.551204
0.558754
0.577233
0.574333
0.549585
0.5462
0.571421
0.590704
0.590704
0.582075
0.56937
0.568446
0.572525
0.577775
0.572399
0.566396
0.570569
0.576398
0.57249
0.56365
0.565561
0.554988
0.564942
0.571243
0.573284
0.564241
0.568551
0.567149
0.564366
0.568804
0.573621
0.565459
0.559365
0.565871
0.559719
0.555265
0.569194
0.571612
0.559417
0.561069
0.575651
0.579106
0.552719
0.549885
0.569152
0.57622
0.571109
0.560846
0.560504
0.562305
0.55672
0.552548
0.550989
0.55468
0.567203
0.575499
0.556322
0.550529
0.552905
0.558142
0.558142
0.565942
0.563645
0.557909
0.564001
0.560216
0.544876
0.544876
0.562787
0.571217
0.584028
0.571356
0.547992
0.557859
0.565832
0.560103
0.558416
0.561919
0.557395
0.557395
0.559028
0.55672
0.569629
0.567586
0.552315
0.549419
0.570039
0.565832
0.54368
0.548133
0.569856
0.550534
0.550101
0.58698
0.592286
0.568106
0.547237
0.550166
0.551481
0.55951
0.570521
0.558036
0.541256
0.552
0.572634
0.570723
0.561101
0.563261
0.549848
0.53684
0.542659
0.556615
0.557524
0.551577
0.56616
0.576805
0.568075
0.560491
0.550206
0.552226
0.561749
0.568472
0.557261
0.541205
0.549667
0.548948
0.547907
0.555502
0.567667
0.567276
0.555729
0.552197
0.548635
0.541191
0.553681
0.570062
0.557555
0.546354
0.553974
0.568029
0.561105
0.561105
0.550592
0.564632
0.569423
0.554798
0.541033
0.540177
0.543286
0.546166
0.555692
0.554702
0.543087
0.54639
0.56099
0.555122
0.54622
0.548723
0.551213
0.545121
0.55648
0.558102
0.549667
0.540666
0.542712
0.555729
0.555471
0.550822
0.552
0.548903
0.536777
0.549863
0.560666
0.554321
0.543277
0.557283
0.557187
0.546559
0.543152
0.547946
0.547238
0.541342
0.547897
0.548494
0.540471
0.548544
0.54385
0.536269
0.539171
0.553089
0.554167
0.543736
0.543286
0.538847
0.543765
0.567564
0.586858
0.568899
0.536847
0.523052
0.520373
0.542104
0.563728
0.559891
0.53293
0.522677
0.546261
0.559658
0.541832
0.536561
0.544699
0.549358
0.545507
0.544742
0.531413
0.53511
0.53511
0.552561
0.552561
0.5667
0.5667
0.563814
0.563814
0.555778
0.547774
0.547774
0.54733
0.545675
0.534966
0.533364
0.543407
0.54078
0.541369
0.535536
0.535536
0.532712
0.551094
0.53772
0.555888
0.570737
0.554757
0.534081
0.549079
0.53213
0.524879
0.545813
0.545813
0.535314
0.535388
0.53568
0.546426
0.556442
0.548123
0.538024
0.541625
0.544958
0.542935
0.541136
0.541408
0.534023
0.538087
0.542232
0.547979
0.548555
0.543706
0.536909
0.536186
0.543736
0.560558
0.550849
0.542441
0.545193
0.538784
0.526562
0.542247
0.547638
0.540947
0.544843
0.540474
0.536615
0.535181
0.534889
0.537438
0.546384
0.552153
0.548027
0.548471
0.550875
0.55064
0.525558
0.532719
0.549883
0.549728
0.531126
0.531126
0.535686
0.528956
0.538393
0.563989
0.550975
0.537346
0.527869
0.531627
0.529604
0.538019
0.539909
0.532427
0.522366
0.533795
0.546699
0.544023
0.535037
0.534071
0.534071
0.528884
0.543543
0.551683
0.537795
0.538876
0.546496
0.537507
0.533149
0.539695
0.520386
0.526905
0.534461
0.528367
0.524386
0.531995
0.53047
0.53134
0.537587
0.545059
0.543295
0.530541
0.530394
0.532578
0.536786
0.538312
0.541286
0.541286
0.535319
0.530977
0.539086
0.535261
0.531709
0.530319
0.538315
0.538605
0.530319
0.530106
0.536489
0.532285
0.530752
0.534314
0.542232
0.535477
0.532786
0.538301
0.536847
0.529599
0.534826
0.553748
0.551163
0.533664
0.538288
0.532498
0.522676
0.518775
0.531986
0.536067
0.530092
0.528942
0.528942
0.532571
0.531194
0.544267
0.533949
0.524015
0.538808
0.550104
0.529826
0.52245
0.532789
0.539826
0.519195
0.50557
0.519606
0.544308
0.540847
0.526704
0.521363
0.523471
0.533227
0.547979
0.545777
0.521818
0.509567
0.524985
0.539263
0.534605
0.517872
0.50878
0.527194
0.548875
0.548885
0.556449
0.564986
0.564965
0.536488
0.519176
0.527735
0.534975
0.532049
0.526095
0.520846
0.520792
0.523552
0.527438
0.522532
0.522644
0.532789
0.528713
0.523432
0.520558
0.522308
0.518998
0.519141
0.508621
0.507098
0.51452
0.527628
0.53279
0.526642
0.507243
0.509194
0.521222
0.535845
0.536062
0.532361
0.534448
0.535394
0.529462
0.529319
0.534674
0.535328
0.518878
0.515765
0.501044
0.512356
0.53635
0.526126
0.521729
0.540352
0.540352
0.55985
0.541542
0.523183
0.523183
0.515758
0.508787
0.502243
0.498966
0.521469
0.526991
0.520043
0.535968
0.534534
0.536053
0.519765
0.530765
0.529755
0.531842
0.525412
0.527583
0.532064
0.545274
0.543249
0.517403
0.50838
0.516889
0.53104
0.525011
0.513001
0.518165
0.529534
0.533811
0.532144
0.526721
0.532365
0.532939
0.521791
0.513155
0.515599
0.521181
0.516707
0.510951
0.524105
0.536772
0.530546
0.519568
0.527008
0.528526
0.534758
0.531922
0.537283
0.530326
0.511734
0.513503
0.530765
0.542246
0.538605
0.522729
0.521079
0.521297
0.51976
0.509411
0.530379
0.538548
0.533597
0.522438
0.534383
0.525714
0.516546
0.516549
0.515981
0.515573
0.522827
0.5299
0.523265
0.507903
0.520562
0.539931
0.547926
0.545735
0.529471
0.520962
0.516925
0.512692
0.510238
0.509355
0.511692
0.512749
0.511506
0.526845
0.527374
0.523757
0.525414
0.523181
0.52656
0.519136
0.51814
0.518376
0.514277
0.503766
0.516167
0.528649
0.528649
0.531777
0.5225
0.512252
0.515283
0.520832
0.519843
0.511178
0.505516
0.518808
0.528078
0.52939
0.530697
0.526355
0.526355
0.520935
0.506654
0.526532
0.535052
0.528447
0.504287
0.501565
0.516745
0.54465
0.537519
0.523493
0.517852
0.519355
0.503467
0.504062
0.51768
0.514963
0.50727
0.517111
0.542671
0.540271
0.528602
0.505861
0.507431
0.526048
0.53468
0.535403
0.506493
0.502308
0.510716
0.525903
0.5291
0.523064
0.523733
0.52736
0.534173
0.528159
0.520367
0.516276
0.516276
0.517911
0.531698
0.529023
0.508524
0.518624
0.526414
0.51778
0.52435
0.531276
0.522729
0.512269
0.520644
0.523898
0.5127
0.513267
0.517341
0.525289
0.529455
0.523302
0.516601
0.519666
0.520196
0.515175
0.514935
0.516822
0.524153
0.519338
0.504041
0.517355
0.536354
0.528878
0.512548
0.510803
0.520652
0.52667
0.531987
0.518398
0.502126
0.518717
0.52473
0.517103
0.512183
0.51044
0.516686
0.516452
0.515988
0.507739
0.512094
0.53279
0.540053
0.525062
0.519421
0.526642
0.527228
0.509826
0.50796
0.506249
0.514395
0.519036
0.517492
0.509175
0.493008
0.504797
0.522597
0.54198
0.542679
0.522813
0.509315
0.50712
0.514055
0.513893
0.52165
0.520519
0.517361
0.505267
0.514063
0.525101
0.54123
0.539333
0.521737
0.496741
0.502784
0.506485
0.508791
0.501756
0.504386
0.521453
0.513242
0.51744
0.527295
0.534309
0.518571
0.503606
0.507243
0.517074
0.516822
0.515782
0.512022
0.51611
0.513586
0.513953
0.512838
0.506773
0.508948
0.516439
0.525389
0.513783
0.499028
0.508334
0.514682
0.514191
0.51519
0.531121
0.536718
0.523532
0.506823
0.501748
0.514926
0.518697
0.522597
0.520087
0.501318
0.487009
0.49362
0.511781
0.522393
0.517348
0.511293
0.506558
0.506558
0.504536
0.51981
0.523576
0.516398
0.520609
0.528591
0.524919
0.516308
0.508057
0.510707
0.515261
0.520609
0.517015
0.508314
0.493378
0.501341
0.511743
0.513673
0.510019
0.527871
0.513912
0.498091
0.50297
0.524671
0.524524
0.507739
0.499171
0.511349
0.525245
0.517152
0.517021
0.512649
0.513965
0.516727
0.532219
0.533738
0.512649
0.499299
0.505775
0.507685
0.504077
0.512649
0.518585
0.50228
0.496736
0.509919
0.525757
0.53163
0.522815
0.516217
0.516929
0.510544
0.516073
0.523532
0.519329
0.51204
0.510343
0.505953
0.497644
0.507833
0.531388
0.536491
0.507131
0.477365
0.467234
0.510484
0.539752
0.519338
0.486953
0.488905
0.507007
0.520169
0.524589
0.508237
0.494205
0.500925
0.5225
0.532789
0.518631
0.507924
0.508856
0.510813
0.509328
0.51122
0.511234
0.510042
0.51507
0.513259
0.508578
0.504106
0.511438
0.519677
0.519909
0.514305
0.511727
0.511734
0.5104
0.510525
0.507983
0.510361
0.508306
0.514808
0.510462
0.507739
0.508923
0.514774
0.511634
0.511474
0.509185
0.51417
0.515061
0.509255
0.510175
0.509344
0.515367
0.514249
0.506888
0.505941
0.507431
0.509452
0.509309
0.513817
0.510017
0.509642
0.508967
0.512203
0.50596
0.50879
0.510937
0.512175
0.51379
0.50996
0.506768
0.511369
0.511682
0.504981
0.509754
0.5057
0.511513
0.508236
0.513927
0.508898
0.510113
0.508647
0.510516
0.509863
0.510042
0.506341
0.508558
0.511127
0.516413
0.514615
0.510284
0.510937
0.510937
0.508923
0.513546
0.507696
0.507564
0.510572
0.511091
0.510962
0.508216
0.507983
0.508292
0.511809
0.510678
0.511396
0.5069
0.508271
0.506367
0.512857
0.508248
0.505918
0.510706
0.508292
0.506613
0.512606
0.507727
0.50868
0.510196
0.510196
0.509088
0.507715
0.51302
0.509863
0.511147
0.511147
0.513468
0.508744
0.505282
0.509067
0.508026
0.50961
0.507995
0.510428
0.507972
0.507851
0.511415
0.507276
0.508524
0.50826
0.511378
0.509185
0.508923
0.510761
0.511147
0.503923
0.506272
0.50596
0.504799
0.504746
0.504081
0.500017
0.501915
0.501901
0.501536
0.499622
0.502074
0.498811
0.498761
0.500149
0.501264
0.494089
0.49674
0.499226
0.495402
0.494214
0.492462
0.498413
0.493447
0.49407
0.493236
0.494039
0.496807
0.491947
0.496821
0.492102
0.487243
0.48053
0.464794
0.447983
0.42517
0.391711
0.361509
0.346436
0.341263
0.336288
0.315651
0.302762
0.289008
0.267729
0.235817
0.198818
0.16378
0.142369
0.127921
0.108393
0.0908715
0.0741625
0.0551799
0.0410345
0.0322508
0.0215184
0.0183387
0.0158364
0.0193493
0.023878
0.0252954
0.0193261
0.00397178
-0.0107205
-0.0269845
-0.0448865
-0.0636224
-0.0656595
-0.0547043
-0.046701
-0.0490754
-0.0577174
-0.0594141
-0.0687849
-0.0776319
-0.0923612
-0.092544
-0.0914653
-0.0892512
-0.0817567
-0.0833086
-0.0861712
-0.0903493
-0.0963527
-0.0917152
-0.0913146
-0.0968172
-0.0976611
-0.0969745
-0.0974653
-0.0968282
-0.092743
-0.096423
-0.0970121
-0.0971779
-0.0953099
-0.0998229
-0.0988389
-0.0953265
-0.0971518
-0.0942701
-0.0951781
-0.0939994
-0.0998849
-0.0958244
-0.0968296
-0.099577
-0.0966158
-0.0971133
-0.0948247
-0.096056
-0.0937692
-0.0956534
-0.0971518
-0.0970359
-0.0940943
-0.0966158
-0.0978494
-0.0988329
-0.0944737
-0.095938
-0.095789
-0.0987354
-0.0956134
-0.0933601
-0.0959402
-0.0951116
-0.0958999
-0.0928262
-0.0952605
-0.0945274
-0.0930555
-0.0939801
-0.0946491
-0.0926392
-0.0936659
-0.0959142
-0.0889152
-0.0883557
-0.0935057
-0.0933424
-0.0919529
-0.0924038
-0.0942522
-0.0913064
-0.0911221
-0.0915884
-0.0918227
-0.089972
-0.0897003
-0.0949057
-0.0894609
-0.0906127
-0.0899277
-0.0916269
-0.0900507
-0.0880393
-0.094294
-0.0917148
-0.0935225
-0.0862396
-0.08993
-0.0874762
-0.0904298
-0.0879473
-0.0920949
-0.0886723
-0.0904314
-0.0903401
-0.0859203
-0.0854401
-0.0880174
-0.0844953
-0.0900515
-0.0855364
-0.0852639
-0.085335
-0.0884433
-0.0871098
-0.0880808
-0.084391
-0.0870675
-0.0859545
-0.0877213
-0.0848554
-0.0861451
-0.0864589
-0.0858891
-0.0892784
-0.0863285
-0.087288
-0.0891716
-0.0868204
-0.0863157
-0.0833113
-0.0828158
-0.0858406
-0.0797646
-0.0834345
-0.0849548
-0.0803945
-0.0835468
-0.0829055
-0.0814178
-0.0802206
-0.0824569
-0.0813316
-0.0791492
-0.079432
-0.079432
-0.0802581
-0.0810941
-0.0818443
-0.0791492
-0.0828158
-0.0828158
-0.0839309
-0.0832115
-0.0809915
-0.0840484
-0.0825462
-0.0825462
-0.0844084
-0.08547
-0.079432
-0.0823746
-0.083334
-0.0831973
-0.0832835
-0.0815532
-0.0780811
-0.0770423
-0.0803754
-0.077454
-0.0780169
-0.0807519
-0.0824604
-0.0739567
-0.0755024
-0.075255
-0.0792117
-0.077423
-0.0763406
-0.0776712
-0.0769338
-0.0766943
-0.0785631
-0.0768598
-0.0775345
-0.0773979
-0.0775885
-0.0776902
-0.0798815
-0.0779634
-0.079432
-0.0804077
-0.080166
-0.076121
-0.0783489
-0.0770423
-0.078183
-0.0767504
-0.0764496
-0.0767426
-0.0766411
-0.0762577
-0.0735191
-0.0772328
-0.0755284
-0.0773717
-0.0760676
-0.0754172
-0.0727361
-0.0735989
-0.0745522
-0.0740617
-0.0745522
-0.0740894
-0.0727005
-0.0767778
-0.078164
-0.0753613
-0.076688
-0.0751184
-0.0770704
-0.0750068
-0.0758276
-0.0755792
-0.0776185
-0.0737357
-0.076613
-0.0771803
-0.0718589
-0.0718589
-0.0782659
-0.0739181
-0.0740325
-0.0729166
-0.0562164
-0.0553307
-0.0210173
0.00226967
0.0263562
0.0622153
0.0923971
0.120709
0.141073
0.149065
0.146471
0.137137
0.118037
0.110131
0.100504
0.085872
0.0738821
0.06685
0.0623994
0.0579477
0.0546936
0.0543066
0.0540293
0.0515245
0.0502272
0.0471892
0.0483953
0.0494017
0.0481137
0.0502389
0.0550116
0.0526492
0.0553925
0.0532746
0.0532746
0.049553
0.0524939
0.0522495
0.0488151
0.0542173
0.0511337
0.0504959
0.0534419
0.0476754
0.0485571
0.0471838
0.048211
0.048211
0.0491699
0.0479284
0.0485482
0.0500323
0.0469004
0.0442783
0.0504793
0.0498508
0.0491444
0.0491444
0.0457292
0.0464889
0.0489797
0.0494845
0.0483992
0.049122
0.0478484
0.0461624
0.044855
0.0451669
0.0504565
0.049553
0.0469004
0.0470495
0.0455662
0.046511
0.0498932
0.0478028
0.0473327
0.0463398
0.0472428
0.044855
0.0495852
0.0483683
0.0470641
0.0469297
0.0479366
0.0491539
0.0491539
0.0450243
0.0454653
0.0479519
0.0511318
0.049546
0.0454586
0.0475346
0.0442321
0.045119
0.0466168
0.0466168
0.04293
0.0456218
0.0478332
0.044355
0.0487221
0.0443943
0.0485414
0.0473553
0.0415871
0.0473404
0.0465591
0.0461765
0.0445302
0.0444207
0.0446396
0.0449834
0.0463185
0.044109
0.0453955
0.044219
0.0458783
0.0452681
0.0456078
0.0463185
0.0442451
0.0456078
0.0474895
0.0429057
0.0475498
0.0467292
0.0475498
0.042898
0.0493031
0.0472361
0.0472361
0.0451054
0.0478028
0.0485258
0.0448886
0.0445966
0.0490686
0.045871
0.0444207
0.0474895
0.0475498
0.0476991
0.0467659
0.0432211
0.0445636
0.0433829
0.049695
0.0472428
0.0467951
0.04407
0.0426196
0.0442583
0.0472361
0.0420113
0.0470126
0.049546
0.0471616
0.0463109
0.0462556
0.0459063
0.0445358
0.0472511
0.0444402
0.0463546
0.0448478
0.044264
0.0470422
0.0461266
0.0439258
0.0443468
0.044997
0.0438105
0.0466388
0.0455446
0.0455446
0.042661
0.0466313
0.0473703
0.0473703
0.0451463
0.0457784
0.0443866
0.046006
0.0470868
0.042935
0.0458923
0.0455662
0.0447326
0.0445699
0.0466604
0.0445832
0.0466604
0.0487221
0.0457711
0.0452955
0.0499097
0.0486044
0.0457431
0.0432462
0.0426119
0.046063
0.0484079
0.0433328
0.0457431
0.044997
0.044997
0.0436942
0.0436942
0.0460202
0.0449563
0.0449563
0.044875
0.0436742
0.0435248
0.0428603
0.0457359
0.046063
0.0455726
0.0426487
0.045038
0.042935
0.0439989
0.0446716
0.042898
0.0435248
0.0454373
0.0433627
0.0464894
0.0444133
0.0460202
0.0460202
0.0455866
0.0491471
0.0458993
0.0439858
0.0451326
0.04516
0.0449699
0.0451249
0.0465188
0.0414494
0.0442907
0.0472661
0.0434781
0.0461551
0.0466388
0.04516
0.0467292
0.0444207
0.0455586
0.044997
0.0458851
0.0437
0.0477956
0.0447192
0.0447192
0.0445627
0.0467514
0.0467881
0.0487153
0.0427655
0.0427655
0.0448538
0.0436871
0.0437
0.0437
0.0460124
0.0459136
0.0424791
0.0432008
0.0443866
0.0444267
0.0446582
0.0457642
0.0436613
0.0427655
0.043952
0.0484007
0.0423174
0.0438553
0.0438553
0.043543
0.043543
0.0443733
0.0475736
0.0444133
0.0442241
0.042039
0.0443733
0.0456148
0.0449834
0.0435248
0.0488326
0.0423377
0.0436484
0.0414494
0.0482743
0.0426119
0.0446851
0.046511
0.0452741
0.0438289
0.0445225
0.0445225
0.0427655
0.0438421
0.0437247
0.0473479
0.0434992
0.0441279
0.0430515
0.0445358
0.042051
0.045871
0.0437
0.045017
0.0455788
0.0469078
0.0445897
0.0470719
0.0490301
0.0470644
0.0458632
0.0458632
0.0448886
0.0402516
0.0433546
0.0424749
0.0418777
0.0472137
0.0438235
0.0458568
0.0468029
0.0463693
0.043512
0.0433546
0.0487633
0.0448342
0.045344
0.045344
0.0453159
0.0437896
0.0437896
0.0472062
0.0457077
0.0438158
0.0438158
0.0411736
0.0436533
0.0470795
0.0450309
0.0467733
0.0438235
0.0440049
0.0440049
0.0461907
0.0461907
0.0448127
0.0429399
0.0414494
0.0447181
0.0407025
0.0445686
0.0435634
0.0438756
0.044264
0.0432134
0.044264
0.0473935
0.0429148
0.045288
0.0417833
0.0444267
0.0458632
0.0434268
0.0427655
0.0427734
0.0457642
0.042803
0.0450448
0.0441279
0.04634
0.0469374
0.0435248
0.0422004
0.0434992
0.0434992
0.0435377
0.0415555
0.0442374
0.0470494
0.0461907
0.0471166
0.0471166
0.0435248
0.0435248
0.0442773
0.04023
0.049014
0.0445278
0.0462198
0.0448342
0.0425065
0.041764
0.0463255
0.044264
0.0444267
0.0464602
0.0426161
0.04335
0.0463546
0.0433755
0.0457077
0.0457282
0.0475124
0.04634
0.0417521
0.042039
0.0438365
0.0453159
0.0448614
0.0473631
0.044875
0.0446907
0.0427779
0.044264
0.0446985
0.0433755
0.042753
0.0432771
0.0432771
0.0404037
0.0404037
0.041461
0.0466313
0.045871
0.0454373
0.0465335
0.0455866
0.0476463
0.0441146
0.0433755
0.0432388
0.0441146
0.0398251
0.0411967
0.0407025
0.0439389
0.0442773
0.0436613
0.0424749
0.0467881
0.0444133
0.0493126
0.044075
0.044075
0.043039
0.043039
0.0438027
0.0451665
0.0457642
0.0454654
0.0421883
0.045038
0.0417481
0.044096
0.0457784
0.042015
0.0419447
0.0456357
0.0463617
0.0456937
0.042039
0.0418739
0.0450107
0.047677
0.0445492
0.0456148
0.0464894
0.0450448
0.0438365
0.0482743
0.0446985
0.0426487
0.0473782
0.0455866
0.0455866
0.0476923
0.0454513
0.043512
0.043543
0.0456007
0.0456007
0.0451665
0.042015
0.0439258
0.043543
0.0448538
0.0417165
0.0387569
0.0464894
0.0449023
0.0451665
0.044712
0.0446907
0.0446907
0.0459136
0.0445823
0.0442773
0.0437896
0.0439784
0.0444267
0.0434268
0.0402322
0.0488968
0.0441146
0.0460702
0.0439784
0.0444133
0.0417402
0.0423014
0.0450032
0.0430894
0.0437976
0.043039
0.0414531
0.0442507
0.0453299
0.0412771
0.0417402
0.0441279
0.0450032
0.0446907
0.0459063
0.043163
0.0432439
0.043517
0.0436664
0.0384781
0.0441014
0.0411425
0.0417521
0.0479602
0.0407138
0.0429273
0.0439598
0.0446851
0.0460344
0.0419015
0.0436795
0.0433805
0.0427904
0.0440881
0.0450309
0.0456573
0.0441679
0.0413231
0.0437
0.0451387
0.043102
0.0426241
0.0439989
0.0422125
0.0454513
0.0444
0.0441014
0.048125
0.039505
0.0439438
0.043102
0.0457359
0.043102
0.0445762
0.0442773
0.0464894
0.0492892
0.04335
0.0445492
0.0464602
0.0432134
0.0416221
0.0438289
0.0445762
0.0436613
0.0436613
0.0433882
0.0426487
0.0450973
0.0450973
0.0414378
0.0429148
0.0439652
0.0456431
0.0413
0.0422004
0.045017
0.0429525
0.0466683
0.0407477
0.043952
0.0430767
0.0430641
0.0410091
0.0445762
0.0439652
0.042027
0.0416026
0.0414179
0.040542
0.0412771
0.0443733
0.0485659
0.0395156
0.0444267
0.0444267
0.0438289
0.0454654
0.0422807
0.0469151
0.0469151
0.0389062
0.0447044
0.0439917
0.0453299
0.0441412
0.042039
0.0449619
0.0478727
0.045288
0.0441146
0.0404118
0.0436533
0.0457642
0.045017
0.0400809
0.0468326
0.0404009
0.0449834
0.0449834
0.0447664
0.0463839
0.042015
0.0427734
0.0441279
0.0442507
0.0448538
0.0444267
0.0402625
