-0.00358027
-0.00511881
-0.00227086
-0.0012885
-1.97897e-06
-0.00452226
-0.00175962
-0.00167442
-0.00433009
-0.00310824
-0.00137394
-0.00115881
-0.00338783
-0.000921665
-0.00242328
-0.00270086
-0.00223053
0.00053093
-0.0047143
0.00155819
-0.00051791
-0.00347272
-0.00374973
-0.00270086
-0.00250836
-0.00184474
0.000740362
-0.00169672
-0.00253085
-0.00274601
-0.00578697
-0.00449929
-0.00270086
-0.00195661
-0.000728647
-8.76911e-05
-0.000858156
-0.00240083
-0.00402628
-0.00126637
-0.00338783
0.000230005
-0.00291591
0.00100416
-0.000388349
-0.00133268
-0.00227086
-0.00178199
-0.00304615
-0.000733074
-0.00341046
-0.0039418
-0.000965728
-0.00135473
0.00179485
-0.00132954
-0.00137394
-0.00253085
-0.00355752
-0.00167442
-0.00137394
-0.000814165
-4.55385e-05
-0.00231572
-0.00342726
-0.00244571
-0.00355752
-0.00156685
-0.00272345
-0.00272345
0.00117666
-0.00429091
0.00010558
-0.00358027
-0.00139611
-0.00199716
-0.00120297
-0.00390299
-0.00567944
-0.00272345
-0.00094371
-0.00355752
-0.0039418
0.000660243
-0.000280826
-0.00055921
-0.00358027
-0.00223053
0.00168726
-0.00379541
0.00273591
-0.00581026
-0.00276305
-0.00233811
-0.00154456
-0.00379541
-0.00162973
-0.00162973
-0.00158912
-0.00308766
-0.000733074
0.00205375
-0.00107331
-0.00220817
0.000509189
-0.00732543
-0.00049588
-0.00102917
-0.00195226
-0.000884868
-0.00272345
-0.00186717
-0.00100969
-0.000217125
-0.00158912
-0.00180028
-0.00075515
-0.0026159
-0.00132954
-0.00266093
-0.00309147
0.00053093
-0.00253085
-0.00150373
-0.00094371
0.000449876
-0.00236048
0.00222511
-0.00310488
-0.00212295
-0.00186331
-0.00557191
-0.00229331
-0.00345001
-0.00353474
8.38238e-05
-0.00066492
-0.00032043
-0.00111455
0.000724418
-0.00203352
-0.000539912
-0.00150373
-0.00137879
-0.000647526
-4.55385e-05
-0.00237835
0.000122422
-0.00178199
-0.00218579
-0.00253085
-0.00250836
0.000251908
-0.00137394
-0.00154456
-0.000131377
-0.000109547
-0.000728647
-0.00184101
-0.00325764
-0.00126637
0.000702778
-0.000625487
-0.00107807
-0.0011809
-0.000368491
0.000595131
-0.00015318
0.000702778
-0.00613302
0.000401561
-0.0050137
-7.11971e-06
-0.00296121
-0.00266093
-0.000217125
-0.00285006
0.000918043
-0.000195232
-0.00210063
-0.00331979
0.000961205
-0.00415394
0.00164441
-0.00051791
-0.000324712
-0.00143704
-0.00143704
-0.0013106
-0.00453759
0.00139133
0.00168726
-0.00139611
-0.00426138
-0.00105125
-0.00278573
0.00336042
-0.0033425
0.000660243
-0.00250836
-0.00259335
-0.00148153
-0.0014593
-0.00144036
0.00121944
-0.000195232
-0.00272345
-0.00570269
-0.0033425
0.000896502
-0.0026159
-0.00280838
-0.000173313
-0.000260831
-0.00581026
-0.00197472
-0.00197472
-0.00210063
-0.0031727
0.000660243
0.000660243
-0.00126637
0.00164426
-0.00184474
-0.00130729
0.000638512
0.00140763
-0.00319525
-0.00601578
-0.00137394
-0.00250836
-0.00394534
-0.00319525
-0.00175583
6.2094e-05
-0.00094371
0.00104719
-0.00100706
-0.00370395
-0.00160731
0.00132707
-6.58082e-05
-8.76911e-05
-0.000539912
0.000638512
-0.00250836
-0.00581026
-0.00326275
-0.000174956
-0.000733074
-0.00405293
-0.00137394
-0.00452226
-0.00229331
-0.000346614
-0.000625487
-1.97897e-06
-0.000625487
0.00076778
-0.000324712
-0.00113669
-0.00192977
-0.0024633
-0.00105125
-0.00422254
0.00157967
0.00254359
-0.00484491
0.000127363
-0.00267824
-0.00449929
-0.0014593
-0.00439179
-0.000862782
-0.00169672
-0.00015318
0.000746086
-0.00422254
-0.00229331
-0.00449929
-0.00167442
-0.00221237
-0.00109534
-0.00578697
-0.00486797
-0.00162973
-0.00175962
-0.00225285
0.000616808
-0.0019931
-0.00137394
-0.0014593
-0.003235
-0.0013106
0.00147743
0.00021313
0.000466973
0.00100416
0.00151517
-0.000302782
-0.00328026
-0.00178199
-0.000772511
-0.000280826
0.00284351
-0.00512122
-0.001225
0.000359445
-0.00276494
-0.00111734
0.000363343
0.000616808
-0.00205986
-0.00250836
-0.00400324
0.000148051
-0.00158912
0.00207499
-0.00124422
-0.00178199
-0.00246811
-0.00270086
-0.00433009
-0.000131377
-0.00329706
-0.00223053
-0.00266093
-0.00148153
-0.00184474
-0.00404929
-0.00167442
0.000466973
-0.00113669
-0.00347272
-0.000581329
-0.00120297
-0.00115881
-0.000818531
-0.000238991
-0.00529557
-0.00283101
-0.00449929
-0.00190783
-0.000217125
-0.00351194
0.00145055
-0.00126637
-0.000410341
-0.00548757
-0.00278732
0.00269358
0.00175175
-0.00233811
-0.00402628
-0.00137394
-0.00266093
-0.00180433
-0.00300072
-0.00049588
-0.00253085
-0.00220817
0.000810415
-0.00255331
-0.00362261
-0.00107331
-0.0019931
-0.00205592
-0.000899593
0.00170873
-0.00154456
0.00076778
0.000293924
-0.00223053
-0.00315012
-0.00383432
6.2094e-05
-0.00551072
0.000298988
-0.000109547
-4.55385e-05
0.00053093
-0.00173723
-0.00246811
-0.00051791
-0.00347272
-0.0033817
-0.00338783
0.00168726
-0.00349541
-0.00139611
-0.00216751
-0.00218579
-0.00161136
-0.00567944
-0.000625487
-0.00259335
0.000186277
-0.00051791
-0.00131174
-0.000368491
-0.00154456
-0.00244571
-0.00250836
-0.00401058
-0.00289322
-0.00174124
-0.00298008
-0.00137394
-0.000625487
-0.00276855
-0.00165209
-0.00424536
-0.00390299
-0.00578697
-0.000324712
-0.00150373
-0.00188957
-0.00304615
0.000918043
-0.00458375
-0.005252
-0.00171488
-0.00150373
-0.00372685
-0.00272345
-0.00049588
-0.00345001
-0.00195223
-0.00184474
-0.00381821
0.000681163
0.000423338
-0.00210063
-0.00356332
-0.00137394
-0.000902039
0.000552697
-0.00158912
-0.00330285
-0.0012885
0.000423338
-0.00102917
0.000514116
-0.00231572
-0.00184461
-0.000109547
-4.55385e-05
-0.00619171
-0.00255331
-0.00049588
-0.00509569
0.00076778
0.000578599
-0.00328026
-0.00229331
-0.00158912
0.00139133
-0.0024633
-0.00560953
-0.00107331
-0.00576366
0.000509189
-0.00606276
-0.00105125
0.000406557
-0.00368102
-0.00278573
-0.000880111
-0.00465279
-0.00276855
-0.00529557
0.000832019
-0.00377258
-0.00246811
-0.000324712
-0.00417982
-0.00182664
-0.00252553
-0.000903897
-0.0012885
0.0019036
-0.000772511
-0.00589451
-0.00167442
-0.00020038
-0.00449929
-0.00165209
-6.58082e-05
-0.00283101
-0.000581329
0.000702778
-0.00366505
8.38238e-05
-0.00374973
-0.00049588
0.000939611
-0.00218579
-0.00499049
-0.00450623
-0.00216339
-0.00165209
-0.00113669
-0.000881668
-0.0019931
-0.00137394
-0.0011809
0.000702778
-0.00101144
-0.00396476
-0.00355752
-0.0014593
-0.00388013
-0.00207829
-0.00165575
-0.00276855
-0.00201538
-0.00191194
-0.000686775
-0.000238991
-0.00279106
-0.00366505
-0.00272345
-0.00242328
-0.00358027
-0.00244571
-0.00244571
-2.66503e-05
-2.66503e-05
-0.00263843
-0.00270086
-0.00267824
-0.00150373
-0.00447628
-0.00137394
-0.00139611
4.1687e-05
0.000149173
-0.00205986
-0.00175962
-0.00051791
-0.00287618
-0.00274034
-0.00331979
-0.00341046
-0.00332541
0.0026283
-0.00338783
-0.00332329
-0.00381821
-0.00238242
0.00076778
-0.000324712
0.000315738
-0.00377258
-0.00156685
0.000810415
-0.000473825
-0.000280826
-0.000454247
-0.000131377
-0.00223053
-0.00180028
-0.00139611
-0.0014593
-0.00150373
-0.00306882
-0.00280838
-0.00135175
-0.00293509
-0.0033425
-0.00236048
-0.00266093
-0.00240503
-0.000903897
-0.00302345
-0.00126637
-0.00420282
-0.00289322
-0.00169672
-0.00358027
-0.00355752
-0.00248584
-0.00126637
0.000660243
-0.00398768
-0.00156685
-0.00358027
-0.000603421
-0.00112237
-0.00188957
-0.00156685
-0.00107807
0.00177345
-0.00535956
-0.000109547
-0.0047143
-0.00477557
-0.0033425
-0.00162939
-0.00358027
-0.00231572
-0.00433009
-0.000880111
-0.00321777
-0.00120297
-0.00456068
0.00121944
0.000403259
-0.00289322
-0.00492935
-0.00401058
-0.00248584
-0.00186331
0.000810415
-0.0026159
-0.00368784
-0.00522874
-0.00192977
-0.00336518
-0.00361939
-0.00411818
-0.000581329
-0.00259816
0.00134289
-0.00637169
0.00128436
-0.000539912
-0.00242328
-0.0049062
-0.00361939
-0.000410341
-0.00259335
-0.00317645
-0.0026159
-0.00152224
-0.00276305
-0.00341046
-0.00289322
-0.00469122
0.00104719
-0.00115881
-0.00321777
-0.00342726
-0.00139611
0.00119784
-0.00231572
-0.00122204
-0.00135175
-0.000236834
-0.00250836
-0.00283101
-0.00298382
0.000702778
-0.00257575
-0.00257077
-0.00657463
0.000169717
0.00224792
-0.00535689
-0.00300253
-0.000881668
-0.0014593
-0.000280826
-0.00229331
-0.00148153
-0.00194846
-0.000109547
-0.00143704
0.00010558
-0.00207829
-0.00492935
-0.000858156
-0.00396476
-0.00237835
-0.00236048
-0.00445325
-0.00454522
-0.00102917
-0.00186331
-0.00162939
0.000746086
0.000682
0.00147743
-0.000388349
-0.00049588
-0.000750592
-0.00246811
-0.00325764
0.0016227
-0.00193004
-0.00486797
-0.00616835
-0.00244571
-0.00651416
-0.00469122
0.000191411
-0.00355752
0.00229023
0.00010558
0.00010558
-0.0046298
-0.00180433
0.000745762
-0.0015852
-0.000539912
-0.00338783
-2.3772e-05
0.00104719
0.00100416
-0.00366505
-0.00433009
-0.00101144
-0.00101144
0.00160634
-0.00246811
-0.00259816
-0.00531862
0.000702778
0.000702778
0.00314523
-0.00182664
-0.00632255
0.000788837
-0.00107331
-0.000346614
-0.000535493
-0.00325764
-0.00390299
-0.00608621
-0.00293857
-0.00328026
-0.000238991
-2.3772e-05
-0.00132954
0.000874988
-0.00218579
-0.000750592
0.00177345
-0.0047524
-0.00456814
-0.00105125
-0.00253085
0.00113327
-0.00289322
-0.00527249
-0.0013106
-0.00444103
-0.00270086
-0.00482182
-0.000970424
-0.00139611
-0.00325764
-0.00325764
-0.00139611
-0.00201538
-0.00201538
-0.00306882
-0.0043334
-0.00173723
-0.00565616
-0.00231572
-0.00231572
-0.00433009
-0.00433009
-0.00519081
-8.76911e-05
-0.00184474
-0.00283101
-0.00203764
-0.000324712
-0.00302345
-0.000432307
-0.00161136
-0.0015259
-0.00267824
-0.00178199
-0.00175909
0.00168726
0.000832019
-0.00105125
-0.00188558
-0.00240083
-0.00443765
-0.00413778
-0.00466812
-0.000238991
-0.00263843
-0.0030426
0.000127363
0.00134846
-0.00171488
-0.00336518
0.00076778
-0.00223053
-0.00342726
0.00053093
-0.000750592
-0.00207829
-2.3772e-05
-0.000151367
0.000364118
-0.00443765
-0.00113669
0.000277331
-0.00233811
-0.00358027
-0.00389995
-0.00120297
8.38238e-05
-0.00557191
0.000832019
-0.000688842
0.000659576
-0.00278573
-0.000858156
-0.00212295
-0.00098493
-0.00516497
-0.000621129
0.00066484
0.00066484
-0.000599194
-0.00152224
-0.00325764
-0.00111455
-0.000836174
-0.00160735
0.00139133
4.1687e-05
0.000191411
-0.00479871
0.000793818
-0.00253085
-0.00132954
-0.000427957
-0.00098396
-0.0019931
-0.0019931
-0.00188558
-0.00188558
-0.0015852
-0.000603421
-0.00374973
-0.00238281
-0.00139611
-0.00370757
-0.00370757
-0.00107331
0.000702778
-0.000109547
-0.00101144
-0.00524939
-0.00336518
-0.00336518
-0.0041997
-0.00115881
-0.00499864
-0.0031472
-0.00270086
-0.00227086
-0.00404929
-0.00144036
-0.00158912
-0.00373333
-0.000432307
-0.000432307
-0.00143704
-0.00452226
0.000595131
-0.00541796
-0.00283101
-0.00235584
-0.00248584
0.00106875
-0.000131377
0.000682
-0.000965728
-0.00235584
-0.0039418
-0.0039418
-0.00366505
-0.00587116
-0.00400747
-0.00148153
-0.00148153
-0.00133268
-0.00533627
-0.0014593
-0.00315012
-0.000948275
-0.00210063
-0.00032043
-0.000684677
-0.00236048
-0.0019931
0.000342381
-0.00094371
-0.00094371
0.00216141
-0.00354071
-0.00231572
-0.00117759
-0.00201538
-0.00212295
-0.00094371
-0.00289
-0.00312751
-0.00466812
-0.00383432
-0.00227086
-0.00227086
-0.0012885
0.00106875
0.00284351
-0.00175583
-0.00210063
-0.000131377
-0.00177807
-0.00375275
-0.000814165
-0.00445325
0.000535726
-0.00285006
-0.00285006
-0.000858156
-0.0026556
-0.00345001
-0.003235
-0.00590836
-0.00590836
-0.00649069
-0.00547879
0.00233452
-0.00745655
-0.0030426
-0.00538003
-0.00156685
-0.00364223
-0.00180028
-0.00278573
-0.00336518
-0.00415394
-0.00415394
-1.97897e-06
-0.00345001
-0.00199716
0.000982826
0.00233265
-0.00049588
0.00162341
0.000638512
-0.00124422
-0.00098493
-0.00098772
-0.00098772
-0.000728647
0.00119784
0.00048883
-0.00370395
-0.0047143
-0.000603421
-0.00118184
-0.00590836
-0.00246811
-0.003235
-0.00135175
-0.00725431
-0.00248584
-0.00786268
-0.00434583
-0.00320587
-0.00257077
-0.00259335
-0.00400324
-0.00179981
-0.00698074
-0.00543411
-0.00518214
-0.00563286
-0.0064928
-0.00485982
-0.0047524
-0.00259335
-0.00479871
-0.000366329
-0.00466812
-0.00590836
-0.00560953
-0.00118184
-0.00349248
-0.00609964
-0.00336518
-0.00175962
-0.0057775
-0.00466812
-0.00539471
-0.0047143
-0.00601578
-0.00132954
-0.00428431
-0.00560953
-0.00248584
-0.0033817
-0.00601578
-0.00517992
-0.00651416
-0.0047143
-0.00346625
-0.0033425
-0.00573051
-0.00235584
-0.00571695
-0.00534812
-0.00665848
-0.0014999
-0.0074462
-0.000774173
-0.00348911
-0.00544119
-0.00293509
-0.00800576
-0.00676589
-0.0057775
-0.00695701
-0.0051419
-0.00257077
-0.0042181
-0.00396476
-0.00396476
-0.00351194
-0.00383432
-0.00132954
-0.00096688
0.00119252
0.000425206
-0.00382665
-0.00132537
-0.000729709
-0.0024633
-0.00494398
-0.00352776
-0.00485982
-0.00212217
-0.00499049
-0.00359652
-0.00695701
-0.00318964
0.000127363
0.000127363
-0.00300072
-0.00537365
-0.00378841
-0.00378841
-0.00489737
-0.00483659
-0.00916198
-0.00466812
-0.00370395
-0.00383432
-0.0021843
-0.00808909
-0.00779101
-0.000555244
-0.00198865
-0.00931761
-0.00469122
-0.00346625
-0.00545545
-0.00429976
-0.0017322
-0.00183954
-0.0020147
-0.00799403
-0.00597868
-0.00704062
-0.00400324
-0.00156251
0.000300276
0.00278383
0.00342338
-0.00119983
0.00211756
0.00374915
0.00387119
0.00340237
0.00473208
0.00383236
0.00374578
0.00319
0.00447567
0.00547854
0.00336042
0.0046245
0.0046245
0.00364152
0.00293
0.00310324
0.00372487
0.00599607
0.00231143
0.00426661
0.00530961
0.00124087
0.00124087
0.00237671
0.00383608
0.00170873
0.00293573
0.00261302
0.000277331
0.00376991
0.00410727
0.00588849
0.00353086
0.00269958
0.00505476
0.00239784
0.00344442
0.00391903
0.00267858
0.00430171
0.00300148
0.00346801
0.00287296
0.00428716
-0.000127103
-0.00169274
0.00113327
-0.00244073
-0.00798174
-0.00361939
-0.00316691
-0.00931761
-0.00445325
-0.00284776
-0.00590836
-0.00235584
-0.00395708
-0.00270086
-0.00672917
-0.00342726
-0.00218579
-0.00094058
-0.00464499
-0.0061232
-0.0020111
-0.00284776
-0.00329706
-0.00228816
-0.00211849
-0.00644369
-0.00770753
-0.00533372
-0.00432281
-0.00331979
-0.00520311
-0.00137012
-0.00240083
-0.00299743
-0.00224839
-0.00393909
-0.00501137
-0.00329706
-0.00109237
-0.00372428
-0.00355752
-0.00329706
-0.0026556
-0.00512122
-0.00377258
-0.000195232
-0.00331979
-0.00539471
-0.00126272
-0.0037015
-0.00456068
-0.00473496
-0.00299743
-0.00408756
-0.00663486
-0.00692061
-0.00257077
-0.00261262
1.98407e-05
-0.00244073
-0.00423842
-0.00244073
-0.00235297
-0.00310488
-0.00147753
-0.00391883
-0.00269764
-0.00119983
-0.00552541
-0.00179981
-0.000388349
-0.00464499
-0.00348911
-0.00477557
-0.00128502
-0.00154456
-0.00499049
-0.00532674
-0.00156685
-0.00218579
-0.00308222
-0.00518214
-0.00466812
-0.000214798
-0.00244073
-0.00318964
0.000725595
-0.00395708
-0.0033817
-0.00665848
-0.00109237
-0.0034045
-0.00184474
0.000574491
-0.0075763
-0.00434583
-0.0063363
-0.00571695
-0.00117759
-0.00318964
-0.00111073
-0.0037015
-0.00359652
-0.00100706
-0.003235
-0.00351194
-0.00357363
-0.00569356
-0.00318964
-0.00244073
-0.00393182
-0.00571695
-0.00520545
-0.00364223
-0.00432281
-0.00464499
-0.00235018
-0.00329706
-0.0047143
-0.00417683
-0.00396191
-0.00473735
-0.00325764
-0.00240083
-0.0034045
-0.00470599
-0.00261262
-0.00302003
-0.00580096
-0.00387722
-0.00632255
-0.00305953
-0.00137012
-0.00329025
-0.00458375
-0.00638324
-0.00214524
-0.00492069
-0.00353474
-0.00179981
-0.00436883
-0.00214095
-0.00502806
-0.00434583
-0.00434583
-0.00274254
-0.00537142
-0.00303979
-0.00590836
-0.000685138
-0.00509569
-0.00428431
-0.00254816
-0.00266093
-0.00263293
-0.00427916
-0.00207829
-0.00335888
-0.00119651
-0.0019931
-0.00331979
-0.00436883
-0.00240083
-0.00445325
-0.00274034
-0.00503689
-0.00359652
-2.19627e-05
-0.00453759
-0.00316691
-0.00315012
-0.00580096
-0.00207349
-0.0024633
-0.0014999
-0.00383432
-0.00276003
-0.000662651
-0.00406937
-0.00528731
-0.00571695
-0.00657463
-0.00545545
-0.0040922
-0.00359652
-0.00278573
-0.00263293
-0.00504937
-0.00182229
-0.00447628
-0.00687331
-0.00426138
-0.00832725
-0.00229331
-0.00141476
-0.0027201
-0.00436883
-0.00331979
-0.00218579
-0.00377258
-0.00547879
-0.00143704
-0.00642014
-0.00417683
-0.003235
-0.00458375
-0.00327754
-0.00509797
-0.00274601
-0.00520311
-0.00940112
-0.00289
-0.0047524
-0.00460679
-0.00496725
-0.00257077
-0.00257077
-0.00283101
-0.00297797
-0.00547879
-0.00383432
-0.00723148
-0.00143704
-0.00586135
-0.0026556
-0.00676589
-0.00905461
-0.00259335
-0.00368102
-0.00488303
-0.00353474
-0.00665848
-0.00385724
-0.00504937
-0.00662166
-0.00492069
-0.00773138
-0.00665848
-0.00254816
-0.00413102
-0.00773138
-0.00270086
-0.0044302
-0.00490393
-0.00615975
-0.000710971
-0.00940112
-0.00544119
-0.00270086
-0.00479871
-0.00620703
-0.00618341
-0.00428431
-0.0014593
-0.00496725
-0.00119983
-0.00398017
-0.00708817
-0.00727804
-0.00295519
-0.00668207
-0.00483659
-0.00233331
-0.00267516
-0.00756403
-0.0033425
-0.00261023
-0.00426138
-0.00582439
-0.00348911
-0.00361939
-0.00575402
-0.00441473
-0.00596869
-0.00130729
-0.00284776
-0.00655299
-0.00520545
-0.00458375
-0.00603928
-0.00278573
-0.00593183
-0.00583781
-0.00505139
-0.00250656
-0.00552541
-0.0034045
-0.00321233
-0.00329706
-0.00214095
-0.00494398
-0.00270086
-0.00419243
-0.00404651
-0.00190725
-0.00162973
-0.00349541
-0.00618341
-0.0024633
-0.00563286
-0.00813717
-0.00601578
-0.00513543
-0.00530325
-0.0068259
-0.00449929
-0.00400324
-0.00370395
-0.00608621
-0.00623064
-0.00496725
-0.00651416
-0.00345001
-0.00926925
-0.0032743
-0.0032743
-0.00351194
-0.00481333
-0.00385724
-0.00331979
-0.00325152
-0.00278573
-0.00479871
-0.00370395
-0.00587116
-0.00706441
-0.00725538
-0.00745655
-0.00557191
-0.00214476
-0.00366131
-0.00241813
-0.00331979
-0.00650554
-0.00469122
-0.00595527
-0.00640667
-0.00736277
-0.0068259
-0.00310136
-0.0084112
-0.00377258
-0.00698074
-0.00507469
-0.00663486
-0.00659816
-0.00139245
-0.00650554
-0.0042643
-0.00636169
-0.0042643
-0.00687331
-0.00437182
-0.00803143
-0.00760155
-0.00590836
-0.00400324
-0.0020111
-0.00319293
-0.00571695
-0.00402628
-0.00402628
-0.00485982
-0.0073854
-0.00717182
-0.00402628
-0.00518214
-0.0039418
-0.00481615
-0.00565616
-0.00730308
-0.00400324
-0.00606276
-0.00267824
-0.00391883
-0.0031472
-0.00797016
-0.00488303
-0.00571951
-0.00161188
-0.00770753
-0.00438654
-0.00359652
-0.0049062
-0.0034045
-0.00280838
-0.00216339
-0.00937675
-0.00518214
-0.00819645
-0.00453759
-0.00800576
-0.000644505
-0.00502806
-0.00574032
-0.00479871
-0.00569356
-0.00819645
-0.00606276
-0.00595527
-0.00719562
-0.00633808
-0.00633808
-0.0084112
-0.0076369
-0.00283101
-0.00704062
-0.00550211
-0.00374973
-0.00439491
-0.00374973
-0.00374973
-0.00689697
-0.00646918
-0.00588487
-0.000881668
-0.00351194
-0.00813717
-0.00657463
-0.00481333
-0.00287051
-0.0081243
-0.00477557
-0.00690947
-0.00242328
-0.0077431
-0.00347272
-0.00347272
-0.00312751
-0.00794626
-0.00875766
-0.00376542
-0.00916198
-0.00293857
-0.00447062
-0.00469122
-0.00642186
-0.0039418
-0.00631444
-0.00719562
-0.00817234
-0.00620703
-0.00522874
-0.00603928
-0.00608621
-0.00631444
-0.00385724
-0.00627776
-0.00589451
-0.0051588
-0.00959156
-0.00749411
-0.00820909
-0.000366329
-0.0095671
-0.00582439
-0.00400324
-0.00888822
-0.00631444
-0.00574032
-0.00916198
-0.0049062
-0.00400324
-0.00717182
-0.00885299
-0.00479871
-0.00370395
-0.00570269
-0.00216339
-0.00820909
-0.00574032
-0.00620703
-0.00531294
-0.00447628
-0.00229744
-0.00330043
-0.00822054
-0.00499049
-0.00192977
-0.0088408
-0.00642186
-0.00646918
-0.00666046
-0.00832795
-0.00717182
-0.00751802
-0.00674416
-0.00757758
-0.00319293
-0.00653997
-0.00623341
-0.0076369
-0.00638528
-0.00980641
-0.00980641
-0.00599476
-0.00396476
-0.00732689
-0.00556502
-0.00854278
-0.00627776
-0.00650554
-0.00666046
-0.00580346
-0.00571951
-0.00571951
-0.00526944
-0.00526944
-0.0095671
-0.00738667
-0.00416071
-0.00642186
-0.00588731
-0.00564886
-0.00404929
-0.0075419
-0.007685
-0.00689697
-0.00723349
-0.00850769
-0.00694422
-0.00954262
-0.00552796
-0.00557191
-0.00862598
-0.00496725
-0.00593183
-0.00370395
-0.00718296
-0.00642186
-0.00843536
-0.00377258
-0.00905461
-0.0075419
-0.00345001
-0.00843536
-0.00652928
-0.00603928
-0.00698074
-0.00620703
-0.00578697
-0.00894822
-0.010401
-0.00693518
-0.00522874
-0.00501137
-0.00639815
-0.0050137
-0.00567244
-0.0050137
-0.00620703
-0.00370395
-0.00666046
-0.0057775
-0.00798174
-0.00287051
-0.00582439
-0.00584779
-0.00757758
-0.0042643
-0.00576366
-0.00835204
-0.00835204
-0.00374973
-0.0084595
-0.0084595
-0.00300072
-0.00531294
-0.00499049
-0.00417179
-0.007685
-0.00948416
-0.00652928
-0.00642186
-0.00401058
-0.00751802
-0.007948
-0.00826864
-0.0106651
-0.00467119
-0.00985468
-0.00978188
-0.00555135
-0.0082446
-0.00738667
-0.00567244
-0.00738667
-0.00729056
-0.00633808
-0.00950855
-0.00402628
-0.00730308
-0.00620703
-0.00639815
-0.00623064
-0.00698074
-0.0095671
-0.00639815
-0.00736277
-0.0042643
-0.00550454
-0.00638528
-0.00829265
-0.00447934
-0.00832971
-0.00631444
-0.00310824
-0.0045172
-0.00556502
-0.00911418
-0.00691127
-0.00751802
-0.0068259
-0.00706441
-0.00413374
-0.00633808
-0.00364594
-0.0042643
-0.00770901
-0.007685
-0.00953292
-0.0087819
-0.0095191
-0.00625421
-0.00723148
-0.00937675
-0.00537365
-0.00542045
-0.00975731
-0.0071143
-0.0110204
-0.00552796
-0.00743439
-0.00464793
-0.00924607
-0.00563548
-0.0075055
-0.00512122
-0.00601578
-0.0087819
-0.0051588
-0.00870909
-0.00479871
-0.00783882
-0.00587116
-0.00849436
-0.00290955
-0.00719562
-0.00764775
-0.00907886
-0.00639815
-0.00719562
-0.00432554
-0.00535021
-0.0050137
-0.009616
-0.00503689
-0.00730175
-0.00518214
-0.00710026
-0.00597868
-0.00571951
-0.00147753
-0.00718296
-0.00609964
-0.00851858
-0.00599225
-0.00727924
-0.00639815
-0.00959156
-0.00378841
-0.00638528
-0.00617025
-0.00533627
-0.00652928
-0.009616
-0.00953292
-0.00807765
-0.0036844
-0.0074462
-0.0047143
-0.00892385
-0.00586366
-0.00505139
-0.00749411
-0.00573051
-0.00617025
-0.00818514
-0.00813717
-0.00629078
-0.00676794
-0.00542929
-0.007948
-0.00618341
-0.00603928
-0.0076255
-0.00725538
-0.00800576
-0.00558853
-0.00711191
-0.00751802
-0.00623064
-0.00533627
-0.0087819
-0.00749411
-0.00655299
-0.00730308
-0.00625421
-0.00652928
-0.00875766
-0.0110947
-0.00862598
-0.00644553
-0.00512122
-0.00820909
-0.00469442
-0.00439491
-0.00454046
-0.00760155
-0.00717182
-0.00582439
-0.00760155
-0.00548109
-0.00614674
-0.00604205
-0.00972345
-0.00533372
-0.00657668
-0.00533627
-0.00655108
-0.00717182
-0.00578697
-0.00816117
-0.00496725
-0.00940112
-0.00559807
-0.0064928
-0.00340793
-0.00319293
-0.00741054
-0.00776835
-0.00707538
-0.00822054
-0.00708817
-0.00655299
-0.00787575
-0.00441799
-0.00475541
-0.00439491
-0.00467119
-0.00751802
-0.010319
-0.00969898
-0.00954262
-0.00330043
-0.00394558
-0.0095671
-0.00755358
-0.00610221
-0.00610221
-0.00403
-0.0120939
-0.00597868
-0.00637443
-0.00563548
-0.0104257
-0.00642186
-0.00813717
-0.00432554
-0.00631444
-0.00702811
-0.00668418
-0.00978188
-0.00723148
-0.00717182
-0.00638528
-0.0119865
-0.00813892
-0.00950855
-0.00539706
-0.0084595
-0.00681543
-0.00782745
-0.00666046
-0.00614674
-0.00948416
-0.0061232
-0.0036844
-0.00644553
-0.00447934
-0.00732689
-0.00749411
-0.007685
-0.00897257
-0.00826864
-0.00738667
-0.0113424
-0.00644553
-0.00437182
-0.00873339
