0.0120226
0.0143735
0.012045
0.0126664
0.011612
0.0103726
0.0105069
0.00959345
0.0115119
0.011422
0.011562
0.0133465
0.0121833
0.0115786
0.0115786
0.0108005
0.0106128
0.0107849
0.0134893
0.0123726
0.0137068
0.0120119
0.0120119
0.0121442
0.0121275
0.00899895
0.0114566
0.0134356
0.00972619
0.0120443
0.0120068
0.00906758
0.0119395
0.012306
0.012306
0.0120774
0.0140673
0.0119395
0.0108354
0.0113181
0.00934345
0.0114066
0.0114066
0.0104394
0.0130582
0.0130582
0.0130914
0.00916628
0.0120443
0.013148
0.013148
0.0110788
0.00917529
0.0111449
0.0112676
0.0118346
0.0114725
0.01265
0.011973
0.0105961
0.0104372
0.011201
0.0110075
0.0113181
0.0141246
0.01139
0.0108185
0.0129693
0.0129693
0.0108343
0.0123718
0.0123718
0.0108005
0.0111997
0.0111997
0.0108185
0.0104204
0.0110066
0.0110066
0.0114734
0.011973
0.011973
0.0126085
0.0122163
0.0119395
0.0121108
0.00981303
0.00981303
0.0130748
0.011423
0.0113896
0.0113896
0.0118895
0.0128532
0.0110585
0.0123163
0.0123163
0.00996828
0.00996828
0.011922
0.0107514
0.0118009
0.0125273
0.0126103
0.0120226
0.0120616
0.0130252
0.0124549
0.00974629
0.0140343
0.0114903
0.0118177
0.010939
0.01049
0.0108901
0.0105947
0.0129271
0.0104394
0.0112679
0.011201
0.0117674
0.0117174
0.0114734
0.0104036
0.0104036
0.0114063
0.0108735
0.0107837
0.0122996
0.00986042
0.0119899
0.0117339
0.0104879
0.0121116
0.0119621
0.0101435
0.0121668
0.0119395
0.0118564
0.0120774
0.0120774
0.0126829
0.0117341
0.011612
0.0108901
0.0128506
0.0111126
0.0126994
0.0126994
0.0110276
0.013211
0.013211
0.010528
0.0122171
0.0115786
0.01175
0.0103178
0.0126664
0.0113519
0.00936058
0.0121998
0.011373
0.0123209
0.0126321
0.0120616
0.0109402
0.0120278
0.0125257
0.010957
0.0126085
0.0107849
0.0125273
0.0114954
0.0125438
0.0112844
0.0111291
0.0132606
0.0123883
0.0103869
0.0098873
0.0101775
0.0101775
0.0117674
0.0101605
0.0115451
0.0115451
0.0113896
0.0111618
0.011823
0.0112509
0.0120941
0.0102482
0.0124929
0.0122329
0.0109727
0.0106791
0.0118009
0.0121452
0.0106452
0.0111797
0.0116625
0.0125108
0.0132275
0.0119387
0.0118399
0.0119554
0.0119395
0.0124049
0.0132403
0.0132403
0.0112512
0.0119721
0.00946863
0.0109222
0.0117507
0.0111293
0.0114066
0.0106791
0.0116287
0.0117906
0.0122163
0.012577
0.0125257
0.0126336
0.011635
0.0111126
0.0128532
0.0106452
0.0120941
0.0120941
0.0109402
0.01049
0.011128
0.0120119
0.0106115
0.0109727
0.0116288
0.0129213
0.0124032
0.0114903
0.011823
0.0112512
0.0112512
0.0114063
0.0126951
0.0102651
0.011612
0.00990074
0.0105423
0.0104059
0.0100594
0.0117507
0.0117507
0.0110788
0.0117743
0.0114398
0.0104394
0.0110442
0.0120774
0.0112846
0.0115953
0.0113896
0.0123395
0.0112676
0.0107681
0.0123883
0.0124198
0.0131644
0.0115952
0.0115952
0.0108523
0.0103157
0.0128368
0.0129027
0.012578
0.0114233
0.0114233
0.0110788
0.0122329
0.0121998
0.010939
0.0120782
0.0114903
0.0125273
0.0125273
0.011823
0.0123332
0.0107501
0.0101435
0.0101435
0.0110788
0.0117507
0.0113564
0.0120941
0.0109906
0.0111449
0.0141572
0.0141572
0.011562
0.011562
0.0126586
0.0129027
0.0120278
0.0114734
0.0121116
0.0120949
0.0125092
0.0115451
0.0112176
0.0112176
0.0127639
0.0117009
0.0122147
0.0126977
0.0130829
0.0133958
0.0122671
0.0116288
0.0130252
0.0122721
0.0136577
0.00983004
0.010939
0.0119061
0.0122313
0.0122495
0.0125108
0.0111788
0.0122661
0.0122661
0.0103348
0.0123702
0.0123883
0.0122337
0.0122337
0.0104879
0.0115284
0.011562
0.0119563
0.01144
0.0103668
0.0111449
0.0111449
0.0109738
0.0135513
0.0112676
0.0105751
0.0103157
0.011628
0.011628
0.0123224
0.0124616
0.0110289
0.0120284
0.0120284
0.0116625
0.0109222
0.0129597
0.00965781
0.0135184
0.0120616
0.0110788
0.0110788
0.0115952
0.0122828
0.0102988
0.0116679
0.0112844
0.0111449
0.0111449
0.0118009
0.0118009
0.0112509
0.0101605
0.0114903
0.0120443
0.0120443
0.0118394
0.0119061
0.0111449
0.0114567
0.0115774
0.0132137
0.0119228
0.0103892
0.0111628
0.0127639
0.00986715
0.0136124
0.0112844
0.0117334
0.0114461
0.0122329
0.0117507
0.0105947
0.0124944
0.0124944
0.0128532
0.0128532
0.0122163
0.0118009
0.0110955
0.0110955
0.012976
0.0124216
0.0122163
0.0122163
0.0107312
0.0106621
0.0106621
0.0123537
0.0104059
0.0111967
0.0119949
0.0108174
0.0103348
0.0122996
0.0122996
0.0110955
0.0112676
0.0110626
0.00990403
0.012577
0.0117004
0.0109235
0.0117341
0.0115615
0.0112846
0.0107285
0.0107285
0.0118564
0.0125422
0.0115953
0.0112509
0.0120113
0.0121108
0.0121108
0.0125092
0.0117174
0.0130805
0.0130805
0.0123553
0.0123553
0.0118729
0.0112163
0.0118001
0.0116843
0.0101266
0.0116674
0.0116674
0.0117174
0.0110066
0.00910214
0.0112844
0.0097454
0.011046
0.0107669
0.0118895
0.0121284
0.0104394
0.0120782
0.0120782
0.011335
0.0125273
0.011612
0.0125438
0.0122671
0.0116793
0.0116793
0.0111967
0.0112844
0.0106791
0.0109727
0.0111844
0.0111844
0.0122661
0.0122661
0.0125918
0.0116624
0.0120774
0.0125937
0.0116456
0.0105049
0.0110919
0.0110919
0.0104731
0.0134695
0.0134695
0.0110075
0.0102841
0.0100953
0.0100953
0.0108174
0.0107669
0.0102283
0.0102283
0.0126173
0.00981848
0.0102482
0.0126158
0.0115786
0.00993762
0.010652
0.010652
0.011373
0.0118723
0.0100736
0.0133501
0.0121833
0.012069
0.0109222
0.011373
0.0100618
0.0100618
0.010006
0.0108239
0.0122329
0.00964402
0.0111112
0.0111112
0.011807
0.0117009
0.0118558
0.0105947
0.0112509
0.0122495
0.0110955
0.0110955
0.0111123
0.0120263
0.0123231
0.0113896
0.0101435
0.0120782
0.00906279
0.0114398
0.0115454
0.01139
0.01139
0.0131373
0.0122504
0.0105613
0.0104562
0.0104562
0.0104562
0.0105947
0.0105947
0.0114063
0.0112844
0.0124531
0.011011
0.0117009
0.0115786
0.0102841
0.0102148
0.0105613
0.0105613
0.0123726
0.0107669
0.0107669
0.0104372
0.0114959
0.0106284
0.0115451
0.0120774
0.0109402
0.00978235
0.0119061
0.0119061
0.012804
0.012306
0.012306
0.0110788
0.00911504
0.0108866
0.0108866
0.0107648
0.0103869
0.0118054
0.0110295
0.0104619
0.0113404
0.0128532
0.0128532
0.011979
0.011979
0.00972859
0.011011
0.011011
0.0102339
0.0121341
0.00910745
0.0124944
0.011922
0.011562
0.0105613
0.00964402
0.0107181
0.0117341
0.0105446
0.0102482
0.0102482
0.011758
0.0106452
0.0103348
0.0101605
0.0120949
0.010471
0.0117341
0.0101097
0.0115454
0.0100929
0.0100929
0.0120616
0.0102651
0.0106479
0.0118399
0.0104036
0.00914916
0.010356
0.0105613
0.0100761
0.0108735
0.00941371
0.0106263
0.00880458
0.0102451
0.010939
0.0105926
0.0105926
0.00870086
0.0108888
0.0103038
0.00920788
0.0109779
0.00919112
0.010939
0.0101097
0.0101405
0.00889043
0.00894715
0.00894715
0.00894715
0.00878744
0.00769107
0.00637445
0.00807054
0.00916096
0.00916096
0.00895367
0.0100415
0.0118468
0.0148086
0.0173374
0.0158047
0.0158047
0.0183622
0.0228412
0.0237279
0.0232077
0.0254384
0.0254384
0.026284
0.0282851
0.0300996
0.0308086
0.0319581
0.0319581
0.0341525
0.0384186
0.0370306
0.0391814
0.0387927
0.0408815
0.0408815
0.0408815
0.0406105
0.0463163
0.0454322
0.0456032
0.0466229
0.046129
0.0489743
0.0494036
0.0512198
0.0498013
0.052151
0.054702
0.0554616
0.0563975
0.0574525
0.0579015
0.0578713
0.0578713
0.057596
0.058986
0.0599809
0.0605595
0.0617808
0.0610421
0.0609945
0.063517
0.062556
0.0623436
0.0630704
0.0636095
0.0613423
0.0617426
0.0610102
0.0613342
0.0611933
0.0619528
0.060906
0.0611913
0.0617949
0.0600326
0.0600326
0.0607176
0.0597944
0.0629133
0.0699782
0.0699782
0.0708542
0.07245
0.0737031
0.0718259
0.0719093
0.0713455
0.0700732
0.0703844
0.0700147
0.069182
0.0700623
0.0701307
0.0682813
0.0695375
0.0696922
0.0687923
0.068435
0.0684744
0.0684744
0.0684744
0.068672
0.0694593
0.0700732
0.0699251
0.0684633
0.0684633
0.0688965
0.0678731
0.067548
0.0684173
0.0705506
0.0686668
0.0686668
0.0679638
0.0697185
0.0680656
0.0680656
0.0693785
0.0693785
0.0680472
0.0693004
0.0693004
0.0681512
0.068909
0.0706
0.0706
0.0698308
0.0683213
0.0685827
0.0679523
0.0692196
0.0689513
0.0686334
0.0691709
0.0689007
0.0680837
0.0671931
0.0668284
0.0662621
0.0682471
0.0675825
0.0678656
0.0689183
0.0680383
0.0680383
0.0682986
0.069434
0.0693474
0.0674008
0.0673893
0.0695221
0.0667011
0.0673588
0.0673588
0.0681679
0.067177
0.0684223
0.0645598
0.0652186
0.0657328
0.0644596
0.0650566
0.0650566
0.0656126
0.0670678
0.0667094
0.0676111
0.0679401
0.0668117
0.0668603
0.0672468
0.0675291
0.067811
0.0663685
0.0671137
0.0673984
0.0673984
0.0671925
0.0671925
0.0675333
0.0672586
0.0669754
0.0676407
0.0685144
0.0668872
0.0667713
0.0667713
0.0673893
0.0693855
0.0693855
0.0681512
0.0685648
0.0668636
0.0673665
0.0688482
0.068402
0.0676525
0.0676525
0.0672885
0.0680615
0.0685029
0.0682201
0.0682201
0.0649751
0.0638589
0.0638589
0.0625268
0.0616523
0.0616523
0.0627206
0.0647868
0.0655863
0.0659958
0.065304
0.0673315
0.0658122
0.0658122
0.0666055
0.0663655
0.0671858
0.0668012
0.0668012
0.0688017
0.067008
0.0666738
0.067008
0.0684578
0.0672325
0.0672325
0.0679552
0.0675898
0.0673347
0.0673347
0.0673542
0.0673542
0.0690833
0.0676589
0.0680529
0.0677074
0.0675777
0.0675777
0.0682039
0.0682906
0.0687779
0.0687779
0.0679759
0.0682513
0.0682513
0.0698056
0.068156
0.0704597
0.0704092
0.0712638
0.0712638
0.0736056
0.0728663
0.0736844
0.0749584
0.0743281
0.0736056
0.0741474
0.072771
0.0718396
0.0718396
0.0704393
0.0714206
0.0703407
0.0728109
0.0706711
0.0712305
0.0718084
0.0703599
0.0716107
0.0703285
0.0686989
0.0712819
0.0692492
0.0709677
0.070019
0.070019
0.0676203
0.0702186
0.0696102
0.0711474
0.068963
0.0683484
0.0697513
0.0692599
0.0680144
0.0689527
0.0693506
0.0692814
0.0689463
0.0685662
0.0687907
0.0701462
0.0694512
0.0694512
0.068577
0.068577
0.0696102
0.0696346
0.0698387
0.0688362
0.0678936
0.0697513
0.0697478
0.0686717
0.0692067
0.0688841
0.0696133
0.0684475
0.06934
0.0697724
0.0697693
0.0680966
0.0691009
0.0687657
0.0687657
0.0693349
0.0692923
0.0693764
0.0697371
0.0688949
0.0691596
0.0682885
0.0679706
0.0691915
0.0691915
0.0697371
0.0692599
0.0692599
0.0692599
0.0691915
0.0689204
0.0674659
0.0682268
0.0695146
0.0695146
0.0687863
0.069921
0.0682713
0.0687084
0.0689689
0.0691596
0.0686929
0.06779
0.0695922
0.0681678
0.0686772
0.06954
0.06954
0.0683542
0.0680687
0.068853
0.0688156
0.0688156
0.0685074
0.0676137
0.0696454
0.0696454
0.0682994
0.0682994
0.0681079
0.0681079
0.0682777
0.0686342
0.0681079
0.0681079
0.0694649
0.0694649
0.0682823
0.0679315
0.0684966
0.0689058
0.0695204
0.0677291
0.0677291
0.0695817
0.0693659
0.0680144
0.067234
0.0685074
0.0681124
0.0683592
0.0676072
0.0681296
0.069783
0.0691915
0.0686235
0.0689166
0.0684031
0.0684584
0.0684538
0.0672414
0.068688
0.068688
0.0672961
0.0672961
0.0683212
0.0687098
0.0693764
0.0682003
0.0682003
0.0677327
0.0687098
0.0689527
0.0693554
0.0680306
0.0680306
0.0678446
0.0670862
0.0685952
0.0691225
0.0667279
0.0684911
0.0680855
0.0674597
0.068672
0.0681954
0.0681954
0.0673177
0.0678617
0.0687429
0.0682222
0.0679425
0.0692923
0.0680905
0.0692237
0.0692237
0.068573
0.067533
0.0674709
0.068688
0.0673819
0.0679425
0.0679425
0.0687873
0.0676692
0.0692385
0.0680034
0.0683322
0.0679382
0.0672673
0.068847
0.0678717
0.0688579
0.0680477
0.0692173
0.0692173
0.0670343
0.0664146
0.0674372
0.0687036
0.0676028
0.0691333
0.0686449
0.0669091
0.06854
0.0687888
0.0670422
0.0684368
0.0691702
0.0691702
0.0683536
0.0682994
0.0686929
0.0679815
0.0694621
0.0694621
0.0681234
0.069473
0.0683212
0.0685879
0.0690539
0.0679425
0.0679425
0.0685619
0.0674329
0.0674329
0.0683592
0.0685638
0.0692492
0.0676358
0.0683376
0.069372
0.0686063
0.068847
0.0684368
0.0684368
0.0692783
0.0678844
0.0692237
0.0697265
0.0680092
0.0680477
0.0691759
0.067828
0.0685242
0.0683921
0.0685291
0.0680092
0.0685509
0.0688309
0.06844
0.0686514
0.0707935
0.0674549
0.0674549
0.0679979
0.0667504
0.068573
0.0678955
0.0684141
0.0687251
0.0684368
0.0676692
0.0681234
0.0681623
0.0679697
0.067828
0.0689495
0.0684141
0.0680177
0.0681404
0.0687687
0.0683432
0.0683432
0.0666976
0.0679425
0.0677772
0.0682823
0.0682065
0.0679924
0.0679924
0.0687577
0.0686989
0.06854
0.0682289
0.0689605
0.0678504
0.0688579
0.0673294
0.0684141
0.0678168
0.0689017
0.0692893
0.067766
0.066937
0.0680726
0.0682332
0.0686449
0.0690162
0.0686772
0.0688797
0.0686063
0.0677772
0.0676637
0.0676637
0.0676469
0.0676692
0.0673744
0.0702817
0.0690865
0.0684692
0.0685131
0.0673709
0.0680477
0.0670678
0.0687318
0.0683542
0.0680144
0.0680144
0.0681843
0.0682741
0.068754
0.0701636
0.067936
0.0683542
0.0675164
0.0682065
0.0680701
0.0695729
0.0676523
0.0687429
0.0687429
0.0685576
0.0702538
0.0677142
0.0702817
0.0674993
0.0687098
0.0668074
0.0668074
0.0692454
0.0690606
0.0679756
0.0677707
0.0686652
0.0699499
0.0682761
0.0690051
0.0674242
0.0677486
0.0683001
0.0685353
0.0694262
0.0684181
0.0683765
0.0685131
0.0677754
0.0676072
0.0676072
0.0668305
0.0688017
0.0691883
0.0669891
0.0681173
0.0684252
0.0672044
0.0672044
0.0683156
0.0671513
0.0673971
0.0685576
0.0685576
0.068754
0.0677528
0.0681843
0.0680204
0.0673122
0.0667127
0.0673009
0.0673009
0.068584
0.0694153
0.0685182
0.0680948
0.0678778
0.068573
0.0677946
0.0693032
0.0677129
0.0680034
0.0680034
0.067533
0.0672833
0.0682994
0.0686556
0.0686664
0.0679425
0.0678168
0.068573
0.0679535
0.0681124
0.0679002
0.0688797
0.0688797
0.0689275
0.0688841
0.0688017
0.0685446
0.0681679
0.0681679
0.0674079
0.0700065
0.068688
0.0664105
0.068847
0.067873
0.067873
0.0682553
0.0682553
0.0682553
0.0686098
0.0666862
0.0666862
0.0672491
0.0680701
0.0695743
0.06865
0.0679979
0.0680701
0.0686664
0.0684692
0.06854
0.0682823
0.0687336
0.0678778
0.0690169
0.0690169
0.0679026
0.0678057
0.0684193
0.0673966
0.0667504
0.0677946
0.0677946
0.067519
0.0684801
0.0685952
0.0683876
0.0677548
0.0684031
0.0673971
0.068754
0.0673062
0.0689605
0.0674993
0.0686208
0.0683156
0.0687251
0.0680317
0.0682494
0.0671018
0.0675027
0.0675027
0.0675164
0.0686429
0.0667731
0.0697442
0.0691194
0.0682665
0.0689128
0.0689128
0.0679425
0.0675666
0.0685952
0.0685952
0.0673349
0.0683542
0.0683765
0.0691084
0.0672192
0.0679645
0.0686098
0.0685952
0.0677754
0.0672785
0.0683765
0.0688579
0.0688579
0.0689166
0.0685291
0.0680744
0.0690539
0.0679811
0.0687429
0.0687429
0.0679868
0.0677997
0.0677997
0.0676247
0.0684364
0.0680092
0.0680092
0.0690756
0.0687468
0.0683653
0.0680477
0.0694839
0.0694839
0.0682177
0.0680366
0.0680366
0.0681234
0.068451
0.0683542
0.0681513
0.0683001
0.0675492
0.0686989
0.0676247
0.0687651
0.0687763
0.0685464
0.0678567
0.0691084
0.0684252
0.0669018
0.0688797
0.0680038
0.0677257
0.0687468
0.067612
0.0680701
0.0680255
0.0685988
0.0685988
0.0668676
0.0677437
0.0681679
0.0687208
0.0687208
0.0677884
0.0681513
0.0681513
0.0673966
0.0684966
0.0686989
0.0678958
0.0678958
0.0687208
0.0679979
0.0685353
0.0681733
0.0681843
0.0695743
0.0695743
0.0652876
0.0684252
0.0684252
0.0676917
0.068809
0.0681954
0.0679868
0.0679868
0.0666637
0.0666637
0.0678392
0.0689605
0.0689605
0.0675217
0.0671931
0.0689854
0.067658
0.0678504
0.0676072
0.0676072
0.0682553
0.0678778
0.0671132
0.0665389
0.0685021
0.0685021
0.067658
0.0673742
0.0676409
0.0678392
0.0677997
0.0676028
0.0672451
0.0701547
0.0684692
0.0680204
0.0667731
0.0685619
0.0675628
0.0679979
0.0681041
0.0672605
0.0682177
0.0685291
0.0687251
0.0677617
0.0677617
0.0694404
0.0675554
0.0675738
0.0686664
0.0683322
0.0681285
0.068573
0.0680524
0.0680524
0.068672
0.0681954
0.0677191
0.0675105
0.0678778
0.0699176
0.0683376
0.0678617
0.0678617
0.0685021
0.0682627
0.0681843
0.0671484
0.0692129
0.0661563
0.0661563
0.0678667
0.0690431
0.0678617
0.0679868
0.0679756
0.0675666
0.0685509
0.0687318
0.0682514
0.0681792
0.0682245
0.0684968
0.0677079
0.0677079
0.0671018
0.0674192
0.0676523
0.0681954
0.068688
0.0681124
0.0679206
0.0673122
0.0673122
0.0685952
0.0680477
0.0685242
0.0685242
0.0672491
0.0669431
0.067527
0.0676523
0.0674936
0.0674936
0.0685021
0.0681456
0.06865
0.067703
0.0696648
0.0682289
0.0683267
0.0686175
0.0685353
0.0672561
0.0670263
0.0674597
0.0682885
0.0679248
0.0672897
0.0691416
0.0667547
0.0680366
0.0696429
0.0688257
0.0682177
0.0682177
0.0677191
0.069372
0.0683653
0.0694153
0.0694153
0.0690277
0.0676184
0.0679756
0.069006
0.0682177
0.0674597
0.0680505
0.0678617
0.0677548
0.0687208
0.0687208
0.0692599
0.0674659
0.0691194
0.0683701
0.066961
0.0680034
0.0677142
0.0694949
0.0694949
0.0683161
0.0679535
0.0669775
0.0668305
0.0676804
0.0676804
0.0672042
0.0675738
0.0674305
0.0676409
0.0690647
0.0690647
0.0677836
0.067596
0.0679472
0.0683267
0.0675557
0.0674803
0.0674803
0.067658
0.0684141
0.0681623
0.06854
0.0681623
0.0683212
0.0678008
0.0674993
0.0673744
0.0679425
0.067505
0.0670343
0.0670343
0.0680092
0.0671931
0.0688707
0.0674261
0.0676028
0.0676028
0.0668563
0.0697265
0.0677884
0.0677997
0.0686063
0.0676638
0.0676638
0.0678617
0.0692923
0.068853
0.0674709
0.0681954
0.0681954
0.0657267
0.067873
0.0673122
0.0672536
0.0681843
0.0683653
0.0683653
0.0669775
0.0684214
0.068584
0.0677143
0.0690939
0.0676804
0.0665369
0.0673925
0.0692863
0.0664146
0.0677884
0.0673349
0.0668904
0.0695737
0.0685801
0.0685306
0.0689351
0.0678958
0.0680814
0.0680814
0.0690939
0.0676917
0.0671878
0.0673349
0.0675901
0.0688865
0.0681843
0.0679811
0.0673966
0.0679454
0.0676184
0.0684327
0.0678958
0.0674822
0.0681954
0.0690717
0.0669949
0.0690277
0.0683989
0.0694044
0.068338
0.0684814
0.067415
0.067415
0.0691864
0.0691864
0.0669091
0.0682289
0.0678392
0.0669249
0.0679454
0.0683001
0.0688907
0.0682289
0.0682177
0.068584
0.067612
0.0690756
0.0675779
0.0682065
0.0683044
0.0689495
0.0684141
0.0688841
0.0687121
0.0687121
0.068174
0.0682018
0.0682888
0.0677601
0.0677601
0.0688214
0.0679227
0.068584
0.0681456
0.0685464
0.0674192
0.0687502
0.0665163
0.0698585
0.0691333
0.0666862
0.0679924
0.0665962
0.0680726
0.0680726
0.0684303
0.0690974
0.066747
0.0686831
0.0678223
0.0683542
0.0683542
0.0674085
0.0687318
0.0686772
0.0691527
0.0678958
0.0683921
0.0677303
0.0673236
0.0678392
0.0699742
0.0680477
0.0683156
0.0694482
0.0681733
0.0678617
0.0680948
0.0682713
0.0677836
0.0687907
0.0674372
0.0677707
0.0683044
0.0671592
0.0683114
0.0686772
0.0671763
0.0690606
0.0682332
0.067703
0.0669386
0.068847
0.0675279
0.0673009
0.0659863
0.0682289
0.0676637
0.0675279
0.0696538
0.0696538
0.0673293
0.0680038
0.0683542
0.0678392
0.0681843
0.0679472
0.0679114
0.066067
0.0684364
0.0689351
0.0689575
0.0688577
0.0682401
0.0684588
0.0670678
0.0684214
0.0671476
0.0673009
0.0673009
0.0673693
0.067766
0.0674763
0.0679756
0.0694189
0.0683432
0.0685952
0.0678057
0.0671018
0.0688688
0.0688688
0.0678168
0.0664904
0.0673518
0.0673294
0.0673294
0.0670974
0.0685509
0.0670904
0.0684701
0.0661907
0.0669318
0.0668114
0.0674484
0.0690277
0.0672108
0.0672108
0.0672108
0.0696211
0.068573
0.0673236
0.0685509
0.067072
0.0675738
0.0688907
0.0672378
0.0682332
0.0681954
0.067516
0.0679645
0.06854
0.0674372
0.0670791
0.067415
0.0679315
0.0679645
0.0690496
0.0681404
0.0676184
0.0672561
0.0674372
0.0681623
0.0678392
0.0678392
0.0683212
0.0674936
0.0672042
0.0683103
0.0683103
0.0673854
0.0686288
0.0671964
0.0672718
0.0679137
0.0681954
0.0681954
0.0655698
0.0670292
0.0679472
0.0677836
0.0685021
0.0665275
0.0676858
0.0676358
0.0667781
0.0688949
0.0687036
0.0677548
0.0677548
0.0681077
0.0676358
0.0682823
0.067703
0.0670377
0.0681567
0.0681567
0.0681843
0.067477
0.0679114
0.0687577
0.0690939
0.0677946
0.0693895
0.0693895
0.0690756
0.067766
0.0681345
0.0666374
0.0668755
0.0685353
0.0682222
0.0680658
0.0686319
0.0680034
0.0680034
0.0683542
0.0672491
0.0671085
0.068338
0.0690974
0.0676297
0.067234
0.0684101
0.0683811
0.0676072
0.0678567
0.0688375
0.0676692
0.0676692
0.0685576
0.0689351
0.0678617
0.0681189
0.0680366
0.0676917
0.0679454
0.0689203
0.0693115
0.068508
0.0672044
0.0685689
0.0685689
0.0683114
0.0683946
0.0678617
0.0679645
0.0677997
0.0673519
0.0683653
0.0675408
0.0674597
0.0679868
0.0673009
0.0675442
0.0688734
0.0681173
0.067873
0.0677367
0.0683492
0.0682776
0.0694044
0.0678958
0.0693785
0.0681041
0.0672491
0.0669204
0.0681623
0.0681623
0.0687318
0.0673177
0.0672378
0.0672378
0.0683484
0.0683484
0.0693115
0.0675628
0.0684031
0.0677217
0.0683044
0.0680966
0.0671246
0.0681843
0.068688
0.0677327
0.0684252
0.0677191
0.0668643
0.0695962
0.0671476
0.066966
0.0681786
0.0672266
0.0675628
0.0676184
0.0676184
0.0676184
0.0670904
0.0681404
0.0690606
0.0684584
0.0678556
0.0678556
0.0685619
0.0670791
0.0678958
0.0676184
0.0681733
0.0681733
0.0685619
0.0677217
0.0672154
0.0675849
0.0665503
0.0681456
0.0681456
0.0687651
0.0684476
0.066845
0.066845
0.0683322
0.0671085
0.0671085
0.0687318
0.067766
0.068661
0.0681456
0.0676692
0.0676692
0.0693339
0.0685689
0.0704729
0.0675279
0.0686319
0.068824
0.068824
0.0680204
0.0683542
0.067015
0.0667845
0.0669318
0.0681456
0.0681456
0.0678958
0.0668772
0.0660206
0.0678392
0.0676804
0.0688907
0.0672154
0.0691305
0.0673009
0.0673009
0.0684252
0.0684252
0.0688017
0.0694949
0.0683765
0.0680544
0.0678682
0.0675164
0.0688865
0.0673464
0.0704836
0.069336
0.0675786
0.0682289
0.0682289
0.0698259
0.0678168
0.0673744
0.0681456
0.0689495
0.0681041
0.0679585
0.0669091
0.0669091
0.0664146
0.0683592
0.0679206
0.0679868
0.0679227
0.0680255
0.0687318
0.0665617
0.0680589
0.0669431
0.0669431
0.067828
0.067828
0.0690756
0.0682065
0.0676523
0.0676523
0.0680701
0.0669318
0.0676072
0.0682443
0.0680144
0.0680144
0.0684633
0.0695743
0.0672673
0.0694482
0.0691276
0.0675554
0.0676297
0.0684141
0.0683653
0.0684368
0.0685952
0.0681792
0.0685509
0.0685509
0.0665503
0.0680366
0.0674881
0.0674881
0.0686066
0.0678667
0.0678667
0.0685952
0.0674597
0.0677143
0.0668979
0.0687318
0.0687318
0.0686989
0.0691194
0.0675108
0.0693032
0.0680092
0.0680092
0.0674439
0.0674439
0.0674822
0.0681895
0.0673518
0.0679924
0.0688797
0.0660206
0.0663916
0.0680255
0.0691117
0.0681456
0.0680658
0.0689385
0.0674305
0.0694512
0.0668138
0.0693004
0.0693004
0.0684364
0.0676748
0.0687429
0.0687429
0.0676804
0.0678336
0.0678336
0.0678504
0.0673062
0.0683921
0.0669546
0.0691084
0.0671536
0.0672718
0.0671197
0.0674709
0.0667089
0.0676297
0.0679979
0.0679979
0.0684744
0.0685021
0.067505
0.0678392
0.0687796
0.0678446
0.0677183
0.0678057
0.0678057
0.0676469
0.067658
0.0694262
0.0689239
0.0675554
0.0684031
0.0672947
0.0672947
0.0678168
0.0667504
0.0679425
0.0669091
0.0697585
0.0683044
0.068688
0.0671361
0.067131
0.067596
0.0678168
0.0682222
0.0666078
0.0683765
0.067873
0.0672266
0.0688017
0.0688017
0.0682332
0.0670904
0.0691883
0.0691883
0.0681843
0.0667547
0.0667547
0.0690184
0.0681234
0.0686175
0.0666437
0.0686772
0.067635
0.0673122
0.0678778
0.067828
0.0692086
0.0688797
0.0691194
0.0691194
0.0671132
0.0676297
0.0680366
0.0694482
0.0681567
0.0696758
0.0668822
0.0688464
0.0676917
0.0687763
0.0693141
0.0685021
0.067889
0.0672266
0.0676072
0.0677946
0.0679697
0.0690277
0.0683921
0.0683921
0.0676409
0.0685131
0.0664332
0.0669204
0.0669249
0.0684141
0.0671132
0.0685131
0.067873
0.0669133
0.0673349
0.0693227
0.0680366
0.0680366
0.0671738
0.0680204
0.0685182
0.0688369
0.0678392
0.0678392
0.0672306
0.0691527
0.0666663
0.0681626
0.0685464
0.0667243
0.0667243
0.0676409
0.0669091
0.0673809
0.0670904
0.0675105
0.0675105
0.0663956
0.0672158
0.0687053
0.0677096
0.0680153
0.0683001
0.0683001
0.0687053
0.0682553
0.0674648
0.0684588
0.0667203
0.0667203
0.0676865
0.0676523
0.0680927
0.0676751
0.0683322
0.0683432
0.0683432
0.067658
0.067533
0.0693917
0.067596
0.0682289
0.0677367
0.0690496
0.0687053
0.0672718
0.0680038
0.0682289
0.0676804
0.0676804
0.0671085
0.0672192
0.0681041
0.0687907
0.0686175
0.0686175
0.0681843
0.0663724
0.0679697
0.0683212
0.0671649
0.0681733
0.0684252
0.0671018
0.067766
0.068824
0.0678556
0.0681041
0.0673925
0.0679756
0.068672
0.0690865
0.0690865
0.0684141
0.0684141
0.0683876
0.0683876
0.0685242
0.0665503
0.0673349
0.0697551
0.0697551
0.0676804
0.0680579
0.06865
0.0683322
0.069006
0.069006
0.0681679
0.0679868
0.0681792
0.0678556
0.0671132
0.0671132
0.0681567
0.0687907
0.0698367
0.0662022
0.0684441
0.0676523
0.0671361
0.0678504
0.069473
0.069473
0.0687098
0.0669431
0.0696669
0.0682177
0.0678844
0.0693936
0.0678392
0.068754
0.067873
0.0671132
0.0676409
0.0671018
0.0682776
0.0682776
0.0675217
0.0685021
0.0671763
0.0680701
0.0666259
0.0669775
0.0685464
0.0680658
0.0680658
0.0686941
0.0692783
0.067811
0.067811
0.0677367
0.0683765
0.0670835
0.0682289
0.0691662
0.0664674
0.0664674
0.0677486
0.0674484
0.0682018
0.0687208
0.0682553
0.0681904
0.0676248
0.0694482
0.0679114
0.0682741
0.0673809
0.0676917
0.0676917
0.0678844
0.0675394
0.0681154
0.0677096
0.0689828
0.0684588
0.0685242
0.0689351
0.0682514
0.0672833
0.0682665
0.0669775
0.0678504
0.0678504
0.0679418
0.0682065
0.0677371
0.0680153
0.0680153
0.0662676
0.0684141
0.0668563
0.0685306
0.066502
0.0680544
0.0680544
0.0678223
0.0679425
0.0683492
0.0682888
0.0675105
0.0687164
0.0681124
0.0679979
0.067698
0.0674085
0.0669954
0.0679425
0.0689166
0.0689166
0.0681567
0.0676523
0.0680255
0.0683044
0.068661
0.0696102
0.0683432
0.0671422
0.0670904
0.0670904
0.0673293
0.0673293
0.0678617
0.0680204
0.0669949
0.0680701
0.0689239
0.0689239
0.0672718
0.0677143
0.0671649
0.0670037
0.0688101
0.0688101
0.0696995
0.0670123
0.068043
0.0683114
0.067551
0.0687988
0.0685193
0.0673643
0.0673643
0.0698018
0.0677257
0.0680477
0.0680477
0.0675671
0.0693032
0.0684801
0.0677997
0.0682131
0.0682514
0.0666031
0.0663689
0.0680837
0.0680837
0.0679002
0.0672266
0.0672266
0.0673578
0.0684252
0.0674822
0.0676523
0.0668421
0.0676917
0.0676917
0.0681904
0.0696102
0.0681527
0.06864
0.0671476
0.0670755
0.0680701
0.0682177
0.0680204
0.0694261
0.066384
0.0681398
0.0671018
0.066144
0.0674763
0.067766
0.0676055
0.0691864
0.0669891
0.0676917
0.0671361
0.0671931
0.0692673
0.067828
0.0674419
0.0683765
0.0676637
0.066819
0.0682514
0.0697215
0.0675671
0.0682359
0.0682776
0.0673177
0.0674419
0.0680658
0.0681705
0.0678223
0.0681954
0.0685353
0.0682401
0.0672224
0.0672224
0.0668538
0.0680092
0.0682855
0.0682855
0.0658891
0.0663763
0.0678617
0.0680317
0.0679868
0.0673293
0.0683605
0.0676364
0.0677486
0.0681383
0.068529
0.0681843
0.0678567
0.0678567
0.0676865
0.0677371
0.0680092
0.0680092
0.067131
0.067131
0.0685801
0.0674709
0.067505
0.0670915
0.0677936
0.0683989
0.0683989
0.0678814
0.0672718
0.0683653
0.066966
0.0679697
0.0679697
0.0669775
0.0673177
0.0679756
0.067828
0.0674597
0.0678452
0.0682969
0.0678844
0.0682665
0.0665846
0.0680589
0.0681154
0.0682514
0.0679114
0.0691527
0.0687907
0.0687988
0.0668012
0.0668012
0.0675626
0.0689351
0.069473
0.0671361
0.0681003
0.0676016
0.0676016
0.0663142
0.0683227
0.0671476
0.0674995
0.0678223
0.0687053
0.0687053
0.0673925
0.0673925
0.0674897
0.0675279
0.0683946
0.0683946
0.0691305
0.0675111
0.0672833
0.067811
0.0682537
0.0678682
0.0678682
0.0664308
0.0664308
0.0682514
0.0676006
0.0675111
0.0675111
0.0691051
0.0674936
0.0689575
0.0667432
0.0679341
0.0687651
0.0692673
0.0685915
0.0678617
0.0667779
0.0680927
0.0669318
0.0671649
0.0671649
0.0689939
0.0679072
0.0668979
0.0688265
0.067095
0.0695634
0.0695634
0.0671993
0.0667731
0.0685353
0.0678844
0.0698128
0.0678168
0.0679811
0.0678567
0.0685353
0.0681041
0.0669891
0.0680477
0.0674085
0.0660553
0.0671476
0.0673925
0.0670292
0.0692863
0.0679227
0.0669597
0.0675666
0.0682741
0.0684364
0.0684701
0.0684701
0.0674822
0.0671708
0.0671708
0.0675164
0.0682018
0.068754
0.0678844
0.0682401
0.0681189
0.0683267
0.0683267
0.0677486
0.0682177
0.0682177
0.0674085
0.0694228
0.0689351
0.068508
0.0685915
0.067658
0.0671146
0.0674709
0.0679114
0.0697215
0.0676184
0.0676409
0.0676409
0.0673578
0.0685952
0.0679979
0.0680038
0.0682888
0.0683718
0.0683718
0.0680255
0.0680255
0.0683876
0.0667432
0.0682627
0.0682627
0.0680204
0.0681189
0.0693471
0.0682514
0.068824
0.0671422
0.0671422
0.0675279
0.0686142
0.0682855
0.0662676
0.0683989
0.0682359
0.0682359
0.0670407
0.0674238
0.0672615
0.0675345
0.0688214
0.0670292
0.0692454
0.0684061
0.0677707
0.068754
0.066796
0.0667504
0.0667504
0.0694117
0.0670123
0.0671649
0.06864
0.0674822
0.0691305
0.0678052
0.0678223
0.0681626
0.0672947
0.0676523
0.0676637
0.0676364
0.0676364
0.0682855
0.0690276
0.066966
0.0672378
0.0666078
0.0666078
0.068853
0.0686028
0.0681003
0.068043
0.0683001
0.0683989
0.0690743
0.0672768
0.0665194
0.0684785
0.0675164
0.0675164
0.0674936
0.0692196
0.0669546
0.0682514
0.0684101
0.0682514
0.0682514
0.0688797
0.0681679
0.0682855
0.0676184
0.0679585
0.0672108
0.0674085
0.0674085
0.0680814
0.0665846
0.0680204
0.0688352
0.0680855
0.0680855
0.067234
0.0683653
0.0677328
0.0684814
0.0680317
0.0675626
0.067703
0.0690828
0.0673693
0.0687502
0.0698914
0.0682401
0.0682401
0.0681003
0.0687429
0.0685689
0.0683653
0.0674822
0.0674822
0.0679002
0.0673809
0.0662605
0.0667432
0.067533
0.0667845
0.0667845
0.0673809
0.0673122
0.067612
0.0685801
0.0690828
0.0690828
0.0682969
0.0681679
0.0675557
0.0681954
0.0664904
0.0689854
0.0680814
0.0680814
0.0687651
0.0679187
0.0680948
0.0673177
0.0674305
0.0689463
0.0671132
0.0672718
0.0682812
0.0676409
0.0673349
0.0673349
0.0682018
0.0686288
0.068338
0.0673693
0.0677754
0.0677754
0.0671422
0.0667845
0.0659658
0.0689166
0.0667317
0.0680948
0.0680948
0.0673578
0.0681345
0.067533
0.0672491
0.0667547
0.0676523
0.0676184
0.0680658
0.0672491
0.068584
0.0685952
0.0684856
0.0662908
0.0662908
0.0685242
0.0671361
0.0687164
0.0676637
0.067828
0.067828
0.0678504
0.0682665
0.0683267
0.0667203
0.0691416
0.0673929
0.0672266
0.0664609
0.067505
0.067505
0.0671592
0.0676523
0.0679697
0.0679697
0.0673236
0.0683876
0.0673925
0.0668979
0.0680726
0.0681154
0.067703
0.0677772
0.0680255
0.068853
0.0670377
0.0678504
0.0675443
0.0671246
0.067596
0.0682627
0.0682553
0.0675105
0.0675105
0.0671246
0.0665503
0.0671132
0.0679683
0.0687429
0.0671592
0.0671592
0.0670377
0.0672718
0.0674419
0.0681792
0.0684814
0.0684476
0.0687164
0.0687164
0.0676637
0.0684476
0.0669297
0.0677257
0.0677257
0.0677303
0.0682514
0.0682514
0.0685193
0.0675786
0.0680255
0.0680255
0.0679341
0.0676072
0.0685619
0.0665309
0.0665309
0.0679811
0.067505
0.067505
0.0694704
0.0694704
0.0699717
0.0674936
0.0678392
0.0676409
0.0683156
0.0668305
0.068584
0.0676865
0.0667731
0.0676528
0.0676072
0.0677143
0.06864
0.06864
0.0686028
0.0676409
0.0667617
0.0682018
0.0682514
0.0669091
0.0676808
0.0679227
0.0672673
0.067703
0.0669018
0.0673236
0.0681843
0.0682018
0.0685353
0.0687651
0.0676692
0.0685021
0.0677212
0.0677371
0.0676297
0.0671993
0.0679828
0.0673009
0.0671018
0.0674822
0.0674822
0.0677079
0.0668938
0.0686445
0.0670639
0.0686319
0.0658217
0.0658217
0.0684141
0.0676297
0.0668866
0.068174
0.0676072
0.0656142
0.0656142
0.067811
0.0669133
0.068573
0.0687208
0.0679248
0.0679248
0.0670239
0.0685353
0.0664726
0.0671246
0.0684556
0.0690717
0.067095
0.0676751
0.0684101
0.0681285
0.0677191
0.0689495
0.069012
0.069012
0.0671476
0.0663608
0.0674261
0.0668074
0.0676184
0.0676184
0.0693764
0.0668024
0.0674822
0.0689128
0.0681041
0.0686668
0.0686668
0.0680888
0.068043
0.0665252
0.0690828
0.06854
0.0686175
0.0686175
0.0686175
0.0688865
0.0677096
0.0682401
0.0677096
0.0677096
0.0675557
0.0674936
0.0689316
0.0681189
0.0676409
0.0691502
0.0682514
0.0679187
0.0676637
0.0670356
0.070084
0.0681383
0.0683267
0.0689463
0.0687429
0.0675164
0.0686223
0.0684968
0.0684968
0.0672224
0.0667663
0.069012
0.0694512
0.0680317
0.0680317
0.0676072
0.0681641
0.0676751
0.0678452
0.0681904
0.066315
0.066315
0.0671993
0.066419
0.0670407
0.0664674
0.068672
0.068672
0.0671993
0.0685509
0.0674993
0.0686989
0.0682888
0.0686063
0.0686063
0.0677997
0.0677997
0.0682855
0.0682289
0.0673693
0.066631
0.066631
0.0685619
0.0685131
0.0670566
0.0669275
0.067596
0.067596
0.0673406
0.0673905
0.0670491
0.0677868
0.0676637
0.0682741
0.0682741
0.0685801
0.0684475
0.0669775
0.0672378
0.0681234
0.0664146
0.0664146
0.0674484
0.0679756
0.0685619
0.066335
0.066335
0.0664218
0.0688841
0.0669925
0.0693936
0.0693936
0.0678556
0.0677367
0.0676358
0.0668137
0.0686223
0.0670791
0.0670791
0.0676469
0.0655606
0.065639
0.0669546
0.0678452
0.0673464
0.0684031
0.0679868
0.0675105
0.0682401
0.0667279
0.0674822
0.068577
0.0678844
0.066966
0.0672266
0.0679227
0.0689128
0.0679941
0.0671931
0.0679868
0.0679868
0.066966
0.0671422
0.0671422
0.0679924
0.0683542
0.0673693
0.0672605
0.0678057
0.0678057
0.0664726
0.0666078
0.0676523
0.0685182
0.0678958
0.067703
0.0672378
0.0672378
0.0683989
0.0666489
0.0681234
0.0666194
0.0688352
0.0688352
0.0684633
0.0681954
0.0685021
0.0679979
0.0681843
0.0675164
0.0675849
0.0675666
0.0678337
0.0667317
0.0672266
0.0688688
0.0692196
0.066086
0.0672718
0.0680744
0.0681792
0.0681792
0.067936
0.0677437
0.0687318
0.0680814
0.0687318
0.0670491
0.0686989
0.0686989
0.0683811
0.0685576
0.0685576
0.0668592
0.06865
0.0685689
0.0674648
0.0674192
0.0673406
0.0683032
0.0678057
0.0678057
0.0678504
0.0684911
0.0676692
0.0683212
0.0679206
0.0666862
0.0679535
0.067698
0.0665617
0.0673966
0.0675828
0.0685879
0.0674709
0.0676692
0.0675849
0.0671361
0.0682553
0.0676072
0.0677946
0.0667203
0.0682113
0.0682113
0.067873
0.066315
0.0677997
0.0665163
0.0665163
0.0671085
0.0673299
0.0683876
0.0683876
0.0681954
0.067811
0.067811
0.0680589
0.0679868
0.0679868
0.0681345
0.0692454
0.0692454
0.066315
0.0676358
0.0683322
0.0674822
0.0676523
0.0687251
0.0683376
0.0669546
0.0683322
0.0672491
0.0683484
0.0682289
0.0682289
0.0695887
0.066796
0.0678556
0.0684692
0.0684692
0.0662811
0.067828
0.0682065
0.0682065
0.0683432
0.0660123
0.0660123
0.0680038
0.0683199
0.0680814
0.0694704
0.0681527
0.0681527
0.067889
0.0676917
0.0669775
0.0673349
0.0684291
0.0684291
0.0667845
0.0689239
0.0669318
0.0689058
0.0679072
0.0668563
0.0682888
0.0690865
0.067828
0.0668337
0.0681005
0.0663264
0.0663264
0.0676917
0.0679315
0.0670974
0.0673966
0.0682776
0.0679315
0.0679315
0.0677303
0.0689166
0.0673966
0.0672897
0.067533
0.0671018
0.0671018
0.0674709
0.0669018
0.0683811
0.0672605
0.0682934
0.0682934
0.0669775
0.0680204
0.0665136
0.0665136
0.0674822
0.0679828
0.0679828
0.0672266
0.0684031
0.0662138
0.0683701
0.0678337
0.0674597
0.0678223
0.0665692
0.0677884
0.0666031
0.0672491
0.0680317
0.0678504
0.0678223
0.0678223
0.0674484
0.0674484
0.0689385
0.0685021
0.0668337
0.0669204
0.0677257
0.0673122
0.0669546
0.0672044
0.0674597
0.0679585
0.0675554
0.0673236
0.0680477
0.0663264
0.068451
0.068451
0.0673854
0.0680092
0.0680092
0.0679341
0.0682823
0.0678844
0.067658
0.0683212
0.0677997
0.0673631
0.0673631
0.0676072
0.0668074
0.0671132
0.0671132
0.0684814
0.0680144
0.0688017
0.0680849
0.0680849
0.068043
0.0670063
0.0664261
0.0682494
0.0682494
0.0669891
0.0681792
0.0684476
0.0670123
0.0674763
0.0689128
0.0689128
0.0691552
0.0686541
0.0669891
0.0691751
0.0667203
0.0667203
0.06742
0.0688328
0.0680092
0.0684441
0.0679697
0.0691416
0.0691416
0.0677717
0.0676397
0.0674547
0.0670605
0.0685689
0.0669364
0.0669364
0.0683765
0.0680814
0.066966
0.068754
0.0673578
0.0676523
0.0694372
0.0679072
0.0689939
0.0680701
0.0664789
0.0678916
0.0679472
0.0685242
0.0671649
0.0678242
0.0691305
0.0679454
0.0680701
0.0667617
0.0687502
0.0687502
0.0666489
0.0674597
0.0674597
0.067131
0.0673349
0.066819
0.0682018
0.0682514
0.0682514
0.0679535
0.0687796
0.0682359
0.0661591
0.0676692
0.0679568
0.0686334
0.0674085
0.0681154
0.0669891
0.0682131
0.0675671
0.0671361
0.0667317
0.0684214
0.0679295
0.0673236
0.0678958
0.0669546
0.0672561
0.0682177
0.0683653
0.0679868
0.0674372
0.0669546
0.0677548
0.0677548
0.0683213
0.0684476
0.0671246
0.0683653
0.0670904
0.0670904
0.0682131
0.0682131
0.0688017
0.0680255
0.0683103
0.0677079
0.0677079
0.0690974
0.0669836
0.0683765
0.0670791
0.0679645
0.0684252
0.0686063
0.0675105
0.0675105
0.0671824
0.0682018
0.0686175
0.0680927
0.0694153
0.0655606
0.0665846
0.0661677
0.066341
0.0656515
0.0681954
0.0681954
0.0671763
0.0673693
0.0691527
0.0674017
0.0678392
0.0679645
0.0665425
0.0674158
0.0666976
0.0672673
0.0657267
0.0657267
0.0666666
0.0672785
0.0672785
0.0684101
0.0678955
0.0663378
0.0663378
0.0676523
0.0676523
0.0676968
0.0671763
0.0667547
0.067533
0.0676358
0.0688579
0.0680144
0.0672833
0.0676072
0.067703
0.0675557
0.0676523
0.0682514
0.0682776
0.0678392
0.0690276
0.0686063
0.06742
0.0689128
0.0691883
0.0671476
0.0690974
0.0669546
0.0683765
0.0683765
0.0675279
0.0670063
0.0676409
0.0676409
0.0688753
0.068338
0.0673971
0.0673971
0.0692196
0.0686429
0.0675716
0.0658968
0.0658968
0.066763
0.0683322
0.0677143
0.0690387
0.0678168
0.0672491
0.0672044
0.0672947
0.0675164
0.0685576
0.0674709
0.0676006
0.0676006
0.0673236
0.0673293
0.0662605
0.0680366
0.0674709
0.067889
0.068573
0.0678337
0.0667243
0.0676523
0.068584
0.0678226
0.0678844
0.0680658
0.068573
0.0660553
0.067889
0.069517
0.069517
0.0675557
0.0671592
0.0684364
0.0683811
0.0663724
0.066966
0.0687687
0.0676968
0.0674534
0.0669775
0.0685464
0.0671763
0.0682289
0.0682289
0.0674993
0.0680415
0.0667617
0.0672491
0.0674484
0.0674484
0.0680701
0.0669249
0.0679979
0.0665194
0.066819
0.067703
0.067703
0.0671592
0.0684364
0.0676968
0.0691084
0.0679585
0.0683832
0.0683832
0.0680888
0.0689716
0.0679979
0.0675786
0.0674936
0.067596
0.0671878
0.0681456
0.0663378
0.0674597
0.0673236
0.0684031
0.0674372
0.0689017
0.067505
0.0667203
0.066819
0.0679568
0.0680092
0.0684141
0.067873
0.0681285
0.0675779
0.0688128
0.067413
0.0689385
0.0674597
0.0664904
0.0669204
0.0677303
0.067494
0.0680034
0.0681234
0.0676751
0.0686856
0.0678844
0.0677191
0.0697225
0.0677997
0.068688
0.0683432
0.0672947
0.0687796
0.0687796
0.0676692
0.0679114
0.0668421
0.0673854
0.0673236
0.068754
0.068754
0.0685689
0.0690828
0.0680038
0.0675786
0.0673809
0.068584
0.068584
0.0675443
0.0677548
0.0670791
0.0678057
0.0668979
0.0679868
0.0677327
0.0674484
0.0665617
0.0665617
0.0691333
0.0661792
0.0673009
0.067873
0.0687651
0.0684927
0.0674936
0.0675443
0.066879
0.0664073
0.0683432
0.0685662
0.0684101
0.0683989
0.0667779
0.066966
0.0691416
0.0691416
0.066655
0.0658641
0.0658641
0.0684101
0.0677548
0.0692237
0.0690717
0.067533
0.0681792
0.0679068
0.0670006
0.0680204
0.0668137
0.0668137
0.0677257
0.0677415
0.0681904
0.0663724
0.0677328
0.0669597
0.0669597
0.0683605
0.0668866
0.0684141
0.0672491
0.0662923
0.0673578
0.0677486
0.0683542
0.0682018
0.067698
0.0673236
0.0682776
0.0669481
0.0670904
0.0685242
0.0669891
0.0677772
0.0676523
0.0684101
0.0671246
0.0664073
0.0669775
0.0669775
0.067828
0.0672378
0.0672378
0.0678617
0.0674709
0.0667663
0.0694839
0.0688101
0.0684101
0.0684101
0.067873
0.0688577
0.067505
0.0678446
0.0682177
0.0682177
0.0664426
0.0679585
0.0686063
0.0684814
0.0674879
0.0672605
0.0675443
0.0681626
0.0679187
0.0677997
0.0689463
0.067551
0.0672456
0.0680317
0.0660786
0.0658773
0.0658773
0.0680204
0.0685464
0.0685464
0.0685464
0.0685464
0.0676316
0.0664965
0.0663562
0.0671544
0.0644953
0.0618964
0.0622722
0.0610513
0.0579999
0.054698
0.0530355
0.0488738
0.0461829
0.0443011
0.0409419
0.0387727
0.0387727
0.0352132
0.0297127
0.0277806
0.0251417
0.0221016
0.0228324
0.0228324
0.0206536
0.0190335
0.0207931
0.0189744
0.0183493
0.0183493
0.0183493
0.0189988
0.0195005
0.0176136
0.0156857
0.0153926
0.0152286
0.0144748
0.0147853
0.013837
0.0136865
0.0136865
0.0140497
0.0139834
0.015559
0.0147966
0.0147966
0.0129674
0.0137902
0.0127426
0.0127775
0.0124328
0.0141302
0.0145504
0.0134148
0.0134148
0.0143196
0.0152053
0.0149284
0.0137857
0.01338
0.0132564
0.0134798
0.0137857
0.013975
0.013975
0.0115583
0.0150479
0.0130903
0.0137857
0.0137857
0.0130874
0.0111463
0.0131414
0.0131414
0.0133483
0.0132077
0.0137391
0.013497
0.0136819
0.0118677
0.0142514
0.0127253
0.0158614
0.0141816
0.0141816
0.0153943
0.0130526
0.0134456
0.0136521
0.0143898
0.0145789
0.0132105
0.0136476
0.0145377
0.0132598
0.0130207
0.0138487
0.0138487
0.0138416
0.0145034
0.0144577
0.0150395
0.0125382
0.0125382
0.0125382
0.0144406
0.0129811
0.0122473
0.014246
0.0141816
0.013038
0.0136521
0.0139409
0.012622
0.0134456
0.0141348
0.012159
0.0144522
0.014222
0.0131242
0.0147457
0.0134627
0.0134627
0.0134627
0.0133419
0.012452
0.0134925
0.0131559
0.0138073
0.0138073
0.0129291
0.0131183
0.0143844
0.0124864
0.0129836
0.0109212
0.0146056
0.0158866
0.0126391
0.0143025
0.0143025
0.0144352
0.0139239
0.0134627
0.0133419
0.0136521
0.0144236
0.0119009
0.0119009
0.0132564
0.0120227
0.0119537
0.014014
0.0134584
0.0126243
0.0144182
0.0119183
0.0132905
0.013432
0.0127261
0.0125391
0.0135499
0.0126932
0.0123675
0.0122984
0.0134116
0.0134116
0.0133247
0.0137857
0.0133905
0.0146501
0.0146501
0.0124349
0.0124349
0.0130875
0.0118331
0.0130705
0.0142291
0.0141078
0.0125555
0.0120749
0.0123328
0.0142291
0.0129323
0.0136991
0.0125382
0.0118331
0.012484
0.0134491
0.0148505
0.0122984
0.0122984
0.0125729
0.013635
0.0114378
0.0139968
0.0139239
0.0159835
0.0159835
0.0131868
0.0129836
0.013635
0.013204
0.013566
0.0125226
0.0122125
0.0125904
0.0134627
0.0131904
0.0147119
0.0147119
0.0147119
0.0142684
0.015239
0.0144458
0.0117818
0.0140265
0.0137902
0.0135006
0.0138244
0.0138588
0.0116285
0.0116285
0.0111109
0.0111109
0.0120575
0.0145566
0.0145566
0.0114736
0.0126932
0.0129974
0.0142389
0.0121778
0.0129006
0.0129006
0.0138513
0.0132394
0.0132734
0.0141078
0.012969
0.0133111
0.0133111
0.0141816
0.013398
0.0125209
0.012969
0.0129836
0.011266
0.0127453
0.0130145
0.0132939
0.0119881
0.0125555
0.0125555
0.0125555
0.012126
0.013022
0.0131559
0.0112821
0.0112821
0.0136693
0.0130353
0.0116815
0.0121432
0.0118363
0.0158866
0.0158866
0.0125209
0.0125573
0.0133247
0.0129836
0.0126759
0.0126759
0.0118504
0.0132768
0.0123313
0.0123313
0.0122984
0.0122984
0.0129836
0.0140961
0.0125036
0.0120907
0.0120907
0.0134858
0.0134858
0.0137391
0.0115235
0.0138542
0.0116608
0.0139409
0.0139409
0.0154993
0.0133111
0.0120559
0.0127601
0.0108863
0.0135142
0.0135142
0.0135142
0.0116786
0.0145723
0.0128138
0.0109033
0.0117133
0.0128138
0.0125731
0.0134627
0.0134627
0.0133763
0.0132768
0.0133419
0.0144919
0.012863
0.0142854
0.0118851
0.0145282
0.0115758
0.013432
0.0125209
0.0127624
0.0127624
0.0148778
0.0141955
0.0141955
0.0114889
0.0123141
0.0123141
0.0128813
0.0132768
0.0134523
0.013837
0.0126932
0.0136179
0.0122125
0.0109208
0.0109208
0.0122108
0.0134491
0.0134491
0.0120907
0.0123832
0.0135838
0.0135838
0.0115583
0.0116109
0.0116109
0.0121951
0.0124006
0.0135142
0.0127601
0.0138761
0.0118683
0.011456
0.0131731
0.0118683
0.0120933
0.0136865
0.0113685
0.010576
0.0135838
0.0129004
0.0116461
0.0107471
0.0129153
0.0128983
0.0123658
0.0125731
0.0125731
0.0135314
0.0142291
0.011851
0.0124864
0.0124864
0.0145789
0.0123485
0.0120582
0.0120582
0.0123485
0.0145735
0.0138901
0.0128307
0.0114372
0.0125904
0.0122999
0.0130875
0.010799
0.010799
0.0132257
0.0137561
0.0137391
0.0126587
0.0119374
0.0137767
0.0137767
0.0127453
0.0131216
0.0121778
0.0121778
0.0117475
0.0123485
0.0120575
0.0125901
0.0139409
0.012263
0.0114889
0.0127624
0.0122984
0.0121418
0.0134116
0.0122299
0.0135533
0.0133419
0.0133419
0.0119696
0.0133627
0.0133159
0.0121951
0.0137517
0.0127739
0.0111783
0.0141078
0.0130353
0.0129153
0.0129665
0.0129665
0.0130535
0.0104211
0.0104211
0.0127966
0.0121605
0.0126586
0.0126586
0.0138102
0.0125382
0.0132905
0.0128656
0.0126873
0.0113338
0.0138944
0.0116095
0.0126391
0.0147119
0.0124535
0.0121089
0.0121089
0.0132966
0.0132905
0.0125036
0.0135838
0.0131045
0.0117301
0.0117301
0.0127279
0.0115058
0.0126391
0.0126391
0.00999068
0.0106945
0.0106945
0.0131731
0.0128311
0.0120749
0.0120749
0.0120757
0.0130226
0.0110586
0.0131931
0.0142333
0.0127795
0.0127453
0.0143605
0.0143605
0.0128803
0.0129323
0.0131045
0.0131045
0.011161
0.011161
0.011851
0.011851
0.0138714
0.0138714
0.013837
0.013837
0.013837
0.0145735
0.0145735
0.0145735
0.0123156
0.0123156
0.0108001
0.0108001
0.0124328
0.0124328
0.0124328
0.0122299
0.0139579
0.0122456
0.0117133
0.0115232
0.0123141
0.013432
0.0137561
0.013225
0.0125382
0.0125382
0.0133936
0.012263
0.0139409
0.0121785
0.0144182
0.0131559
0.0123502
0.0133974
0.0122969
0.0131247
0.0120575
0.0129288
0.0116608
0.0121605
0.0139625
0.0131696
0.0125061
0.0138901
0.012622
0.0127279
0.0127283
0.0136693
0.0128311
0.0128311
0.0116638
0.0138073
0.013225
0.0112307
0.0115578
0.013635
0.0125731
0.0144522
0.0121099
0.0133076
0.0115583
0.0121605
0.0118145
0.0126562
0.0126562
0.0126562
0.0124864
0.0127795
0.0111442
0.0125901
0.0105935
0.0108683
0.012969
0.0115933
0.0130729
0.0117301
0.0136693
0.0123313
0.0123313
0.0130526
0.013497
0.0115583
0.0111783
