-0.0312712
-0.0427937
-0.0322901
-0.0490533
-0.0487099
-0.0569079
-0.0472198
-0.0457337
-0.039993
-0.0386012
-0.0566576
-0.0589388
-0.043856
-0.0599806
-0.0524158
-0.0664032
-0.037722
-0.025442
-0.0402016
-0.0322818
-0.0647852
-0.0360924
-0.0507796
-0.0563165
-0.0566313
-0.0424277
-0.0368835
-0.036719
-0.025278
-0.0459393
-0.0517459
-0.0403308
-0.0673715
-0.0549039
-0.0330872
-0.0359044
-0.0600868
-0.0381963
-0.0521953
-0.0597056
-0.0570222
-0.0455341
-0.0417095
-0.0299256
-0.0352347
-0.0524662
-0.0357429
-0.0560902
-0.0356683
-0.0511142
-0.0308728
-0.0402088
-0.0693264
-0.0498091
-0.054462
-0.0423252
-0.024258
-0.0502631
-0.0469026
-0.0577249
-0.0507053
-0.0409754
-0.0357627
-0.0359261
-0.0448705
-0.0302156
-0.0485383
-0.0421029
-0.0261072
-0.0449411
-0.0452657
-0.0412923
-0.0340044
-0.0332233
-0.0529775
-0.0458186
-0.0448126
-0.0403393
-0.0433652
-0.0481465
-0.0430338
-0.0467899
-0.0523793
-0.0606146
-0.0364121
-0.0457251
-0.0391706
-0.0540783
-0.0499271
-0.0223279
-0.0396439
-0.0420597
-0.0404295
-0.0436151
-0.0580601
-0.0510458
-0.0382384
-0.0668769
-0.0555216
-0.0178313
-0.0300244
-0.0377331
-0.0302966
-0.0361004
-0.0438287
-0.0380963
-0.0388932
-0.0507248
-0.0422643
-0.03474
-0.0497497
-0.0323143
-0.0515933
-0.0328566
-0.0621778
-0.0341608
-0.0518952
-0.0393459
-0.0539903
-0.0473319
-0.0477794
-0.0611112
-0.0593025
-0.0414539
-0.0357325
-0.0405439
-0.043505
-0.0396529
-0.0630314
-0.0505915
-0.0304174
-0.0387852
-0.050602
-0.0324129
-0.045635
-0.0412958
-0.0601097
-0.0327815
-0.050117
-0.0253804
-0.0393905
-0.0336407
-0.0544986
-0.0300852
-0.0365475
-0.0400957
-0.0623655
-0.0465856
-0.0703627
-0.0316379
-0.0637089
-0.0325447
-0.025744
-0.033579
-0.0487007
-0.0372451
-0.0557637
-0.0525694
-0.0269139
-0.0475664
-0.0600278
-0.0531209
-0.0547514
-0.0340065
-0.0439263
-0.0205149
-0.0270912
-0.0367055
-0.0479265
-0.0245051
-0.0259619
-0.0385274
-0.044477
-0.052139
-0.053201
-0.0508159
-0.0269049
-0.0257618
-0.0229234
-0.0397842
-0.044204
-0.0481057
-0.0468013
-0.0597482
-0.0549695
-0.0506832
-0.0364271
-0.0649019
-0.0395832
-0.0278914
-0.0615851
-0.048025
-0.038107
-0.0447871
-0.046975
-0.0419909
-0.0448948
-0.0305769
-0.0344684
-0.0413435
-0.0245249
-0.0397336
-0.0434936
-0.0484259
-0.0160213
-0.0447277
-0.033545
-0.0486251
-0.0219934
-0.016939
-0.0484953
-0.0461119
-0.049004
-0.0500148
-0.0359108
-0.054791
-0.00843861
-0.0536466
-0.0602435
-0.050153
-0.043382
-0.0308256
-0.0494634
-0.0475721
-0.0424535
-0.0371255
-0.0342828
-0.0466381
-0.0368248
-0.0188198
-0.0238718
-0.0267992
-0.0383273
-0.0365781
-0.0560694
-0.0250981
-0.0352911
-0.0446806
-0.043654
-0.0375889
-0.0436386
-0.0523528
-0.0481909
-0.0356726
-0.0252976
-0.058175
-0.0664079
-0.0506723
-0.038847
-0.0121276
-0.0397565
-0.0489009
-0.0356741
-0.0348198
-0.0653506
-0.0465402
-0.0469867
-0.029367
-0.048848
-0.0458204
-0.0367371
-0.0329599
-0.0310344
-0.0404408
-0.0395582
-0.049246
-0.0284157
-0.0263304
-0.0434319
-0.033457
-0.0458568
-0.0469644
-0.0231381
-0.02242
-0.0328978
-0.0468216
-0.0413121
-0.0284267
-0.0385461
-0.0494777
-0.0323619
-0.037515
-0.0460371
-0.0271523
-0.014896
-0.0377299
-0.0538011
-0.0483422
-0.0484866
-0.0402161
-0.0691664
-0.0242991
-0.0396202
-0.0299341
-0.0312707
-0.0354603
-0.0696338
-0.0524318
-0.0402351
-0.0365947
-0.0320699
-0.0414728
-0.0455204
-0.0598167
-0.0498628
-0.0493274
-0.057344
-0.0584894
-0.0540188
-0.040783
-0.0460309
-0.0536958
-0.0651134
-0.0549456
-0.0379398
-0.0356654
-0.0447594
-0.045136
-0.0356766
-0.0641665
-0.0514609
-0.034174
-0.0410286
-0.0438431
-0.0290026
-0.0607148
-0.0553328
-0.0285102
-0.0422615
-0.0467087
-0.0478783
-0.046099
-0.0332691
-0.0401551
-0.0413247
-0.0257807
-0.0306446
-0.0448287
-0.0573976
-0.0250094
-0.0485628
-0.0458733
-0.0444058
-0.0271208
-0.0465696
-0.0380756
-0.0529197
-0.0336402
-0.0534712
-0.0582061
-0.0489013
-0.0483114
-0.0512028
-0.0339334
-0.0439029
-0.0239714
-0.0324204
-0.0392778
-0.0648205
-0.0436154
-0.0391889
-0.0579732
-0.0344172
-0.0426791
-0.030977
-0.0419143
-0.0391358
-0.044108
-0.0428108
-0.0299553
-0.0396266
-0.0405649
-0.0252095
-0.0582038
-0.04894
-0.0433285
-0.0286238
-0.052912
-0.0425302
-0.0419527
-0.0623578
-0.0345997
-0.0551849
-0.0310739
-0.0389834
-0.0615408
-0.0508814
-0.0475192
-0.0501826
-0.0496872
-0.0622951
-0.0306762
-0.0345969
-0.0599047
-0.0640175
-0.05162
-0.0556104
-0.0403507
-0.0432265
-0.0349936
-0.0450542
-0.0395629
-0.0587244
-0.0381928
-0.0331577
-0.0445221
-0.0383703
-0.0664198
-0.0418751
-0.0626125
-0.0687386
-0.0428458
-0.0603483
-0.0634785
-0.0604218
-0.0285271
-0.0413786
-0.0473232
-0.0734558
-0.061442
-0.0348589
-0.0530423
-0.0731595
-0.042514
-0.0603667
-0.0551063
-0.0267152
-0.0517353
-0.0632813
-0.0524263
-0.0613561
-0.052625
-0.0584724
-0.0667932
-0.0646236
-0.0570048
-0.0673653
-0.0376589
-0.0557127
-0.0471015
-0.0506883
-0.0513747
-0.0579706
-0.0689718
-0.0271897
-0.0437163
-0.038542
-0.0484722
-0.0518237
-0.0540313
-0.0326113
-0.059543
-0.0198117
-0.0611678
-0.0445961
-0.037191
-0.0525329
-0.0632057
-0.0479873
-0.0627073
-0.0569777
-0.0680076
-0.0653319
-0.0476142
-0.0480542
-0.076096
-0.0579612
-0.0492053
-0.0318297
-0.0484945
-0.0417575
-0.0782699
-0.0727635
-0.0811364
-0.0535921
-0.0475125
-0.0628013
-0.0505096
-0.0348883
-0.0546832
-0.0475388
-0.0613569
-0.0634432
-0.0683308
-0.0701263
-0.0434644
-0.0529235
-0.0696483
-0.0521517
-0.0438622
-0.0518488
-0.0501305
-0.0649151
-0.0613871
-0.0393513
-0.0595693
-0.0581578
-0.0672758
-0.0587565
-0.0648334
-0.0685051
-0.0660959
-0.0714908
-0.0617845
-0.00459511
-0.030398
-0.0743987
-0.081692
-0.104993
-0.0899606
-0.111201
0.111704
0.511921
0.788701
0.990402
0.557292
0.279711
0.14694
0.0269732
0.00374457
0.00247857
0.345484
0.580478
0.751339
0.528631
0.643834
0.539698
0.431306
0.266595
0.163708
0.192855
0.46802
0.617779
0.648493
0.628911
0.49934
0.407303
0.27957
0.19303
0.238408
0.514192
0.634457
0.600395
0.533371
0.428717
0.351918
0.29927
0.284105
0.403748
0.500349
0.569051
0.551471
0.421578
0.340423
0.318963
0.347856
0.399176
0.47859
0.517641
0.516796
0.459645
0.393922
0.335047
0.307969
0.357837
0.425298
0.453062
0.476642
0.458767
0.427119
0.426835
0.396526
0.38037
0.39293
0.411812
0.442642
0.46285
0.446204
0.401824
0.391336
0.392865
0.400234
0.420294
0.464149
0.467408
0.467782
0.438391
0.410046
0.373113
0.392679
0.420117
0.428276
0.43578
0.452665
0.424088
0.424623
0.391894
0.379699
0.418502
0.423408
0.407975
0.443512
0.438235
0.39653
0.410522
0.399428
0.391538
0.426965
0.438943
0.444303
0.434126
0.416393
0.405364
0.396263
0.416148
0.435454
0.439358
0.428963
0.419994
0.402104
0.410726
0.405881
0.40695
0.3981
0.429088
0.431177
0.423042
0.404892
0.405757
0.410715
0.412039
0.399992
0.413632
0.40874
0.418764
0.423748
0.44567
0.415396
0.401349
0.408781
0.418923
0.420409
0.419916
0.406603
0.416422
0.415763
0.414131
0.395469
0.402603
0.419345
0.398643
0.419958
0.42507
0.393981
0.406563
0.409009
0.397617
0.392161
0.425192
0.381831
0.386458
0.396042
0.408845
0.409099
0.413356
0.395355
0.413919
0.42472
0.434804
0.43342
0.400065
0.415902
0.406334
0.403563
0.421388
0.408802
0.420642
0.40899
0.397954
0.429828
0.402744
0.419491
0.435375
0.41561
0.422208
0.409589
0.396715
0.40702
0.386914
0.433554
0.416983
0.416396
0.414342
0.40945
0.408553
0.418421
0.409818
0.390489
0.390985
0.433693
0.407938
0.412903
0.395415
0.404361
0.407262
0.428357
0.394839
0.4051
0.420938
0.421454
0.403371
0.411857
0.418891
0.397565
0.40269
0.408648
0.413538
0.399738
0.403667
0.398026
0.410855
0.391387
0.391816
0.404952
0.407236
0.383405
0.408596
0.399375
0.394259
0.413467
0.403745
0.414629
0.409542
0.423704
0.410588
0.400757
0.396173
0.399462
0.416096
0.424639
0.394264
0.390539
0.401534
0.400225
0.393683
0.414319
0.412206
0.393735
0.3808
0.419591
0.406691
0.41251
0.405134
0.416242
0.404878
0.391423
0.406485
0.414136
0.405807
0.399616
0.396017
0.429097
0.401055
0.423998
0.408191
0.417067
0.411878
0.413843
0.438169
0.400849
0.413418
0.411071
0.400616
0.40601
0.413276
0.399572
0.406902
0.413457
0.420487
0.405409
0.42953
0.405658
0.432548
0.423791
0.413486
0.398228
0.374604
0.399515
0.427896
0.408221
0.421522
0.418752
0.400192
0.405964
0.411329
0.404567
0.40257
0.404934
0.401969
0.403699
0.403369
0.404578
0.417551
0.414587
0.404155
0.410085
0.405459
0.404033
0.416761
0.401662
0.389233
0.383621
0.397844
0.397311
0.391329
0.385132
0.4133
0.408675
0.415011
0.411483
0.384468
0.408334
0.402424
0.410457
0.423339
0.408078
0.416415
0.412495
0.410536
0.377243
0.399494
0.379226
0.408122
0.416507
0.394773
0.399112
0.392195
0.397622
0.41961
0.400024
0.399441
0.412479
0.40888
0.406225
0.397454
0.419694
0.395052
0.406084
0.402017
0.421609
0.402259
0.414215
0.401407
0.424999
0.41027
0.402043
0.417078
0.400299
0.3834
0.390638
0.404132
0.414918
0.391835
0.384546
0.394039
0.396737
0.404298
0.405197
0.402011
0.422145
0.409568
0.419772
0.41089
0.404632
0.438962
0.410922
0.403048
0.396769
0.40349
0.404637
0.399971
0.404819
0.39876
0.402161
0.408183
0.413455
0.389803
0.401112
0.401889
0.386164
0.409488
0.396511
0.404268
0.391727
0.389787
0.399303
0.402172
0.394807
0.395572
0.400672
0.405057
0.413022
0.380098
0.406296
0.411782
0.410703
0.42603
0.394072
0.402831
0.395796
0.420818
0.408159
0.402522
0.414257
0.418975
0.387394
0.411258
0.41113
0.411142
0.417301
0.410186
0.423426
0.38972
0.430126
0.404791
0.391377
0.418568
0.41862
0.395958
0.416023
0.426138
0.401257
0.414887
0.397832
0.416295
0.425063
0.398199
0.409184
0.396533
0.396202
0.399982
0.381117
0.397369
0.410063
0.394666
0.40518
0.375614
0.40431
0.401672
0.427964
0.417899
0.393771
0.405949
0.405312
0.398435
0.402862
0.388804
0.414509
0.412965
0.401256
0.40026
0.417247
0.410769
0.410531
0.388677
0.399981
0.407557
0.407724
0.420393
0.397254
0.409574
0.408233
0.392489
0.423378
0.382112
0.402064
0.40129
0.391254
0.415953
0.414521
0.408197
0.410828
0.407224
0.404764
0.412016
0.422686
0.403605
0.405816
0.41614
0.42438
0.382454
0.408225
0.412719
0.414134
0.405675
0.403496
0.415567
0.403821
0.405627
0.391752
0.415432
0.398369
0.392002
0.38505
0.415803
0.404394
0.409925
0.418478
0.398433
0.397577
0.414915
0.41517
0.412111
0.412492
0.394016
0.404173
0.39875
0.411598
0.427668
0.402167
0.345711
0.160641
0.385097
0.574777
0.571936
0.355222
0.0193868
-0.160092
-0.159896
-0.139649
-0.091116
-0.0767647
-0.05227
-0.0689539
-0.076364
-0.0585842
-0.059329
-0.0663425
-0.068538
-0.0470651
-0.0521258
-0.0671842
-0.0520187
-0.0650823
-0.0668519
-0.0621738
-0.0642709
-0.0642856
-0.0493328
-0.0893462
-0.0612034
-0.0610787
-0.0555048
-0.0916891
-0.0715719
-0.030599
-0.0568396
-0.0648669
-0.0503519
-0.0638674
-0.0415051
-0.0456036
-0.0720626
-0.0534812
-0.0617513
-0.0605663
-0.0469772
-0.0524093
-0.0739608
-0.0640468
-0.0712951
-0.0711248
-0.0468935
-0.0664612
-0.0570244
-0.0653956
-0.0756167
-0.0474599
-0.0455452
-0.0437883
-0.0467507
-0.0331872
-0.0539316
-0.0661463
-0.0766708
-0.0587006
-0.0552984
-0.0705517
-0.0577545
-0.0602881
-0.0542528
-0.0506046
-0.0552534
-0.0784303
-0.0660644
-0.0506619
-0.0684447
-0.0613218
-0.0612494
-0.0421838
-0.0509519
-0.0622522
-0.0623694
-0.0548404
-0.0586148
-0.070057
-0.0617467
-0.0537678
-0.0576541
-0.059423
-0.0525864
-0.044601
-0.076441
-0.0593928
-0.0647466
-0.0564842
-0.0639984
-0.067803
-0.0535314
-0.0664637
-0.0570431
-0.0493047
-0.0471964
-0.0577032
-0.0350594
-0.0687152
-0.0470397
-0.0625407
-0.0630206
-0.038016
-0.0451628
-0.0631603
-0.0638767
-0.0471127
-0.0622371
-0.0502739
-0.0458225
-0.0569438
-0.0635979
-0.058808
-0.0685535
-0.0598902
-0.0649384
-0.0639608
-0.052113
-0.0779434
-0.0588959
-0.0646703
-0.0521706
-0.0489562
-0.0469088
-0.0599042
-0.0654931
-0.059253
-0.0497047
-0.04676
-0.0586084
-0.0904322
-0.0587174
-0.0644132
-0.0520066
-0.049847
-0.0598361
-0.0643631
-0.059654
-0.0740093
-0.037297
-0.055761
-0.059089
-0.0576792
-0.0440163
-0.0520327
-0.056657
-0.0549551
-0.0483457
-0.0624225
-0.0515186
-0.034365
-0.0580768
-0.0438956
-0.0592212
-0.0429733
-0.0765438
-0.0602622
-0.0772209
-0.0659479
-0.0447792
-0.0685273
-0.0495978
-0.0464239
-0.074427
-0.0255808
-0.0514494
-0.069123
-0.0344908
-0.0473794
-0.0677075
-0.0510944
-0.0367467
-0.0534495
-0.0650588
-0.0500872
-0.0343278
-0.0557346
-0.0566405
-0.0689835
-0.0685226
-0.0500637
-0.054666
-0.0470932
-0.0486836
-0.0655837
-0.0459575
-0.0361348
-0.0536725
-0.0489166
-0.0491324
-0.0627725
-0.0572303
-0.0557338
-0.0505428
-0.0234962
-0.040755
-0.0669613
-0.0659155
-0.0699476
-0.0783317
-0.0470918
-0.0540583
-0.0569328
-0.0418873
-0.0413835
-0.0699657
-0.0628408
-0.0510695
-0.0461911
-0.0694264
-0.0490502
-0.0423435
-0.057819
-0.0477897
-0.0505617
-0.0710747
-0.0437676
-0.0487992
-0.0475637
-0.0465167
-0.0553153
-0.0572156
-0.051915
-0.0568654
-0.0507803
-0.0675154
-0.0594181
-0.0619436
-0.0512589
-0.0418339
-0.0466821
-0.0727857
-0.0715092
-0.0650357
-0.0565749
-0.0897455
-0.0545135
-0.0527046
-0.0408319
-0.0577286
-0.0411822
-0.0479671
-0.0549267
-0.053907
-0.054868
-0.0645651
-0.0580412
-0.0527554
-0.0447358
-0.0575438
-0.0728674
-0.0767564
-0.0445716
-0.051816
-0.0656135
-0.0746965
-0.0736
-0.0492623
-0.0544951
-0.0379391
-0.0383795
-0.0565851
-0.0591272
-0.0665315
-0.0636563
-0.0549367
-0.0630012
-0.0501048
-0.0544744
-0.0613281
-0.0653405
-0.0367224
-0.050055
-0.0521858
-0.0692783
-0.0617133
-0.0624474
-0.0670394
-0.080218
-0.0655954
-0.0483621
-0.0609591
-0.0625742
-0.0690101
-0.0512044
-0.0620714
-0.0565195
-0.0783537
-0.0525619
-0.0558312
-0.0581139
-0.0525154
-0.0514028
-0.0388071
-0.0372374
-0.0504408
-0.0564096
-0.045736
-0.0523075
-0.0735752
-0.0537457
-0.0533168
-0.0587279
-0.0440833
-0.0456247
-0.0678246
-0.0561164
-0.0631599
-0.0547469
-0.058801
-0.062464
-0.0579275
-0.0544763
-0.0555104
-0.0738458
-0.0485944
-0.0676692
-0.0865884
-0.0552578
-0.064561
-0.0481202
-0.0472468
-0.0580684
-0.0680387
-0.048352
-0.0560937
-0.0869747
-0.0589281
-0.0583839
-0.0420767
-0.0638116
-0.0557943
-0.0534353
-0.046564
-0.0610527
-0.0462798
-0.0532236
-0.045738
-0.0502644
-0.056749
-0.0567258
-0.0672867
-0.060964
-0.0560917
-0.0549493
-0.0515551
-0.060589
-0.0697823
-0.0585455
-0.0663227
-0.0615218
-0.0697529
-0.0545513
-0.0736144
-0.0350238
-0.0663511
-0.0450566
-0.0511148
-0.045114
-0.0801111
-0.0444132
-0.06736
-0.0643205
-0.0662686
-0.0713328
-0.0623799
-0.0463058
-0.0603879
-0.0663972
-0.0607107
-0.0701655
-0.0585514
-0.0446988
-0.06576
-0.042364
-0.0547969
-0.0323673
-0.0641927
-0.0640481
-0.0608336
-0.0807846
-0.0660648
-0.0525354
-0.0543417
-0.064298
-0.057476
-0.0702748
-0.0472236
-0.0731941
-0.0447802
-0.0854642
-0.0600325
-0.0520152
-0.0337678
-0.0618037
-0.0513397
-0.0621914
-0.0600383
-0.0637622
-0.04983
-0.0870403
-0.0740895
-0.0695268
-0.0568984
-0.0797018
-0.0529014
-0.0599119
-0.0775571
-0.0550605
-0.0581682
-0.0647713
-0.0716452
-0.0536453
-0.0466974
-0.0393608
-0.0584326
-0.0646526
-0.0571301
-0.0641364
-0.0655175
-0.0611856
-0.0421093
-0.0618532
-0.0709454
-0.0488863
-0.0798423
-0.0546623
-0.0540979
-0.0599697
-0.0546422
-0.0592139
-0.0830634
-0.0562067
-0.0541325
-0.0604622
-0.052161
-0.0378205
-0.043737
-0.0525464
-0.075572
-0.0595605
-0.0665256
-0.0593306
-0.0471295
-0.0623368
-0.0628183
-0.0435568
-0.0628796
-0.0614293
-0.0554813
-0.0579684
-0.0684432
-0.0363305
-0.0575083
-0.0618381
-0.0754078
-0.0547077
-0.0627894
-0.0681506
-0.070934
-0.0350593
-0.0630044
-0.0427259
-0.0531946
-0.0677042
-0.0664103
-0.0688452
-0.0569936
-0.0776708
-0.0661554
-0.0612486
-0.0683544
-0.05342
-0.056134
-0.0618719
-0.0777682
-0.0636461
-0.0476427
-0.0561352
-0.0393351
-0.0954908
-0.0623948
-0.039581
-0.050775
-0.0675166
-0.0718472
-0.0791035
-0.0744291
-0.0447082
-0.0767399
-0.056232
-0.0522991
-0.028705
-0.050356
-0.0573105
-0.0576193
-0.0569863
-0.0594625
-0.0649755
-0.0501265
-0.0564819
-0.0378179
-0.081239
-0.0618704
-0.0557259
-0.0393576
-0.0585384
-0.0700981
-0.0539999
-0.0609053
-0.0604281
-0.0593291
-0.0656479
-0.0554782
-0.0683062
-0.0852169
-0.055846
-0.0564226
-0.0716323
-0.055536
-0.0637532
-0.0644951
-0.0538005
-0.0641678
-0.0619623
-0.0478196
-0.0713495
-0.0735047
-0.0685044
-0.0730579
-0.0571257
-0.040802
-0.047082
-0.0596348
-0.062314
-0.0789466
-0.0452725
-0.0595541
-0.041769
-0.0507981
-0.0577884
-0.0507042
-0.0711953
-0.0572192
-0.079911
-0.0437815
-0.0339046
-0.0712397
-0.0602422
-0.0709131
-0.0551131
-0.0581205
-0.062012
-0.0639032
-0.0661927
-0.0610837
-0.0724288
-0.064362
-0.0529826
-0.0619366
-0.0776547
-0.0638548
-0.0602279
-0.0477293
-0.0595051
-0.038321
-0.0440322
-0.0665859
-0.071133
-0.058393
-0.06739
-0.0428796
-0.0595713
-0.0490988
-0.062102
-0.0614509
-0.0629417
-0.0463664
-0.0652842
-0.0437741
-0.0579186
-0.0536013
-0.069323
-0.057728
-0.0590933
-0.0595855
-0.0808008
-0.0616018
-0.0564167
-0.0671299
-0.0497104
-0.0518609
-0.0651008
-0.0715474
-0.0512489
-0.0598039
-0.0661385
-0.0661267
-0.0432206
-0.0631983
-0.0720861
-0.0724734
-0.0744786
-0.0579433
-0.0598589
-0.0544715
-0.0591803
-0.0520222
-0.0592714
-0.0673911
-0.0716953
-0.0315513
-0.0562087
-0.0600656
-0.0645005
-0.0422924
-0.0587938
-0.0561697
-0.0666151
-0.0500776
-0.0455854
-0.0626136
-0.055977
-0.0702833
-0.0246871
-0.0551955
-0.0503106
-0.0639674
-0.0540354
-0.0482451
-0.0563035
-0.0486163
-0.0579057
-0.0526291
-0.0661331
-0.0730442
-0.0477648
-0.0715189
-0.045647
-0.0675154
-0.0504612
-0.0599314
-0.0605457
-0.0704981
-0.0546164
-0.0605579
-0.0463059
-0.0583448
-0.0488889
-0.0490315
-0.062009
-0.0358419
-0.0309565
-0.0581879
-0.0799257
-0.0472358
-0.0549126
-0.0572182
-0.0821491
-0.0697509
-0.0432311
-0.0610907
-0.0705554
-0.06563
-0.0620708
-0.0387397
-0.0796486
-0.0661715
-0.05784
-0.0708832
-0.0676171
-0.03052
-0.0286193
-0.0522921
-0.0478412
-0.0551249
-0.0840188
-0.0522828
-0.0580564
-0.0538253
-0.046261
-0.063144
-0.060074
-0.0653615
-0.0487204
-0.0564044
-0.0688699
-0.0646052
-0.0609534
-0.0767647
-0.0557038
-0.0681919
-0.0671787
-0.0553368
-0.0571909
-0.0726531
-0.0740081
-0.0617356
-0.0363539
-0.060899
-0.0693642
-0.0421418
-0.0517117
-0.0579387
-0.0542707
-0.0609971
-0.0311913
-0.0535347
-0.0679796
-0.0595562
-0.0703972
-0.0350224
-0.0621445
-0.0468628
-0.0573089
-0.0572372
-0.0688365
-0.0617479
-0.0729525
-0.0556376
-0.0528048
-0.068561
-0.0570634
-0.0623479
-0.0731115
-0.0554649
-0.0528551
-0.0664181
-0.0656831
-0.0709199
-0.0566524
-0.057779
-0.0414432
-0.0576221
-0.0670802
-0.037422
-0.0586013
-0.0690458
-0.0375093
-0.044359
-0.0493534
-0.0420543
-0.0765212
-0.073813
-0.0523185
-0.0516398
-0.0601867
-0.0812684
-0.046946
-0.0671452
-0.0814701
-0.0752246
-0.0473602
-0.0552655
-0.0484885
-0.0594395
-0.076988
-0.0584434
-0.0365541
-0.0691599
-0.0467977
-0.0485043
-0.0878316
-0.0430335
-0.0652186
-0.056083
-0.0821374
-0.0730586
-0.0832237
-0.0690585
-0.0575899
-0.0523453
-0.0842644
-0.0611176
-0.0694356
-0.0481026
-0.0719784
-0.0971467
-0.0640221
-0.0532362
-0.0646471
-0.0640512
-0.0615527
-0.0689722
-0.0495258
-0.0650409
-0.0574595
-0.0523604
-0.0471972
-0.0830887
-0.0662659
-0.0695018
-0.066575
-0.0494218
-0.0692514
-0.0517158
-0.0415379
-0.0623945
-0.074605
-0.0530088
-0.0745011
-0.0515684
-0.0753298
-0.0538617
-0.0439731
-0.036227
-0.0500562
-0.048251
-0.0575197
-0.0600384
-0.0481349
-0.0748352
-0.0485246
-0.0824872
-0.0411337
-0.0648218
-0.0674722
-0.055928
-0.0655762
-0.0538296
-0.0668466
-0.0508604
-0.078204
-0.0565989
-0.0619203
-0.0637758
-0.0449833
-0.0785669
-0.0481766
-0.0534858
-0.0545247
-0.0399435
-0.0616839
-0.051736
-0.0598292
-0.0738899
-0.0547048
-0.0380468
-0.0776291
-0.0497808
-0.0656088
-0.0636058
-0.0524545
-0.0410721
-0.0635079
-0.0553925
-0.0474444
-0.0628876
-0.0664037
-0.0503613
-0.0759469
-0.0566733
-0.0503425
-0.0474299
-0.0748192
-0.0563238
-0.0645628
-0.0727391
-0.0707399
-0.0504915
-0.044237
-0.0564
-0.0600434
-0.0691781
-0.0780844
-0.067727
-0.0509913
-0.0456268
-0.0709775
-0.0485072
-0.0535498
-0.0465191
-0.0525442
-0.0701709
-0.0438268
-0.0473255
-0.0557005
-0.0633791
-0.0621177
-0.0467171
-0.0830374
-0.0552442
-0.057794
-0.0692269
-0.0438822
-0.0652562
-0.0443301
-0.0736954
-0.0522697
-0.0534095
-0.0538096
-0.0449157
-0.0399065
-0.053462
-0.0484851
-0.0694016
-0.0594221
-0.0506352
-0.0583656
-0.0572698
-0.0509456
-0.062087
-0.0666498
-0.0425102
-0.0316444
-0.0658806
-0.0342324
-0.0945572
-0.0592962
-0.0698927
-0.0661074
-0.0564261
-0.0347256
-0.0389657
-0.0453342
-0.0400167
-0.0506145
-0.0518477
-0.0596782
-0.0542106
-0.0621336
-0.0695387
-0.0627666
-0.0676555
-0.0519649
-0.0735713
-0.043285
-0.0296147
-0.0581515
-0.0563474
-0.0368788
-0.0380545
-0.0410497
-0.0594983
-0.0685705
-0.0519696
-0.0369408
-0.0233466
-0.0681741
-0.0627366
-0.0283752
-0.0192225
0.0252072
0.0593438
0.125053
0.138435
0.210534
0.224002
0.243867
0.296606
0.312474
0.342505
0.410783
0.489686
0.539883
0.590805
0.63997
0.708589
0.729416
0.682178
0.605209
0.592877
0.560865
0.474198
0.440098
0.392061
0.330953
0.278232
0.249648
0.259797
0.247406
0.300974
0.32554
0.36368
0.378099
0.429954
0.464228
0.538647
0.593627
0.624468
0.638819
0.671851
0.693699
0.743771
0.76635
0.769741
0.782295
0.752235
0.743085
0.732569
0.713768
0.691584
0.657216
0.572087
0.475146
0.304008
0.197451
0.0969962
0.00719462
-0.00320091
-0.037197
-0.0374333
-0.0412156
-0.0192842
-0.0464666
-0.0583988
-0.035549
-0.0397365
-0.0425742
-0.032662
-0.032493
-0.0436933
-0.040919
-0.0425311
-0.0555749
-0.0582233
-0.0509836
-0.0326661
-0.0530946
-0.0463443
-0.0644542
-0.0278551
-0.0519495
-0.0615605
-0.0320882
-0.0504434
-0.0577516
-0.0724587
-0.0520946
-0.0392274
-0.0453643
-0.0711565
-0.0686095
-0.0654015
-0.0728722
-0.0614093
-0.0443575
-0.0415205
-0.0456029
-0.0479187
-0.0497511
-0.0575237
-0.0639924
-0.0574677
-0.0651055
-0.0520059
-0.0625828
-0.0716406
-0.0417165
-0.0337383
-0.04684
-0.0519951
-0.0514585
-0.0465946
-0.0552306
-0.0675442
-0.0533025
-0.069383
-0.0583412
-0.0442289
-0.0607639
-0.0485211
-0.0534341
-0.0741875
-0.0367092
-0.0592702
-0.0479994
-0.0543266
-0.0674624
-0.0347516
-0.060979
-0.0406456
-0.0697522
-0.0507179
-0.0610005
-0.0539585
-0.0614397
-0.0603924
-0.0586649
-0.0461702
-0.0565362
-0.0423779
-0.0630055
-0.0682095
-0.0397764
-0.0512828
-0.0541744
-0.0628483
-0.0725569
-0.0659106
-0.0617824
-0.0775222
-0.064034
-0.058344
-0.0458975
-0.0542994
-0.0601312
-0.0565919
-0.0632304
-0.0641347
-0.0477066
-0.0771348
-0.0407161
-0.0446246
-0.0466976
-0.0404011
-0.073225
-0.0644344
-0.0599486
-0.0690727
-0.06842
-0.0638056
-0.0661384
-0.0547765
-0.0476176
-0.0677203
-0.049511
-0.0513274
-0.0641838
-0.0576598
-0.0420979
-0.0638373
-0.0518352
-0.0711329
-0.0689968
-0.0550341
-0.0421064
-0.0645205
-0.0327415
-0.0597227
-0.0580255
-0.0525724
-0.0533405
-0.0706015
-0.0583721
-0.0567063
-0.0541948
-0.0758117
-0.0479167
-0.0616368
-0.0533739
-0.0441542
-0.0638777
-0.0655765
-0.0510489
-0.0545731
-0.0433078
-0.0543645
-0.0373787
-0.0424116
-0.0650277
-0.0397635
-0.0696099
-0.0627137
-0.0608931
-0.0557996
-0.0550155
-0.065747
-0.0696593
-0.0711285
-0.0796773
-0.0473352
-0.0510637
-0.0609698
-0.0493523
-0.0547054
-0.0542327
-0.0485239
-0.0663909
-0.0604343
-0.0566695
