0.0060608
0.00496218
0.00620745
0.0010712
0.00454145
0.00486271
0.00742925
0.00247017
0.00383833
0.00585748
0.00423615
0.00423615
0.00568274
0.00483982
0.00630691
0.00459565
0.00621319
0.00580963
0.00972134
0.00817517
0.00476325
0.00359689
0.00817698
0.00845137
0.00200046
0.00802654
0.0100447
0.00665753
0.00508472
0.00296745
0.00805354
0.00662918
0.0066053
0.0066053
0.0101939
0.00187951
0.00802607
0.00316638
0.00989619
0.0134323
0.00802654
0.00910048
0.00790276
0.0131599
0.0158863
0.0129407
0.00638268
0.0113899
0.00942297
0.00942297
0.00767784
0.00767784
0.011345
0.0114152
0.00785211
0.0110683
0.00643023
0.00932352
0.00932352
0.0121717
0.0126158
0.00944792
0.0114662
0.0147533
0.00802973
0.00134763
0.00824997
0.00451115
0.00745428
0.00638268
0.00613184
0.00805103
0.00289058
0.00294502
0.00608431
0.0062597
0.0062597
0.0112195
0.0112195
0.00421277
0.00451115
0.00148166
0.00312168
0.00790276
0.00905207
0.00905207
0.0111422
0.00720536
0.00600853
0.00802654
0.00957249
0.00797807
0.00150312
0.00653471
0.00633077
0.00613184
0.00937626
0.00937626
0.00959778
0.00780331
0.00842441
0.0025922
0.0025922
0.00979601
0.00690372
0.00790276
0.00790276
0.00924901
0.0124377
0.00762871
0.00316638
0.00600853
0.0114152
0.0114152
-0.000627108
0.00949832
0.00700645
0.00618376
0.00585748
0.00942297
0.00772817
0.00483296
0.00483296
0.00735483
0.00571018
0.00580963
0.00580963
0.00264666
0.00414366
0.0069326
0.00231657
0.00785211
0.00610799
0.00458739
0.00603238
0.00603238
0.00553512
0.00553512
0.00558708
0.00558708
0.00662918
0.00291334
0.00922408
0.00269165
0.00269165
0.000772825
0.0060564
0.00922408
0.00138221
0.00138221
0.00593292
0.00785211
0.0062313
0.0057822
0.0057822
0.00342007
0.00342007
0.00170205
0.00170205
0.00371552
0.00541185
0.00775265
0.000740212
0.00590908
0.00595694
0.00772817
0.00227127
0.00555911
0.00608431
0.00967196
0.00273734
0.00289058
0.00775265
0.00613184
0.00772817
0.00740427
0.00463401
0.00463401
0.00633581
0.0108216
-0.000549138
-0.000549138
0.0062313
0.0113411
0.00795157
0.00158112
0.00565856
0.00765319
0.00613184
0.00418956
0.00406708
0.00598112
0.00598112
0.00782762
0.00593292
0.0109211
0.00426598
0.0044962
0.00431223
0.00954737
0.00785464
0.00438847
0.00752926
0.00752926
0.00580963
0.00580963
0.00475706
0.00475706
0.00610799
0.00630691
0.00987085
0.00296745
0.00413669
0.00413669
-0.00157252
0.00491655
0.00747892
0.00256962
0.00458739
0.0106963
0.00451115
0.00451115
0.00433561
0.00471764
-0.000350207
0.00308951
0.00780331
-0.000193778
0.00430732
0.0062313
0.00276853
0.00905011
0.00608059
0.00456433
0.00466379
0.00595694
0.00775265
0.00919993
0.00824997
0.00747892
0.00969656
0.00949765
0.00431985
0.00747892
0.00468685
0.0124701
0.00934846
0.00790159
0.00563213
0.00269165
0.00645861
0.00575802
0.00800222
0.00294502
0.0060564
0.00954737
0.00770266
0.00765319
0.00256149
0.00503874
0.00503874
0.00280124
0.00785211
0.00762871
0.00932352
0.00929939
0.00563456
0.00610799
0.00757838
0.00820114
0.00972272
0.00598486
0.00596136
0.00473348
0.00595694
0.00286799
0.00286799
0.00070752
0.00750373
0.00750373
0.00782762
0.00498525
0.00944792
0.00628322
0.00172369
0.00545788
0.00912592
0.00912592
0.00318898
0.00608431
0.00181198
0.00181198
0.00780212
0.00914956
0.00279112
0.00149121
0.00480472
0.00480472
0.00643023
0.00792708
0.00792708
0.00301281
0.00780212
0.00780212
0.00332061
0.00817517
0.00817517
0.0109734
0.00615586
0.00069548
0.00448237
0.0042597
0.00755373
0.00755373
0.00630691
0.00608059
0.00630691
0.00974629
0.015417
0.00737946
0.00466379
0.00942431
0.00471008
0.012935
0.00498525
0.00595694
0.006379
0.00476325
0.00127013
0.00127013
0.00498525
0.00129226
0.0065816
0.00448793
0.00448793
0.00428343
0.00443508
0.00443508
0.00638268
0.00638268
-0.000229228
0.0048171
0.00608059
0.00827644
0.00478631
0.0060564
0.00613184
0.00613184
0.00760319
0.0111168
0.0044068
0.0042597
0.0042597
0.00483982
0.0114662
0.00667744
0.00116073
0.0081505
0.0115914
0.0115914
0.00822503
0.00516112
0.0116651
0.00461061
0.00461061
0.00536888
0.00959778
0.0108477
0.00483296
0.00521493
0.00984576
0.00638268
0.00595694
0.0081505
0.00812601
0.00496218
0.00241603
0.00627953
0.00588166
0.00588166
-0.00157252
0.00473348
0.00473348
0.0100447
0.0130402
0.00473348
0.00678053
0.00802654
0.00305887
0.00451115
0.00762871
0.00438847
0.00438847
0.00418956
0.00932352
0.00575802
6.92085e-05
0.00610495
0.0107222
0.00937357
0.00912592
0.0113977
0.00490902
0.00453454
0.00844892
0.00465758
0.00640637
0.00488578
0.00977142
0.0109946
0.0144549
0.00496218
0.00496218
0.00929939
0.00169016
0.00780331
0.00456433
0.00069548
0.008927
0.00805103
0.00600853
0.00281388
0.0025922
0.00787676
0.00578596
0.00578596
0.00401387
-0.00185007
0.0077773
0.00650583
0.00620442
0.011293
0.011293
0.00170205
0.00770266
0.00508472
0.0112672
0.00760319
0.00593292
0.00593292
0.00139173
0.00545788
0.00947303
0.00491655
0.00178965
0.00308951
0.00640637
-0.00506939
0.00468685
0.006379
0.00820114
0.00820114
0.00900102
0.00111562
0.00111562
0.00246203
0.00246203
0.006757
0.0137307
0.00969725
0.00645427
0.010675
0.00795157
0.00643023
0.00820114
0.0102187
0.00643023
0.0144631
0.0144631
-0.0004065
0.00962188
0.00428343
0.00972134
0.0077773
0.00972134
0.00972134
0.00466379
0.00456433
0.00984784
0.00436543
0.00952377
0.00805103
0.00785211
0.00782762
-9.43127e-05
0.00149121
0.0065816
0.00857309
0.00316638
0.0077773
0.00740427
0.00740427
0.00740427
0.0081505
0.00451115
0.00192264
0.00299005
0.00997036
0.00997036
0.00795157
0.00627953
0.0062313
0.00802654
0.00500849
0.00862646
0.00633077
0.00396132
0.00628322
0.00184498
0.00423615
0.00450628
0.00450628
0.00480955
0.00832494
0.00448793
0.00474036
0.00465758
0.00465758
0.00633077
0.00326585
0.00286799
0.00321176
0.0063548
0.00600853
0.00600853
0.00633077
0.00580654
0.00932484
0.00313523
0.00812601
0.00595694
0.00595694
0.00251549
0.00233948
0.00762818
0.00490421
0.00765319
0.00747892
0.00500849
0.006379
0.0114662
0.0063039
0.0132391
0.00520745
0.0113411
0.00697948
0.00508472
0.00486271
0.00937357
0.0063039
0.0063039
0.00289058
0.00775265
0.00802654
0.00935046
0.00954737
0.00944862
0.00490902
0.00787676
0.0125429
0.00782762
0.0098208
0.00294502
0.00294502
0.00241603
0.00952377
0.00279112
0.00311229
0.00311229
0.00346479
0.00384025
0.00486271
0.0063548
0.0081505
0.00795157
-0.000129751
0.00603238
0.00765319
0.00428343
0.00500849
0.00620745
0.00346479
0.00493928
0.00782762
0.00817517
0.00154656
0.00957249
0.00802654
0.00802654
0.00765319
0.00787676
0.00787676
0.00299005
0.00299005
0.00785229
0.00618006
0.00519236
0.00648214
0.00972272
0.00802607
0.00802607
0.00812601
0.00949832
0.00688
0.00463401
0.00463401
0.00999493
0.0115914
0.00390816
0.00697948
0.00834945
0.00336532
0.00984576
0.00196645
0.00650583
0.00650583
0.00643023
0.00643023
0.00526059
0.00154656
0.00822547
0.00822547
0.00974836
0.00465758
0.00285991
0.00864788
0.00433561
0.0095494
0.0095494
0.0111723
0.0065297
0.00476325
0.00476325
0.00987089
0.00987089
0.00671043
0.00620442
0.00650583
0.00331124
0.0089218
0.00508472
0.00800106
0.00156854
0.00643023
0.0051842
0.0112195
0.00678053
0.00445864
0.00445864
0.00291334
0.0063548
0.00615586
0.00655374
0.006379
-0.0019285
0.00493243
-0.000527642
0.0080757
0.00942431
0.00256149
0.00256149
0.0121986
0.00308951
0.00308951
0.00461061
0.0114894
0.00311229
0.00311229
0.00750373
0.00346479
0.0127685
0.00994522
0.00770266
0.00812601
0.00795157
0.00927412
0.00336532
0.00451115
0.00306691
0.00306691
-0.000449674
0.00812601
0.00281388
0.00837413
0.00159069
0.0125429
0.00279112
0.00321176
0.00490902
0.0053144
0.00890157
0.00890157
0.00327658
0.00595694
0.00144709
0.00984576
0.00782712
0.00463401
0.00453454
0.00453454
0.00291334
0.00947303
0.0147073
0.00752871
0.00780212
0.00780212
0.00780212
0.0063548
0.0063548
0.00687641
0.00348741
0.00655374
0.00999567
0.00957249
0.00480955
-0.00165111
0.011739
0.00682813
0.00949832
0.00279112
0.00603238
0.0093982
0.00278371
0.00967469
0.00967469
0.00967469
0.0060564
0.00820114
0.00593292
0.00575802
0.00575802
0.00610495
0.0066053
2.63342e-05
0.00964683
0.0050555
0.00468685
0.00618006
0.00316638
0.00588166
0.00503191
0.00630691
0.00315835
0.00315835
0.00455811
0.00344235
0.00827465
0.00129226
0.00171249
0.00790159
0.00490902
0.00800106
0.00127013
0.00441169
0.00785211
0.00782712
0.00445864
0.00510797
0.00810054
0.00787676
0.00314395
0.00441169
0.00172369
0.00942431
0.00984576
0.00977142
0.00331124
-7.31379e-05
-7.31379e-05
0.00598112
0.00498525
0.00454145
0.00608059
0.00640637
0.00640637
0.00765319
0.00455811
0.00445864
0.00117066
0.000872281
0.00364129
0.00364129
0.00471008
0.00767784
0.000794938
0.000794938
0.00281388
0.00308951
0.00166801
0.00523767
0.00413669
0.00301281
0.0065816
0.00356427
0.00668107
0.00668107
0.00448237
0.00448237
0.00802654
0.0060564
0.0060564
0.00967196
0.00665322
0.00665322
0.00665322
0.00480472
0.00480472
0.00480472
0.00356427
0.00493243
-5.17912e-05
0.00458739
0.00458739
0.0100197
0.00326585
0.00528367
0.00618006
0.00755373
0.00413669
0.00897576
0.00156854
-0.00193256
0.00109332
0.00410838
0.00797623
0.0129872
0.00299005
0.00471008
0.00415667
0.00421277
0.00959778
0.0113157
0.0095971
0.00326585
0.00797623
0.000762835
-0.0134236
-0.0170292
-0.014088
0.00232609
0.016093
0.0220333
0.0337812
0.0369013
0.0601599
0.0467948
0.0382762
0.0507075
0.0621483
0.0590057
0.0442128
0.0430982
0.0415634
0.0415634
0.0463884
0.052268
0.047235
0.0253263
0.0146531
-0.0155418
-0.0209197
-0.0323359
-0.0323359
-0.0423932
-0.0394528
-0.0380368
-0.0408551
-0.0315978
-0.0255268
-0.0255268
-0.0268562
-0.0322193
-0.027945
-0.027945
-0.0331712
-0.0264554
-0.0285233
-0.0223883
-0.0223801
-0.0281321
-0.0281321
-0.0150216
-0.00374014
-0.0028635
-2.85231e-05
0.0145359
0.0219262
0.0219262
0.017932
0.0296681
0.0474985
0.0381229
0.0344127
0.0378038
0.0347588
0.0325743
0.0263862
0.0256462
0.0332975
0.032152
0.0374414
0.0374414
0.0304836
0.0352668
0.0340356
0.02724
0.0227281
0.0261128
0.0292583
0.0289633
0.0304978
0.0222992
0.0267461
0.0225909
0.0236067
0.0227815
0.0228136
0.0266207
0.023248
0.0257694
0.0257694
0.0241692
0.0236952
0.0173958
0.0183882
0.0211886
0.0227184
0.0227184
0.0195451
0.0154055
0.0208191
0.0208191
0.0210961
0.0226127
0.0225664
0.0254226
0.0236897
0.0229777
0.0218774
0.0189787
0.0189787
0.022014
0.0193523
0.0246433
0.0188803
0.0205858
0.023481
0.023481
0.0206842
0.0168571
0.0215882
0.0156393
0.0200986
0.0155039
0.0155039
0.0180543
0.0194537
0.0243315
0.0217458
0.0179079
0.0179079
0.0190376
0.0174619
0.0227146
0.0162344
0.0229074
0.0174629
0.0192001
0.0156116
0.0165074
0.0216617
0.0197707
0.0224301
0.0198348
0.0234199
0.0179694
0.0195476
0.0172995
0.0188996
0.0188996
0.0284089
0.0256245
0.0256245
0.025331
0.025331
0.0234847
0.0162824
0.0174401
0.0250432
0.0231951
0.0209588
0.0210571
0.0208913
0.0208913
0.0207497
0.0198651
0.0226582
0.0184553
0.018898
0.0190942
0.0190942
0.018996
0.0202318
0.0207719
0.022546
0.0205509
0.0205509
0.0218844
0.0187501
0.0153531
0.00970091
0.00227457
0.0032746
0.0032746
-0.0104525
-0.0104343
-0.00658024
-0.00661111
-0.00448459
-0.00448459
0.00248873
0.00248873
-1.78668e-05
-0.000311183
0.00362842
-0.000605199
0.0035158
0.0035158
0.00346755
0.00658908
-0.000409096
-0.00134519
0.00101075
0.00503876
0.0048906
0.00397339
0.00726704
0.00204626
0.00647573
0.00579647
0.00264501
0.00264501
0.0059467
0.00650796
0.00743518
0.00681792
0.00360664
0.00929815
0.00777186
0.00790138
0.0031871
0.0101586
0.0101586
0.0117099
0.00771692
0.00910227
0.00662552
0.00599422
0.00599422
-0.00733987
-0.016436
-0.0379512
-0.045502
-0.0528117
-0.0559244
-0.0613999
-0.0495543
-0.0382935
-0.0333757
-0.0368057
-0.0441209
-0.0411637
-0.0411637
-0.0378362
-0.0446139
-0.0452685
-0.0494973
-0.0544752
-0.0730681
-0.0730681
-0.0797142
-0.0938963
-0.102174
-0.113924
-0.11142
-0.11142
-0.122656
-0.122963
-0.129552
-0.136982
-0.138202
-0.134535
-0.119968
-0.129071
-0.13388
-0.129202
-0.130102
-0.125337
-0.128183
-0.128047
-0.12289
-0.128724
-0.128954
-0.126498
-0.126498
-0.125022
-0.123496
-0.123244
-0.121446
-0.122953
-0.125081
-0.128826
-0.128211
-0.119999
-0.125198
-0.12446
-0.121079
-0.114586
-0.123599
-0.121001
-0.115058
-0.107365
-0.105372
-0.104554
-0.0977139
-0.102267
-0.100912
-0.101432
-0.0937179
-0.0912304
-0.0866164
-0.0856313
-0.077324
-0.0703325
-0.0744505
-0.0680711
-0.0702647
-0.0702647
-0.0629955
-0.0609777
-0.059184
-0.051215
-0.051215
-0.0520627
-0.0454988
-0.0482767
-0.0482767
-0.0435029
-0.0479551
-0.039413
-0.039413
-0.0438696
-0.0344376
-0.0355928
-0.0369229
-0.0369229
-0.0369144
-0.0320914
-0.0263664
-0.0327556
-0.0267377
-0.0238122
-0.0242121
-0.0229051
-0.0229051
-0.0248794
-0.022756
-0.0158858
-0.0150773
-0.0138886
-0.00954751
-0.0161049
-0.0161049
-0.0120095
-0.00425203
-0.00801187
-0.00801187
0.00125819
-0.00710201
-0.00373763
0.00279448
-0.00219753
-0.00232269
-0.00232269
-0.0046561
-0.00641165
-0.00117304
-0.00508562
-0.0112307
-0.00555628
-0.00555628
-0.00991509
-0.0244607
-0.0264727
-0.0265018
-0.0316092
-0.0345749
-0.0369236
-0.0473755
-0.0522282
-0.0550925
-0.0582601
-0.0620748
-0.0650277
-0.0715047
-0.0679811
-0.0714711
-0.0719295
-0.0719295
-0.0802774
-0.0816958
-0.0831364
-0.0831364
-0.0862094
-0.0958918
-0.0891557
-0.0923336
-0.109289
-0.109289
-0.108847
-0.120312
-0.118386
-0.118352
-0.12051
-0.12323
-0.121343
-0.123916
-0.12896
-0.130465
-0.13208
-0.131783
-0.126721
-0.136215
-0.132358
-0.1437
-0.135579
-0.135579
-0.141688
-0.14062
-0.14062
-0.141303
-0.141303
-0.152117
-0.149486
-0.146408
-0.149835
-0.145865
-0.147754
-0.145224
-0.147307
-0.143971
-0.149692
-0.147745
-0.147745
-0.160791
-0.160791
-0.153032
-0.156119
-0.154377
-0.154377
-0.156218
-0.157804
-0.150151
-0.155711
-0.158882
-0.158882
-0.157058
-0.162795
-0.162795
-0.161519
-0.151887
-0.159788
-0.164806
-0.160807
-0.158909
-0.155654
-0.161266
-0.159484
-0.164629
-0.164629
-0.155059
-0.162177
-0.158459
-0.164164
-0.16232
-0.167646
-0.167646
-0.160455
-0.162121
-0.16008
-0.163741
-0.160157
-0.15863
-0.15863
-0.167829
-0.173008
-0.163414
-0.165025
-0.16834
-0.1616
-0.165132
-0.157909
-0.163215
-0.164745
-0.161217
-0.166712
-0.167307
-0.167144
-0.165356
-0.166532
-0.166566
-0.159486
-0.163344
-0.16299
-0.16659
-0.162307
-0.165075
-0.158902
-0.1683
-0.1683
-0.1683
-0.158584
-0.166433
-0.165782
-0.161976
-0.16911
-0.165464
-0.158513
-0.171253
-0.161539
-0.16215
-0.166117
-0.166117
-0.167209
-0.161159
-0.161159
-0.168515
-0.16489
-0.16489
-0.170979
-0.166833
-0.157805
-0.168736
-0.161679
-0.164632
-0.164632
-0.164632
-0.161399
-0.16162
-0.163166
-0.163404
-0.163404
-0.165504
-0.166813
-0.161481
-0.166059
-0.168179
-0.160314
-0.160314
-0.16273
-0.15888
-0.15752
-0.16711
-0.170163
-0.165959
-0.165959
-0.157181
-0.171986
-0.164452
-0.162551
-0.158748
-0.158748
-0.15731
-0.158905
-0.158595
-0.161619
-0.163677
-0.156637
-0.156637
-0.160255
-0.167563
-0.165746
-0.158258
-0.160611
-0.167774
-0.165373
-0.162333
-0.152899
-0.158199
-0.156479
-0.154008
-0.161301
-0.165458
-0.156596
-0.156538
-0.156637
-0.156637
-0.156637
-0.156637
-0.163836
-0.158456
-0.156438
-0.157523
-0.152304
-0.156421
-0.163693
-0.157743
-0.155587
-0.159739
-0.153635
-0.160999
-0.162214
-0.165397
-0.152231
-0.160922
-0.162838
-0.162838
-0.155803
-0.152257
-0.149903
-0.151949
-0.164505
-0.157938
-0.157938
-0.155943
-0.155551
-0.153757
-0.152006
-0.151991
-0.156083
-0.157545
-0.159084
-0.151991
-0.153784
-0.155591
-0.149804
-0.157148
-0.151224
-0.153669
-0.157384
-0.15548
-0.15691
-0.150215
-0.150215
-0.151537
-0.149889
-0.153471
-0.153396
-0.153396
-0.147633
-0.153379
-0.142051
-0.147534
-0.147534
-0.158566
-0.14475
-0.148044
-0.151067
-0.154776
-0.147803
-0.156473
-0.155132
-0.14904
-0.149407
-0.149449
-0.152585
-0.14766
-0.145709
-0.153116
-0.150687
-0.150712
-0.150885
-0.159824
-0.149277
-0.149277
-0.148614
-0.15053
-0.144981
-0.144981
-0.155721
-0.149136
-0.143263
-0.150984
-0.150728
-0.154302
-0.149011
-0.150869
-0.150869
-0.14691
-0.147251
-0.14369
-0.141545
-0.152288
-0.148145
-0.148145
-0.145222
-0.143239
-0.150595
-0.139422
-0.146712
-0.139927
-0.139927
-0.142744
-0.146925
-0.150099
-0.145166
-0.151125
-0.151125
-0.139566
-0.150298
-0.14633
-0.148458
-0.144727
-0.148217
-0.148217
-0.154041
-0.148983
-0.147954
-0.155519
-0.140775
-0.144571
-0.144571
-0.148641
-0.142613
-0.142843
-0.137325
-0.142122
-0.142122
-0.151259
-0.140806
-0.140818
-0.138553
-0.145422
-0.145422
-0.142006
-0.14094
-0.136597
-0.141187
-0.13711
-0.136407
-0.144472
-0.141967
-0.14375
-0.140653
-0.145806
-0.138906
-0.142843
-0.142843
-0.144147
-0.143963
-0.143297
-0.139926
-0.134522
-0.134522
-0.143381
-0.143453
-0.14018
-0.146002
-0.134394
-0.147294
-0.140037
-0.139937
-0.140543
-0.140323
-0.138399
-0.14157
-0.136523
-0.141894
-0.136046
-0.140155
-0.142433
-0.134432
-0.143579
-0.143579
-0.141696
-0.135803
-0.137914
-0.13418
-0.145117
-0.141711
-0.134287
-0.130905
-0.134051
-0.142999
-0.142037
-0.142037
-0.132566
-0.137297
-0.138399
-0.135758
-0.143169
-0.144621
-0.138966
-0.135739
-0.135957
-0.135848
-0.141173
-0.140804
-0.135659
-0.135659
-0.139254
-0.137825
-0.139603
-0.144241
-0.137011
-0.137011
-0.140859
-0.139728
-0.139232
-0.135287
-0.131971
-0.135749
-0.129808
-0.144827
-0.132215
-0.135332
-0.138909
-0.133791
-0.133539
-0.130164
-0.134027
-0.131368
-0.135496
-0.135496
-0.135659
-0.131719
-0.135133
-0.127687
-0.138598
-0.133114
-0.133295
-0.133295
-0.137253
-0.127698
-0.132629
-0.130933
-0.135199
-0.144241
-0.138598
-0.138541
-0.136559
-0.130059
-0.140308
-0.131215
-0.136503
-0.136503
-0.133287
-0.13289
-0.131177
-0.136272
-0.135809
-0.135809
-0.130421
-0.130421
-0.132123
-0.132123
-0.126939
-0.126939
-0.134097
-0.132394
-0.135796
-0.135796
-0.132629
-0.132817
-0.129
-0.132718
-0.130727
-0.128931
-0.13078
-0.127382
-0.132465
-0.134538
-0.129061
-0.136007
-0.13243
-0.133799
-0.132619
-0.130512
-0.130547
-0.13584
-0.134538
-0.119557
-0.119557
-0.132266
-0.1322
-0.134459
-0.125276
-0.12871
-0.134118
-0.124791
-0.134062
-0.134107
-0.128412
-0.130673
-0.13088
-0.130566
-0.128075
-0.133579
-0.126443
-0.126589
-0.126456
-0.126456
-0.126741
-0.126886
-0.128008
-0.126489
-0.124569
-0.131825
-0.131825
-0.128425
-0.133987
-0.130051
-0.128458
-0.128458
-0.12855
-0.129853
-0.12454
-0.13188
-0.133799
-0.123232
-0.123232
-0.126998
-0.130006
-0.127702
-0.127702
-0.127962
-0.126403
-0.126403
-0.126581
-0.129346
-0.122631
-0.124483
-0.126701
-0.128306
-0.125642
-0.12639
-0.127847
-0.11534
-0.126099
-0.126099
-0.126099
-0.122377
-0.125865
-0.128115
-0.120823
-0.127495
-0.125238
-0.121776
-0.127962
-0.124044
-0.126199
-0.120171
-0.119709
-0.125535
-0.122528
-0.120474
-0.11715
-0.122429
-0.127549
-0.120513
-0.120513
-0.120225
-0.121876
-0.125749
-0.120021
-0.12565
-0.131031
-0.120227
-0.127909
-0.127396
-0.12012
-0.123736
-0.123736
-0.123584
-0.123543
-0.126006
-0.121672
-0.125139
-0.125139
-0.125054
-0.119774
-0.122138
-0.125451
-0.118213
-0.121984
-0.121432
-0.122131
-0.123997
-0.124295
-0.117615
-0.117615
-0.123272
-0.117966
-0.117966
-0.118512
-0.123193
-0.116306
-0.120017
-0.117668
-0.121384
-0.116554
-0.119072
-0.121526
-0.123035
-0.12012
-0.114299
-0.114299
-0.12138
-0.124795
-0.114348
-0.119627
-0.12314
-0.124868
-0.124868
-0.121327
-0.115907
-0.117564
-0.117564
-0.114299
-0.114299
-0.119425
-0.118925
-0.117413
-0.117666
-0.119675
-0.112492
-0.117416
-0.123298
-0.115461
-0.117615
-0.116872
-0.116872
-0.119128
-0.119128
-0.111549
-0.120883
-0.11732
-0.117765
-0.119171
-0.117218
-0.110092
-0.112095
-0.119072
-0.113901
-0.108429
-0.108429
-0.116619
-0.117512
-0.117611
-0.119175
-0.117567
-0.117567
-0.11531
-0.11531
-0.116722
-0.112959
-0.118278
-0.113554
-0.113554
-0.118921
-0.119119
-0.1115
-0.114862
-0.114961
-0.111698
-0.111698
-0.115559
-0.117064
-0.116663
-0.115358
-0.116615
-0.105788
-0.105788
-0.118878
-0.120475
-0.114961
-0.115063
-0.114961
-0.115559
-0.115559
-0.115162
-0.120673
-0.118127
-0.115009
-0.11266
-0.11266
-0.114913
-0.109149
-0.11246
-0.11677
-0.116917
-0.109398
-0.109398
-0.112859
-0.113355
-0.117167
-0.111747
-0.106133
-0.106133
-0.116459
-0.112757
-0.112757
-0.112561
-0.113206
-0.120236
-0.120236
-0.114315
-0.111053
-0.112508
-0.112012
-0.112454
-0.109249
-0.112111
-0.110557
-0.111003
-0.112658
-0.118063
-0.114961
-0.114961
-0.110952
-0.118711
-0.112363
-0.110953
-0.11652
-0.114355
-0.118372
-0.111052
-0.107295
-0.121378
-0.121324
-0.112261
-0.117269
-0.112607
-0.114807
-0.1184
-0.114113
-0.108108
-0.11251
-0.112956
-0.115769
-0.110904
-0.11426
-0.11426
-0.108703
-0.108703
-0.10915
-0.116365
-0.112411
-0.111252
-0.113008
-0.117811
-0.117811
-0.116218
-0.109149
-0.116417
-0.11206
-0.114164
-0.114164
-0.108505
-0.106851
-0.109754
-0.104902
-0.113561
-0.108455
-0.110557
-0.107096
-0.115717
-0.113707
-0.115769
-0.108504
-0.106553
-0.106553
-0.113572
-0.108355
-0.106849
-0.112009
-0.105288
-0.113767
-0.108207
-0.108207
-0.113421
-0.110109
-0.113315
-0.108108
-0.109856
-0.107908
-0.104551
-0.104545
-0.104795
-0.105908
-0.10976
-0.109961
-0.113569
-0.108355
-0.111561
-0.104108
-0.104108
-0.113521
-0.109912
-0.10976
-0.111612
-0.106007
-0.104299
-0.104299
-0.106602
-0.111212
-0.10761
-0.110968
-0.109808
-0.107706
-0.107706
-0.107512
-0.109365
-0.1027
-0.10781
-0.107511
-0.107511
-0.106402
-0.105709
-0.109462
-0.108207
-0.105462
-0.109415
-0.109415
-0.102156
-0.113712
-0.111765
-0.109411
-0.103563
-0.103563
-0.110869
-0.10966
-0.107264
-0.105658
-0.109314
-0.109459
-0.0992695
-0.114625
-0.105313
-0.105313
-0.101803
-0.112477
-0.107409
-0.107409
-0.109559
-0.112762
-0.104866
-0.109014
-0.103612
-0.10166
-0.10366
-0.103413
-0.101557
-0.105362
-0.112213
-0.105809
-0.108617
-0.10556
-0.107562
-0.110465
-0.106518
-0.103017
-0.110461
-0.103611
-0.105064
-0.105311
-0.108566
-0.11062
-0.11062
-0.107113
-0.108469
-0.103312
-0.114264
-0.107263
-0.101954
-0.103067
-0.0997658
-0.107163
-0.107611
-0.102351
-0.102351
-0.109016
-0.10351
-0.100965
-0.112265
-0.0980896
-0.112124
-0.107163
-0.0996665
-0.106519
-0.097664
-0.105115
-0.0978625
-0.0978625
-0.099468
-0.103215
-0.0997625
-0.101711
-0.108861
-0.106517
-0.0990227
-0.10141
-0.107163
-0.108118
-0.101509
-0.10561
-0.105164
-0.103113
-0.101553
-0.104767
-0.106912
-0.0993228
-0.0993228
-0.0993228
-0.101018
-0.10257
-0.0957696
-0.103017
-0.102868
-0.102968
-0.102968
-0.103462
-0.104916
-0.104916
-0.0997625
-0.106707
-0.101464
-0.101215
-0.101316
-0.0956234
-0.108665
-0.102059
-0.104916
-0.10561
-0.101617
-0.099119
-0.0971203
-0.0920083
-0.0920083
-0.0994608
-0.0994608
-0.10432
-0.10267
-0.097867
-0.104219
-0.0957274
-0.101018
-0.104271
-0.101265
-0.104517
-0.10257
-0.0988724
-0.0988724
-0.100425
-0.0987249
-0.100619
-0.10257
-0.0953725
-0.10067
-0.0992147
-0.100275
-0.0971624
-0.104171
-0.104121
-0.0972714
-0.0989235
-0.103513
-0.101064
-0.103265
-0.102768
-0.0961544
-0.0989684
-0.10082
-0.0950403
-0.0973266
-0.10632
-0.101018
-0.0962465
-0.108214
-0.099071
-0.0969579
-0.0969579
-0.0970211
-0.103923
-0.104518
-0.100525
-0.0992251
-0.0991748
-0.0968268
-0.0938175
-0.0938175
-0.097314
-0.0958566
-0.100471
-0.0983301
-0.0983301
-0.105321
-0.100375
-0.102719
-0.0986666
-0.105773
-0.0976685
-0.104417
-0.0987778
-0.0987778
-0.0985287
-0.105567
-0.0952733
-0.0952733
-0.0999295
-0.0986785
-0.0948341
-0.0948341
-0.0966758
-0.102322
-0.102322
-0.0917729
-0.0974182
-0.101726
-0.0950326
-0.100772
-0.100772
-0.0949851
-0.100227
-0.102272
-0.0991669
-0.0964812
-0.0987272
-0.099025
-0.098382
-0.100027
-0.0970211
-0.0988751
-0.0984271
-0.0998798
-0.0936419
-0.0983787
-0.100525
-0.0989235
-0.100026
-0.095101
-0.103725
-0.103725
-0.0910857
-0.0978283
-0.100273
-0.0980782
-0.0903448
-0.0948341
-0.0978843
-0.094191
-0.0892953
-0.0959332
-0.0959332
-0.0966856
-0.0888445
-0.0925542
-0.0940505
-0.0962311
-0.0962311
-0.0892781
-0.101675
-0.0964384
-0.100074
-0.0924461
-0.100128
-0.100128
-0.094385
-0.0964812
-0.101626
-0.101626
-0.0960801
-0.0951215
-0.0951215
-0.0937977
-0.0939963
-0.0914828
-0.0962859
-0.0971907
-0.097933
-0.0937527
-0.0927909
-0.0938455
-0.0958888
-0.0945725
-0.0940294
-0.0946355
-0.0954916
-0.0925453
-0.0910857
-0.0904901
-0.0907879
-0.101826
-0.0923413
-0.101031
-0.0959881
-0.0990354
-0.0941434
-0.0958376
-0.0922003
-0.0956948
-0.09983
-0.0886997
-0.0907419
-0.0937977
-0.0944888
-0.0880047
-0.0915994
-0.0959368
-0.0953374
-0.0926916
-0.0958339
-0.100932
-0.095642
-0.0936427
-0.0936427
-0.0927909
-0.0969928
-0.093801
-0.0907601
-0.0956459
-0.0990354
-0.0970914
-0.0970914
-0.0994827
-0.0902057
-0.0993338
-0.0976369
-0.0972886
-0.0908014
-0.0908014
-0.0920489
-0.0933526
-0.0934549
-0.0938885
-0.0956353
-0.0941391
-0.0955427
-0.0911553
-0.0911553
-0.0897674
-0.0902455
-0.0886081
-0.0886081
-0.0890052
-0.0920836
-0.0956928
-0.0925453
-0.0901122
-0.0920018
-0.0898021
-0.0955909
-0.0901922
-0.0957862
-0.0898144
-0.0919908
-0.0863237
-0.088104
-0.092242
-0.0904901
-0.0904901
-0.0885467
-0.0920959
-0.0920959
-0.0897619
-0.0895633
-0.0918077
-0.0939963
-0.0933071
-0.0901122
-0.0901122
-0.0848264
-0.0878597
-0.0977321
-0.0917039
-0.0954434
-0.0908338
-0.0938885
-0.0951937
-0.0957921
-0.0860259
-0.0918077
-0.0918077
-0.0900072
-0.0922945
-0.0922945
-0.0920063
-0.0918552
-0.0940871
-0.0940871
-0.0914106
-0.0898666
-0.0901173
-0.0901173
-0.0887533
-0.0933013
-0.0933013
-0.0913539
-0.0917511
-0.0865592
-0.0860335
-0.0910088
-0.0910088
-0.0879131
-0.0829967
-0.0862421
-0.0918077
-0.096397
-0.0914532
-0.0913665
-0.0915615
-0.0915099
-0.0900598
-0.0882401
-0.0912074
-0.0828874
-0.0915679
-0.0892283
-0.0917511
-0.0895165
-0.0920434
-0.0935952
-0.0935952
-0.0897619
-0.0881777
-0.0879731
-0.0969418
-0.0911602
-0.0911602
-0.0936427
-0.0936427
-0.0930987
-0.0915994
-0.0934483
-0.0934483
-0.0891193
-0.0898086
-0.0878738
-0.0872373
-0.0899137
-0.0894223
-0.0894223
-0.0928591
-0.0933526
-0.0896035
-0.0878597
-0.0839043
-0.0858349
-0.0880784
-0.0915099
-0.0915099
-0.0893647
-0.0876152
-0.0804852
-0.0855569
-0.0930511
-0.0878799
-0.0895216
-0.089129
-0.0840321
-0.0902986
-0.0902986
-0.0876152
-0.0930034
-0.0910651
-0.0889675
-0.10048
-0.0858419
-0.0804294
-0.0880784
-0.0894114
-0.0878738
-0.0896681
-0.0909658
-0.0909658
-0.0913113
-0.0879731
-0.0879731
-0.0877523
-0.0840863
-0.0862321
-0.0884096
-0.0879664
-0.0935512
-0.0891245
-0.0891245
-0.0917511
-0.0894743
-0.0917084
-0.0914658
-0.0914658
-0.0926644
-0.0926644
-0.0879202
-0.0875294
-0.0875294
-0.0861707
-0.0897151
-0.0878138
-0.0878138
-0.0838336
-0.0858539
-0.0838583
-0.0909722
-0.0821376
-0.0821376
-0.0857357
-0.0875692
-0.0894695
-0.0905169
-0.0862321
-0.0853385
-0.0839778
-0.0893179
-0.0913067
-0.0875692
-0.0901173
-0.0838964
-0.0895688
-0.0888214
-0.0888214
-0.0853844
-0.0930093
-0.0897151
-0.0913665
-0.0913665
-0.0873888
-0.085054
-0.0940572
-0.0874237
-0.0835446
-0.0879131
-0.0891135
-0.0858273
-0.0891764
-0.0839043
-0.0857357
-0.0928525
-0.0928525
-0.0895688
-0.0843471
-0.0843471
-0.0876223
-0.0873308
-0.0894172
-0.0892238
-0.0886751
-0.0830741
-0.0833274
-0.0893275
-0.0801551
-0.0836892
-0.0836892
-0.0858729
-0.0888682
-0.0834453
-0.0851469
-0.0851469
-0.0835357
-0.0835357
-0.0908219
-0.0802984
-0.0815967
-0.0834906
-0.0834453
-0.0884765
-0.0865422
-0.0872251
-0.087582
-0.087582
-0.088628
-0.0887793
-0.0852924
-0.0871849
-0.0888155
-0.0796586
-0.0796586
-0.0796586
-0.0852924
-0.0868343
-0.0819587
-0.0901268
-0.0884814
-0.0850938
-0.0866822
-0.0903699
-0.0903699
-0.0923162
-0.081552
-0.090524
-0.090524
-0.0850013
-0.0847959
-0.0818397
-0.0852315
-0.0869802
-0.0869802
-0.0771693
-0.0851858
-0.0848952
-0.0865945
-0.084849
-0.0899308
-0.0899308
-0.0846434
-0.0814974
-0.0827412
-0.0885758
-0.0865891
-0.0845363
-0.0830934
-0.0824606
-0.084842
-0.0916697
-0.0853385
-0.0917183
-0.0825599
-0.0756729
-0.0756729
-0.0863378
-0.0867877
-0.0825425
-0.0825425
-0.0811446
-0.0900756
-0.0900756
-0.0862385
-0.0823529
-0.0825676
-0.0825676
-0.0864836
-0.0869336
-0.0832013
-0.0847349
-0.0884765
-0.0884765
-0.0868343
-0.0868343
-0.083292
-0.0847427
-0.0881785
-0.0845511
-0.0845511
-0.0844518
-0.0789194
-0.0861918
-0.0863959
-0.0791068
-0.0841845
-0.0841845
-0.0857529
-0.0883346
-0.079118
-0.0805142
-0.0809747
-0.0809747
-0.0857529
-0.0856425
-0.083994
-0.0896747
-0.0860508
-0.0846434
-0.0827585
-0.0844518
-0.0830481
-0.082369
-0.0862385
-0.0862385
-0.0813179
-0.0877341
-0.0842532
-0.0842532
-0.082369
-0.0846966
-0.0846966
-0.0784228
-0.0822536
-0.0825215
-0.0862443
-0.0812186
-0.0773362
-0.0773362
-0.0839481
-0.0860925
-0.0787757
-0.0824606
-0.0881398
-0.0881398
-0.088136
-0.0858938
-0.0787649
-0.0858
-0.0914224
-0.0844054
-0.0844054
-0.0805321
-0.0787757
-0.0792614
-0.088382
-0.0825599
-0.0825599
-0.0897829
-0.0867877
-0.0790737
-0.0826669
-0.076895
-0.0865473
-0.0865473
-0.086145
-0.0830481
-0.0825215
-0.0806851
-0.0806851
-0.0844518
-0.0844518
-0.0826592
-0.0839089
-0.0807128
-0.0784778
-0.0801348
-0.0805686
-0.0805686
-0.0853972
-0.08754
-0.085502
-0.0807221
-0.0894316
-0.0894316
-0.0785326
-0.0841075
-0.0841136
-0.0803248
-0.0858
-0.0805686
-0.0805686
-0.0823613
-0.0877387
-0.0787757
-0.0822162
-0.0803335
-0.0874407
-0.0859463
-0.0843061
-0.0785873
-0.0822696
-0.0788852
-0.0801803
-0.0801803
-0.0821703
-0.0801262
-0.0813828
-0.0823075
-0.0843454
-0.0858993
-0.0858993
-0.0799362
-0.0770265
-0.083617
-0.0802255
-0.0803872
-0.0842532
-0.0842532
-0.0844054
-0.0890877
-0.0842001
-0.0840545
-0.0770821
-0.0770821
-0.081964
-0.0861973
-0.0785969
-0.0856062
-0.0751465
-0.0833715
-0.0803789
-0.085987
-0.0807761
-0.0894342
-0.0827201
-0.0825676
-0.0786418
-0.0902742
-0.082071
-0.0782989
-0.0870506
-0.0802341
-0.0802341
-0.0837688
-0.0856581
-0.0857477
-0.083763
-0.083763
-0.0750038
-0.0750038
-0.0857574
-0.0840667
-0.0803335
-0.0807221
-0.0751897
-0.0824606
-0.0765417
-0.0867453
-0.0858522
-0.078036
-0.0807221
-0.0746624
-0.0746624
-0.082369
-0.0821243
-0.0869994
-0.0818263
-0.0818263
-0.0801886
-0.0798906
-0.0857097
-0.0821243
-0.0820633
-0.0840082
-0.0787955
-0.0816808
-0.082071
-0.082131
-0.082131
-0.0782446
-0.0816277
-0.0819256
-0.0801886
-0.0812764
-0.0819183
-0.0838028
-0.0815815
-0.0801348
-0.0804865
-0.0857055
-0.0832252
-0.0821837
-0.0801616
-0.0799275
-0.0804328
-0.0761214
-0.082078
-0.0787051
-0.0780099
-0.0799182
-0.0764092
-0.0815936
-0.0815936
-0.0802706
-0.0802706
-0.0767718
-0.0830265
-0.076772
-0.076772
-0.0780552
-0.0781545
-0.0798533
-0.0728711
-0.0796003
-0.083476
-0.083476
-0.0820317
-0.0851614
-0.0785517
-0.083167
-0.0795926
-0.0807336
-0.0759126
-0.0779914
-0.0850103
-0.0813757
-0.0823155
-0.0823155
-0.0849109
-0.0789429
-0.0789429
-0.0779914
-0.0761325
-0.0761325
-0.0849109
-0.083319
-0.0796462
-0.083465
-0.0835753
-0.0774593
-0.0813223
-0.0810848
-0.0832722
-0.081429
-0.079692
-0.0773506
-0.0773506
-0.0795843
-0.0791415
-0.0792947
-0.0812835
-0.0848635
-0.077748
-0.077748
-0.0815284
-0.0779914
-0.081429
-0.0818263
-0.0867526
-0.0790335
-0.0790335
-0.079394
-0.0815284
-0.0760011
-0.0854549
-0.0788973
-0.079501
-0.079501
-0.0762106
-0.0776126
-0.0781453
-0.0774947
-0.0812229
-0.0812229
-0.0759457
-0.0774947
-0.0781354
-0.0761444
-0.0834184
-0.0834184
-0.0812371
-0.0832773
-0.0868546
-0.0791496
-0.0794396
-0.0829272
-0.0829272
-0.0776486
-0.0776486
-0.0810384
-0.0777715
-0.0807868
-0.0809452
-0.0771699
-0.0771699
-0.0790502
-0.0824775
-0.0775586
-0.0758235
-0.0758235
-0.077405
-0.0844185
-0.0776387
-0.083319
-0.083319
-0.0775586
-0.0792409
-0.083021
-0.0738907
-0.0772692
-0.0810317
-0.0824827
-0.0775493
-0.0791415
-0.0826762
-0.0828749
-0.0775586
-0.0813949
-0.0847641
-0.0812764
-0.0797375
-0.0845214
-0.0782538
-0.0782538
-0.0844142
-0.0810848
-0.0775044
-0.0796295
-0.0850103
-0.0813297
-0.0775493
-0.0792563
-0.0750834
-0.0794549
-0.0795609
-0.0742769
-0.0734823
-0.0806055
-0.0830787
-0.0830787
-0.0741221
-0.0762549
-0.0761851
-0.0790177
-0.0846172
-0.0814216
-0.0814216
-0.080799
-0.0826762
-0.07744
-0.0775133
-0.0814358
-0.0778473
-0.0778473
-0.085018
-0.0791037
-0.084124
-0.0815351
-0.0815351
-0.0879476
-0.0788248
-0.0752156
-0.0810547
-0.0755153
-0.0864063
-0.0864063
-0.0868546
-0.0793556
-0.0771613
-0.0739012
-0.07921
-0.0807465
-0.0807465
-0.0818647
-0.0807868
-0.0779559
-0.0742214
-0.0824872
-0.0824872
-0.0848158
-0.0831259
-0.0808513
-0.0826382
-0.0791569
-0.0771918
-0.0771918
-0.0772606
-0.0754807
-0.0754807
-0.0767725
-0.0786204
-0.0844733
-0.0749933
-0.0804017
-0.0785147
-0.078667
-0.0773147
-0.0755702
-0.076818
-0.076818
-0.0805349
-0.0790876
-0.0773147
-0.08387
-0.0820457
-0.0820457
-0.0752913
-0.0752913
-0.0861592
-0.0804017
-0.0752821
-0.08029
-0.0767186
-0.0813364
-0.0771613
-0.0732836
-0.078607
-0.0813425
-0.0823833
-0.0829362
-0.0751728
-0.0770167
-0.0771243
-0.0749295
-0.0736809
-0.0789966
-0.0789966
-0.0792563
-0.0786529
-0.0838818
-0.0806527
-0.0805581
-0.0805581
-0.0805581
-0.0789241
-0.0752913
-0.0790043
-0.0821931
-0.0783852
-0.0806803
-0.0667084
-0.0667084
-0.0781237
-0.0812474
-0.0812474
-0.0736921
-0.0751378
-0.0821846
-0.0821325
-0.076818
-0.079203
-0.079203
-0.0838224
-0.0751948
-0.0837779
-0.0817989
-0.0770858
-0.076818
-0.0738117
-0.0738117
-0.0793556
-0.073062
-0.0765359
-0.0767346
-0.0767346
-0.0790114
-0.0744873
-0.0807336
-0.0809391
-0.091177
-0.0829397
-0.0829397
-0.0753364
-0.0766276
-0.0733498
-0.0733498
-0.076727
-0.0769712
-0.0732948
-0.0773147
-0.074388
-0.0769712
-0.0804485
-0.0804952
-0.0804952
-0.0764825
-0.0782629
-0.0751827
-0.0751827
-0.0733274
-0.078316
-0.0751728
-0.0698728
-0.0802081
-0.0776668
-0.0819386
-0.0725837
-0.0767805
-0.0800656
-0.0799184
-0.0768719
-0.0768719
-0.0819807
-0.0737685
-0.0794082
-0.0794082
-0.0767805
-0.0767805
-0.0786361
-0.0780709
-0.0742072
-0.0742072
-0.0762219
-0.0769533
-0.0817477
-0.078077
-0.0744966
-0.0747754
-0.0768339
-0.0763373
-0.0763373
-0.0762838
-0.0729355
-0.0761985
-0.0745052
-0.0748487
-0.0800913
-0.0765283
-0.0735261
-0.083723
-0.0783548
-0.080203
-0.0785076
-0.0785076
-0.0800978
-0.0796537
-0.0761918
-0.0816924
-0.081895
-0.0725106
-0.0725106
-0.0803362
-0.0766732
-0.0833292
-0.0787134
-0.0816448
-0.0796166
-0.0796166
-0.0766423
-0.0753269
-0.0713744
-0.0727093
-0.0795127
-0.0729416
-0.074234
-0.0733274
-0.0781561
-0.0767186
-0.0762128
-0.0711394
-0.0761386
-0.0765739
-0.0728633
-0.0728633
-0.0766276
-0.0778193
-0.0763373
-0.0799101
-0.0802553
-0.0761052
-0.0726099
-0.0729856
-0.0744513
-0.0744513
-0.078607
-0.0742979
-0.0818393
-0.0765199
-0.0726099
-0.0835332
-0.0835332
-0.0766193
-0.0764289
-0.0785737
-0.0763832
-0.0747854
-0.0747854
-0.0749391
-0.0749391
-0.0780709
-0.0760392
-0.0819905
-0.0832871
-0.0744328
-0.0744328
-0.0793088
-0.0746046
-0.0751728
-0.0712198
-0.0740085
-0.0795689
-0.0778193
-0.0707567
-0.0729968
-0.0760851
-0.0779308
-0.0744966
-0.0694192
-0.0730518
-0.0743065
-0.0744873
-0.0744873
-0.0759858
-0.0743679
-0.0724659
-0.072764
-0.0753896
-0.082639
-0.082639
-0.0756418
-0.0762219
-0.079601
-0.0790679
-0.068761
-0.0760392
-0.0758328
-0.0773224
-0.0739091
-0.0739091
-0.0776205
-0.0754964
-0.0793029
-0.0701824
-0.0776205
-0.0791198
-0.0775334
-0.0710323
-0.0710323
-0.0759998
-0.0688922
-0.0777729
-0.0724659
-0.0724659
-0.0762838
-0.0741616
-0.0778722
-0.070767
-0.0763373
-0.081549
-0.0819976
-0.0767639
-0.0765283
-0.0760925
-0.0760925
-0.0705244
-0.0764289
-0.0759322
-0.0800094
-0.0762979
-0.0777844
-0.0725551
-0.0711522
-0.0729079
-0.0729079
-0.0763905
-0.0726544
-0.0728277
-0.0764436
-0.0808535
-0.0725297
-0.0725653
-0.0733024
-0.0762838
-0.0771883
-0.0777844
-0.0791153
-0.0791153
-0.0747576
-0.0761918
-0.0725106
-0.0725205
-0.0744513
-0.0760392
-0.0712751
-0.0724755
-0.0747493
-0.0699022
-0.0699022
-0.0710401
-0.0724112
-0.0831864
-0.0800566
-0.0796641
-0.0777199
-0.0740622
-0.0740622
-0.0741533
-0.0712309
-0.0764085
-0.0841746
-0.0740899
-0.0749841
-0.0749933
-0.0740539
-0.0722125
-0.0783282
-0.0724211
-0.0695002
-0.0695002
-0.0722768
-0.0675588
-0.0756951
-0.0707892
-0.0726646
-0.0778722
-0.074352
-0.0755884
-0.0755884
-0.0760315
-0.0774748
-0.0699599
-0.0809923
-0.0704362
-0.0769896
-0.0719501
-0.0758012
-0.0754431
-0.0754431
-0.0696964
-0.068463
-0.0687666
-0.0794217
-0.0792709
-0.0792709
-0.0778783
-0.0744513
-0.0742979
-0.0708663
-0.0666084
-0.0756025
-0.0756025
-0.0741078
-0.0679222
-0.0779186
-0.0738462
-0.0740992
-0.0755958
-0.0758405
-0.0683747
-0.0720035
-0.073335
-0.072087
-0.0726198
-0.0740165
-0.0743973
-0.0743674
-0.0741443
-0.0721774
-0.0758328
-0.0758328
-0.0704912
-0.0720685
-0.068463
-0.0777892
-0.0736795
-0.0686807
-0.0704115
-0.0704115
-0.0753437
-0.0717602
-0.0795127
-0.0704251
-0.0704251
-0.0755559
-0.0738178
-0.0774864
-0.0683954
-0.0813532
-0.0757945
-0.0759005
-0.0760851
-0.0698401
-0.0773347
-0.0756951
-0.079455
-0.0726435
-0.0726435
-0.0737184
-0.0686499
-0.0740899
-0.0702925
-0.0761456
-0.0719336
-0.0719336
-0.0771302
-0.076978
-0.0795172
-0.0758539
-0.0722857
-0.0716807
-0.0716807
-0.071613
-0.0722857
-0.0755958
-0.0686617
-0.0761456
-0.0731296
-0.0737018
-0.0723666
-0.075489
-0.0724557
-0.0721323
-0.07178
-0.07178
-0.0696302
-0.0723013
-0.0794133
-0.0738178
-0.0787805
-0.0718508
-0.0718508
-0.0683519
-0.0772405
-0.0714724
-0.0770773
-0.0755347
-0.0755347
-0.075489
-0.0737257
-0.0676349
-0.0734124
-0.0739905
-0.0761765
-0.0758328
-0.0681761
-0.0734808
-0.0756025
-0.0743065
-0.0707343
-0.0707343
-0.0775276
-0.0738635
-0.0685183
-0.0751737
-0.0741231
-0.0720415
-0.0720415
-0.072331
-0.0741158
-0.0702925
-0.0766798
-0.0766798
-0.0771767
-0.0721774
-0.0705683
-0.0755031
-0.0702579
-0.0737257
-0.0774341
-0.079314
-0.079314
-0.0706238
-0.0699945
-0.0679544
-0.0739546
-0.0790721
-0.0790721
-0.0737642
-0.0739546
-0.0756025
-0.073259
-0.0734661
-0.0706899
-0.0706899
-0.0716442
-0.0753508
-0.06995
-0.0739091
-0.0740992
-0.0712087
-0.0734124
-0.0733584
-0.0732674
-0.0805099
-0.0773816
-0.0717157
-0.0717157
-0.0735731
-0.0719422
-0.0695174
-0.071517
-0.0737018
-0.0683636
-0.0771411
-0.0788734
-0.076597
-0.072977
-0.0703919
-0.0716896
-0.0702034
-0.0702034
-0.0716263
-0.0700493
-0.0758012
-0.0720237
-0.0720237
-0.0715903
-0.0774912
-0.0700592
-0.0713375
-0.0700388
-0.0718794
-0.0712467
-0.0738552
-0.0773347
-0.0773347
-0.0737642
-0.0750915
-0.0702034
-0.0741616
-0.0753508
-0.0711742
-0.0660941
-0.0677343
-0.0767437
-0.0767437
-0.0767437
-0.0699395
-0.0735197
-0.0722224
-0.072033
-0.0762302
-0.0762302
-0.0701382
-0.0787741
-0.072087
-0.0752977
-0.0712736
-0.0712736
-0.0718883
-0.066168
-0.0768903
-0.071789
-0.0679107
-0.0711928
-0.0675688
-0.0728699
-0.0786705
-0.0684075
-0.0738552
-0.0754964
-0.0770938
-0.0713375
-0.0751909
-0.0682525
-0.0772405
-0.0746327
-0.0719501
-0.0717972
-0.073321
-0.0693092
-0.0780307
-0.0749533
-0.0751983
-0.0717435
-0.0716442
-0.0694181
-0.0713375
-0.0717157
-0.0736824
-0.0699945
-0.0699945
-0.0695971
-0.0683636
-0.0683636
-0.0715448
-0.0767957
-0.0716356
-0.0716356
-0.077089
-0.0717435
-0.0752514
-0.0664915
-0.0664915
-0.0699598
-0.0716356
-0.0757482
-0.076545
-0.0686617
-0.0755559
-0.0753044
-0.0753044
-0.0703027
-0.0805518
-0.0758784
-0.0697066
-0.0785308
-0.0785308
-0.0659948
-0.0714368
-0.0726328
-0.071048
-0.073229
-0.0750124
-0.0750124
-0.0717349
-0.0770463
-0.0725866
-0.0767005
-0.0731143
-0.0661935
-0.0738552
-0.0735571
-0.0672152
-0.0788172
-0.0736725
-0.0736725
-0.066423
-0.0683196
-0.0715269
-0.0737184
-0.0716807
-0.0764928
-0.0764928
-0.0690749
-0.0751585
-0.0695624
-0.0660065
-0.0695624
-0.0624689
-0.0718343
-0.0769469
-0.072087
-0.065951
-0.071056
-0.0695624
-0.0733814
-0.0683082
-0.0697611
-0.0735655
-0.0733668
-0.0697066
-0.0717257
-0.0717257
-0.0769373
-0.0697177
-0.078476
-0.0752977
-0.0699053
-0.0699053
-0.0713916
-0.0714992
-0.0714992
-0.0688669
-0.0676564
-0.0695174
-0.0695174
-0.0637853
-0.0677343
-0.0697161
-0.0713375
-0.0639127
-0.0639127
-0.069542
-0.0676564
-0.0734738
-0.0734738
-0.0698951
-0.0748076
-0.0767437
-0.0634722
-0.0634722
-0.0762469
-0.0730834
-0.0689841
-0.0689841
-0.0690453
-0.0694977
-0.0712011
-0.0726789
-0.0769469
-0.0718343
-0.0674806
-0.0624266
-0.0731296
-0.0655536
-0.0723347
-0.0735117
-0.0743107
-0.067712
-0.067712
-0.0678426
-0.0681649
-0.0733283
-0.0733283
-0.0731363
-0.0675248
-0.0675248
-0.0747143
-0.0713461
-0.0690451
-0.0656644
-0.0726789
-0.0726789
-0.0697066
-0.0695746
-0.0712467
-0.0712467
-0.0714368
-0.06912
-0.0730303
-0.0679222
-0.0711387
-0.0711387
-0.070687
-0.064353
-0.0739248
-0.0708113
-0.0692644
-0.0697161
-0.0697161
-0.0692545
-0.0713826
-0.0730303
-0.0658954
-0.0724341
-0.0670936
-0.0721955
-0.0714368
-0.0676127
-0.0711474
-0.0725866
-0.0641403
-0.0707778
-0.0688219
-0.0698401
-0.0712832
-0.0732136
-0.0710024
-0.0710024
-0.0710935
-0.0730687
-0.0724468
-0.0708712
-0.0748137
-0.0712381
-0.0713005
-0.0713005
-0.0707499
-0.07813
-0.0691289
-0.0711626
-0.0711626
-0.0676241
-0.0653862
-0.0722814
-0.0748713
-0.0656202
-0.0655097
-0.0655097
-0.0668292
-0.0709566
-0.0669943
-0.072242
-0.0760526
-0.0748137
-0.0748137
-0.0687315
-0.0669394
-0.0723808
-0.0692098
-0.0690451
-0.0690451
-0.072593
-0.0704062
-0.065267
-0.0706585
-0.0664869
-0.0703437
-0.0636276
-0.0707953
-0.0666962
-0.0603695
-0.0722353
-0.0723942
-0.0668844
-0.0714368
-0.0690008
-0.0690008
-0.0676241
-0.0652555
-0.0652555
-0.0677992
-0.0726254
-0.0712381
-0.0729376
-0.0705202
-0.0761995
-0.0761995
-0.0690749
-0.0621564
-0.0724993
-0.0600342
-0.0635842
-0.0713461
-0.0653663
-0.0725402
-0.070903
-0.0602183
-0.0676793
-0.0743168
-0.0653986
-0.0672707
-0.072703
-0.068578
-0.0744565
-0.0710935
-0.0690656
-0.0690656
-0.0704671
-0.0776331
-0.070903
-0.0688219
-0.0688219
-0.0680898
-0.0631868
-0.0693729
-0.0725795
-0.0652868
-0.063727
-0.063727
-0.0765495
-0.0655097
-0.0687315
-0.0650682
-0.0687768
-0.0739248
-0.0739248
-0.0726789
-0.0704062
-0.0707043
-0.0707953
-0.0652555
-0.0707499
-0.067326
-0.0691742
-0.0669286
-0.0654104
-0.0693729
-0.0668292
-0.0693637
-0.0685688
-0.0666699
-0.0615324
-0.0688219
-0.0631988
-0.0726859
-0.0775416
-0.0672819
-0.0638696
-0.071056
-0.0649689
-0.0727389
-0.0746674
-0.0686232
-0.065498
-0.067193
-0.0766333
-0.0650129
-0.0650129
-0.0723347
-0.0652434
-0.0705132
-0.065267
-0.0676682
-0.0726456
-0.0726456
-0.0634722
-0.06929
-0.0630556
-0.0723273
-0.0745156
-0.0745156
-0.065267
-0.0655536
-0.0667407
-0.0654657
-0.0688219
-0.0692283
-0.0669496
-0.0691551
-0.0665631
-0.0633594
-0.0684334
-0.0628196
-0.06684
-0.06684
-0.0721891
-0.069165
-0.0737206
-0.0673022
-0.0582787
-0.0709176
-0.0709176
-0.069427
-0.0706658
-0.0706658
-0.0634588
-0.0673812
-0.0742751
-0.0742751
-0.0651123
-0.0651123
-0.0689384
-0.0635582
-0.0691104
-0.0691104
-0.0694723
-0.0704062
-0.06364
-0.0725795
-0.067193
-0.065144
-0.065144
-0.0693729
-0.0688391
-0.0640374
-0.0688926
-0.0690834
-0.0690834
-0.062014
-0.0689213
-0.0759014
-0.0689663
-0.0689663
-0.0689117
-0.068578
-0.061788
-0.0693815
-0.0703978
-0.0582519
-0.0371996
-0.0362896
-0.0356426
-0.0356426
0.00314946
0.00314946
0.0443076
0.082804
0.082804
0.0735596
-0.0680711
-0.0585242
-0.0339598
-0.0319483
-0.00755895
-0.0193849
-0.0217869
-0.0135115
-0.00962861
-0.000985748
0.00060676
-0.00868782
-0.00728969
-0.00377009
-0.00377009
0.00199744
0.0033518
-0.00971297
-0.00508116
0.00338591
0.00490539
0.00213592
0.0022099
5.07738e-05
-0.00747731
-0.00153842
-0.00153842
0.00216761
-0.00466139
-0.00440378
-0.00440378
-0.00110239
-0.00110239
-0.00110239
-0.00110239
-0.00734573
-0.00899286
-0.0065943
-0.00627925
-0.00627925
-0.00104601
-0.000363726
-0.00207262
-0.00541915
-0.00340591
-0.00409244
-0.00236121
-0.00733386
-0.00557155
-0.00915002
-0.00845525
-0.00872871
-0.0068623
-0.00323387
-0.00190738
-0.00681443
-0.00843013
-0.00843013
-0.00502104
-0.00394855
-0.00843013
-0.00663715
-0.00470208
-0.00551867
-0.00865429
-0.00654143
-0.00696183
-0.00658963
-0.00484853
-0.00504759
-0.00490113
-0.00517349
-0.00350543
-0.00350543
-0.00678868
-0.00678868
-0.00531963
-0.00337873
-0.00337873
-0.0112626
-0.00601817
-0.00519339
-0.00519339
-0.0063678
-0.00718677
-0.00144843
-0.00631861
-0.00489479
-0.00800735
-0.00314118
-0.00363195
-0.0066916
-0.00314118
-0.00505255
-0.0102705
-0.00484853
-0.00780829
-0.00525157
-0.00383098
-0.00383098
-0.00370448
-0.00370448
-0.00525157
-0.00492717
-0.00477539
-0.00684
-0.00129411
-0.0103454
-0.0103454
-0.0067149
-0.00992121
-0.00502669
-0.00510017
-0.00843013
-0.0112626
-0.0112626
-0.00166458
-0.00664096
-0.00365878
-0.00708725
-0.00495304
-0.00199078
-0.000150451
-0.00316119
-0.00213439
-0.00507397
-0.0068623
-0.00748487
-0.00606921
-0.00124939
-0.0033869
-0.00507397
-0.00507397
-0.00666636
-0.00149317
-0.00621909
-0.00527301
-0.00482765
-0.00689062
-0.00477971
-0.00495304
-0.00818162
-0.00502669
-0.00330638
-0.0051262
-0.00485352
-0.0080067
0.0015761
-0.000733196
-0.00212632
-0.0082064
-0.00355045
-0.00355045
-0.00355045
-0.0063678
-0.00835572
-0.00485352
-0.00803197
-0.00450302
-0.00450302
-0.00445544
-0.00117701
-0.00609447
-0.00606971
-0.00815593
-0.00815593
-0.006244
-0.000321227
-0.00984584
-0.006194
-0.00470573
0.00200237
-0.00639056
-0.00306166
-0.00301533
-0.00805713
-0.00129411
-0.00129411
-0.00862906
-0.0025907
-0.00163677
-0.00504759
-0.00477539
-0.00664096
-0.00664096
-0.00487492
-0.00611956
-0.00611956
-0.00418258
-0.00418258
-0.00418258
-0.00298882
-0.00611956
-0.00611956
-0.00790782
-0.00790782
-0.00604378
-0.00604378
0.00230093
0.00230093
-0.00689062
-0.00189126
-0.00838067
-0.00644191
-0.00133817
-0.0013834
-0.00171969
-0.00470573
-0.00296832
-0.00482765
-0.00301533
-0.00124939
-0.00301533
-0.00179174
-0.00510377
-0.00324069
-0.0052992
-0.00592051
-0.00497444
-0.00825545
-0.00611956
-0.00475401
-0.00775785
-0.00492717
0.00178952
-0.00818162
-0.00341339
-0.00609447
-0.00296832
-0.00626827
-0.00291581
-0.00500065
-0.00124939
0.00180334
0.00180334
-0.0095192
-0.00962262
-0.00621909
-0.00656684
-0.00579574
-0.00147557
0.000462378
-0.0063678
-0.00271676
-0.00231863
-0.00301533
0.00026334
-0.00631861
-0.00502104
-0.00775785
-0.00281628
-0.00269023
-0.00269023
-0.00597019
-0.00666636
-0.00651764
-0.00460622
-0.0046802
-0.00157508
-0.00157508
-0.00418258
-0.00783292
-0.00477971
-0.00428211
-0.00179174
-0.00470208
-0.0045809
-0.00330638
-0.00114986
-0.00100495
-0.00274311
-0.00457632
-0.00758441
-0.00592051
-0.00274311
-0.00495304
-3.51979e-05
-0.00924865
-0.00924865
-0.00276929
-0.00120399
-0.00393186
-0.00433001
-0.00592051
-0.00592051
-0.00899789
0.000380071
-0.00477539
-0.00728578
-0.00450302
-0.00261723
0.000904927
-0.00283574
-0.00621725
-0.0107411
-0.00420441
-0.00438163
-0.00438163
0.000163825
-0.00658963
-0.00114986
-0.0025226
-3.51979e-05
-0.000786337
-0.00365878
-0.00626827
-0.00626827
-0.00577115
-0.00423353
-0.00780829
-0.00743479
-0.00247073
-0.00129411
-0.00301533
-0.00301533
-0.0117882
0.000291111
-0.00932401
-0.00932401
-0.00775785
-0.00269023
-0.00830592
-0.00790782
-0.00221909
-0.00221909
-0.0046802
-0.00597019
-0.00425638
-0.00616874
-0.00254406
-0.00430766
-0.00430766
-0.00430766
-0.00430766
-0.00294215
-0.0063678
-0.00276307
-0.00629352
-0.00949875
-0.00311485
-0.00440348
-0.00184649
-0.00184649
-0.00448116
-0.00333339
-0.00505255
-0.00929649
-0.00505255
-0.00616874
-0.00596968
-0.00909743
-0.004749
-0.00242308
-0.00778349
-0.00415685
-0.00415685
-0.00599478
-0.00599478
-0.00490113
-0.00147557
-0.00735973
-0.00569634
-0.00569634
0.000380071
-0.00604496
0.000191591
0.000191591
-0.00589541
-0.00577115
-0.000878433
-0.00599494
-0.00284263
-0.000786337
-0.00472813
-0.00525157
-0.00510377
-0.00157508
-0.00636825
-0.0023712
-0.00298882
-0.00110447
-0.00110447
-0.00472813
-0.0015927
-0.00582098
-0.00455496
-0.00428211
-0.00621909
-0.00428211
