0.00481654
0.00412525
0.00142954
0.00142954
0.00334331
0.00362138
0.00225843
0.00240356
0.00357777
0.00357777
0.00247361
0.00195179
0.00419466
0.00211881
0.00259273
0.00323148
0.00419783
0.00359631
0.00221511
0.00221511
0.00458305
0.00147856
0.00297786
0.00387323
0.00279571
0.00279571
0.00215197
0.00352986
0.00403364
0.00205435
0.00366912
0.0036744
0.00299962
0.00299962
0.000689666
0.00286011
0.00341273
0.00334331
0.00476753
0.00228498
0.00262588
0.00428919
0.0030477
0.00474482
0.00295635
0.00200651
0.00348221
0.00276493
0.00290809
0.00502467
0.00276877
0.00392284
0.00221511
0.00267779
0.00476931
0.00114767
0.000498996
0.0031575
0.00209327
0.00387323
0.00431132
0.00177099
0.00198471
0.00394698
0.00331832
0.00092283
0.00521151
0.00267325
0.00460903
0.00355176
0.00412843
0.00336925
0.00190991
0.00343483
0.00168189
0.00343869
0.00481406
0.00320469
0.00405909
0.00280364
0.00364741
0.0030477
0.00332148
0.00103468
0.00426414
0.00299962
0.00182222
0.00224259
0.00325763
0.000436537
3.31032e-05
0.00119137
0.00435876
0.00502467
0.00268418
0.00320469
0.00399283
0.00339792
0.00309605
0.00433369
0.0017254
0.00316146
0.00362138
0.00483857
0.00449811
0.00403752
0.00233357
0.0040809
0.0040809
0.0049302
0.00421969
0.00397054
0.00383067
0.00383067
0.00327854
0.00380552
0.00380552
0.00256062
0.00256062
0.00449565
0.00276877
0.00366598
0.00355176
0.00357777
0.00332774
0.00332774
0.00403364
0.00149349
0.00316146
0.0015153
0.0015153
0.003166
0.00290809
0.00438479
0.00398665
0.00433369
0.00357777
0.00364183
0.00364183
0.00276877
0.00419466
0.00339087
0.00376084
0.00256062
0.00336925
0.00219382
0.00189248
0.00189248
0.00364356
0.00247361
0.00419466
0.00263535
0.00263535
0.00233357
0.00265703
0.00346033
0.00337173
0.00244652
0.00362138
0.00392284
0.00207696
0.00373571
0.00325379
0.00330157
0.00323602
0.00506806
0.00435876
0.00337173
0.00161184
0.00499963
0.00341982
0.00440647
0.0025385
0.00325379
0.00394698
0.00272087
0.00357391
0.0028384
0.00288661
0.00345718
0.00410684
0.0024559
0.00238244
0.00396439
0.00288206
0.00433369
0.00168189
0.00415026
0.00401161
0.0024204
0.00355176
0.00334331
0.00490613
0.00223284
0.00431132
0.00209708
0.00366912
0.00515802
0.00223665
0.00153735
0.00153735
0.00302312
0.00290426
0.00290426
0.00274733
0.00238244
0.00371327
0.00352986
0.000888446
0.00147856
0.00147856
0.00325216
0.00272087
0.00355176
0.00244652
0.00320469
0.00288206
0.00249047
0.00323059
0.00329602
0.00329602
0.00281239
0.00323148
0.00227948
0.00332676
0.000573103
0.00306948
0.00302162
0.00380552
0.00408549
0.00424179
0.00313941
0.00428919
0.00251662
0.00518416
0.00228498
0.0034173
0.00472554
0.00245247
0.00394238
0.00394238
0.00263535
0.00226366
0.00149349
0.00394238
0.00256031
0.00357391
0.00295181
0.00403364
0.00302616
0.00302616
0.00270518
0.00359945
0.00329989
0.00329989
0.0028384
0.00343869
0.00369108
0.00242492
0.00337173
0.00336539
0.00488585
0.00390057
0.00299962
0.00299962
0.00325216
0.00221511
0.0030477
0.000824282
0.0028384
0.00371327
0.00444617
0.00352986
0.00366598
0.00175202
0.00297786
0.00277147
0.00341273
0.00075429
0.00359945
0.00451511
0.00318291
0.00320927
0.00246506
0.00346033
0.00463774
0.00102878
0.00357391
0.00405591
0.00428673
0.00281239
0.00175202
0.00254373
0.00235039
0.00209708
0.00258192
0.00543389
0.00109905
0.003166
0.00352986
0.00228498
0.00260869
0.0028384
0.0028384
0.00267779
0.00159047
0.00292983
0.00433369
0.00646477
0.0010427
0.0010427
0.00488585
0.00281693
0.00260378
0.0047473
0.00142964
0.00320941
0.00486085
0.00472554
0.00472554
0.00355176
0.00232834
0.00207107
0.00207559
0.0030477
0.00352986
0.00607226
0.00421969
0.00288206
0.00360473
0.00299962
0.00343483
0.00339087
0.00346435
0.00355176
0.00370234
0.00364356
0.00232834
0.00360473
0.00327636
0.00380867
0.00472992
0.00106321
0.00527697
0.00488585
0.0030477
0.00509171
0.0049079
0.00366912
0.00343869
0.00461574
0.00445057
0.00382793
0.00447299
0.00591104
0.00163344
0.00486085
0.00446855
0.00568405
0.000295823
0.00366912
0.00288661
0.00288661
0.00486827
0.00440647
0.00306948
0.00306948
0.00267325
0.00263535
0.00263535
0.0040809
0.00193182
0.0041478
0.0041478
0.0020274
0.00401161
0.00325379
0.00389522
0.00262972
0.00262972
0.00238244
0.00218859
0.00218859
0.00322673
0.00299962
0.00339087
0.00292983
0.0023958
0.00334331
0.00334331
0.00163344
0.00267325
0.00195397
0.00193635
0.0047473
0.00197948
0.00442226
0.0016553
0.00269537
0.00244851
0.00476753
3.5664e-05
0.00292983
0.00122035
0.00396439
0.00343483
0.00447104
0.00221511
0.00359945
0.00322673
0.00290426
0.00154185
0.00389522
0.00501871
0.00054473
0.00424179
0.00424179
0.0028384
0.00221511
0.00221511
0.0038754
0.00142362
0.0030915
0.00188825
0.00470011
0.00166051
0.00166051
0.00323059
0.00237927
0.00195779
0.00258192
0.0015003
0.000866813
0.0013323
0.00506912
0.00506912
0.00424179
0.00281693
0.00196282
0.000915511
0.00343869
0.00357391
0.00288661
0.00357777
0.00117529
0.00325379
0.00317975
0.00341273
0.00233357
0.00233357
0.00262588
0.00527391
0.00276493
0.00228498
0.0018942
0.00474482
0.00474482
0.0030922
0.00369108
0.00355176
0.00156343
0.00126923
0.00214532
0.0040809
0.00251662
0.00154185
0.00154185
0.0020274
0.00412525
0.0041478
0.0049773
0.00339087
0.00525561
0.00438091
0.0031176
0.00355633
0.00355633
0.00341273
0.00348221
0.00156343
0.0020274
0.00283456
0.00398982
0.00154185
0.00154185
0.00269537
0.00184981
0.00101371
0.00262972
0.00233117
0.00122035
0.00611659
0.00174938
0.00341273
0.00341273
0.0020274
0.00364356
0.00138079
0.00483857
0.00214532
0.00105589
0.00380415
0.00329602
0.00216683
0.00158526
0.00230654
0.00318291
0.00318291
0.00279571
0.00403188
0.00217277
0.00262972
0.0012626
0.00476753
0.00346033
0.0028384
0.0028384
0.00200141
0.00200141
0.00421593
0.00421593
0.00400914
0.00522689
0.000712785
0.00147193
0.0020274
0.0020274
0.0020274
0.00426458
0.00174938
0.00292585
0.00322499
0.00359732
0.00359732
0.00182473
0.00306635
0.00194301
0.00194301
0.00054473
0.00242168
0.00223284
0.00198471
0.0012626
0.00394238
0.00394238
0.00299962
0.000985666
0.00077541
0.00251255
0.00123613
0.00313549
0.00228046
0.00209708
0.0016553
0.0016553
0.00179738
0.00140208
0.00292585
0.00100585
0.000356776
0.00265136
0.00313549
0.000796774
-0.000573039
0.00159047
-0.00104223
0.00124135
0.00355176
0.00355176
0.00387077
0.00302616
0.00168189
0.00286011
0.00225749
0.0030915
0.00253438
0.00158946
0.00274733
0.00348221
0.00242168
0.00323059
0.00323059
-4.16341e-05
0.00208225
0.00276877
0.00212405
0.00274278
0.00235247
0.00255646
0.00391745
-0.00060153
0.000796774
0.00156343
0.00112339
0.000770219
0.0013323
0.00241783
0.00269921
0.00307093
0.00077541
0.00352671
0.00147193
-0.00125358
2.83646e-05
0.00209708
0.00209708
0.00181878
0.00327397
-5.47439e-05
-5.47439e-05
-0.000783398
0.00214525
0.00327397
0.000722323
0.00316136
0.00316136
0.00311057
0.00174938
0.00347977
0.00191515
-0.000264249
0.00107531
-0.000150441
0.000260384
4.97533e-05
0.00297557
0.00297557
0.000337123
-0.00148479
-0.00148479
-0.000362053
-0.00172417
-0.000523309
0.00207559
-0.00127413
0.00149941
0.00110219
0.00133894
0.000126433
0.00396439
0.00153735
-0.000362053
0.000663516
0.000565779
0.00288206
-0.000116735
0.00158526
0.00211881
0.00228333
0.00128409
2.83646e-05
-0.000853378
0.00156343
0.000287247
-0.000902657
-0.000843968
7.72653e-05
0.0018623
0.003249
0.000351579
0.00149349
-0.00134442
0.000991097
0.000893969
0.00216683
-0.00060153
0.000866813
0.000705463
-0.000234476
-0.000811822
-0.000811822
0.000915511
0.00196374
-6.27547e-05
0.00221511
0.00184042
0.000315064
-0.000762718
-0.00017412
-0.000811822
0.00242168
-0.00195649
7.13867e-05
-0.000293068
0.000523926
-0.000811822
-0.000593544
-0.000181423
-0.000284343
-0.000432344
-0.000501878
-0.000972521
0.00142491
-0.00214698
0.00329602
0.00188825
-0.00099313
0.000659629
0.000873086
0.00101178
0.00263141
-0.000390584
0.00139758
0.00119296
0.000377998
0.000377998
0.0024854
0.000783227
0.000399466
-0.000153513
0.000119845
0.0015153
0.00262588
0.000762321
0.000407493
-0.000181423
-0.00157508
0.00152029
-0.000733806
0.000932444
-0.000111563
0.000287817
-0.000251213
0.00101178
-0.00169482
-0.000423618
-0.000423618
0.00077541
-9.02216e-05
0.000796774
0.000405372
0.00168005
-0.000832722
0.000845426
0.000168571
0.000155387
0.000155387
0.000469111
0.000712785
0.000587073
0.000866813
0.000520305
0.00172801
-0.00127413
0.000356776
0.000175868
0.00394238
-0.00126404
-0.00148479
-0.000552289
-0.000853378
-0.000762718
0.00115076
-0.00122411
0.00286011
0.000678465
0.00100205
0.00145062
-0.000432344
-0.000943677
0.00124135
-0.000622501
-0.00204724
-0.000733806
0.00114767
0.000733415
0.000266824
0.00101371
0.00180078
0.00187102
0.00291406
0.00219382
0.00222177
0.00154185
-2.97119e-05
-2.97119e-05
0.00152051
0.000379402
0.00145796
0.000185296
0.00168852
0.003166
-0.000900979
0.000762321
0.000457112
-0.00100189
0.000449819
0.00182884
0.000894345
0.00215269
0.00290809
0.00290809
0.000449819
0.00110495
0.000668776
0.000668776
0.00152785
0.00212405
0.00212405
-0.000423047
0.00140872
0.00229163
0.00229163
0.0021037
0.00220195
0.00224259
0.00228498
0.000943531
0.00119655
0.00117529
0.00133749
0.000952269
0.00207559
0.000803384
0.000266824
0.00135382
0.00267325
0.000803384
0.000915511
0.000888446
0.00118845
0.00128409
0.00128409
-0.00013266
0.000141502
0.000963306
-0.000783398
0.000126433
-0.000580315
0.00253893
-0.000223325
0.00242168
-0.000383278
0.00115076
0.00115076
0.00149349
0.000888446
-0.000202496
0.00154185
0.00269921
-0.000733806
0.00244324
0.00256031
0.00202358
-0.00167416
0.000663516
0.000991097
0.00308834
0.00105389
-0.000453004
0.00140208
-1.36789e-05
0.00276493
0.00269537
0.000384615
0.00163759
0.00193182
0.00230485
-0.000790677
-0.000153513
0.00075429
-4.16341e-05
0.000217564
-0.000111563
-0.00013266
0.00267325
0.00279571
-0.00296271
0.000356776
0.00119296
-0.000153513
4.97533e-05
0.001686
0.001686
0.00154754
0.00142954
0.00142954
0.0016587
0.000915511
-0.000543593
0.000399466
0.00184566
0.00147842
0.00242168
0.00242168
-0.000790677
0.000963306
-0.000181423
-0.000333944
0.00179285
0.000915097
0.000915097
0.00121442
0.00190991
-0.000452858
-0.00144358
0.00311372
0.000705463
-0.000341232
-0.000264249
-0.00017412
-0.00017412
-0.000272263
0.000888748
0.000888748
-0.0015137
0.00103271
0.000496042
0.000503367
0.00258192
-0.00137338
0.000169551
0.00128409
0.00128409
0.00233117
0.000565779
0.00112339
-0.000629068
0.000196857
-0.000951668
0.00156314
0.000893969
0.000496042
-4.16341e-05
0.000343835
0.000343835
0.00170164
0.00253438
0.00253438
0.000426374
0.000803842
0.000635586
-0.00221721
0.00274359
0.00352604
0.00117174
0.000915097
0.00014738
0.000642909
0.00223262
0.00168005
0.00107151
0.00223665
0.00223665
-0.000453004
0.0031575
0.00308834
0.00145062
-0.000313628
0.00202889
0.000356776
0.00191515
0.001121
0.000824282
-0.00162388
-0.000482006
0.0020274
0.00054473
0.00119296
0.000399466
0.00106053
0.00121442
0.00244324
0.00216673
0.000936469
0.00128409
0.00128409
-0.00173491
0.00174938
0.00174938
9.84329e-05
-6.27547e-05
0.00152029
0.000377998
-0.00288096
-0.000943677
-0.000943677
0.000217788
-0.000979093
0.00135382
0.00135382
-0.000473127
0.000824702
0.000824702
0.00170164
0.000475016
0.000287247
-0.000208379
0.000469111
-0.000832722
0.00170688
0.000565779
-0.00101349
0.00297557
0.00297557
0.000121581
0.000245582
0.00121442
-0.000599118
0.00298086
0.00102749
-0.00125358
-0.00111204
-0.0010629
0.00267325
-0.000923289
0.00158946
-0.000710063
0.00117174
-0.00170417
-0.000202496
0.00188825
-0.000202496
0.00174938
0.00290344
7.90785e-05
0.00168005
0.000915097
0.000867155
0.00140937
0.000245582
0.00145119
0.0012626
0.0012626
0.00216673
0.00226205
0.00290344
0.00290344
0.00221426
0.00165417
0.0027001
0.00410145
0.000100207
0.00218845
0.00334432
0.0044451
0.00403293
0.00126552
0.00179285
0.000454236
0.000454236
0.00339112
0.00481295
0.00163759
0.00373267
0.00163235
0.00106053
0.00428464
0.00244324
0.00225749
0.00382611
0.003692
0.00315576
0.00249096
0.00262824
0.00318291
0.00114483
0.00327153
0.00375707
0.00142491
0.00382435
0.00364135
0.0014454
0.00357249
0.00440215
0.00295023
0.00209708
0.00044762
0.00334432
0.00297241
0.0009424
0.00232419
0.00223575
0.00451722
0.00313304
0.00511023
0.00579657
0.00793577
0.00597987
0.00854669
0.0108177
0.0087699
0.0103005
0.0102328
0.0116484
0.0109967
0.0116003
0.0109731
0.0100976
0.0119535
0.0123134
0.01191
0.0113359
0.0140681
0.0113309
0.0106829
0.0123542
0.0109528
0.0110921
0.0104141
0.00985337
0.00985337
0.00829736
0.00935784
0.00693593
0.0073672
0.00800546
0.00800546
0.00741335
0.00956261
0.00659791
0.0060029
0.00795804
0.00632282
0.00825312
0.00734851
0.00804939
0.00804939
0.00755246
0.00807325
0.00789068
0.00720924
0.0114857
0.0119804
0.0119804
0.0127397
0.0127397
0.0104366
0.0127843
0.0134273
0.01258
0.01258
0.0137101
0.0163474
0.0185867
0.0155561
0.0154893
0.0184049
0.0195745
0.0172789
0.0160577
0.0169257
0.0153558
0.0165372
0.0152667
0.0156231
0.0150557
0.0150557
0.0151582
0.0133951
0.0140768
0.0129336
0.0145442
0.0123105
0.0123105
0.0104827
0.00937772
0.0126856
0.0125958
0.01155
0.00993959
0.00993959
0.0119771
0.0104998
0.010142
0.00700583
0.00967182
0.00852507
0.00671152
0.00671152
0.0075259
0.00949259
0.0124172
0.0126648
0.01474
0.01474
0.0164329
0.0152448
0.0153523
0.0149177
0.0187089
0.0191753
0.0185572
0.0197283
0.017301
0.017849
0.0176412
0.0178655
0.0176088
0.0159249
0.0175721
0.0180456
0.0186697
0.0170445
0.0183001
0.0173657
0.014038
0.0159913
0.0151774
0.0142285
0.0147359
0.0150254
0.0170178
0.0168218
0.0156347
0.0146619
0.0137523
0.0138056
0.0135054
0.0135054
0.0149228
0.0141419
0.0134503
0.0116843
0.0133217
0.0133217
0.0139186
0.0113252
0.0132373
0.0127245
0.011371
0.0117505
0.00978902
0.0114114
0.0113967
0.0108138
0.00966451
0.0101596
0.0102536
0.0129952
0.0146042
0.0139
0.0150546
0.0232534
0.0184477
0.0179156
0.0145221
0.0185048
0.0252017
0.0180996
0.0193274
0.0192477
0.0192477
0.019003
0.019279
0.0207094
0.0202988
0.0221836
0.0221682
0.0199788
0.0196074
0.0229716
0.0282453
0.0269839
0.0282786
0.0282786
0.0264006
0.0239821
0.0263617
0.0272334
0.0260547
0.0250743
0.0235461
0.0238559
0.0261407
0.0261407
0.0254327
0.0253435
0.0225363
0.0234779
0.0239434
0.0239914
0.0239914
0.020556
0.0222445
0.0232276
0.0232966
0.0250793
0.0266867
0.0296172
0.0333713
0.0363659
0.0383921
0.0383921
0.0423714
0.0403723
0.0395114
0.042331
0.0424225
0.0418298
0.0393086
0.0427229
0.0409284
0.0410664
0.040331
0.0408638
0.0405032
0.0382764
0.0391866
0.0391866
0.0401457
0.0402691
0.0402691
0.0386846
0.0401466
0.0384747
0.0392539
0.0383814
0.0394182
0.0388121
0.0382025
0.0382043
0.0369245
0.0393113
0.0384487
0.0366111
0.0371058
0.0382158
0.0391229
0.0380599
0.0354568
0.0361843
0.0367288
0.0367277
0.0365115
0.0435491
0.0466925
0.0512329
0.0541877
0.0561571
0.0639005
0.0690627
0.0706813
0.0682758
0.0659479
0.0667969
0.06901
0.0707275
0.0687421
0.0671591
0.0672622
0.0685893
0.0675356
0.06593
0.0673347
0.0661649
0.0654149
0.067503
0.0686335
0.0679596
0.0678574
0.0655461
0.0637531
0.0662159
0.0682873
0.0662091
0.0662091
0.0661667
0.065773
0.0648602
0.0682622
0.0648228
0.0650818
0.0675536
0.0646658
0.0677517
0.0657357
0.0651505
0.0655726
0.0655726
0.0648118
0.0651154
0.0658641
0.0658641
0.0648289
0.0657598
0.0657598
0.0646067
0.064827
0.0650942
0.0631282
0.065842
0.0666442
0.0659526
0.0645695
0.064252
0.0633544
0.0635059
0.0640059
0.0647438
0.0639096
0.0647268
0.0667045
0.0639612
0.0641705
0.0647141
0.0647141
0.0627778
0.0633752
0.0631892
0.0630063
0.0621237
0.0615932
0.0655185
0.0641002
0.064859
0.06412
0.0624507
0.0636667
0.0636667
0.0634666
0.0615702
0.0626542
0.0648557
0.0641587
0.0643455
0.0615901
0.0635529
0.063691
0.0625025
0.0619953
0.0625556
0.0625556
0.0630331
0.0634595
0.0634595
0.0649624
0.0612292
0.0631318
0.0625735
0.0623462
0.0631108
0.0616555
0.0614749
0.0614715
0.0604797
0.0604797
0.0640919
0.0630105
0.0613566
0.0608592
0.0591854
0.0605347
0.062062
0.0626864
0.0610365
0.0608782
0.0612827
0.0631689
0.0609485
0.0621237
0.0623482
0.0585446
0.0600906
0.0615153
0.0597787
0.0597787
0.0615632
0.0595763
0.0603909
0.0600502
0.062795
0.063726
0.0602555
0.0604496
0.0596868
0.0597222
0.0597635
0.0584601
0.0590605
0.0608684
0.0610596
0.0589456
0.0603203
0.0591556
0.0588211
0.0591697
0.0592546
0.0619113
0.0621043
0.0606583
0.0594893
0.0602874
0.0600662
0.0600662
0.0583767
0.0598029
0.0594184
0.0592626
0.0592431
0.0594733
0.0606654
0.0614861
0.0599425
0.0587704
0.0587704
0.0592229
0.0600502
0.0600502
0.0585627
0.0571936
0.0576697
0.0583146
0.0586654
0.059182
0.059182
0.0586289
0.058364
0.0598807
0.0583578
0.0585412
0.0570866
0.0604211
0.0588833
0.0588833
0.0586867
0.0588709
0.0589611
0.0561648
0.0573159
0.057899
0.059788
0.0596114
0.0587704
0.0583749
0.0595763
0.0589537
0.0592656
0.0579198
0.0577322
0.0575706
0.0579219
0.0584579
0.0599487
0.0587704
0.0591389
0.0575706
0.0585615
0.060144
0.0581321
0.0585729
0.0540658
0.0540658
0.0569951
0.0587297
0.0584422
0.0555094
0.0570866
0.0570662
0.0558685
0.05914
0.0579612
0.0576904
0.0562267
0.0584486
0.0596194
0.0565624
0.0557253
0.0559972
0.055638
0.057592
0.0583239
0.0584822
0.0576304
0.0568832
0.0557955
0.0581063
0.0600943
0.0559354
0.0576501
0.058759
0.058759
0.0561434
0.0561434
0.0573785
0.0566735
0.0574199
0.0572544
0.057399
0.0574892
0.0557937
0.0578363
0.0562059
0.0561868
0.055932
0.0580467
0.0588382
0.0554461
0.0589366
0.0574619
0.0569614
0.0568345
0.0583183
0.0583183
0.0567928
0.0559161
0.0570025
0.0562117
0.0553063
0.0561637
0.0573159
0.0556369
0.0568143
0.055891
0.0563941
0.0558718
0.0563803
0.0563803
0.0573661
0.05767
0.0559144
0.0563331
0.0557687
0.0556813
0.0574199
0.056459
0.0558941
0.0565836
0.0567716
0.0534058
0.0534058
0.0558893
0.0554041
0.0553414
0.0553414
0.0553523
0.0570039
0.0572777
0.0567938
0.055256
0.0562266
0.0578456
0.0563734
0.0551723
0.0551723
0.0554733
0.0566275
0.0559951
0.0559951
0.0563331
0.0575961
0.0564068
0.0571736
0.0562268
0.0562268
0.0547929
0.0552356
0.0552819
0.0559549
0.0557889
0.0557207
0.0557215
0.0552577
0.0557646
0.0560604
0.0561434
0.0552565
0.0543423
0.0542631
0.0543884
0.0542391
0.0569604
0.0559144
0.0554781
0.0556594
0.0570052
0.0572559
0.0551164
0.0541881
0.0554043
0.0568784
0.0580083
0.0538314
0.0531541
0.0532825
0.0571547
0.0551802
0.0554484
0.0554484
0.0545582
0.0548764
0.0556618
0.0556618
0.0558915
0.0558053
0.0550442
0.0562899
0.0542438
0.0560025
0.0548764
0.0549807
0.0568171
0.0548544
0.0555729
0.0558571
0.0558571
0.0544425
0.0547095
0.0541557
0.054385
0.0552182
0.0563336
0.0564782
0.0531936
0.0555827
0.0555827
0.0562268
0.0545003
0.0545003
0.0551164
0.055199
0.0543426
0.0555547
0.0551514
0.0543236
0.0555532
0.0558478
0.056079
0.0545003
0.0545582
0.053617
0.0545349
0.0557447
0.0543719
0.0540078
0.0556426
0.0557646
0.0575038
0.0561236
0.0551764
0.0535291
0.0545163
0.0560999
0.0538989
0.0535592
0.0532908
0.0547095
0.0544105
0.0546902
0.0546902
0.0560722
0.0554461
0.0547469
0.0552795
0.0548371
0.0528128
0.0528128
0.0543231
0.0545556
0.0544701
0.0530446
0.0553509
0.0562753
0.0562753
0.0543437
0.0548764
0.0548764
0.0550717
0.054078
0.0532378
0.0541798
0.0556691
0.0539829
0.0537232
0.055256
0.0548619
0.0522667
0.0535846
0.0554144
0.0550717
0.0537512
0.052148
0.0552054
0.0555791
0.0540916
0.0545822
0.0537852
0.054261
0.0533583
0.0533583
0.0533583
0.0547351
0.0547351
0.0547351
0.0531184
0.0537071
0.0539645
0.0543335
0.0533831
0.0540272
0.0521876
0.0530066
0.0566061
0.0543485
0.0540596
0.0540596
0.0550678
0.0553013
0.0538313
0.0553509
0.0545436
0.0534566
0.0526542
0.0540958
0.0544551
0.0530864
0.0530864
0.0532908
0.0539774
0.0522245
0.0528227
0.0536184
0.0535399
0.0525091
0.0535487
0.0543917
0.0521232
0.0546625
0.0541238
0.0528862
0.0528862
0.0526709
0.0534058
0.0513419
0.0525304
0.052737
0.0534663
0.0534663
0.0514744
0.0528662
0.0548758
0.0542438
0.0531804
0.0535016
0.0538224
0.0540865
0.0531991
0.0530442
0.0531804
0.0539189
0.0547482
0.0531541
0.0502181
0.0514252
0.0542877
0.0556053
0.0537318
0.0554966
0.053214
0.0530162
0.0525175
0.0508409
0.0523435
0.0531991
0.0530458
0.0539781
0.0529425
0.0533183
0.0517809
0.0530166
0.0549066
0.0531541
0.0531541
0.0528318
0.0518713
0.053861
0.050999
0.0522507
0.0522507
0.051826
0.0510593
0.0531375
0.0521589
0.0552146
0.0534262
0.0529046
0.0530805
0.0537398
0.0533485
0.0527314
0.05353
0.0505447
0.0505447
0.0531443
0.0540272
0.0529996
0.0526713
0.0524192
0.053192
0.0549453
0.0540446
0.0501705
0.0519125
0.0536392
0.053214
0.0505316
0.0505316
0.0515459
0.0529996
0.0529996
0.0534469
0.0517818
0.0526397
0.0526397
0.052206
0.0535748
0.0529235
0.0528219
0.0522053
0.0538313
0.0519172
0.0529553
0.0533858
0.0519096
0.0519301
0.0520242
0.0517054
0.0513068
0.0522315
0.0519546
0.0509535
0.0521409
0.051605
0.052019
0.0545703
0.052491
0.0498649
0.0498649
0.0527123
0.0526786
0.0523628
0.0525458
0.0518952
0.0523628
0.0525479
0.0521025
0.0506464
0.052665
0.0535159
0.0516034
0.053163
0.0524834
0.051826
0.0520108
0.0520108
0.0527686
0.0514268
0.0522876
0.0520464
0.0518812
0.052342
0.052342
0.053116
0.0512971
0.0538602
0.0524348
0.0526387
0.0515704
0.0519117
0.0529971
0.051765
0.051765
0.0512453
0.0534189
0.0543525
0.0518616
0.0531909
0.0531909
0.0531909
0.0511283
0.0527171
0.0513595
0.0504964
0.0526753
0.0540596
0.0540692
0.0511091
0.0523607
0.0535142
0.0530442
0.0521135
0.0534939
0.0533927
0.0515766
0.0529971
0.0519767
0.0517976
0.0517976
0.0536047
0.0529156
0.0515176
0.0540968
0.0523887
0.0516941
0.0516941
0.0522603
0.051946
0.0512287
0.0519123
0.0540596
0.052827
0.0525446
0.0525446
0.0495955
0.0516228
0.0524719
0.0519264
0.0519264
0.0521409
0.0515275
0.0518308
0.052589
0.052582
0.0523435
0.0526428
0.0532723
0.0528405
0.0523521
0.052379
0.0522416
0.050148
0.0512971
0.0526936
0.05353
0.0516107
0.0507453
0.0522697
0.0530616
0.0530616
0.052342
0.0518344
0.0516356
0.0502989
0.0525289
0.0530332
0.0530332
0.0512504
0.0525754
0.0528141
0.0524166
0.0524166
0.0528068
0.0511396
0.0487077
0.0510187
0.0498897
0.0520242
0.0514917
0.0509888
0.0509888
0.052235
0.0533364
0.0535574
0.0512622
0.0519936
0.0527578
0.05097
0.0499246
0.0517044
0.0517044
0.0506044
0.0505461
0.0528635
0.0519073
0.0523237
0.0523343
0.0522998
0.050971
0.0503018
0.0505469
0.0533022
0.0520413
0.0538954
0.0538954
0.0522697
0.0524599
0.0518526
0.0522876
0.050896
0.0519286
0.0495299
0.0504198
0.051946
0.0526465
0.0515567
0.0527758
0.04965
0.0532448
0.0504084
0.0505288
0.0505288
0.0517001
0.0526283
0.051687
0.052107
0.0534648
0.0527216
0.0516696
0.0524347
0.0506044
0.0506984
0.0505019
0.0505138
0.0504139
0.0504139
0.0509201
0.052331
0.0509421
0.0520648
0.0528806
0.0535758
0.0520834
0.0506149
0.0514461
0.0518467
0.0512136
0.0506442
0.0536392
0.0525175
0.0518526
0.0518526
0.0521962
0.0515923
0.0515923
0.0512621
0.0516517
0.0517971
0.0504625
0.0504139
0.0525411
0.0521759
0.0526839
0.0534768
0.0520123
0.0511325
0.0518344
0.0530442
0.050382
0.0499961
0.0522719
0.0527993
0.0523237
0.0520648
0.0510719
0.0512671
0.0508233
0.0523646
0.0512467
0.0511803
0.0517485
0.0509856
0.0515176
0.0515108
0.0506421
0.0506421
0.0512148
0.0511189
0.0511189
0.0521111
0.0507239
0.0511636
0.0504633
0.0522024
0.0524294
0.0523343
0.0505791
0.0526702
0.0502496
0.0524255
0.0525551
0.0512671
0.0512671
0.0522882
0.0510171
0.0501521
0.0512671
0.052658
0.0506103
0.0503175
0.0514446
0.0514629
0.0518467
0.0528808
0.0519286
0.0497087
0.0537341
0.0512671
0.0512671
0.0521224
0.052235
0.0513443
0.0513443
0.0515704
0.0515704
0.0521582
0.0511494
0.0523168
0.0507251
0.0510903
0.0504139
0.0516859
0.0508662
0.0500473
0.0520559
0.049956
0.0496841
0.0548989
0.0520253
0.0504364
0.0527674
0.0523058
0.0522825
0.0519357
0.0534883
0.0497148
0.051001
0.0524636
0.0524636
0.0521237
0.0511348
0.0508061
0.0519536
0.0529971
0.0523989
0.0492676
0.0523086
0.0523646
0.0523646
0.0518136
0.0511314
0.0514407
0.0528773
0.0519117
0.0515226
0.0516218
0.0518347
0.0515094
0.0522882
0.0516532
0.0505617
0.0511197
0.0538153
0.0510671
0.0505938
0.0515109
0.0515001
0.0509046
0.0480047
0.0480047
0.0526814
0.0525953
0.0491831
0.0526537
0.0501519
0.0499593
0.0589091
0.0696494
0.0726545
0.0748589
0.0790655
0.0883434
0.0978907
0.104136
0.106241
0.102181
0.0997108
0.102865
0.102147
0.10107
0.101026
0.102737
0.100785
0.0993219
0.101675
0.102171
0.0980833
0.0980833
0.101462
0.0991649
0.0992987
0.100588
0.0996817
0.0971794
0.0991242
0.0974278
0.0964265
0.100369
0.0992448
0.0978367
0.0980646
0.0988079
0.0983716
0.0998738
0.0998738
0.097354
0.0985414
0.097857
0.097857
0.0993161
0.097532
0.0979533
0.0985672
0.0983684
0.0977237
0.0985723
0.0975006
0.0973059
0.0973059
0.0988085
0.098552
0.098552
0.0971216
0.0979953
0.098552
0.098552
0.0969287
0.0976928
0.0976928
0.0967275
0.0988704
0.0971057
0.0966258
0.0981248
0.0959827
0.097369
0.0980394
0.0967275
0.0970099
0.0970099
0.095622
0.0973024
0.0970113
0.0957367
0.0994992
0.0987451
0.0979817
0.0987056
0.0969647
0.0969647
0.0970116
0.0978931
0.0979982
0.0968761
0.0986792
0.0956582
0.0956582
0.0979696
0.0966765
0.0968786
0.0968786
0.097101
0.0972359
0.0982622
0.0966331
0.0960245
0.0977983
0.0948985
0.0948311
0.0979251
0.096017
0.0962763
0.097331
0.0975386
0.0986013
0.0966723
0.0948292
0.0960986
0.0981555
0.0968624
0.0965389
0.0959975
0.0970684
0.0954967
0.0978442
0.0978442
0.0957889
0.0983004
0.0946088
0.097443
0.0961156
0.0963211
0.0961311
0.0950902
0.0974595
0.0973826
0.0957614
0.0945583
0.0996464
0.098447
0.0968727
0.100184
0.103256
0.104796
0.106752
0.108156
0.11397
0.113301
0.113661
0.120342
0.123615
0.123074
0.121591
0.121358
0.122066
0.123363
0.120657
0.120391
0.120941
0.121374
0.121515
0.121194
0.119794
0.120829
0.121766
0.122337
0.120017
0.118737
0.118737
0.120513
0.119691
0.119631
0.119962
0.118448
0.119266
0.119266
0.119819
0.118898
0.118898
0.120004
0.118181
0.120233
0.118304
0.119527
0.11985
0.11862
0.1179
0.1206
0.119103
0.119103
0.118054
0.118591
0.117451
0.118027
0.119193
0.117362
0.116883
0.118808
0.118406
0.116601
0.116601
0.117463
0.118717
0.118717
0.113492
0.118091
0.114973
0.116076
0.119097
0.117082
0.118396
0.119579
0.116795
0.116795
0.11607
0.117416
0.117416
0.117141
0.117305
0.117305
0.115677
0.117411
0.118743
0.117977
0.117793
0.115078
0.115078
0.11773
0.11638
0.114338
0.11549
0.117041
0.117163
0.116535
0.114774
0.114103
0.115944
0.115736
0.115568
0.114627
0.11739
0.115857
0.115261
0.115734
0.113591
0.116564
0.115041
0.114902
0.114289
0.114922
0.115769
0.116147
0.114306
0.115786
0.115787
0.115356
0.116452
0.116452
0.114502
0.11479
0.11479
0.114237
0.114222
0.115411
0.115448
0.113838
0.114976
0.112352
0.113281
0.115081
0.114624
0.114624
0.113334
0.115027
0.113128
0.111906
0.113077
0.11423
0.114518
0.114827
0.113305
0.111998
0.114332
0.113911
0.113146
0.11092
0.114113
0.11383
0.112987
0.112807
0.11329
0.113646
0.114338
0.112901
0.11128
0.113104
0.112932
0.11334
0.11253
0.11305
0.114701
0.113809
0.11333
0.113759
0.111101
0.114107
0.113077
0.113357
0.11022
0.113641
0.113641
0.112455
0.112309
0.112378
0.112089
0.111655
0.112807
0.111463
0.111534
0.112722
0.112722
0.111527
0.113103
0.112155
0.113167
0.112202
0.110925
0.110925
0.112737
0.112581
0.111619
0.108437
0.110333
0.114081
0.114081
0.106918
0.110547
0.112643
0.11272
0.107086
0.111063
0.111063
0.111378
0.113334
0.10936
0.112619
0.110434
0.108402
0.110451
0.113026
0.111352
0.111754
0.110991
0.110594
0.109901
0.113785
0.110302
0.106921
0.11202
0.109834
0.110388
0.111219
0.110036
0.111143
0.109721
0.109721
0.110157
0.109633
0.108535
0.110798
0.11088
0.10893
0.110001
0.111922
0.110954
0.109692
0.109253
0.114459
0.112386
0.111014
0.108024
0.106929
0.106929
0.110301
0.109733
0.109733
0.109147
0.109331
0.109331
0.109063
0.109012
0.109934
0.109988
0.109666
0.107325
0.107325
0.111599
0.110002
0.108344
0.108024
0.109868
0.110273
0.110273
0.108238
0.109264
0.10849
0.108422
0.110433
0.107226
0.10849
0.109173
0.109849
0.111095
0.109737
0.10856
0.10856
0.109316
0.109092
0.110147
0.110147
0.105257
0.108092
0.108092
0.110268
0.109547
0.108167
0.106389
0.106981
0.10869
0.109773
0.107393
0.106853
0.108774
0.107854
0.107775
0.1081
0.107055
0.106456
0.108021
0.109719
0.108279
0.106718
0.107248
0.109413
0.107517
0.106266
0.107701
0.109168
0.107804
0.107267
0.108993
0.108108
0.107652
0.107107
0.107309
0.106912
0.107708
0.108124
0.107403
0.107257
0.105846
0.107411
0.108005
0.108111
0.108839
0.108503
0.108503
0.105527
0.109168
0.108096
0.108096
0.107297
0.107801
0.10923
0.107348
0.106197
0.105738
0.106387
0.108301
0.1072
0.106576
0.107699
0.106735
0.105917
0.107309
0.105792
0.104807
0.106823
0.110214
0.106148
0.106838
0.106338
0.109596
0.108016
0.106541
0.107404
0.106355
0.106583
0.105989
0.104941
0.104606
0.106981
0.106126
0.106382
0.10539
0.106988
0.106981
0.106889
0.107076
0.105259
0.105259
0.106126
0.107517
0.106941
0.105204
0.103707
0.106314
0.106314
0.106987
0.105461
0.105055
0.103984
0.106518
0.106058
0.106058
0.106911
0.105914
0.105585
0.107925
0.105997
0.105997
0.105258
0.10371
0.106715
0.106715
0.105602
0.106773
0.106773
0.105514
0.104992
0.106452
0.106452
0.105869
0.104662
0.104662
0.106423
0.106552
0.106762
0.106268
0.104254
0.105523
0.105598
0.106729
0.105728
0.104529
0.102938
0.104665
0.105869
0.105869
0.106534
0.103206
0.106852
0.105062
0.105062
0.105399
0.104652
0.104321
0.106647
0.106647
0.104591
0.105057
0.105057
0.10599
0.10446
0.104994
0.104856
0.105651
0.1052
0.105803
0.104855
0.103784
0.102655
0.10283
0.104989
0.105124
0.103718
0.104936
0.104794
0.106322
0.106961
0.104317
0.103641
0.104453
0.104721
0.104389
0.104267
0.104195
0.104323
0.103722
0.104448
0.104919
0.104183
0.105125
0.105131
0.103106
0.103263
0.104453
0.104923
0.104319
0.10358
0.102823
0.105062
0.104525
0.102517
0.104788
0.105602
0.105398
0.105398
0.103046
0.104052
0.103715
0.105526
0.103507
0.105519
0.105126
0.10283
0.103662
0.102839
0.102839
0.105523
0.103992
0.102033
0.103851
0.103782
0.103983
0.10453
0.102899
0.102137
0.105124
0.104247
0.104925
0.104654
0.102139
0.104259
0.103393
0.103643
0.104059
0.104059
0.104534
0.103522
0.102965
0.103914
0.103371
0.102913
0.102106
0.104667
0.104048
0.104593
0.103046
0.103776
0.102424
0.102424
0.104134
0.104652
0.10391
0.10303
0.101945
0.104791
0.103978
0.103727
0.102632
0.102977
0.100909
0.103041
0.103041
0.103305
0.102332
0.103646
0.103646
0.101777
0.104329
0.104329
0.104054
0.0998986
0.106777
0.103296
0.103106
0.103639
0.104323
0.103705
0.104658
0.102544
0.100526
0.0998757
0.0998757
0.104862
0.101408
0.100921
0.100961
0.103194
0.104046
0.105213
0.103434
0.103395
0.10135
0.10273
0.102295
0.103231
0.101936
0.102476
0.104457
0.105529
0.104722
0.10153
0.101468
0.101896
0.101799
0.103859
0.101909
0.101332
0.101683
0.103599
0.101747
0.102509
0.102642
0.102968
0.103784
0.102488
0.102167
0.100769
0.103051
0.103532
0.102169
0.102169
0.104248
0.104183
0.101058
0.101648
0.101326
0.100636
0.100636
0.101152
0.101123
0.10088
0.102563
0.102157
0.103876
0.103876
0.10189
0.102696
0.102358
0.101938
0.100777
0.101375
0.101375
0.100368
0.102226
0.102302
0.102611
0.102693
0.101131
0.101131
0.101192
0.101195
0.102718
0.103309
0.10168
0.100717
0.100717
0.101499
0.10311
0.101535
0.100165
0.102434
0.100589
0.100873
0.102175
0.101214
0.102077
0.10154
0.1013
0.102839
0.102839
0.100486
0.100595
0.0999546
0.10063
0.101265
0.102052
0.101068
0.101688
0.100596
0.103025
0.10215
0.0987363
0.0987363
0.100041
0.10323
0.101082
0.0996903
0.100538
0.102503
0.102503
0.103252
0.101722
0.100519
0.102069
0.102477
0.100076
0.100076
0.0995708
0.0998232
0.0998232
0.102892
0.100919
0.0985421
0.0990023
0.102121
0.102353
0.103773
0.101023
0.100603
0.0988862
0.0992735
0.101099
0.101556
0.100985
0.100479
0.0996881
0.0996881
0.103227
0.103842
0.10131
0.101806
0.100304
0.100451
0.099774
0.0994454
0.100392
0.102648
0.102313
0.101855
0.100616
0.101533
0.100831
0.101262
0.102221
0.10069
0.0995833
0.0993525
0.0994773
0.101075
0.101335
0.100664
0.100421
0.100526
0.10141
0.100647
0.0990261
0.10074
0.100158
0.0998149
0.101031
0.101957
0.100223
0.100391
0.0990347
0.099726
0.102029
0.101625
0.0999482
0.100401
0.100954
0.100331
0.100995
0.101028
0.0997513
0.101458
0.100466
0.0993337
0.100277
0.1023
0.1023
0.0996569
0.101902
0.101902
0.100109
0.0997184
0.101192
0.100323
0.0992629
0.0991579
0.0991579
0.101109
0.101452
0.101813
0.10074
0.0998401
0.10076
0.10002
0.100207
0.100207
0.101122
0.0991507
0.0995867
0.101347
0.10185
0.0993584
0.0993584
0.0998588
0.100235
0.100178
0.0997272
0.100339
0.100521
0.10189
0.100855
0.100589
0.100589
0.0980383
0.0978263
0.100254
0.101093
0.101004
0.0966528
0.0973418
0.0994387
0.100351
0.101433
0.100989
0.0972878
0.0996033
0.0996033
0.101578
0.100514
0.0986412
0.0970685
0.0981087
0.101065
0.101065
0.10045
0.0984615
0.0984615
0.0995337
0.100012
0.101448
0.100674
0.0997735
0.0981071
0.0984726
0.0982888
0.0983765
0.0991663
0.100205
0.0992021
0.0989115
0.100234
0.100254
0.100222
0.0999052
0.0999052
0.0997317
0.0987642
0.0987161
0.0993766
0.101379
0.101379
0.0971468
0.0997956
0.100077
0.101588
0.1015
0.0992206
0.0983911
0.0992629
0.101187
0.100621
0.100621
0.0962662
0.0977091
0.0977091
0.0993614
0.100059
0.0984971
0.0989974
0.100228
0.0992371
0.098735
0.0988146
0.100503
0.100503
0.0993069
0.0984104
0.0998017
0.10101
0.0986316
0.0986478
0.101192
0.102284
0.0993609
0.0977218
0.099254
0.100191
0.0988346
0.100826
0.0999894
0.0995552
0.0978531
0.0989922
0.0999197
0.100432
0.100432
0.0984002
0.0987262
0.098354
0.099185
0.0970098
0.0990089
0.100486
0.099577
0.0998439
0.0991952
0.0993163
0.100414
0.0997116
0.100207
0.099133
0.0985676
0.0983015
0.0984344
0.0980164
0.0972604
0.0987262
0.0989411
0.0987481
0.0987481
0.0972617
0.101008
0.100566
0.0992287
0.0972945
0.0994934
0.099535
0.097307
0.0983098
0.0999825
0.0982309
0.0992369
0.0989215
0.098071
0.100691
0.100432
0.0992037
0.0988254
0.0987181
0.0979112
0.0965177
0.099103
0.0991581
0.0999546
0.0989936
0.0979569
0.0983296
0.0991501
0.101039
0.100466
0.099079
0.0967235
0.0967235
0.0978986
0.0985007
0.100953
0.0980875
0.096859
0.0982207
0.100756
0.0996361
0.099996
0.0988916
0.0994816
0.0982499
0.0990008
0.0990008
0.0942463
0.0966809
0.0989644
0.0988804
0.0990624
0.0975923
0.0964399
0.0978193
0.0989559
0.0988804
0.0990998
0.0979072
0.0973057
0.0991337
0.0976557
0.0948705
0.0972308
0.0988125
0.0973116
0.0981416
0.0981416
0.0977513
0.0989073
0.100061
0.0992955
0.0996252
0.0974515
0.097624
0.0995842
0.0959481
0.0959553
0.0992817
0.0994385
0.099412
0.0984904
0.0985183
0.100686
0.0987737
0.097624
0.0987089
0.0977543
0.097726
0.097726
0.0982752
0.096161
0.0985117
0.0977543
0.0982791
0.0977016
0.0969305
0.0981095
0.0992369
0.098537
0.0993693
0.0994308
0.0994308
0.0963834
0.0981979
0.0981979
0.0994087
0.0979467
0.0979467
0.0978868
0.0981596
0.0973178
0.096704
0.0986382
0.0990963
0.097527
0.0971197
0.0992826
0.09856
0.096236
0.096307
0.0982888
0.0982888
0.0973558
0.0980277
0.0955401
0.0974721
0.0988763
0.0986404
0.0989384
0.0984016
0.0971197
0.0979459
0.0982888
0.0978431
0.0999507
0.0974773
0.0968086
0.0983015
0.0986037
0.0977222
0.0970717
0.0980608
0.0980608
0.0991024
0.0992757
0.0985049
0.0980982
0.0933323
0.0933323
0.0998567
0.0994637
0.0979456
0.0939395
0.0998895
0.099422
0.099422
0.0964718
0.0995509
0.0996091
0.0968492
0.096167
0.0958343
0.0952498
0.0974256
0.0979159
0.0985938
0.0979091
0.098542
0.0976964
0.0986124
0.0984634
0.0973452
0.0967235
0.097763
0.0960045
0.0962827
0.0962827
0.0959626
0.0990476
0.09837
0.0981799
0.0975308
0.0992366
0.0996897
0.0980867
0.0962432
0.0961214
0.0964006
0.0989711
0.0984429
0.0963148
0.0972174
0.0995483
0.0976026
0.0963503
0.097744
0.0995084
0.0991711
0.0966221
0.0969779
0.097385
0.0990279
0.0998847
0.0973674
0.0974352
0.0967474
0.0997376
0.0965154
0.0945611
0.0970494
0.0970494
0.0979749
0.097975
0.097975
0.0960257
0.0976019
0.0976019
0.0986975
0.0987573
0.0967341
0.0960526
0.0978022
0.0953006
0.0953006
0.0975196
0.0982088
0.0980982
0.0972744
0.0973942
0.0981978
0.0976692
0.0981801
0.0971523
0.0971523
0.0973923
0.0969874
0.0970211
0.0961252
0.0971659
0.0965102
0.095784
0.0967454
0.0979676
0.0972711
0.0974773
0.0968553
0.0969744
0.0995337
0.0983385
0.0977141
0.0964959
0.0993709
0.09601
0.0960899
0.0989467
0.0981235
0.093888
0.093888
0.0981416
0.0961318
0.095318
0.0982998
0.0990905
0.0980355
0.0949964
0.0974614
0.0987037
0.0962742
0.0967831
0.0967831
0.095934
0.095934
0.0990466
0.0990466
0.0969729
0.0984674
0.0971303
0.0948649
0.0973075
0.0998981
0.100146
0.0966482
0.0956782
0.0956782
0.0995084
0.0936246
0.0945611
0.0992826
0.0996739
0.0989215
0.09769
0.09769
0.0971201
0.0971201
0.0982077
0.0965044
0.0950856
0.0953732
0.0994303
0.0986213
0.0975784
0.0964243
0.0957633
0.0980062
0.0977928
0.0990089
0.0967115
0.0973656
0.0963532
0.0966729
0.0963077
0.095652
0.0989469
0.098576
0.0971982
0.0959164
0.0974597
0.0967706
0.096948
0.0971913
0.0964792
0.0969744
0.0993602
0.0975906
0.0951392
0.096523
0.0979863
0.0979863
0.0985432
0.0976923
0.0975981
0.0977939
0.0948065
0.0934614
0.0934614
0.0986028
0.0991581
0.0960215
0.0953132
0.0978157
0.0994387
0.098607
0.0960671
0.0962551
0.096663
0.0971813
0.0982752
0.0962944
0.0943939
0.0973418
0.0968804
0.0972112
0.0964213
0.0964213
0.0985006
0.0985006
0.0954485
0.0959215
0.0980567
0.0963748
0.0961206
0.0974368
0.0974368
0.0961507
0.0964767
0.0954446
0.0957732
0.0953994
0.096415
0.0959219
0.0947756
0.0967379
0.0980277
0.096961
0.0960501
0.0969265
0.0973171
0.0981166
0.0964352
0.0963082
0.0963082
0.0954373
0.0974287
0.0972646
0.0968622
0.0973359
0.0973359
0.0957329
0.0958712
0.097797
0.097797
0.0943566
0.0943566
0.0969013
0.0987742
0.0987742
0.0955921
0.0966796
0.100039
0.0973133
0.0941394
0.0970227
0.0958384
0.0953054
0.0963863
0.0977028
0.0979848
0.0976628
0.0976628
0.0983801
0.0952152
0.0956241
0.0966995
0.096961
0.0983385
0.0971227
0.0947023
0.0947991
0.0948898
0.0960036
0.0961623
0.0978336
0.0974256
0.0952628
0.0963449
0.0972718
0.0972718
0.0951062
0.0968675
0.0958944
0.0958944
0.0975389
0.098391
0.096161
0.0961203
0.0967235
0.0969387
0.0966246
0.0944507
0.0941936
0.0952745
0.0973764
0.096379
0.0961986
0.097897
0.0959259
0.0978336
0.0989141
0.0946725
0.0957208
0.0977932
0.0996815
0.0940952
0.0933392
0.0957955
0.0959479
0.0970211
0.0966494
0.0953755
0.0968335
0.0965815
0.0946181
0.0949487
0.0968657
0.0960802
0.0955256
0.0967895
0.096842
0.0963291
0.0965177
0.0949819
0.0959695
0.0949471
0.0949471
0.0979512
0.0974261
0.096295
0.096295
0.0967379
0.0965967
0.0965967
0.0964216
0.0972567
0.0950318
0.0950318
0.0955431
0.0958873
0.0958712
0.0949679
0.0941068
0.0961165
0.0961165
0.0979658
0.0945193
0.0948065
0.0952394
0.0971726
0.0938504
0.0900809
0.0833654
0.0789386
0.0752442
0.0727539
0.0699173
0.0682129
0.0682129
0.0608244
0.0638486
0.0612908
0.0547068
0.0531012
0.0509115
0.0474746
0.0462559
0.0469409
0.0442154
0.0480656
0.0497439
0.0497439
0.052337
0.0512801
0.0515743
0.0545597
0.0512346
0.054401
0.0584481
0.0585109
0.0595582
0.0595582
0.06186
0.0637772
0.0666438
0.0663835
0.0654419
0.0656194
0.0671226
0.0681833
0.0669628
0.0680365
0.0688667
0.0705732
0.0702619
0.0696128
0.0709023
0.0690245
0.0706677
0.0707484
0.0701179
0.0711523
0.0693456
0.0700402
0.070683
0.0688675
0.0716498
0.0701837
0.0701837
0.0712215
0.0707401
0.0705907
0.0700231
0.0695172
0.069358
0.0705095
0.0690258
0.070258
0.0682753
0.0711386
0.0706669
0.0709821
0.0700224
0.0692005
0.0714038
0.0714038
0.0697693
0.0701007
0.0697548
0.0713238
0.0696914
0.0696914
0.0702592
0.0718841
0.0707971
0.0694026
0.0676931
0.0689152
0.0689152
0.0617301
0.0642576
0.063806
0.0625754
0.0615786
0.0620289
0.0634398
0.0631566
0.0595936
0.0615914
0.0619108
0.06097
0.0618878
0.0611634
0.0615752
0.0625321
0.0627371
0.0627371
0.0622828
0.0621041
0.0621041
0.0636104
0.0635688
0.0628088
0.064883
0.0632371
0.0619122
0.0638341
0.0634551
0.0642588
0.0642588
0.0657103
0.0639405
0.0650746
0.0637134
0.0649922
0.0651514
0.0656683
0.0641699
0.0645229
0.0645229
0.0643698
0.0663403
0.0665476
0.0651929
0.0643739
0.065775
0.0662737
0.0642517
0.0660546
0.0650421
0.0653973
0.0664724
0.0649559
0.0662589
0.0648909
0.0648414
0.0650502
0.0658765
0.0649179
0.0645939
0.0650355
0.0660999
0.0655648
0.066563
0.0669999
0.0658912
0.0656041
0.0645628
0.0649059
0.0652897
0.0647726
0.0641312
0.0653125
0.065481
0.065589
0.0651394
0.0652979
0.06526
0.0668139
0.0645986
0.0645986
0.0655322
0.0657972
0.0646642
0.0662159
0.0654282
0.0662165
0.0637134
0.0657458
0.0654714
0.0650355
0.0658215
0.0649416
0.0657476
0.0655731
0.0651803
0.0636311
0.0636311
0.0656806
0.0662665
0.0659934
0.0659934
0.0647319
0.0659565
0.0657181
0.0649035
0.0662345
0.0662345
0.0658113
0.0662823
0.0643781
0.0621373
0.0621373
0.0575884
0.0575884
0.0536934
0.050119
0.0458833
0.0422249
0.0383976
0.0331798
0.0305127
0.032015
0.0294512
0.0268742
0.0249121
0.0214712
0.018596
0.0154781
0.0154781
0.0113498
0.00797373
0.00571268
0.00681008
0.00564264
0.00567703
0.00501411
0.00501411
0.0049775
0.00658419
0.00634031
0.00429366
0.00417423
0.00555586
0.00323687
0.00461096
0.00320997
0.0049245
0.00536575
0.00427698
0.00452474
0.00452474
0.00396428
0.00469753
0.00519217
0.00469753
0.00417423
0.00415334
0.00317086
0.00489055
0.00489055
0.00350129
0.00443426
0.00313933
0.00510098
0.00373247
0.00157461
0.00157461
0.00348437
0.00351846
0.00350523
0.00350523
0.00459215
0.0050822
0.0050822
0.00427967
0.00316616
0.0032209
0.00574915
0.00358875
0.00358875
0.00483709
0.0016289
0.00192883
0.00286527
0.00515248
0.00524077
0.00410014
0.00417022
0.00681242
0.00681242
0.0024406
0.00445123
0.00355461
0.00474935
0.00527579
0.00378279
0.00256509
0.00459217
0.00448591
0.00166753
0.00541483
0.00312989
0.00596024
0.00596024
0.00536275
0.00529303
0.00291822
0.00422232
0.00246282
0.00467946
0.00467946
0.0032209
0.00583577
0.00599291
0.00726413
0.00558972
0.00555708
0.00524127
0.00372955
0.00434868
0.00383814
0.00339545
0.00513854
0.00242677
0.00513618
0.0040133
0.00524127
0.00524127
0.00348326
0.00329067
0.00522338
0.00629036
0.00586982
0.00401208
0.00269001
0.0054505
0.00284781
0.00316616
0.00564582
0.00564582
0.00102394
0.00418808
0.00478511
0.00557233
0.00360619
0.00334293
0.00573045
0.00376777
0.00376777
0.00564445
0.00475187
0.00475187
0.00369428
0.00320287
0.0053291
0.00392462
0.00236987
0.00132579
0.00132579
0.0043832
0.00616931
0.00269001
0.00269001
0.00323798
0.00632657
0.00358875
0.00469719
0.00646362
0.00646504
0.00522338
0.00371224
0.00334408
0.00399615
0.00399615
0.00327286
0.00497726
0.00419219
0.00419219
0.00506903
0.00469719
0.00391242
0.00594166
0.0039599
0.0039599
0.00609955
0.00467946
0.00522672
0.00522672
0.00569702
0.00518977
0.00497726
0.0039779
0.00469719
0.00543826
0.00543826
0.00585383
0.00431369
0.00452394
0.00309816
0.00233979
0.00233979
0.00323798
0.00380246
0.000218396
0.000218396
0.0039599
0.00578439
0.00513854
0.00185983
0.00531094
0.00443613
0.00408209
0.00373521
0.00373521
0.00468196
0.00456099
0.00513854
0.00673859
0.00425827
0.00425827
0.00425827
0.00459217
0.00459217
0.00184113
0.00302835
0.00132579
0.00375042
0.00293757
0.00350114
0.00380246
0.00557579
0.00224592
0.00224592
0.00311705
0.00329067
0.00329067
0.00457551
0.00343092
0.00343092
0.00343092
0.00300622
0.00473877
0.00527537
0.00151875
0.00332534
0.0032909
0.0032909
0.00454234
0.00330873
0.00461212
0.00596024
0.0058212
0.0065212
0.00382018
0.00482185
0.00483709
0.00461212
0.00456099
0.00571503
0.00376836
0.00531094
