-0.0393055
-0.0136689
-0.0231184
-0.0162708
-0.0192817
-0.00928451
-0.0168108
-0.0116128
-0.00899737
-0.00899737
-0.0217552
-0.0151732
-0.0201122
-0.0191532
-0.0298455
-0.0125754
-0.0131175
-0.0131175
-0.0158623
-0.0158623
-0.0217552
-0.0147544
-0.0142153
-0.0180421
-0.0184464
-0.0184464
-0.0205132
-0.0231245
-0.0142205
-0.00831832
-0.0277975
-0.00600058
-0.0217448
-0.0217448
-0.0121517
-0.0140755
-0.018183
-0.0124251
-0.015712
-0.0170952
-0.0128441
-0.0320444
-0.0170841
-0.0280592
-0.019425
-0.0198328
-0.0176421
-0.0223092
-0.0214717
-0.0147544
-0.0165444
-0.0158533
-0.0139375
-0.0249109
-0.0154466
-0.018192
-0.0244942
-0.0103817
-0.021612
-0.0196958
-0.0244942
-0.0147544
-0.0146226
-0.0254559
-0.0288931
-0.00408039
-0.031225
-0.0191401
-0.0169519
-0.0290131
-0.0170952
-0.0209305
-0.0099735
-0.019425
-0.0205218
-0.0310715
-0.0198328
-0.015307
-0.0264169
-0.0295737
-0.00859274
-0.0276397
-0.0284662
-0.0203867
-0.0170841
-0.0338221
-0.035057
-0.0142046
-0.0155633
-0.0126996
-0.00422231
-0.00996513
-0.0146226
-0.00189557
-0.0122936
-0.0118866
-0.0116128
-0.0251828
-0.0159982
-0.0254559
-0.0131175
-0.0151732
-0.0101086
-0.0172306
-0.0157209
-0.0233817
-0.0210654
-0.0301199
-0.0301199
-0.0180565
-0.00763708
-0.0150288
-0.0210654
-0.0210654
-0.0106485
-0.00613294
-0.0301199
-0.00270784
-0.00270784
-0.0172156
-0.0186004
-0.0243499
-0.0269609
-0.0235344
-0.0251749
-0.0251749
-0.018735
-0.0137988
-0.016405
-0.0157209
-0.0157209
-0.00681739
-0.0120195
-0.0214835
-0.0262738
-0.0266897
-0.022019
-0.0335444
-0.0335444
-0.0275064
-0.0229886
-0.0175028
-0.020523
-0.00476239
-0.020106
-0.00379135
-0.00379135
-0.0277869
-0.0243585
-0.0262738
-0.00969091
-0.0162708
-0.0162708
-0.0179199
-0.0283317
-0.0280592
-0.0159982
-0.00915064
-0.0146226
-0.0231245
-0.01571
-0.0158533
-0.0122936
-0.0142153
-0.020106
-0.0142153
-0.00736278
-0.0254558
-0.0202397
-0.0176421
-0.019425
-0.0268255
-0.0240858
-0.018192
-0.018589
-0.0264169
-0.0264169
-0.0112052
-0.0157267
-0.0080426
-0.0244818
-0.0154466
-0.0276397
-0.00955837
-0.00736278
-0.019425
-0.0113261
0.000716905
-0.0118756
-0.0106559
-0.022298
-0.0129775
-0.0122802
-0.0139416
-0.00723057
-0.01147
-0.0253197
-0.0170952
-0.0170952
-0.0288855
-0.0217552
-0.00844714
-0.02738
-0.02738
-0.00886664
-0.00886664
-0.018183
-0.00270784
-0.0168234
-0.00708955
-0.00708955
-0.0191532
-0.0229886
-0.020795
-0.0199788
-0.00846068
-0.0102404
-0.0209305
-0.00682308
-0.0110634
-0.0110634
-0.00927162
-0.0147659
-0.023261
-0.0199639
-0.0138071
-0.020106
-0.0246292
-0.0225801
-0.0153129
-0.0172306
-0.00653865
-0.0122936
-0.00600058
-0.0112052
-0.0170952
-0.0170952
-0.0149039
-0.000531013
-0.00873998
-0.00873998
-0.0188825
-0.018735
-0.0255816
-0.0255816
-0.0217552
-0.0103817
-0.0206581
-0.00558676
-0.0135337
-0.0135337
-0.00613294
-0.0242175
-0.0291456
-0.0291456
-0.00723057
-0.00476239
-0.0148856
-0.0111951
-0.0154466
-0.0221633
-0.0165444
-0.00600058
-0.00448621
-0.00448621
-0.00846068
-0.0142153
-0.0244931
-0.0169519
-0.0100963
-0.0236689
-0.0162708
-0.014086
-0.0261343
-0.0116128
-0.0150288
-0.0221706
-0.0221706
-0.0286108
-0.0209194
-0.0251749
-0.0433026
-0.035057
-0.0329963
-0.01147
-0.0235344
-0.0346379
-0.0243585
-0.04151
-0.0391762
-0.0416491
-0.0290131
-0.0327239
-0.0360179
-0.0318976
-0.02037
-0.0313528
-0.036286
-0.0424758
-0.0245011
-0.0233962
-0.0277808
-0.0257362
-0.0257362
-0.0287392
-0.036286
-0.0460382
-0.0434435
-0.0221629
-0.0291573
-0.0291573
-0.0302552
-0.0302552
-0.0235344
-0.0338221
-0.0308026
-0.0221505
-0.0347857
-0.0272331
-0.0272331
-0.031212
-0.0268255
-0.0321775
-0.0111951
-0.01271
-0.0183279
-0.012165
-0.0280675
-0.0200943
-0.023261
-0.0168108
-0.0255816
-0.0135356
-0.018874
-0.0268255
-0.019425
-0.0196978
-0.021612
-0.0105154
-0.0228438
-0.0158533
-0.0170952
-0.00886664
-0.0113401
-0.0262738
-0.018874
-0.020795
-0.0172401
-0.0270985
-0.0229886
-0.0357375
-0.035057
-0.0255919
-0.0314782
-0.0247672
-0.021612
-0.0302456
-0.0195607
-0.0184577
-0.0196978
-0.0314895
-0.022298
-0.022298
-0.0170952
-0.0183279
-0.017227
-0.017227
-0.0205218
-0.0166779
-0.0166779
-0.0154466
-0.0155796
-0.020106
-0.020106
-0.0266895
0.0165684
-0.00106032
0.00220778
-0.00339919
-0.00339919
-0.0129775
-0.013524
-0.013524
-0.0277877
-0.0196978
-0.0154466
-0.0113401
-0.000525029
-0.0147544
-0.0147544
-0.0199788
-0.0294199
-0.0148977
-0.0254558
-0.0327241
-0.0294302
-0.0465903
-0.0332698
-0.0223017
-0.0159982
-0.0250413
-0.023261
-0.0373904
-0.0368368
-0.0283317
-0.0225704
-0.0288855
-0.0272421
-0.0169519
-0.016128
-0.0173717
0.00139508
-0.0206651
-0.0271099
-0.0188825
-0.0224364
-0.0224364
-0.0275064
-0.0109213
-0.0109213
-0.0277869
-0.021612
-0.0186004
-0.018874
-0.00996513
-0.0177832
-0.0177832
-0.0154535
-0.0287522
-0.0191486
-0.0235308
-0.0195607
-0.0176421
-0.0128441
-0.0133806
-0.0133806
-0.0177827
-0.0236765
-0.0162708
-0.0162708
-0.0209305
-0.0213381
-0.0110634
-0.0124251
-0.0199717
-0.00641461
-0.0210692
-0.0203802
-0.00763708
-0.00763708
-0.0280592
-0.0176421
-0.0142153
-0.0222943
-0.0186004
-0.0188785
-0.0188785
-0.0321708
-0.0246339
-0.0313528
-0.0345036
-0.0146226
-0.0143485
-0.0146226
-0.0221633
-0.0310804
-0.0310804
-0.0205132
-0.021204
-0.0408227
-0.0228438
-0.0225704
-0.035057
-0.0221633
-0.0235382
-0.0286054
-0.0286054
-0.0231252
-0.0295737
-0.0305284
-0.029021
-0.0258653
-0.0151739
-0.0184652
-0.0184652
-0.0196885
-0.00299689
-0.00299689
-0.0242083
-0.018183
-0.0216185
-0.0251828
-0.0244942
-0.0166779
-0.0166779
-0.0286054
-0.021892
-0.017227
-0.0154466
-0.0251749
-0.0199717
-0.0199717
-0.0195621
-0.0361552
-0.0316352
-0.0235344
-0.019425
-0.019425
-0.0158626
-0.0199672
-0.0258624
-0.018874
-0.0281966
-0.0186004
-0.0250413
-0.0323047
-0.0323047
-0.023261
-0.0213381
-0.0324503
-0.0324503
-0.0303993
-0.0257275
-0.0176421
-0.0242222
-0.0166779
-0.0137988
-0.0137988
-0.0218912
-0.00640763
-0.0279233
-0.0146226
-0.0216185
-0.0216185
-0.00613294
-0.0239427
-0.0192817
-0.0192817
-0.0218869
-0.029021
-0.0404126
-0.0195567
-0.0220279
-0.00844714
-0.00844714
-0.0294302
-0.0173584
-0.0239427
-0.0188785
-0.029983
-0.0253164
-0.0508601
-0.0268135
-0.023261
-0.023261
-0.0180504
-0.023261
-0.021204
-0.0153043
-0.0224364
-0.0110634
-0.0236689
-0.0203802
-0.0305284
-0.016128
-0.0183279
-0.013524
-0.0198405
-0.0198405
-0.00778165
-0.0221633
-0.0238028
-0.0238028
-0.0210692
-0.018874
-0.018874
-0.0142046
-0.0147682
-0.0209305
-0.0161359
-0.0331415
-0.0331415
-0.021204
-0.0335505
-0.0301184
-0.0227007
-0.0249109
-0.0233993
-0.0287392
-0.0261177
-0.0159982
-0.0349201
-0.0183257
-0.0243499
-0.0406848
-0.0406848
-0.0298455
-0.0465903
-0.0316263
-0.0310779
-0.0298455
-0.0323154
-0.0229886
-0.0301127
-0.0332745
-0.0332745
-0.0276511
-0.0486541
-0.0292882
-0.0292882
-0.0275064
-0.0151739
-0.0368429
-0.0317667
-0.0395869
-0.0395869
-0.0351932
-0.0384888
-0.0353181
-0.0286054
-0.03588
-0.0286108
-0.0135356
-0.0212081
-0.0158643
-0.0120287
-0.0120287
0.146976
0.274973
0.274973
0.675197
0.786432
0.791012
0.791012
0.55442
0.397565
0.257223
0.190951
0.143291
0.179549
0.16653
0.144369
0.158104
0.137679
0.171357
0.176549
0.162148
0.149918
0.1368
0.151556
0.136122
0.136701
0.151252
0.157962
0.147772
0.134112
0.147623
0.156387
0.157008
0.141364
0.150922
0.161268
0.144031
0.141121
0.138859
0.155483
0.155516
0.148395
0.142175
0.145034
0.145034
0.145286
0.137576
0.152467
0.15108
0.142144
0.141753
0.150031
0.159069
0.153213
0.158747
0.149561
0.143765
0.15144
0.15144
0.161562
0.169122
0.158719
0.159137
0.164014
0.147551
0.141227
0.153632
0.156424
0.161752
0.17671
0.149186
0.159527
0.156032
0.159631
0.173289
0.158017
0.170319
0.171491
0.15671
0.15671
0.159111
0.167896
0.156424
0.148311
0.16091
0.153997
0.233676
0.299425
0.395303
0.540124
0.589932
0.627833
0.604779
0.632015
0.640118
0.617613
0.627073
0.636736
0.6276
0.601469
0.601469
0.621125
0.614843
0.622997
0.61462
0.621138
0.607888
0.612959
0.606133
0.612323
0.612323
0.620372
0.611121
0.606358
0.609764
0.621025
0.612323
0.609271
0.617744
0.624439
0.601073
0.611023
0.611038
0.619275
0.613362
0.611121
0.618416
0.612546
0.620267
0.609161
0.604391
0.618169
0.615079
0.608034
0.614763
0.619853
0.723723
0.840693
0.913932
0.952401
1.01935
1.03902
1.02038
1.00635
1.03256
1.04151
1.02553
1.01554
1.02817
1.02817
1.01088
0.994114
1.01169
1.0217
1.02066
0.992754
0.990767
1.01021
0.997364
0.994582
0.995062
1.00135
1.01241
0.979359
1.00191
1.00191
0.991255
0.985856
0.992567
0.992567
0.994301
0.988409
0.988409
0.996647
1.00148
0.985444
0.985444
0.998645
0.988697
0.984617
0.974791
0.986826
0.99533
0.989317
0.98337
0.990909
0.973802
0.894219
0.801955
0.654533
0.542819
0.395293
0.236501
0.103364
0.103313
0.128751
0.128751
0.133058
0.114735
0.123274
0.133853
0.132031
0.162584
0.145718
0.160183
0.139249
0.150328
0.157854
0.157854
0.137212
0.162869
0.156516
0.151667
0.140997
0.147349
0.143294
0.143294
0.148962
0.144917
0.159359
0.148015
0.14071
0.151528
0.151263
0.148697
0.142605
0.15883
0.151528
0.147485
0.147485
0.141811
0.154912
0.149371
0.144227
0.143019
0.158414
0.151946
0.152211
0.162873
0.140183
0.144778
0.166657
0.1576
0.140731
0.153696
0.160846
0.145996
0.145996
0.150449
0.15708
0.15708
0.161658
0.159243
0.160856
0.158678
0.147349
0.154775
0.150861
0.150861
0.139632
0.141673
0.148565
0.166923
0.143971
0.158562
0.158562
0.147354
0.146671
0.139779
0.138422
0.153035
0.148299
0.157481
0.142341
0.162746
0.162746
0.14342
0.144639
0.144639
0.154639
0.148294
0.149781
0.145732
0.16355
0.157481
0.149399
0.153718
0.153718
0.154237
0.155991
0.150595
0.148845
0.156948
0.156816
0.154785
0.153971
0.159375
0.148164
0.166801
0.166801
0.157763
0.148821
0.160856
0.153293
0.170029
0.164764
0.154517
0.146268
0.162898
0.164646
0.136538
0.159093
0.162614
0.162204
0.16707
0.15533
0.145333
0.145333
0.15708
0.142353
0.148995
0.153588
0.161538
0.157347
0.161401
0.153837
0.149379
0.166801
0.166257
0.158577
0.153448
0.153986
0.158828
0.141811
0.144915
0.143168
0.147213
0.153837
0.156812
0.167215
0.167215
0.154385
0.158828
0.158828
0.150326
0.1749
0.142341
0.161002
0.150875
0.16532
0.16532
0.16532
0.160456
0.161937
0.161937
0.163963
0.157118
0.157118
0.15452
0.158976
0.169631
0.152107
0.148029
0.157894
0.152891
0.150326
0.156
0.164249
0.164249
0.15006
0.160058
0.160058
0.146415
0.155734
0.162769
0.160189
0.16546
0.143984
0.156445
0.155069
0.158976
0.162352
0.156681
0.171526
0.157783
0.15761
0.156023
0.162713
0.134567
0.106927
0.0840343
0.0654764
0.0726263
0.0763466
0.0629174
0.0609592
0.0659025
0.0659025
0.0843739
0.0871842
0.0792843
0.0792843
0.0468343
0.0388534
0.0376309
0.0402034
0.0399486
0.0247074
0.0292809
0.0486341
0.0188423
0.0126416
0.0115281
0.00311456
0.00311456
-0.00798899
-0.0116903
0.00698707
0.00684577
0.00510306
0.0135802
0.00610656
-0.00763827
-0.00160478
0.00539574
-0.0110634
-0.00715959
0.00965683
-0.00334239
0.00839668
-0.000156127
-0.0172802
-0.00693844
-0.0164297
-0.0104202
-0.00829635
-0.00245791
-0.00243358
-0.000332184
-0.0165545
-0.0083247
-0.0241492
-0.0114167
-0.0263976
-0.0267757
-0.0126131
0.0031529
-0.011877
-0.011877
0.028931
0.0501323
0.0856749
0.076278
0.0594263
0.0647273
0.0652412
0.0612403
0.0302774
0.0241415
0.030794
0.0117741
-0.00684199
-0.00789914
-0.0160396
-0.0139225
-0.0146484
-0.0233693
-0.0234771
-0.0114253
-0.0297129
-0.0183139
-0.0293525
-0.0317045
-0.0397112
-0.0340423
-0.0340423
-0.0377683
-0.0398558
-0.0497065
-0.0658756
-0.0700417
-0.0700417
-0.0580333
-0.0479563
-0.045735
-0.0492996
-0.0576332
-0.0705872
-0.0726407
-0.0645894
-0.0788248
-0.0788248
-0.0574806
-0.0213941
0.0259052
0.0705259
0.112011
0.140678
0.140678
0.171395
0.171395
0.190209
0.177071
0.114835
0.088651
0.088651
0.0550826
0.041268
0.0451166
0.037483
0.0341733
0.0218394
0.0205077
0.0249532
0.0247023
0.0328663
0.0318314
0.045159
0.0538507
0.0298194
0.0346355
0.0346355
0.0358292
0.0282166
0.0302561
0.0296281
0.0210145
0.0308836
0.0308836
0.0226546
0.0116492
0.00811796
-0.0156955
-0.0112944
-0.0224026
-0.0224026
-0.0188293
-0.0294874
-0.019681
-0.0263938
-0.0349276
-0.0296035
-0.0427247
-0.0427247
-0.0120716
0.0025043
-0.000168347
-0.013849
-0.026307
-0.026307
-0.0306441
-0.0136638
-0.0196392
-0.0196993
-0.0651205
-0.0839635
-0.0828622
-0.0947716
-0.0909628
-0.10253
-0.0944088
-0.104664
-0.115079
-0.105346
-0.117786
-0.11375
-0.118569
-0.120732
-0.12661
-0.119334
-0.112273
-0.124955
-0.103054
-0.116942
-0.0983047
-0.112691
-0.116949
-0.113698
-0.0965028
-0.118901
-0.113646
-0.115663
-0.104286
-0.104286
-0.103427
-0.117297
-0.121174
-0.107837
-0.112583
-0.112583
-0.104559
-0.112598
-0.111275
-0.115808
-0.0895586
-0.108959
-0.108959
-0.115229
-0.105344
-0.108795
-0.104525
-0.0910395
-0.10044
-0.0984311
-0.0898156
-0.094904
-0.0817661
-0.0970581
-0.0706582
-0.0678417
-0.0776947
-0.0774463
-0.0770786
-0.0725486
-0.0758817
-0.0684013
-0.0684013
-0.0720479
-0.0880019
-0.092147
-0.0682973
-0.0961902
-0.0824399
-0.0790905
-0.0845941
-0.100298
-0.100469
-0.0985928
-0.110704
-0.110704
-0.101005
-0.0931512
-0.0931512
-0.0800569
-0.091547
-0.0839494
-0.0839494
-0.0998237
-0.109621
-0.109621
-0.0775342
-0.0956669
-0.0764468
-0.0813073
-0.0938731
-0.0822039
-0.0822039
-0.0782845
-0.086821
-0.086821
-0.0928039
-0.0879503
-0.0779712
-0.0779712
-0.097633
-0.0784175
-0.0784175
-0.092241
-0.101754
-0.0773206
-0.0716237
-0.0851307
-0.0960899
-0.0762414
-0.0791292
-0.0930297
-0.0832499
-0.0924481
-0.0842578
-0.0751175
-0.071825
-0.0768389
-0.0784411
-0.0784411
-0.0723319
-0.0810214
-0.0810214
-0.0810214
-0.0821427
-0.0805538
-0.0752092
-0.0864379
-0.0967655
-0.0870956
-0.0770792
-0.0682238
-0.0636909
-0.0825525
-0.0866658
-0.0825152
-0.0825152
-0.0821954
-0.0864592
-0.0799653
-0.0796012
-0.0857866
-0.0847397
-0.0858783
-0.0827937
-0.0827833
-0.0955653
-0.0761348
-0.0963307
-0.0732781
-0.0827154
-0.0907731
-0.0907731
-0.0912633
-0.0675094
-0.0748047
-0.086677
-0.0969795
-0.078143
-0.0746806
-0.0882944
-0.0741946
-0.086064
-0.0734455
-0.0743037
-0.0706004
-0.0782711
-0.0734342
-0.0647954
-0.0647954
-0.0540487
-0.0621941
-0.0647905
-0.0678789
-0.0688617
-0.0764114
-0.0764114
-0.0820991
-0.0636766
-0.0634351
-0.0631815
-0.0760418
-0.0619464
-0.0665124
-0.0605897
-0.0565154
-0.0703529
-0.053808
-0.0696087
-0.0696087
-0.0677563
-0.0728248
-0.068006
-0.068006
-0.0556512
-0.0670176
-0.0670176
-0.0713429
-0.0699819
-0.0628114
-0.0633073
-0.0633073
-0.066025
-0.066025
-0.0705966
-0.0731961
-0.0597255
-0.0484962
-0.0727023
-0.0640493
-0.0603434
-0.0634299
-0.0586145
-0.0766637
-0.0630596
-0.0608313
-0.0608313
-0.0482332
-0.0567604
-0.0608382
-0.0599748
-0.0519542
-0.0624413
-0.0609597
-0.0675094
-0.0675094
-0.0608382
-0.053556
-0.0671389
-0.0671389
-0.0613288
-0.0563947
-0.0581202
-0.0746862
-0.0681258
-0.055774
-0.0686228
-0.0670145
-0.0654105
-0.0728234
-0.0680039
-0.0612086
-0.079629
-0.0687456
-0.0744336
-0.0744336
-0.069733
-0.0832181
-0.0753006
-0.0641723
-0.0665227
-0.068373
-0.0825976
-0.0753006
-0.0706015
-0.0615903
-0.0615903
-0.0597255
-0.069733
-0.0840833
-0.0627038
-0.0592352
-0.0642981
-0.052073
-0.0597255
-0.0672596
-0.0672596
-0.0647905
-0.0597255
-0.0573786
-0.0631855
-0.0754281
-0.0749287
-0.0639257
-0.0660249
-0.0641752
-0.0641752
-0.0563947
-0.05467
-0.0523243
-0.0644204
-0.0628139
-0.0670145
-0.0598496
-0.0596038
-0.0667686
-0.0609573
-0.0619508
-0.0676332
-0.0661487
-0.0646696
-0.0651614
-0.0613385
-0.0665227
-0.0614586
-0.0672614
-0.0503505
-0.0522063
-0.0522063
-0.0619508
-0.0739416
-0.0536778
-0.0689942
-0.0609664
-0.0609664
-0.0605954
-0.0687456
-0.0607161
-0.0706015
-0.0589918
-0.0607161
-0.0726964
-0.0557695
-0.0579977
-0.0633295
-0.0633295
-0.0583696
-0.0563947
-0.0563947
-0.0719588
-0.0603434
-0.0544187
-0.0386332
-0.0571354
-0.0529329
-0.0529329
-0.0765368
-0.0595988
-0.0682515
-0.0478869
-0.0598538
-0.0452902
-0.0589833
-0.0756679
-0.0756679
-0.066154
-0.0608313
-0.0641752
-0.0605934
-0.0607161
-0.0520876
-0.0766579
-0.0610878
-0.0618282
-0.064303
-0.05862
-0.0779002
-0.0699819
-0.0734435
-0.0628139
-0.0584983
-0.0612178
-0.0676332
-0.0787645
-0.0641752
-0.051089
-0.0415853
-0.0728284
-0.066025
-0.053305
-0.047146
-0.070469
-0.070469
-0.0571342
-0.0588615
-0.068373
-0.0657828
-0.0584983
-0.0568974
-0.0519542
-0.0649021
-0.0634351
-0.0610878
-0.0628236
-0.0602251
-0.0602251
-0.0551716
-0.054919
-0.0512111
-0.066646
-0.0520719
-0.0563947
-0.0679995
-0.0472605
-0.0641752
-0.0610802
-0.0560234
-0.0604765
-0.0555455
-0.0787645
-0.0660333
-0.0660333
-0.0732004
-0.0732004
-0.0573862
-0.0704794
-0.0809914
-0.0809845
-0.0684964
-0.0541927
-0.0552925
-0.064548
-0.060729
-0.0523225
-0.0605934
-0.0582485
-0.066154
-0.0624413
-0.0646774
-0.0591083
-0.067519
-0.0597323
-0.0603434
-0.0603434
-0.0631855
-0.0575074
-0.048748
-0.0707186
-0.0507147
-0.0635523
-0.0618282
-0.0554127
-0.0811152
-0.0567649
-0.0547897
-0.0619508
-0.0672599
-0.0672599
-0.0777646
-0.0520876
-0.0719558
-0.0668957
-0.0785168
-0.0694844
-0.0613301
-0.0597325
-0.0529358
-0.0466434
-0.0708445
-0.0641752
-0.0641752
-0.0696162
-0.0602251
-0.069121
-0.069121
-0.0555278
-0.0671342
-0.0547897
-0.060729
-0.0630631
-0.0680085
-0.0614703
-0.0652906
-0.0640517
-0.0640517
-0.0708445
-0.061705
-0.0697465
-0.0697465
-0.0598443
-0.0518484
-0.0518484
-0.05862
-0.0557838
-0.0557838
-0.0594816
-0.0783916
-0.0659119
-0.0685119
-0.0657828
-0.0657828
-0.0696162
-0.0693725
-0.0567649
-0.087796
-0.0668957
-0.0635523
-0.0551614
-0.0552925
-0.0596101
-0.0635523
-0.0699827
-0.058264
-0.0730669
-0.0730669
-0.0748046
-0.0723478
-0.0684964
-0.0647872
-0.0772874
-0.0763051
-0.0727054
-0.0689942
-0.0546864
-0.063191
-0.0669023
-0.0496044
-0.0694844
-0.0694844
-0.0659119
-0.0594816
-0.0657737
-0.0657737
-0.0670105
-0.0605985
-0.0816157
-0.0706078
-0.0650373
-0.070469
-0.0718432
-0.0620788
-0.0633134
-0.0676347
-0.0681212
-0.0739416
-0.0739416
-0.0657828
-0.0600946
-0.0770292
-0.0613301
-0.0610965
-0.0713455
-0.0579971
-0.0790203
-0.0702334
-0.0702334
-0.0693725
-0.0781412
-0.0781412
-0.066043
-0.0712211
-0.0744304
-0.0811039
-0.0745546
-0.0709693
-0.0707381
-0.0718432
-0.063068
-0.063068
-0.0670248
-0.0676376
-0.0993137
-0.0751661
-0.0838504
-0.0793575
-0.06665
-0.0803646
-0.0712211
-0.0774041
-0.072095
-0.0654147
-0.0811039
-0.0769036
-0.0659119
-0.079253
-0.0744439
-0.0751661
-0.0766534
-0.0583759
-0.0583759
-0.0686216
-0.0605775
-0.075917
-0.0717207
-0.0641795
-0.0639503
-0.0639503
-0.0752933
-0.0665375
-0.069005
-0.0599841
-0.0729564
-0.0788915
-0.0788915
-0.0743218
-0.0809914
-0.0809914
-0.0562632
-0.0622087
-0.0767932
-0.0739279
-0.0701334
-0.0781412
-0.069005
-0.0592436
-0.0575169
-0.0750583
-0.0603708
-0.0751822
-0.0868067
-0.0868067
-0.0825917
-0.083716
-0.0767798
-0.0550405
-0.0493842
-0.0556553
-0.071096
-0.053573
-0.053573
-0.053573
-0.0636961
-0.0636961
-0.0636961
-0.0741922
-0.0720815
-0.0573862
-0.0515942
-0.0622087
-0.0641795
-0.079253
-0.0801142
-0.0724575
-0.0706271
-0.0641795
-0.0641795
-0.0501082
-0.0608444
-0.0624407
-0.069503
-0.0635511
-0.073946
-0.0729401
-0.069503
-0.0719732
-0.0661642
-0.0661642
-0.0557995
-0.0761672
-0.0766708
-0.0660235
-0.0714693
-0.0647989
-0.0647989
-0.078768
-0.0728173
-0.0874156
-0.0746807
-0.0741777
-0.0585066
-0.0585066
-0.0803679
-0.0757919
-0.0718432
-0.0680085
-0.0751822
-0.0661642
-0.0661642
-0.0497329
-0.0577512
-0.069355
-0.0424753
-0.0619563
-0.0620788
-0.0650373
-0.0635745
-0.0502297
-0.0507363
-0.0599841
-0.0636857
-0.0671342
-0.0562835
-0.0614566
-0.0611066
-0.0533106
-0.0582471
-0.053556
-0.0560305
-0.0566581
-0.067519
-0.0746807
-0.0795042
-0.0667792
-0.0650385
-0.0733175
-0.0725817
-0.0644258
-0.0809936
-0.0605985
-0.0755397
-0.0623405
-0.0552925
-0.0552925
-0.0765416
-0.0681212
-0.071219
-0.0594965
-0.0679943
-0.0679943
-0.0598626
-0.0609746
-0.0780151
-0.0756661
-0.057749
-0.0697465
-0.0519683
-0.0646774
-0.0725817
-0.0670248
-0.0584
-0.0544211
-0.0613497
-0.0613497
-0.0565255
-0.0527057
-0.0678855
-0.0697327
-0.0592398
-0.0608444
-0.0636773
-0.0573862
-0.0497597
-0.0559079
-0.0605985
-0.0551533
-0.0609746
-0.0609746
-0.0506162
-0.063068
-0.063068
-0.0547968
-0.0733175
-0.069503
-0.069503
-0.0655581
-0.0662744
-0.0609746
-0.0633207
-0.056514
-0.0627168
-0.0687487
-0.0627038
-0.0614566
-0.064288
-0.0625454
-0.063068
-0.0766534
-0.0797364
-0.0650385
-0.0636961
-0.0638294
-0.0593639
-0.0681179
-0.073443
-0.075792
-0.060346
-0.0598626
-0.0598626
-0.0670248
-0.0696251
-0.0688735
-0.0656472
-0.0677619
-0.0655581
-0.0725817
-0.0638027
-0.0678909
-0.0624622
-0.0635511
-0.0748059
-0.0669023
-0.0685119
-0.0539183
-0.0544211
-0.0544211
-0.0547968
-0.0586288
-0.0618332
-0.0650385
-0.06047
-0.0567781
-0.0567781
-0.0577705
-0.0599693
-0.06579
-0.0757919
-0.0512191
-0.0751879
-0.0629444
-0.0728126
-0.0571419
-0.0571419
-0.0827145
-0.0715977
-0.06579
-0.0818372
-0.0777376
-0.0777376
-0.0777376
-0.0708436
-0.0802413
-0.0888892
-0.0643092
-0.0749338
-0.0683709
-0.0725817
-0.0650509
-0.0830919
-0.0666555
-0.0639503
-0.0711132
-0.0651662
-0.0530627
-0.0713455
-0.0723325
-0.0610791
-0.0696068
-0.0696068
-0.0668841
-0.0650632
-0.063443
-0.0747806
-0.0705922
-0.0676376
-0.0676376
-0.0712211
-0.0645553
-0.0577512
-0.058639
-0.073946
-0.0670248
-0.0767773
-0.0767773
-0.0570488
-0.0688735
-0.0622087
-0.0591239
-0.0591239
-0.0738219
-0.0682681
-0.0641795
-0.0641795
-0.0613497
-0.0751606
-0.0778884
-0.0717025
-0.0778884
-0.0648916
-0.0578761
-0.063068
-0.0707381
-0.057776
-0.0588828
-0.0598433
-0.0610791
-0.0730669
-0.0652908
-0.0615811
-0.0615811
-0.0565375
-0.0555313
-0.0456749
-0.0664018
-0.0513652
-0.0650509
-0.0650509
-0.0641795
-0.0617094
-0.0664018
-0.0664018
-0.0475202
-0.0440675
-0.0534336
-0.0590037
-0.0571679
-0.0562835
-0.0615582
-0.0640554
-0.0482727
-0.0482727
-0.0607217
-0.0678909
-0.0507147
-0.0684962
-0.0440675
-0.0485116
-0.0485116
-0.0580004
-0.0520768
-0.0520768
-0.0529473
-0.0787477
-0.0572727
-0.0573951
-0.0643092
-0.0478969
-0.0453092
-0.0762998
-0.0740505
-0.0507518
-0.0652908
-0.0767773
-0.0728173
-0.0728173
-0.0673854
-0.0636773
-0.047041
-0.0596101
-0.0559079
-0.0596178
-0.0544479
-0.0484995
-0.0435673
-0.0514729
-0.0523298
-0.0481201
-0.0492502
-0.0583759
-0.0570317
-0.0435869
-0.0435869
-0.0589862
-0.0532157
-0.0484087
-0.0529602
-0.0556553
-0.0492502
-0.0403717
-0.0557846
-0.0546864
-0.0551716
-0.0515942
-0.0650385
-0.0551716
-0.0551716
-0.0697327
-0.0503617
-0.0445781
-0.0411093
-0.0547968
-0.0619563
-0.0697327
-0.0517148
-0.047041
-0.0476427
-0.0506162
-0.0506162
-0.0527057
-0.0509912
-0.0581613
-0.0581613
-0.0402396
-0.0398786
-0.0398786
-0.0478969
-0.0415006
-0.0594873
-0.0523298
-0.0461854
-0.0602214
-0.0599948
-0.0581241
-0.0517148
-0.0377914
-0.0597405
-0.0638027
-0.0692498
-0.046786
-0.0497399
-0.0624415
-0.0617094
-0.0616865
-0.0699849
-0.0629444
-0.0586085
-0.0464012
-0.0574983
-0.0594643
-0.0682681
-0.0583837
-0.0683903
-0.0680144
-0.0650385
-0.0488532
-0.0488532
-0.0686216
-0.0580252
-0.0580252
-0.0550502
-0.0774071
-0.0654387
-0.0600961
-0.0681453
-0.0627168
-0.0506162
-0.0714518
-0.0549281
-0.0577991
-0.0557846
-0.0528268
-0.0506162
-0.0506162
-0.0546741
-0.0691264
-0.0666555
-0.0587612
-0.0427308
-0.0453299
-0.054919
-0.0566581
-0.0527057
-0.0481523
-0.0699849
-0.056039
-0.0453299
-0.0623405
-0.0717207
-0.0717207
-0.0456888
-0.0719542
-0.0669103
-0.0669103
-0.0505079
-0.0505079
-0.0614566
-0.0627168
-0.0628202
-0.0696354
-0.0690195
-0.0699994
-0.0733175
-0.0686234
-0.0640554
-0.0682681
-0.0566721
-0.082078
-0.0561373
-0.075542
-0.0650632
-0.0735692
-0.0540718
-0.0675127
-0.0749305
-0.0727099
-0.0523599
-0.0636773
-0.0576495
-0.0576495
-0.0743021
-0.06146
-0.0617094
-0.0699849
-0.0733401
-0.058639
-0.0690998
-0.0622182
-0.0567926
-0.0567926
-0.0548229
-0.0676419
-0.0786483
-0.0669023
-0.063092
-0.0683903
-0.0665263
-0.0638294
-0.0669023
-0.0555601
-0.0522408
-0.0672598
-0.0661642
-0.0639275
-0.0740757
-0.0678909
-0.0702334
-0.0573951
-0.0623519
-0.0596268
-0.0596268
-0.0703373
-0.0589862
-0.0651662
-0.0664018
-0.0664018
-0.0688994
-0.0688994
-0.074294
-0.0620863
-0.0678595
-0.062655
-0.0705509
-0.0735719
-0.0781412
-0.0817196
-0.0678668
-0.0670079
-0.0663871
-0.0610802
-0.0691042
-0.0788614
-0.0734313
-0.0736791
-0.0682447
-0.0646631
-0.0744287
-0.0689763
-0.0689763
-0.059821
-0.0561373
-0.0618095
-0.0639118
-0.0653922
-0.0589862
-0.0609527
-0.0689763
-0.0697327
-0.0706937
-0.0657712
-0.0572465
-0.0560108
-0.0778689
-0.0618095
-0.0656441
-0.0656441
-0.0705922
-0.0674879
-0.0797364
-0.0797364
-0.0629235
-0.0608278
-0.0641551
-0.0746807
-0.0689763
-0.0787295
-0.0687259
-0.0725617
-0.0605729
-0.0605729
-0.0657712
-0.066881
-0.066881
-0.0667534
-0.0709239
-0.0760005
-0.0760005
-0.0663723
-0.0716704
-0.0716704
-0.0687259
-0.0626953
-0.0571195
-0.0642831
-0.0553811
-0.0524314
-0.0475202
-0.0545237
-0.0586076
-0.0456553
-0.0456553
-0.0473662
-0.0562386
-0.0597183
-0.0547752
-0.0540238
-0.0613079
-0.0639118
-0.0764975
-0.060852
-0.060852
-0.0662118
-0.0571419
-0.0571419
-0.0554067
-0.0568681
-0.0567658
-0.0567658
-0.0616865
-0.0698349
-0.0643811
-0.0643811
-0.0723035
-0.0729099
-0.0614292
-0.0623151
-0.0603212
-0.0629181
-0.0610791
-0.0599703
-0.0615582
-0.0551538
-0.0742686
-0.056359
-0.0661296
-0.0550502
-0.0528097
-0.0530309
-0.0714205
-0.0515507
-0.0590843
-0.056359
-0.0586076
-0.0718019
-0.0514493
-0.0819398
-0.0550278
-0.070214
-0.0677387
-0.0647618
-0.0607006
-0.0688777
-0.0615582
-0.0648916
-0.0462571
-0.0581
-0.0626665
-0.0550014
-0.0684666
-0.0652388
-0.057624
-0.0524309
-0.0776209
-0.0656198
-0.0673677
-0.0658813
-0.0749118
-0.0672621
-0.0672621
-0.0791233
-0.0858192
-0.0670145
-0.071712
-0.0733141
-0.0661402
-0.0661402
-0.0635523
-0.0699729
-0.073443
-0.0670184
-0.0796273
-0.0696099
-0.0707258
-0.068112
-0.0738032
-0.0710938
-0.0702283
-0.0728234
-0.0702204
-0.0702204
-0.0647853
-0.0764113
-0.069733
-0.0691061
-0.0640399
-0.0724497
-0.0724497
-0.0677526
-0.0645409
-0.0645409
-0.0767734
-0.0728234
-0.075157
-0.0629302
-0.0813393
-0.0670145
-0.0666271
-0.0770196
-0.073443
-0.0746703
-0.0746703
-0.0702145
-0.0846889
-0.050089
-0.0688427
-0.0713391
-0.0734313
-0.0693511
-0.072075
-0.0759094
-0.0566259
-0.0566259
-0.0662687
-0.0633043
-0.0633043
-0.0789926
-0.058859
-0.0550014
-0.0529046
-0.0704763
-0.0621936
-0.0513239
-0.0776377
-0.0672494
-0.0672494
-0.0647886
-0.0645259
-0.0645259
-0.0587358
-0.0635523
-0.0557648
-0.0593469
-0.0750436
-0.0771486
-0.0771486
-0.0600801
-0.0813529
-0.0813529
-0.0761563
-0.0716842
-0.0698443
-0.0673784
-0.073443
-0.0649021
-0.065634
-0.0604562
-0.0640167
-0.0662687
-0.057001
-0.0592107
-0.0710828
-0.0665149
-0.0640399
-0.0590913
-0.0670033
-0.0546555
-0.0573729
-0.0589716
-0.074294
-0.0605934
-0.0587133
-0.0587133
-0.0510751
-0.0647728
-0.053905
-0.0503393
-0.0620489
-0.0555172
-0.0555172
-0.049966
-0.0688427
-0.0688427
-0.0490876
-0.0636641
-0.0634267
-0.0666351
-0.0666351
-0.0669895
-0.051198
-0.0649021
-0.0657737
-0.0619413
-0.0619413
-0.0615654
-0.0417151
-0.0552606
-0.0741634
-0.0597031
-0.0694672
-0.0611885
-0.0566177
-0.0612049
-0.0604318
-0.0712106
-0.051936
-0.056513
-0.0598443
-0.0668841
-0.0813426
-0.0656472
-0.0593469
-0.0531652
-0.0513239
-0.0662587
-0.0523068
-0.0473894
-0.068464
-0.068464
-0.0600801
-0.057749
-0.0765122
-0.0765122
-0.0625657
-0.0641606
-0.0695852
-0.0706937
-0.0787468
-0.0828297
-0.0758669
-0.0700925
-0.0813426
-0.0813426
-0.0644104
-0.0762656
-0.0815894
-0.0628026
-0.0554022
-0.080856
-0.0729401
-0.0805973
-0.0700827
-0.0700827
-0.0634267
-0.064288
-0.0639118
-0.0639118
-0.0730545
-0.0730545
-0.0688546
-0.0778689
-0.0756505
-0.0779677
-0.0600705
-0.0798378
-0.0682283
-0.0752721
-0.0551538
-0.0609284
-0.0671198
-0.0651494
-0.0768784
-0.0643952
-0.0643952
-0.0672599
-0.0626743
-0.0668841
-0.0673677
-0.069964
-0.066379
-0.0592352
-0.0527872
-0.0740322
-0.0713306
-0.0710828
-0.0683466
-0.0661296
-0.0823515
-0.0658813
-0.0673367
-0.0692316
-0.0744304
-0.0752721
-0.0767598
-0.0609746
-0.0553811
-0.0731719
-0.0731719
-0.0814759
-0.081707
-0.0694816
-0.0695972
-0.0731369
-0.0703418
-0.0599509
-0.0765122
-0.0671342
-0.0671342
-0.0610802
-0.0741788
-0.0716842
-0.0795903
-0.0798378
-0.0597031
-0.0597031
-0.06552
-0.063178
-0.0709537
-0.0742806
-0.0705758
-0.0705758
-0.077138
-0.0763989
-0.0828165
-0.070824
-0.0852975
-0.0684766
-0.0684766
-0.0783491
-0.0695852
-0.0756193
-0.0753727
-0.0841874
-0.082699
-0.082699
-0.0830476
-0.0746599
-0.0835611
-0.070824
-0.0720305
-0.0862904
-0.0683466
-0.0627774
-0.0781296
-0.0718151
-0.0683709
-0.0775091
-0.0775091
-0.0866568
-0.0726898
-0.075542
-0.075542
-0.0906139
-0.0657712
-0.0657712
-0.0775091
-0.0756505
-0.0770085
-0.0640325
-0.0695852
-0.0746599
-0.0813126
-0.0681212
-0.0705922
-0.0726898
-0.0576055
-0.0757692
-0.070197
-0.075157
-0.0616865
-0.0605636
-0.0707063
-0.0599509
-0.0627953
-0.0682283
-0.0528084
-0.0574983
-0.0719327
-0.0689572
-0.0530444
-0.0687347
-0.0706937
-0.0583589
-0.0619413
-0.0683709
-0.0713045
-0.0629235
-0.0695852
-0.0659834
-0.0544169
-0.0574986
-0.0592352
-0.073421
-0.0585833
-0.0500647
-0.0515738
-0.0620641
-0.0605775
-0.0605775
-0.0735504
-0.0589841
-0.0644147
-0.0644147
-0.0641321
-0.0656472
-0.0687464
-0.074541
-0.0732911
-0.0645123
-0.0626665
-0.0605775
-0.0516797
-0.0689572
-0.0553892
-0.0825677
-0.0683466
-0.084537
-0.0830665
-0.0745301
-0.0683466
-0.0692204
-0.0765265
-0.0624159
-0.0683709
-0.068112
-0.0644104
-0.053187
-0.0692316
-0.0700646
-0.041219
-0.0768784
-0.0645346
-0.0559897
-0.0593409
-0.0574759
-0.0656472
-0.0622966
-0.0622966
-0.0583589
-0.0657737
-0.0656198
-0.0739003
-0.0739003
-0.0624407
-0.0721925
-0.0598443
-0.0687259
-0.0634046
-0.0692055
-0.0692055
-0.0585833
-0.0645123
-0.0719542
-0.0640325
-0.0637831
-0.0613079
-0.0613079
-0.0773741
-0.0545038
-0.0615582
-0.0690892
-0.0665073
-0.0665073
-0.0676167
-0.0703131
-0.065256
-0.065256
-0.0689572
-0.0679663
-0.0679663
-0.0531827
-0.051198
-0.0616865
-0.0616865
-0.0652699
-0.0571195
-0.0571195
-0.0616932
-0.0489697
-0.0615654
-0.0483561
-0.0492318
-0.0523068
-0.0507147
-0.0513239
-0.0573729
-0.0669772
-0.0534403
-0.067108
-0.0659999
-0.0659999
-0.0794566
-0.0645346
-0.0819398
-0.0632739
-0.0632739
-0.0603283
-0.0761483
-0.077138
-0.0594873
-0.0594873
-0.0679663
-0.0689572
-0.0689572
-0.0569958
-0.0634046
-0.051953
-0.049963
-0.066379
-0.0752884
-0.061918
-0.0620641
-0.0606795
-0.0715527
-0.0592129
-0.0534403
-0.0651414
-0.0619413
-0.0641551
-0.061918
-0.077138
-0.0607217
-0.0687487
-0.0592129
-0.0554038
-0.0583344
-0.0697327
-0.0561366
-0.0691042
-0.0609284
-0.0605775
-0.0639275
-0.0627953
-0.0578761
-0.0646613
-0.0686216
-0.0685966
-0.0643811
-0.0718019
-0.0725617
-0.0627774
-0.0589626
-0.0624407
-0.0755202
-0.0763806
-0.0579763
-0.0672598
-0.0524332
-0.0645371
-0.0645371
-0.0704448
-0.0577256
-0.0543957
-0.069964
-0.0661492
-0.0709537
-0.0603283
-0.0773563
-0.0722786
-0.0647618
-0.0647618
-0.0622966
-0.0618095
-0.0644104
-0.0593639
-0.0635511
-0.0692316
-0.0659999
-0.0572465
-0.0604496
-0.0704448
-0.0535422
-0.0544211
-0.0545507
-0.0665012
-0.0545237
-0.0561373
-0.0585833
-0.0579763
-0.0579763
-0.0668587
-0.0621888
-0.0462585
-0.0589626
-0.0664018
-0.0560108
-0.0556318
-0.0647728
-0.0629235
-0.0557597
-0.0563888
-0.0513239
-0.0613079
-0.0613079
-0.0651414
-0.0541691
-0.0605775
-0.0484777
-0.051198
-0.0626743
-0.0626743
-0.0678668
-0.0492318
-0.0677387
-0.0492073
-0.0607973
-0.0607973
-0.0498362
-0.0640325
-0.0531652
-0.0531652
-0.0552519
-0.0665073
-0.0665073
-0.0608313
-0.0498341
-0.0531652
-0.0674879
-0.0511711
-0.0486225
-0.0418256
-0.0618142
-0.0606795
-0.0518248
-0.0526576
-0.0601997
-0.0601997
-0.0514486
-0.0428084
-0.0423028
-0.0564887
-0.0526834
-0.0539386
-0.0463872
-0.0562632
-0.0462585
-0.0527787
-0.0514493
-0.0588592
-0.0740322
-0.0424305
-0.0424305
-0.0554038
-0.0357997
-0.057001
-0.0487265
-0.0610791
-0.0481227
-0.0593639
-0.0557597
-0.046385
-0.0643811
-0.0639307
-0.070214
-0.0677387
-0.0616865
-0.0602214
-0.069355
-0.0653922
-0.0718273
-0.0740505
-0.06625
-0.0685966
-0.0623151
-0.053037
-0.053037
-0.066379
-0.0698443
-0.0603212
-0.0627953
-0.0578544
-0.0560135
-0.0560135
-0.0515751
-0.0392622
-0.0496094
-0.0476196
-0.0583555
-0.057707
-0.057707
-0.0573729
-0.0504435
-0.0372691
-0.0486012
-0.0474932
-0.0553811
-0.0553811
-0.0581044
-0.0448998
-0.0414717
-0.0414717
-0.0483924
-0.0431853
-0.0431853
-0.0519486
-0.0484995
-0.0486012
-0.0384823
-0.0472425
-0.0424305
-0.0424305
-0.0452997
-0.0498362
-0.0646429
-0.0461565
-0.0550279
-0.0560108
-0.0414717
-0.0521798
-0.0423284
-0.0423284
-0.048728
-0.053187
-0.0537927
-0.0537927
-0.0483759
-0.046385
-0.066379
-0.0471373
-0.0499613
-0.0452766
-0.0564887
-0.0454024
-0.0525577
-0.0599693
-0.0560108
-0.0546821
-0.0546821
-0.0621664
-0.0707186
-0.0556318
-0.0714467
-0.0610791
-0.0643811
-0.0643811
-0.0676167
-0.0700646
-0.0794775
-0.0649021
-0.0679943
-0.0652638
-0.0652638
-0.0604496
-0.0658696
-0.0658696
-0.0604496
-0.057624
-0.0567398
-0.0713235
-0.0710382
-0.0700925
-0.0698443
-0.0598626
-0.0619343
-0.0660235
-0.0683361
-0.0742806
-0.0666294
-0.0594643
-0.0782381
-0.0619041
-0.0619041
-0.0573729
-0.0705758
-0.0609527
-0.0691042
-0.0673584
-0.0560108
-0.0514209
-0.0535398
-0.0508212
-0.0497329
-0.0594643
-0.0572149
-0.0489794
-0.0586085
-0.0451506
-0.0429341
-0.06665
-0.0431853
-0.0359092
-0.0466648
-0.0466648
-0.0515751
-0.0523068
-0.0515738
-0.0658977
-0.0641551
-0.0651414
-0.0546741
-0.0502139
-0.0639039
-0.0707186
-0.0540443
-0.0689763
-0.0621664
-0.0566177
-0.0593409
-0.0592398
-0.0521798
-0.0607006
-0.0509443
-0.0735692
-0.0598103
-0.0624159
-0.0651414
-0.0800701
-0.0710732
-0.0605775
-0.0618142
-0.063425
-0.0471148
-0.0503142
-0.0534153
-0.0534153
-0.0579763
-0.0578544
-0.0578544
-0.0590843
-0.0571195
-0.0571195
-0.0599693
-0.0600705
-0.0492318
-0.0492318
-0.0599693
-0.0707186
-0.0597183
-0.0644074
-0.0503435
-0.053187
-0.0561373
-0.0604496
-0.0604496
-0.059111
-0.0715527
-0.0626665
-0.0671342
-0.0580004
-0.0602214
-0.0602214
-0.0590843
-0.0462585
-0.0709537
-0.0607006
-0.0550278
-0.0536666
-0.0536666
-0.0730412
-0.0669772
-0.0669772
-0.0672283
-0.0716704
-0.0570187
-0.0581044
-0.0623151
-0.0569919
-0.0624415
-0.0642831
-0.0704651
-0.0671342
-0.0553811
-0.0606657
-0.0579763
-0.0579763
-0.0348221
-0.06552
-0.0547752
-0.0519587
-0.0452764
-0.0405933
-0.0405933
-0.0579763
-0.0383813
-0.0383813
-0.0376451
-0.0414498
-0.0474932
-0.0474932
-0.0481227
-0.0413232
-0.0344478
-0.0461643
-0.02078
-0.0360366
-0.041219
-0.0521798
-0.0313563
-0.037393
-0.0438067
-0.0233532
-0.0386305
-0.0386305
-0.0488542
-0.0473696
-0.0437894
-0.0430603
-0.0525384
-0.0525384
-0.0537928
-0.0435673
-0.0514486
-0.0514313
-0.0414498
-0.0492298
-0.0650122
-0.0534153
-0.0558869
-0.046532
-0.046532
-0.0402139
-0.0454212
-0.0454212
-0.0478706
-0.0550279
-0.0579763
-0.0540443
-0.0546511
-0.0557786
-0.0557786
-0.0442939
-0.0407186
-0.0407186
-0.0605729
-0.0616865
-0.0586085
-0.0518248
-0.0587348
-0.0391069
-0.061437
-0.049118
-0.0469864
-0.054648
-0.0597167
-0.0423284
-0.0498362
-0.0407186
-0.0323614
-0.0439162
-0.0553743
-0.0486012
-0.0546511
-0.0467616
-0.0467616
-0.0509443
-0.0651414
-0.0534153
-0.0487531
-0.0571195
-0.0639039
-0.0535422
-0.046385
-0.0602214
-0.0402396
-0.0381525
-0.0572465
-0.0367887
-0.0526834
-0.0441685
-0.041349
-0.0517002
-0.0459039
-0.0329726
-0.0558586
-0.0440579
-0.0706937
-0.0316096
-0.0316096
-0.0479978
-0.040749
-0.048728
-0.0310105
-0.0432117
-0.0439183
-0.0492073
-0.0412258
-0.0564887
-0.0366667
-0.0471373
-0.0460074
-0.0556801
-0.0417003
-0.0556553
-0.0470134
-0.032841
-0.0417254
-0.0537927
-0.0550279
-0.0420801
-0.0454024
-0.0419519
-0.0568681
-0.0396103
-0.0427131
-0.0410956
-0.0410956
-0.0535422
-0.0627953
-0.0520521
-0.0404938
-0.0404938
-0.0396103
-0.0502139
-0.0508212
-0.0323761
-0.0448002
-0.046385
-0.0462791
-0.0435612
-0.044168
-0.0425575
-0.0547778
-0.0462791
-0.0439162
-0.0439162
-0.0391071
-0.0595895
-0.0553811
-0.059111
-0.0711717
-0.0575961
-0.0482517
-0.06625
-0.0491049
-0.0489581
-0.0455421
-0.0536666
-0.0536666
-0.0542933
-0.0428355
-0.0472385
-0.0499613
-0.0478706
-0.0586085
-0.0695852
-0.0695852
-0.0465106
-0.0540443
-0.0464012
-0.0606795
-0.0536666
-0.0375219
-0.0506933
-0.0321195
-0.0476186
-0.0489794
-0.0581893
-0.0494808
-0.0435673
-0.0523298
-0.0547968
-0.0345808
-0.0460332
-0.056263
-0.0418468
-0.0474917
-0.0502402
-0.0502402
-0.0556318
-0.053187
-0.040847
-0.0568681
-0.0636537
-0.0500879
-0.0496402
-0.0448002
-0.0518008
-0.0477449
-0.0525577
-0.0503393
-0.0503393
-0.0502139
-0.0488532
-0.0488532
-0.0595916
-0.0402396
-0.0402396
-0.049986
-0.0556608
-0.0481002
-0.0503407
-0.0534153
-0.0554038
-0.049581
-0.0521798
-0.0510715
-0.0482471
-0.0400866
-0.0493606
-0.0356591
-0.0356591
-0.0379996
-0.0355573
-0.0494853
-0.0477449
-0.0434376
-0.0436909
-0.0502139
-0.0462875
-0.0546511
-0.0510715
-0.0418267
-0.0358116
-0.0571195
-0.0503407
-0.0448966
-0.0461854
-0.0498633
-0.0555313
-0.0451506
-0.0545507
-0.0545507
-0.0456525
-0.0343261
-0.0497089
-0.0467616
-0.0385062
-0.0385062
-0.0663632
-0.0521798
-0.0618061
-0.0384228
-0.0359119
-0.0554038
-0.0554038
-0.0578475
-0.0458853
-0.0592194
-0.0476427
-0.0441685
-0.0498362
-0.0349568
-0.0327179
-0.0435673
-0.041219
-0.0471148
-0.050688
-0.0463842
-0.0403888
-0.050843
-0.0461313
-0.0589626
-0.0464101
-0.0393938
-0.0387542
-0.0387542
-0.0466648
-0.0442939
-0.0469864
-0.0523044
-0.0430603
-0.0460074
-0.0481227
-0.0401168
-0.0444188
-0.0419803
-0.046889
-0.0356789
-0.036067
-0.0493289
-0.0531597
-0.0459039
-0.040847
-0.0361658
-0.0542969
-0.0545237
-0.0575961
-0.0454024
-0.0445465
-0.0551538
-0.0496094
-0.0487531
-0.0635511
-0.0486302
-0.0559079
-0.0432117
-0.0491064
-0.0455675
-0.0458795
-0.0458795
-0.046385
-0.0372477
-0.042555
-0.0361871
-0.0502148
-0.0502148
-0.0430592
-0.0520768
-0.0585162
-0.0585162
-0.0358116
-0.0387611
-0.0387611
-0.0478722
-0.0440423
-0.0518285
-0.0627953
-0.0470134
-0.0433132
-0.0514486
-0.0483708
-0.0514493
-0.0514493
-0.0459039
-0.0459039
-0.029185
-0.0484995
-0.0428084
-0.0327359
-0.0392622
-0.0574983
-0.0430603
-0.0584823
-0.0527175
-0.06552
-0.0561366
-0.0438139
-0.0563888
-0.046889
-0.0486012
-0.0525577
-0.0511963
-0.056359
-0.0578544
-0.0439162
-0.0529378
-0.0529378
-0.0478706
-0.0594944
-0.0514493
-0.0557559
-0.0472663
-0.0661492
-0.0535398
-0.0599703
-0.0546741
-0.0451506
-0.0536666
-0.0536666
-0.0539188
-0.0551556
-0.0619371
-0.0619371
-0.0486225
-0.0467616
-0.0444432
-0.0560108
-0.035533
-0.04218
-0.0537927
-0.0392339
-0.0490697
-0.0490697
-0.0456553
-0.0431927
-0.0371446
-0.0436843
-0.0547778
-0.0375219
-0.0375219
-0.0457799
-0.0413208
-0.0413208
-0.0514486
-0.0372691
-0.0388548
-0.0476186
-0.0556553
-0.0438139
-0.0541691
-0.0493289
-0.0403406
-0.0392622
-0.0403618
-0.0350765
-0.0339495
-0.0399865
-0.0412258
-0.0403717
-0.0484737
-0.0410956
-0.041219
-0.0535633
-0.0343261
-0.0469864
-0.0479978
-0.0435673
-0.0358116
-0.0414809
-0.054648
-0.0512191
-0.0588608
-0.0500879
-0.0535398
-0.0577512
-0.0485284
-0.0485284
-0.0444188
-0.0674879
-0.0476427
-0.0412447
-0.0449236
-0.0407218
-0.0407218
-0.0466364
-0.0382736
-0.0509732
-0.0456553
-0.0386305
-0.0373981
-0.0541691
-0.0418267
-0.0482517
-0.0482517
-0.0338199
-0.0456525
-0.0433132
-0.0433132
-0.046385
-0.0617094
-0.0461643
-0.0452764
-0.0452764
-0.0467616
-0.0467616
-0.0416035
-0.0375219
-0.0585066
-0.0585066
-0.0414717
-0.0419519
-0.0419519
-0.0466364
-0.0303784
-0.0440423
-0.0481227
-0.0454024
-0.0430603
-0.033319
-0.0414479
-0.0388772
-0.0481227
-0.0543019
-0.0543019
-0.0514493
-0.0532878
-0.0334712
-0.0509663
-0.0318641
-0.0318641
-0.0348042
-0.0209218
-0.0349284
-0.0293926
-0.0327179
-0.0327179
-0.0315062
-0.0390076
-0.0484995
-0.0484995
-0.039863
-0.039863
-0.0367994
-0.041349
-0.041349
-0.0444217
-0.049581
-0.0546741
-0.0482471
-0.0430906
-0.0430603
-0.0517002
-0.0365616
-0.03913
-0.0277856
-0.0343002
-0.0391589
-0.0391589
-0.0291473
-0.0362898
-0.0385062
-0.033319
-0.0447942
-0.0390076
-0.0446707
-0.053187
-0.0480931
-0.0583555
-0.0507191
-0.0528097
-0.0489794
-0.0462875
-0.0374337
-0.051351
-0.0481227
-0.0481227
-0.0493606
-0.0619343
-0.0417009
-0.0417009
-0.0632739
-0.0549019
-0.0399934
-0.0511053
-0.0543957
-0.0515942
-0.0421009
-0.0484737
-0.0291473
-0.0535398
-0.0425814
-0.0451498
-0.0423345
-0.0351812
-0.0436909
-0.0589862
-0.0449236
-0.0375219
-0.0464101
-0.0441892
-0.0498557
-0.0558837
-0.0323397
-0.0448002
-0.0459093
-0.0461643
-0.0378107
-0.0485066
-0.0494853
-0.0349336
-0.0455541
-0.0403717
-0.0568637
-0.0544266
-0.0487626
-0.0487531
-0.0476186
-0.0394854
-0.0541722
-0.0564887
-0.0476186
-0.0498633
-0.0498633
-0.0515751
-0.0434672
-0.0567398
-0.0567398
-0.0563888
-0.0563906
-0.0563906
-0.0614566
-0.0600705
-0.0634246
-0.0634246
-0.0545237
-0.0567398
-0.0651414
-0.0604445
-0.0394887
-0.0612404
-0.0612404
-0.0488532
-0.0485066
-0.056039
-0.0551538
-0.0666294
-0.0707172
-0.0328594
-0.0366884
-0.0328707
-0.0483997
-0.0406565
-0.0466303
-0.0335174
-0.0335174
-0.03332
-0.0227443
-0.0293695
-0.0308225
-0.0240322
-0.0312774
-0.0174172
-0.0156854
-0.0160137
-0.0227856
-0.0207777
-0.0205044
-0.0205044
-0.0109022
-0.00734608
-0.00734608
-0.0185627
-0.0163469
-0.0263672
-0.0231942
-0.0174172
-0.0167201
-0.0167201
-0.0191763
-0.0222192
-0.00810403
-0.0172362
-0.00641247
-0.0234822
-0.0161808
-0.027056
-0.022657
-0.0246782
-0.0236199
-0.0284168
-0.0184281
-0.0393013
-0.0139934
-0.0291234
-0.0246782
-0.0369222
-0.0304925
-0.0292536
-0.0126547
-0.0196169
-0.0329966
-0.0210198
-0.0267891
-0.0255137
-0.0255137
-0.0329575
-0.0341902
-0.0341902
-0.0125346
-0.0153914
-0.0171583
-0.0116622
-0.00194706
-0.0153914
-0.0141616
-0.0141616
-0.0212866
-0.027493
-0.027493
-0.00879234
-0.0150328
-0.0150328
-0.0263493
-0.0197426
-0.0234909
-0.0295197
-0.0260927
-0.0260927
-0.0189537
-0.0252907
-0.0238877
-0.0115626
-0.0237927
-0.03089
-0.03089
-0.00604559
-0.019094
-0.0150967
-0.0224896
-0.0176997
-0.0124951
-0.0124951
-0.00810403
-0.0224896
-0.0160553
-0.0340176
-0.0215324
-0.0209899
-0.0209899
-0.0221733
0.0102975
0.0102975
-0.0132839
-0.00279807
-0.0264473
-0.0264473
-0.0150967
-0.017864
-0.0277209
-0.0235936
-0.0205517
-0.0156403
-0.0230533
-0.01414
-0.00675211
-0.00675211
-0.0192
-0.0155323
-0.0122426
-0.0216961
-0.020196
-0.0326594
-0.0271567
-0.0234679
-0.0218614
-0.0218614
-0.00770831
-0.0314634
-0.0262337
-0.0126401
-0.0200673
-0.0244264
-0.0164933
-0.0242995
-0.033225
-0.0337631
-0.0152755
-0.0156598
-0.0245927
-0.0135978
-0.00742168
-0.00375421
-0.0237594
-0.00837553
-0.0158025
-0.0151344
-0.023231
-0.0138684
-0.0103442
-0.0103442
-0.0123692
0.00366458
-0.019094
-0.0236305
-0.0144127
-0.0193924
-0.0193924
-0.0125143
-0.0117155
-0.0186964
-0.0149711
-0.025295
-0.0211353
-0.0315945
-0.025801
-0.0329298
-0.0329298
-0.0189281
-0.0247322
-0.0207371
-0.0267958
-0.029787
-0.0207371
-0.0291294
-0.0144304
-0.0286959
-0.0244626
-0.0329652
-0.0254326
-0.0288611
-0.0288611
-0.0206298
-0.0456099
-0.0456099
-0.0237947
-0.0259536
-0.0220933
-0.0220933
-0.0272278
-0.0310628
-0.0310628
-0.0145733
-0.028297
-0.028297
-0.0364019
-0.0296945
-0.0251184
-0.0464463
-0.0464463
-0.0280665
-0.0280665
-0.0345514
-0.0341413
-0.0316314
-0.0418223
-0.0468949
-0.0508114
-0.0389834
-0.0393724
-0.0341792
-0.0377539
-0.0197426
-0.0376241
-0.0200112
-0.0115374
-0.0115374
0.0100399
0.00428878
-0.00282751
0.00266151
-0.0022945
0.000313284
0.00143563
0.00143563
0.000184492
0.00048388
-0.0093788
-0.0139162
0.000457272
-0.0121154
-0.00802781
-0.0144388
-0.00679881
-0.0108866
-0.0195369
-0.00582311
-0.0148648
-0.0148648
-0.0138894
-0.00744986
-0.0281768
-0.015266
-0.0093788
-0.0135137
-0.0103568
-0.0122607
-0.0122607
-0.0019928
-0.0191233
-0.00389908
-0.0158438
-0.00870566
-0.00417211
-0.00417211
-0.00787627
-0.01063
-0.00227133
-0.00227133
0.00333714
0.00293653
0.00293653
-0.00870291
-0.00401834
-0.00579787
-0.0133358
-0.00952976
-0.00952976
-0.0175966
-0.00827671
-0.00584394
-0.00201372
-0.00554764
-0.000914719
0.00048388
-0.0099541
-0.00472761
-0.00472761
0.00238542
-0.0210388
-0.0199502
-0.00552488
-0.0134893
-0.0104807
-0.0104807
-0.00885498
-0.0103314
-0.000617128
-0.00309371
-0.00432061
-0.0175966
-0.0175966
-0.00870291
-0.0093788
0.0060648
-0.0118793
0.00266151
-0.0129594
-0.0129594
-0.0111594
-0.010781
-0.0122326
-0.00159133
0.00293653
-0.000189257
0.00456384
-0.0118591
-0.0122607
-0.00459942
0.00934205
0.00296511
-0.00922939
0.00758923
-0.0237719
-0.00993109
-0.00993109
-0.0184464
-0.0093788
-0.00334455
-0.00214284
-0.00927899
-0.00704985
-0.00704985
0.00113799
-0.010781
0.0024936
0.00661464
0.00661464
0.000328397
-0.00349941
-0.0108866
-0.00283878
-0.0019928
-0.0174769
-0.00870291
-0.00389908
-0.00389908
-0.0221505
0.00143563
0.00143563
-0.0125446
0.00336332
-0.0111594
-0.015266
-0.0263765
-0.0158438
-0.0158438
-0.0102053
-0.00857534
-0.00254439
-0.00254439
-0.00844714
0.00211033
-0.00664887
-0.00664887
-0.00720087
-0.00664887
-0.00704985
-0.0122607
0.00798934
-0.00610048
-0.00610048
0.00401265
0.0052631
-0.00361938
-0.00361938
0.00856561
-0.00064162
0.016766
0.0071901
0.0071901
-0.00429777
-0.01173
0.00963968
0.00826242
0.00826242
0.00428878
-0.00104336
0.00103619
-0.00104336
-0.00993109
-0.00241661
-0.00241661
-0.00567307
0.00373874
0.000334572
-0.00637414
0.00183605
0.00183605
0.00908912
-0.00374315
0.0118146
0.0118146
0.0060648
-0.00144412
-0.00925693
-0.00637414
-0.00679881
-0.00214284
0.00538872
-0.00241661
-0.00241661
-0.00542158
-0.00704985
-0.0107586
0.00333714
-0.000617128
-0.000617128
-0.000617128
-0.0120046
-0.0120046
-0.01063
-0.00417211
0.00223746
0.00183605
-0.00159133
-0.00952976
-0.00211806
-0.0122607
-0.00597253
-0.00597253
0.00266151
-0.0039189
-0.0039189
-0.0039189
-0.00514646
-0.00514646
-0.00514646
-0.00349499
0.00386735
-0.0117155
-0.0113067
-0.0176195
-0.000619469
-0.000619469
-0.0100786
-0.00857534
-0.0170747
-0.00556993
-0.00281852
-0.00800203
-0.00760194
-0.00638533
-0.00169009
-0.0100786
0.00156071
-0.00940101
-0.0099541
-0.0225656
