-0.0102054
-0.00669112
-0.00114258
0.00615346
-0.000122482
-0.00233812
0.00477177
-0.0107526
-0.0107526
-0.00324938
-0.0118488
-0.00429791
-0.018994
-0.0166929
-0.00882058
-0.0047428
-0.00593213
-0.00408734
-0.00187016
-0.00984743
-0.00270796
-0.0115893
-0.00603845
-0.00760413
-0.00854116
-0.00854116
-0.00354833
-0.00354833
-0.00964827
-0.0118488
-0.0112189
-0.0176892
-0.0124285
-0.00242098
0.00266314
0.00911729
-0.00676685
0.0033148
-0.004734
-0.00549427
-0.0182604
0.00292379
0.00015132
0.00135894
0.00701172
-0.0082512
-0.00223257
-0.00205136
-0.00205136
-0.0089023
-0.0137002
-0.00677855
0.00625178
0.00534346
-0.0017875
-0.0017875
-0.0158495
-0.0124285
-0.0124285
-0.0041871
-0.00509953
-0.000387295
-0.000387295
0.0051608
-0.00383108
-0.00585389
-0.006114
-0.006114
-0.00262177
-0.00371984
-0.00835532
-0.00938121
-0.00938121
-0.0081467
0.00443862
-0.00706287
-0.00706287
-0.00596004
-0.00223257
-0.00343218
-0.00212274
-0.00168692
-0.000203923
-0.00270207
-0.00270207
-0.00742
-0.00603845
0.00182842
0.00182842
-0.0112318
-0.0112318
-0.00335308
-0.00621869
-0.0102054
-0.00307744
-0.00694987
-0.00418871
-0.00538608
-0.00538608
-0.00538608
-0.00158111
-0.00205358
-0.00354833
-0.00354833
-0.00509996
-0.0075309
-0.00585389
-0.0068769
-0.004734
-0.004734
-0.0076745
-0.00415421
-0.00715743
-0.0118861
-0.00187016
-0.00585389
0.00146594
-0.00150386
-0.0047428
-0.00938121
-0.00343218
-0.000852889
0.000424784
0.000424784
-0.011034
-0.0101094
-0.00521263
-0.00816967
-0.0105777
-0.00299183
-0.00299183
-0.00528061
-0.00686872
-0.00686872
-0.00956845
-0.00956845
0.0034946
0.000408122
-0.0124285
-0.00575045
-0.00324938
-0.0194806
-0.00270207
-0.00147292
-0.00501921
0.00589035
-0.00270796
-0.00501921
-0.00650551
-0.0063191
-0.00176147
-0.00176147
-0.00694994
-0.00122728
-0.00844396
-0.00919415
0.00451177
-0.0146386
-0.00390077
-0.00158111
-0.00770366
-0.0090863
-0.00295908
0.00414563
0.00414563
-0.000306153
-0.00194201
-0.00658395
-0.00168692
-0.00455792
-0.00640813
-0.00640813
-0.000927221
-0.00629605
-0.00629605
-0.00955296
-0.0120557
-0.0179042
-0.00640122
-0.00223719
-0.00353637
-0.000858277
-0.000858277
-0.00408734
-0.00408734
-0.0171425
-0.0200079
-0.0200079
-0.0200079
-0.0126868
-0.00520255
-0.0028067
-0.00566951
0.00295323
-0.000674051
-9.21857e-05
0.000521561
0.0041486
0.0041486
-0.0028067
-0.00335308
-0.0062232
-0.0063201
-0.0136192
-0.00187016
-0.00585389
-0.00215513
-0.00049001
-0.0142694
0.000268245
0.00552594
-0.00151292
-0.00151292
-0.00353637
-0.00353637
0.00451177
-0.00483606
-0.0063201
-0.0142796
0.000632285
-0.00723606
-0.0139864
-0.0012171
-0.00520255
0.00498294
-0.00074569
0.00708331
-0.000504627
0.00284468
-0.00215513
0.00523921
-0.00575368
-0.00947311
-0.00575368
-0.006114
-0.0115856
-0.0117747
-0.00778845
-0.0141702
-0.0141702
-0.00113831
-0.0114193
-0.0114193
-0.0111951
-0.00677855
-0.0143521
-0.016305
-0.00807344
-0.00934395
-0.00796441
-0.0156632
-0.0117747
-0.00640813
-0.0075309
-0.0075309
-0.00241397
-0.00132766
-0.00325032
0.00205193
-0.00455152
-0.0025235
-0.00538608
-0.0012382
-0.00509953
-0.0070523
-0.00216786
0.0033148
-0.0112318
0.00469307
-0.00205136
-0.00335308
0.00229704
-0.00556979
-0.00751905
-0.00188824
-0.004734
-0.00694994
-0.0153687
-0.00317714
-0.0012171
-0.00270207
0.00357422
-0.00335308
-0.00832917
-0.000122482
-0.00677855
-0.00919415
-0.00447079
-0.00049001
-0.00872718
0.00856972
0.000448184
-0.000674051
-0.00504859
-0.000957685
-0.000957685
0.00617887
0.000632285
0.000632285
-0.00270207
0.000336533
-0.00807344
-0.004734
0.00451177
0.00433027
0.00433027
0.00248141
-0.00694994
-0.00335308
-0.00233923
-0.00734407
-0.00353637
-0.00353637
-0.000387295
-0.00233923
-0.0070523
-0.00418871
-0.0062232
-0.00491667
0.00193745
0.00421921
-0.00491667
-0.0109368
-0.0127077
-0.00528257
-0.0090863
-0.0090863
-0.00509953
-0.00982413
-0.00751905
-0.0126031
-0.0126031
-0.00176147
-0.00778845
-0.00760413
-0.00992395
-0.00564245
-0.0193566
-0.00854116
-0.006114
-0.0114906
-0.0165054
0.00091938
-0.00919415
-0.0107642
-0.0107642
-0.0101014
-0.00992395
-0.00343073
-0.00343073
-0.0111212
-0.0156537
-0.00742
-0.011404
-0.00371984
-0.0033278
-0.00640122
-0.0124285
-0.00437322
-0.00433613
-0.00176481
-0.00760413
0.001726
-0.00270796
-0.00771791
-0.00771791
-0.00605459
-0.004734
-0.0151054
-0.00891338
0.00433027
-0.000852889
0.00451177
0.00451177
0.00451177
0.00081425
-0.0101094
-0.0101094
-0.015944
0.00277217
0.000922608
0.00284031
0.00284031
-0.00538608
-0.00418871
-0.00418871
-9.21857e-05
-0.00492786
0.000162267
-0.00671092
0.0021174
0.00505606
0.00505606
0.00117514
-0.00992395
-0.0082512
-0.0012171
-0.00426385
-0.00480986
-0.00851183
0.00628974
0.00219377
-0.00694994
-0.000203923
-0.00945484
-0.00353637
5.35733e-05
-2.14135e-05
-2.14135e-05
-0.00390077
-0.00361517
-0.00259555
-0.00259555
-0.00299183
-0.00676685
-0.00223257
0.00773825
-0.00528257
-0.00528257
-0.011034
-0.0112318
-0.00074569
0.0041486
-0.0075309
-0.00179544
-0.00742
-0.0148235
-0.00270207
-0.00390077
-0.00854116
-0.00640813
-0.00945484
-0.00796441
-0.00132766
-0.0010349
-0.00686872
-0.000858277
-0.00963275
-0.0139864
-0.0107642
-0.00723606
-0.0172204
-0.00832987
-0.00749307
-0.011666
-0.011666
-0.00880062
-0.00288432
0.0011039
-0.0025235
-0.00198156
-0.0138116
-0.0138116
-0.00872718
-0.00259555
0.000345085
-0.0039035
-0.000772975
-0.000772975
-0.00778231
-0.00168692
0.0033117
-0.00694987
0.00708713
-0.00484134
-0.0012171
-0.00049001
-0.00049001
0.00182842
0.00277217
-0.00945059
-0.00945059
-0.00564245
-0.0081467
-0.0109368
-0.00390077
0.00081425
-0.00898414
-0.00585417
-0.00585417
-0.00408222
-0.00408222
-0.00353637
-0.00353637
0.000996029
0.000996029
0.000996029
0.00451177
-0.00509953
-0.00760039
0.00505606
-0.00799733
-0.000571856
-0.0101805
0.00487272
-0.00307744
-0.00593776
-0.00593213
-0.0103915
-0.00778845
0.000162267
0.00313411
0.00313411
0.00313411
0.000632285
-0.004734
0.00284468
-0.000929943
-0.0114193
-0.00760039
-0.001321
0.00443862
0.00135894
-0.00694994
-0.0138834
-0.0138834
-0.00982413
-0.00629965
-0.00694987
-0.00778231
-0.00371984
-0.00509953
-0.00509953
-0.0144665
0.000632285
-0.0146076
-0.011666
-0.00778231
-0.00778231
-0.0140668
-0.0117747
-0.00963939
-0.00887121
-0.00605459
-0.00575045
-0.00575045
-0.0133421
-0.00146846
-0.0168603
-0.0010349
-0.0101014
-0.00390077
-0.0131571
-0.0194597
-0.0089023
-0.00582365
-0.0025235
-0.0025235
-0.00049001
-0.001321
0.00636631
0.0635994
0.0635994
0.0280064
0.0426205
0.0349872
0.058296
0.0403606
0.0402121
0.0867823
0.151191
0.226096
0.290505
0.453089
0.512441
0.512441
0.599935
0.672534
0.734055
0.770597
0.861983
0.922166
0.965688
1.04194
1.10603
1.15702
1.25218
1.33123
1.45783
1.51522
1.56009
1.65732
1.71765
1.71765
1.71765
1.91025
1.97952
2.06126
2.0189
1.89504
1.89504
1.81946
1.76842
1.67784
1.62788
1.67126
1.67126
1.67416
1.66859
1.65343
1.65298
1.65298
1.57492
1.52978
1.52213
1.60163
1.58834
1.58346
1.4738
1.48492
1.48492
1.5178
1.54313
1.49666
1.49666
1.50103
1.53847
1.53847
1.51103
1.50199
1.49722
1.51505
1.53132
1.5409
1.5409
1.50418
1.50112
1.5294
1.53247
1.51805
1.51805
1.50453
1.52169
1.51837
1.51861
1.50698
1.5096
1.5096
1.51547
1.50917
1.50917
1.50802
1.49241
1.49912
1.49912
1.50245
1.49519
1.49519
1.4915
1.50603
1.50257
1.49815
1.49347
1.49532
1.49527
1.49146
1.49146
1.49866
1.50155
1.49998
1.49998
1.49419
1.4925
1.49815
1.49815
1.49359
1.48739
1.50742
1.50742
1.49975
1.49975
1.48578
1.49154
1.49429
1.49429
1.49387
1.49146
1.48698
1.4783
1.49169
1.48647
1.48647
1.49019
1.53358
1.50746
1.54391
1.53436
1.54496
1.53677
1.50439
1.52268
1.53103
1.55154
1.52899
1.52309
1.50041
1.52209
1.52209
1.51614
1.52631
1.50257
1.50582
1.50645
1.52755
1.50797
1.50133
1.50133
1.51329
1.5227
1.52655
1.5213
1.50034
1.50833
1.51657
1.52231
1.51258
1.51258
1.51142
1.50113
1.50962
1.50909
1.5153
1.50847
1.50594
1.50594
1.50771
1.50955
1.50967
1.49937
1.50058
1.50058
1.51207
1.50845
1.54994
1.54287
1.49678
1.52515
1.52515
1.53163
1.52515
1.52141
1.52354
1.50372
1.49751
1.52285
1.51688
1.51412
1.49932
1.51293
1.51495
1.51495
1.50642
1.49856
1.51278
1.51732
1.51043
1.51043
1.49891
1.49693
1.5007
1.50674
1.50674
1.50426
1.50831
1.49358
1.50459
1.49788
1.49856
1.50001
1.50001
1.5085
1.50144
1.51445
1.51031
1.50987
1.4979
1.4979
1.4979
1.51203
1.50678
1.50568
1.50685
1.51
1.56262
1.64509
1.70545
1.73232
1.80591
1.84713
1.84713
1.87746
1.93768
1.9357
1.90485
1.91506
1.92912
1.92912
1.93397
1.93845
1.95051
1.94811
1.96008
1.96008
1.96866
1.9432
1.93785
1.92723
1.92631
1.92369
1.92369
1.93087
1.91208
1.91208
1.90902
1.90902
1.90723
1.91572
1.9136
1.90856
1.907
1.907
1.91415
1.90376
1.91779
1.91248
1.90866
1.9097
1.90354
1.91074
1.91492
1.91214
1.90621
1.89855
1.91205
1.91205
1.91422
1.90753
1.91205
1.89786
1.90395
1.90284
1.90109
1.90552
1.90317
1.90179
1.90856
1.90386
1.90081
1.90081
1.90022
1.90592
1.90768
1.91256
1.91081
1.90258
1.90258
1.90454
1.90376
1.9014
1.9014
1.89768
1.88738
1.90191
1.90191
1.90512
1.90512
1.89532
1.90288
1.90455
1.9012
1.90756
1.90514
1.90736
1.8907
1.90324
1.91015
1.90562
1.90492
1.90218
1.90177
1.9002
1.9002
1.90046
1.89774
1.90421
1.90301
1.90635
1.90028
1.90028
1.90144
1.89342
1.89232
1.89176
1.90421
1.90421
1.8894
1.89422
1.89974
1.90157
1.90413
1.888
1.888
1.89694
1.89673
1.89673
1.89908
1.89974
1.89974
1.89724
1.89301
1.90311
1.90054
1.89426
1.89387
1.89387
1.90761
1.90358
1.89671
1.88467
1.89123
1.89908
1.89908
1.89165
1.89019
1.89266
1.89503
1.89852
1.89852
1.88986
1.89684
1.88782
1.88558
1.88707
1.88707
1.88707
1.88701
1.86713
1.85885
1.84464
1.83101
1.83101
1.82115
1.81503
1.80019
1.79778
1.76668
1.75887
1.75887
1.76487
1.74852
1.74312
1.73886
1.74032
1.75313
1.74316
1.73542
1.73841
1.74469
1.74143
1.73539
1.73539
1.73539
1.72909
1.72982
1.73181
1.73144
1.73144
1.69698
1.67984
1.67013
1.66612
1.66641
1.67174
1.67174
1.66723
1.66213
1.64776
1.65177
1.6459
1.65392
1.65202
1.64802
1.64802
1.63942
1.63937
1.63568
1.63568
1.62567
1.62425
1.62425
1.62806
1.61973
1.6187
1.61677
1.61608
1.60882
1.62017
1.62271
1.60383
1.618
1.6088
1.60493
1.60019
1.60364
1.59684
1.59115
1.59361
1.58518
1.60754
1.57831
1.58341
1.55705
1.58421
1.58421
1.58421
1.57838
1.57715
1.56882
1.58339
1.58339
1.58236
1.53318
1.57211
1.5848
1.53703
1.55409
1.56657
1.57055
1.53927
1.55259
1.56892
1.53723
1.55421
1.52585
1.53875
1.56053
1.54093
1.54093
1.54634
1.55033
1.55033
1.5325
1.51754
1.52262
1.53325
1.53966
1.53842
1.54142
1.55234
1.54069
1.51726
1.51945
1.546
1.546
1.50091
1.52931
1.51332
1.49738
1.47978
1.50631
1.51945
1.49399
1.50427
1.49462
1.49462
1.48363
1.49817
1.49951
1.47704
1.47704
1.49273
1.50343
1.50879
1.47733
1.49206
1.48622
1.47807
1.4901
1.49544
1.49544
1.47456
1.48512
1.48762
1.47054
1.46904
1.46904
1.47592
1.4713
1.48693
1.48693
1.47894
1.47684
1.47684
1.49731
1.47833
1.47544
1.46851
1.47369
1.47851
1.46603
1.47163
1.4654
1.47013
1.45766
1.45766
1.45227
1.46617
1.47606
1.44024
1.45905
1.45626
1.45626
1.45343
1.43436
1.44609
1.44867
1.43979
1.43493
1.44524
1.44564
1.42958
1.44338
1.44624
1.44285
1.4494
1.44186
1.43854
1.45562
1.43982
1.43656
1.43162
1.43162
1.43739
1.43369
1.42736
1.42432
1.43891
1.43199
1.43199
1.4364
1.43606
1.41749
1.41405
1.42847
1.41897
1.41897
1.41648
1.43046
1.4303
1.41569
1.42444
1.42444
1.42446
1.41234
1.43007
1.43183
1.41724
1.41724
1.4205
1.42455
1.42216
1.42886
1.41703
1.41349
1.41349
1.40407
1.40971
1.41324
1.40407
1.40855
1.41157
1.41157
1.406
1.40913
1.41333
1.39557
1.40128
1.3955
1.39278
1.39621
1.39714
1.38892
1.39221
1.38949
1.38949
1.38778
1.38822
1.39792
1.39385
1.39728
1.39515
1.39515
1.39727
1.392
1.39371
1.38592
1.39206
1.3885
1.3885
1.38621
1.37739
1.37739
1.38028
1.37536
1.37536
1.37735
1.37584
1.37613
1.38114
1.38456
1.38077
1.38077
1.38708
1.37613
1.38114
1.38114
1.37294
1.36808
1.37454
1.37372
1.36871
1.36004
1.37032
1.36962
1.35496
1.37436
1.36918
1.36149
1.35757
1.36797
1.36017
1.36437
1.36017
1.36594
1.36594
1.36259
1.36259
1.35774
1.3511
1.35909
1.35922
1.34539
1.34171
1.34171
1.35305
1.35216
1.35554
1.34704
1.3504
1.36244
1.36244
1.35053
1.35092
1.35243
1.35202
1.35021
1.34209
1.33695
1.3422
1.3382
1.34357
1.33446
1.34306
1.33021
1.33784
1.34163
1.33676
1.33676
1.34322
1.34183
1.34183
1.32589
1.33682
1.33696
1.3348
1.33148
1.33111
1.33111
1.33084
1.33084
1.32632
1.32814
1.33256
1.32652
1.31424
1.33497
1.32481
1.33028
1.33028
1.32267
1.32267
1.32086
1.31518
1.31821
1.31167
1.31097
1.31529
1.31529
1.31165
1.32321
1.32526
1.30784
1.31309
1.33078
1.33078
1.30486
1.31371
1.3104
1.29928
1.3079
1.3079
1.30633
1.30814
1.31347
1.30733
1.3032
1.31052
1.31052
1.30316
1.30373
1.29815
1.31036
1.31036
1.30525
1.3157
1.3157
1.29916
1.2986
1.30176
1.30933
1.30933
1.30402
1.31262
1.30567
1.30482
1.30292
1.30406
1.30406
1.28717
1.29743
1.2976
1.2976
1.29808
1.29808
1.29445
1.29902
1.29628
1.297
1.30089
1.30078
1.30773
1.30071
1.30071
1.29184
1.29827
1.29621
1.29196
1.29196
1.29934
1.28629
1.2942
1.28609
1.28985
1.29131
1.28634
1.29884
1.28679
1.2823
1.28566
1.28294
1.28443
1.28623
1.28489
1.29545
1.29037
1.27757
1.27757
1.28607
1.28628
1.28426
1.29426
1.28217
1.28501
1.28501
1.28745
1.28045
1.28045
1.27794
1.27518
1.27518
1.28136
1.28583
1.28657
1.27138
1.28008
1.27964
1.27964
1.27773
1.27881
1.2796
1.27886
1.28176
1.28176
1.27294
1.28167
1.27485
1.26695
1.27311
1.28521
1.28521
1.275
1.27231
1.27027
1.27027
1.28001
1.28001
1.27753
1.28806
1.27311
1.27407
1.27643
1.28015
1.2721
1.27657
1.25879
1.26245
1.26658
1.27236
1.27133
1.26709
1.27486
1.27071
1.27062
1.27495
1.2755
1.26616
1.26402
1.26954
1.27224
1.26755
1.26755
1.25815
1.27334
1.25582
1.265
1.26835
1.26082
1.26629
1.27703
1.27703
1.26639
1.26258
1.27411
1.26844
1.25067
1.27105
1.28239
1.25937
1.25647
1.26199
1.2633
1.26272
1.26272
1.24677
1.27444
1.25283
1.2663
1.2699
1.25408
1.25292
1.25543
1.26405
1.25907
1.25907
1.25856
1.25856
1.26159
1.27362
1.24626
1.2619
1.25515
1.25615
1.25615
1.2535
1.25789
1.26051
1.25417
1.24531
1.24102
1.24102
1.24635
1.2535
1.25933
1.2535
1.23802
1.23802
1.2558
1.24251
1.24626
1.24868
1.23228
1.23228
1.23952
1.23186
1.24343
1.24393
1.24843
1.24558
1.24558
1.23494
1.23494
1.24726
1.24102
1.24894
1.24527
1.24527
1.24044
1.25458
1.23902
1.24393
1.24335
1.23553
1.23553
1.23569
1.24077
1.24211
1.24277
1.2436
1.2436
1.24019
1.23735
1.24976
1.23894
1.23186
1.24494
1.24494
1.23952
1.23069
1.23044
1.2422
1.26224
1.26224
1.23153
1.23753
1.23968
1.24143
1.23444
1.2446
1.24634
1.24634
1.24685
1.23852
1.23094
1.23727
1.24611
1.24611
1.23195
1.23902
1.22701
1.23344
1.23977
1.23137
1.22108
1.22204
1.22537
1.23018
1.22451
1.22704
1.22704
1.24051
1.2406
1.23018
1.23577
1.23676
1.23594
1.23594
1.23378
1.23528
1.24407
1.2361
1.22645
1.22645
1.23719
1.23334
1.23244
1.23711
1.23535
1.24053
1.24053
1.23782
1.23278
1.23319
1.22902
1.21775
1.23802
1.23802
1.23527
1.2287
1.23908
1.22035
1.22894
1.23611
1.23544
1.23697
1.23594
1.23594
1.23252
1.23252
1.23148
1.23384
1.23478
1.23235
1.23559
1.22966
1.22452
1.22778
1.23064
1.23141
1.23236
1.23151
1.23151
1.2305
1.22869
1.23623
1.22743
1.22716
1.23018
1.22557
1.22699
1.22307
1.22751
1.22836
1.23827
1.22935
1.22686
1.23641
1.24064
1.23377
1.23511
1.23511
1.23652
1.23076
1.22086
1.22409
1.23182
1.22341
1.22145
1.22953
1.23894
1.2379
1.23644
1.21826
1.22828
1.22569
1.22569
1.23669
1.23119
1.23341
1.22804
1.21897
1.23023
1.23023
1.22101
1.22101
1.22595
1.22277
1.22277
1.22792
1.22049
1.22756
1.22692
1.22199
1.22377
1.22808
1.21359
1.22211
1.21644
1.23045
1.22984
1.22044
1.22044
1.22309
1.22125
1.22407
1.22348
1.21032
1.21032
1.22044
1.21121
1.22335
1.21949
1.2247
1.21391
1.21403
1.22172
1.211
1.21057
1.21057
1.2117
1.22672
1.21974
1.20718
1.21003
1.21158
1.20841
1.21283
1.20794
1.20436
1.20145
1.20262
1.21153
1.2116
1.20989
1.20125
1.19303
1.20082
1.20616
1.21582
1.21163
1.21163
1.20839
1.20055
1.20881
1.2075
1.20885
1.21079
1.21079
1.20389
1.21629
1.21278
1.21215
1.20535
1.21163
1.20302
1.19897
1.20881
1.20881
1.21546
1.22589
1.21191
1.21144
1.20686
1.21281
1.21101
1.21039
1.20163
1.20163
1.21389
1.21096
1.21401
1.20993
1.20993
1.21166
1.21166
1.21232
1.19756
1.20062
1.1944
1.1944
1.1944
1.20111
1.19761
1.19423
1.19443
1.19643
1.1983
1.1983
1.19919
1.21542
1.20511
1.2006
1.20701
1.20318
1.19944
1.20312
1.20109
1.21144
1.20568
1.19597
1.20564
1.20564
1.2077
1.19581
1.19927
1.19299
1.20947
1.20947
1.196
1.20623
1.19607
1.1965
1.20387
1.21316
1.20836
1.21566
1.21003
1.19968
1.19591
1.20453
1.20627
1.19105
1.20213
1.20213
1.1886
1.20479
1.20597
1.20597
1.20597
1.20331
1.20652
1.2002
1.20541
1.20843
1.20355
1.20036
1.20587
1.18699
1.19427
1.2005
1.2005
1.20225
1.19715
1.20999
1.19876
1.20115
1.19817
1.19935
1.19764
1.19722
1.19095
1.19844
1.1985
1.2032
1.2032
1.19872
1.2078
1.19813
1.2038
1.20806
1.20806
1.18852
1.19532
1.20213
1.20276
1.19479
1.19652
1.18016
1.19591
1.19185
1.19256
1.19473
1.19627
1.18634
1.18634
1.1964
1.18683
1.19301
1.19073
1.19073
1.19266
1.19693
1.19026
1.19686
1.18918
1.18918
1.18918
1.20223
1.20223
1.19538
1.19538
1.19975
1.19401
1.19863
1.19361
1.20027
1.1982
1.1982
1.18934
1.19613
1.19948
1.19203
1.18977
1.19089
1.20171
1.19284
1.1887
1.1887
1.19128
1.19095
1.19095
1.18634
1.201
1.1915
1.18695
1.19026
1.18552
1.18552
1.18042
1.17606
1.17968
1.18405
1.18934
1.18934
1.168
1.17757
1.17513
1.18183
1.1841
1.18668
1.18615
1.18193
1.1859
1.18101
1.17979
1.18788
1.18788
1.189
1.19364
1.18399
1.18675
1.19706
1.18007
1.17681
1.1847
1.18373
1.196
1.18243
1.18686
1.19236
1.18528
1.1826
1.18368
1.18254
1.17887
1.17864
1.17864
1.18479
1.17287
1.17498
1.17454
1.18498
1.17459
1.18346
1.18243
1.17394
1.17266
1.18054
1.17459
1.17459
1.17222
1.17291
1.18086
1.18157
1.16934
1.16934
1.18156
1.17421
1.18475
1.18075
1.18522
1.18611
1.18611
1.18632
1.17287
1.16601
1.16601
1.16734
1.17768
1.1864
1.1864
1.17492
1.19812
1.16329
1.16779
1.19347
1.17681
1.17471
1.18098
1.18258
1.17103
1.17627
1.18319
1.17768
1.17259
1.16692
1.16443
1.17725
1.17459
1.17459
1.17184
1.17622
1.17206
1.18141
1.18453
1.17292
1.17784
1.17493
1.17795
1.18512
1.17135
1.17033
1.17033
1.1726
1.17811
1.17902
1.16718
1.16404
1.16108
1.16908
1.16908
1.16329
1.16329
1.16849
1.16719
1.16719
1.17129
1.17206
1.1734
1.16789
1.15995
1.16808
1.17573
1.17123
1.16898
1.17119
1.17967
1.17967
1.18211
1.17914
1.16541
1.16444
1.16433
1.16692
1.17892
1.16794
1.17405
1.16946
1.17622
1.1627
1.1627
1.17269
1.17222
1.17672
1.17595
1.16232
1.17065
1.17173
1.17173
1.16957
1.17388
1.17302
1.17302
1.16655
1.16979
1.16979
1.16157
1.16116
1.1686
1.16465
1.15576
1.15545
1.15248
1.16107
1.16112
1.17357
1.17297
1.16243
1.16779
1.15934
1.15983
1.15762
1.17298
1.16108
1.16108
1.16469
1.16908
1.16706
1.17113
1.16093
1.15654
1.15654
1.16409
1.157
1.16221
1.15599
1.16226
1.16162
1.17471
1.17065
1.16616
1.16093
1.17411
1.17055
1.16263
1.17513
1.16108
1.17243
1.18133
1.17325
1.16049
1.16049
1.16941
1.16605
1.15654
1.16449
1.15264
1.15875
1.15875
1.17541
1.17541
1.17287
1.15925
1.16023
1.15588
1.15588
1.16058
1.16054
1.16133
1.17406
1.16973
1.16973
1.16568
1.1683
1.1683
1.15713
1.17206
1.16567
1.16147
1.16147
1.15792
1.15548
1.16401
1.1536
1.16318
1.15236
1.15992
1.16256
1.1476
1.16271
1.16741
1.16741
1.16972
1.16751
1.16459
1.15596
1.16098
1.16524
1.16626
1.16426
1.17617
1.15486
1.16362
1.15665
1.15665
1.15456
1.15486
1.15376
1.15771
1.16476
1.16476
1.15199
1.15941
1.15729
1.15945
1.15677
1.15927
1.15927
1.16035
1.16058
1.15437
1.15268
1.16718
1.15767
1.16572
1.1661
1.166
1.16573
1.17276
1.16199
1.16199
1.15728
1.1464
1.15431
1.15495
1.16107
1.16766
1.16766
1.16044
1.15371
1.15371
1.16479
1.17092
1.17092
1.15891
1.16287
1.1604
1.15999
1.15658
1.15944
1.16447
1.15309
1.15464
1.1647
1.14845
1.15665
1.16442
1.16442
1.16058
1.1661
1.15817
1.16029
1.16096
1.16096
1.16251
1.15424
1.15344
1.15738
1.15188
1.15728
1.15728
1.15436
1.15436
1.16054
1.16202
1.16233
1.1536
1.1536
1.1582
1.15668
1.15925
1.16254
1.16547
1.15124
1.16649
1.15424
1.16199
1.16011
1.1559
1.159
1.159
1.15148
1.15716
1.16215
1.16739
1.15728
1.16749
1.17475
1.16177
1.14627
1.15976
1.17041
1.14205
1.15764
1.15764
1.15535
1.15875
1.16363
1.1538
1.1538
1.15312
1.15594
1.1576
1.14969
1.15329
1.15321
1.16638
1.16104
1.16334
1.16917
1.16423
1.15583
1.16216
1.16216
1.15243
1.16969
1.16878
1.16083
1.16263
1.15584
1.15744
1.1649
1.16231
1.16839
1.16998
1.16143
1.16015
1.15811
1.15164
1.15084
1.14797
1.16801
1.16087
1.15093
1.17015
1.15583
1.1641
1.16723
1.16123
1.1621
1.16108
1.16015
1.16087
1.15656
1.16183
1.16922
1.16417
1.16727
1.16194
1.16351
1.16462
1.15174
1.15174
1.17015
1.14598
1.16154
1.16149
1.15969
1.15135
1.15135
1.16607
1.15195
1.14764
1.14764
1.15545
1.15277
1.15277
1.1496
1.15804
1.15381
1.15201
1.15656
1.15656
1.14908
1.13923
1.15916
1.14973
1.15879
1.15145
1.15145
1.15145
1.14636
1.15636
1.14957
1.15588
1.15333
1.13841
1.13692
1.14196
1.14573
1.14352
1.14873
1.15768
1.1458
1.15416
1.15005
1.15696
1.15296
1.15855
1.15855
1.14797
1.15261
1.15661
1.1518
1.14573
1.15031
1.15031
1.15201
1.14293
1.14508
1.15707
1.13781
1.14529
1.14529
1.15744
1.14737
1.14841
1.14649
1.15136
1.15136
1.14437
1.14913
1.15201
1.15755
1.15576
1.14113
1.14113
1.15128
1.13668
1.14437
1.14809
1.1446
1.15532
1.15532
1.14229
1.14229
1.14469
1.13924
1.15013
1.15013
1.1387
1.14545
1.15113
1.15113
1.14252
1.14643
1.14197
1.14476
1.14476
1.14663
1.1552
1.14833
1.14957
1.1542
1.15137
1.15188
1.15185
1.13565
1.15153
1.15153
1.16478
1.14415
1.15364
1.14925
1.14192
1.15065
1.14822
1.14483
1.14656
1.1472
1.14727
1.14727
1.14447
1.14065
1.14811
1.14747
1.13664
1.11654
1.11654
1.15976
1.1124
1.14753
1.15281
1.15418
1.15418
1.13737
1.14184
1.1218
1.13085
1.13085
1.14454
1.129
1.11594
1.15018
1.152
1.12885
1.15172
1.15172
1.12957
1.14894
1.1616
1.13565
1.12948
1.15672
1.15672
1.13865
1.14256
1.14242
1.1414
1.1346
1.1346
1.15344
1.14533
1.13709
1.14068
1.15331
1.15331
1.14897
1.13411
1.14289
1.14033
1.13731
1.14045
1.14656
1.13889
1.13889
1.13158
1.12919
1.147
1.147
1.15024
1.14051
1.15362
1.12574
1.1498
1.14192
1.14192
1.15207
1.14713
1.15408
1.15106
1.15106
1.15105
1.15105
1.15661
1.14211
1.15426
1.14117
1.14569
1.14569
1.15777
1.13616
1.13537
1.16086
1.14753
1.1387
1.1387
1.14536
1.13989
1.13989
1.15632
1.13261
1.14101
1.14853
1.14216
1.14216
1.1349
1.1349
1.1349
1.13146
1.13146
1.13942
1.13942
1.1322
1.1322
1.14743
1.14743
1.14774
1.14774
1.14105
1.14057
1.14549
1.15024
1.1552
1.14229
1.14347
1.14175
1.13225
1.1397
1.14393
1.14393
1.1387
1.13007
1.13093
1.14669
1.13642
1.1254
1.13553
1.12832
1.12563
1.14243
1.13232
1.1445
1.13277
1.13652
1.14538
1.15122
1.15122
1.14807
1.14212
1.13712
1.13927
1.13927
1.13927
1.14011
1.1433
1.15012
1.13967
1.13547
1.1434
1.14124
1.13509
1.14633
1.13718
1.13487
1.13487
1.13101
1.13388
1.13223
1.12722
1.13668
1.13148
1.12484
1.13769
1.13769
1.1394
1.13943
1.13832
1.13943
1.13132
1.13132
1.12944
1.13613
1.13544
1.13544
1.13439
1.14073
1.14073
1.13328
1.14161
1.14161
1.14285
1.1242
1.12817
1.12628
1.13655
1.13165
1.13284
1.13284
1.13678
1.1242
1.14239
1.13039
1.14343
1.13417
1.13771
1.13395
1.13395
1.13192
1.13658
1.13658
1.13015
1.13892
1.14352
1.13423
1.13484
1.147
1.13228
1.13284
1.13115
1.13395
1.13255
1.13255
1.13528
1.1316
1.12186
1.13179
1.14121
1.12811
1.12811
1.12811
1.12751
1.12922
1.13318
1.13556
1.12541
1.12541
1.13572
1.13829
1.11721
1.12887
1.13007
1.12763
1.1196
1.1237
1.11852
1.12483
1.12823
1.1352
1.1352
1.12039
1.11731
1.12285
1.1274
1.13531
1.12496
1.12496
1.12496
1.12547
1.12756
1.12399
1.12614
1.11962
1.13211
1.13035
1.12532
1.13052
1.13436
1.11391
1.11391
1.11867
1.13204
1.13433
1.14197
1.13066
1.12958
1.14115
1.12712
1.1324
1.13182
1.14024
1.13797
1.144
1.144
1.13817
1.13168
1.14135
1.13135
1.1282
1.1282
1.12388
1.13318
1.12619
1.14381
1.13981
1.13909
1.12806
1.12806
1.1242
1.1349
1.12257
1.13184
1.12472
1.12173
1.12858
1.13369
1.12614
1.13268
1.12594
1.136
1.13487
1.13069
1.12706
1.13179
1.1322
1.13374
1.12541
1.12916
1.13077
1.13153
1.11519
1.13426
1.12306
1.12535
1.12525
1.11731
1.12607
1.12607
1.13291
1.13324
1.12931
1.1157
1.12165
1.12759
1.12759
1.1325
1.12538
1.13441
1.1247
1.12522
1.13391
1.1255
1.13252
1.12798
1.13376
1.12083
1.12042
1.1274
1.11648
1.12325
1.13537
1.13708
1.13423
1.12925
1.13261
1.13534
1.1322
1.14037
1.13341
1.13945
1.13592
1.13592
1.14177
1.13784
1.11248
1.14384
1.11957
1.10276
1.11585
1.12725
1.12359
1.1338
1.13011
1.12348
1.11443
1.12004
1.12735
1.12394
1.12595
1.11925
1.11925
1.12226
1.12528
1.12678
1.11359
1.11607
1.11569
1.11569
1.11965
1.12675
1.12675
1.12296
1.12296
1.12464
1.12484
1.12149
1.12575
1.13242
1.12748
1.12748
1.12941
1.12404
1.12404
1.11533
1.12504
1.12693
1.11801
1.1243
1.13852
1.12249
1.1274
1.1274
1.12169
1.11857
1.13046
1.11841
1.12183
1.1207
1.12688
1.12257
1.12236
1.11915
1.11984
1.11359
1.11154
1.11154
1.12002
1.11978
1.12489
1.12369
1.12649
1.13492
1.13369
1.12847
1.11862
1.14006
1.12682
1.12404
1.12404
1.12101
1.12966
1.11922
1.12086
1.12875
1.13203
1.13331
1.13369
1.12848
1.12792
1.12375
1.13264
1.13264
1.1215
1.11691
1.12303
1.13126
1.13112
1.12417
1.12014
1.11633
1.11607
1.11535
1.12727
1.12727
1.1349
1.11778
1.12309
1.12049
1.12566
1.13462
1.12786
1.12941
1.12941
1.12994
1.11789
1.12565
1.12565
1.11551
1.12292
1.11687
1.12096
1.11336
1.11336
1.11603
1.11915
1.13145
1.11607
1.13007
1.12391
1.12391
1.12677
1.1322
1.12868
1.11912
1.12525
1.12075
1.11937
1.11949
1.1216
1.11915
1.11815
1.1294
1.1294
1.11636
1.1202
1.1202
1.12427
1.12227
1.12492
1.12492
1.11834
1.11336
1.12817
1.1248
1.11464
1.11464
1.12251
1.1196
1.11432
1.11916
1.11916
1.11551
1.11551
1.10994
1.12175
1.11705
1.11721
1.12414
1.12414
1.11173
1.11854
1.12633
1.11136
1.1034
1.11052
1.10917
1.11578
1.11641
1.11782
1.11785
1.11854
1.11854
1.11897
1.1181
1.1073
1.11719
1.11834
1.11834
1.11867
1.10899
1.10899
1.12009
1.11583
1.11583
1.11614
1.1143
1.10862
1.1202
1.11791
1.11029
1.11029
1.11409
1.10834
1.12409
1.11693
1.11136
1.1147
1.1147
1.11429
1.10877
1.11565
1.11565
1.13055
1.11776
1.11776
1.12797
1.12594
1.12624
1.13011
1.11363
1.11363
1.11344
1.12012
1.12524
1.12425
1.1196
1.12525
1.12525
1.11502
1.11726
1.12178
1.12178
1.11897
1.11288
1.11965
1.11628
1.11628
1.1207
1.11293
1.11931
1.11931
1.1197
1.11764
1.12124
1.11827
1.12054
1.11279
1.12121
1.13182
1.12577
1.12077
1.12077
1.11683
1.11683
1.1197
1.12233
1.12072
1.11874
1.12821
1.11846
1.11846
1.11154
1.11702
1.11379
1.12817
1.11911
1.12033
1.11749
1.10783
1.12245
1.11167
1.1143
1.11057
1.10881
1.11661
1.10324
1.11605
1.11042
1.11382
1.1091
1.11155
1.10911
1.11746
1.12225
1.12738
1.11794
1.11675
1.11906
1.11245
1.1222
1.11396
1.11509
1.10711
1.10711
1.11318
1.10785
1.11794
1.11794
1.10958
1.1122
1.11821
1.11457
1.11517
1.11183
1.11281
1.11909
1.11915
1.11915
1.10479
1.116
1.11607
1.11106
1.11391
1.11989
1.11989
1.11344
1.11344
1.1156
1.11498
1.10327
1.11271
1.11271
1.10991
1.10724
1.10724
1.11462
1.10832
1.11037
1.12017
1.10951
1.11054
1.10085
1.11167
1.11167
1.12099
1.11785
1.11278
1.11349
1.11616
1.11549
1.11549
1.10776
1.11017
1.11032
1.11412
1.1145
1.11899
1.11899
1.11675
1.10554
1.10987
1.10711
1.12577
1.11607
1.12483
1.12125
1.11607
1.11607
1.11848
1.11346
1.11346
1.10837
1.11163
1.11028
1.112
1.1114
1.10862
1.1118
1.1283
1.1283
1.1173
1.12281
1.11888
1.11367
1.11034
1.1287
1.10936
1.11441
1.11102
1.10476
1.10476
1.11953
1.11075
1.11459
1.1078
1.11331
1.11155
1.11155
1.112
1.11794
1.11782
1.11154
1.11385
1.11385
1.11223
1.10837
1.10605
1.11478
1.11735
1.11003
1.10419
1.11263
1.11322
1.10593
1.10697
1.11202
1.09975
1.107
1.11178
1.10794
1.11955
1.11485
1.11504
1.11109
1.09913
1.10142
1.09933
1.10893
1.10867
1.10867
1.09805
1.11399
1.1134
1.12646
1.12409
1.12072
1.12502
1.116
1.1103
1.1125
1.11555
1.11555
1.10947
1.11551
1.10175
1.10799
1.11399
1.10625
1.10776
1.11155
1.09598
1.10877
1.11326
1.12285
1.12285
1.11066
1.10191
1.1083
1.09794
1.10476
1.10476
1.10316
1.11127
1.11338
1.10769
1.10834
1.10834
1.11454
1.11299
1.11515
1.11789
1.11606
1.11318
1.10271
1.09609
1.10946
1.10607
1.11079
1.1064
1.1064
1.10221
1.10221
1.11361
1.10792
1.1118
1.1105
1.11483
1.11806
1.10011
1.09734
1.09734
1.10585
1.10008
1.10134
1.10767
1.11246
1.1019
1.11409
1.09476
1.11252
1.10684
1.11372
1.1159
1.10146
1.11167
1.10711
1.10711
1.1013
1.10347
1.11241
1.11241
1.11097
1.1122
1.10186
1.11195
1.11006
1.11114
1.10554
1.10979
1.1283
1.11189
1.10303
1.09627
1.10893
1.11159
1.10727
1.10727
1.11281
1.11059
1.10392
1.11365
1.11281
1.1047
1.1047
1.10511
1.11567
1.10913
1.1025
1.10938
1.11202
1.10713
1.10579
1.1133
1.11125
1.10621
1.11279
1.11926
1.11661
1.11535
1.11419
1.1064
1.11143
1.10972
1.1155
1.10637
1.10458
1.10801
1.10361
1.10944
1.08998
1.10275
1.09527
1.09527
1.09963
1.11143
1.10432
1.09636
1.08735
1.09948
1.09839
1.09704
1.0932
1.1043
1.10883
1.10144
1.10548
1.11172
1.12187
1.11845
1.10989
1.10516
1.10515
1.1014
1.10368
1.10368
1.10131
1.11728
1.10422
1.10867
1.11485
1.10576
1.10576
1.1159
1.11881
1.11544
1.11544
1.11046
1.11046
1.09839
1.09781
1.10235
1.09746
1.10759
1.10915
1.112
1.11035
1.10342
1.10031
1.10461
1.10702
1.1036
1.1036
1.10818
1.10501
1.10567
1.10567
1.10334
1.11095
1.1032
1.10011
1.107
1.09457
1.10209
1.0962
1.0962
1.10136
1.10518
1.11066
1.11066
1.10673
1.10014
1.10165
1.09321
1.10822
1.10309
1.09758
1.10801
1.10801
1.09566
1.09057
1.11085
1.10342
1.1067
1.10488
1.1009
1.10792
1.10175
1.09686
1.10389
1.08779
1.08779
1.10579
1.10311
1.10958
1.10749
1.11129
1.11141
1.0994
1.0994
1.10134
1.1012
1.11154
1.10363
1.10363
1.09458
1.10025
1.10134
1.09503
1.09349
1.09949
1.10655
1.10745
1.10933
1.10183
1.10178
1.09987
1.10601
1.10961
1.09582
1.11173
1.10268
1.09938
1.1035
1.1035
1.09236
1.11351
1.10619
1.10619
1.10976
1.09934
1.11086
1.10913
1.10703
1.10872
1.11085
1.11085
1.09519
1.10453
1.10746
1.09621
1.10224
1.09638
1.09638
1.1047
1.10729
1.10981
1.10901
1.11707
1.1037
1.1037
1.11422
1.11333
1.10438
1.111
1.1153
1.11238
1.10579
1.12182
1.11167
1.11667
1.11206
1.10531
1.10196
1.10697
1.10489
1.10852
1.10128
1.10695
1.10695
1.1133
1.10863
1.10863
1.09977
1.09977
1.10804
1.0958
1.11098
1.1027
1.11228
1.10364
1.10364
1.10443
1.1018
1.10021
1.09519
1.09519
1.0956
1.10348
1.10021
1.09676
1.09963
1.10133
1.10522
1.10978
1.10674
1.10674
1.09458
1.10669
1.10221
1.09743
1.09743
1.09741
1.0973
1.10419
1.10558
1.10617
1.10252
1.10148
1.10164
1.09408
1.09408
1.09457
1.105
1.10391
1.09545
1.09902
1.09582
1.10579
1.10875
1.09717
1.10372
1.10372
1.09056
1.10193
1.09921
1.10133
1.08993
1.09482
1.1021
1.10364
1.08214
1.09513
1.10069
1.08672
1.10183
1.10243
1.08563
1.09469
1.09751
1.09926
1.09396
1.10722
1.09625
1.09967
1.09581
1.09839
1.09452
1.10238
1.10255
1.09613
1.10118
1.1047
1.103
1.10258
1.10272
1.09652
1.09623
1.10639
1.10639
1.10289
1.09797
1.1003
1.1058
1.1027
1.09512
1.09512
1.09612
1.09778
1.08981
1.09106
1.09106
1.09316
1.09426
1.10299
1.09184
1.08749
1.09921
1.09577
1.09907
1.08719
1.08426
1.08982
1.08999
1.08717
1.09722
1.09722
1.09948
1.09625
1.08844
1.09934
1.10021
1.09457
1.10036
1.09627
1.09343
1.09641
1.10196
1.09382
1.09382
1.10288
1.09747
1.08643
1.10637
1.11731
1.09705
1.09705
1.10057
1.1153
1.09702
1.09361
1.09361
1.08171
1.09458
1.09334
1.10085
1.09739
1.10128
1.10128
1.09063
1.1003
1.08841
1.08596
1.1018
1.1018
1.09361
1.09088
1.09839
1.1045
1.09014
1.08627
1.08627
1.09673
1.09273
1.10119
1.10119
1.09504
1.09723
1.09723
1.09723
1.09723
1.09723
1.0915
1.09176
1.09176
1.09519
1.10473
1.10473
1.09857
1.09734
1.09963
1.11283
1.09701
1.10503
1.11143
1.09839
1.09839
1.10503
1.09899
1.09319
1.10156
1.10837
1.09682
1.10289
1.1032
1.09796
1.10804
1.0995
1.0973
1.09783
1.09273
1.09751
1.10117
1.10564
1.10518
1.09796
1.10824
1.09208
1.09393
1.09365
1.10131
1.10131
1.11762
1.11122
1.13229
1.1294
1.13501
1.13826
1.13826
1.14212
1.15165
1.15165
1.14125
1.13676
1.13676
1.13507
1.14969
1.13368
1.06028
1.11051
1.0342
1.0342
1.04992
1.07159
1.06985
1.01174
0.935611
0.8954
0.8954
0.771302
0.592377
0.449003
0.449003
0.449003
0.319636
0.250181
0.227858
0.184429
0.161251
0.150954
0.118677
0.114518
0.106065
0.104355
0.10038
0.100769
0.107772
0.105793
0.105793
0.120527
0.106212
0.106212
0.107202
0.108885
0.114146
0.10907
0.107608
0.112734
0.112734
0.108649
0.10522
0.101891
0.108417
0.108417
0.103445
0.104193
0.102602
0.0970783
0.101703
0.100245
0.103445
0.104473
0.103387
0.108231
0.107238
0.107238
0.0995345
0.106545
0.103822
0.103822
0.105654
0.105654
0.104193
0.101397
0.0944059
0.0927208
0.0987476
0.1009
0.101029
0.0992537
0.100093
0.0907194
0.0937525
0.0945553
0.088776
0.088776
0.088776
0.099907
0.0950773
0.0987266
0.0954301
0.0954301
0.0842597
0.0845786
0.0951214
0.0800098
0.083843
0.097143
0.0896192
0.0896192
0.0900837
0.0900837
0.0880604
0.0886713
0.0886713
0.092294
0.101397
0.0963356
0.0867505
0.0930137
0.0874425
0.0874425
0.0979814
0.0900837
0.0907372
0.0782899
0.0782899
0.100057
0.0961127
0.100093
0.0837347
0.0926347
0.0955865
0.0842597
0.0878716
0.0910754
0.0897068
0.0953536
0.0953989
0.0961127
0.0913903
0.0896192
0.0904599
0.0944685
0.0944685
0.0866917
0.0866917
0.0881216
0.0962007
0.0778884
0.0974202
0.0910754
0.0817683
0.0947791
0.0939402
0.0879739
0.0812436
0.0812436
0.0878515
0.0848889
0.0867505
0.0839897
0.0930988
0.092294
0.092294
0.0817083
0.0817083
0.088249
0.090886
0.0936926
0.0858247
0.0858247
0.0860951
0.0825794
0.0831211
0.0891824
0.083843
0.0749352
0.0834616
0.0825537
0.0999683
0.100375
0.100375
0.0869411
0.0839321
0.0839248
0.0839248
0.0870257
0.0834616
0.0834616
0.088249
0.0902719
0.0845786
0.086791
0.0820892
0.077763
0.077763
0.0800627
0.0800025
0.0881216
0.0795991
0.0784172
0.0866917
0.0835847
0.0732419
0.0712109
0.0793294
0.0805544
0.0826162
0.0887149
0.079536
0.0810521
0.0802533
0.0753169
0.0812857
0.0834253
0.0704584
0.0736461
0.0739779
0.0812436
0.0776528
0.0776528
0.0761184
0.0785418
0.0900837
0.0824014
0.0824014
0.0747441
0.0773791
0.0837969
0.0824693
0.0830199
0.077763
0.0880936
0.0825537
0.0759678
0.0811122
0.0822793
0.0880604
0.0877846
0.0877846
0.0929099
0.0929099
0.0817683
0.0745933
0.0843044
0.0782899
0.0782899
0.0769155
0.0787982
0.0787982
0.0784172
0.0784172
0.0794501
0.0784172
0.0706083
0.0849151
0.0801729
0.0829322
0.0829322
0.0870674
0.0734353
0.074282
0.0840109
0.0792607
0.0792607
0.0860951
0.0860951
0.079872
0.0759265
0.0799818
0.0807177
0.0771868
0.0735612
0.0735612
0.0901473
0.0865596
0.0842597
0.0717917
0.0758155
0.0727157
0.0749352
0.0868796
0.078752
0.0723321
0.0718676
0.0826162
0.0658914
0.069761
0.0759265
0.0759265
0.0756149
0.0782658
0.0740898
0.0727157
0.0693563
0.0718676
0.0718676
0.0718676
0.0659413
0.0816635
0.0816635
0.0716442
0.0667404
0.0702229
0.0713424
0.077763
0.0730985
0.0795991
0.0795991
0.0733707
0.073705
0.0706083
0.0724453
0.0744739
0.0672685
0.0670734
0.0704157
0.0700299
0.0758626
0.0695672
0.0695672
0.0675869
0.0681174
0.074282
0.074282
0.068049
0.068049
0.0675869
0.0701481
0.0693732
0.0716746
0.0652354
0.0714697
0.0641273
0.0721966
0.0666248
0.0753981
0.0744739
0.0683852
0.0726374
0.0729072
0.065828
0.074282
0.0683852
0.0683852
0.0763897
0.0651718
0.0645927
0.0709929
0.0600473
0.0600473
0.0589982
0.0721882
0.0685782
0.0685782
0.0689846
0.0719849
0.0666248
0.0666248
0.0676661
0.0667404
0.0663537
0.0731801
0.0731801
0.0718082
0.0705405
0.0720603
0.0685782
0.0730483
0.0625343
0.0701604
0.0701604
0.0735612
0.0676582
0.0674635
0.0674635
0.0687028
0.0687028
0.0653644
0.0717917
0.0619217
0.068656
0.0688928
0.0722529
0.0683852
0.0649024
0.056363
0.0597197
0.0612256
0.0739416
0.0591219
0.0669335
0.0720603
0.069179
0.0570173
0.0612956
0.0720348
0.0670102
0.0625343
0.0614194
0.0614194
0.0532835
0.0672026
0.0672026
0.0670734
0.0628704
