-0.0305309
-0.0334443
-0.0297179
-0.0315593
-0.0305361
-0.0314562
-0.0325219
-0.0314456
-0.0317108
-0.0294041
-0.0304804
-0.0305309
-0.0277298
-0.0298287
-0.0324184
-0.0296647
-0.0298817
-0.0296695
-0.0278338
-0.0306925
-0.0325773
-0.0325269
-0.0307962
-0.0317661
-0.0324767
-0.0344206
-0.0314986
-0.0286972
-0.0305839
-0.030377
-0.0307481
-0.0310062
-0.0366318
-0.0277323
-0.0323708
-0.0336559
-0.0326832
-0.0327339
-0.031448
-0.0335937
-0.0316578
-0.0316025
-0.0289145
-0.0278809
-0.0307431
-0.0346766
-0.0314922
-0.0305839
-0.0305891
-0.029771
-0.0327339
-0.0327339
-0.0334899
-0.0305816
-0.0316025
-0.0295031
-0.026487
-0.0295031
-0.0306347
-0.0326216
-0.031284
-0.0334307
-0.0324644
-0.0285354
-0.0323124
-0.0304273
-0.0333309
-0.0306925
-0.0295608
-0.0317066
-0.0332885
-0.0305839
-0.0315091
-0.0289651
-0.0315063
-0.0337088
-0.0326279
-0.0285402
-0.0297179
-0.0277377
-0.0316096
-0.0345206
-0.0335937
-0.0316122
-0.0323124
-0.0294041
-0.0294015
-0.0307962
-0.0332914
-0.0324767
-0.0325798
-0.0275678
-0.0317108
-0.030471
-0.0332914
-0.0317209
-0.0306901
-0.0305241
-0.0325749
-0.0328398
-0.0317638
-0.0318745
-0.0317661
-0.0327868
-0.0299348
-0.0306925
-0.0335502
-0.0307007
-0.0316096
-0.0326354
-0.0324739
-0.0288544
-0.0278848
-0.0326787
-0.0316626
-0.0286996
-0.0304248
-0.0337643
-0.0314533
-0.0324328
-0.0295129
-0.0305864
-0.0315566
-0.0365119
-0.0274639
-0.0333942
-0.0285885
-0.0326235
-0.0319229
-0.0324159
-0.032847
-0.0307962
-0.0325296
-0.0358031
-0.0307939
-0.0309046
-0.0284822
-0.0299264
-0.034629
-0.0306347
-0.028917
-0.0316679
-0.0307481
-0.0316515
-0.0325773
-0.0305773
-0.0328887
-0.0306421
-0.0286928
-0.0260013
-0.0298287
-0.0306901
-0.0324713
-0.0305839
-0.0324795
-0.0305839
-0.0327386
-0.0325749
-0.0296217
-0.0298752
-0.0277298
-0.032847
-0.031066
-0.0307508
-0.0308516
-0.0305285
-0.0346263
-0.033651
-0.0314963
-0.0318699
-0.0309071
-0.0327891
-0.0320888
-0.0317661
-0.0295077
-0.030847
-0.0317209
-0.0326302
-0.0331827
-0.0315091
-0.0316096
-0.0346818
-0.029672
-0.0333385
-0.0306421
-0.0328445
-0.032368
-0.0305334
-0.0305334
-0.0325825
-0.0336614
-0.0337018
-0.0299303
-0.0297732
-0.0305864
-0.0276698
-0.034732
-0.0285885
-0.0309531
-0.0344764
-0.0298263
-0.0309553
-0.0348268
-0.0335476
-0.034244
-0.0325269
-0.0303743
-0.0307455
-0.0288614
-0.0355413
-0.027788
-0.0305794
-0.0343092
-0.0308492
-0.0317711
-0.0308492
-0.0286996
-0.0329555
-0.0327468
-0.0297201
-0.0274614
-0.0324689
-0.0304273
-0.0315681
-0.0324623
-0.0297756
-0.0315566
-0.0324237
-0.0336534
-0.0315494
-0.0344302
-0.0306901
-0.0316515
-0.0326787
-0.0346818
-0.0338146
-0.0307455
-0.0307367
-0.0305309
-0.0325853
-0.0294041
-0.0325219
-0.0324135
-0.0337088
-0.029771
-0.0306878
-0.0286015
-0.029672
-0.0314506
-0.0292928
-0.0314533
-0.0298263
-0.0315011
-0.0315494
-0.0297278
-0.0317738
-0.0326883
-0.0296073
-0.0333817
-0.0304329
-0.0315541
-0.0284267
-0.0306325
-0.0344206
-0.0304223
-0.0286417
-0.0306395
-0.0316535
-0.0317617
-0.0325196
-0.027788
-0.0344269
-0.0316071
-0.032368
-0.0335
-0.0337063
-0.0326354
-0.0317131
-0.0307962
-0.0308492
-0.0269174
-0.0296139
-0.0307962
-0.0286517
-0.0313976
-0.0297732
-0.0307962
-0.0346169
-0.0345206
-0.0326787
-0.0315541
-0.0347295
-0.0318854
-0.0318191
-0.0297836
-0.0297836
-0.03478
-0.0297201
-0.0337018
-0.0296748
-0.0319759
-0.0297201
-0.0366228
-0.03478
-0.0325773
-0.0324237
-0.0327891
-0.0325773
-0.0347346
-0.0297732
-0.0324713
-0.0325296
-0.0326766
-0.0315473
-0.0297669
-0.0297669
-0.0338146
-0.0277252
-0.0316004
-0.0335981
-0.0318745
-0.0328445
-0.0317738
-0.0344237
-0.0319275
-0.0336614
-0.0338607
-0.0338607
-0.0316708
-0.0337617
-0.0307481
-0.0336005
-0.0337115
-0.0337115
-0.0305864
-0.0307481
-0.0306878
-0.027788
-0.0313976
-0.0338675
-0.0356496
-0.0328887
-0.0296647
-0.0324159
-0.0304329
-0.030637
-0.0337617
-0.0325773
-0.0335529
-0.0325219
-0.0307408
-0.0315517
-0.0307962
-0.0333413
-0.0334973
-0.0334973
-0.0316652
-0.0316096
-0.0326354
-0.0346191
-0.0296217
-0.0346191
-0.0336614
-0.0327339
-0.0279933
-0.0318678
-0.0306901
-0.0336005
-0.0295633
-0.0319229
-0.0304273
-0.029822
-0.0304831
-0.0307962
-0.0337115
-0.0315593
-0.0305864
-0.0315566
-0.029672
-0.0297732
-0.0325269
-0.0347824
-0.0306856
-0.0315517
-0.0343648
-0.0298263
-0.0335502
-0.0324795
-0.0326354
-0.0325798
-0.0323208
-0.0315063
-0.0307898
-0.0318699
-0.031615
-0.0316556
-0.0304223
-0.0314411
-0.031342
-0.0323099
-0.0324184
-0.0297732
-0.0294546
-0.0374801
-0.0297808
-0.0306901
-0.0286928
-0.0284759
-0.0306347
-0.0338172
-0.028864
-0.0298201
-0.0298241
-0.033704
-0.0296695
-0.0295562
-0.0316535
-0.0317661
-0.0337142
-0.0309046
-0.0318215
-0.0306856
-0.0309576
-0.0306325
-0.0296647
-0.0316122
-0.0278338
-0.0347848
-0.0317638
-0.0294571
-0.0298263
-0.0335958
-0.0307481
-0.0336559
-0.031448
-0.0297808
-0.0327916
-0.0286908
-0.0316652
-0.0334899
-0.0353779
-0.0327968
-0.031877
-0.0314506
-0.0325219
-0.0305309
-0.027938
-0.0316601
-0.0344122
-0.0346791
-0.0354836
-0.032368
-0.031395
-0.0316122
-0.0308011
-0.0308011
-0.0345734
-0.0294522
-0.0295077
-0.0295633
-0.0306978
-0.0318215
-0.0317638
-0.0316096
-0.0325269
-0.0306421
-0.0326328
-0.0336559
-0.0336559
-0.0286949
-0.0324739
-0.0297225
-0.0284871
-0.0327412
-0.033651
-0.0324644
-0.0324713
-0.0354383
-0.0307431
-0.0333817
-0.0305262
-0.0297225
-0.0285402
-0.0307962
-0.0288566
-0.034732
-0.0325324
-0.0327868
-0.0326382
-0.033651
-0.0306421
-0.0317796
-0.0299303
-0.0357527
-0.0325749
-0.035705
-0.0296073
-0.0305794
-0.0307431
-0.0326857
-0.033453
-0.0358055
-0.0286996
-0.0338172
-0.0298241
-0.0336467
-0.0297201
-0.0326832
-0.0336488
-0.0278338
-0.0317131
-0.0307387
-0.0325825
-0.0326411
-0.0336534
-0.0296139
-0.0316071
-0.0331889
-0.0317661
-0.0326832
-0.033651
-0.031621
-0.0295102
-0.0325296
-0.0286417
-0.0317156
-0.0325749
-0.0325296
-0.0306477
-0.0298338
-0.0316708
-0.0335958
-0.0305816
-0.0316601
-0.0299398
-0.029667
-0.0297756
-0.0297781
-0.0306395
-0.0336534
-0.0315453
-0.030637
-0.033651
-0.0316047
-0.0326328
-0.0316578
-0.0276846
-0.0327847
-0.0286464
-0.0315541
-0.0298395
-0.0312334
-0.0304888
-0.0334392
-0.030146
-0.0314506
-0.0316122
-0.0316122
-0.0306347
-0.0325243
-0.0325243
-0.0306395
-0.0306395
-0.034579
-0.0337115
-0.0294546
-0.0332779
-0.0333333
-0.0346191
-0.029667
-0.0313976
-0.0317237
-0.0326787
-0.0326787
-0.031448
-0.031448
-0.0323768
-0.0314033
-0.0313371
-0.0294546
-0.0294546
-0.0306421
-0.0315566
-0.0326302
-0.0324237
-0.0315494
-0.0316122
-0.0315541
-0.0333443
-0.0316071
-0.0335529
-0.0305334
-0.0324159
-0.0305418
-0.0324739
-0.0324237
-0.0316071
-0.0316096
-0.032421
-0.0306951
-0.0304804
-0.0306448
-0.031289
-0.0317711
-0.032847
-0.0328377
-0.0307898
-0.0285402
-0.0306448
-0.0297732
-0.0307431
-0.0310083
-0.034579
-0.034579
-0.0307862
-0.0318169
-0.029619
-0.030637
-0.0316047
-0.0289629
-0.0337088
-0.0335476
-0.0297278
-0.0304831
-0.0307986
-0.0325749
-0.0307986
-0.0336085
-0.0312974
-0.0334973
-0.0313474
-0.0316679
-0.0305309
-0.0296139
-0.029672
-0.0326354
-0.0298868
-0.0317711
-0.0316626
-0.0316679
-0.0269153
-0.0285909
-0.0327339
-0.0306347
-0.031284
-0.0314063
-0.0306901
-0.0299834
-0.0335
-0.0295659
-0.0335529
-0.0304831
-0.0347874
-0.0316179
-0.0306477
-0.030471
-0.0304778
-0.0315566
-0.0332829
-0.0305816
-0.0305816
-0.0293566
-0.0324767
-0.0346875
-0.0298263
-0.0309576
-0.0305891
-0.0347271
-0.0317086
-0.0303799
-0.0309001
-0.0326411
-0.0314456
-0.0317617
-0.0329504
-0.0326328
-0.033704
-0.0304804
-0.0304273
-0.033603
-0.032368
-0.0324713
-0.0295542
-0.0335529
-0.0296626
-0.0277298
-0.0275703
-0.0326809
-0.0314533
-0.0296695
-0.0336559
-0.0337115
-0.0326857
-0.0335476
-0.033177
-0.0343593
-0.0327941
-0.0315063
-0.0336534
-0.0294522
-0.0294522
-0.0294571
-0.0307481
-0.0307481
-0.0309046
-0.0324713
-0.0323654
-0.0295129
-0.0305285
-0.0347271
-0.032421
-0.0304778
-0.0335
-0.031565
-0.0306325
-0.0334947
-0.0315011
-0.0297251
-0.0312916
-0.0312916
-0.026598
-0.0336057
-0.0294546
-0.0335476
-0.0335476
-0.0306347
-0.0325798
-0.0374853
-0.0297756
-0.0335
-0.0334002
-0.0334002
-0.0324739
-0.0323629
-0.0314986
-0.0304859
-0.0295129
-0.0316652
-0.0324713
-0.0317108
-0.0304778
-0.0275703
-0.0315494
-0.0305361
-0.0305361
-0.034629
-0.034629
-0.0326809
-0.0334471
-0.0334326
-0.0306235
-0.0336005
-0.0306878
-0.0344734
-0.0296748
-0.0294041
-0.0324713
-0.0323654
-0.0313503
-0.0323605
-0.0314922
-0.0324296
-0.0324767
-0.0352771
-0.0315566
-0.032212
-0.0352771
-0.0303861
-0.0286015
-0.0287503
-0.031448
-0.031448
-0.0317131
-0.0323737
-0.0307408
-0.0316626
-0.0294626
-0.0306421
-0.0306421
-0.0324767
-0.0324767
-0.0345206
-0.0306925
-0.0311273
-0.0311273
-0.0326302
-0.0323737
-0.0313976
-0.0323124
-0.0324184
-0.032368
-0.032368
-0.0312444
-0.0302655
-0.0305262
-0.0326256
-0.0294546
-0.0333863
-0.0315566
-0.030637
-0.0303743
-0.0325324
-0.0328445
-0.0318127
-0.0343741
-0.0324237
-0.0326809
-0.0321621
-0.0311299
-0.0295659
-0.0314063
-0.031342
-0.0314533
-0.0286417
-0.0324767
-0.0345262
-0.0352858
-0.0304859
-0.0313976
-0.03043
-0.0342653
-0.0313446
-0.0326411
-0.0305285
-0.0316535
-0.0330685
-0.0306951
-0.0324328
-0.0342622
-0.0311273
-0.0323737
-0.0323737
-0.0346318
-0.031395
-0.033704
-0.0325324
-0.0315621
-0.0315621
-0.0325385
-0.0336559
-0.0316601
-0.0337115
-0.0333474
-0.0333474
-0.0304329
-0.0301063
-0.0305753
-0.0314506
-0.0339981
-0.0308567
-0.0308567
-0.0321508
-0.0334417
-0.0334417
-0.032368
-0.0294126
-0.0314506
-0.0314033
-0.0326354
-0.0295102
-0.032368
-0.0314562
-0.0326302
-0.0344097
-0.0363652
-0.0306901
-0.03345
-0.0332885
-0.0305361
-0.0305361
-0.0352362
-0.0332417
-0.0324328
-0.033453
-0.0346846
-0.0334034
-0.0325945
-0.0363193
-0.0363995
-0.0386607
-0.039619
-0.0348025
-0.0305978
-0.0337337
-0.0324395
-0.0344302
-0.0316242
-0.0316275
-0.0376585
-0.0334702
-0.0308655
-0.0335192
-0.0325945
-0.0316873
-0.0316873
-0.0316873
-0.0354608
-0.0345918
-0.036214
-0.0334595
-0.031621
-0.0324856
-0.0327597
-0.0363791
-0.0345357
-0.0325385
-0.0363952
-0.0363829
-0.0364807
-0.0316275
-0.0373015
-0.0360149
-0.0384264
-0.0334254
-0.0325073
-0.0373395
-0.0370875
-0.033245
-0.0372414
-0.0333687
-0.0356678
-0.0354608
-0.0323903
-0.0318884
-0.0361512
-0.0323867
-0.0354045
-0.0333687
-0.0324959
-0.0373015
-0.0355064
-0.0343181
-0.0327069
-0.0343709
-0.0336247
-0.0334741
-0.0335684
-0.033681
-0.0345357
-0.0352395
-0.0363791
-0.0354119
-0.0343357
-0.0365859
-0.0346516
-0.0344373
-0.0383106
-0.0354724
-0.0335756
-0.0366457
-0.0352922
-0.0364212
-0.0343775
-0.0333083
-0.0365298
-0.0332029
-0.0354045
-0.033453
-0.0353483
-0.0352502
-0.039349
-0.0392283
-0.0462461
-0.0474941
-0.0484206
-0.0482841
-0.0453209
-0.0474481
-0.0456424
-0.0493476
-0.0465162
-0.0453999
-0.0494631
-0.0502111
-0.0482716
-0.0455035
-0.0470685
-0.048524
-0.0474999
-0.0456424
-0.0465334
-0.050475
-0.0505206
-0.0474541
-0.0470396
-0.0494333
-0.0495146
-0.048524
-0.0446927
-0.0483749
-0.0499657
-0.0494053
-0.0472354
-0.0492443
-0.049296
-0.0493357
-0.0482656
-0.047299
-0.046436
-0.0465736
-0.050469
-0.0513902
-0.0474481
-0.0524206
-0.0483689
-0.0465275
-0.0475516
-0.0463782
-0.0589204
-0.0768048
-0.0869875
-0.0885367
-0.0933423
-0.0990565
-0.10094
-0.0981655
-0.093729
-0.0943535
-0.103037
-0.100037
-0.0922564
-0.0943903
-0.100046
-0.100125
-0.0997273
-0.0948878
-0.0983708
-0.101998
-0.103879
-0.0979118
-0.0980564
-0.0990113
-0.101014
-0.0979509
-0.100111
-0.0978896
-0.10078
-0.102991
-0.0980257
-0.0950898
-0.100015
-0.103873
-0.0981433
-0.0982876
-0.0959575
-0.0988671
-0.101971
-0.0990377
-0.0961632
-0.102097
-0.1042
-0.0992647
-0.0992742
-0.0971661
-0.0988671
-0.0988671
-0.100168
-0.0950579
-0.101201
-0.103678
-0.104985
-0.101095
-0.0902187
-0.0595935
-0.039847
-0.023774
-0.031278
-0.0273984
-0.0234737
-0.0147921
0.0164379
0.03688
0.0628273
0.0875331
0.133515
0.172108
0.185406
0.200742
0.217446
0.242387
0.244742
0.256508
0.276309
0.279158
0.284103
0.304107
0.32511
0.34626
0.36783
0.396849
0.418707
0.428898
0.419063
0.401477
0.399404
0.411841
0.411464
0.398856
0.400498
0.402348
0.403518
0.392943
0.397861
0.404478
0.399628
0.39425
0.394101
0.391392
0.388187
0.38574
0.388326
0.393093
0.38705
0.384761
0.386308
0.385089
0.383105
0.382617
0.384405
0.382773
0.386367
0.383343
0.382822
0.382395
0.382576
0.381214
0.380053
0.382888
0.379392
0.38429
0.381165
0.382161
0.379318
0.38114
0.382301
0.382301
0.379359
0.380682
0.377103
0.380615
0.37958
0.378966
0.379547
0.379334
0.377864
0.376515
0.378746
0.379187
0.374871
0.378839
0.378646
0.373054
0.377397
0.376588
0.376856
0.377624
0.376702
0.37586
0.373201
0.374123
0.37393
0.375139
0.375687
0.374383
0.375658
0.377691
0.377691
0.376427
0.374699
0.374489
0.37376
0.375539
0.376421
0.373766
0.374019
0.376427
0.378058
0.375478
0.372844
0.370329
0.370329
0.374523
0.374602
0.374233
0.375839
0.37325
0.370519
0.368288
0.370694
0.375154
0.372441
0.373289
0.373653
0.370508
0.372154
0.372301
0.375222
0.372918
0.373211
0.371644
0.372957
0.372368
0.36898
0.371531
0.371722
0.373407
0.372593
0.36726
0.370323
0.371103
0.372554
0.371541
0.369013
0.369451
0.370694
0.370299
0.3693
0.370879
0.370148
0.368686
0.373762
0.369272
0.369461
0.367041
0.367372
0.36931
0.367886
0.370187
0.36645
0.368545
0.369924
0.371863
0.368574
0.365835
0.369388
0.368618
0.369534
0.369422
0.367517
0.367663
0.367702
0.365951
0.367444
0.365505
0.366809
0.362895
0.363073
0.365852
0.374206
0.389444
0.408874
0.421145
0.432715
0.442591
0.449014
0.462387
0.475802
0.495545
0.515492
0.539092
0.567592
0.606037
0.636813
0.654806
0.669908
0.669908
0.69322
0.72395
0.766743
0.782054
0.730396
0.778965
0.750598
0.778531
0.783759
0.755156
0.754455
0.770428
0.766801
0.761117
0.783909
0.782436
0.749845
0.741139
0.759506
0.760607
0.755652
0.754892
0.759531
0.757795
0.752405
0.75918
0.761473
0.760587
0.766396
0.765552
0.765637
0.764567
0.763506
0.762013
0.764207
0.766568
0.765326
0.759358
0.764906
0.767054
0.765396
0.765143
0.767106
0.766994
0.765158
0.763579
0.767947
0.768728
0.776674
0.77905
0.775337
0.761709
0.764089
0.773179
0.777683
0.772701
0.763519
0.749205
0.755097
0.77189
0.770976
0.762892
0.754429
0.75422
0.769646
0.782945
0.779259
0.768575
0.765371
0.769229
0.781767
0.788157
0.785586
0.775288
0.760574
0.771806
0.780954
0.783355
0.779626
0.764242
0.754897
0.763571
0.773263
0.787061
0.770523
0.760421
0.760202
0.768372
0.779531
0.780942
0.770114
0.763882
0.772229
0.781867
0.782335
0.780498
0.777914
0.778161
0.779752
0.787736
0.780552
0.771535
0.770458
0.77577
0.7779
0.766525
0.763527
0.771495
0.782792
0.78018
0.766893
0.763843
0.77299
0.783951
0.789726
0.780471
0.76993
0.76993
0.780442
0.797909
0.789706
0.77443
0.767747
0.773228
0.788711
0.784182
0.769256
0.759625
0.779615
0.791838
0.781906
0.766401
0.763255
0.780499
0.78905
0.787758
0.781767
0.773944
0.783164
0.789511
0.783566
0.779531
0.784932
0.78773
0.785621
0.782113
0.778494
0.782387
0.782141
0.774805
0.772283
0.778674
0.785487
0.793801
0.783715
0.767999
0.762377
0.762377
0.779571
0.7878
0.779128
0.769096
0.782748
0.796368
0.797741
0.780717
0.777237
0.791027
0.803958
0.794745
0.782388
0.771874
0.781506
0.791716
0.789809
0.776034
0.773673
0.779954
0.787022
0.779681
0.765431
0.766178
0.785621
0.795362
0.782262
0.781657
0.78933
0.793512
0.784927
0.78236
0.786812
0.791338
0.794461
0.787911
0.779997
0.781572
0.784331
0.78099
0.774156
0.77504
0.789542
0.787905
0.774583
0.772911
0.782053
0.786387
0.78659
0.777775
0.780909
0.789897
0.797226
0.784567
0.774736
0.788524
0.801812
0.794859
0.777762
0.777624
0.792096
0.791596
0.778632
0.773314
0.778453
0.788481
0.786702
0.772968
0.768638
0.787933
0.795586
0.789532
0.778522
0.783766
0.795191
0.793808
0.785256
0.783238
0.791831
0.797562
0.793262
0.791804
0.786786
0.784659
0.780197
0.792969
0.787967
0.772804
0.777264
0.789328
0.788542
0.775179
0.773078
0.785612
0.794846
0.78397
0.774251
0.786492
0.786492
0.797466
0.784577
0.78397
0.801491
0.804137
0.786527
0.776807
0.792059
0.793867
0.776047
0.774696
0.783405
0.790852
0.784601
0.77957
0.778617
0.78287
0.781931
0.777388
0.794213
0.792183
0.783636
0.783636
0.794386
0.795323
0.787084
0.788445
0.795143
0.796779
0.787419
0.782246
0.793656
0.793461
0.774737
0.777178
0.793414
0.794874
0.776851
0.771378
0.787262
0.794186
0.778369
0.772166
0.785706
0.78885
0.777194
0.775646
0.796905
0.801076
0.783663
0.787683
0.803691
0.794105
0.786313
0.7899
0.794765
0.786531
0.785111
0.790097
0.781664
0.778396
0.782671
0.789529
0.782795
0.775923
0.777367
0.789928
0.785138
0.775372
0.77892
0.790205
0.789087
0.778586
0.788223
0.799453
0.785403
0.779804
0.801436
0.804948
0.784971
0.779156
0.794288
0.795812
0.780904
0.77714
0.788975
0.786702
0.77304
0.775176
0.786613
0.787608
0.779675
0.779125
0.785438
0.78148
0.779307
0.790426
0.794526
0.789712
0.788602
0.796454
0.787698
0.798431
0.797522
0.781291
0.784998
0.797505
0.790205
0.768634
0.776927
0.790492
0.783531
0.765609
0.778365
0.794081
0.784388
0.773854
0.785244
0.785244
0.796247
0.777304
0.794651
0.799617
0.787763
0.788169
0.802878
0.796906
0.785446
0.791169
0.79033
0.782974
0.787101
0.785905
0.781345
0.777714
0.78988
0.792289
0.779748
0.788316
0.780074
0.780198
0.792515
0.77806
0.78981
0.78981
0.785164
0.783785
0.802707
0.802707
0.778118
0.785473
0.805169
0.786788
0.777044
0.789544
0.784517
0.773424
0.781958
0.800285
0.786604
0.767223
0.783831
0.789853
0.78156
0.784652
0.793966
0.785244
0.787329
0.794662
0.790665
0.791391
0.800096
0.79786
0.783828
0.793939
0.804605
0.786718
0.77821
0.791801
0.786584
0.773205
0.788327
0.795884
0.774168
0.773838
0.798975
0.787432
0.769545
0.781868
0.791942
0.774789
0.781393
0.803988
0.797675
0.780526
0.794013
0.794013
0.791265
0.795747
0.800613
0.785843
0.783256
0.797657
0.797657
0.788776
0.790665
0.780288
0.779706
0.791255
0.793817
0.780315
0.779024
0.791535
0.781878
0.782674
0.796695
0.787125
0.774692
0.79302
0.802314
0.787925
0.79114
0.795454
0.789965
0.80372
0.79625
0.779493
0.787229
0.796499
0.786957
0.786091
0.784828
0.785711
0.78421
0.787308
0.78376
0.791291
0.787477
0.780747
0.787612
0.797283
0.786496
0.787027
0.791579
0.790626
0.786912
0.804355
0.79625
0.783256
0.790151
0.800569
0.787715
0.784748
0.792313
0.776641
0.778706
0.799518
0.794683
0.77397
0.769192
0.783821
0.786678
0.795617
0.796651
0.782196
0.780209
0.796364
0.810833
0.792309
0.778556
0.793995
0.808251
0.796142
0.792222
0.796167
0.786665
0.784325
0.799258
0.79405
0.777461
0.783159
0.793649
0.783027
0.781356
0.787464
0.774809
0.77898
0.798539
0.797016
0.778556
0.778982
0.791144
0.791144
0.790555
0.791272
0.791659
0.789548
0.790679
0.798486
0.797958
0.791073
0.790956
0.793801
0.789533
0.786866
0.79133
0.784886
0.778495
0.78948
0.786866
0.780933
0.785843
0.785269
0.781022
0.785463
0.785534
0.783547
0.784457
0.796089
0.78851
0.784315
0.786125
0.789067
0.792336
0.797585
0.800212
0.792811
0.787627
0.79852
0.797746
0.789074
0.792044
0.781525
0.785702
0.785702
0.779079
0.787854
0.790421
0.781807
0.77488
0.788768
0.78995
0.782664
0.785524
0.783997
0.785022
0.797996
0.80021
0.782664
0.781349
0.788204
0.798512
0.785283
0.747306
0.718497
0.736776
0.77597
0.789383
0.78285
0.786626
0.792597
0.793604
0.786574
0.785788
0.792394
0.797657
0.800917
0.797337
0.785612
0.787145
0.792124
0.79486
0.786366
0.781673
0.78327
0.788573
0.787768
0.785904
0.784879
0.787521
0.784421
0.783997
0.78104
0.782567
0.784756
0.78412
0.783887
0.783203
0.784789
0.783776
0.789792
0.788599
0.785877
0.783555
0.785736
0.785698
0.786502
0.785665
0.78425
0.789845
0.788475
0.790585
0.78734
0.786872
0.786872
0.7873
0.785249
0.785795
0.787956
0.786502
0.789357
0.784614
0.786658
0.788741
0.789732
0.788475
0.783588
0.783652
0.787228
0.786334
0.786995
0.788294
0.789729
0.785899
0.788786
0.786827
0.787411
0.787664
0.787664
0.78606
0.787048
0.787137
0.785488
0.786898
0.786898
0.787131
0.784867
0.785365
0.787048
0.78597
0.786995
0.786281
0.788824
0.789973
0.789162
0.785775
0.784841
0.789526
0.786334
0.786068
0.78299
0.782391
0.788028
0.787074
0.788152
0.788573
0.787397
0.789012
0.786534
0.786534
0.784004
0.784841
0.789162
0.786898
0.786423
0.788046
0.789203
0.786801
0.785892
0.786924
0.787833
0.786417
0.786431
0.7873
0.78695
0.787093
0.786801
0.788325
0.789758
0.788059
0.787878
0.787137
0.785178
0.785087
0.78501
0.787305
0.789331
0.786463
0.785081
0.787027
0.786703
0.785302
0.786703
0.787391
0.787762
0.786943
0.7856
0.787754
0.785937
0.789376
0.789752
0.789615
0.789376
0.788449
0.789305
0.786924
0.785555
0.787443
0.788636
0.789065
0.790115
0.787714
0.78754
0.78733
0.787462
0.7844
0.785937
0.786281
0.786943
0.788986
0.789875
0.786956
0.785262
0.788156
0.787151
0.786884
0.788603
0.787053
0.786093
0.788059
0.785671
0.786489
0.787785
0.786034
0.787612
0.788423
0.78911
0.786314
0.787469
0.792225
0.788494
0.792127
0.786845
0.785963
0.787864
0.789439
0.786606
0.787151
0.786508
0.787222
0.788273
0.785061
0.788325
0.786943
0.781824
0.785308
0.784594
0.788254
0.788423
0.789376
0.787883
0.78778
0.785211
0.788505
0.786366
0.789278
0.787241
0.787916
0.785689
0.78632
0.786735
0.784905
0.786093
0.788228
0.78887
0.789823
0.787961
0.787248
0.787267
0.788479
0.785267
0.78763
0.787053
0.786385
0.789464
0.788648
0.785697
0.787222
0.787766
0.787417
0.786314
0.787883
0.788483
0.787027
0.788284
0.788325
0.786411
0.789999
0.784834
0.787909
0.788343
0.784983
0.785795
0.788228
0.786401
0.788356
0.786482
0.785145
0.787721
0.787417
0.784886
0.786553
0.786385
0.788166
0.789114
0.786553
0.78813
0.787151
0.790314
0.787901
0.789038
0.788791
0.787714
0.788583
0.788596
0.785477
0.787961
0.786975
0.787961
0.785619
0.788033
0.788382
0.787669
0.789485
0.785529
0.786371
0.785827
0.789931
0.78914
0.790562
0.790172
0.787812
0.786171
0.789342
0.787422
0.78619
0.787222
0.787514
0.788862
0.786832
0.788843
0.78619
0.78619
0.787443
0.787954
0.7856
0.787169
0.787818
0.787987
0.786689
0.786287
0.788104
0.787571
0.78654
0.788284
0.788115
0.787591
0.787909
0.78995
0.784075
0.786663
0.78556
0.787669
0.787591
0.785658
0.788063
0.787038
0.780986
0.778638
0.782549
0.79052
0.781207
0.778455
0.77723
0.775233
0.776999
0.787435
0.790678
0.791995
0.790393
0.782867
0.777852
0.781583
0.788525
0.791113
0.78397
0.774202
0.769958
0.79528
0.79712
0.775324
0.774093
0.793099
0.789114
0.774825
0.78818
0.775259
0.78168
0.796801
0.786761
0.770577
0.784692
0.788658
0.775401
0.783899
0.794464
0.782998
0.789146
0.799619
0.791088
0.785132
0.800283
0.791196
0.787396
0.791113
0.792816
0.783796
0.790301
0.794346
0.779981
0.777811
0.786417
0.78279
0.782563
0.781312
0.775748
0.782906
0.792604
0.781914
0.772745
0.78499
0.793125
0.785068
0.787764
0.790884
0.794072
0.794032
0.79384
0.79714
0.801132
0.789586
0.780378
0.786935
0.789319
0.785904
0.780449
0.778735
0.787647
0.782836
0.783985
0.780345
0.775122
0.789807
0.796609
0.787975
0.76901
0.785298
0.806991
0.806991
0.789684
0.785956
0.785956
0.800081
0.799806
0.782434
0.791056
0.793413
0.781623
0.783005
0.791349
0.79045
0.787396
0.798484
0.84412
0.814858
0.800661
0.847562
0.793921
0.809177
0.830398
0.837667
0.807698
0.798803
0.820332
0.810244
0.796835
0.821341
0.815755
0.803945
0.802687
0.816315
0.815174
0.803897
0.811929
0.817165
0.807385
0.802771
0.809012
0.796901
0.792958
0.811655
0.81504
0.817881
0.813172
0.810154
0.812243
0.817271
0.816202
0.809645
0.818501
0.819513
0.820267
0.820212
0.808647
0.805354
0.821865
0.827615
0.801547
0.793921
0.809814
0.811956
0.808909
0.815664
0.808362
0.795545
0.80391
0.823128
0.811532
0.802421
0.808474
0.809382
0.80975
0.821631
0.829438
0.821918
0.821747
0.822702
0.818398
0.816589
0.825494
0.820382
0.822475
0.827571
0.816921
0.811316
0.817742
0.814342
0.799289
0.808626
0.810296
0.794412
0.80044
0.820796
0.817691
0.79585
0.806503
0.818007
0.805788
0.808679
0.822648
0.821566
0.808674
0.819475
0.8271
0.8271
0.824315
0.834082
0.832614
0.820999
0.82063
0.816445
0.810717
0.815174
0.808981
0.801354
0.808422
0.819564
0.815851
0.810421
0.813452
0.809087
0.804705
0.816789
0.823205
0.807328
0.809206
0.824144
0.827046
0.81722
0.817003
0.829801
0.831507
0.812894
0.821357
0.8215
0.813629
0.817805
0.815969
0.810607
0.813282
0.820904
0.8153
0.807305
0.815688
0.81704
0.811857
0.815901
0.817293
0.812229
0.817265
0.827551
0.819271
0.813911
0.824794
0.827543
0.816664
0.819697
0.824231
0.812344
0.79071
0.809795
0.82017
0.801352
0.799548
0.823689
0.82668
0.80152
0.799093
0.82233
0.825745
0.818418
0.821702
0.82575
0.814654
0.81492
0.822313
0.825633
0.819243
0.817823
0.825551
0.820428
0.815335
0.822536
0.822536
0.822627
0.815181
0.810304
0.814959
0.802512
0.816031
0.827966
0.814447
0.802207
0.816192
0.820043
0.804774
0.807772
0.825246
0.827672
0.815752
0.811033
0.823411
0.835995
0.83213
0.824587
0.829069
0.831902
0.8204
0.813338
0.81872
0.818915
0.805701
0.803026
0.81126
0.813717
0.813492
0.81717
0.812473
0.807919
0.815752
0.823759
0.823355
0.812619
0.821698
0.828725
0.8278
0.824048
0.825436
0.824368
0.811351
0.817586
0.834159
0.823623
0.80803
0.815399
0.82935
0.812799
0.804147
0.813582
0.825674
0.821306
0.803533
0.802633
0.817234
0.828825
0.817827
0.822187
0.822851
0.824314
0.820119
0.827745
0.83034
0.826373
0.826373
0.823043
0.819432
0.809865
0.808123
0.820863
0.81414
0.808715
0.808715
0.830268
0.813987
0.800543
0.812494
0.82387
0.821419
0.821419
0.814185
0.829969
0.83395
0.820855
0.816982
0.82624
0.841865
0.828017
0.808248
0.811616
0.833686
0.830951
0.809787
0.808816
0.820141
0.822948
0.8171
0.811888
0.819829
0.81688
0.814966
0.818954
0.814246
0.821803
0.817861
0.82289
0.826304
0.827356
0.825044
0.823973
0.826339
0.838433
0.833456
0.817032
0.816061
0.828484
0.831736
0.806274
0.797042
0.817829
0.831264
0.81075
0.804056
0.821134
0.828825
0.821034
0.818417
0.823563
0.831525
0.840192
0.827138
0.81446
0.813104
0.833818
0.845645
0.825553
0.807091
0.811387
0.826785
0.831751
0.81412
0.803107
0.814714
0.830231
0.828152
0.81446
0.815034
0.819843
0.816556
0.817505
0.8164
0.818465
0.825715
0.829216
0.824416
0.828472
0.829931
0.824207
0.830618
0.830618
0.830618
0.836746
0.824937
0.824937
0.807917
0.814516
0.811358
0.812489
0.821948
0.820291
0.812136
0.829592
0.838784
0.811318
0.836279
0.827911
0.819782
0.837242
0.806638
0.806638
0.813981
0.823138
0.823786
0.823786
0.822068
0.815809
0.821245
0.821536
0.819107
0.813292
0.822786
0.835725
0.830798
0.825926
0.826034
0.832873
0.83185
0.825878
0.823048
0.833608
0.833767
0.816751
0.811462
0.816194
0.826568
0.821937
0.809846
0.811635
0.81646
0.82441
0.8257
0.823606
0.815063
0.814381
0.824466
0.835387
0.833667
0.819782
0.815116
0.824948
0.841232
0.850078
0.833054
0.833054
0.815333
0.807328
0.827035
0.813991
0.803994
0.805046
0.822183
0.834107
0.826259
0.812342
0.806386
0.815939
0.828292
0.830152
0.826849
0.827739
0.826986
0.831088
0.832141
0.836734
0.825001
0.817413
0.82444
0.829972
0.822031
0.816141
0.821613
0.821639
0.818148
0.813569
0.813334
0.821178
0.825723
0.817314
0.815303
0.815241
0.824304
0.833868
0.837492
0.840026
0.833852
0.818141
0.817405
0.821739
0.831841
0.83383
0.823816
0.81136
0.808674
0.815028
0.829946
0.82818
0.820859
0.810061
0.807338
0.820973
0.834185
0.826388
0.826388
0.816434
0.818925
0.825497
0.834924
0.833445
0.82521
0.82523
0.832528
0.828841
0.827828
0.82437
0.812046
0.813298
0.814464
0.811375
0.820634
0.822456
0.818425
0.807223
0.81138
0.822835
0.824875
0.82158
0.818459
0.81588
0.82723
0.835375
0.838609
0.825565
0.820283
0.829966
0.830439
0.826484
0.825565
0.824877
0.829085
0.848868
0.863504
0.852257
0.826317
0.826
0.828108
0.818226
0.821309
0.827322
0.830157
0.824466
0.823621
0.822157
0.821518
0.822817
0.82109
0.819325
0.819834
0.824414
0.822868
0.824214
0.827389
0.827463
0.821487
0.82088
0.823833
0.828841
0.8245
0.825293
0.822676
0.822676
0.826145
0.825438
0.824648
0.820917
0.824119
0.827536
0.827536
0.824747
0.820865
0.828462
0.826579
0.826579
0.822832
0.825202
0.820928
0.825738
0.825029
0.827337
0.824795
0.826886
0.826698
0.825003
0.826054
0.824903
0.828443
0.823392
0.825933
0.826838
0.826712
0.826159
0.824903
0.824903
0.824903
0.822
0.827512
0.825348
0.826864
0.827664
0.827717
0.825354
0.825453
0.822439
0.825003
0.827059
0.827591
0.827231
0.82608
0.828496
0.828574
0.826233
0.823123
0.819165
0.816725
0.818285
0.819403
0.81929
0.821629
0.82256
0.82791
0.831641
0.830715
0.819246
0.809731
0.815573
0.826413
0.825682
0.812025
0.788633
0.76495
0.740258
0.727688
0.710032
0.660719
0.629676
0.610029
0.610632
0.632499
0.669492
0.682406
0.660442
0.655614
0.671537
0.689536
0.682178
0.664975
0.662178
0.667849
0.660667
0.650317
0.654857
0.648661
0.635696
0.624906
0.61747
0.617098
0.60996
0.606691
0.612439
0.610335
0.605486
0.606474
0.603139
0.599776
0.601446
0.603689
0.601932
0.600436
0.599756
0.600481
0.601032
0.601954
0.604303
0.601932
0.604961
0.602943
0.599097
0.600373
0.598922
0.597933
0.599472
0.598371
0.599735
0.599535
0.60013
0.602328
0.603711
0.603031
0.603031
0.600636
0.599384
0.599098
0.599758
0.599758
0.601405
0.601405
0.600877
0.599779
0.599141
0.601383
0.600834
0.599207
0.601579
0.599973
0.598153
0.599229
0.596105
0.59604
0.590806
0.586667
0.586241
0.577092
0.568052
0.566507
0.556004
0.545353
0.531273
0.520576
0.494406
0.458908
0.429809
0.393384
0.372059
0.372654
0.382162
0.39698
0.41396
0.424558
0.43321
0.424912
0.410743
0.395388
0.378476
0.368404
0.362335
0.367486
0.36204
0.358671
0.350766
0.345483
0.335208
0.333799
0.334431
0.333437
0.334107
0.331938
0.327308
0.321306
0.313584
0.316496
0.312071
0.311889
0.313204
0.311427
0.310289
0.308065
0.306626
0.305461
0.309365
0.308841
0.307818
0.305291
0.304154
0.301963
0.303317
0.298797
0.302428
0.305346
0.305186
0.305248
0.300042
0.303362
0.302632
0.301733
0.300146
0.300913
0.298022
0.301733
0.297158
0.302783
0.300271
0.304536
0.304474
0.302051
0.301126
0.302463
0.301707
0.298551
0.299716
0.297484
0.304545
0.301348
0.301162
0.303128
0.303324
0.303067
0.302925
0.302142
0.304661
0.303993
0.304337
0.303424
0.29947
0.304108
0.301902
0.304891
0.305684
0.308567
0.306111
0.306697
0.302827
0.303922
0.304463
0.306022
0.305246
0.304162
0.306778
0.309163
0.306215
0.308131
0.307775
0.30789
0.309509
0.305826
0.305416
0.303949
0.303949
0.304294
0.308103
0.307455
0.306609
0.306029
0.30542
0.297865
0.295364
0.294705
0.299046
0.302915
0.302942
0.306565
0.306432
0.304978
0.299204
0.299433
0.301321
0.306111
0.309581
0.305317
0.303385
0.302088
0.301779
0.305914
0.303395
0.305388
0.305033
0.308744
0.307764
0.305306
0.303966
0.304989
0.304152
0.306717
0.307873
0.307588
0.310577
0.306313
0.306894
0.307069
0.305229
0.309421
0.309537
0.308398
0.305077
0.309001
0.308798
0.303422
0.310373
0.309475
0.312107
0.306877
0.310417
0.310302
0.307222
0.311004
0.306368
0.31297
0.309652
0.308886
0.308808
0.307934
0.309465
0.313912
0.315034
0.312206
0.308645
0.31192
0.309581
0.307829
0.310719
0.31143
0.308442
0.314963
0.313779
0.3128
0.315919
0.313345
0.312899
0.313219
0.312508
0.312206
0.31226
0.311182
0.310968
0.311227
0.315815
0.315539
0.313636
0.315423
0.31499
0.314632
0.314154
0.315265
0.313389
0.315007
0.318411
0.317316
0.3116
0.313967
0.314935
0.31209
0.314731
0.316795
0.315611
0.315436
0.315798
0.315628
0.317846
0.315221
0.318493
0.318376
0.315556
0.316085
0.315996
0.31762
0.314324
0.316965
0.316883
0.320225
0.317487
0.317934
0.314918
0.314082
0.318483
0.318786
0.316634
0.315062
0.315986
0.317568
0.31516
0.315276
0.315959
0.317835
0.316102
0.321176
0.317442
0.318554
0.319057
0.319622
0.317558
0.316679
0.319273
0.320207
0.318609
0.317719
0.317906
0.318466
0.31877
0.317269
0.319578
0.315969
0.318455
0.321624
0.317531
0.316589
0.321974
0.319865
0.319229
0.320143
0.320594
0.322692
0.320833
0.321453
0.321447
0.320534
0.320143
0.319666
0.323571
0.317558
0.31877
0.322521
0.321984
0.321005
0.321912
0.320718
0.32121
0.318376
0.319677
0.322997
0.322011
0.322945
0.320098
0.317978
0.320601
0.321365
0.322261
0.323439
0.320252
0.323357
0.324793
0.320314
0.321221
0.322836
0.324621
0.326568
0.323814
0.323976
0.322872
0.323931
0.321453
0.323959
0.323444
0.32559
0.322244
0.322128
0.321912
0.317756
0.322818
0.320745
0.326078
0.32412
0.323652
0.325311
0.322692
0.321957
0.320646
0.32324
0.325518
0.321857
0.325212
0.323679
0.32358
0.325751
0.322952
0.324522
0.322137
0.324396
0.325284
0.32106
0.325689
0.325221
0.326325
0.323976
0.324192
0.323842
0.324999
0.326524
0.325284
0.324721
0.324075
0.322773
0.324892
0.324147
0.32402
0.322629
0.326469
0.326641
0.327897
0.327853
0.326379
0.324982
0.324711
0.327529
0.323052
0.324666
0.323931
0.323931
0.326235
0.329105
0.32733
0.326361
0.328326
0.328236
0.328236
0.327619
0.326379
0.326524
0.325744
0.326496
0.326695
0.325933
0.325662
0.323976
0.328343
0.328092
0.324838
0.323914
0.325806
0.325933
0.328643
0.328398
0.32541
0.328064
0.326757
0.327186
0.327475
0.325528
0.328326
0.329921
0.328299
0.326407
0.325455
0.325933
0.326757
0.326718
0.330317
0.327412
0.326506
0.326785
0.329015
0.325672
0.326334
0.327186
0.329993
0.329015
0.329232
0.326397
0.328109
0.325257
0.324279
0.327992
0.330844
0.329322
0.326217
0.328099
0.325573
0.325834
0.326613
0.329394
0.328254
0.331777
0.329043
0.329803
0.322629
0.326496
0.330211
0.325304
0.329277
0.329466
0.328662
0.330651
0.326613
0.327547
0.330319
0.329105
0.333036
0.330817
0.327275
0.329639
0.328064
0.328898
0.331089
0.331279
0.330972
0.329956
0.330345
0.328371
0.331107
0.331107
0.33175
0.330138
0.331034
0.329983
0.327574
0.327574
0.329767
0.331974
0.330056
0.329377
0.328182
0.329332
0.330355
0.33184
0.329522
0.329115
0.330754
0.330934
0.329776
0.328209
0.330228
0.329287
0.33031
0.330572
0.331795
0.330772
0.330445
0.33174
0.331832
0.332969
0.333126
0.328354
0.329711
0.330899
0.332292
0.328715
0.331234
0.333091
0.331324
0.327002
0.330038
0.328363
0.329349
0.332175
0.332791
0.331044
0.328371
0.331089
0.332556
0.335235
0.332628
0.334275
0.334502
0.332292
0.332618
0.331895
0.332646
0.333579
0.334675
0.333651
0.331678
0.330256
0.329449
0.333108
0.333108
0.334983
0.331868
0.332501
0.332013
0.335688
0.330021
0.329894
0.331632
0.336403
0.335098
0.330093
0.330355
0.330607
0.333679
0.331759
0.332247
0.332475
0.333887
0.331995
0.331324
0.331723
0.32906
0.331144
0.333597
0.330283
0.333769
0.330944
0.332656
0.335189
0.33463
0.333803
0.33576
0.33576
0.3351
0.330138
0.335189
0.333298
0.332691
0.331587
0.334284
0.335335
0.333859
0.334284
0.333025
0.32925
0.330717
0.331777
0.334357
0.333957
0.335498
0.334692
0.333897
0.33185
0.334835
0.335967
0.334239
0.336076
0.333551
0.333551
0.332752
0.334502
0.332891
0.332673
0.335217
0.334875
0.334792
0.332573
0.333469
0.332718
0.332556
0.335235
0.332383
0.334653
0.330917
0.33432
0.333714
0.334322
0.331785
0.336258
0.334511
0.334584
0.334121
0.330166
0.335407
0.336376
0.335889
0.336313
0.332691
0.334266
0.334709
0.333579
0.334293
0.335098
0.335352
0.332628
0.333289
0.333697
0.333697
0.336264
0.334447
0.336666
0.335352
0.334121
0.332673
0.336067
0.330256
0.332918
0.333959
0.338854
0.333361
0.336331
0.336112
0.334166
0.333451
0.333624
0.334602
0.33548
0.337585
0.336267
0.333243
0.333479
0.334039
0.333551
0.334166
0.334166
0.337399
0.337136
0.3377
0.334329
0.332763
0.332673
0.332501
0.335189
0.334865
0.338523
0.335671
0.333534
0.336376
0.335726
0.334042
0.334429
0.335189
0.335044
0.337336
0.335153
0.334792
0.333641
0.339595
0.335435
0.333769
0.334747
0.33251
0.336777
0.339182
0.337533
0.338141
0.335615
0.337777
0.335189
0.337472
0.336531
0.333857
0.334692
0.337309
0.337281
0.336431
0.335152
0.335498
0.338058
0.340295
0.337561
0.337309
0.334837
0.33548
0.337145
0.340335
0.337309
0.340177
0.335743
0.335743
0.334837
0.336954
0.332347
0.33463
0.338422
0.335833
0.337995
0.338141
0.335635
0.339164
0.340728
0.336531
0.336531
0.338572
0.336756
0.336458
0.335685
0.334584
0.337995
0.333551
0.338535
0.336945
0.334564
0.336358
0.333959
0.335162
0.337118
0.339054
0.332583
0.335525
0.336303
0.337426
0.336493
0.338873
0.337253
0.337008
0.338058
0.336376
0.34015
0.338068
0.335598
0.339154
0.335189
0.335189
0.337063
0.335162
0.338058
0.334148
0.342005
0.338477
0.336303
0.336812
0.337795
0.338517
0.338148
0.33508
0.338304
0.338068
0.337822
0.334557
0.337063
0.336285
0.339119
0.338946
0.338467
0.337163
0.337017
0.337409
0.338383
0.336385
0.335543
0.335217
0.33634
0.339841
0.337795
0.337795
0.335362
0.337527
0.336313
0.334457
0.339914
0.337145
0.336331
0.339383
0.336385
0.338754
0.339987
0.337868
0.33985
0.338131
0.339504
0.334566
0.33699
0.339923
0.33921
0.339182
0.337354
0.335262
0.339923
0.336972
0.335317
0.336726
0.336176
0.338873
0.336385
0.336213
0.333759
0.337685
0.340892
0.342033
0.335643
0.339164
0.336331
0.339164
0.338387
0.338287
0.336431
0.338068
0.339518
0.338741
0.334893
0.339154
0.339483
0.334837
0.340919
0.337895
0.338113
0.338936
0.336621
0.335816
0.336666
0.339227
0.340278
0.337527
0.339182
0.339987
0.336549
0.340937
0.338439
0.335916
0.339969
0.336999
0.338314
0.338432
0.337895
0.338873
0.338873
0.336167
0.33709
0.336467
0.338508
0.340454
0.340527
0.340527
0.339182
0.33699
0.341641
0.339796
0.340909
0.340408
0.337767
0.339036
0.335876
0.339969
0.338927
0.33975
0.338936
0.33985
0.339285
0.339358
0.337253
0.336285
0.337895
0.338981
0.336917
0.338435
0.334692
0.340663
0.336835
0.341276
0.338113
0.339886
0.337649
0.337574
0.341741
0.338645
0.33634
0.34134
0.337045
0.335126
0.341094
0.33794
0.341321
0.338754
0.339577
0.335171
0.33709
0.339121
0.339385
0.338131
0.340262
0.341231
0.337604
0.338717
0.336799
0.3388
0.33985
0.341256
0.339841
0.340436
0.339786
0.339796
0.339823
0.338022
0.342482
0.336681
0.339091
0.339328
0.338991
0.340892
0.337645
0.33518
0.340919
0.339941
0.339227
0.340205
0.340947
0.338927
0.339091
0.340042
0.337922
0.340881
0.340881
0.338123
0.343569
0.339292
0.338141
0.338405
0.33846
0.341055
0.339255
0.341302
0.340087
0.339137
0.342336
0.341055
0.33921
0.337053
0.340627
0.338332
0.339126
0.34187
0.339036
0.33931
0.339137
0.340069
0.337454
0.337762
0.341183
0.340992
0.337627
0.342235
0.34025
0.338685
0.3389
0.341623
0.340816
0.342655
0.340452
0.340892
0.340874
0.338505
0.339923
0.340042
0.337717
0.341156
0.339182
0.342025
0.33557
0.34016
0.343405
0.338963
0.340755
0.339227
0.340222
0.335743
0.339046
0.337868
0.339868
0.342774
0.342372
0.339036
0.340436
0.340982
0.337354
0.341449
0.340463
0.338845
0.3407
0.340004
0.343541
0.340306
0.338095
0.341313
0.340682
0.342409
0.340527
0.341915
0.342865
0.340361
0.340361
0.338141
0.326888
0.317394
0.314404
0.277084
0.237792
0.195872
0.195872
0.162555
0.124762
0.0349467
0.0349467
0.0316645
0.0219828
0.02154
0.0189306
0.018189
0.0212953
0.0213526
0.0171705
0.017556
0.0167581
0.0165385
0.0168144
0.0166486
0.0166486
0.0145028
0.0168681
0.0168681
0.0118318
0.0129034
0.0108105
0.0118318
0.0120503
0.00905133
0.0109211
0.00984665
0.00984665
0.0062095
0.0121599
0.0083591
0.0102318
0.0101213
0.0104481
0.00932342
0.0105603
0.0105603
0.00552211
0.00552211
0.00739467
0.00739467
0.0074493
0.00728431
0.00728431
0.00937814
0.00540976
0.00830619
0.0074493
0.00573825
0.0055188
0.00841638
0.00670311
0.00681233
0.00595505
0.0066458
0.00472201
0.00578993
0.00391568
0.00370252
0.00653808
0.00557038
0.00385966
0.00557459
0.000913685
0.00488477
0.00546751
0.00499392
0.00262399
0.00370049
0.00460975
0.00584737
0.00449493
0.0040261
0.000747877
0.0020358
0.00493815
0.00170998
0.00460544
0.0012943
0.00482639
0.00204087
0.00187624
0.00198788
0.00380524
0.000857975
-0.000856059
-4.74753e-07
-0.000107493
0.00214966
0.00193059
0.00494039
0.00204472
0.00107202
0.00306557
0.00333449
0.000328509
0.00112632
0.00112632
0.000160563
-0.00284558
0.00215247
0.00487761
-0.000592703
0.00332083
0.0033275
0.00129104
0.00145745
0.00113116
0.00113116
0.000379478
0.000325191
0.000272608
0.000323328
-0.00085454
-0.00144839
0.00220405
-0.00155264
-0.00198455
-0.0019377
0.000859323
0.0021463
-0.0026764
-0.00188359
-0.00268527
-0.00375234
-0.00498525
-0.00117788
-4.02194e-06
0.00407904
0.000166884
-0.000801801
-0.000863495
-0.000863495
-0.000859505
0.00107534
0.000384329
-0.000744533
0.00118691
-0.00160684
-0.00160339
-0.00155891
-0.00364571
-0.00272809
0.000544184
-0.00462254
-0.000745968
-0.00472591
-0.0028405
-0.0027321
-0.00101738
-0.0017677
0.00134153
0.000319194
-0.00348331
-0.000432605
-0.00240864
-0.0026291
0.00156272
-0.00734594
-0.00342739
-0.00348721
-0.00342575
-0.00165764
-0.00326674
-0.00246283
5.68521e-05
0.000379478
-0.00358561
-0.000532283
-0.00240524
-0.00449894
-0.00240864
-0.00338125
