-0.0788541
-0.0760292
-0.0756837
-0.0732037
-0.0737986
-0.0771202
-0.0744941
-0.0739502
-0.0767235
-0.0767354
-0.0784692
-0.0735888
-0.0752753
-0.0764022
-0.0736003
-0.0736003
-0.0736569
-0.0718329
-0.0718329
-0.0739108
-0.0811843
-0.0759002
-0.0759002
-0.0818642
-0.0765488
-0.0767708
-0.0788541
-0.0749487
-0.0771322
-0.0733271
-0.0820627
-0.0820627
-0.0739969
-0.0773663
-0.0758425
-0.0833623
-0.0749024
-0.077703
-0.0797578
-0.0703328
-0.0764022
-0.0777514
-0.0751124
-0.0757541
-0.0757541
-0.0779013
-0.0739737
-0.0745173
-0.0763901
-0.0726087
-0.074319
-0.0781722
-0.0754973
-0.0815563
-0.0777273
-0.0771081
-0.0771081
-0.0763781
-0.0795249
-0.0758939
-0.0782467
-0.0809484
-0.079251
-0.07587
-0.0762905
-0.0738101
-0.071901
-0.0755208
-0.0743346
-0.0744051
-0.0751007
-0.0732263
-0.0737986
-0.0745518
-0.0745518
-0.0720881
-0.0744824
-0.073379
-0.0741719
-0.0801916
-0.075434
-0.0738101
-0.0745631
-0.0745631
-0.0755732
-0.0720881
-0.0736003
-0.0740975
-0.0789881
-0.0789881
-0.0759936
-0.0771587
-0.0768346
-0.0726715
-0.0781603
-0.0781603
-0.0762276
-0.0764378
-0.0779498
-0.0763853
-0.0777394
-0.0777394
-0.0763024
-0.0763024
-0.0707516
-0.0766005
-0.0750889
-0.0758308
-0.077156
-0.077156
-0.0752872
-0.0771441
-0.0764141
-0.0774058
-0.0767867
-0.0766124
-0.0751007
-0.0749141
-0.0775529
-0.0775529
-0.0783224
-0.0722863
-0.0722863
-0.0764141
-0.073402
-0.0745173
-0.0764496
-0.0769338
-0.0769338
-0.0762039
-0.0762039
-0.0747041
-0.0745173
-0.0772434
-0.0772434
-0.073379
-0.0788541
-0.0734134
-0.0734134
-0.0766244
-0.0734247
-0.0703441
-0.0749141
-0.0749024
-0.0749024
-0.0806275
-0.0750889
-0.0781362
-0.0752872
-0.078682
-0.0781362
-0.0796107
-0.077033
-0.0777273
-0.0777273
-0.0748906
-0.075882
-0.077033
-0.077033
-0.0790157
-0.0779498
-0.0734247
-0.0771202
-0.0727957
-0.0780996
-0.0735422
-0.0781119
-0.0761919
-0.072275
-0.0749024
-0.0754973
-0.079251
-0.08205
-0.0749024
-0.0735103
-0.078533
-0.078533
-0.0750889
-0.0764496
-0.0749257
-0.0749257
-0.0724959
-0.0752872
-0.0774299
-0.0768108
-0.0772074
-0.0772074
-0.0740506
-0.0760292
-0.076426
-0.0760682
-0.0794248
-0.0728926
-0.0723088
-0.0744282
-0.0745173
-0.0746924
-0.0764378
-0.0786945
-0.0724618
-0.0761799
-0.0781483
-0.0748134
-0.0732194
-0.0773306
-0.0760682
-0.0788419
-0.080167
-0.0811343
-0.0805764
-0.0753224
-0.0773064
-0.0768465
-0.0762039
-0.0722521
-0.0781119
-0.0725465
-0.0766362
-0.0781362
-0.0772074
-0.0792264
-0.0754854
-0.0736509
-0.0728582
-0.0765606
-0.0788541
-0.0788541
-0.0709722
-0.0777273
-0.0772074
-0.0776162
-0.0772195
-0.0781483
-0.0783102
-0.0734528
-0.0745801
-0.0745801
-0.0759176
-0.0759176
-0.0770091
-0.0770091
-0.0741952
-0.0772434
-0.0763901
-0.0762394
-0.0741365
-0.0758191
-0.0782856
-0.0772074
-0.0748788
-0.0726943
-0.076041
-0.0783224
-0.0766244
-0.0766244
-0.0724618
-0.0784329
-0.0771081
-0.0758425
-0.0763386
-0.0758072
-0.0780361
-0.076426
-0.0775169
-0.0754572
-0.0777273
-0.0739969
-0.0739969
-0.0771322
-0.0771441
-0.0769338
-0.0775409
-0.0749024
-0.0769218
-0.0751887
-0.0791379
-0.0756207
-0.0756207
-0.0786313
-0.0771322
-0.0750488
-0.0754223
-0.0754223
-0.0745404
-0.0741321
-0.0741321
-0.0749141
-0.0786435
-0.0732037
-0.0732037
-0.0762744
-0.077156
-0.0747273
-0.0750139
-0.080167
-0.0758308
-0.0729825
-0.0738215
-0.0735369
-0.0749141
-0.0749141
-0.0750139
-0.0779498
-0.0771796
-0.0731922
-0.0788541
-0.0736003
-0.0764378
-0.0775409
-0.0775409
-0.0789175
-0.0745801
-0.0794738
-0.075299
-0.0728407
-0.0769218
-0.0762039
-0.0762039
-0.0779135
-0.0732037
-0.0732037
-0.0783961
-0.0756441
-0.0749372
-0.0745518
-0.0745057
-0.0745057
-0.0762394
-0.069845
-0.0739737
-0.0765251
-0.073215
-0.0726829
-0.0777514
-0.0777514
-0.0755325
-0.0792753
-0.0760055
-0.0760055
-0.078533
-0.0768227
-0.0767354
-0.0767354
-0.0779378
-0.0779378
-0.0796479
-0.0707739
-0.0747503
-0.0753107
-0.0747041
-0.0794371
-0.0772074
-0.0740199
-0.0740199
-0.0718785
-0.0769098
-0.0751124
-0.0743533
-0.0718785
-0.0796479
-0.0796479
-0.0718558
-0.0776282
-0.0776282
-0.0774058
-0.0757074
-0.0766244
-0.0788174
-0.0740975
-0.0740975
-0.074319
-0.0753107
-0.0757192
-0.0757192
-0.0773185
-0.0748788
-0.0763781
-0.0747388
-0.0780722
-0.0731807
-0.0764141
-0.0760292
-0.0711252
-0.0751241
-0.0764496
-0.0757426
-0.0768227
-0.0750889
-0.0746035
-0.0777152
-0.0777152
-0.0788297
-0.0788297
-0.0790525
-0.0774178
-0.0788419
-0.0747503
-0.0762158
-0.0811216
-0.0783224
-0.0756673
-0.0750889
-0.0775529
-0.0741548
-0.0741548
-0.0771202
-0.0746924
-0.0731136
-0.0756557
-0.0736345
-0.0757953
-0.0790403
-0.0753107
-0.0748906
-0.0748906
-0.0760526
-0.0753988
-0.0784962
-0.0737124
-0.0737124
-0.0749141
-0.0749141
-0.0764378
-0.0764378
-0.0747157
-0.0739337
-0.073215
-0.0698339
-0.0735888
-0.0781362
-0.0746806
-0.0779498
-0.0779498
-0.0767867
-0.0790525
-0.0740084
-0.0722636
-0.0775648
-0.0766244
-0.0766244
-0.0722976
-0.077156
-0.0786917
-0.0726715
-0.080564
-0.080564
-0.0758191
-0.0779135
-0.0779135
-0.075299
-0.0749487
-0.0751007
-0.0751007
-0.0690523
-0.0746806
-0.0737755
-0.0737755
-0.0755557
-0.0764378
-0.0751124
-0.0731922
-0.0737638
-0.0769849
-0.0769849
-0.0773544
-0.0762158
-0.0779257
-0.0771322
-0.0724959
-0.0724959
-0.0738101
-0.0728926
-0.0728926
-0.0752872
-0.0783224
-0.077033
-0.077033
-0.073962
-0.0770211
-0.0770211
-0.0773936
-0.0760292
-0.0760292
-0.0795593
-0.0747273
-0.072054
-0.0775529
-0.0767825
-0.0760174
-0.0752872
-0.0779257
-0.0758939
-0.0782979
-0.0764729
-0.0768108
-0.076041
-0.0742068
-0.0777152
-0.0741836
-0.072275
-0.080564
-0.0785451
-0.0790647
-0.0764378
-0.0768227
-0.0751124
-0.0720768
-0.0738101
-0.0739737
-0.0775409
-0.0773064
-0.0731807
-0.0731807
-0.0754854
-0.0775648
-0.0771678
-0.073379
-0.0770211
-0.0762158
-0.0727056
-0.0763901
-0.0764141
-0.0762158
-0.0762276
-0.0740427
-0.0740427
-0.0765763
-0.0751007
-0.0730053
-0.0812937
-0.0737986
-0.0737986
-0.0726715
-0.0771322
-0.0724618
-0.0800051
-0.0760292
-0.0760292
-0.0725974
-0.071317
-0.0753686
-0.0784692
-0.0797454
-0.0766005
-0.0807224
-0.0724959
-0.0722521
-0.07232
-0.0777273
-0.0726829
-0.0742724
-0.0742724
-0.0779378
-0.0797823
-0.0765606
-0.0706086
-0.0722863
-0.0741435
-0.0773781
-0.0737986
-0.0754973
-0.0736231
-0.0786435
-0.0724959
-0.0755091
-0.0755091
-0.0755091
-0.074867
-0.077703
-0.076426
-0.076426
-0.0698779
-0.079251
-0.0758072
-0.0758072
-0.0766124
-0.0753341
-0.0768346
-0.0740199
-0.074825
-0.0762784
-0.0745918
-0.0786556
-0.0732546
-0.075299
-0.0742068
-0.0779498
-0.0773306
-0.0779378
-0.0788174
-0.0742297
-0.0768465
-0.0758425
-0.0749024
-0.0758542
-0.0758542
-0.0779618
-0.0774058
-0.078533
-0.078533
-0.0794124
-0.0757192
-0.0757192
-0.076997
-0.076997
-0.079809
-0.0754085
-0.0787678
-0.0787678
-0.0747784
-0.0729152
-0.0784572
-0.0733905
-0.074867
-0.0732429
-0.0713687
-0.0747547
-0.0738329
-0.0786435
-0.0781362
-0.0781362
-0.0755441
-0.0739853
-0.0743935
-0.0745918
-0.0750118
-0.0713799
-0.0713799
-0.0638123
-0.0653782
-0.0628825
-0.0622576
-0.0578296
-0.0578296
-0.0606583
-0.0576221
-0.0551785
-0.0585423
-0.0610328
-0.0619944
-0.0653246
-0.0615781
-0.0541239
-0.0505902
-0.0540954
-0.0552125
-0.0525066
-0.0525066
-0.0575841
-0.0652133
-0.0768381
-0.0794813
-0.0870295
-0.0904145
-0.0965633
-0.100187
-0.102318
-0.109492
-0.10899
-0.118975
-0.123407
-0.131657
-0.135977
-0.141522
-0.141686
-0.141499
-0.151164
-0.144362
-0.146637
-0.153349
-0.152328
-0.156867
-0.162906
-0.156546
-0.158736
-0.158736
-0.161815
-0.1626
-0.156266
-0.155636
-0.158318
-0.153996
-0.155844
-0.151751
-0.151751
-0.155483
-0.149089
-0.147621
-0.149373
-0.147468
-0.147468
-0.146784
-0.141832
-0.14102
-0.141724
-0.136567
-0.13713
-0.13713
-0.131793
-0.125857
-0.12781
-0.1225
-0.125585
-0.113053
-0.113053
-0.108096
-0.114884
-0.108596
-0.106405
-0.106405
-0.104929
-0.101485
-0.102177
-0.102998
-0.100616
-0.0952592
-0.0952592
-0.098841
-0.112556
-0.12485
-0.123817
-0.123817
-0.133102
-0.133102
-0.140794
-0.143842
-0.144988
-0.146093
-0.14363
-0.143481
-0.143481
-0.14607
-0.140652
-0.139277
-0.138431
-0.139341
-0.14063
-0.137444
-0.138701
-0.13778
-0.138192
-0.137704
-0.14209
-0.143389
-0.141591
-0.135809
-0.134442
-0.136025
-0.130801
-0.130801
-0.13276
-0.13276
-0.127582
-0.128932
-0.128932
-0.127562
-0.124348
-0.126954
-0.121117
-0.127805
-0.127805
-0.125508
-0.126529
-0.126529
-0.12603
-0.130046
-0.126811
-0.128948
-0.129118
-0.127635
-0.125884
-0.127617
-0.124881
-0.126099
-0.126099
-0.128029
-0.129127
-0.127635
-0.128253
-0.124401
-0.124401
-0.127626
-0.127626
-0.131949
-0.126605
-0.124983
-0.127206
-0.128948
-0.124426
-0.126081
-0.127009
-0.124195
-0.128029
-0.129127
-0.129716
-0.129716
-0.126502
-0.126502
-0.128988
-0.129533
-0.128858
-0.118216
-0.118216
-0.119419
-0.123611
-0.112764
-0.112764
-0.11202
-0.114352
-0.114352
-0.117911
-0.116791
-0.112061
-0.111424
-0.107593
-0.107593
-0.115397
-0.112223
-0.112754
-0.108556
-0.110737
-0.107144
-0.107144
-0.11459
-0.114322
-0.111573
-0.11248
-0.11027
-0.116791
-0.112494
-0.113782
-0.115023
-0.115008
-0.111928
-0.117621
-0.112417
-0.115442
-0.113444
-0.116936
-0.118254
-0.114061
-0.117576
-0.119891
-0.116652
-0.112898
-0.110609
-0.110685
-0.0985991
-0.103385
-0.103385
-0.0988591
-0.0943177
-0.102482
-0.0994308
-0.0994308
-0.101314
-0.0989318
-0.0981169
-0.0998522
-0.103685
-0.103486
-0.103486
-0.10342
-0.100867
-0.1017
-0.108054
-0.108299
-0.102188
-0.102188
-0.109045
-0.109045
-0.109327
-0.104789
-0.107523
-0.107523
-0.111034
-0.111034
-0.107799
-0.110327
-0.10932
-0.104518
-0.104518
-0.106509
-0.108935
-0.106932
-0.110149
-0.108337
-0.106297
-0.110629
-0.106098
-0.107818
-0.105206
-0.105206
-0.105816
-0.105816
-0.112556
-0.114487
-0.118026
-0.122907
-0.127319
-0.13035
-0.13035
-0.131087
-0.137938
-0.137171
-0.14011
-0.133765
-0.131243
-0.131243
-0.133636
-0.129123
-0.130625
-0.133157
-0.13344
-0.13344
-0.130683
-0.125292
-0.129379
-0.126486
-0.127199
-0.127199
-0.129123
-0.129979
-0.12628
-0.123756
-0.131292
-0.131292
-0.126263
-0.129379
-0.129379
-0.125044
-0.124315
-0.131891
-0.12889
-0.12889
-0.127809
-0.131411
-0.124065
-0.124065
-0.124279
-0.12694
-0.12694
-0.122443
-0.127585
-0.126408
-0.127182
-0.127182
-0.124443
-0.129557
-0.122641
-0.128871
-0.125379
-0.13386
-0.12888
-0.12434
-0.126967
-0.126967
-0.130261
-0.123319
-0.126151
-0.124563
-0.126967
-0.125602
-0.127773
-0.126761
-0.126066
-0.123258
-0.125482
-0.128253
-0.128056
-0.128047
-0.122685
-0.125027
-0.125259
-0.124581
-0.12392
-0.126967
-0.127635
-0.129154
-0.129154
-0.127026
-0.127026
-0.126057
-0.127617
-0.12742
-0.122607
-0.122607
-0.129782
-0.121723
-0.126546
-0.123525
-0.126331
-0.130252
-0.130252
-0.126486
-0.122822
-0.12586
-0.12586
-0.126546
-0.124761
-0.127438
-0.12725
-0.127026
-0.129585
-0.129585
-0.124813
-0.12392
-0.127626
-0.12996
-0.12996
-0.125224
-0.12374
-0.124726
-0.127173
-0.126967
-0.126967
-0.126134
-0.126134
-0.126057
-0.124426
-0.123714
-0.125928
-0.126254
-0.124357
-0.124357
-0.121817
-0.124821
-0.126134
-0.126134
-0.12525
-0.12525
-0.126564
-0.11787
-0.11787
-0.124418
-0.12725
-0.125954
-0.125954
-0.121603
-0.126211
-0.121611
-0.125302
-0.122685
-0.122685
-0.128253
-0.125053
-0.122891
-0.124401
-0.126623
-0.126623
-0.123105
-0.127927
-0.122298
-0.118581
-0.12531
-0.12531
-0.122891
-0.122092
-0.124435
-0.122891
-0.123954
-0.122257
-0.122257
-0.119428
-0.121595
-0.123061
-0.123328
-0.125731
-0.121397
-0.125919
-0.121817
-0.121928
-0.1235
-0.124589
-0.124804
-0.126117
-0.125233
-0.12483
-0.12549
-0.127608
-0.132015
-0.126767
-0.119412
-0.123981
-0.121956
-0.122685
-0.119428
-0.119428
-0.119428
-0.124409
-0.120496
-0.122446
-0.124615
-0.120327
-0.120327
-0.121159
-0.120702
-0.124821
-0.126099
-0.124409
-0.124607
-0.119482
-0.124667
-0.126125
-0.124195
-0.121619
-0.124624
-0.124624
-0.127197
-0.127026
-0.126743
-0.124143
-0.124607
-0.122891
-0.122891
-0.121183
-0.125242
-0.121533
-0.117886
-0.122907
-0.122907
-0.123508
-0.12507
-0.124898
-0.122221
-0.123569
-0.119008
-0.123328
-0.124418
-0.123105
-0.122599
-0.127635
-0.127635
-0.116105
-0.125448
-0.122641
-0.1241
-0.128751
-0.12022
-0.12022
-0.126066
-0.120512
-0.125654
-0.125654
-0.124126
-0.12483
-0.119128
-0.123534
-0.125714
-0.124546
-0.122641
-0.127823
-0.127823
-0.124315
-0.12052
-0.122846
-0.125448
-0.123319
-0.12355
-0.125627
-0.125627
-0.122426
-0.125962
-0.128235
-0.122624
-0.122624
-0.120891
-0.125242
-0.119207
-0.120632
-0.12586
-0.124813
-0.124813
-0.122426
-0.127814
-0.122402
-0.122229
-0.12022
-0.12022
-0.123138
-0.123962
-0.125919
-0.118076
-0.120434
-0.123706
-0.125207
-0.125207
-0.123303
-0.121191
-0.121191
-0.120266
-0.121611
-0.121611
-0.129154
-0.123294
-0.124178
-0.122924
-0.122504
-0.120006
-0.125242
-0.123225
-0.125044
-0.123731
-0.122874
-0.126108
-0.126108
-0.121191
-0.120084
-0.12048
-0.122196
-0.12271
-0.122624
-0.122624
-0.121642
-0.122204
-0.124958
-0.124555
-0.123061
-0.119824
-0.119824
-0.122599
-0.122599
-0.124401
-0.123929
-0.12064
-0.126331
-0.123097
-0.125937
-0.128357
-0.12845
-0.121809
-0.120496
-0.120496
-0.128441
-0.124384
-0.12325
-0.117467
-0.124555
-0.124555
-0.123216
-0.121121
-0.121105
-0.121817
-0.126314
-0.126066
-0.12241
-0.12241
-0.123946
-0.121937
-0.127585
-0.127197
-0.122451
-0.11829
-0.126794
-0.120977
-0.122677
-0.124409
-0.118977
-0.118977
-0.125739
-0.125508
-0.125508
-0.125705
-0.120771
-0.120771
-0.125731
-0.119001
-0.123748
-0.123748
-0.120068
-0.120068
-0.122126
-0.124632
-0.117784
-0.12483
-0.123027
-0.123027
-0.123113
-0.120375
-0.124426
-0.12029
-0.122402
-0.121525
-0.121525
-0.123525
-0.123912
-0.124418
-0.124418
-0.129163
-0.121389
-0.124349
-0.11806
-0.122167
-0.122015
-0.12725
-0.12725
-0.125833
-0.123946
-0.130646
-0.129576
-0.121937
-0.124717
-0.124152
-0.121953
-0.123723
-0.126143
-0.124332
-0.12259
-0.126958
-0.126958
-0.125833
-0.124135
-0.127429
-0.122151
-0.125877
-0.123929
-0.123044
-0.125164
-0.12325
-0.123489
-0.124117
-0.117609
-0.117609
-0.123267
-0.122599
-0.127146
-0.126725
-0.123294
-0.118511
-0.120298
-0.122237
-0.126958
-0.121311
-0.121739
-0.122109
-0.122109
-0.123088
-0.118234
-0.124126
-0.123662
-0.124468
-0.124468
-0.124872
-0.124872
-0.128665
-0.124288
-0.124126
-0.120623
-0.120623
-0.120623
-0.125242
-0.122907
-0.122487
-0.122273
-0.121714
-0.123929
-0.124203
-0.124143
-0.122212
-0.120022
-0.120228
-0.12507
-0.127017
-0.120939
-0.122693
-0.126331
-0.120006
-0.116326
-0.116326
-0.123207
-0.122641
-0.118044
-0.127585
-0.124117
-0.123627
-0.123627
-0.124632
-0.120632
-0.124563
-0.124555
-0.119784
-0.122253
-0.127173
-0.124615
-0.121747
-0.126734
-0.123019
-0.119784
-0.123275
-0.123464
-0.120228
-0.125842
-0.125842
-0.124135
-0.124135
-0.125027
-0.120837
-0.12367
-0.119548
-0.12325
-0.125019
-0.125019
-0.127823
-0.122367
-0.122641
-0.122641
-0.124744
-0.122616
-0.121319
-0.125216
-0.122306
-0.118985
-0.121364
-0.124195
-0.123328
-0.124615
-0.12308
-0.12308
-0.126134
-0.119191
-0.119191
-0.126236
-0.12241
-0.124555
-0.122204
-0.129154
-0.11961
-0.11961
-0.124898
-0.124821
-0.116382
-0.116382
-0.121483
-0.121483
-0.123808
-0.121121
-0.124838
-0.123508
-0.123645
-0.127979
-0.127979
-0.124735
-0.127608
-0.120607
-0.118092
-0.123447
-0.121809
-0.120204
-0.118693
-0.120702
-0.121105
-0.121801
-0.121121
-0.119603
-0.119603
-0.120883
-0.121397
-0.12543
-0.119397
-0.117894
-0.123311
-0.117909
-0.122685
-0.119603
-0.120908
-0.119998
-0.122196
-0.122883
-0.125868
-0.122462
-0.122632
-0.120282
-0.124726
-0.124726
-0.12071
-0.121105
-0.122023
-0.122685
-0.121525
-0.127909
-0.120702
-0.12029
-0.119894
-0.119894
-0.12483
-0.12483
-0.119334
-0.118795
-0.121706
-0.125688
-0.123105
-0.125036
-0.120694
-0.123483
-0.123483
-0.12241
-0.12241
-0.126349
-0.122891
-0.121982
-0.123525
-0.120726
-0.120726
-0.123517
-0.123027
-0.123242
-0.12422
-0.12422
-0.12422
-0.118581
-0.123723
-0.122496
-0.122479
-0.122479
-0.119824
-0.122006
-0.122607
-0.125019
-0.122402
-0.123525
-0.123525
-0.119688
-0.119688
-0.119603
-0.122616
-0.127146
-0.121492
-0.121492
-0.121525
-0.118511
-0.121809
-0.124178
-0.123792
-0.124838
-0.124838
-0.119389
-0.118313
-0.122624
-0.119886
-0.122134
-0.122134
-0.122838
-0.117838
-0.123464
-0.12283
-0.121343
-0.118907
-0.126734
-0.125164
-0.123525
-0.121319
-0.121603
-0.121603
-0.119595
-0.127617
-0.127617
-0.122245
-0.122212
-0.123937
-0.123937
-0.122838
-0.119792
-0.123052
-0.121327
-0.122204
-0.12343
-0.12343
-0.12071
-0.12071
-0.123122
-0.123731
-0.121327
-0.121327
-0.121113
-0.121113
-0.123036
-0.121097
-0.123303
-0.121421
-0.121421
-0.121421
-0.118274
-0.12048
-0.122393
-0.119998
-0.117388
-0.117388
-0.122846
-0.126057
-0.12301
-0.123258
-0.123258
-0.12525
-0.12525
-0.119998
-0.124752
-0.125851
-0.11912
-0.12889
-0.12889
-0.120582
-0.12234
-0.124073
-0.122443
-0.123439
-0.128029
-0.128029
-0.12283
-0.125379
-0.123447
-0.127576
-0.120409
-0.125242
-0.123929
-0.117807
-0.124546
-0.123636
-0.120149
-0.121311
-0.119334
-0.122142
-0.121043
-0.122134
-0.125044
-0.121097
-0.125448
-0.125448
-0.122134
-0.121747
-0.123525
-0.128441
-0.119326
-0.126125
-0.127411
-0.121525
-0.119816
-0.121153
-0.124117
-0.117198
-0.117198
-0.125456
-0.124349
-0.123954
-0.122632
-0.121541
-0.124401
-0.12434
-0.121801
-0.122838
-0.120236
-0.118915
-0.123027
-0.120298
-0.125233
-0.125884
-0.122616
-0.121509
-0.123439
-0.121113
-0.121113
-0.122134
-0.120883
-0.124135
-0.120694
-0.121801
-0.123645
-0.120899
-0.123088
-0.124401
-0.116794
-0.124332
-0.119998
-0.119618
-0.11639
-0.122616
-0.122616
-0.123517
-0.123903
-0.123903
-0.123105
-0.118526
-0.123328
-0.123286
-0.12199
-0.122891
-0.119792
-0.122418
-0.12071
-0.121982
-0.119175
-0.120068
-0.126349
-0.122899
-0.125181
-0.126151
-0.119832
-0.125027
-0.126555
-0.119191
-0.12064
-0.121343
-0.120686
-0.121509
-0.120669
-0.12234
-0.120702
-0.124649
-0.123653
-0.124366
-0.122751
-0.116098
-0.122562
-0.11719
-0.124769
-0.123851
-0.126958
-0.121549
-0.120006
-0.120006
-0.121311
-0.125439
-0.125851
-0.117141
-0.122167
-0.125928
-0.123216
-0.121509
-0.122838
-0.11961
-0.12543
-0.126725
-0.12434
-0.124332
-0.126949
-0.124109
-0.120899
-0.119595
-0.125207
-0.125207
-0.122348
-0.122855
-0.121311
-0.121113
-0.121747
-0.120845
-0.122624
-0.125645
-0.121945
-0.124323
-0.11912
-0.126537
-0.124529
-0.125456
-0.121137
-0.123294
-0.123748
-0.126134
-0.126134
-0.121327
-0.121327
-0.120393
-0.12501
-0.12501
-0.118519
-0.123233
-0.126913
-0.122175
-0.119524
-0.121153
-0.124418
-0.125044
-0.120022
-0.120648
-0.120014
-0.124143
-0.120014
-0.122204
-0.122641
-0.124435
-0.122126
-0.117261
-0.126537
-0.120212
-0.119754
-0.122426
-0.120409
-0.120092
-0.123783
-0.123783
-0.124607
-0.127644
-0.119389
-0.121792
-0.125439
-0.123525
-0.120908
-0.120908
-0.123294
-0.121809
-0.122599
-0.123886
-0.120656
-0.121327
-0.127773
-0.123061
-0.123061
-0.119397
-0.125619
-0.121801
-0.118985
-0.124813
-0.122632
-0.12045
-0.120615
-0.120306
-0.120306
-0.119808
-0.127352
-0.121509
-0.121509
-0.126151
-0.122418
-0.119199
-0.123242
-0.121525
-0.12458
-0.116809
-0.121809
-0.121809
-0.126597
-0.121137
-0.122196
-0.121739
-0.124143
-0.124143
-0.120496
-0.120496
-0.123937
-0.128957
-0.124804
-0.120014
-0.125242
-0.122599
-0.122599
-0.118709
-0.121525
-0.12241
-0.123525
-0.123525
-0.122151
-0.12634
-0.121731
-0.119105
-0.122204
-0.122204
-0.123311
-0.117609
-0.12434
-0.120496
-0.12525
-0.124023
-0.124023
-0.126349
-0.114473
-0.118534
-0.122693
-0.120038
-0.123525
-0.121998
-0.118962
-0.121525
-0.122632
-0.119405
-0.123294
-0.123294
-0.124607
-0.123456
-0.120652
-0.121969
-0.121145
-0.121129
-0.121747
-0.125053
-0.123105
-0.122245
-0.120512
-0.118297
-0.119183
-0.118724
-0.11639
-0.117807
-0.123731
-0.12483
-0.12483
-0.117403
-0.119151
-0.123714
-0.12045
-0.118779
-0.117276
-0.126357
-0.122668
-0.122649
-0.118922
-0.121525
-0.121525
-0.1235
-0.122479
-0.122179
-0.117396
-0.121397
-0.124555
-0.124555
-0.12064
-0.118772
-0.121397
-0.119199
-0.124357
-0.12434
-0.119618
-0.122212
-0.122624
-0.12199
-0.118099
-0.118099
-0.121335
-0.123294
-0.12241
-0.122393
-0.119222
-0.11987
-0.118772
-0.120718
-0.121739
-0.12283
-0.12392
-0.120038
-0.120038
-0.121105
-0.123286
-0.120908
-0.123311
-0.123311
-0.118581
-0.118581
-0.122204
-0.123525
-0.122932
-0.123517
-0.122487
-0.123937
-0.123937
-0.11832
-0.12507
-0.11768
-0.116794
-0.11961
-0.121389
-0.116588
-0.12071
-0.118114
-0.121723
-0.11719
-0.121849
-0.119808
-0.120212
-0.120282
-0.114871
-0.118589
-0.120573
-0.119878
-0.118985
-0.117092
-0.117092
-0.124641
-0.120932
-0.120932
-0.123723
-0.119878
-0.123122
-0.118076
-0.120924
-0.121549
-0.123517
-0.119183
-0.12634
-0.117467
-0.117688
-0.125027
-0.119405
-0.122487
-0.119397
-0.120282
-0.118297
-0.121319
-0.121327
-0.119373
-0.120488
-0.118795
-0.118772
-0.124409
-0.124409
-0.121113
-0.126743
-0.11935
-0.121928
-0.119405
-0.120623
-0.124615
-0.120409
-0.120908
-0.121105
-0.121105
-0.125842
-0.116801
-0.12003
-0.123044
-0.120718
-0.123052
-0.120282
-0.120282
-0.119405
-0.121776
-0.121405
-0.11968
-0.11968
-0.118566
-0.118566
-0.123954
-0.122031
-0.115047
-0.122426
-0.124941
-0.124941
-0.118036
-0.120496
-0.119342
-0.121731
-0.123283
-0.115218
-0.115218
-0.124967
-0.122459
-0.118177
-0.116588
-0.121587
-0.117672
-0.123929
-0.120993
-0.120632
-0.119626
-0.119854
-0.12022
-0.118328
-0.122805
-0.122805
-0.127429
-0.124838
-0.11999
-0.119326
-0.119326
-0.121565
-0.119951
-0.120401
-0.120401
-0.121113
-0.119096
-0.123233
-0.121937
-0.119911
-0.123328
-0.124426
-0.116478
-0.119482
-0.12374
-0.12241
-0.122616
-0.125722
-0.119878
-0.118764
-0.121335
-0.121335
-0.122451
-0.122693
-0.124752
-0.118993
-0.119808
-0.118487
-0.119626
-0.12374
-0.12029
-0.120426
-0.12301
-0.12301
-0.123697
-0.121731
-0.119373
-0.120488
-0.124761
-0.124126
-0.124126
-0.118993
-0.124607
-0.123929
-0.12483
-0.121129
-0.121809
-0.120274
-0.124109
-0.118274
-0.1198
-0.121113
-0.119816
-0.119721
-0.115416
-0.122607
-0.119096
-0.121723
-0.117403
-0.120204
-0.120204
-0.120282
-0.115481
-0.120993
-0.1238
-0.1238
-0.121603
-0.126125
-0.122693
-0.124152
-0.122813
-0.120916
-0.117665
-0.122948
-0.120694
-0.125714
-0.122023
-0.115005
-0.115005
-0.118787
-0.122462
-0.121731
-0.118566
-0.121809
-0.11961
-0.122891
-0.121603
-0.118368
-0.117055
-0.119824
-0.118795
-0.118795
-0.124632
-0.123989
-0.12229
-0.120472
-0.118503
-0.121335
-0.118092
-0.122649
-0.119412
-0.119175
-0.123946
-0.120504
-0.122846
-0.120022
-0.117014
-0.120527
-0.119595
-0.121784
-0.118993
-0.125928
-0.125928
-0.117956
-0.123328
-0.121603
-0.12501
-0.12501
-0.118114
-0.120702
-0.122229
-0.11897
-0.122015
-0.122015
-0.117823
-0.11961
-0.118677
-0.123122
-0.123748
-0.121121
-0.121121
-0.123714
-0.119199
-0.119326
-0.120718
-0.117269
-0.117269
-0.118076
-0.122702
-0.121998
-0.122863
-0.123714
-0.125833
-0.125833
-0.116382
-0.119405
-0.122179
-0.121595
-0.126357
-0.119381
-0.119381
-0.11787
-0.120615
-0.117665
-0.117665
-0.123027
-0.123027
-0.115679
-0.119183
-0.120092
-0.121373
-0.122212
-0.121525
-0.121389
-0.121105
-0.116984
-0.116984
-0.121311
-0.119579
-0.120212
-0.124847
-0.125679
-0.117901
-0.120496
-0.11961
-0.11961
-0.121097
-0.119001
-0.121097
-0.121097
-0.118732
-0.120496
-0.121792
-0.118985
-0.11829
-0.12241
-0.118084
-0.120565
-0.121397
-0.121397
-0.118352
-0.121525
-0.125044
-0.121817
-0.117205
-0.117205
-0.121982
-0.115537
-0.121381
-0.123586
-0.117451
-0.117451
-0.124152
-0.121327
-0.118092
-0.117567
-0.122702
-0.118764
-0.118099
-0.117396
-0.118313
-0.125027
-0.123525
-0.117482
-0.117482
-0.12071
-0.117886
-0.120504
-0.119389
-0.122846
-0.118581
-0.118581
-0.124426
-0.119603
-0.11829
-0.117284
-0.118368
-0.122426
-0.118779
-0.1198
-0.122418
-0.120298
-0.120565
-0.119191
-0.119191
-0.118709
-0.121801
-0.123517
-0.113897
-0.122838
-0.121784
-0.121784
-0.12199
-0.126614
-0.116573
-0.121121
-0.121381
-0.121381
-0.113359
-0.123294
-0.116588
-0.121183
-0.120969
-0.12029
-0.12029
-0.118581
-0.118581
-0.122599
-0.116809
-0.125679
-0.123491
-0.123491
-0.121327
-0.121998
-0.122221
-0.122221
-0.119008
-0.119008
-0.118891
-0.119603
-0.121397
-0.125422
-0.124684
-0.120669
-0.120669
-0.120282
-0.120573
-0.11771
-0.121319
-0.122212
-0.123706
-0.121121
-0.117388
-0.126623
-0.117863
-0.123303
-0.119222
-0.120274
-0.122426
-0.119207
-0.121097
-0.120038
-0.121587
-0.119389
-0.115772
-0.12029
-0.118883
-0.118883
-0.123723
-0.115885
-0.126555
-0.123069
-0.117411
-0.12003
-0.125036
-0.125036
-0.118915
-0.118993
-0.11961
-0.121801
-0.120092
-0.123174
-0.119412
-0.117055
-0.118581
-0.1235
-0.117213
-0.11897
-0.120694
-0.118954
-0.118954
-0.119878
-0.123122
-0.120899
-0.12071
-0.122221
-0.122221
-0.120367
-0.122693
-0.117078
-0.119397
-0.118841
-0.118802
-0.118787
-0.114849
-0.121603
-0.11987
-0.117474
-0.119405
-0.12157
-0.120496
-0.122023
-0.121982
-0.117688
-0.11832
-0.120472
-0.120472
-0.115694
-0.116595
-0.121373
-0.120306
-0.124374
-0.124589
-0.117878
-0.117055
-0.116184
-0.118993
-0.121619
-0.124195
-0.117261
-0.120694
-0.120787
-0.116977
-0.118724
-0.115963
-0.123113
-0.120006
-0.119626
-0.120908
-0.120496
-0.119603
-0.120694
-0.118883
-0.118883
-0.120496
-0.121998
-0.119603
-0.121311
-0.118305
-0.121294
-0.122179
-0.119112
-0.117878
-0.121809
-0.120108
-0.121397
-0.12319
-0.121482
-0.123577
-0.126811
-0.124847
-0.118344
-0.120108
-0.117474
-0.117284
-0.121603
-0.123036
-0.120006
-0.121191
-0.121191
-0.119207
-0.121351
-0.124915
-0.124915
-0.117396
-0.123052
-0.118962
-0.121635
-0.119269
-0.120916
-0.122023
-0.122607
-0.121731
-0.121113
-0.120924
-0.120702
-0.116801
-0.121611
-0.121611
-0.117886
-0.124435
-0.122883
-0.120022
-0.120022
-0.118993
-0.118993
-0.11636
-0.124143
-0.119626
-0.119626
-0.121175
-0.121175
-0.121809
-0.121809
-0.122334
-0.116644
-0.117552
-0.120344
-0.120344
-0.117331
-0.117339
-0.116269
-0.118574
-0.121183
-0.123122
-0.117727
-0.122273
-0.116232
-0.120092
-0.119878
-0.114636
-0.121175
-0.121175
-0.120367
-0.115992
-0.118147
-0.118147
-0.118787
-0.118787
-0.117497
-0.120092
-0.117155
-0.118834
-0.123157
-0.11968
-0.121252
-0.120344
-0.117964
-0.119276
-0.11636
-0.119269
-0.119269
-0.121175
-0.121191
-0.117964
-0.118445
-0.122968
-0.122968
-0.121809
-0.12103
-0.116666
-0.118131
-0.113757
-0.122212
-0.121397
-0.114864
-0.119397
-0.117695
-0.118495
-0.121664
-0.11942
-0.11942
-0.119673
-0.118643
-0.119261
-0.120686
-0.120557
-0.118558
-0.118558
-0.117695
-0.117436
-0.117316
-0.117316
-0.120916
-0.117901
-0.117276
-0.120581
-0.119665
-0.118841
-0.121167
-0.12235
-0.12235
-0.115055
-0.115055
-0.121191
-0.117269
-0.122023
-0.120916
-0.117459
-0.121611
-0.120512
-0.117878
-0.114445
-0.122257
-0.117474
-0.118985
-0.122084
-0.119389
-0.121595
-0.118437
-0.118993
-0.114452
-0.114452
-0.120282
-0.121199
-0.12157
-0.120969
-0.122237
-0.122237
-0.116453
-0.119191
-0.116763
-0.11949
-0.114864
-0.114055
-0.119261
-0.120779
-0.116176
-0.117353
-0.116794
-0.122092
-0.122092
-0.121587
-0.119657
-0.117474
-0.12048
-0.120969
-0.12199
-0.12199
-0.119894
-0.118224
-0.117396
-0.117048
-0.118962
-0.117672
-0.118092
-0.123122
-0.121458
-0.121397
-0.119008
-0.119167
-0.118566
-0.118566
-0.118558
-0.122273
-0.11961
-0.115963
-0.115963
-0.122677
-0.122907
-0.118779
-0.122418
-0.120908
-0.118954
-0.118954
-0.120977
-0.122023
-0.118772
-0.121862
-0.118398
-0.120779
-0.120557
-0.120557
-0.114537
-0.125319
-0.121587
-0.12006
-0.12006
-0.117331
-0.121191
-0.121175
-0.111172
-0.117459
-0.117459
-0.120573
-0.11143
-0.119451
-0.115956
-0.124418
-0.121611
-0.121611
-0.117743
-0.115559
-0.124212
-0.117901
-0.120076
-0.118779
-0.118779
-0.117695
-0.119389
-0.123792
-0.116666
-0.11787
-0.125687
-0.118566
-0.114672
-0.121801
-0.122479
-0.118092
-0.121587
-0.121587
-0.116397
-0.118344
-0.118344
-0.119792
-0.119673
-0.116191
-0.116191
-0.121183
-0.116147
-0.121405
-0.122693
-0.118139
-0.118139
-0.118772
-0.124392
-0.122685
-0.11961
-0.118581
-0.118772
-0.125044
-0.120763
-0.115566
-0.120076
-0.122015
-0.118282
-0.122665
-0.122685
-0.119587
-0.120924
-0.121619
-0.121389
-0.121627
-0.117964
-0.121603
-0.117467
-0.118107
-0.124384
-0.117276
-0.114452
-0.114452
-0.122221
-0.122221
-0.119397
-0.119673
-0.115545
-0.120092
-0.120092
-0.117261
-0.117544
-0.117537
-0.116431
-0.120314
-0.116872
-0.117688
-0.11624
-0.119261
-0.117933
-0.119657
-0.120771
-0.120771
-0.119207
-0.120969
-0.125508
-0.117735
-0.119237
-0.119237
-0.118147
-0.1159
-0.121578
-0.12157
-0.11685
-0.117339
-0.120977
-0.120977
-0.123396
-0.123396
-0.118841
-0.115126
-0.120969
-0.116644
-0.119665
-0.121381
-0.118154
-0.117269
-0.118985
-0.118772
-0.120504
-0.120504
-0.121089
-0.121587
-0.119199
-0.119397
-0.11961
-0.121121
-0.120068
-0.121089
-0.122907
-0.119063
-0.123903
-0.123903
-0.117916
-0.116581
-0.118651
-0.117925
-0.119749
-0.118826
-0.113608
-0.112351
-0.11994
-0.118802
-0.117063
-0.117063
-0.119757
-0.119902
-0.119902
-0.120977
-0.114736
-0.121405
-0.121183
-0.117467
-0.117467
-0.123706
-0.11768
-0.11768
-0.119673
-0.118566
-0.118985
-0.119191
-0.122685
-0.117956
-0.116404
-0.119878
-0.119284
-0.119284
-0.121167
-0.114636
-0.119665
-0.121792
-0.11768
-0.119055
-0.119055
-0.121381
-0.121381
-0.116629
-0.121381
-0.118391
-0.118604
-0.115304
-0.12071
-0.123122
-0.118795
-0.11897
-0.1198
-0.115077
-0.115077
-0.118282
-0.118693
-0.121619
-0.122479
-0.122479
-0.1201
-0.120512
-0.121603
-0.121619
-0.118352
-0.118352
-0.120092
-0.118764
-0.120306
-0.117695
-0.117269
-0.11768
-0.115488
-0.118566
-0.114856
-0.115069
-0.119474
-0.121825
-0.121825
-0.120961
-0.123328
-0.121767
-0.116375
-0.117886
-0.115451
-0.118282
-0.122179
-0.123303
-0.125027
-0.117688
-0.117688
-0.119016
-0.120236
-0.11942
-0.118084
-0.119808
-0.126537
-0.120496
-0.121121
-0.122196
-0.121982
-0.121113
-0.123525
-0.118313
-0.118779
-0.120726
-0.114586
-0.114041
-0.121603
-0.118566
-0.119055
-0.11961
-0.120718
-0.119047
-0.12199
-0.120076
-0.120076
-0.117459
-0.11968
-0.122822
-0.121129
-0.122874
-0.121792
-0.116977
-0.117688
-0.120908
-0.116707
-0.11529
-0.119207
-0.119207
-0.122479
-0.11646
-0.120258
-0.118274
-0.118534
-0.119397
-0.118779
-0.118779
-0.119595
-0.119824
-0.119365
-0.114629
-0.122229
-0.122229
-0.120565
-0.124624
-0.117695
-0.112259
-0.120961
-0.116834
-0.117085
-0.112259
-0.121603
-0.117269
-0.120068
-0.120068
-0.116659
-0.117878
-0.115552
-0.117063
-0.11968
-0.120512
-0.120512
-0.115133
-0.118154
-0.121183
-0.11968
-0.119688
-0.11624
-0.117688
-0.120755
-0.119199
-0.120282
-0.11968
-0.11949
-0.118574
-0.119603
-0.120314
-0.120755
-0.119894
-0.119397
-0.119397
-0.117894
-0.121421
-0.125352
-0.115971
-0.11862
-0.116659
-0.116573
-0.122059
-0.11768
-0.115552
-0.114232
-0.119269
-0.119269
-0.115361
-0.117956
-0.119008
-0.118368
-0.121009
-0.115495
-0.115495
-0.121167
-0.117791
-0.117791
-0.123122
-0.116595
-0.121207
-0.122685
-0.117672
-0.115488
-0.118581
-0.1198
-0.11961
-0.11961
-0.118526
-0.115268
-0.121113
-0.121611
-0.116296
-0.118092
-0.117886
-0.120488
-0.120875
-0.120718
-0.117925
-0.118581
-0.123912
-0.122512
-0.118162
-0.113486
-0.118899
-0.116169
-0.116169
-0.117878
-0.120726
-0.123706
-0.114672
-0.118383
-0.118383
-0.120006
-0.11529
-0.115765
-0.121784
-0.126151
-0.126151
-0.117276
-0.118242
-0.118922
-0.120527
-0.11836
-0.11836
-0.117497
-0.119603
-0.115148
-0.115133
-0.124615
-0.114452
-0.114452
-0.11987
-0.118685
-0.116404
-0.114452
-0.1201
-0.120375
-0.120375
-0.116842
-0.119863
-0.117055
-0.120352
-0.120352
-0.117063
-0.117474
-0.121389
-0.118368
-0.114452
-0.117765
-0.120969
-0.121405
-0.120993
-0.117971
-0.120314
-0.119482
-0.113345
-0.114041
-0.116794
-0.120573
-0.124014
-0.118154
-0.119673
-0.119673
-0.120763
-0.116375
-0.116375
-0.120953
-0.116397
-0.116075
-0.116075
-0.121784
-0.114048
-0.121998
-0.119191
-0.120274
-0.121595
-0.121595
-0.119175
-0.118487
-0.121525
-0.121595
-0.115956
-0.115956
-0.119595
-0.116565
-0.119381
-0.117743
-0.116992
-0.117182
-0.117182
-0.122487
-0.117878
-0.124632
-0.118282
-0.119784
-0.119784
-0.116191
-0.116191
-0.119412
-0.118772
-0.11961
-0.122023
-0.122023
-0.123714
-0.117617
-0.118915
-0.123525
-0.119603
-0.120488
-0.11768
-0.117419
-0.11768
-0.120969
-0.123319
-0.123937
-0.123937
-0.120426
-0.117901
-0.120656
-0.120694
-0.121533
-0.121533
-0.121533
-0.121998
-0.120306
-0.121373
-0.120512
-0.11961
-0.121311
-0.122899
-0.116184
-0.122418
-0.123508
-0.120282
-0.116771
-0.117467
-0.116801
-0.118922
-0.120718
-0.117014
-0.115963
-0.120908
-0.120092
-0.120092
-0.117007
-0.114629
-0.122624
-0.117949
-0.115672
-0.115672
-0.122221
-0.121809
-0.119253
-0.11961
-0.113345
-0.120512
-0.120068
-0.122281
-0.120787
-0.120344
-0.120076
-0.120076
-0.118154
-0.121595
-0.120581
-0.121784
-0.116162
-0.120068
-0.120068
-0.118566
-0.120154
-0.118162
-0.118162
-0.121619
-0.119199
-0.121603
-0.119253
-0.119253
-0.120718
-0.115956
-0.116375
-0.116375
-0.11768
-0.122891
-0.122891
-0.117672
-0.121611
-0.118779
-0.118779
-0.116445
-0.116659
-0.12241
-0.118383
-0.118313
-0.123328
-0.121809
-0.121191
-0.123036
-0.122221
-0.116176
-0.114651
-0.114651
-0.115664
-0.120648
-0.116984
-0.123723
-0.124769
-0.117291
-0.119397
-0.120472
-0.122616
-0.121549
-0.121714
-0.117601
-0.119603
-0.118313
-0.118487
-0.124632
-0.117434
-0.116786
-0.121525
-0.123491
-0.123491
-0.117886
-0.121121
-0.125164
-0.117419
-0.120615
-0.115877
-0.115275
-0.117269
-0.121549
-0.121549
-0.121517
-0.120426
-0.118503
-0.119516
-0.118503
-0.115232
-0.115232
-0.118875
-0.121533
-0.120434
-0.120891
-0.118802
-0.118574
-0.118574
-0.11817
-0.11829
-0.120718
-0.118574
-0.118574
-0.118297
-0.114579
-0.117855
-0.117855
-0.115077
-0.12048
-0.120084
-0.114168
-0.117474
-0.120977
-0.119001
-0.119595
-0.120426
-0.119665
-0.119665
-0.123344
-0.118574
-0.120779
-0.12422
-0.123731
-0.119405
-0.121525
-0.121595
-0.119451
-0.117863
-0.117863
-0.116864
-0.116864
-0.120977
-0.117878
-0.116382
-0.123286
-0.118787
-0.12422
-0.120084
-0.114416
-0.119824
-0.119618
-0.119459
-0.120084
-0.120084
-0.122899
-0.12308
-0.119595
-0.119688
-0.114366
-0.114366
-0.119673
-0.121792
-0.117048
-0.121792
-0.121635
-0.120977
-0.120977
-0.119397
-0.12531
-0.117048
-0.11704
-0.117909
-0.117909
-0.124607
-0.117482
-0.119397
-0.12356
-0.113345
-0.121175
-0.124195
-0.117688
-0.123328
-0.124006
-0.119397
-0.118282
-0.123998
-0.118724
-0.122443
-0.120924
-0.114871
-0.120076
-0.116595
-0.121389
-0.121578
-0.116367
-0.120409
-0.120891
-0.124409
-0.115933
-0.115933
-0.115933
-0.115933
-0.115933
-0.115933
-0.120771
-0.120282
-0.120282
-0.119001
-0.118581
-0.120661
-0.115537
-0.120924
-0.115268
-0.12006
-0.118092
-0.122015
-0.123517
-0.122245
-0.118313
-0.118922
-0.124014
-0.116124
-0.115275
-0.114871
-0.114871
-0.11636
-0.120115
-0.120115
-0.119222
-0.12003
-0.117672
-0.113147
-0.119894
-0.120985
-0.118581
-0.118581
-0.113366
-0.117246
-0.118581
-0.116864
-0.116864
-0.117331
-0.11968
-0.123404
-0.123404
-0.117291
-0.118383
-0.118383
-0.115758
-0.124135
-0.121001
-0.115084
-0.122916
-0.123989
-0.119214
-0.118787
-0.120694
-0.124212
-0.117878
-0.121973
-0.122462
-0.119474
-0.117941
-0.117941
-0.118779
-0.118779
-0.11514
-0.11514
-0.118787
-0.124649
-0.113147
-0.119183
-0.119405
-0.126331
-0.118092
-0.120899
-0.120899
-0.115503
-0.116191
-0.121903
-0.120702
-0.11771
-0.121809
-0.121809
-0.120787
-0.11778
-0.121381
-0.115133
-0.122512
-0.120916
-0.118985
-0.117284
-0.114643
-0.118636
-0.117878
-0.115331
-0.115331
-0.116489
-0.12025
-0.116886
-0.115877
-0.116794
-0.116794
-0.114892
-0.124426
-0.120891
-0.121421
-0.113792
-0.113792
-0.115133
-0.11897
-0.115743
-0.117063
-0.114034
-0.118864
-0.118864
-0.117269
-0.121801
-0.113565
-0.115503
-0.119276
-0.115488
-0.115488
-0.115545
-0.119886
-0.115679
-0.118368
-0.117007
-0.117007
-0.11848
-0.119381
-0.125516
-0.117916
-0.118391
-0.11685
-0.11685
-0.118558
-0.118115
-0.120581
-0.113643
-0.11907
-0.120084
-0.120084
-0.116198
-0.116565
-0.123783
-0.118084
-0.116588
-0.119587
-0.119587
-0.12229
-0.119459
-0.122281
-0.119474
-0.11707
-0.117894
-0.115779
-0.114247
-0.120274
-0.116595
-0.120052
-0.11836
-0.11836
-0.119595
-0.116771
-0.120993
-0.120993
-0.121389
-0.120274
-0.120274
-0.122221
-0.120306
-0.115701
-0.115503
-0.117695
-0.117695
-0.121215
-0.115978
-0.120463
-0.117672
-0.118849
-0.11448
-0.120589
-0.122023
-0.114899
-0.122273
-0.118977
-0.11778
-0.118756
-0.116225
-0.117291
-0.121595
-0.119917
-0.115268
-0.115956
-0.119696
-0.117489
-0.117489
-0.119365
-0.11829
-0.121767
-0.119428
-0.119428
-0.117269
-0.122899
-0.116864
-0.119167
-0.118658
-0.118658
-0.118937
-0.118337
-0.119191
-0.114048
-0.11015
-0.118756
-0.118756
-0.119618
-0.119183
-0.118977
-0.122496
-0.118282
-0.120916
-0.120916
-0.11881
-0.114459
-0.119824
-0.118297
-0.117306
-0.124169
-0.124169
-0.117552
-0.119397
-0.118162
-0.119175
-0.121792
-0.121792
-0.11707
-0.124203
-0.122932
-0.12052
-0.12052
-0.119001
-0.122446
-0.121215
-0.119199
-0.118122
-0.120858
-0.123816
-0.123816
-0.116756
-0.117014
-0.119389
-0.117894
-0.119405
-0.118352
-0.118352
-0.120401
-0.122668
-0.12229
-0.11874
-0.114373
-0.117228
-0.117228
-0.114665
-0.118864
-0.120916
-0.121113
-0.120677
-0.120677
-0.118604
-0.119776
-0.123594
-0.115552
-0.116732
-0.121343
-0.121343
-0.122435
-0.118305
-0.119151
-0.119726
-0.118297
-0.118352
-0.118352
-0.118129
-0.121183
-0.122092
-0.120488
-0.122891
-0.120686
-0.116367
-0.116345
-0.120607
-0.115091
-0.11848
-0.116573
-0.119389
-0.116651
-0.121159
-0.121159
-0.116666
-0.119482
-0.120875
-0.120875
-0.115346
-0.120027
-0.119688
-0.119688
-0.116169
-0.118574
-0.115361
-0.115361
-0.12168
-0.120488
-0.120488
-0.115451
-0.115451
-0.120092
-0.115466
-0.12052
-0.121175
-0.124615
-0.124615
-0.118099
-0.121541
-0.11961
-0.11961
-0.117372
-0.117085
-0.117085
-0.118747
-0.118772
-0.118772
-0.119397
-0.116794
-0.117695
-0.120512
-0.122237
-0.115985
-0.120092
-0.120068
-0.118795
-0.120977
-0.120977
-0.121001
-0.115069
-0.117672
-0.117672
-0.114672
-0.122702
-0.118487
-0.120496
-0.120092
-0.12501
-0.12501
-0.117482
-0.117878
-0.115892
-0.122805
-0.119524
-0.122668
-0.119548
-0.118993
-0.117878
-0.117594
-0.115069
-0.118857
-0.118857
-0.123105
-0.121159
-0.121159
-0.116992
-0.120993
-0.112735
-0.112735
-0.123816
-0.119657
-0.112742
-0.118977
-0.118977
-0.117007
-0.110548
-0.118993
-0.118779
-0.118779
-0.119199
-0.122273
-0.114459
-0.121191
-0.115956
-0.119191
-0.118779
-0.117971
-0.117971
-0.117552
-0.12084
-0.117269
-0.123981
-0.116296
-0.116296
-0.116588
-0.118162
-0.123775
-0.123775
-0.117482
-0.116794
-0.116794
-0.120298
-0.116992
-0.115758
-0.127308
-0.116232
-0.119291
-0.12071
-0.118717
-0.114594
-0.118604
-0.117269
-0.119412
-0.119412
-0.122616
-0.115488
-0.118368
-0.123105
-0.12071
-0.120589
-0.120589
-0.118099
-0.113366
-0.115963
-0.121113
-0.123311
-0.123311
-0.119191
-0.11855
-0.117497
-0.117497
-0.120504
-0.120504
-0.119199
-0.122212
-0.118795
-0.114466
-0.11829
-0.119618
-0.118772
-0.120702
-0.117878
-0.120726
-0.123783
-0.116558
-0.116558
-0.115566
-0.119443
-0.119603
-0.114268
-0.112749
-0.116382
-0.124203
-0.116864
-0.116281
-0.117014
-0.116098
-0.115473
-0.115473
-0.120092
-0.118092
-0.121327
-0.115077
-0.119482
-0.117474
-0.114275
-0.122496
-0.122496
-0.122496
-0.119792
-0.12284
-0.12284
-0.125227
-0.134236
-0.142614
-0.139559
-0.140573
-0.140003
-0.140003
-0.139985
-0.140353
-0.135886
-0.137918
-0.132069
-0.129822
-0.134668
-0.136041
-0.128445
-0.131094
-0.134131
-0.133285
-0.133285
-0.133473
-0.120821
-0.119243
-0.115699
-0.1096
-0.102427
-0.0901119
-0.0812115
-0.0823131
-0.072834
-0.0669728
-0.0694151
-0.0694151
-0.059654
-0.0568353
-0.0798506
-0.0801797
-0.0747446
-0.0823327
-0.0823327
-0.0786022
-0.0781691
-0.0806941
-0.0834432
-0.075172
-0.075172
-0.0708923
-0.0734037
-0.085733
-0.0844367
-0.0857459
-0.0851625
-0.0851625
-0.0845788
-0.09007
-0.0843192
-0.0828233
-0.0880487
-0.0854171
-0.0848723
-0.0820411
-0.0844998
-0.0874917
-0.0875738
-0.0880353
-0.0852185
-0.0884461
-0.0861172
-0.0887746
-0.0872668
-0.0863551
-0.0863551
-0.0863551
-0.0872668
-0.0902552
-0.090454
-0.0839724
-0.0822024
-0.0822024
-0.0859833
-0.0898577
-0.0880883
-0.0857881
-0.0835624
-0.0835624
-0.0841205
-0.0831399
-0.0889735
-0.0882871
-0.0889735
-0.0901527
-0.0831824
-0.0827981
-0.0914616
-0.0820838
-0.0878913
-0.0885277
-0.0866998
-0.0870193
-0.0811282
-0.0864365
-0.088857
-0.083765
-0.083765
-0.0887532
-0.0847835
-0.0843734
-0.0864496
-0.0851395
-0.0851395
-0.0866614
-0.0853253
-0.0856417
-0.0867656
-0.0877595
-0.0851006
-0.0851006
-0.0826372
-0.0860521
-0.0872956
-0.0839599
-0.0839599
-0.0839599
-0.086925
-0.0845178
-0.0838165
-0.0804136
-0.0804136
-0.0804136
-0.0804136
-0.0844919
-0.0885142
-0.0867941
-0.0866483
-0.0865277
-0.0860261
-0.0840279
-0.087945
-0.0873881
-0.0857485
-0.0850081
-0.0825061
-0.0849951
-0.0833938
-0.0894802
-0.0894802
-0.0866221
-0.0866221
-0.0884595
-0.0836847
-0.0881169
-0.0840426
-0.0874432
-0.0884097
-0.0854714
-0.0813691
-0.0826921
-0.086925
-0.086925
-0.0868207
-0.0868207
-0.0858274
-0.0875076
-0.0847293
-0.0864365
-0.0888301
-0.0843994
-0.0843994
-0.0840023
-0.0864755
-0.0842137
-0.0805752
-0.0857095
-0.0835923
-0.0839599
-0.0856157
-0.0843192
-0.0897416
-0.0858274
-0.0864234
-0.0843447
-0.0843447
-0.084332
-0.0829966
-0.0820964
-0.0839634
-0.0829839
-0.084915
-0.0828359
-0.0835535
-0.0852861
-0.0845306
-0.0834445
-0.0869382
-0.0862378
-0.0821757
-0.0811956
-0.0831952
-0.0824509
-0.0898778
-0.0822696
-0.0822696
-0.084915
-0.0856699
-0.0856832
-0.0849279
-0.087733
-0.0837908
-0.0837908
-0.082295
-0.0816993
-0.0783634
-0.0862116
-0.0851136
-0.0806665
-0.0838833
-0.0874299
-0.0874299
-0.0865171
-0.0852992
-0.0862653
-0.0830764
-0.084585
-0.084585
-0.0861067
-0.0851541
-0.0873491
-0.0857356
-0.0857356
-0.0860802
-0.0843994
-0.0860935
-0.0854978
-0.0813817
-0.0813817
-0.0838165
-0.0823076
-0.0832332
-0.0825613
-0.0807612
-0.0813817
-0.0818979
-0.0794756
-0.0794756
-0.0842265
-0.0809846
-0.0845434
-0.0856832
-0.0823076
-0.0823076
-0.0848341
-0.085391
-0.0839219
-0.0839219
-0.0824553
-0.0827981
-0.0831524
-0.085443
-0.0792771
-0.0820964
-0.0820964
-0.0796741
-0.0796741
-0.0823076
-0.0797566
-0.0774493
-0.0774493
-0.0862116
-0.0836051
-0.0792771
-0.0878913
-0.086013
-0.0845306
-0.0824808
-0.0815676
-0.0824553
-0.0824553
-0.0798849
-0.0833809
-0.0833809
-0.0827047
-0.0890152
-0.0813565
-0.0868339
-0.0802695
-0.0800834
-0.0800834
-0.0846366
-0.0823201
-0.0855239
-0.082295
-0.082295
-0.0840151
-0.0798971
-0.0836589
-0.0836589
-0.0811956
-0.0831145
-0.0831145
-0.0840023
-0.0816993
-0.0873881
-0.0854978
-0.0830093
-0.0834065
-0.0834065
-0.0828233
-0.0827981
-0.0827981
-0.0833809
-0.0833809
-0.0816742
-0.0812897
-0.0812897
-0.0811405
-0.0835923
-0.082109
-0.0826921
-0.0813691
-0.0800587
-0.0824681
-0.0835794
-0.0813565
-0.0831145
-0.0810217
-0.0837908
-0.0851136
-0.0802571
-0.0855239
-0.0855239
-0.0829568
-0.0827047
-0.0859212
-0.0859212
-0.0823076
-0.0816587
-0.0813691
-0.0813691
-0.0836847
-0.0836847
-0.0851937
-0.0804804
-0.0844123
-0.0825312
-0.0825312
-0.0807861
-0.0807861
-0.0820838
-0.0793922
-0.0830891
-0.0830891
-0.0786026
-0.0854846
-0.0819898
-0.0804804
-0.0864906
-0.0823868
-0.0823868
-0.0859601
-0.0859601
-0.0804305
-0.0801492
-0.0826537
-0.0866891
-0.0787603
-0.0787603
-0.0817661
-0.0778581
-0.078983
-0.078983
-0.0821757
-0.0796864
-0.0794878
-0.0794878
-0.0825061
-0.0822441
-0.0822441
-0.0797648
-0.0857095
-0.0815927
-0.0840151
-0.0833132
-0.0833132
-0.0806665
-0.0796618
-0.0886583
-0.0827711
-0.0827711
-0.0815802
-0.0815802
-0.0815802
-0.0870719
-0.0816993
-0.0821339
-0.0834065
-0.0834065
-0.0817912
-0.0844123
-0.0848095
-0.0818979
-0.0790787
-0.0790787
-0.0813817
-0.0811832
-0.0853123
-0.0787845
-0.0795
-0.0795
-0.0798602
-0.0823486
-0.0823486
-0.0860935
-0.07938
-0.07938
-0.0819645
-0.0821757
-0.0831019
-0.0851395
-0.0811956
-0.0806913
-0.0856963
-0.0834862
-0.0841749
-0.0834065
-0.0825187
-0.0825187
-0.0799093
-0.0812492
-0.0834862
-0.0834862
-0.079554
-0.0842137
-0.0842137
-0.084585
-0.0829033
-0.0820838
-0.0807036
-0.0852992
-0.0829438
-0.0829438
-0.0870589
-0.0810217
-0.0809971
-0.0817787
-0.0827047
-0.0827047
-0.0828906
-0.0837779
-0.0828779
-0.0815927
-0.0858274
-0.0817787
-0.0817787
-0.0779665
-0.0779665
-0.0813942
-0.0817912
-0.079554
-0.0823868
-0.0819262
-0.0808398
-0.0840151
-0.0849951
-0.0808524
-0.0817534
-0.0841204
-0.0847704
-0.0825599
-0.0793432
-0.0793432
-0.080728
-0.0814603
-0.0814603
-0.08563
-0.0820148
-0.0789341
-0.0845719
-0.0783875
-0.0817534
-0.0801492
-0.0800587
-0.0846494
-0.0846494
-0.0787234
-0.0837908
-0.0862638
-0.0787057
-0.0817118
-0.0817912
-0.0811956
-0.0792649
-0.0855369
-0.0804014
-0.0811581
-0.0797107
-0.0847549
-0.0826794
-0.0826794
-0.0814883
-0.0787603
-0.0798849
-0.0787358
-0.0803767
-0.0783634
-0.0783634
-0.0802819
-0.0800587
-0.0850211
-0.0830764
-0.0846109
-0.0787845
-0.0787845
-0.0787845
-0.0787845
-0.084889
-0.0819772
-0.0757879
-0.0831397
-0.0795663
-0.0778581
-0.0813817
-0.0840406
-0.0825312
-0.0834192
-0.084598
-0.0830764
-0.0824935
-0.0780445
-0.0818162
-0.080468
-0.080468
-0.0827047
-0.0793556
-0.0808774
-0.0845047
-0.0801863
-0.0801863
-0.0876683
-0.0805172
-0.0815927
-0.0815927
-0.0840426
-0.0823486
-0.0823486
-0.0855109
-0.0835371
-0.0818037
-0.0860011
-0.0810127
-0.083909
-0.083909
-0.0778581
-0.0852067
-0.0882513
-0.0790487
-0.0789991
-0.0789991
-0.0797648
-0.0790487
-0.0789218
-0.0793432
-0.0833004
-0.0807985
-0.0803186
-0.0796985
-0.0807612
-0.0789951
-0.07938
-0.0825854
-0.0810634
-0.0810634
-0.0797524
-0.0798971
-0.0798971
-0.0822312
-0.0807985
-0.078177
-0.0817787
-0.0827173
-0.0809022
-0.0787965
-0.0787965
-0.081939
-0.0790609
-0.0840023
-0.0815103
-0.0793432
-0.0809022
-0.0791815
-0.0761499
-0.0818162
-0.0810634
-0.078429
-0.078339
-0.0823742
-0.0854313
-0.0800956
-0.0826921
-0.0829285
-0.0829285
-0.0802571
-0.0819898
-0.0798849
-0.080443
-0.0789951
-0.0798602
-0.0793678
-0.0793678
-0.0828343
-0.0787603
-0.0867289
-0.0867289
-0.0814476
-0.0814476
-0.0806913
-0.072798
-0.0836976
-0.080468
-0.080468
-0.0786273
-0.0814476
-0.0825726
-0.0804804
-0.083909
-0.083909
-0.0825854
-0.0821883
-0.0792057
-0.0818037
-0.0821502
-0.0792893
-0.0793556
-0.0793556
-0.0814854
-0.0807158
-0.0773402
-0.0823742
-0.0823742
-0.0836976
-0.0782184
-0.080654
-0.0771419
-0.0804804
-0.0804804
-0.0801492
-0.0770202
-0.0850081
-0.0802942
-0.0807036
-0.0807036
-0.0820272
-0.084598
-0.084598
-0.0840688
-0.0827711
-0.07938
-0.0806288
-0.0861067
-0.0832877
-0.081211
-0.0861198
-0.0836163
-0.0836163
-0.0820023
-0.0833132
-0.0844394
-0.0808898
-0.0801617
-0.0822009
-0.0776954
-0.0819772
-0.0798971
-0.0819772
-0.0819772
-0.0799755
-0.0812492
-0.0844788
-0.0812492
-0.0812492
-0.0821883
-0.0769315
-0.0830078
-0.0819518
-0.0831145
-0.0810382
-0.0837104
-0.0844633
-0.0769435
-0.080654
-0.0855498
-0.0826921
-0.0822412
-0.0839217
-0.0841076
-0.0822009
-0.0808898
-0.0836976
-0.0836976
-0.0842673
-0.0778987
-0.0812993
-0.0812993
-0.0804555
-0.0845047
-0.0789587
-0.0848095
-0.0814066
-0.0814066
-0.0801492
-0.0780566
-0.0775386
-0.0799878
-0.0843994
-0.0767451
-0.0767451
-0.0748614
-0.0748614
-0.0834862
-0.0830891
-0.0782428
-0.0763835
-0.0763835
-0.0788257
-0.0837104
-0.0811413
-0.0849278
-0.0790364
-0.078158
-0.078615
-0.0790487
-0.0790487
-0.081646
-0.0818037
-0.0798849
-0.0769554
-0.0801368
-0.0791936
-0.0832748
-0.0860011
-0.0860011
-0.0860011
-0.0826481
-0.0791936
-0.0843062
-0.0881034
-0.0804804
-0.0797648
-0.0798135
-0.0745931
-0.0821883
-0.0789587
-0.0789587
-0.0785496
-0.0819772
-0.0814854
-0.0816587
-0.079777
-0.0859878
-0.0810634
-0.0823995
-0.0816839
-0.0820556
-0.0817912
-0.0796985
-0.0796985
-0.07974
-0.0806789
-0.0806789
-0.0776234
-0.0795663
-0.0808649
-0.0817089
-0.0817089
-0.080443
-0.0837231
-0.0758064
-0.0835245
-0.0808649
-0.0808649
-0.0803725
-0.0829696
-0.0851937
-0.0808144
-0.0808144
-0.0822134
-0.0820683
-0.0775144
-0.0791936
-0.0804804
-0.0782428
-0.0801863
-0.0796149
-0.0795416
-0.0811131
-0.0811131
-0.078664
-0.0841077
-0.0805461
-0.0788624
-0.0806913
-0.0827711
-0.0827711
-0.0814729
-0.0812492
-0.0831681
-0.0773402
-0.0801492
-0.0801492
-0.0831809
-0.0829696
-0.080443
-0.0767451
-0.0780566
-0.0801492
-0.0801492
-0.0801492
-0.078664
-0.0838833
-0.0828092
-0.083909
-0.0809022
-0.0806913
-0.0808649
-0.0808649
-0.0799093
-0.0795167
-0.0823868
-0.081939
-0.0757295
-0.0793922
-0.080505
-0.0754216
-0.081208
-0.0833258
-0.0784655
-0.0826356
-0.0780323
-0.0801492
-0.07974
-0.0803477
-0.0803477
-0.0808649
-0.0797648
-0.0760166
-0.0784167
-0.0771657
-0.0771657
-0.0803601
-0.078158
-0.0781216
-0.0816587
-0.0852596
-0.0799508
-0.0799508
-0.0767331
-0.0767331
-0.0847965
-0.0802695
-0.0780323
-0.0780323
-0.0840007
-0.0784655
-0.0841604
-0.0816333
-0.075235
-0.0868086
-0.0868086
-0.079554
-0.0760166
-0.0814729
-0.0814729
-0.07974
-0.080654
-0.0799755
-0.0799755
-0.0784412
-0.0786396
-0.0786396
-0.07938
-0.0831809
-0.0827966
-0.0827966
-0.0784534
-0.0838961
-0.0838961
-0.0803477
-0.0850743
-0.0790364
-0.0847163
-0.0808898
-0.0816839
-0.0816839
-0.0816587
-0.0824525
-0.0803601
-0.0827839
-0.078429
-0.0867685
-0.0792471
-0.0806789
-0.0780323
-0.0771419
-0.0814979
-0.0814979
-0.0801368
-0.0841204
-0.0786761
-0.0767569
-0.0761262
-0.073759
-0.0780806
-0.0789951
-0.0797275
-0.0784776
-0.0795663
-0.0803725
-0.0803725
-0.078838
-0.0778461
-0.0784655
-0.0795663
-0.0806789
-0.0819645
-0.0791694
-0.0807036
-0.0761499
-0.0812203
-0.0804804
-0.0804804
-0.0802695
-0.0788746
-0.0788746
-0.0808524
-0.0808774
-0.083499
-0.07938
-0.07938
-0.078748
-0.07938
-0.0823742
-0.0797893
-0.0797893
-0.0784534
-0.0811253
-0.0825726
-0.0765228
-0.0802446
-0.0778939
-0.0817912
-0.0819645
-0.0744183
-0.074453
-0.0716307
-0.0806913
-0.0806913
-0.0817661
-0.0808649
-0.0795907
-0.0800834
-0.076697
-0.0767569
-0.0785015
-0.076052
-0.0763364
-0.0789587
-0.0767569
-0.0767569
-0.0782428
-0.0782428
-0.084598
-0.0787603
-0.0803351
-0.0758653
-0.0778701
-0.0838165
-0.07974
-0.0817534
-0.0821214
-0.0759514
-0.07938
-0.0772865
-0.0789587
-0.0768421
-0.0763364
-0.0775455
-0.076469
-0.080174
-0.077088
-0.0805415
-0.0793184
-0.0766556
-0.0766556
-0.081208
-0.081208
-0.0778581
-0.0817661
-0.0761262
-0.082412
-0.0823995
-0.0784412
-0.0850081
-0.0833004
-0.079554
-0.0807158
-0.0807158
-0.0803064
-0.0801863
-0.0803186
-0.0803186
-0.078983
-0.078983
-0.0821757
-0.0810508
-0.0773402
-0.0793678
-0.0793678
-0.077911
-0.077911
-0.077911
-0.0780323
-0.0796029
-0.0796029
-0.0790852
-0.0814476
-0.0810382
-0.078615
-0.0799133
-0.076979
-0.0780323
-0.0828906
-0.0828906
-0.0787603
-0.0797648
-0.0821502
-0.07974
-0.0767091
-0.0769554
-0.0769554
-0.0824245
-0.0774612
-0.0763125
-0.0823868
-0.080571
-0.080571
-0.0794578
-0.0794578
-0.0796562
-0.0797648
-0.0788746
-0.0788746
-0.0836163
-0.0799878
-0.0793308
-0.0784896
-0.0815103
-0.0815103
-0.0857628
-0.0803725
-0.0823995
-0.0760285
-0.0808774
-0.0808774
-0.0764987
-0.0797524
-0.0797524
-0.0784412
-0.0803849
-0.080505
-0.0794578
-0.0757316
-0.0784655
-0.0853121
-0.0769435
-0.0769435
-0.0786273
-0.0811539
-0.0811539
-0.078838
-0.0850611
-0.0855107
-0.0842542
-0.0775265
-0.0799632
-0.0801863
-0.0780806
-0.0790609
-0.0800587
-0.080174
-0.0786761
-0.0762268
-0.0762268
-0.0801863
-0.0786396
-0.0786396
-0.0805586
-0.080174
-0.0806913
-0.0792471
-0.0857356
-0.0801492
-0.0842393
-0.0796029
-0.0812366
-0.0724241
-0.0799632
-0.0786761
-0.0786761
-0.082081
-0.0813774
-0.07947
-0.0815634
-0.0807695
-0.0807695
-0.0810382
-0.0844657
-0.0806232
-0.0846642
-0.0838961
-0.0795416
-0.0814729
-0.0851005
-0.0788257
-0.0816587
-0.0816587
-0.079024
-0.0792716
-0.0752583
-0.0809429
-0.0785305
-0.0775265
-0.0814349
-0.08
-0.0809145
-0.0783076
-0.080968
-0.0723128
-0.0831937
-0.077376
-0.077376
-0.0794331
-0.0787845
-0.0789951
-0.0785618
-0.0771178
-0.0771178
-0.0812869
-0.0829951
-0.0801617
-0.0811007
-0.0847965
-0.0790609
-0.0745528
-0.0822795
-0.0786273
-0.0786273
-0.0827454
-0.0781338
-0.0808649
-0.0788746
-0.079554
-0.0780925
-0.0787724
-0.078429
-0.0802942
-0.0771538
-0.0796929
-0.0796929
-0.0801242
-0.0807695
-0.082598
-0.0816176
-0.0820023
-0.0767451
-0.0811007
-0.0811007
-0.0765467
-0.078255
-0.0834733
-0.0795785
-0.0790852
-0.078664
-0.0771178
-0.0771178
-0.0799632
-0.0814854
-0.0775265
-0.0762149
-0.0812993
-0.0812993
-0.0781043
-0.0836847
-0.0762387
-0.0780686
-0.0797648
-0.0797648
-0.0771298
-0.0767569
-0.0805834
-0.0805834
-0.0780686
-0.0780686
-0.0789218
-0.0795663
-0.0801078
-0.0775144
-0.0814603
-0.0773282
-0.0773402
-0.0773402
-0.0784534
-0.0770441
-0.0790731
-0.0745182
-0.0790609
-0.0808898
-0.0819772
-0.0801368
-0.0812869
-0.0760403
-0.0760403
-0.0773878
-0.0773878
-0.0782671
-0.076437
-0.078255
-0.078255
-0.0795663
-0.0822284
-0.0828092
-0.0774968
-0.0783321
-0.0783321
-0.0783321
-0.0754451
-0.0797524
-0.0853791
-0.0754216
-0.0801492
-0.0779595
-0.0790609
-0.0771538
-0.0812366
-0.0769672
-0.0771657
-0.0713211
-0.0713211
-0.0807695
-0.0792593
-0.0846094
-0.0792593
-0.0812037
-0.0808774
-0.0808774
