0.0122851
0.00766066
0.0133188
0.0114929
0.0105697
0.0106869
0.0136573
0.00737497
0.0102938
0.0102972
0.0112687
0.0112224
0.0105585
0.0105731
0.0134359
0.0102352
0.0103003
0.0122985
0.00759122
0.010834
0.00949426
0.0105212
0.00679862
0.0076931
0.0085671
0.0116587
0.00765725
0.0124644
0.0105731
0.0103419
0.00835703
0.0114827
0.010466
0.0096598
0.00839444
0.00885982
0.0107278
0.00975568
0.0128483
0.0128483
0.0107789
0.00960128
0.0104558
0.0104558
0.00839825
0.00839825
0.01068
0.00846399
0.00927356
0.0103586
0.0122401
0.0125718
0.0113206
0.00960462
0.00828821
0.00861837
0.0117587
0.0125684
0.0114275
0.00781508
0.00754362
0.0112718
0.0112166
0.0117232
0.0131561
0.0115304
0.0106212
0.0123991
0.00976676
0.00851204
0.0123839
0.0113172
0.0126824
0.0112033
0.00873598
0.00975171
0.00931507
0.0105661
0.00771575
0.0086258
0.00840548
0.0115481
0.0105697
0.0125684
0.0115379
0.0125684
0.010511
0.0105145
0.0136434
0.00629304
0.0124579
0.00766393
0.0135365
0.0103455
0.00954267
0.00953535
0.00749205
0.0110964
0.0134259
0.00764225
0.00743699
0.0133706
0.0113239
0.00937378
0.0111481
0.00861837
0.0114376
0.0103455
0.00658167
0.0113239
0.00836013
0.0106349
0.0107904
0.0115967
0.00738193
0.010466
0.0103455
0.0122921
0.0107904
0.00560626
0.011262
0.0103382
0.00748498
0.00937378
0.012506
0.0103455
0.0103555
0.00846399
0.0105731
0.0123991
0.0136506
0.00959043
0.00764621
0.00840888
0.00765002
0.0093839
0.0105073
0.0113206
0.00851204
0.00834688
0.0138092
0.0122954
0.0105697
0.0103455
0.0115931
0.00873598
0.0124644
0.0106249
0.00965643
0.0106283
0.00953149
0.0124644
0.0113723
0.00867722
0.0106175
0.0105145
0.0106283
0.00857755
0.0105145
0.0114239
0.00678773
0.00932217
0.00915683
0.0114376
0.00737128
0.0123403
0.0104042
0.0105145
0.0103034
0.0116997
0.0115342
0.0134776
0.00927038
0.00965643
0.0125684
0.0122954
0.0107352
0.0125022
0.010349
0.00937729
0.0107454
0.0124026
0.00764621
0.00867341
0.0102451
0.0134294
0.00932217
0.010349
0.0123955
0.0123955
0.00927356
0.00954267
0.00954267
0.0113758
0.0122335
0.0102387
0.0126335
0.0126824
0.0095978
0.00938067
0.0131591
0.00868089
0.0116001
0.00857755
0.00835703
0.0123473
0.0123568
0.0101766
0.00920494
0.0116407
0.010511
0.0104558
0.00749205
0.0124982
0.00970059
0.010251
0.0094452
0.00954612
0.0113239
0.00850831
0.0125096
0.00943241
0.011431
0.0135918
0.00955262
0.00834688
0.0117587
0.0113823
0.00840193
0.0114239
0.00954612
0.0104042
0.00986974
0.00764225
0.0116001
0.00679513
0.0122921
0.00970806
0.0134294
0.0106869
0.0116096
0.0116483
0.0108456
0.010511
0.00976676
0.0115415
0.00964929
0.00879108
0.00959418
0.0103455
0.00862932
0.00874298
0.010511
0.00793263
0.00964929
0.0105145
0.0105145
0.0104627
0.00975568
0.00765002
0.00976676
0.0114201
0.0109079
0.0116034
0.0093839
0.00759866
0.0124122
0.00840548
0.0127268
0.0118691
0.00959418
0.0119938
0.00851563
0.00850444
0.00981462
0.0094214
0.00986974
0.0080352
0.0109522
0.00873955
0.00965293
0.00954267
0.00965293
0.0136573
0.00981462
0.013654
0.0097116
0.0114862
0.0126164
0.0107904
0.0134389
0.00969665
0.0116587
0.0106283
0.00781884
0.0117549
0.00971499
0.0125131
0.00581909
0.0104558
0.00873598
0.0067365
0.0085742
0.0123473
0.00959043
0.0124579
0.00949097
0.00895637
0.00993577
0.0067915
0.00959043
0.00718408
0.00982869
0.00861445
0.00906272
0.00765002
0.0090703
0.0109044
0.00874298
0.0106764
0.00799128
0.0100862
0.0117549
0.0119938
0.0109044
0.0109079
0.0107789
0.00976676
0.0108038
0.0117659
0.0128517
0.0115415
0.0116958
0.0116554
0.0105145
0.0125648
0.0144595
0.00846055
0.0115967
0.010466
0.0126857
0.00970806
0.00846399
0.00873955
0.01068
0.0135843
0.0105145
0.0105796
0.00964551
0.0111996
0.00646499
0.0124644
0.00884617
0.00992486
0.0097116
0.00786619
0.0136506
0.00963755
0.011714
0.0145633
0.0114275
0.0119243
0.0116958
0.0156618
0.0117071
0.010794
0.00965643
0.00867341
0.0128517
0.00982193
0.00866946
0.00971499
0.0100426
0.0106962
0.0143487
0.00754362
0.00964929
0.0114827
0.00662281
0.00771232
0.00993227
0.00966304
0.0104483
0.0117624
0.0114239
0.0145702
0.0107904
0.0108492
0.0117659
0.0107904
0.00678773
0.0128517
0.0136471
0.0139235
0.0126753
0.0117659
0.00970059
0.00883853
0.00944221
0.0127781
0.0108559
0.00900764
0.00884617
0.0097632
0.0106647
0.00943241
0.00793263
0.00889749
0.00869722
0.00874627
0.00862216
0.00604635
0.0106869
0.0114827
0.0135987
0.0107974
0.0118831
0.00879812
0.0116407
0.0116407
0.0127306
0.0107867
0.00819624
0.00598773
0.00997604
0.0097044
0.0118691
0.00976676
0.00890127
0.0127895
0.00906272
0.00906272
0.00776739
0.0116619
0.0117071
0.00981834
0.0111216
0.00982537
0.00890127
0.0108419
0.0109483
0.0108419
0.00954267
0.0107316
0.00943581
0.0133188
0.0107789
0.00879467
0.0107789
0.00977347
0.0106249
0.0106249
0.00953908
0.0129516
0.00955857
0.00598773
0.0107829
0.0104042
0.0135434
0.0107352
0.0117549
0.00965293
0.0101835
0.0136506
0.00879467
0.0146187
0.01068
0.0113239
0.0117549
0.0126789
0.00879108
0.0105697
0.0118653
0.0147771
0.00868783
0.0106726
0.0144491
0.00667778
0.0115342
0.0117035
0.00758729
0.00861039
0.0124091
0.00862932
0.0105661
0.00943241
0.0123473
0.0123473
0.00949097
0.0103343
0.00851909
0.00851909
0.0123955
0.0123955
0.0123955
0.00942888
0.0104007
0.0096598
0.00949097
0.0126889
0.0114201
0.0105697
0.00764621
0.00754362
0.0107867
0.0106096
0.00777085
0.00976676
0.01068
0.00890127
0.0106283
0.00868089
0.0109665
0.0130177
0.00884617
0.0136434
0.0138719
0.0109483
0.0107974
0.0126271
0.0126271
0.0114929
0.0107352
0.01068
0.0100426
0.0106835
0.0118691
0.01107
0.0105697
0.0118061
0.0118691
0.0129589
0.0099169
0.0106835
0.00820807
0.0109443
0.00906272
0.00744343
0.00744343
0.00908065
0.00975951
0.0106869
0.00787011
0.0127895
0.0142001
0.0129516
0.0139788
0.0130659
0.00910963
0.0093891
0.00997197
0.00770875
0.0147364
0.00884979
0.00803907
0.00895257
0.0120268
0.0136986
0.0128373
0.00890127
0.00975951
0.0136315
0.0118139
0.0108456
0.0108456
0.00986974
0.00890127
0.010956
0.00820807
0.0080312
0.0080312
0.0080312
0.00884617
0.00705445
0.00975568
0.00986974
0.0139861
0.00976676
0.00878735
0.0080352
0.0106869
0.0107316
0.00862216
0.00873228
0.00879108
0.00953535
0.010511
0.00764621
0.00585794
0.00661503
0.00587023
0.00660233
0.010834
0.00694032
0.00666995
0.00781508
0.00603101
0.005168
0.00689374
0.00596323
0.0036934
0.00298038
0.00396276
0.003049
0.000701834
0.00293508
0.00283438
0.00206183
0.00293508
0.00122085
0.00115272
0.00500743
0.00521417
0.00905033
0.0078536
0.00342263
0.00709598
0.00433634
0.00687656
0.00916034
0.00812825
0.009739
0.00591731
0.0060432
0.00344526
0.00883451
0.0115264
0.0115967
0.0107421
0.0126237
0.00793957
0.00970059
0.0137681
0.0114862
0.00781508
0.0118101
0.0118798
0.00317137
0.00901517
0.00982193
0.010956
0.0114862
0.00873228
0.0107974
0.0115342
0.00872036
0.00872036
0.00576036
0.00851204
0.00893598
0.0107278
0.0128844
0.00690519
0.00894033
0.00797208
0.0126716
0.00797208
0.0146222
0.0118245
0.0126553
0.0135881
0.011751
0.0105624
0.00701153
0.00790853
0.0147218
0.00906658
0.0137576
0.00992863
0.00912905
0.00895257
0.0127342
0.00879467
0.0117071
0.0117071
0.00942521
0.00975171
0.00798771
0.00981834
0.0105624
0.0117587
0.0100902
0.0127189
0.00851563
0.0126753
0.00943581
0.00905873
0.0109008
0.0122921
0.00916466
0.0138166
0.0114673
0.0099169
0.0107789
0.0119281
0.0128844
0.0097632
0.00894863
0.0090703
0.0127342
0.0103067
0.0097044
0.00905873
0.00703641
0.00417706
0.00547386
0.00611343
0.00450548
0.00364637
0.00346718
0.00515934
0.00628758
0.00623276
0.00417706
0.00554319
0.0061682
0.00325365
0.00413155
0.00423652
0.00341254
0.00428652
0.00492637
0.00530959
0.00288913
0.00288913
0.00400812
0.00423652
0.00411257
0.00775619
0.00499042
0.00508062
0.00406282
0.00419076
0.00800916
0.00509537
0.00332268
0.00332268
0.00687656
0.00585357
0.00581529
0.00499488
0.00499488
0.00601349
0.00331803
0.00876668
0.00697675
0.00585357
0.00319899
0.00510452
0.00714608
0.00396514
0.00186469
-0.000793733
0.00491566
5.61494e-05
-0.0083263
-0.00546864
-0.00153566
0.00216494
-0.00170994
-0.000800267
-0.000628789
-0.00269747
-0.00464813
0.000883886
0.00117763
0.00097781
0.00104321
0.00108398
-0.000744972
-0.00193423
-0.00104976
0.00191151
-0.00270999
0.0010309
0.00199311
-0.00178775
-0.00452798
-0.00318615
-0.000747237
0.0031549
0.0040732
0.000912327
-0.000747237
-0.00182827
-0.00166931
0.000268338
0.000427507
0.00127105
-0.0011184
0.00201782
0.00109633
-0.00323904
0.00110853
3.10841e-06
0.00097781
0.00200553
-0.00396569
-0.000563457
-0.00289404
0.00174684
0.00403547
0.00403547
0.00118663
-0.00192274
0.00228398
0.00121601
0.00100621
-0.000894534
0.00210189
0.0020203
0.00310254
0.00296034
0.0039747
0.000167222
0.00192574
0.000187789
0.00436877
0.00417766
0.00306221
0.00327939
-0.00186168
-0.00186168
0.000187789
0.00203422
4.57914e-05
0.00325061
0.00140608
-0.000569986
0.00429345
0.00117565
0.000262627
0.000140642
0.00192574
-0.000116809
0.0011281
0.00133835
-0.00104308
0.0034423
-0.00142907
0.00304831
0.00394039
-0.000847603
0.00517929
0.0001948
0.00321813
-0.000995756
0.00199976
0.00401489
0.00289255
0.00135179
0.00400747
0.00177616
0.00100621
-0.00186168
0.00103922
0.00396773
0.000843635
0.00224421
0.000923707
0.00116183
0.00117565
0.000411456
0.00114747
0.00418487
0.00209525
0.00100621
0.00393386
0.00116183
0.00383163
0.0031776
0.00300793
0.00028886
0.000425281
0.00398152
-0.00391822
0.00133143
0.00214271
3.91308e-05
0.00202733
0.00399477
0.00399477
0.00321813
-0.000143953
4.57914e-05
0.000945143
0.00690167
0.000897825
-0.00169947
5.23159e-05
0.0031708
3.91308e-05
0.00189113
0.00268882
0.00302124
0.00603724
0.000173527
0.00398821
0.00193901
0.00205408
0.00549312
0.00500257
0.00316386
0.00333369
0.0057781
0.00270879
0.00291256
0.00615941
0.00615941
0.00122988
0.00312992
0.00129087
0.00414453
0.000288329
0.0013994
0.00205997
-0.000718266
0.00310959
-0.000562837
0.00214952
0.00106041
0.00244092
0.00610493
0.00214952
0.00194545
0.00101297
0.00209525
0.0030946
-0.000840449
0.00306896
0.00118236
0.00388601
0.00594151
0.00507048
0.00463531
0.00873218
0.00982084
0.0116985
0.0146642
0.0167995
0.0202284
0.0308651
0.0343657
0.0365937
0.0384339
0.0371329
0.0449926
0.0423248
0.0469285
0.0468793
0.0497819
0.0546237
0.0514926
0.0459115
0.0470025
0.0507049
0.0487644
0.0499618
0.0505823
0.052525
0.0526441
0.0486598
0.0525895
0.051615
0.0555363
0.055539
0.0534918
0.0506422
0.054689
0.058724
0.0494419
0.0512739
0.0537167
0.0537793
0.0525791
0.0527468
0.0528693
0.0497457
0.0498541
0.0468326
0.0517259
0.0508125
0.0499554
0.0487705
0.0497885
0.0515608
0.0557643
0.0517259
0.0497853
0.0537642
0.0537642
0.0494952
0.0538845
0.0519563
0.055812
0.0558269
0.0576433
0.0576377
0.0594589
0.0576917
0.0594503
0.0596849
0.0593418
0.0586012
0.0547775
0.0566508
0.0574064
0.056323
0.0556378
0.0538141
0.0554528
0.0575643
0.0575643
0.0556443
0.0585309
0.0576346
0.0566998
0.0518758
0.0559151
0.0569313
0.0575037
0.0556877
0.052896
0.0472549
0.0479972
0.0491953
0.046126
0.0497066
0.0538709
0.0508961
0.0535265
0.0566615
0.0532959
0.0563664
0.0586583
0.0585273
0.0557896
0.0527864
0.0497748
0.0533367
0.0518594
0.0490646
0.0489518
0.0487731
0.0477628
0.0552785
0.0517058
0.0548833
0.0518637
0.0489126
0.0575745
0.0523857
0.0566508
0.0586294
0.0573823
0.0538509
0.0527702
0.0508827
0.0508262
0.0508827
0.0471848
0.0497456
0.0506473
0.0556108
0.0535675
0.0561845
0.0568092
0.0568092
0.0585114
0.0557243
0.0556018
0.0585071
0.0527047
0.0539919
0.0558286
0.0557572
0.0527518
0.0505246
0.0535186
0.0505758
0.0564555
0.0579915
0.0572564
0.0590012
0.0592944
0.0563375
0.0604315
0.0591239
0.0620183
0.0583751
0.0561996
0.0533652
0.0525566
0.0522901
0.0514763
0.0556336
0.0518763
0.0532472
0.0545424
0.0594602
0.0592184
0.0563328
0.057413
0.0623645
0.0571665
0.0563745
0.0543988
0.0589444
0.0582049
0.0543324
0.057361
0.054615
0.0573043
0.0561996
0.0535294
0.0555257
0.0564979
0.055644
0.0571248
0.0563127
0.0543423
0.0573132
0.0542904
0.0591194
0.0536988
0.0564363
0.0525673
0.0564929
0.0590103
0.0594694
0.0584885
0.0604739
0.05936
0.0585639
0.0583845
0.0574177
0.0633965
0.0587204
0.0614111
0.0615164
0.0585969
0.056342
0.0604929
0.058682
0.0622022
0.0590837
0.0555405
0.0561674
0.0528697
0.0568525
0.0594125
0.0603746
0.058389
0.0585725
0.0578765
0.0597582
0.0578331
0.0606155
0.0614595
0.0585639
0.0576539
0.0565778
0.055493
0.0522461
0.0544737
0.0557243
0.0577235
0.0554791
0.0585196
0.0584503
0.0566776
0.0535022
0.0576583
0.0540862
0.0557854
0.0558505
0.0558332
0.0568049
0.0593114
0.0603307
0.0595919
0.0623282
0.061537
0.0584774
0.0592944
0.0577151
0.0606155
0.0577763
0.054748
0.0548613
0.0578051
0.0594602
0.0585114
0.0576447
0.0568617
0.0615862
0.0591851
0.0566913
0.0620922
0.0607864
0.0587252
0.0566388
0.0576539
0.0587204
0.0587204
0.0594034
0.0626348
0.0646964
0.0653202
0.0613887
0.0613838
0.0641872
0.0653533
0.0652586
0.0653111
0.0653111
0.0653111
0.0671716
0.0616111
0.0652963
0.0672286
0.063648
0.065172
0.0633474
0.0617089
0.0634666
0.0620561
0.0607363
0.0607474
0.0595481
0.0594802
0.0632961
0.0633927
0.0615386
0.0614083
0.0672128
0.0661216
0.0690824
0.0612949
0.0674462
0.0647629
0.0680538
0.0692697
0.0655472
0.0615274
0.0613457
0.0683328
0.0602031
0.0623125
0.0625774
0.058677
0.059531
0.0626528
0.0633927
0.0623125
0.0629777
0.0630522
0.06503
0.0648476
0.0669056
0.0650868
0.0632672
0.0621117
0.0606113
0.0613575
0.0593997
0.0613903
0.0569424
0.0625709
0.0632672
0.0613274
0.0593869
0.0606299
0.0654149
0.066331
0.0642457
0.0641518
0.0650682
0.0630344
0.063261
0.0663432
0.0654018
0.0661038
0.0678716
0.0653139
0.064045
0.0650682
0.0640951
0.0653707
0.0619855
0.066881
0.066394
0.0635673
0.0642277
0.0634114
0.0682447
0.0662354
0.0708711
0.0703609
0.0662483
0.0679733
0.0622183
0.0631851
0.0623879
0.0641647
0.060467
0.0623879
0.0605235
0.0603972
0.0628734
0.0597685
0.0614563
0.0622611
0.0597121
0.0597121
0.0624011
0.0661983
0.0591836
0.0604962
0.0604105
0.0602345
0.0616604
0.057396
0.0584761
0.0613145
0.0625077
0.0575584
0.0605169
0.0622748
0.0613643
0.0644212
0.0658644
0.0623445
0.0644983
0.0650927
0.0663685
0.0595496
0.0618659
0.0594795
0.060729
0.0604039
0.0585613
0.0617034
0.0652817
0.0664383
0.0720588
0.0692406
0.0691409
0.07331
0.0702566
0.0672149
0.0681462
0.067884
0.070164
0.0671374
0.0718338
0.0669604
0.0650838
0.0712725
0.0719968
0.0719119
0.0741143
0.0718979
0.0739576
0.0682741
0.0721324
0.0699656
0.0758751
0.0708604
0.0669383
0.067123
0.0679123
0.0672539
0.0680746
0.0678482
0.0687229
0.0707885
0.0769745
0.0695614
0.0731588
0.07194
0.0700075
0.067123
0.0593945
0.050938
0.0460374
0.0375948
0.0340055
0.0345822
0.0366983
0.0349677
0.0316975
0.0307355
0.0288934
0.0288934
0.0280132
0.0283424
0.0301484
0.0311199
0.0288922
0.0259972
0.0291861
0.0240627
0.0241811
0.0262433
0.0273879
0.0290764
0.0289667
0.0260789
0.0250345
0.0252347
0.0221187
0.0267041
0.0261679
0.0269409
0.0269957
0.0258136
0.025851
0.028857
0.0249252
0.0261066
0.0283139
0.0283424
0.0240081
0.0239077
0.0260876
0.0297534
0.0250983
0.02398
0.0241066
0.0252594
0.0248506
0.0260789
0.0259516
0.0259516
0.0270129
0.0278195
0.0230998
0.0249602
0.0268947
0.027789
0.0307073
0.0276754
0.0303392
0.0268099
0.0281405
0.0296264
0.0266836
0.0261973
0.0259317
0.0279843
0.0249341
0.0239253
0.0249769
0.0249769
0.0269495
0.0240535
0.0238706
0.0231262
0.0258684
0.0258853
0.0280392
0.025015
0.022209
0.02882
0.0239534
0.0210644
0.0251246
0.0259232
0.0270044
0.0260414
0.0248882
0.0272325
0.0259401
0.0259401
0.0249252
0.0261158
0.023391
0.0280681
0.0250234
0.022226
0.0272787
0.0280559
0.0271054
0.0260743
0.0248335
0.0290272
0.0243451
0.0219988
0.0260328
0.0281026
0.0239077
0.02398
0.0270592
0.0258684
0.0249977
0.0223552
0.0238957
0.0272576
0.0232269
0.0267385
0.0209723
0.0260153
0.0236137
0.02477
0.0259317
0.0239423
0.0213461
0.0262145
0.0260328
0.0270845
0.0252046
0.0278111
0.0278111
0.0260581
0.024026
0.0274433
0.0221456
0.0221543
0.0230541
0.023181
0.0249888
0.0252342
0.0260328
0.0253438
0.0230884
0.0296984
0.0250234
0.0249602
0.0250698
0.02109
0.0242076
0.0253438
0.0253438
0.0252342
0.0272519
0.0262059
0.0260498
0.0238706
0.0251794
0.0259693
0.022246
0.0269409
0.0220732
0.0233537
0.0242076
0.0252077
0.0253143
0.024389
0.022537
0.0223439
0.0206378
0.0260414
0.0260414
0.0242877
0.0272493
0.0230884
0.0230884
0.0241941
0.0240981
0.0224645
0.0221629
0.0249686
0.0239338
0.0253774
0.0232904
0.0253986
0.0281954
0.0270762
0.0261248
0.0241614
0.0239423
0.0241698
0.0260114
0.0241528
0.0242161
0.0260498
0.0219988
0.0281954
0.0237696
0.0223817
0.0259565
0.0248969
0.0269409
0.0220996
0.0258684
0.0240135
0.0230168
0.0258769
0.0241471
0.0279294
0.0272576
0.0272576
0.0223095
0.0241442
0.0231895
0.025995
0.0253524
0.0242959
0.0252594
0.0239624
0.0267934
0.0238243
0.0241989
0.0223817
0.025015
0.0252427
0.0251707
0.02151
0.024389
0.023324
0.0250436
0.0221456
0.0271861
0.0269409
0.0243171
0.0224449
0.0249054
0.0261679
0.0252127
0.0269746
0.0231895
0.026708
0.0209638
0.0251331
0.0230082
0.0220701
0.0240807
0.0230715
0.0230579
0.0228989
0.0297464
0.026958
0.0271557
0.0234085
0.0239253
0.0239886
0.025116
0.023181
0.02305
0.0242246
0.0231979
0.0272325
0.0231348
0.0262059
0.0252342
0.021073
0.0213002
0.0271395
0.0251707
0.0240894
0.0272609
0.0247494
0.0279147
0.0252594
0.027507
0.0221249
0.0213171
0.0261293
0.022133
0.0262521
0.0268947
0.0269828
0.0224534
0.0240518
0.0240894
0.0260328
0.0241528
0.0222176
0.0240433
0.0221629
0.025116
0.025116
0.0251414
0.028204
0.024178
0.0258935
0.0238706
0.0238706
0.0263791
0.0253225
0.0249686
0.0212281
0.0262777
0.0231895
0.0220619
0.0261212
0.0257672
0.0248753
0.022226
0.0229535
0.0229535
0.0219357
0.0248124
0.0256658
0.0228442
0.0268483
0.0230337
0.0250698
0.0289089
0.0242161
0.0249686
0.0229535
0.0242959
0.0244986
0.027899
0.025048
0.0213087
0.0241149
0.0249138
0.0260114
0.0257672
0.0222973
0.0211447
0.0229242
0.0221543
0.0271227
0.0259645
0.020055
0.024859
0.0229159
0.0249686
0.0250612
0.0249537
0.0237942
0.0231088
0.0210436
0.023778
0.0220154
0.0220154
0.0210353
0.0247494
0.0239505
0.0271227
0.0250399
0.0248042
0.0249382
0.0241442
0.0230715
0.0214265
0.0260743
0.0222506
0.0229242
0.0240135
0.0239587
0.0270927
0.0214348
0.0248753
0.0221278
0.0238022
0.0299901
0.024859
0.0250318
0.0269278
0.0228267
0.0238243
0.022776
0.0260033
0.0242246
0.0260114
0.0192171
0.0209092
0.0270296
0.0270377
0.0240518
0.0243631
0.0222891
0.0259645
0.0263409
0.0203739
0.0247735
0.0231979
0.0260498
0.0261973
0.0211064
0.0239505
0.025674
0.025674
0.0239119
0.0248335
0.0249221
0.0249341
0.0258136
0.0250318
0.0249054
0.0260581
0.0248969
0.0258853
0.0261922
0.02109
0.0259866
0.0260033
0.0248284
0.0250612
0.0258386
0.0269115
0.0251246
0.027899
0.0258386
0.0228228
0.0223355
0.0270296
0.0219988
0.0232692
0.0233998
0.0229242
0.0229242
0.0229242
0.0219903
0.0228934
0.0220072
0.021001
0.022768
0.0239886
0.0258136
0.0248205
0.0230884
0.0260498
0.0231348
0.0237394
0.0258935
0.024178
0.0220154
0.0241149
0.0251735
0.0237611
0.0230884
0.0247874
0.0258853
0.0252512
0.0231262
0.0252594
0.0268648
0.0258304
0.0248284
0.0251879
0.0249686
0.0257837
0.0260114
0.0250783
0.0219988
0.0219988
0.0253225
0.0252803
0.0238791
0.0248042
0.0249686
0.0229242
0.0228694
0.0230337
0.0267129
0.0238875
0.0239587
0.0259484
0.0259484
0.0247107
0.0235589
0.0219296
0.0238491
0.0221713
0.021881
0.0227895
0.0269115
0.0248205
0.0270845
0.0229011
0.025289
0.0252427
0.0252342
0.0247576
0.0249054
0.0247186
0.0261679
0.0275062
0.0249851
0.0268728
0.0260962
0.0239587
0.0240216
0.0260273
0.0248833
0.0257837
0.0249769
0.0242328
0.0239505
0.0221796
0.013189
0.012232
0.0154911
0.00698271
0.00562189
0.00301115
0.00611781
0.00276296
0.00584622
-0.000273759
-0.00972077
-0.0122403
-0.0194092
-0.026344
-0.0322713
-0.0339334
-0.0442288
-0.0438914
-0.0427163
-0.0437076
-0.0437076
-0.04647
-0.041201
-0.0439887
-0.0449288
-0.0486833
-0.0537522
-0.0506443
-0.0554842
-0.0556245
-0.0597025
-0.0606841
-0.0584929
-0.0507349
-0.0466876
-0.0535164
-0.0555919
-0.0528035
-0.0558079
-0.0575263
-0.061547
-0.0544638
-0.0595334
-0.060447
-0.0575312
-0.0557741
-0.0605769
-0.0583878
-0.0562207
-0.0574177
-0.0587233
-0.059505
-0.0586007
-0.0578159
-0.0573267
-0.0556717
-0.0575425
-0.0634479
-0.0597436
-0.0539667
-0.0569376
-0.0505824
-0.052708
-0.0477453
-0.0466211
-0.0506339
-0.055423
-0.0544016
-0.0553532
-0.0565684
-0.0552909
-0.054321
-0.0605259
-0.0584216
-0.0583705
-0.0554045
-0.0551596
-0.0512946
-0.0536993
-0.0527896
-0.0518305
-0.0513677
-0.0545449
-0.0486029
-0.0486544
-0.0583705
-0.0573382
-0.0537954
-0.0568059
-0.0583989
-0.0603844
-0.0572986
-0.0563455
-0.0583311
-0.0570597
-0.0544972
-0.0583938
-0.0571733
-0.0571733
-0.0580642
-0.0595165
-0.0585747
-0.05849
-0.0563231
-0.0583037
-0.0585468
-0.0604979
-0.0613319
-0.0586372
-0.0623023
-0.063288
-0.0603616
-0.0652664
-0.0651968
-0.0612132
-0.0598847
-0.0577246
-0.060674
-0.0582174
-0.0632786
-0.062422
-0.0621494
-0.0573848
-0.0542809
-0.0590625
-0.0590625
-0.0581833
-0.0622403
-0.0622403
-0.0628839
-0.0526763
-0.0543395
-0.0534317
-0.0496537
-0.0485418
-0.0507473
-0.0552887
-0.0519435
-0.0625356
-0.0562393
-0.0572505
-0.058121
-0.0580186
-0.0554337
-0.0644693
-0.0603393
-0.0575279
-0.0545858
-0.0552799
-0.0483018
-0.0503963
-0.0506341
-0.0477044
-0.0554943
-0.0552478
-0.0584576
-0.0604014
-0.0604014
-0.0583147
-0.0602349
-0.0622625
-0.0575791
-0.0570559
-0.0612372
-0.0523782
-0.0536362
-0.0556586
-0.0574354
-0.0553813
-0.0572814
-0.0572814
-0.0583958
-0.0594793
-0.0590293
-0.057261
-0.0583659
-0.0553299
-0.0566602
-0.0553813
-0.0583854
-0.0563835
-0.0570759
-0.0543709
-0.0526683
-0.0544322
-0.0546382
-0.0534101
-0.0569529
-0.0541454
-0.0541132
-0.0580469
-0.0542051
-0.0540716
-0.0540918
-0.0553198
-0.0514594
-0.0600506
-0.0560972
-0.0504403
-0.050431
-0.0532357
-0.0521102
-0.054394
-0.0504735
-0.0554019
-0.0591921
-0.0582421
-0.0591921
-0.0543391
-0.0583256
-0.0591307
-0.0591307
-0.0571273
-0.0550936
-0.0542051
-0.0550529
-0.0550529
-0.0582829
-0.0553813
-0.0582725
-0.0593982
-0.0595005
-0.0573848
-0.0602154
-0.0602861
-0.0603884
-0.0572505
-0.0604604
-0.0581503
-0.0614054
-0.0614339
-0.0620873
-0.0654002
-0.064503
-0.0632331
-0.0631424
-0.0631424
-0.0642947
-0.0622968
-0.067223
-0.0612017
-0.0585194
-0.0606278
-0.0585088
-0.0593802
-0.0604014
-0.061496
-0.063284
-0.0633295
-0.0662638
-0.0650279
-0.067364
-0.0664125
-0.0642261
-0.0682519
-0.0682013
-0.0650008
-0.0681777
-0.0673202
-0.0663235
-0.0671564
-0.0680358
-0.0652426
-0.0671297
-0.06917
-0.068493
-0.0711109
-0.07314
-0.070443
-0.0703926
-0.0701404
-0.0694094
-0.0704189
-0.0675732
-0.0684782
-0.066601
-0.0674823
-0.0691454
-0.0673308
-0.0671925
-0.0703677
-0.0656695
-0.0715767
-0.0712364
-0.0736677
-0.0715131
-0.0704298
-0.0693849
-0.07314
-0.074675
-0.0677851
-0.0686664
-0.069296
-0.0703291
-0.0702661
-0.0704801
-0.0723827
-0.0687043
-0.0725343
-0.0736547
-0.0773502
-0.078397
-0.0792543
-0.0774002
-0.0747007
-0.0686412
-0.0705185
-0.0694094
-0.0726592
-0.0742868
-0.0725085
-0.0692709
-0.0746506
-0.0705431
-0.0743239
-0.0764536
-0.0764667
-0.0764667
-0.0754575
-0.0753569
-0.0776869
-0.0747125
-0.07522
-0.0656066
-0.066627
-0.067407
-0.0625119
-0.0675851
-0.0742734
-0.0722573
-0.0691321
-0.0734916
-0.0763024
-0.0730892
-0.0711482
-0.0674698
-0.0674698
-0.0663499
-0.0642195
-0.062637
-0.0623085
-0.0653441
-0.0663619
-0.0655824
-0.0625511
-0.0633803
-0.066303
-0.0662992
-0.0654304
-0.0674487
-0.0685408
-0.0662873
-0.0661234
-0.070104
-0.069386
-0.0701786
-0.0671057
-0.0684036
-0.0641866
-0.0605035
-0.0612921
-0.0634479
-0.0622116
-0.0653948
-0.0680764
-0.0623757
-0.0673358
-0.0683531
-0.0689696
-0.0712118
-0.0712381
-0.074098
-0.0730406
-0.0681039
-0.0689228
-0.0671215
-0.0642658
-0.0653675
-0.0640113
-0.0612883
-0.0633428
-0.0611902
-0.0668958
-0.0680764
-0.0690356
-0.0708492
-0.068946
-0.0698899
-0.0727025
-0.0699561
-0.0708223
-0.0719837
-0.0664385
-0.0640226
-0.0659314
-0.0659314
-0.0649711
-0.0640801
-0.0637525
-0.0645241
-0.0651638
-0.0651638
-0.0658804
-0.0629561
-0.0650811
-0.0689966
-0.0668678
-0.065897
-0.065011
-0.0649493
-0.0660772
-0.0651129
-0.0679178
-0.0620873
-0.0680532
-0.0652985
-0.0680591
-0.0681545
-0.0710125
-0.0660378
-0.0669135
-0.0669135
-0.0697928
-0.0688953
-0.072827
-0.0698664
-0.0697263
-0.0698393
-0.0660152
-0.0680882
-0.0689003
-0.0658118
-0.0677881
-0.0709388
-0.0699842
-0.0739496
-0.0716403
-0.0736974
-0.0707364
-0.0739885
-0.0695394
-0.0706743
-0.0687201
-0.0690356
-0.0720342
-0.0747934
-0.0750067
-0.0768226
-0.074993
-0.0759043
-0.0756625
-0.0777682
-0.0779568
-0.0748801
-0.0779936
-0.0807949
-0.0809701
-0.0789905
-0.0777058
-0.0768729
-0.0768093
-0.0808449
-0.08087
-0.0811824
-0.0789024
-0.078007
-0.0799656
-0.0769496
-0.0786033
-0.0747698
-0.0738256
-0.0767525
-0.0796758
-0.0818827
-0.0826545
-0.0828437
-0.0828437
-0.0838163
-0.0826932
-0.081475
-0.0793957
-0.0806711
-0.0787443
-0.0768792
-0.0720267
-0.0689583
-0.0699815
-0.0699815
-0.0710343
-0.0755925
-0.074681
-0.0805199
-0.0805998
-0.0761815
-0.0804085
-0.0767378
-0.0795153
-0.0747615
-0.0754111
-0.0765757
-0.0785238
-0.0793562
-0.0787759
-0.0796586
-0.0767577
-0.0680371
-0.0590634
-0.0541941
-0.0481667
-0.0465031
-0.0475785
-0.0447617
-0.0433929
-0.0377688
-0.0337062
-0.0347896
-0.0337062
-0.033579
-0.033579
-0.0337517
-0.0346389
-0.0368292
-0.0357002
-0.0319412
-0.0347823
-0.0326934
-0.034835
-0.0356403
-0.0345712
-0.0287974
-0.0328727
-0.0320471
-0.030805
-0.0338961
-0.030858
-0.0326683
-0.0281595
-0.0310699
-0.0320471
-0.0327993
-0.0318749
-0.0298346
-0.0293281
-0.0303049
-0.0299205
-0.0283049
-0.0259264
-0.0287907
-0.0300079
-0.0300079
-0.0309708
-0.0300267
-0.0319942
-0.0317226
-0.0321
-0.0336249
-0.0300332
-0.0281988
-0.0279602
-0.0302389
-0.0322522
-0.0284045
-0.0279665
-0.0300332
-0.0281792
-0.0254157
-0.0291689
-0.026226
-0.0261728
-0.0261728
-0.0273749
-0.0286713
-0.0292559
-0.0257936
-0.0279934
-0.0302327
-0.0271494
-0.0270494
-0.0269633
-0.0279007
-0.0281792
-0.0334989
-0.0309248
-0.033671
-0.0374384
-0.034835
-0.0328198
-0.0288839
-0.0288372
-0.028139
-0.0299271
-0.0296155
-0.0364673
-0.0278734
-0.0309248
-0.029874
-0.0298143
-0.0280262
-0.0279199
-0.0310037
-0.0306855
-0.030752
-0.023853
-0.0268301
-0.0270719
-0.02895
-0.029874
-0.029861
-0.0276475
-0.030858
-0.0260194
-0.0269033
-0.0259728
-0.0271026
-0.0258
-0.0258
-0.0290097
-0.0249496
-0.027954
-0.0249173
-0.0268433
-0.0258065
-0.0287244
-0.0298346
-0.0268237
-0.0249706
-0.0269834
-0.0241261
-0.0241261
-0.0252026
-0.0298346
-0.0239063
-0.0241604
-0.0281198
-0.0257936
-0.0278272
-0.0246568
-0.0270627
-0.0250301
-0.0250028
-0.0268769
-0.0280011
-0.0291435
-0.0251494
-0.0251841
-0.0280262
-0.0260727
-0.0276942
-0.0287376
-0.0268965
-0.0271557
-0.0269772
-0.0252026
-0.0254157
-0.0254157
-0.0269897
-0.0248168
-0.0261324
-0.0247635
-0.0249363
-0.0261324
-0.027973
-0.0241666
-0.0257403
-0.0288574
-0.0229831
-0.024883
-0.0260327
-0.0258597
-0.0280134
-0.0277741
-0.0289435
-0.0258
-0.0242262
-0.0240066
-0.0269365
-0.0247101
-0.0281921
-0.0240066
-0.0229109
-0.0261324
-0.0261324
-0.0231097
-0.0277073
-0.0240794
-0.0258532
-0.0248639
-0.0251026
-0.0270028
-0.025018
-0.0230301
-0.0289567
-0.0237997
-0.0258532
-0.0268965
-0.0230899
-0.0277741
-0.0265706
-0.0288438
-0.0242262
-0.0201907
-0.022167
-0.0211373
-0.0260006
-0.0232499
-0.026013
-0.0278006
-0.0249768
-0.0232376
-0.0249298
-0.0270961
-0.0240003
-0.0240003
-0.0251782
-0.0260539
-0.0242672
-0.0260792
-0.0233978
-0.0259662
-0.0251248
-0.0270305
-0.0263452
-0.0240599
-0.0239063
-0.0230564
-0.0242262
-0.0262198
-0.0272621
-0.0204761
-0.0258597
-0.0271226
-0.0211725
-0.0249895
-0.0249895
-0.0270837
-0.0243862
-0.0220004
-0.0244333
-0.0287907
-0.0203037
-0.0251963
-0.0242078
-0.0260194
-0.025056
-0.0210002
-0.0240728
-0.0248963
-0.0240663
-0.0261133
-0.0233919
-0.0219286
-0.0241794
-0.0248896
-0.0249428
-0.0270366
-0.0261728
-0.0239129
-0.0250774
-0.0229233
-0.0230835
-0.0241604
-0.0251092
-0.0261324
-0.0261728
-0.0269834
-0.0242672
-0.0241729
-0.0241544
-0.0223806
-0.0222801
-0.0269834
-0.0230963
-0.0223149
-0.0270494
-0.0221607
-0.0234163
-0.0199883
-0.0240195
-0.0240663
-0.0243266
-0.0240663
-0.0259001
-0.0201613
-0.0271557
-0.0257467
-0.0257467
-0.0252968
-0.0240003
-0.0229584
-0.0239532
-0.0243565
-0.0251248
-0.021232
-0.0231432
-0.0217931
-0.0241544
-0.0241485
-0.0254567
-0.023285
-0.0223744
-0.0242612
-0.0251841
-0.023043
-0.0240003
-0.0252908
-0.0231432
-0.0222801
-0.0213984
-0.02438
-0.0251307
-0.0230835
-0.0239882
-0.0232629
-0.021238
-0.0257873
-0.0210776
-0.0221607
-0.0210654
-0.0248896
-0.0230835
-0.021339
-0.0210776
-0.0242733
-0.0249768
-0.0262731
-0.0255574
-0.02438
-0.0291028
-0.0253562
-0.0232499
-0.0252258
-0.0253156
-0.0240599
-0.0249961
-0.0243266
-0.0251963
-0.0242612
-0.0252968
-0.0202085
-0.0231432
-0.022804
-0.0240066
-0.0223933
-0.022208
-0.0263264
-0.0241071
-0.0223684
-0.0252026
-0.0252968
-0.025143
-0.0241729
-0.0253624
-0.0230835
-0.0230835
-0.0238999
-0.0250835
-0.0208574
-0.0254034
-0.0216006
-0.0244272
-0.023285
-0.0241071
-0.0241485
-0.0209644
-0.0231188
-0.0231188
-0.0241071
-0.0220892
-0.0249768
-0.0229831
-0.0202621
-0.0211846
-0.0270494
-0.0260792
-0.0220004
-0.0258
-0.0212977
-0.0250364
-0.0210903
-0.0239596
-0.0229049
-0.0240728
-0.0260727
-0.0210179
-0.0258597
-0.0259264
-0.0221136
-0.0238936
-0.0222497
-0.0269897
-0.0233033
-0.026226
-0.0239662
-0.021232
-0.0241133
-0.0212915
-0.0221485
-0.0230899
-0.0230773
-0.0241729
-0.025018
-0.0202085
-0.0243205
-0.0262731
-0.0243146
-0.0253562
-0.0230301
-0.0252026
-0.0243739
-0.0261856
-0.0261605
-0.0231308
-0.0231782
-0.0242199
-0.0240599
-0.0263737
-0.0201613
-0.0184176
-0.026042
-0.0241071
-0.0268965
-0.0229171
-0.0220476
-0.0232437
-0.0222555
-0.0254034
-0.0235522
-0.0220416
-0.0265048
-0.0210241
-0.022202
-0.021304
-0.0241133
-0.0257738
-0.0250428
-0.0220666
-0.0270494
-0.0230773
-0.0222141
-0.0210969
-0.0251494
-0.0223684
-0.0250774
-0.0250774
-0.0232376
-0.0234038
-0.0222555
-0.0250301
-0.0222555
-0.0248579
-0.0229705
-0.022244
-0.0221266
-0.0229413
-0.0211725
-0.0230239
-0.0241544
-0.0280729
-0.0222738
-0.0232437
-0.0240599
-0.0231842
-0.0241485
-0.0211249
-0.0223684
-0.0222555
-0.0282732
-0.0230119
-0.0242795
-0.0221011
-0.023285
-0.020143
-0.0230835
-0.0241133
-0.0219942
-0.0259795
-0.0240537
-0.0250364
-0.0229831
-0.0238596
-0.0258065
-0.0219942
-0.0240537
-0.0211908
-0.0241327
-0.0213866
-0.0232695
-0.024303
-0.0230301
-0.0223456
-0.0242672
-0.0241666
-0.0250897
-0.021161
-0.0202147
-0.0231903
-0.0244213
-0.0242795
-0.0218465
-0.023043
-0.0222141
-0.0238131
-0.0216328
-0.0248702
-0.0216262
-0.0248639
-0.0185076
-0.0228991
-0.0233505
-0.0202025
-0.0214936
-0.0223625
-0.0221073
-0.0232563
-0.0257873
-0.0231432
-0.0211785
-0.0192575
-0.025143
-0.0241261
-0.0210241
-0.0218465
-0.0232096
-0.0232096
-0.0258732
-0.0220187
-0.0200358
-0.0241133
-0.022943
-0.0212738
-0.0213511
-0.0251368
-0.0210839
-0.0253562
-0.0241485
-0.0241905
-0.0240663
-0.0271557
-0.0253562
-0.018519
-0.0249173
-0.0249173
-0.0241604
-0.0230484
-0.0240599
-0.0242019
-0.0210903
-0.0243392
-0.0243392
-0.0242262
-0.0232376
-0.022883
-0.0260194
-0.0249707
-0.0235106
-0.0249173
-0.0239942
-0.0250301
-0.0230061
-0.0201141
-0.0211725
-0.0209968
-0.0219651
-0.0230301
-0.0219942
-0.0231369
-0.0240537
-0.0219407
-0.0219286
-0.0222675
-0.0211311
-0.0253092
-0.0251307
-0.02438
-0.0212795
-0.0259534
-0.0238999
-0.0234512
-0.0193758
-0.022202
-0.0260194
-0.0231782
-0.0230835
-0.0251248
-0.0229298
-0.022798
-0.0246632
-0.0233505
-0.0251901
-0.0249173
-0.0230773
-0.0192326
-0.0221962
-0.0223933
-0.0241604
-0.0198691
-0.0248519
-0.0219533
-0.0240066
-0.0214046
-0.0209644
-0.0232735
-0.0184712
-0.0211311
-0.0249646
-0.0223625
-0.0242795
-0.0201371
-0.0220476
-0.0220951
-0.023291
-0.0231842
-0.023043
-0.0241604
-0.0221962
-0.0207917
-0.0222675
-0.022167
-0.0194056
-0.0230178
-0.0224936
-0.021238
-0.0240476
-0.0211725
-0.0210776
-0.025018
-0.0250301
-0.0241794
-0.0222267
-0.0221545
-0.0260067
-0.0221427
-0.0202211
-0.0260663
-0.0211785
-0.0231369
-0.018364
-0.0221545
-0.0221545
-0.0203752
-0.0202278
-0.0240951
-0.0210903
-0.0223806
-0.0252968
-0.0254508
-0.0203631
-0.0212915
-0.0242199
-0.0204108
-0.0253624
-0.0252849
-0.0204226
-0.0263858
-0.0242672
-0.0262612
-0.0247985
-0.0244866
-0.0223272
-0.0230713
-0.0203691
-0.0202387
-0.0184653
-0.0252315
-0.0229767
-0.0204226
-0.0242199
-0.0235522
-0.0202276
-0.021232
-0.0243266
-0.0250835
-0.0250301
-0.0212915
-0.0193994
-0.022167
-0.0209901
-0.0228636
-0.0228636
-0.0240951
-0.0240951
-0.0224218
-0.0262324
-0.022309
-0.0213866
-0.0210595
-0.0231369
-0.0228699
-0.0220892
-0.0214643
-0.0211667
-0.021119
-0.0211373
-0.0211785
-0.0211908
-0.0241604
-0.0229831
-0.0193459
-0.0231842
-0.0211725
-0.0219881
-0.0212738
-0.0205482
-0.0225287
-0.0243205
-0.0262671
-0.0219665
-0.0241485
-0.0231432
-0.0214046
-0.0231432
-0.021119
-0.0242138
-0.0222333
-0.0174421
-0.018096
-0.0242262
-0.0230835
-0.0250301
-0.0221011
-0.0260067
-0.0231723
-0.0219881
-0.0234396
-0.0211249
-0.0214879
-0.0251901
-0.0202979
-0.0232316
-0.021119
-0.0234228
-0.0250961
-0.0231842
-0.0220892
-0.022202
-0.0222141
-0.0194469
-0.0220357
-0.0255285
-0.0221607
-0.0262671
-0.0212855
-0.0240951
-0.0212738
-0.02212
-0.022434
-0.0235046
-0.0231562
-0.0212202
-0.0219763
-0.0203691
-0.0214936
-0.0221607
-0.0219346
-0.0240893
-0.0231562
-0.0231369
-0.0224218
-0.0238999
-0.0210654
-0.0241544
-0.024101
-0.021345
-0.022208
-0.0224159
-0.0222675
-0.0213924
-0.0239942
-0.0240599
-0.0196611
-0.0201207
-0.021226
-0.0243205
-0.0251026
-0.0254034
-0.0251841
-0.0173409
-0.0211373
-0.0233978
-0.0221011
-0.0204226
-0.0223149
-0.026292
-0.0213866
-0.0205953
-0.021595
-0.0281668
-0.0244099
-0.020256
-0.0254984
-0.0253562
-0.0213924
-0.0232499
-0.023659
-0.0233033
-0.0250835
-0.019554
-0.0242078
-0.0214643
-0.0204226
-0.0215115
-0.0230963
-0.019173
-0.0229767
-0.0243266
-0.022208
-0.025018
-0.0221799
-0.0242733
-0.0252434
-0.0201078
-0.0250774
-0.0251782
-0.0232792
-0.0260727
-0.0239469
-0.0234634
-0.0272558
-0.0204166
-0.0215529
-0.0231903
-0.0269834
-0.0242612
-0.0232499
-0.0230178
-0.0192266
-0.0195004
-0.0213105
-0.0212738
-0.0224159
-0.0222615
-0.022202
-0.0215529
-0.0231842
-0.0224812
-0.0232437
-0.0212795
-0.023291
-0.0243392
-0.0213866
-0.0199944
-0.0199705
-0.0232971
-0.0214994
-0.0203631
-0.0242612
-0.0201907
-0.0219469
-0.0214519
-0.0229109
-0.0228991
-0.0220601
-0.021238
-0.021119
-0.0192862
-0.0249831
-0.0278538
-0.0212442
-0.0219821
-0.0231247
-0.0240195
-0.0230835
-0.0199822
-0.0240951
-0.0250774
-0.0249173
-0.022137
-0.0242327
-0.0231842
-0.0220476
-0.0239348
-0.0222141
-0.0240066
-0.0211373
-0.0191853
-0.0212738
-0.0238999
-0.0230963
-0.0239824
-0.0231369
-0.022167
-0.0227631
-0.0231188
-0.0252559
-0.0211249
-0.0240599
-0.0193279
-0.0220187
-0.0194409
-0.0211131
-0.0219881
-0.0241133
-0.0237398
-0.0244156
-0.0214046
-0.0214046
-0.0242733
-0.0238697
-0.0201314
-0.0192266
-0.0220951
-0.0234285
-0.0234285
-0.0230239
-0.0249768
-0.0241071
-0.0202501
-0.0231842
-0.0210595
-0.026013
-0.0260006
-0.0239408
-0.0212795
-0.0211846
-0.0241485
-0.0241485
-0.0240003
-0.020143
-0.0203631
-0.0211018
-0.0221545
-0.0221545
-0.0204166
-0.0194295
-0.0213924
-0.0212738
-0.0192862
-0.0221849
-0.022202
-0.0251901
-0.0221485
-0.0221073
-0.0213924
-0.0222141
-0.0239596
-0.0209048
-0.0199472
-0.0210119
-0.0240663
-0.022321
-0.0268646
-0.0211373
-0.0208298
-0.0208818
-0.0220666
-0.0192149
-0.0222555
-0.021232
-0.0220067
-0.0200299
-0.0193933
-0.020143
-0.0210776
-0.0231842
-0.0221485
-0.0259886
-0.0213511
-0.0211131
-0.020256
-0.0181376
-0.0222615
-0.0221485
-0.0230239
-0.0231723
-0.018364
-0.0248765
-0.0219598
-0.0221485
-0.025056
-0.0230178
-0.0228764
-0.0239662
-0.0261259
-0.0211373
-0.0243524
-0.0243524
-0.0244156
-0.0201015
-0.0230899
-0.0242672
-0.0242672
-0.0243205
-0.0221545
-0.0211131
-0.0228575
-0.0229705
-0.0240066
-0.0218216
-0.0260067
-0.0249646
-0.0238936
-0.0219881
-0.0260067
-0.0218935
-0.0230119
-0.0230119
-0.0231188
-0.0208701
-0.0211373
-0.0248579
-0.0220004
-0.0210714
-0.0231308
-0.0231432
-0.0220892
-0.0221073
-0.022309
-0.0249707
-0.0232316
-0.0248045
-0.0219228
-0.0211846
-0.0209524
-0.0208574
-0.0239532
-0.0230365
-0.0249235
-0.0210714
-0.0191791
-0.0229644
-0.0221485
-0.0218811
-0.0229831
-0.0213273
-0.0208039
-0.0210714
-0.0220476
-0.0203752
-0.0222141
-0.0219881
-0.0241071
-0.0228575
-0.0202682
-0.0202025
-0.0243146
-0.0200778
-0.020155
-0.0221011
-0.0192388
-0.022202
-0.0213639
-0.0223272
-0.0237627
-0.0249298
-0.023285
-0.0241666
-0.021119
-0.0230061
-0.021226
-0.0229767
-0.0223806
-0.0211725
-0.0238641
-0.0204166
-0.0212855
-0.0221011
-0.0213331
-0.0192743
-0.0243146
-0.0222675
-0.0201015
-0.0183581
-0.0211725
-0.0229644
-0.0202085
-0.0203156
-0.0232257
-0.0221962
-0.021091
-0.0241666
-0.0211725
-0.0215115
-0.0212145
-0.0213273
-0.0183045
-0.0211131
-0.0233097
-0.0214459
-0.022309
-0.0209524
-0.0183523
-0.0222141
-0.0270899
-0.0232316
-0.0190062
-0.0223567
-0.0212681
-0.0194945
-0.0194887
-0.0233861
-0.0233505
-0.0232316
-0.0182568
-0.0251307
-0.0251307
-0.0204166
-0.0202025
-0.0232257
-0.0222675
-0.0235522
-0.0203691
-0.0250301
-0.0210241
-0.0223149
-0.0229584
-0.0232376
-0.0201314
-0.0202085
-0.0222555
-0.0222975
-0.0222555
-0.0205772
-0.0193398
-0.0193398
-0.0221485
-0.0194469
-0.0243679
-0.0222555
-0.0250301
-0.0184176
-0.0184176
-0.0203217
-0.0242496
-0.0203156
-0.0214459
-0.017323
-0.0221962
-0.0211667
-0.0201489
-0.0231432
-0.0193222
-0.0222675
-0.0185248
-0.023558
-0.0203815
-0.0203815
-0.0263264
-0.0232376
-0.021226
-0.021226
-0.0171202
-0.0222555
-0.0225407
-0.023724
-0.0233978
-0.0236114
-0.023327
-0.0206901
-0.0226298
-0.0254984
-0.0222204
-0.023285
-0.022202
-0.0222615
-0.022321
-0.0173884
-0.0193398
-0.0191671
-0.0243739
-0.0213217
-0.0202682
-0.0215471
-0.0192802
-0.0223625
-0.022208
-0.0183104
-0.0241427
-0.0223149
-0.0203752
-0.0213331
-0.0235046
-0.022292
-0.0220416
-0.0225287
-0.0212202
-0.021579
-0.0185022
-0.0223744
-0.022321
-0.0191194
-0.0224812
-0.0219881
-0.0202276
-0.0249961
-0.0224046
-0.0211249
-0.0222615
-0.0202025
-0.0272026
-0.0222615
-0.0211908
-0.0220834
-0.0233444
-0.0240794
-0.0212738
-0.0222555
-0.0193279
-0.0219881
-0.0219881
-0.0230239
-0.0203405
-0.0203405
-0.0208637
-0.0224102
-0.0213866
-0.0213984
-0.020143
-0.0241604
-0.0211725
-0.0233444
-0.0220778
-0.023434
-0.021345
-0.0212681
-0.0204702
-0.0220004
-0.0203515
-0.0224102
-0.0222615
-0.0193338
-0.0229767
-0.0230835
-0.0224218
-0.0223625
-0.0225172
-0.0233033
-0.0221427
-0.0191255
-0.0232437
-0.0183304
-0.0223149
-0.0213273
-0.0228636
-0.0200894
-0.0230119
-0.0211785
-0.0182508
-0.0223456
-0.0234512
-0.0238874
-0.0223511
-0.0202443
-0.0216657
-0.0224936
-0.0241666
-0.0196333
-0.0233919
-0.0231966
-0.0203156
-0.0213698
-0.0220892
-0.0231188
-0.0220476
-0.0191791
-0.022244
-0.0213698
-0.0231903
-0.0215054
-0.0211846
-0.0202025
-0.0240416
-0.0243679
-0.0214824
-0.0204051
-0.0181799
-0.0220357
-0.0239942
-0.0214824
-0.0252434
-0.0192923
-0.0221427
-0.0182336
-0.0229584
-0.0240893
-0.0231842
-0.0221607
-0.0251963
-0.0213924
-0.0231247
-0.021238
-0.0220416
-0.0250835
-0.0209466
-0.0220357
-0.0192862
-0.021345
-0.0229644
-0.0228699
-0.0249831
-0.0222675
-0.0222555
-0.0200894
-0.0200894
-0.0202085
-0.0218338
-0.0192575
-0.0220778
-0.0227506
-0.0200299
-0.021226
-0.0232316
-0.0181376
-0.0223272
-0.0219665
-0.0192326
-0.0220951
-0.0229705
-0.0209835
-0.0193279
-0.021119
-0.0212795
-0.0210179
-0.0179887
-0.0220004
-0.0211311
-0.0210179
-0.0192266
-0.0221545
-0.0230713
-0.0191981
-0.0181496
-0.0181972
-0.0242138
-0.0231247
-0.0210241
-0.0193398
-0.0193398
-0.021006
-0.0199944
-0.0248106
-0.0199944
-0.0239942
-0.0182094
-0.0209706
-0.0250301
-0.0239469
-0.0239532
-0.021119
-0.0238936
-0.0229644
-0.0229644
-0.0210595
-0.0210595
-0.0199944
-0.0192266
-0.0209706
-0.0209706
-0.0236864
-0.0182449
-0.021161
-0.0211667
-0.0237932
-0.022804
-0.0211074
-0.0135034
-8.03694e-05
-0.00300906
0.00486055
0.00750999
0.0134028
0.0152351
0.00950867
0.00949741
0.00892392
0.00892392
0.0144714
0.0152676
0.0152785
0.0124675
0.0160777
0.0140719
0.0163525
0.0180137
0.0159612
0.01835
0.0152178
0.0173871
0.0181932
0.0160221
0.0210418
0.0152204
0.0172177
0.0181885
0.0182388
0.0182466
0.0181303
0.0173235
0.0182998
0.0171646
0.0192095
0.0142994
0.0163554
0.0134973
0.0173846
0.0186837
0.02057
0.0156914
0.0171669
0.0155007
0.0193262
0.0162415
0.0189446
0.0200204
0.0180164
0.0192752
0.0183528
0.0172733
0.0183528
0.0182388
0.0172651
0.017329
0.0182489
0.0180818
0.0163606
0.0162878
0.0210893
0.0184693
0.0201319
0.0189965
0.0191057
0.0172151
0.0174402
0.0191057
0.0202435
0.0154451
0.0200714
0.0162415
0.0203472
0.0201296
0.0181303
0.0156118
0.0203016
0.015597
0.0201853
0.0201853
0.016297
0.0172782
0.0147714
0.0163554
0.0203016
0.0193792
0.0171569
0.0151119
0.0169421
0.018416
0.0163074
0.0164051
0.0180215
0.0192729
0.0171065
0.0155611
0.0202942
0.0202942
0.0173315
0.0184693
0.0200157
0.0170925
0.0189965
0.0170555
0.0183579
0.0183579
0.0185781
0.0176043
0.015334
0.014252
0.0151674
0.0181328
0.0186921
0.0186921
0.0173761
0.0182415
0.0182415
0.0205756
0.0175487
0.0183089
0.0165775
0.0185807
0.020355
0.0162998
0.0114465
0.0202968
0.02057
0.0156091
0.0195435
0.0152809
0.0193792
0.0169977
0.0152733
0.0152733
0.0194349
0.0182441
0.0174402
0.0185694
0.0154953
0.0172782
0.0192729
0.0192729
0.0166435
0.0184084
0.0174902
0.0202385
0.0165248
0.0148849
0.0152831
0.0194376
0.0205172
0.0142994
0.0181859
0.0169999
0.0154924
0.0194906
0.0165274
0.0193262
0.0183579
0.0172225
0.0172177
0.0172177
0.017554
0.0181909
0.0174402
0.0172758
0.0201245
0.0174452
0.0194425
0.0172733
0.0171621
0.014696
0.014696
0.0193736
0.0171596
0.0174452
0.0172225
0.0194349
0.0165299
0.0211045
0.0186082
0.0172782
0.0173819
0.0191034
0.0135555
0.0179634
0.0179634
0.0152785
0.017268
0.0161938
0.0127003
0.0205224
0.019331
0.0150052
0.0170039
0.0161382
0.0208769
0.0200738
0.0239009
0.0192729
0.0180795
0.015003
0.0192172
0.0174375
0.0161405
0.0180239
0.0204614
0.0153364
0.0171569
0.014363
0.0201877
0.0190477
0.0170533
0.0201319
0.0171112
0.0181328
0.0160802
0.0160826
0.0192122
0.0183471
0.0194349
0.0184084
0.0198991
0.0213279
0.0192593
0.0192679
0.0162443
0.0165344
0.0192774
0.0181303
0.0179659
0.0200738
0.0191057
0.0172202
0.0150607
0.0200688
0.021272
0.019318
0.0155007
0.0200181
0.0190399
0.0173761
0.0171669
0.0173338
0.0172177
0.0181953
0.0156647
0.0161382
0.0201877
0.0173338
0.0210442
0.0152705
0.0193286
0.0173338
0.0204057
0.0194469
0.0204666
0.0164664
0.0164664
0.0183046
0.0184111
0.0190426
0.0151068
0.0165803
0.0164186
0.0164186
0.0193765
0.0167811
0.020355
0.0151649
0.014241
0.014241
0.0182998
0.0161447
0.0160722
0.0201342
0.0143075
0.0202435
0.0200226
0.0152705
0.0172225
0.0165344
0.0193844
0.0162517
0.0182972
0.0161913
0.0201245
0.0170985
0.0182998
0.0180795
0.0182466
0.0182466
0.015334
0.0188249
0.0171596
0.0180772
0.0160802
0.0141913
0.0192095
0.0200226
0.0201217
0.0192195
0.0174402
0.0194349
0.0200181
0.0188806
0.0181352
0.02035
0.0152229
0.0173338
0.0161961
0.0170458
0.0182466
0.016522
0.0165803
0.017554
0.0201362
0.0181328
0.0183068
0.016186
0.0162443
0.0143099
0.02035
0.0174984
0.0152253
0.0173846
0.0189407
0.0161332
0.0201853
0.0207096
0.0202411
0.0160247
0.0208253
0.0171112
0.0191615
0.0196121
0.017002
0.0160221
0.0154953
0.0174984
0.0160802
0.0174427
0.0191009
0.0175458
0.0200157
0.0184183
0.017169
0.0164186
0.016075
0.0200157
0.0144209
0.0191034
0.0204154
0.0151649
0.0202411
0.015334
0.017104
0.015326
0.0174452
0.0174984
0.0208791
0.0155007
0.01835
0.0190477
0.0192195
0.0189943
0.0203635
0.0199017
0.02035
0.0191591
0.018416
0.0164162
0.0213279
0.0179704
0.0174958
0.0164209
0.0209326
0.0209326
0.0173315
0.0172825
0.0180239
0.0221284
0.0164742
0.0198509
0.0162469
0.0220167
0.0178546
0.0173361
0.0159666
0.0169902
0.0169902
0.0163117
0.0200762
0.0189895
0.0201296
0.0219668
0.0173263
0.0174984
0.0201877
0.0182441
0.0221284
0.0172124
0.015326
0.0181328
0.0169463
0.0160247
0.0201828
0.0198552
0.0221261
0.0171112
0.0149984
0.0191615
0.0182972
0.0169953
0.0149404
0.0191591
0.0183022
0.016363
0.0200688
0.0171621
0.0172758
0.0161427
0.0161427
0.017104
0.0173361
0.0153785
0.0172707
0.0175032
0.0193867
0.0191057
0.0164766
0.0155032
0.0193262
0.0223542
0.0183554
0.0173315
0.0192729
0.0183554
0.0191591
0.0174958
0.0191101
0.016358
0.0172177
0.0172247
0.0161913
0.014194
0.0177455
0.0177455
0.0183579
0.0192195
0.0154451
0.0180281
0.0184693
0.0193819
0.018474
0.0180215
0.0154476
0.0182388
0.0190982
0.0192705
0.0192705
0.0192729
0.0183528
0.0185274
0.0184111
0.0212162
0.0191101
0.0199647
0.01835
0.0171621
0.0161887
0.0183603
0.0200204
0.0188806
0.0188806
0.0181303
0.0200688
0.0181909
0.0182489
0.0201828
0.0162469
0.019108
0.0171569
0.0203037
0.0203037
0.0174427
0.0200738
0.0173871
0.0170576
0.0181953
0.0207675
0.0182415
0.0164664
0.0163025
0.0190452
0.0191615
0.0171112
0.0190452
0.0150563
0.0173382
0.0202887
0.0192195
0.0182944
0.0202435
0.0161913
0.017554
0.0174958
0.0192216
0.0145765
0.0164718
0.0152275
0.0192172
0.0192172
0.0192752
0.0202435
0.0223024
0.0209907
0.0172758
0.0183554
0.0183046
0.0182415
0.0172151
0.0191678
0.0184084
0.0183022
0.0183022
0.0174347
0.0211558
0.0215463
0.0202385
0.0165299
0.0201921
0.0174375
0.0174375
0.020469
0.0202915
0.0183579
0.0173361
0.0172151
0.0177711
0.0174475
0.0212698
0.0173315
0.0174452
0.0192148
0.0161887
0.0185224
0.0173315
0.0194321
0.0185725
0.0184056
0.0165855
0.0196098
0.0173846
0.0174984
0.0168054
0.016583
0.0166857
0.0165274
0.0214321
0.0194933
0.0177792
0.017721
0.0156091
0.017554
0.0185663
0.0196047
0.0176043
0.0176043
0.0176097
0.0184693
0.0197042
0.0176599
0.0208597
0.02019
0.02019
0.0176071
0.0173819
0.0186281
0.0144714
0.0194321
0.0184027
0.019602
0.0173761
0.0202993
0.0185807
0.0196631
0.0196631
0.0167498
0.0204641
0.0185781
0.0156674
0.0176599
0.0205756
0.0165855
0.0196656
0.020355
0.0158868
0.0197795
0.0197213
0.0186338
0.0173846
0.0196656
0.0184717
0.0196604
0.0177681
0.0164692
0.0206339
0.0186837
0.0174902
0.019554
0.0166968
0.0175631
0.0165299
0.018474
0.0185832
0.0197746
0.0164692
0.0164692
0.0175565
0.0165248
0.0212673
0.0212673
0.0206364
0.019549
0.0184084
0.0177183
0.0186338
0.0165879
0.0196073
0.0175032
0.0176014
0.0155007
0.0192705
0.018525
0.0194401
0.0176679
0.0175565
0.0214347
0.0194958
0.0176097
0.0164742
0.0184717
0.0184136
0.0184136
0.0184136
0.0184136
0.0163525
0.0194401
0.020355
0.0156143
0.0194958
0.0173338
0.0162356
0.014696
0.0210465
