-0.0593712
-0.0543113
-0.065727
-0.0291459
-0.0804985
-0.0572807
-0.0498672
-0.0584423
-0.0634306
-0.0588871
-0.050169
-0.0567094
-0.0521523
-0.0577383
-0.0437167
-0.0627667
-0.0595767
-0.0557637
-0.0461353
-0.0477445
-0.0591972
-0.0565705
-0.0521247
-0.0300247
-0.0497196
-0.0624583
-0.0561176
-0.0523457
-0.0593085
-0.053034
-0.0733533
-0.0820477
-0.0541286
-0.0511434
-0.0512274
-0.0692743
-0.0616609
-0.0527569
-0.0535935
-0.0439527
-0.0537317
-0.0607045
-0.0626701
-0.0593508
-0.0512506
-0.0643292
-0.0544682
-0.0606268
-0.0473667
-0.0617339
-0.0569901
-0.0725534
-0.0508545
-0.0716071
-0.0532143
-0.0635784
-0.0607057
-0.0611805
-0.0763016
-0.0611557
-0.0687328
-0.0459084
-0.0626141
-0.0598303
-0.0406316
-0.0733401
-0.0536277
-0.0636882
-0.0603874
-0.0648642
-0.0644381
-0.0457685
-0.0399777
-0.0575597
-0.055505
-0.0625925
-0.0584103
-0.0588489
-0.0506228
-0.0410859
-0.056682
-0.0733356
-0.0605131
-0.0433437
-0.0486553
-0.0621741
-0.0539186
-0.0632206
-0.0513948
-0.0490803
-0.0491578
-0.0546918
-0.0602213
-0.0630242
-0.0586868
-0.060118
-0.0697815
-0.0527768
-0.0573929
-0.0567408
-0.0689838
-0.0455056
-0.0735789
-0.0635348
-0.0642514
-0.0596456
-0.0665497
-0.0643894
-0.0638795
-0.0431189
-0.0528745
-0.0616043
-0.0507013
-0.0573554
-0.0587336
-0.0615471
-0.0741043
-0.0348568
-0.0483984
-0.0595844
-0.050783
-0.0427397
-0.0342428
-0.0464098
-0.0557011
-0.0619531
-0.0612493
-0.0632936
-0.0535081
-0.0722958
-0.070535
-0.0568571
-0.0666331
-0.055966
-0.0606626
-0.0495224
-0.0582153
-0.0485517
-0.0598775
-0.0680275
-0.059809
-0.0514748
-0.0520299
-0.0507843
-0.0611614
-0.0608717
-0.0617589
-0.0618539
-0.0488666
-0.0557559
-0.0436497
-0.0480949
-0.0552553
-0.0596669
-0.0745863
-0.0683428
-0.0540415
-0.0649992
-0.0562998
-0.0491562
-0.0597497
-0.063884
-0.0593996
-0.0529581
-0.063703
-0.0494604
-0.0750876
-0.0568986
-0.0586417
-0.0651472
-0.0656097
-0.0663553
-0.0506413
-0.0690282
-0.0547463
-0.0379807
-0.0519197
-0.0744949
-0.0630527
-0.0596199
-0.0762597
-0.0605681
-0.0532113
-0.0644133
-0.0476285
-0.0544944
-0.0584747
-0.069172
-0.0484087
-0.0662359
-0.0480872
-0.0529621
-0.0742522
-0.0657267
-0.0648405
-0.0580132
-0.0791972
-0.0745555
-0.067329
-0.0810778
-0.051437
-0.0726175
-0.0562947
-0.0629879
-0.0577224
-0.0652735
-0.0537626
-0.0475013
-0.0699734
-0.0623057
-0.0597047
-0.0659304
-0.057027
-0.0577056
-0.0750163
-0.0648118
-0.0642372
-0.0737414
-0.0720431
-0.0766561
-0.0630624
-0.0597341
-0.0647273
-0.0701999
-0.0416876
-0.0350097
-0.0487226
-0.0384463
-0.0484001
-0.0257811
-0.0263134
-0.0276977
-0.0284851
-0.0311861
-0.00600439
0.0550589
0.0570135
0.0713529
0.057069
0.101366
0.128427
0.14198
0.0902408
0.172815
0.193921
0.186424
0.0632796
0.00117755
-0.0659456
-0.297139
-0.257727
-0.521049
-0.707373
-0.805929
-0.91216
-1.03388
-1.13208
-1.19117
-1.18557
-1.26037
-1.37333
-1.41659
-1.45502
-1.53955
-1.52059
-1.36203
-1.26882
0.00937094
0.244874
0.0937548
0.273681
0.0847294
0.166707
0.146201
0.170294
0.270567
0.31204
0.229846
0.216176
0.221597
0.195373
0.179672
0.203624
0.258898
0.256536
0.247308
0.247044
0.241034
0.204569
0.192374
0.232697
0.240371
0.231712
0.239025
0.262178
0.253217
0.253598
0.228485
0.241343
0.231028
0.239688
0.237659
0.245559
0.228073
0.230975
0.235858
0.222102
0.223093
0.254635
0.257081
0.262456
0.260166
0.237908
0.247298
0.235488
0.245915
0.236533
0.244027
0.252176
0.250756
0.253636
0.249221
0.239128
0.240648
0.235719
0.248448
0.234682
0.254861
0.250867
0.23496
0.262862
0.249708
0.226593
0.259487
0.259904
0.242047
0.252896
0.253084
0.244823
0.235802
0.240669
0.242172
0.250325
0.238366
0.252703
0.0830969
0.0851782
0.170976
0.149364
0.098087
0.126904
0.15664
0.159185
0.126413
0.121239
0.137284
0.107003
0.109378
0.135525
0.152932
0.145161
0.134345
0.11962
0.113871
0.108176
0.116024
0.123307
0.12536
0.141432
0.148183
0.131761
0.153912
0.131666
0.120486
0.102737
0.122081
0.119128
0.13693
0.121529
0.140306
0.124357
0.14149
0.134172
0.116531
0.128331
0.136563
0.136325
0.118556
0.141025
0.132789
0.12747
0.107365
0.121838
0.129348
0.13255
0.126135
0.143919
0.116582
0.125862
0.115709
0.129649
0.13119
0.134669
0.134967
0.116702
0.142065
0.136529
0.129911
0.116746
0.135218
0.131026
0.129967
0.120721
0.122603
0.115544
0.128562
0.11815
0.125655
0.142328
0.130104
0.130727
0.124327
0.133308
0.134917
0.142568
0.135339
0.126895
0.123071
0.102878
0.122266
0.125858
0.129162
0.135963
0.134796
0.152536
0.131096
0.133567
0.127152
0.136621
0.139357
0.125427
0.125789
0.13162
0.117925
0.136762
0.145703
0.325013
0.228495
0.209624
0.236023
0.237914
0.235612
0.231812
0.24424
0.265844
0.264137
0.255152
0.243196
0.236845
0.241689
0.224012
0.243558
0.256747
0.257348
0.265153
0.249388
0.247961
0.254198
0.251579
0.228914
0.260996
0.24754
0.265755
0.247092
0.263518
0.237931
0.226596
0.240862
0.232181
0.254888
0.254638
0.256217
0.239321
0.245511
0.219058
0.24313
0.23745
0.253454
0.244727
0.238515
0.255554
0.256374
0.264175
0.233116
0.234131
0.0989618
0.110004
0.116906
0.102217
0.0859815
0.123282
0.142659
0.137104
0.0951684
0.0575121
0.028609
-0.014424
-0.0887167
-0.0518139
-0.0642812
-0.0747865
-0.065534
-0.0517597
-0.0414989
-0.0828524
-0.0540895
-0.0760621
-0.0583879
-0.0600891
-0.055202
-0.0752117
-0.0630355
-0.0650787
-0.0666305
-0.0767686
-0.0660935
-0.0591136
-0.0609026
-0.0573982
-0.0561147
-0.0416047
-0.0683144
-0.0655189
-0.0581588
-0.0535413
-0.0665653
-0.0685398
-0.071124
-0.0710615
-0.0791984
-0.0656297
-0.0589739
-0.0606635
-0.0762789
-0.0653643
-0.0756109
-0.0771335
-0.0704752
-0.0648173
-0.07327
-0.069616
-0.0687843
-0.0540948
-0.0371478
-0.0567232
-0.0739458
-0.0624399
-0.06764
-0.0488402
-0.0667898
-0.0565214
-0.070676
-0.0832457
-0.0602145
-0.0699159
-0.0557175
-0.0660197
-0.0425866
-0.0629491
-0.0591879
-0.0778383
-0.0478481
-0.0499661
-0.0753351
-0.0653481
-0.0666905
-0.075623
-0.0670967
-0.0499711
-0.079082
-0.0678674
-0.0519358
-0.0679676
-0.0587872
-0.068174
-0.060344
-0.0555273
-0.0709186
-0.0567632
-0.0579299
-0.0595688
-0.0578862
-0.0732102
-0.0845953
-0.0601855
-0.0810078
-0.0590115
-0.0553299
-0.0616274
-0.0795707
-0.0544849
-0.061449
-0.0477082
-0.0676875
-0.0569229
-0.0615458
-0.0509997
-0.0440752
-0.07818
-0.0524083
-0.0644657
-0.0501038
-0.0469337
-0.0581267
-0.0599535
-0.0442557
-0.0687068
-0.0565998
-0.0456633
-0.0704475
-0.072579
-0.0645671
-0.0519699
-0.0779334
-0.0477203
-0.0680946
-0.0695146
-0.0512678
-0.0486425
-0.0603386
-0.0673759
-0.0617561
-0.0513594
-0.0514572
-0.0518889
-0.0625411
-0.0535417
-0.0780798
-0.0647311
-0.0534799
-0.0731783
-0.0611246
-0.0607412
-0.0836688
-0.0695779
-0.0716779
-0.0707796
-0.0486391
-0.0671886
-0.0617265
-0.0690234
-0.0626009
-0.0699077
-0.0682082
-0.0663638
-0.0656745
-0.0497243
-0.0623764
-0.0584815
-0.0537331
-0.0495111
-0.0624124
-0.0691289
-0.0712225
-0.0750242
-0.0553417
-0.0578391
-0.0449208
-0.0515012
-0.056908
-0.0357852
-0.0547708
-0.072007
-0.0667352
-0.0714701
-0.0646083
-0.0438583
-0.0663055
-0.0683572
-0.0578694
-0.0451997
-0.064099
-0.0710528
-0.0710892
-0.0583424
-0.0670429
-0.0484919
-0.0496546
-0.0475988
-0.069235
-0.0642926
-0.0668926
-0.058085
-0.0592087
-0.0534623
-0.0558989
-0.0643005
-0.0681524
-0.053661
-0.0727782
-0.0934848
-0.0451968
-0.049319
-0.0447698
-0.0547109
-0.0764647
-0.0639322
-0.0708063
-0.0696267
-0.059321
-0.0552578
-0.0414616
-0.0567472
-0.0315201
-0.066731
-0.0572469
-0.0464371
-0.0674244
-0.0482716
-0.0509409
-0.0620819
-0.0574144
-0.0647731
-0.075102
-0.0718684
-0.0633162
-0.0750091
-0.0387079
-0.0595032
-0.0708267
-0.0763827
-0.0537507
-0.0623419
-0.0707287
-0.0623156
-0.0770134
-0.0470513
-0.0574459
-0.0555183
-0.0540965
-0.0647808
-0.0619762
-0.0747767
-0.0530637
-0.0684175
-0.0628835
-0.0537687
-0.0641058
-0.0733563
-0.0594793
-0.0644237
-0.057155
-0.0692433
-0.0668567
-0.0620414
-0.0649722
-0.0544611
-0.064218
-0.0602573
-0.0718532
-0.0496027
-0.0563855
-0.0617438
-0.0621274
-0.0641186
-0.0606287
-0.0591849
-0.0584052
-0.0552426
-0.0809572
-0.0598817
-0.0447813
-0.0618305
-0.0577852
-0.0514587
-0.065136
-0.0462096
-0.0608065
-0.0538732
-0.066023
-0.061026
-0.0590274
-0.0699796
-0.0648899
-0.0621493
-0.0595504
-0.0637486
-0.0553435
-0.0544197
-0.0588319
-0.0748413
-0.051119
-0.0603726
-0.0620858
-0.0504131
-0.0628034
-0.0618909
-0.0506236
-0.0608511
-0.0623059
-0.0605004
-0.0735166
-0.0646789
-0.0649534
-0.0618011
-0.0530367
-0.0553852
-0.0647381
-0.0676801
-0.0671201
-0.057034
-0.0660575
-0.0728853
-0.0509328
-0.0503945
-0.0544588
-0.0642523
-0.0478259
-0.0589898
-0.0457911
-0.06197
-0.0617076
-0.0661164
-0.0694212
-0.0524238
-0.0704671
-0.0699749
-0.0569121
-0.0883183
-0.0479557
-0.045572
-0.0578616
-0.0533837
-0.0675141
-0.051922
-0.0573748
-0.0493162
-0.0598471
-0.0613993
-0.0493609
-0.0561967
-0.0600837
-0.0541715
-0.0646419
-0.0461863
-0.0646906
-0.0490321
-0.0525673
-0.0662156
-0.0598913
-0.0629569
-0.0667988
-0.0578068
-0.0575088
-0.0619813
-0.0686964
-0.0570034
-0.0679835
-0.0598949
-0.0631132
-0.0703623
-0.0596138
-0.0644474
-0.0655292
-0.0698527
-0.0596499
-0.0573164
-0.0771334
-0.0664807
-0.0640347
-0.0636518
-0.0467003
-0.0612639
-0.0624383
-0.0591349
-0.0594929
-0.0559158
-0.0745288
-0.0520751
-0.0603607
-0.0694123
-0.0594198
-0.0744569
-0.0662807
-0.0618098
-0.0710642
-0.0584076
-0.0559085
-0.0571127
-0.059705
-0.0548257
-0.0677913
-0.0573757
-0.0608235
-0.0780386
-0.0469062
-0.0526097
-0.0588987
-0.0475436
-0.0712465
-0.0660793
-0.0620808
-0.0621818
-0.06971
-0.064675
-0.0735645
-0.067979
-0.062131
-0.0548913
-0.0440492
-0.0518038
-0.0380861
-0.0607836
-0.0723701
-0.0562481
-0.0625636
-0.0565947
-0.0535576
-0.0656749
-0.0659322
-0.0485938
-0.0527404
-0.0546113
-0.0483517
-0.0663005
-0.0683604
-0.0509597
-0.0687169
-0.0355855
-0.0612253
-0.062917
-0.0624488
-0.0591887
-0.0628801
-0.0589517
-0.0750139
