-0.0157741
-0.0149827
-0.0151199
-0.0160432
-0.0157302
-0.0101303
-0.0112337
-0.015412
-0.013809
-0.00994255
-0.0119134
-0.0124938
-0.0175151
-0.0127927
-0.00772825
-0.0152078
-0.0124745
-0.0105285
-0.0119322
-0.0151146
-0.012088
-0.0147633
-0.0123188
-0.0151871
-0.0140593
-0.0112084
-0.0157073
-0.0122501
-0.0143957
-0.0149827
-0.0158003
-0.0105787
-0.0147577
-0.0153941
-0.0127927
-0.0123808
-0.0120443
-0.0141964
-0.0180588
-0.0133851
-0.0158181
-0.0134288
-0.0135164
-0.0153941
-0.0172898
-0.013785
-0.0120007
-0.0102607
-0.0164106
-0.00956188
-0.0120443
-0.0167728
-0.0147577
-0.0115016
-0.0115452
-0.0138289
-0.0177185
-0.0117762
-0.0127054
-0.0131545
-0.011053
-0.011053
-0.0119508
-0.0106222
-0.0108903
-0.00888245
-0.0152518
-0.0117762
-0.0124309
-0.0151199
-0.015032
-0.0136735
-0.0142403
-0.0111648
-0.015389
-0.0114079
-0.00964891
-0.0138728
-0.0142584
-0.0136097
-0.0132419
-0.0120443
-0.0094003
-0.0094003
-0.0116389
-0.0137355
-0.0122751
-0.0114581
-0.0153243
-0.0143022
-0.0130173
-0.0130173
-0.0183941
-0.0153186
-0.00896924
-0.0165214
-0.0146149
-0.0131545
-0.0130671
-0.0106481
-0.011371
-0.0161097
-0.00906316
-0.0175151
-0.0112337
-0.0165477
-0.0138527
-0.0117511
-0.0177624
-0.0161804
-0.00782226
-0.0165653
-0.0134726
-0.00976178
-0.0131982
-0.0156863
-0.0155053
-0.0155053
-0.0116389
-0.017471
-0.0141709
-0.0161364
-0.015389
-0.017564
-0.0129299
-0.0115083
-0.00861513
-0.0123439
-0.0179927
-0.0158181
-0.0084778
-0.0138153
-0.0141272
-0.0159552
-0.0147814
-0.0151433
-0.0157302
-0.0126118
-0.0104414
-0.0139026
-0.0122501
-0.011053
-0.0142146
-0.0118634
-0.011227
-0.00915704
-0.015593
-0.01288
-0.0138345
-0.0141471
-0.0133354
-0.0120007
-0.0132419
-0.0155053
-0.0125376
-0.0118634
-0.0124997
-0.0129237
-0.0148016
-0.00906316
-0.015389
-0.013785
-0.00888245
-0.0144395
-0.0151638
-0.0131047
-0.00795955
-0.0142206
-0.0118198
-0.0179217
-0.012749
-0.00974263
-0.00750432
-0.0117762
-0.0119071
-0.0129237
-0.0159326
-0.0159552
-0.0134667
-0.0143519
-0.0108903
-0.0114079
-0.013061
-0.0169715
-0.0176081
-0.0143081
-0.0130173
-0.0165477
-0.0143461
-0.00929428
-0.0152309
-0.0125434
-0.00826168
-0.0115953
-0.00800289
-0.0108288
-0.0135602
-0.0114331
-0.0114079
-0.0119071
-0.0133099
-0.0137412
-0.0143081
-0.00834044
-0.0162735
-0.0181738
-0.0159992
-0.0131982
-0.0122936
-0.0129736
-0.0157302
-0.0123372
-0.0097184
-0.0101478
-0.014851
-0.0141272
-0.0146262
-0.0132043
-0.0147139
-0.0116389
-0.00515233
-0.0123188
-0.0152747
-0.0150759
-0.0164987
-0.0149388
-0.0124559
-0.0155261
-0.013566
-0.0127054
-0.0157741
-0.0136535
-0.0122751
-0.0159992
-0.0107966
-0.0134726
-0.0129237
-0.0146644
-0.0168169
-0.011957
-0.0128738
-0.011227
-0.00899565
-0.0117762
-0.0109403
-0.0117261
-0.0129736
-0.0122751
-0.017564
-0.0137412
-0.0124938
-0.0116825
-0.0128863
-0.0129054
-0.0143282
-0.0118198
-0.0148949
-0.0152747
-0.0157302
-0.00906316
-0.013604
-0.0175151
-0.0125434
-0.0120443
-0.0114079
-0.0134726
-0.00981236
-0.0150759
-0.0158235
-0.0103979
-0.0126991
-0.0124745
-0.0124376
-0.0105721
-0.0114647
-0.0134472
-0.0126118
-0.015862
-0.0141709
-0.0149388
-0.0128363
-0.0132917
-0.0164106
-0.0211353
-0.0125617
-0.00764165
-0.0146644
-0.0161804
-0.0122066
-0.0109661
-0.0123372
-0.0120007
-0.0171527
-0.0101737
-0.0143957
-0.015412
-0.0133971
-0.0107094
-0.012269
-0.0176963
-0.0159992
-0.0106658
-0.0119071
-0.0161364
-0.0100799
-0.0159992
-0.00697854
-0.0154558
-0.0114768
-0.00901976
-0.0126368
-0.0148949
-0.0108031
-0.0121379
-0.0126748
-0.0133792
-0.0151199
-0.0177404
-0.0127927
-0.00671875
-0.0132419
-0.0141272
-0.0136535
-0.0106222
-0.0144833
-0.0161416
-0.0117326
-0.0144833
-0.0153681
-0.0106658
-0.0141964
-0.0151199
-0.00701364
-0.00772825
-0.0164497
-0.0120506
-0.015301
-0.0113456
-0.0080224
-0.00994965
-0.0136535
-0.0196192
-0.0149827
-0.00984862
-0.0096317
-0.0134726
-0.0120007
-0.0147577
-0.0159113
-0.015257
-0.0126554
-0.011284
-0.00985574
-0.0159992
-0.0150267
-0.0130173
-0.0118634
-0.010485
-0.0160484
-0.0174933
-0.0127927
-0.0139222
-0.0149388
-0.00938116
-0.0107159
-0.0129237
-0.0137906
-0.0125434
-0.00964891
-0.0113456
-0.0125376
-0.0151638
-0.0138289
-0.0129299
-0.0141525
-0.0164546
-0.01288
-0.0116825
-0.0108467
-0.0136478
-0.01401
-0.0148455
-0.00640095
-0.0126806
-0.0167681
-0.0140154
-0.0122253
-0.0163226
-0.0164987
-0.0109339
-0.0131982
-0.0106222
-0.0159113
-0.0138289
-0.0159992
-0.0140648
-0.01401
-0.0120443
-0.0143899
-0.0104414
-0.0102675
-0.0143081
-0.0192565
-0.0161364
-0.010485
-0.010485
-0.0117762
-0.0141087
-0.0118198
-0.0111149
-0.00644414
-0.009769
-0.0127927
-0.01245
-0.0219256
-0.0155492
-0.0148949
-0.0137412
-0.0144214
-0.0106222
-0.0143519
-0.0125434
-0.0135164
-0.00960539
-0.0158396
-0.0125181
-0.0154558
-0.018103
-0.0144015
-0.0165214
-0.0146205
-0.0116455
-0.0111834
-0.0134667
-0.0146644
-0.0108903
-0.0115953
-0.0150267
-0.0113208
-0.0152518
-0.0115083
-0.0135164
-0.0105285
-0.0102172
-0.0156425
-0.0098363
-0.0157073
-0.0151852
-0.015389
-0.0162068
-0.0169052
-0.0184214
-0.0180588
-0.00883909
-0.00920045
-0.0145767
-0.0145767
-0.0133792
-0.0143081
-0.0188496
-0.0138589
-0.0132235
-0.0132235
-0.0175151
-0.0129492
-0.0109339
-0.0153501
-0.0135602
-0.013566
-0.0182887
-0.0150267
-0.0190795
-0.0155261
-0.0105854
-0.0165477
-0.0138783
-0.0103041
-0.00967504
-0.00845108
-0.0185584
-0.0168169
-0.0148455
-0.0113954
-0.0180367
-0.012631
-0.0131545
-0.0107094
-0.0133354
-0.0128426
-0.0140593
-0.0139899
-0.0103979
-0.0133792
-0.0114828
-0.0140593
-0.00906316
-0.0120506
-0.0123625
-0.0107159
-0.0129299
-0.0133606
-0.0146205
-0.0146205
-0.0149388
-0.0145767
-0.00933081
-0.0169935
-0.0159552
-0.0143022
-0.015906
-0.011957
-0.00795955
-0.011957
-0.0105787
-0.0147835
-0.013785
-0.0114828
-0.0143335
-0.017449
-0.0133792
-0.0139661
-0.0120942
-0.0123685
-0.00894984
-0.0141087
-0.0117762
-0.011171
-0.00982973
-0.0144833
-0.0198488
-0.0124559
-0.0143774
-0.017586
-0.0144653
-0.0112583
-0.0109403
-0.0169099
-0.0131796
-0.0133606
-0.0144214
-0.0143827
-0.0139222
-0.0136295
-0.0166798
-0.0133354
-0.0144214
-0.0144214
-0.0111586
-0.0138289
-0.0121379
-0.0135602
-0.0163615
-0.0176963
-0.0176963
-0.0153941
-0.0144833
-0.0160924
-0.0161364
-0.0141709
-0.0158885
-0.0172018
-0.0162295
-0.0150759
-0.0130173
-0.0120007
-0.0116825
-0.0115953
-0.0138783
-0.0124997
-0.0127927
-0.0130234
-0.0127244
-0.0126748
-0.0128177
-0.0121877
-0.0117571
-0.0192165
-0.0140539
-0.0151691
-0.0111211
-0.0176345
-0.0135602
-0.0120942
-0.0130425
-0.00956868
-0.0121188
-0.0123625
-0.0153941
-0.0163438
-0.0169493
-0.0163836
-0.0119322
-0.0172722
-0.0114391
-0.0160977
-0.0188451
-0.0120506
-0.00777896
-0.0147633
-0.0141525
-0.0169981
-0.0109032
-0.0162347
-0.0149004
-0.0144074
-0.0144074
-0.0163278
-0.0111338
-0.0131232
-0.0167777
-0.0167777
-0.0138022
-0.0138022
-0.0172509
-0.0152676
-0.0181789
-0.0152623
-0.023062
-0.0157302
-0.0227406
-0.0254099
-0.0233491
-0.0260625
-0.022107
-0.0168658
-0.0223775
-0.0257262
-0.0249098
-0.0240753
-0.023123
-0.023123
-0.0207281
-0.0207281
-0.0177892
-0.0195708
-0.0261073
-0.023196
-0.0248651
-0.0202326
-0.0240753
-0.0226037
-0.0202768
-0.0211318
-0.0172235
-0.0131742
-0.0166577
-0.0166577
-0.0117268
0.00128036
0.00128036
-0.000726575
0.00425045
0.00549251
0.0108724
0.0217942
0.0246452
0.0388502
0.0477598
0.063797
0.0901742
0.12268
0.169437
0.219714
0.27855
0.324343
0.304611
0.297927
0.270855
0.232454
0.237765
0.257076
0.262268
0.25099
0.249652
0.254648
0.235913
0.245656
0.252712
0.250798
0.251375
0.246336
0.238669
0.237669
0.237669
0.244309
0.25192
0.259432
0.253042
0.244053
0.245514
0.246821
0.241745
0.248466
0.246116
0.248102
0.243799
0.242042
0.243026
0.246965
0.250973
0.249793
0.249929
0.249079
0.246778
0.240861
0.241682
0.241529
0.242728
0.247899
0.245191
0.245742
0.243918
0.240825
0.243983
0.246735
0.245111
0.24189
0.244985
0.239299
0.242792
0.241655
0.241312
0.242783
0.241149
0.246258
0.241646
0.239407
0.246393
0.244913
0.247151
0.241158
0.241139
0.242765
0.241527
0.240273
0.240273
0.246231
0.243279
0.242439
0.242295
0.241763
0.241383
0.247133
0.241274
0.269529
0.27117
0.281119
0.31781
0.344827
0.316392
0.304281
0.285655
0.304299
0.299994
0.295536
0.305285
0.300002
0.290749
0.287987
0.297138
0.29585
0.295858
0.298825
0.301396
0.288282
0.287301
0.290863
0.293984
0.300277
0.300413
0.297
0.289823
0.288536
0.284672
0.28869
0.291565
0.294235
0.295132
0.293988
0.289976
0.288693
0.287647
0.298553
0.289234
0.292803
0.296521
0.292504
0.289233
0.289981
0.288991
0.288991
0.289238
0.289085
0.325294
0.351877
0.338406
0.344008
0.333967
0.27044
0.27044
0.273332
0.266732
0.264344
0.264097
0.264308
0.266904
0.260378
0.266213
0.267474
0.261933
0.265421
0.253333
0.253792
0.250327
0.254047
0.250677
0.255836
0.256296
0.256296
0.253606
0.246438
0.249967
0.252052
0.255897
0.252679
0.250324
0.243607
0.247926
0.240903
0.241852
0.245866
0.244742
0.251006
0.245881
0.24029
0.240636
0.24142
0.241441
0.244324
0.243192
0.242895
0.221665
0.212207
0.220051
0.21924
0.214632
0.203834
0.206027
0.190319
0.189546
0.2017
0.205417
0.203119
0.208593
0.208593
0.211554
0.206289
0.200757
0.203475
0.19916
0.199304
0.209052
0.20102
0.202293
0.195033
0.194349
0.192679
0.197483
0.193522
0.200822
0.202273
0.204532
0.195685
0.198481
0.20102
0.207013
0.202446
0.205114
0.202813
0.203463
0.20365
0.206378
0.209969
0.207409
0.204755
0.203477
0.206765
0.212689
0.205632
0.20856
0.200615
0.207782
0.206868
0.204443
0.208085
0.207885
0.210024
0.210024
0.208532
0.204098
0.207109
0.210524
0.209115
0.208139
0.209748
0.204401
0.208849
0.206569
0.210195
0.209048
0.211211
0.209892
0.208903
0.208415
0.207795
0.211554
0.205618
0.210737
0.213862
0.207227
0.208401
0.20579
0.210182
0.212199
0.208295
0.208704
0.20852
0.208389
0.209364
0.20641
0.21067
0.20889
0.20939
0.208614
0.208284
0.214468
0.210037
0.213994
0.225015
0.225365
0.242214
0.241452
0.277992
0.296606
0.311954
0.332741
0.341674
0.342629
0.342629
0.359335
0.383355
0.41877
0.442721
0.450815
0.443307
0.437567
0.423595
0.432565
0.423151
0.42007
0.417128
0.408464
0.41581
0.416983
0.41184
0.410222
0.402302
0.404055
0.401409
0.395674
0.403906
0.403611
0.394949
0.392604
0.393625
0.403466
0.385239
0.389511
0.393487
0.392741
0.389671
0.38775
0.385553
0.386579
0.383936
0.383627
0.383334
0.37996
0.382741
0.380729
0.380729
0.377904
0.383502
0.37998
0.375561
0.38187
0.384528
0.375875
0.378957
0.380697
0.376155
0.378364
0.377345
0.377331
0.371892
0.374238
0.374546
0.368223
0.376888
0.372193
0.379084
0.37984
0.372926
0.369674
0.380863
0.380863
0.370129
0.372633
0.373373
0.372783
0.369979
0.370735
0.37323
0.367633
0.374979
0.371595
0.367633
0.370446
0.368969
0.368857
0.367186
0.384531
0.359707
0.368814
0.366584
0.372783
0.375163
0.363267
0.364727
0.370554
0.362792
0.370596
0.367784
0.367796
0.368957
0.368864
0.365594
0.369991
0.36634
0.370296
0.379964
0.363426
0.36281
0.367354
0.365301
0.36915
0.36176
0.370138
0.359143
0.366031
0.363695
0.36312
0.362495
0.364129
0.369432
0.365159
0.355784
0.362354
0.372633
0.366181
0.365769
0.35783
0.367199
0.367199
0.364146
0.365164
0.363216
0.360889
0.35871
0.363366
0.361355
0.360748
0.362523
0.360748
0.36411
0.361312
0.36265
0.361191
0.354283
0.360587
0.356924
0.363083
0.359726
0.355209
0.358192
0.372162
0.357206
0.358714
0.360456
0.357493
0.360451
0.354731
0.364721
0.360451
0.354283
0.362023
0.36248
0.358398
0.356929
0.355752
0.35484
0.35871
0.359133
0.357508
0.357814
0.361604
0.362791
0.364415
0.354002
0.357689
0.361204
0.358102
0.355465
0.357493
0.356476
0.359731
0.357805
0.360295
0.353829
0.347368
0.358102
0.360602
0.359434
0.361209
0.357649
0.359274
0.35222
0.354465
0.364575
0.359128
0.356341
0.350167
0.35707
0.349567
0.354715
0.353543
0.3562
0.360013
0.362344
0.356486
0.356179
0.365136
0.361025
0.351064
0.357498
0.358393
0.355017
0.348552
0.357342
0.354705
0.355424
0.353829
0.350804
0.357814
0.358977
0.355174
0.34927
0.356632
0.356039
0.351749
0.358373
0.35632
0.350896
0.357518
0.359546
0.352398
0.352376
0.353084
0.356023
0.365455
0.355184
0.353866
0.350594
0.35706
0.350734
0.356904
0.35249
0.357387
0.358846
0.350599
0.349427
0.347492
0.35558
0.357931
0.356909
0.350745
0.352933
0.356295
0.351144
0.349427
0.353079
0.358092
0.353403
0.354413
0.354429
0.357503
0.355596
0.356034
0.350481
0.355888
0.35558
0.352787
0.350442
0.353705
0.358388
0.355284
0.348816
0.353397
0.357055
0.355127
0.357372
0.353543
0.352069
0.347195
0.352647
0.352069
0.355898
0.356451
0.35616
0.354273
0.355023
0.354715
0.358228
0.351464
0.347498
0.352928
0.350291
0.349276
0.350582
0.347935
0.351772
0.351469
0.353221
0.352345
0.355606
0.355299
0.350858
0.352334
0.34867
0.354002
0.352533
0.351021
0.356774
0.356612
0.352798
0.352798
0.350756
0.356295
0.350325
0.345907
0.345907
0.354122
0.355445
0.35296
0.347946
0.352631
0.352631
0.359128
0.350319
0.346634
0.3541
0.350734
0.351318
0.349124
0.353699
0.35014
0.352496
0.351312
0.349119
0.349164
0.351199
0.35545
0.349691
0.348845
0.349001
0.350599
0.352933
0.345258
0.350422
0.353355
0.349837
0.349389
0.353809
0.349249
0.351298
0.351027
0.349848
0.343374
0.351571
0.352031
0.35
0.347767
0.35235
0.362481
0.356305
0.349737
0.352328
0.357785
0.351589
0.354237
0.340289
0.348367
0.344698
0.351015
0.351734
0.34502
0.346319
0.358365
0.350584
0.347476
0.354539
0.350701
0.349255
0.350404
0.350253
0.35235
0.344868
0.351323
0.349103
0.349406
0.350858
0.354534
0.355572
0.348239
0.350556
0.350398
0.350561
0.347937
0.348676
0.348631
0.354399
0.351335
0.345883
0.345403
0.353388
0.346916
0.351141
0.346886
0.350864
0.353383
0.348222
0.348548
0.344868
0.343526
0.348946
0.351049
0.344571
0.345434
0.354102
0.3494
0.340738
0.349714
0.354382
0.350735
0.350459
0.353215
0.34995
0.350735
0.346582
0.349714
0.346746
0.34747
0.348064
0.349528
0.343484
0.355555
0.354544
0.346904
0.346285
0.349691
0.348234
0.348379
0.351178
0.345877
0.342628
0.348822
0.350735
0.342641
0.34908
0.356154
0.362175
0.353232
0.347767
0.349988
0.34807
0.345761
0.343471
0.349546
0.342331
0.335853
0.342173
0.351335
0.341449
0.350567
0.357311
0.345283
0.3412
0.353361
0.352037
0.352378
0.348126
0.344098
0.338958
0.336005
0.354841
0.345883
0.33911
0.341594
0.344274
0.357488
0.349406
0.336779
0.33982
0.346752
0.34718
0.345031
0.340118
0.34981
0.341481
0.338648
0.348228
0.340137
0.344967
0.350858
0.35087
0.343661
0.344961
0.347598
0.34278
0.344531
0.346298
0.339655
0.347358
0.348946
0.342792
0.341449
0.343927
0.349186
0.350125
0.336749
0.338033
0.353196
0.350687
0.340233
0.336874
0.34142
0.337012
0.345843
0.34687
0.345137
0.342864
0.346719
0.345236
0.343216
0.339573
0.344518
0.340392
0.34027
0.336105
0.341386
0.34467
0.339675
0.343364
0.345533
0.340848
0.34351
0.343358
0.340551
0.34363
0.345112
0.344828
0.340854
0.343213
0.344961
0.340144
0.343601
0.353609
0.335137
0.345276
0.334202
0.344657
0.34527
0.340835
0.34351
0.339256
0.346688
0.345994
0.335694
0.344961
0.347931
0.343213
0.341994
0.343174
0.343794
0.341882
0.339219
0.339516
0.341717
0.339321
0.337901
0.339473
0.340061
0.338952
0.342146
0.340951
0.342192
0.34024
0.345818
0.350095
0.336137
0.342159
0.340544
0.345849
0.339246
0.339777
0.344644
0.339226
0.339226
0.344512
0.344512
0.338763
0.338763
0.340799
0.340247
0.336569
0.335953
0.342289
0.341103
0.332594
0.333447
0.338735
0.344913
0.337915
0.343352
0.342428
0.342131
0.340254
0.337728
0.344926
0.343746
0.340435
0.335542
0.334202
0.334925
0.342718
0.339192
0.339053
0.345527
0.350983
0.337604
0.333287
0.339358
0.344037
0.344676
0.337279
0.338468
0.346997
0.344788
0.339523
0.336251
0.341849
0.341675
0.340799
0.338198
0.329813
0.334954
0.336098
0.335177
0.34577
0.34976
0.342434
0.342434
0.341103
0.340176
0.339349
0.332274
0.332434
0.343568
0.341268
0.336293
0.340213
0.335772
0.341958
0.338901
0.337721
0.340358
0.342896
0.336113
0.339226
0.337126
0.337126
0.336967
0.340951
0.341552
0.332364
0.34138
0.337417
0.334794
0.333592
0.333135
0.335482
0.334475
0.338438
0.341103
0.339625
0.339307
0.338286
0.332274
0.33696
0.343581
0.336836
0.333752
0.341241
0.339466
0.33948
0.336714
0.337749
0.342566
0.34171
0.336946
0.339763
0.334613
0.332282
0.337721
0.335815
0.333919
0.331831
0.336998
0.337866
0.338314
0.338735
0.343581
0.334606
0.342318
0.342421
0.339314
0.336265
0.331671
0.330963
0.333447
0.335482
0.344141
0.335946
0.338597
0.333745
0.337314
0.337967
0.34024
0.337265
0.326391
0.332685
0.340315
0.331046
0.333759
0.343872
0.341565
0.329172
0.335169
0.342973
0.336938
0.335017
0.32963
0.335078
0.33315
0.336244
0.338459
0.334163
0.344444
0.343277
0.327549
0.337691
0.340605
0.334787
0.334787
0.334504
0.337981
0.325339
0.325339
0.346087
0.343139
0.339943
0.337974
0.33462
0.33901
0.333866
0.337112
0.335489
0.335489
0.332685
0.330796
0.334308
0.339632
0.346839
0.330498
0.334453
0.338438
0.335489
0.326963
0.326963
0.328144
0.338119
0.33977
0.336098
0.33389
0.338438
0.341336
0.333561
0.332372
0.337669
0.330916
0.331359
0.333287
0.333287
0.335489
0.333713
0.337974
0.333578
0.333135
0.338894
0.339445
0.336445
0.331343
0.336662
0.331351
0.332289
0.335344
0.341682
0.335482
0.336488
0.336358
0.332227
0.331359
0.333981
0.330162
0.330361
0.339879
0.337677
0.330948
0.329035
0.333858
0.329437
0.331906
0.336611
0.332357
0.331206
0.331336
0.33017
0.329703
0.337067
0.332067
0.331206
0.330724
0.336031
0.329872
0.324897
0.336496
0.334148
0.327364
0.330162
0.336222
0.335467
0.332227
0.33283
0.336343
0.33132
0.343857
0.339625
0.330032
0.328393
0.335184
0.334559
0.330781
0.33353
0.336815
0.332662
0.336098
0.333851
0.332517
0.331906
0.331336
0.330483
0.326697
0.333988
0.332822
0.336808
0.338133
0.32931
0.337395
0.334766
0.337569
0.327517
0.327517
0.342414
0.333462
0.337597
0.330017
0.331656
0.337112
0.334011
0.333858
0.336358
0.334872
0.333981
0.328996
0.331939
0.338995
0.330009
0.333981
0.339003
0.336988
0.333836
0.327517
0.329333
0.340322
0.332059
0.325178
0.330299
0.330299
0.330185
0.331336
0.332677
0.32988
0.336176
0.33856
0.328087
0.326921
0.330748
0.335573
0.331351
0.324727
0.33501
0.329719
0.332051
0.335932
0.331496
0.332517
0.332517
0.335474
0.332807
0.33046
0.333393
0.337265
0.328248
0.325731
0.329993
0.332212
0.328087
0.324974
0.335155
0.335329
0.337836
0.332204
0.330748
0.33546
0.331624
0.332051
0.333691
0.332219
0.329261
0.325162
0.332357
0.332357
0.332494
0.338386
0.329261
0.332204
0.333644
0.332242
0.326062
0.329864
0.336907
0.329895
0.329551
0.334719
0.333546
0.330113
0.333393
0.331038
0.342808
0.333065
0.324966
0.3254
0.326454
0.332349
0.323562
0.341634
0.332517
0.325297
0.333981
0.327509
0.32824
0.329696
0.337662
0.332059
0.32988
0.328232
0.32853
0.332212
0.330017
0.329566
0.333225
0.336474
0.328794
0.325731
0.331786
0.330893
0.325587
0.329688
0.331883
0.333546
0.334399
0.329711
0.332043
0.328546
0.329245
0.329558
0.327195
0.329566
0.326607
0.332357
0.329856
0.328087
0.328087
0.334254
0.327934
0.329237
0.32939
0.326293
0.323792
0.332051
0.33674
0.326301
0.328216
0.33058
0.324226
0.334399
0.33214
0.330603
0.325009
0.328504
0.329245
0.325178
0.330862
0.326776
0.334079
0.336786
0.325297
0.331722
0.327034
0.329551
0.324251
0.332043
0.334697
0.331134
0.328232
0.318554
0.330395
0.331191
0.324115
0.332815
0.33337
0.32819
0.322864
0.332067
0.327042
0.330435
0.334559
0.330274
0.329382
0.321391
0.321391
0.32762
0.32762
0.328071
0.332759
0.330982
0.324838
0.327797
0.328923
0.329245
0.324703
0.327001
0.329398
0.327902
0.330732
0.328385
0.327765
0.324251
0.322158
0.328939
0.328079
0.322482
0.331577
0.327153
0.323954
0.328232
0.332912
0.329237
0.327765
0.328963
0.327749
0.327749
0.327517
0.326641
0.326591
0.329856
0.326744
0.328939
0.322013
0.329084
0.333178
0.329437
0.322311
0.328071
0.327042
0.322941
0.327034
0.330073
0.33292
0.331432
0.326693
0.328923
0.327442
0.329084
0.326123
0.333362
0.326285
0.321759
0.321759
0.328843
0.323647
0.32791
0.325392
0.328906
0.326728
0.324643
0.322057
0.318781
0.324226
0.32557
0.326413
0.325425
0.327773
0.326889
0.324804
0.327219
0.32767
0.322115
0.327773
0.330266
0.335169
0.322303
0.322303
0.326566
0.323494
0.327042
0.330701
0.327571
0.326098
0.32877
0.324533
0.323775
0.32557
0.333347
0.322754
0.327034
0.328762
0.321274
0.326446
0.3291
0.327757
0.33173
0.326574
0.324915
0.328095
0.326251
0.327579
0.330709
0.327144
0.328302
0.332438
0.326285
0.328004
0.333934
0.327942
0.324098
0.331328
0.331328
0.327902
0.321879
0.327162
0.323766
0.324208
0.329237
0.333225
0.325433
0.330356
0.328002
0.325852
0.326166
0.328625
0.322303
0.321282
0.327749
0.320813
0.325962
0.326021
0.325195
0.326574
0.322925
0.330403
0.330387
0.32626
0.326728
0.327434
0.32066
0.320091
0.327918
0.322916
0.319468
0.325485
0.3314
0.333354
0.328617
0.322965
0.325884
0.321861
0.32614
0.324353
0.323162
0.326668
0.332011
0.327604
0.32996
0.326115
0.331585
0.332759
0.317616
0.321427
0.326583
0.323758
0.326905
0.326123
0.326107
0.335856
0.324966
0.324966
0.320432
0.322737
0.324336
0.328319
0.327926
0.324082
0.320497
0.322286
0.32614
0.327094
0.323832
0.327264
0.325554
0.322123
0.329968
0.32027
0.328915
0.324626
0.326574
0.324941
0.326574
0.320389
0.324073
0.329084
0.322303
0.327604
0.326123
0.328667
0.32027
0.323758
0.323758
0.324915
0.326583
0.333378
0.326744
0.323231
0.32626
0.330403
0.32141
0.323819
0.324354
0.327902
0.320958
0.326276
0.324643
0.325664
0.324617
0.328447
0.32963
0.320488
0.319332
0.319793
0.32438
0.318266
0.326668
0.327153
0.321843
0.32626
0.324464
0.32122
0.319612
0.319775
0.320506
0.323613
0.323425
0.328625
0.318004
0.324498
0.329009
0.323477
0.325239
0.322991
0.320642
0.318601
0.321256
0.324753
0.329799
0.323017
0.329146
0.315097
0.320353
0.32328
0.320073
0.327528
0.317734
0.317832
0.331102
0.321536
0.330974
0.322364
0.324336
0.327042
0.309957
0.33767
0.315339
0.32346
0.318042
0.317669
0.32889
0.314319
0.319323
0.321825
0.321754
0.331947
0.31044
0.318042
0.323136
0.326975
0.321843
0.319946
0.319946
0.315725
0.3258
0.317823
0.325638
0.317516
0.32037
0.32037
0.316206
0.326353
0.324012
0.316052
0.326481
0.323144
0.321509
0.320388
0.320642
0.325161
0.315735
0.319332
0.319332
0.322513
0.325357
0.318131
0.323766
0.320488
0.321961
0.324626
0.321808
0.320344
0.320967
0.321347
0.322123
0.315194
0.324626
0.326396
0.315656
0.32094
0.318257
0.325928
0.319025
0.320244
0.32
0.32019
0.322132
0.321265
0.322991
0.321672
0.328608
0.320163
0.324626
0.328422
0.324634
0.322575
0.318961
0.325536
0.318527
0.325655
0.326123
0.315801
0.315628
0.325638
0.320326
0.322277
0.316178
0.322531
0.330941
0.317832
0.320975
0.314463
0.313145
0.325069
0.324932
0.327111
0.322991
0.31586
0.325945
0.325545
0.318447
0.321563
0.314905
0.324643
0.307842
0.310305
0.322097
0.324626
0.319187
0.326107
0.327094
0.323596
0.319296
0.323127
0.321501
0.319648
0.323144
0.327595
0.315647
0.318862
0.324762
0.31972
0.31972
0.320353
0.322965
0.320769
0.32609
0.32609
0.32609
0.319775
0.321401
0.322141
0.318149
0.320019
0.318989
0.321979
0.323144
0.318592
0.320787
0.321076
0.323425
0.323425
0.317823
0.318447
0.319287
0.324898
0.32243
0.320813
0.321816
0.319142
0.318708
0.318817
0.318835
0.320335
0.315358
0.315031
0.319151
0.322829
0.321492
0.319016
0.317814
0.32431
0.320967
0.310652
0.315138
0.323118
0.332727
0.314877
0.316187
0.331384
0.319874
0.321843
0.318574
0.316784
0.320181
0.311181
0.317642
0.317343
0.316649
0.320923
0.324455
0.317543
0.317832
0.318536
0.317796
0.318004
0.328294
0.328379
0.320199
0.310439
0.316206
0.314233
0.317506
0.323289
0.320615
0.315031
0.320923
0.328157
0.323841
0.320488
0.330474
0.318401
0.316667
0.322802
0.321329
0.313838
0.315851
0.322947
0.327826
0.313385
0.319241
0.318518
0.320913
0.320181
0.314146
0.320488
0.318122
0.314155
0.314155
0.319016
0.315879
0.317035
0.31897
0.320488
0.316332
0.316332
0.317823
0.322658
0.311758
0.324753
0.321501
0.31814
0.324148
0.316495
0.317497
0.325314
0.3262
0.318518
0.316061
0.321952
0.322504
0.317841
0.31147
0.318681
0.317651
0.312221
0.325451
0.317977
0.314463
0.322947
0.313838
0.320606
0.320462
0.322947
0.320515
0.32123
0.329051
0.308946
0.309796
0.31353
0.322396
0.314137
0.324429
0.312857
0.328132
0.315493
0.313434
0.323867
0.316369
0.318019
0.312596
0.316024
0.326643
0.313857
0.318509
0.312106
0.320859
0.321184
0.323841
0.320796
0.320181
0.318429
0.319287
0.329307
0.316522
0.315446
0.325902
0.313973
0.315031
0.319133
0.315927
0.312692
0.318266
0.322016
0.319385
0.312095
0.318989
0.325459
0.31249
0.311335
0.315851
0.3156
0.321537
0.324204
0.323245
0.323245
0.314551
0.32132
0.312163
0.316341
0.315224
0.316803
0.318122
0.31972
0.312307
0.318536
0.3138
0.31795
0.316196
0.3143
0.317525
0.318085
0.325919
0.321645
0.314877
0.323951
0.324293
0.310633
0.31249
0.312519
0.310305
0.329972
0.32
0.312182
0.319595
0.312182
0.316332
0.320778
0.308823
0.322115
0.315003
0.31897
0.320733
0.316043
0.315311
0.31663
0.320154
0.318672
0.317516
0.31794
0.318094
0.319323
0.320163
0.315637
0.317228
0.31664
0.317679
0.32517
0.31635
0.313954
0.323516
0.31897
0.313829
0.31561
0.318257
0.315533
0.314686
0.31869
0.318527
0.31814
0.318574
0.315716
0.304403
0.321284
0.323127
0.309573
0.319982
0.319502
0.323525
0.318239
0.318239
0.330176
0.325577
0.320344
0.3125
0.316803
0.302301
0.313203
0.324745
0.312991
0.31533
0.319665
0.324148
0.316341
0.313029
0.32499
0.318672
0.307782
0.322197
0.320471
0.317959
0.317642
0.3138
0.3151
0.317325
0.312182
0.324284
0.312037
0.308658
0.317026
0.318807
0.309245
0.30936
0.326174
0.321184
0.313577
0.315215
0.319287
0.320416
0.312192
0.31898
0.315687
0.317823
0.314223
0.317805
0.315996
0.311749
0.313492
0.317488
0.313385
0.314695
0.319982
0.32085
0.318681
0.317758
0.316476
0.317633
0.31484
0.313212
0.317343
0.313366
0.311171
0.318075
0.308852
0.310824
0.312576
0.311142
0.314387
0.317362
0.318075
0.316005
0.317258
0.318807
0.320344
0.319296
0.315552
0.316419
0.317912
0.31143
0.318429
0.31587
0.314994
0.31484
0.32311
0.311335
0.315562
0.311007
0.307504
0.310853
0.323218
0.321862
0.315138
0.314975
0.319982
0.325187
0.324302
0.313357
0.3156
0.32235
0.317371
0.318247
0.308916
0.316891
0.316322
0.312008
0.310584
0.307195
0.316863
0.318518
0.30803
0.315687
0.310525
0.317343
0.329291
0.309688
0.310246
0.325135
0.318826
0.314714
0.309215
0.313482
0.313627
0.310554
0.312163
0.317796
0.314541
0.324863
0.323986
0.319548
0.318355
0.323218
0.312336
0.314994
0.321148
0.305207
0.31897
0.323995
0.310873
0.319348
0.3232
0.31406
0.318518
0.316322
0.310699
0.315571
0.323381
0.322052
0.312336
0.318364
0.321763
0.312884
0.317814
0.315668
0.313655
0.314387
0.317026
0.314387
0.316495
0.315254
0.319927
0.314474
0.314204
0.316718
0.31773
0.319404
0.31905
0.309433
0.317152
0.320868
0.318536
0.312576
0.316853
0.314368
0.317479
0.318663
0.317199
0.317026
0.317352
0.323924
0.315148
0.316602
0.315706
0.316014
0.313366
0.317325
0.317479
0.317903
0.308154
0.312556
0.320967
0.322332
0.309958
0.317497
0.319521
0.313983
0.319241
0.315879
0.315225
0.315706
0.31406
0.320841
0.313366
0.310544
0.315235
0.312317
0.318056
0.321627
0.308349
0.319241
0.31038
0.317739
0.320877
0.312904
0.31249
0.316285
0.310679
0.306206
0.321392
0.321392
0.312605
0.314541
0.311162
0.317007
0.314368
0.316149
0.315215
0.318028
0.31509
0.309628
0.311102
0.31404
0.312914
0.309081
0.314349
0.318807
0.329836
0.318914
0.307278
0.318182
0.314002
0.311575
0.321065
0.314512
0.312894
0.314349
0.309732
0.322071
0.308567
0.313944
0.319222
0.314377
0.311381
0.319964
0.319241
0.31738
0.3104
0.314946
0.324086
0.315533
0.315533
0.306856
0.312711
0.315389
0.316014
0.307557
0.312461
0.315687
0.3104
0.314358
0.313338
0.314686
0.323696
0.314194
0.317161
0.316881
0.318364
0.312431
0.315533
0.31405
0.316554
0.314763
0.314686
0.312875
0.31406
0.313347
0.318933
0.311576
0.314204
0.317315
0.31404
0.315148
0.322025
0.318075
0.309041
0.316168
0.31587
0.312904
0.311729
0.313048
0.317171
0.315244
0.312769
0.314021
0.320551
0.310793
0.311535
0.318182
0.31146
0.320877
0.32273
0.311565
0.311999
0.320859
0.321871
0.31483
0.319675
0.316863
0.310843
0.307856
0.302157
0.310196
0.31897
0.307752
0.311729
0.321889
0.325244
0.319078
0.316564
0.315061
0.318038
0.315543
0.313203
0.320127
0.312028
0.316014
0.314541
0.307175
0.314397
0.321311
0.3185
0.311864
0.316246
0.3156
0.309763
0.31144
0.31718
0.318509
0.311092
0.3117
0.315706
0.310968
0.317884
0.315206
0.314946
0.316131
0.316737
0.311903
0.317306
0.321139
0.311575
0.310958
0.315832
0.320497
0.314503
0.314503
0.313886
0.321889
0.310863
0.313347
0.31168
0.315687
0.314214
0.313174
0.317777
0.313318
0.309698
0.317623
0.318952
0.31404
0.313954
0.318672
0.31981
0.315235
0.313366
0.311237
0.32113
0.316746
0.312402
0.317865
0.31587
0.309977
0.321302
0.311545
0.309185
0.31167
0.316844
0.313203
0.31037
0.320832
0.325867
0.312182
0.308175
0.318154
0.31273
0.31168
0.311969
0.307846
0.318192
0.314512
0.311989
0.309021
0.308268
0.308258
0.316535
0.315552
0.315524
0.314503
0.31403
0.31403
0.315543
0.31168
0.315678
0.319068
0.317035
0.310804
0.315215
0.308722
0.313338
0.312845
0.311371
0.320551
0.314368
0.31299
0.320994
0.31035
0.308185
0.313896
0.31301
0.31484
0.311381
0.309752
0.30938
0.313568
0.316699
0.318653
0.324186
0.325389
0.315389
0.313019
0.312537
0.305537
0.306701
0.317874
0.310863
0.307886
0.307856
0.315668
0.311391
0.32188
0.320687
0.312192
0.310041
0.319693
0.308329
0.304742
0.32377
0.320533
0.309051
0.311535
0.315649
0.318056
0.318327
0.319763
0.315851
0.315235
0.31773
0.306052
0.305681
0.312412
0.316737
0.302589
0.31032
0.313164
0.31668
0.315398
0.312894
0.312133
0.32056
0.319782
0.311969
0.313925
0.313905
0.312546
0.310515
0.310958
0.312875
0.31301
0.317017
0.310554
0.307382
0.315206
0.314926
0.31275
0.310908
0.315938
0.309165
0.307896
0.3117
0.318751
0.3169
0.314329
0.309598
0.315832
0.309856
0.309413
0.31169
0.313558
0.3143
0.316583
0.310196
0.311361
0.324376
0.31297
0.31297
0.310216
0.310216
0.312267
0.309752
0.315475
0.313866
0.312875
0.309732
0.315177
0.311516
0.309742
0.312701
0.312257
0.309578
0.318569
0.306351
0.313866
0.320524
0.315196
0.312163
0.309732
0.309289
0.315764
0.308597
0.308597
0.318896
0.31431
0.308443
0.306072
0.317711
0.319367
0.310773
0.311401
0.314676
0.313771
0.31297
0.316564
0.312875
0.307629
0.312826
0.316256
0.309514
0.307072
0.310515
0.313328
0.304866
0.3103
0.318038
0.315081
0.314214
0.31405
0.317962
0.31406
0.31537
0.308732
0.308876
0.309433
0.309258
0.308536
0.305577
0.309907
0.31509
0.316083
0.315071
0.311237
0.312372
0.311102
0.302744
0.305886
0.315958
0.309051
0.310145
0.306907
0.316931
0.311246
0.312431
0.311052
0.313761
0.314647
0.311381
0.310444
0.302424
0.308691
0.314878
0.309991
0.307979
0.309104
0.31168
0.31404
0.312257
0.310948
0.311062
0.317431
0.315081
0.311207
0.308412
0.313741
0.306773
0.308402
0.310495
0.308278
0.311401
0.323209
0.312865
0.306248
0.312431
0.31668
0.309081
0.305938
0.310525
0.303546
0.314579
0.316834
0.311411
0.309639
0.31033
0.314021
0.317623
0.311709
0.307742
0.308866
0.312537
0.308678
0.314676
0.311207
0.313492
0.311113
0.31537
0.312307
0.314165
0.31273
0.303701
0.306288
0.314647
0.310111
0.307742
0.305422
0.313558
0.311391
0.306382
0.307247
0.309205
0.315081
0.307206
0.316227
0.310485
0.306917
0.313259
0.310051
0.306217
0.306072
0.309712
0.317104
0.307402
0.317017
0.310196
0.31563
0.319204
0.319204
0.308557
0.304422
0.314782
0.314917
0.303958
0.306783
0.307928
0.316246
0.317739
0.307639
0.305052
0.312083
0.319301
0.304588
0.308681
0.304577
0.307732
0.313443
0.308587
0.304401
0.308681
0.307815
0.313548
0.310525
0.313403
0.317422
0.307557
0.312402
0.310898
0.311217
0.303092
0.30204
0.313568
0.305186
0.305844
0.307072
0.310216
0.309598
0.315899
0.316092
0.312277
0.304278
0.308072
0.306557
0.297627
0.318261
0.311939
0.304454
0.310011
0.305133
0.314365
0.31298
0.313732
0.315147
0.308443
0.316352
0.310155
0.303349
0.309443
0.298081
0.306742
0.319003
0.302227
0.303824
0.305278
0.30733
0.311939
0.31292
0.318559
0.310505
0.309567
0.315071
0.307258
0.300908
0.299877
0.31427
0.314454
0.307949
0.309578
0.314704
0.308577
0.311929
0.314579
0.310206
0.306083
0.306897
0.313558
0.311062
0.299733
0.300388
0.308557
0.310783
0.309897
0.309268
0.309991
0.309867
0.307351
0.309041
0.314723
0.309268
0.308782
0.308536
0.313732
0.314897
0.304113
0.308382
0.310743
0.306319
0.306309
0.3116
0.313279
0.312651
0.304897
0.307928
0.315928
0.306938
0.306608
0.309557
0.308103
0.306113
0.302916
0.316063
0.316073
0.310898
0.307278
0.307206
0.315774
0.309443
0.307371
0.303504
0.314917
0.312073
0.307237
0.309165
0.311341
0.305278
0.309578
0.307681
0.309692
0.31695
0.310578
0.307268
0.307876
0.314425
0.303103
0.305907
0.313558
0.302916
0.310216
0.311381
0.30632
0.308835
0.309588
0.322567
0.309433
0.303215
0.311166
0.311704
0.303434
0.305401
0.305401
0.297172
0.307361
0.312208
0.302627
0.309671
0.30898
0.305732
0.307258
0.310763
0.321373
0.310773
0.310454
0.314723
0.303391
0.307227
0.298946
0.312103
0.314868
0.307959
0.304391
0.310918
0.304391
0.312816
0.310898
0.300576
0.309567
0.316034
0.310434
0.304443
0.30368
0.314056
0.310155
0.301228
0.302772
0.309578
0.314454
0.304834
0.302371
0.311381
0.314608
0.309144
0.314194
0.310454
0.305598
0.312755
0.312412
0.31403
0.305464
0.309506
0.312228
0.304267
0.308784
0.305443
0.307639
0.310723
0.315581
0.316632
0.304908
0.304658
0.310061
0.311774
0.304454
0.297904
0.311794
0.312556
0.305432
0.304588
0.307618
0.312113
0.310918
0.310918
0.30532
0.313104
0.312248
0.312248
0.304422
0.30367
0.308392
0.303915
0.306309
0.306443
0.314589
0.308959
0.300543
0.306186
0.306917
0.308124
0.308577
0.307237
0.309567
0.3117
0.304246
0.30671
0.308392
0.311062
0.307392
0.301153
0.307516
0.305123
0.307227
0.305752
0.304968
0.306298
0.310743
0.303215
0.311506
0.311072
0.305443
0.307918
0.309021
0.30733
0.299412
0.303381
0.30765
0.306351
0.309403
0.308382
0.304957
0.312527
0.306288
0.30609
0.306122
0.313413
0.304813
0.308547
0.304876
0.303525
0.304412
0.304267
0.301938
0.308196
0.307485
0.305577
0.310589
0.304289
0.308258
0.309598
0.310051
0.306742
0.304876
0.304257
0.308557
0.305907
0.308083
0.308949
0.299368
0.307392
0.306031
0.303237
0.307237
0.310753
0.309443
0.307361
0.309382
0.306742
0.302238
0.310877
0.30431
0.303247
0.309897
0.301596
0.302948
0.306938
0.313383
0.310568
0.309413
0.302547
0.29817
0.317538
0.309413
0.302317
0.308547
0.303936
0.299966
0.295064
0.312362
0.310444
0.299833
0.304401
0.30438
0.31294
0.310434
0.303888
0.297593
0.307041
0.313886
0.309887
0.306154
0.31427
0.302761
0.29095
0.29095
0.313219
0.302969
0.302905
0.304876
0.306062
0.306062
0.300709
0.308567
0.305918
0.307907
0.311042
0.304422
0.310071
0.310071
0.304567
0.310206
0.296396
0.297848
0.297848
0.313229
0.308402
0.299235
0.301574
0.30143
0.310682
0.305608
0.314743
0.308278
0.306763
0.302927
0.30998
0.308103
0.307938
0.291273
0.304546
0.309588
0.303781
0.296096
0.310238
0.303172
0.309299
0.301131
0.30963
0.301751
0.300388
0.30609
0.312167
0.308052
0.300998
0.305732
0.303413
0.30898
0.299711
0.30174
0.315735
0.297959
0.303594
0.303049
0.306917
0.307258
0.305207
0.298492
0.316195
0.300676
0.297948
0.302175
0.315292
0.304246
0.308227
0.297893
0.30547
0.310071
0.310071
0.315821
0.2999
0.310196
0.293082
0.306957
0.310084
0.300486
0.306309
0.304636
0.306576
0.305401
0.298647
0.304823
0.303273
0.300121
0.305062
0.30152
0.308207
0.308773
0.301308
0.30152
0.302285
0.302252
0.303813
0.299778
0.302462
0.305481
0.304925
0.305443
0.30244
0.30244
0.30438
0.300388
0.301751
0.304257
0.311002
0.304813
0.300842
0.301664
0.308288
0.300954
0.303616
0.302328
0.302328
0.294258
0.294258
0.218473
0.218473
0.139334
0.121973
0.0854228
0.0854228
0.0535489
0.0451634
0.0451634
0.00591616
0.00981769
0.00667411
0.0104366
0.00153115
0.0011302
-0.000942195
-0.00370317
-0.0049399
-0.00330071
-0.00378732
-0.00378732
-0.00424266
-0.00725701
-0.00432702
-0.00853706
-0.00552193
-0.0108232
-0.0108232
-0.00524644
-0.00285649
-0.00542647
-0.00812391
-0.00885494
-0.00921546
-0.00360746
-0.00626123
-0.00732899
-0.0053842
-0.00831431
-0.0017455
-0.00573357
-0.00152357
-0.00578659
-0.00467607
-0.00395587
-0.00382942
-0.00875992
3.11501e-05
-0.000942195
-0.00616571
-0.00506643
-0.00330071
-0.00228531
-0.00560652
-0.00317416
-0.00453829
-0.00445372
-0.00148157
-0.00370306
-0.00370306
-0.00591375
-0.00485617
-0.005174
-0.00539657
-0.00535411
-0.00559577
-0.00308999
-0.00481382
-0.00481382
-0.0033119
-9.45566e-05
-0.000190532
-0.0107195
-0.00591375
-0.00324734
-0.000592198
-0.00356527
-0.00623168
-0.00862224
-0.00120585
-0.00618922
-0.00352299
-0.0061364
-0.00942918
-0.00781131
-0.00251862
-0.00487899
-0.00837119
-0.00663463
-0.00610437
-0.00610437
-0.00507869
-0.00507869
-0.00535411
-0.00888789
-0.00771651
-0.00755471
-0.0104442
-0.00330071
-0.0117944
-0.012362
-0.00787279
-0.00502577
-0.00415859
-0.00898289
-0.00708049
-0.0109429
-0.0100135
-0.00969535
-0.00563815
-0.00751212
-0.00525886
-0.00676241
-0.0055666
-0.0092915
-0.00755471
-0.00640171
-0.00742699
-0.00459147
-0.0047077
-0.00552406
-0.00640171
-0.00254975
-0.00764984
-0.00860364
-0.00570434
-0.00813858
-0.00813858
-0.00813858
-0.00809586
-0.00809586
-0.0090683
-0.0090683
-0.00649692
-0.0112094
-0.0112094
-0.0112094
-0.00912054
-0.00748401
-0.00726087
-0.00997062
-0.00997062
-0.00615026
-0.0068149
-0.00645438
-0.0109429
-0.00708049
-0.0107534
-0.00473124
-0.00868918
-0.00504922
-0.00539657
-0.00703783
-0.00512111
-0.00290989
-0.00539657
-0.00245419
-0.0113039
-0.00899813
-0.00401027
-0.0106676
-0.00855157
-0.00731312
-0.00952402
-0.00396788
-0.00745954
-0.00737436
-0.0128178
-0.0139191
-0.0139191
-0.0092915
-0.0092915
-0.00751212
-0.00831903
-0.0047738
-0.00742699
-0.00310948
-0.00588463
-0.00588463
-0.00902559
-0.00658205
-0.00973823
-0.00645438
-0.00787279
-0.0042858
-0.00513446
-0.00804358
-0.00503628
-0.00955766
-0.00777772
-0.00444278
-0.00516356
-0.00516356
-0.00538631
-0.00823354
-0.00748401
-0.00881764
-0.0090683
-0.0046887
-0.00836181
-0.00809586
-0.00617889
-0.00617889
-0.00863717
-0.00444278
-0.0100047
-0.0124051
-0.00819082
-0.00594574
-0.00594574
-0.00662465
-0.00794854
-0.00826687
-0.00859436
-0.0053438
-0.0033974
-0.011054
-0.0100135
-0.00854232
-0.00628796
-0.00867089
-0.00823354
-0.00777772
-0.0163103
-0.00387246
-0.00680504
-0.00445572
-0.00883556
-0.00884522
-0.00588463
-0.0128096
-0.00502577
-0.00676241
-0.00917864
-0.00809586
-0.0128528
-0.00617889
-0.0075448
-0.0121558
-0.00818132
-0.00578951
-0.00578951
-0.00941995
-0.0108482
-0.00437072
-0.011433
-0.00744126
-0.00744126
-0.00960964
-0.00901606
-0.00837119
-0.00723658
-0.012362
-0.0109341
-0.00694278
-0.00374538
-0.00551395
-0.00840461
-0.00644428
-0.00516356
-0.00719403
-0.00924873
-0.0033974
-0.0108394
-0.00529103
-0.00524852
-0.0115706
-0.00552406
-0.0107534
-0.00858515
-0.0039255
-0.00855157
-0.0089463
3.32164e-05
-0.0098759
-0.0122244
-0.0143238
-0.0132144
-0.00964343
-0.0155631
-0.00905883
-0.00782039
-0.00801645
-0.00962575
-0.009833
-0.0124913
-0.00734633
-0.0102801
-0.00899813
-0.00716588
-0.00716588
-0.00716588
-0.00845671
-0.00845671
-0.00726087
-0.0107105
-0.00827627
-0.00813858
-0.00721817
-0.0081291
-0.00831903
-0.009833
-0.009833
-0.0132577
-0.00623567
-0.00623567
-0.00858515
-0.00937711
-0.0103747
-0.00867089
-0.00940214
-0.0110717
-0.0101854
-0.0122244
-0.0103661
-0.0104607
-0.00773507
-0.0109596
-0.00919658
-0.00913573
-0.0116137
-0.00730359
-0.0111664
-0.0046887
-0.0113469
-0.00669152
-0.00951481
-0.00953972
-0.0118375
-0.0102801
-0.0103661
-0.00978114
-0.00793065
-0.00978114
-0.013851
-0.011433
-0.0118807
-0.00743188
-0.00542883
-0.0129904
-0.0116568
-0.00822408
-0.00712317
-0.00793971
-0.00951481
-0.0081291
-0.00979012
-0.00313236
-0.00795814
-0.00905883
-0.00836181
-0.0122933
-0.00786309
-0.0117513
-0.0113384
-0.0113384
-0.00748401
-0.00872285
-0.00791545
-0.00791545
-0.00887829
-0.00653947
-0.0116054
-0.0116054
-0.0129904
-0.00545249
-0.0124913
-0.00969535
-0.00969535
-0.00865508
-0.009833
-0.00946281
-0.0108053
-0.00916986
-0.0103747
-0.00738909
-0.00922158
-0.0121047
-0.0121047
-0.0142296
-0.0142296
-0.0142296
-0.00917864
-0.00955766
-0.0124913
-0.00756959
-0.00756959
-0.00756959
-0.00756959
-0.00418008
-0.00996177
-0.00804358
-0.00964343
-0.00731312
-0.00783015
-0.0119239
-0.00854232
-0.00849027
-0.00960054
-0.00872285
-0.00587477
-0.00924873
-0.00831903
-0.00917864
-0.0102801
-0.00904103
-0.00926454
-0.0124482
-0.0120438
-0.00653947
-0.00638293
-0.0134632
-0.00881764
-0.0125344
-0.0112869
-0.0112869
-0.010857
-0.00666727
-0.0124482
-0.0111577
-0.0102545
-0.00766446
-0.00777772
-0.00916986
-0.0121298
-0.0109596
-0.00980639
-0.009833
-0.00826687
-0.00881764
-0.00965248
-0.0105553
-0.0108911
-0.0124996
-0.0126548
-0.00926454
-0.0134385
-0.0124051
-0.0066772
-0.0066772
-0.0132393
-0.0102801
-0.0158976
-0.0101424
-0.0130156
-0.00965248
-0.00841394
-0.00707086
-0.00578951
-0.0100135
-0.0101854
-0.0136008
-0.0128096
-0.0088605
-0.0104607
-0.00895525
-0.00965248
-0.00965248
-0.00795814
-0.0112524
-0.00565175
-0.00734633
-0.0110379
-0.0119239
