0.00945909
-0.00564059
0.0052484
0.00253747
-0.0046641
0.00276637
-0.00384195
0.00188705
-0.00371466
0.00189864
0.00544923
-0.00464214
-0.00381439
0.00476897
-0.00284886
0.00864268
-0.00726827
-0.00158469
0.00241653
-0.000803179
0.00344111
-0.00118627
0.00168152
-0.00396128
0.00110603
-0.000136964
-0.00336107
0.00507377
-0.00417888
0.00909585
-8.51511e-06
-0.00247429
-0.00736396
0.0039733
-0.000852065
-0.00431426
0.00644855
0.000981802
-0.000582789
-0.00254049
0.00366161
-0.00277669
6.71916e-05
-0.00190341
0.00098499
-0.00015982
-0.00185211
-0.00062994
0.00468347
-0.00525113
-0.00108526
0.0031395
0.000843858
0.00447969
-0.00563816
0.00120947
9.57774e-05
0.00124567
0.00166558
0.000478635
-0.00338014
0.00195601
0.0011578
-0.00119735
-0.00569385
-7.76875e-05
5.63781e-05
0.00396852
-0.00484745
0.00289793
-0.00297261
0.00235631
0.00312241
0.000146211
-0.00409837
0.0034936
0.00128633
1.56341e-05
-0.00219217
0.00140182
0.000689528
0.00396776
-0.00456689
0.0037116
-0.0017653
0.00256704
-0.00361521
-0.000340232
0.00025196
-0.00315201
0.00303895
-0.00288427
-0.000478003
0.00135499
-0.00255663
0.00389805
-0.0031272
0.00309889
0.00132388
0.00267252
-0.00683509
0.00122212
-0.000307369
0.00217929
-0.00271457
0.00373999
-1.6374e-06
-0.000223119
-0.00218141
-0.00180017
0.00292316
0.00237192
-0.00612605
0.00195598
0.00529323
0.000514977
-0.00194432
-0.00346749
-0.000675963
-0.000674211
0.0038622
-0.00405907
0.00165949
0.000300799
-0.00236187
0.00139381
0.00312419
-0.00334486
0.00362512
0.00168554
-0.00195125
-0.000894917
-8.91867e-05
0.000467691
-0.00228561
-0.00754265
0.00944812
0.00128616
0.00204829
-0.00507136
0.00166682
0.00236566
0.00171253
-0.00558412
0.00706017
-0.00874669
0.00233965
0.00567654
-0.00591758
-0.000790356
-0.000748119
0.00542877
-0.0042202
-0.00350609
-0.000869059
0.00172351
0.00221667
-0.00104738
0.00302341
-0.00106064
-0.00363667
0.00122241
0.00127081
0.00599572
-0.00244194
-0.00224879
-0.000526465
0.00242004
0.00225336
-0.0027589
-0.00297149
0.00104328
0.00201515
-0.00450078
0.00245451
0.00234268
-0.00396665
-0.000897632
-0.000574016
0.00610064
-0.000269708
0.000966614
-0.00194195
0.00298898
-0.00555695
-0.00470267
0.00629007
0.0014294
-0.0021411
-0.00150262
0.00766896
-0.000893165
-0.00240811
-0.00347762
0.00203946
-0.00064282
0.0029115
0.00310764
-0.00530547
0.000655996
-0.00121831
-0.00386454
-0.000299469
-0.00278248
0.00652871
-0.000781378
0.00180615
-0.00252218
0.00148517
0.000783785
-0.00244602
0.00231462
-0.00232804
-0.00313307
0.00172113
0.00650504
-0.0018316
-0.00254113
0.00215973
-0.000178654
-0.00126257
0.00195054
0.000493699
0.00302978
-0.00652622
0.00229607
-0.00140569
0.00392561
-0.00326422
0.000823381
0.000952066
0.000858057
-0.000461637
-0.00308929
0.00225209
-4.94158e-05
0.00113197
0.00225757
-0.00366231
-0.00422285
0.00107549
0.00171152
0.00748
-0.00864806
-0.00212635
0.00558806
-0.00292025
3.39692e-05
0.00351558
0.00220608
-0.000123555
-0.00637588
-0.00291207
0.00363162
0.00413887
-0.003725
0.00134373
0.0074754
-0.00424828
0.00494022
-0.00640376
-0.00505112
-0.000972814
0.0027914
0.00549402
-0.00251292
-0.00413073
0.00199646
0.00316791
-0.00104679
-0.00181849
0.00289753
-0.00229737
0.0053125
-0.000774999
-0.0040253
-0.00175133
0.00294388
-0.0016804
0.00368026
-0.00249395
-0.000131725
0.00179605
-0.00247844
-0.00548747
0.000249905
0.00945746
-0.00159237
-0.00297015
-0.0032365
0.000435279
0.00357222
-0.00392001
0.00287477
-0.00133507
-0.0017218
0.000348984
-0.00122064
-0.000324239
0.0006902
0.00238489
-0.000439074
0.00198694
-0.00289728
0.00272986
-0.00256444
0.00425676
-0.00462993
-0.000124131
0.000709813
0.00155061
-0.000116299
0.00207975
1.3229e-05
-0.00192453
0.00255008
0.00250112
-0.00492833
0.000504287
0.000112867
0.00130031
-0.00344783
0.00600757
0.000662979
-0.00398196
-0.00160487
0.00151398
-0.00172769
-0.000141413
0.00480175
-0.00487074
0.0013755
-0.000185719
0.000789241
-0.000968645
-0.00300432
0.00612073
-0.00544577
0.00322949
-0.001561
0.000385441
-0.0030617
-0.00040158
0.00666819
-0.00103409
-0.00196149
-0.00153077
0.00355537
0.00208326
-0.00145137
0.000938602
-0.00749004
0.00171408
-0.000285045
0.00316854
-0.00288458
-0.000347982
0.00545838
-0.0030742
0.00126854
-0.00467428
0.00685857
-0.00610711
-0.0018474
-0.000274818
0.000183173
0.0011519
0.00476354
-0.000851296
0.00113773
-0.0032041
-0.000478638
-0.00263854
0.00750646
0.000981755
-0.00453823
-0.00122471
-0.00385876
0.0051958
0.00123805
-0.00281429
0.00270743
0.00284826
-0.000577766
1.5408e-05
-0.00150415
-0.000334437
-0.00391719
-0.000575709
-3.54921e-05
9.66573e-05
0.00185951
0.00324515
-0.00343574
0.00219678
0.00126534
-0.00320249
-0.00295388
0.00219655
0.00678402
0.000289662
-0.00164593
-0.0023928
-0.000382804
-0.0041564
-0.00331509
0.000602196
0.00623764
-0.00248153
-0.00112946
0.00263927
0.000178497
0.000952386
-0.00105311
-0.000317896
-0.00225591
0.00433651
-0.00711741
0.00103497
0.00108645
0.00692644
0.000417681
5.72563e-06
-0.00336286
-0.000617262
-0.0029078
0.00329099
-0.000448078
0.000281579
-0.00275673
-0.00123893
0.00350786
0.000824676
-0.00124597
0.00319077
-0.00477962
0.002253
-0.00344699
0.006998
-0.00501747
-0.000317432
0.00362185
-0.000532002
-0.00230664
0.00270423
-0.000617192
0.00190675
-0.0023848
-0.000660865
0.00297957
-0.00278529
0.0061465
-0.00437241
0.00141434
-0.00745409
-0.00230686
0.0104896
0.00182819
-0.00391297
-0.000610619
0.00119089
-0.00186014
-0.00327073
0.000834688
-0.000321068
0.00163714
0.00192033
-0.00104061
-0.00296208
-0.00121786
0.00240111
-0.00155638
0.0045031
0.0007045
-0.00480868
0.00504635
-0.00475019
-0.00360321
0.00475431
-0.00425088
-0.00019041
0.00392926
0.00755056
0.0011815
-0.00212651
-0.00444519
0.00204717
-0.00427369
0.000245299
0.00015617
0.00266782
0.00218944
-0.00371668
0.00182663
-0.00249459
0.00352375
-0.000819833
0.000421367
0.00189101
-0.00525247
-0.00238802
0.00270637
-0.00171916
0.00217921
-0.000467472
0.00321595
-0.00257535
0.00608074
-0.00055072
-0.00246697
0.000434456
-0.00242906
0.00419666
-0.00408535
0.00127254
-0.00388469
-0.00169751
0.00115586
-0.00113038
0.00109964
0.00106644
0.00307466
-0.00519576
0.00542287
0.000656386
-0.00599715
0.000302826
0.000858868
0.00172447
-0.000622914
0.00146666
-0.00250989
0.000790993
-0.00126395
-0.00392528
0.00377072
0.00287805
-0.00206628
-0.000963368
0.0037369
0.00194376
-0.0011755
-0.00258637
-0.00174488
0.00534025
-0.00375423
0.00251631
-0.00494722
0.00194194
-0.00165207
0.00300861
0.00250124
-0.00373347
0.000457522
-0.00132918
-0.00020907
-0.00214557
-0.000605031
0.000385679
-0.00101895
0.00149945
0.00469556
0.00112251
-0.0035477
0.000285266
-0.000478014
0.00300766
-0.00099667
-0.00532244
0.00174257
0.00465922
-0.00548955
0.00459018
-0.0022125
0.00480522
-0.00314967
0.0018527
0.00109498
-0.00481217
0.0010923
-0.000398726
0.00217958
-0.00174687
0.00113429
-0.00287436
-0.00064252
4.6099e-05
0.00197834
-0.00304596
0.000990444
0.001643
-0.00168904
0.00185534
0.00305563
0.00313655
-0.00700462
-0.00180355
0.0045157
-0.00357105
0.00461958
-0.00383125
-0.00258895
0.00163325
0.000120472
0.00215473
-0.000107173
-0.00229758
0.00644651
-0.00372187
0.000117053
-0.00073645
0.000167395
0.0011854
-0.00331285
-0.0058136
0.0107757
-0.000986756
-0.0058601
0.00388688
0.000339635
0.0011119
-0.00340856
-0.00161866
0.00220361
-0.000128905
0.00261148
-0.0019364
0.004648
-0.00770369
-0.00184162
0.00363623
0.00163358
-0.00169183
-0.00184366
0.00314367
9.87527e-05
0.00344098
0.00348625
-0.00619603
0.0016303
-0.00223229
-0.00267547
0.00365632
-0.00167269
-0.000367573
-0.00288961
0.00262
0.000752241
-0.000295296
-3.1862e-05
0.00243226
-0.00201696
0.00137004
0.00275392
-0.00292825
0.00236081
-0.00385885
0.00152015
-0.000310406
-0.00234774
0.000310935
0.000964911
0.00382544
-0.00075137
0.00113796
-0.00755062
0.00688999
0.000864582
-0.0038915
0.00121064
0.00158689
0.00145223
-0.00427653
-0.000199724
-0.00140503
0.000674594
0.00109609
-0.00360566
0.00360215
-0.00158449
0.00188198
-0.00170568
0.000185943
-0.0031685
0.00461385
-0.00212733
0.00122856
-0.000170389
0.00219297
0.000216871
-0.00091689
-0.00164412
5.04005e-05
0.00260264
0.00115745
0.00322293
-0.00194214
-0.00112026
0.00015225
3.63965e-05
0.00161241
-0.00696303
-0.00216532
0.00587461
0.00327525
-0.000160011
-0.00222749
-0.00381968
0.0013719
0.00294569
-0.00056951
-0.00142865
-0.000915431
0.00102709
0.00100255
0.000156194
-0.00166376
-0.0040808
0.00425157
0.00267189
-0.00924191
0.00508169
-0.000543784
0.00177826
-0.00204844
0.000760914
0.00450396
-0.00199143
-0.00263315
0.000801276
-0.00113129
-0.00317335
0.003415
0.00200632
0.0032798
-0.00141057
-0.00191335
-0.00122106
-0.000520649
-0.00192822
-0.00186643
0.00458639
0.00044822
-0.00367202
0.00147343
-0.00466084
0.00470505
0.00462844
-0.00158269
-0.000695784
0.00117474
-0.00648501
-0.00017822
0.00199289
-0.00226543
0.00293235
-0.00106163
0.00350017
0.00083674
-0.00473258
0.0021475
-0.00285807
0.000684615
0.00143342
0.0042901
0.000944012
-0.00440133
0.00231363
0.00120029
-0.007438
0.00326968
-0.00279456
0.00156921
-0.000860114
0.00443587
0.000394513
0.00355456
-0.00406049
-0.00200232
-0.00182714
0.00442021
0.000521616
-0.000284755
-0.00377516
0.0015968
-0.00200855
0.00106165
-8.81388e-05
-0.00299142
-0.00460242
0.00965835
0.000280041
-0.00275845
-0.0018621
0.00282053
-0.00200446
0.00418438
-0.0010813
0.00309642
-0.00258201
-0.000617247
-0.00124492
-0.000938207
-0.000192308
-0.0026489
-0.00114264
0.0045723
0.00521042
-0.00413531
0.00334522
0.000109273
-0.00301837
0.000614775
-0.000711776
-0.0028
0.00206658
0.00263806
0.000536858
-0.00285949
0.00221444
0.00227921
-0.00572167
0.00108272
-0.00170506
5.34792e-05
0.000829574
0.000798104
-0.00357653
-0.000710045
0.0050129
0.000975526
-0.00196193
0.00372114
0.000474154
-0.00502091
0.00169198
-0.00113761
-0.0101239
0.00432328
0.00651789
0.00392735
-0.00349876
-0.000757199
0.00312717
-0.0020823
-0.00221761
-0.000901606
-0.00172826
-0.000424927
0.00109947
-0.00307083
0.00455933
0.000639037
-0.00371742
0.0010302
0.0026834
9.65575e-05
9.26483e-05
0.0026141
0.0016935
-0.00238508
-0.00114499
0.00303743
-0.00239042
-0.00128738
0.00264094
-0.00325568
-0.000407316
-0.00113462
0.00427491
-0.00396386
-0.00193122
0.00260333
0.00314627
0.00174236
0.00117028
-0.00152189
0.00316773
-0.00477112
-0.00497845
0.00152846
-0.00285937
0.00235753
0.00166572
0.00168127
-0.00364308
-0.000669386
0.00957623
2.63752e-06
-0.00140216
-0.000556697
-0.00240074
0.00200544
-0.00573218
0.00300328
-0.00455846
0.00878091
0.000241799
-0.00219013
0.00139242
-0.00301618
0.00183171
-0.000906107
-0.00322134
-0.000197383
0.00425721
-0.0026982
0.00336039
-0.00196515
0.00274428
-0.00456719
-0.00326354
0.00656283
0.000277153
-5.78702e-05
-0.00160095
-0.0011774
-0.000281466
-0.00117827
-0.00121787
0.0243939
-0.02172
-0.00526662
0.0100942
0.00915086
-0.000756306
0.00473756
-0.00574054
-0.0122725
-0.00893927
-0.00326376
-0.00184519
-0.00164001
0.00159677
-0.00637803
0.0162542
0.0276611
0.0104474
0.00384637
-0.00893542
-0.0022109
-0.00431053
0.0151081
0.0112888
0.111858
0.0781057
0.0800617
0.0618035
0.0702637
0.0982254
0.0973104
0.13146
0.0452273
0.00152346
-0.187984
-0.182967
-0.0528372
-0.0990776
0.0272462
0.00590877
0.00893078
0.0228869
0.00569234
-0.000861472
0.00715385
0.0122789
0.0150589
0.0200712
0.0114341
-0.000379283
0.00857151
-0.00501942
0.00304642
0.00161544
0.00179048
-0.00451635
0.00255092
0.00610906
-0.00701789
-0.000924467
0.00498381
0.00279808
1.89385e-05
-0.000984128
-0.00471395
0.0049362
0.00624433
-0.0102206
0.00105378
0.000754772
0.00511759
0.000545139
0.00249376
-0.000613698
-0.00396005
-0.00202727
0.00217784
1.44546e-05
-0.00188042
0.000971615
-0.00301253
0.00398852
-0.00394773
0.00091069
0.00358056
-0.000690241
-0.00438553
0.00383707
-0.00516006
0.00889808
-0.00372515
-0.00141469
0.00388712
-0.00179696
-0.00463666
0.00542136
0.00218369
0.00405982
-0.00460038
-1.91763e-05
-0.00356392
0.000900477
-0.00297766
0.00295633
0.00499505
-0.00512251
0.000118586
-0.000176253
-0.00131958
0.00258634
-0.00318903
-0.00027567
0.0019064
0.0136431
0.0256432
0.0541883
0.0110324
0.0934099
0.0322974
0.0528429
-0.00200954
-0.000302179
0.00490931
-0.000249714
-0.00562902
0.00217781
-0.00583745
-0.000653234
-0.000265716
-0.0012567
-0.0011447
-0.00208585
0.000557288
0.000906008
-0.00840597
0.000127277
-0.00243354
-0.00540422
0.00360459
-0.00145711
-0.00484994
0.0102074
4.90713e-05
-0.00354382
-0.00029168
-0.00675975
-0.00256046
0.00630494
0.00215001
-0.00490337
-0.00645707
0.00755341
-0.00406305
0.00202997
-0.00179617
-0.00128874
-0.00446857
0.00472148
-0.000914265
-0.00181488
0.09614
0.124928
0.089635
0.13732
0.14673
0.116436
0.0457071
-0.00310867
-0.0257094
0.00227595
-0.0382532
-0.021884
-0.00794266
-0.0136224
-0.0105024
-0.00731843
-0.00814526
-0.0058816
-0.00668256
-0.00485922
-0.00539223
-0.000749785
-0.00634351
-0.00815778
-0.00248439
-0.00679152
0.00185101
-0.00393213
-0.00593997
4.24291e-05
0.00218131
-0.010945
0.00740233
-0.0103151
-0.00369356
-0.000522192
-0.00586106
-0.00127642
-0.00272886
-0.0028159
-0.00421229
0.00357013
-0.000549076
0.000765659
-0.00617576
-0.00298966
0.00219364
-0.00187287
0.000862017
-0.00721623
0.000350774
-0.00566713
0.0042708
-0.00404247
-0.00382409
-0.00186901
0.000550906
-0.00389328
0.00345191
-0.0013554
-0.00247351
-0.00238497
0.00160786
-0.00230379
0.00209366
-0.00713392
-6.98701e-05
-0.00171014
0.000432861
0.000781968
-0.00244279
0.000576304
-0.00271763
-0.00247565
-0.00190042
0.00241284
0.0040412
-0.00557789
3.19221e-05
-0.00502621
0.00308844
-0.00520395
-0.00177837
0.00456051
-0.00118814
-0.00025625
-0.00374891
-0.00475351
0.00840079
-0.00345452
-0.0028317
0.00269848
-0.00284715
-0.00440238
0.00309766
0.00254661
0.000995176
-0.0061963
4.34988e-05
0.00151918
-0.000181153
-0.00397526
-0.00372281
0.00511053
-0.00322215
7.21082e-05
0.0010171
0.00275494
-0.0057384
0.00148043
-0.00665771
0.00177235
-0.000927942
0.00047622
0.0018533
-0.00565387
0.00100833
-0.0031527
0.00691271
-0.00485293
-0.00321649
-0.00433794
0.00280378
0.000959252
-0.000884582
0.00404347
-0.0020228
0.00535
0.00190641
-0.00933749
-0.00428513
0.0034088
0.000216828
-0.000903217
-0.00863265
0.004237
0.00125252
-0.00189021
-0.00240702
0.00292633
0.00135187
-0.00375752
-0.000301517
-0.00107504
0.00362089
0.00196595
-0.0084754
0.00218855
-0.00123905
0.000828215
0.00254087
-0.00139624
-0.00262041
-0.00534218
0.00502342
-0.000899443
-0.00294793
0.00771468
-0.00378619
0.0019361
-0.000257336
-0.00370827
-0.0050438
-0.00327693
0.00304997
0.00610412
-0.00593431
0.00151302
0.00154828
-0.00570123
0.00193671
0.00225497
-0.00558276
-0.000342616
-0.000645618
0.00368448
0.00144816
-0.00483616
0.00451636
-0.0046853
0.000914135
-0.00109986
0.00295187
0.00202817
-0.00167925
-0.00200366
-0.00535576
-0.00295635
0.0086399
-0.000965471
0.00261467
-0.000270073
-0.00199053
-0.00113614
-0.000778084
-0.00340125
-0.000621013
-0.000274433
-0.000427061
0.0034984
-0.00798939
0.00125766
0.00121188
-0.000814724
-0.000382542
0.0062449
-0.0014725
-0.00255891
-0.000876557
-0.00362029
0.000408795
0.00136169
-0.000678683
0.00214488
0.000154372
-0.00381798
0.0013417
-0.00238661
0.00455387
-0.00672843
0.00531653
-0.00188255
0.00224147
0.00239931
-0.00434989
0.00100843
0.00170828
-0.00299538
-0.000768682
-0.0025161
-0.00283419
0.00510026
-0.0008969
0.000518546
-0.0016201
0.00119312
0.00192785
-0.000888025
-0.00150478
-0.00227616
-0.00204925
-0.000943793
0.000579667
0.000927973
0.000714006
0.00156995
-0.00305373
0.00545833
-0.00412531
-0.000529996
0.00270378
-0.00588299
-0.00275827
0.00234616
0.00333938
-0.000844494
0.0021979
-0.00316825
-0.00120835
0.00132541
0.00174628
-0.00298732
-0.000344899
0.00279804
-0.00361078
-0.00201145
0.00186182
0.000232314
0.00634098
-0.00699757
0.0017961
0.000184303
0.000309488
-0.00163035
-0.000348886
-0.00288124
0.000721918
-0.00471953
0.00292799
0.00203069
-0.00130758
-0.000175707
0.0013501
-0.00110528
0.000834891
0.00263579
-0.00189665
-0.00221671
-0.00181692
-0.00286927
0.00571712
-0.00284743
-0.0035682
-0.00110317
0.00195899
0.00498856
-0.000740612
-0.00531298
-0.0037327
0.00568007
0.00320184
0.000541667
-0.000272435
0.000653068
-0.00172254
0.000543706
-0.0039555
-0.000109311
0.00236675
0.00217369
-0.00311511
-0.00284399
0.00171429
-0.00300465
-0.000850965
0.00395669
0.00132951
-0.00339071
0.00586811
-0.00515107
0.00118963
-0.0027194
-0.00123181
-0.000247073
0.000585988
0.00017315
0.000397363
0.00332446
0.0024074
-0.0053454
-0.00258753
0.000109993
-0.00488933
0.00525409
-0.000190698
0.00146942
-0.000767674
-0.000680216
0.000508501
0.00227122
