0.00239602
0.00111685
0.00112274
0.0057218
-0.00108524
0.00207836
0.0050046
0.00423912
0.00512749
0.00795158
0.00407007
0.00614961
0.00564244
0.00403627
0.0072228
0.00817063
0.00219265
0.000829525
0.00146196
-0.00116698
0.0049101
0.000190179
0.00166545
-0.00244693
0.00323701
0.000947111
0.00533055
0.00304679
0.00187497
0.00627114
0.0035552
0.00197667
0.00283675
0.00145604
0.00127039
0.000201257
0.00104893
0.0011337
-0.000759676
0.000297458
0.00659829
-0.000109784
0.00197054
-0.000556134
0.000281148
0.00228797
-0.00380077
0.00186284
0.00647403
0.00165948
-0.00157962
0.00167151
-0.000973568
0.00491718
-7.94549e-06
-2.40305e-05
8.30164e-05
0.00638007
0.00190025
0.0049316
-0.000958027
0.00230081
0.00501162
0.00627114
-0.00359693
0.00640301
-0.000963292
0.00395477
-0.00127898
0.00207836
-0.00588622
-0.00588622
-0.000115206
0.003562
0.00492435
-0.00221455
0.00165359
0.00365008
0.000512365
0.00322414
0.00206014
0.000913517
0.0015519
0.00333864
0.00312891
0.00122441
0.00167765
0.00314189
0.00470698
0.00459847
0.00304019
8.30164e-05
0.000388214
-0.00527399
0.00333214
9.38746e-05
0.000195676
0.000925285
0.000195676
0.00459847
0.00501873
0.00501873
0.0018569
0.0018569
0.00335864
0.00451078
0.0088135
0.00333864
0.000500968
0.000500968
0.000500968
0.00176716
-0.00127396
0.0041578
0.00188116
0.00333214
0.00333214
-0.000206161
0.00449689
0.00186886
-7.94549e-06
0.00281763
0.00232148
0.000388214
0.00125839
0.0043953
0.00165948
0.00774877
0.00187497
0.00302092
-0.00139056
-0.00326632
0.00344686
-0.00263216
0.00325021
-0.00208452
0.00607557
0.00272222
0.00512749
0.00512749
3.20109e-06
0.00449689
0.00492435
-0.0018951
0.0022073
8.84032e-05
9.38746e-05
0.00607557
0.00210384
0.0046054
0.000404854
0.00734292
0.00734292
0.000105071
0.00239602
0.00123541
-2.40305e-05
0.00251876
0.0019977
0.00586513
-0.000200595
0.000721775
0.00104893
0.00470003
0.00608306
0.00304019
0.000190179
0.0073351
0.00304019
0.00146797
0.00251255
0.00419205
-0.00116177
0.00440217
0.00932895
0.00146196
0.00125839
-0.000200595
0.0061922
0.00504802
0.00146797
0.0010432
0.00188116
0.00787455
-0.00253021
0.000619992
0.00176716
0.00176716
0.00629375
0.0046195
0.0046195
0.000190179
0.00420578
0.00420578
0.00176716
0.00125839
0.00125839
-1.33918e-05
0.002932
0.00294505
0.00106066
-0.00127396
0.00135429
0.00135429
0.00598904
0.00324356
0.0035552
0.00125252
0.00449689
0.00253144
0.00253144
-0.00198743
0.00271595
0.00472834
0.000297458
0.00524843
0.00323053
0.00323053
-0.000861475
0.00335189
0.00356889
0.00209093
0.00345355
0.00388703
0.00176716
0.00440217
-0.00138082
0.0061846
-0.00253021
0.00608306
0.00617709
0.0049101
0.00470698
-0.00274346
0.00304019
0.00304019
0.00198289
0.00239602
0.00197667
0.00482998
0.00482275
0.00438851
0.00754589
0.00346033
0.000399222
0.00324356
0.00501873
0.0061922
0.0026205
0.003562
0.003562
0.0043953
0.0046054
0.00166545
0.00471402
0.00314189
0.00156975
0.002932
0.00502593
0.00449689
0.00491718
0.00450379
-0.00400469
-0.00400469
0.00428692
0.00186886
0.00186886
0.00283675
0.00093577
0.0010432
0.00302726
0.00165948
0.00638763
0.00638763
0.00156975
0.00576358
-0.00315131
0.00294505
0.00463394
0.00463394
0.00313536
0.00167151
0.00167151
0.00440913
8.84032e-05
0.00115074
0.000326336
0.00188744
0.000512365
0.00325694
0.00650455
0.00176716
0.00543205
0.00323701
0.00177325
0.00493894
0.00218003
0.00280255
0.00501873
0.003562
0.000817638
0.00333864
0.00900798
0.00482275
0.00262682
0.00262682
0.000195676
0.00177941
-0.00147772
-0.00105456
0.00336548
9.38746e-05
0.00272222
0.00313536
0.00313536
0.00630145
0.00429368
0.00449689
0.00501162
0.00302726
0.000721775
0.00197054
0.00419205
0.00419205
0.00177325
0.00145604
0.00512749
0.00132605
0.00774877
0.00238962
0.00554094
0.00659059
0.000829525
0.00188744
0.00458488
0.000919359
0.0025042
0.00167151
0.000404854
0.00041637
0.00325021
0.00417163
-0.00137075
0.00774084
0.00333864
0.000190179
0.00440217
0.00146196
0.0049101
0.00344686
0.00198919
0.000495396
0.00135429
0.000619992
0.00638007
0.00468639
0.00468639
0.00135429
0.00451785
0.00648912
0.00354848
0.00313536
-1.33918e-05
-1.33918e-05
0.00441618
0.00167151
0.00427364
0.00596666
0.00596666
0.00461241
0.00440217
0.00333864
0.00218003
0.000393676
0.0014502
0.00628613
0.00628613
0.00197667
0.00669204
0.00704618
0.00912618
0.00293848
0.00883036
0.00312891
0.00134848
-1.33918e-05
-0.00115647
0.00281142
0.000506624
0.00228797
0.00218003
-0.00221956
0.00228167
0.00767979
-0.00107535
-0.00275684
0.00147406
0.00176117
0.00176117
0.00609063
0.00325021
0.003562
0.00523636
0.00418531
0.00146196
-1.33918e-05
-0.00315575
0.00312254
9.94306e-05
0.00503321
0.00503321
-0.000227576
0.00713211
0.00136019
0.0014502
0.0035552
-0.00147266
0.00216775
0.00146196
0.00797602
0.00335189
0.00115074
0.00314851
0.00272222
0.00419205
0.00577091
8.84032e-05
0.00177325
0.00609063
-0.00273412
0.00430747
0.00459847
-0.00138082
0.00186284
0.00470698
-0.000431197
0.00188116
0.00313536
0.00482275
-0.0019825
0.00314189
0.00271595
0.00482275
0.00302726
0.00199558
0.000823539
0.00325021
0.00651239
0.00587248
0.00177941
0.00597404
0.00135429
0.00186284
0.00325694
0.00325021
0.00795158
0.00522903
0.00136019
0.000308755
0.00501873
0.00470003
0.00324356
0.00346719
0.00346719
0.00196449
0.000393676
0.000297458
0.000297458
0.00043428
0.00156975
0.00156975
0.00167765
0.00461241
-0.00157962
0.00638763
0.0072493
0.00135429
-0.00127898
0.00388091
0.00176716
0.00136617
0.00115658
0.00420578
0.00429368
0.00429368
0.00187497
0.00334522
-0.00086668
0.00388703
0.00440913
0.00471402
-0.00117716
-0.00126367
0.000314531
8.84032e-05
0.00313536
0.0035552
0.0035552
0.00146196
0.0050046
0.00334522
0.00419205
0.000297458
0.00649679
0.00627114
0.00409039
-0.000115206
0.00440217
0.00242328
0.00146196
0.00754589
-0.00106513
0.00146196
0.00136019
0.00440217
0.00684298
0.00284329
0.0044233
0.00377868
0.003162
0.00126435
0.00325694
0.00104893
-0.000741786
0.00692905
-0.000318889
-0.00199227
0.000845269
0.000422255
0.000422255
-0.00336827
0.00127652
-0.000940577
-0.000200595
-0.00137583
0.00261426
0.00261426
-0.000415413
0.00419205
0.00440913
-0.000415413
0.00251876
0.00135429
0.00576358
0.00379205
0.00305347
0.00177941
0.00186886
0.00471402
0.00253144
0.0046195
0.00555323
0.00305347
-0.000183391
0.00398872
0.00641873
0.00545882
0.000206923
-0.000947244
0.00187497
0.00335189
0.0049101
0.0049101
0.000614141
0.000614141
0.00145604
-0.00138573
0.00640301
-0.000120542
-0.000120542
0.00512749
0.00440913
0.002932
0.00156371
0.00135429
0.00137224
0.00137224
0.00345355
0.00283029
0.000297458
0.00167151
0.00324356
0.00324356
-0.00126886
0.00146196
-0.00168154
0.00431449
0.00283675
-9.86878e-05
-0.00178349
-0.00136034
-0.00714468
0.00136019
0.00156975
9.38746e-05
0.00197667
0.00146196
-0.000318889
0.000291937
0.00282392
-0.00126367
1.46863e-05
1.46863e-05
-0.000968472
-0.000958027
-0.00137075
0.00723361
0.00134848
0.000201257
0.00451078
0.00125839
0.00207836
0.00207836
-0.00295625
0.00165359
0.00335864
0.00260204
-0.00117716
0.00491718
0.00176716
0.00419887
0.00553217
0.000212673
0.002932
0.00304019
-0.00263216
0.00177325
0.00449689
0.00156975
0.00156975
0.00156975
0.00470698
0.00501873
0.00174943
0.00174943
0.000410569
0.00325694
0.00480855
-0.001355
0.00607557
0.00915208
0.000314531
-1.87535e-05
0.00354848
-0.00127898
-0.00430649
0.0061922
-0.000415413
0.00283029
0.000608375
-0.00137075
0.000297458
0.00463394
0.00198919
-0.00284992
-0.00284992
0.00566931
0.00512749
0.00274152
0.00628613
0.00325694
0.00325694
0.00254446
0.000303065
0.00251255
-0.000313518
0.00304019
0.00473563
0.00146797
0.00136019
0.00136019
0.00418531
0.00167151
0.00533791
0.0029517
-0.00105989
0.00325694
0.00209093
-0.00273884
0.00314851
0.00177325
0.00305347
0.00554613
0.00472114
0.00608306
0.00419887
0.00177941
0.00177941
0.00137224
0.00736691
0.00359528
0.00146797
0.00251876
0.00346719
-0.00167654
0.00441618
0.000841749
-0.00419572
0.00451078
0.00451078
0.00451078
0.00126435
-0.00283611
0.00165359
0.0046054
0.0046054
0.00147406
0.00272222
0.00673359
0.00557506
-0.00136558
-0.00136558
-0.00136558
0.00281763
9.38746e-05
0.0103945
0.00283675
0.00283675
-0.00197748
0.00420578
0.000297458
0.00136019
-0.000634893
-0.000634893
-0.00147772
0.00482998
0.00188116
0.00188116
0.00368359
0.00505936
-0.00284079
-0.00401704
0.000941398
0.00232148
0.00116252
9.38746e-05
0.00501873
0.00660607
-0.000217038
0.00127039
0.00136019
0.00197667
0.00651239
-0.00483286
0.00421985
-0.000527884
0.00335189
0.00492435
-0.00167654
0.00430747
0.00430747
-0.00295184
0.00451078
-0.00166628
0.00430053
0.00283675
-0.00126886
0.00167765
0.00167765
0.00314189
0.00272857
-0.00157459
0.00051819
0.00146196
0.00136617
0.00283675
0.00136617
0.00469317
0.000428225
0.00136019
0.00146797
-2.41453e-06
0.00272222
0.00390753
0.00116853
-0.00208942
9.94306e-05
0.000845269
0.00156975
0.00789984
-0.00103748
-0.00167654
0.0043953
0.00440217
0.00156371
-0.000538103
-0.00304477
-0.00304477
-0.00304477
-0.00137075
0.00411105
0.00334522
-0.00157459
0.00294505
0.000206923
-0.00116177
0.00440217
-2.41453e-06
-0.000217038
0.0026205
0.0026205
0.00274152
0.00146196
0.00166545
-0.000958027
0.00125839
0.00125839
0.0105139
0.00136019
0.000833979
3.20109e-06
0.000201257
-0.00209898
-0.00209898
0.00303369
0.0029517
0.00114497
-2.41453e-06
0.00430747
0.00294505
0.00282392
8.84032e-05
0.00569172
0.00409039
0.00187497
0.00683519
0.00683519
-0.00137583
-0.000415413
0.00179842
9.38746e-05
0.00735883
0.00735883
9.38746e-05
0.00651239
0.00284992
0.00430053
0.00178567
0.00104893
-0.000634893
-7.94549e-06
-7.94549e-06
0.00263323
0.0046054
0.00272222
-0.00177851
0.00272222
-1.87535e-05
-0.00113946
-0.00176829
-0.00176829
0.00566201
0.00409719
-0.00167654
0.00167765
0.00377868
-0.000211642
0.00186886
0.00578581
0.00471402
0.00471402
-0.00189032
0.00283029
0.00283029
0.00469317
0.00438851
8.84032e-05
0.00368359
0.00368359
-0.00178349
0.00146797
-0.000222349
0.000817638
0.00146196
0.00137224
0.00577091
0.00450379
0.00450379
0.00272857
0.00127039
0.00377213
8.84032e-05
-0.000958027
0.00461241
0.00451078
-0.00107028
0.0026205
0.0059815
0.0059815
-0.00138082
0.00609063
-0.000211642
-0.00157962
0.0014502
0.00443052
0.00105476
0.00095879
0.00095879
0.000500968
-0.00148269
0.00177941
-0.00147772
0.00346033
0.00135429
0.00587248
0.00116252
-0.00157962
0.0100157
0.000404854
0.00137224
-0.0035638
-0.0035638
0.00366365
0.00430053
0.00166545
0.00640301
-0.00157962
-0.00157962
-0.00157962
-0.000436289
0.000947111
-0.00357223
-0.00649911
-0.00158943
0.00345433
0.00377868
-0.00649911
-0.00607825
-0.012587
0.000833979
-0.00418456
-0.00418456
-0.00555475
-0.00534336
-0.00378031
-0.00452288
-0.00785843
-0.00785843
-0.00785843
-0.0201762
-0.0189162
-0.0282422
-0.0308464
-0.0540184
-0.0650956
-0.0529879
-0.0321406
0.0061465
0.0493195
0.106629
0.165364
0.224054
0.265243
0.255595
0.0995567
0.0642739
0.0261728
0.0232857
0.0410993
0.0299803
0.0273851
0.0361466
0.0431364
0.0431364
0.0348935
0.0337789
0.0337789
0.0769731
0.0785455
0.0684563
0.0723529
0.0758496
0.0692095
0.0746705
0.0720843
0.0736983
0.0748785
0.0816993
0.070511
0.0718599
0.0723359
0.0764377
0.0754669
0.0783357
0.0749379
0.0747301
0.0780511
0.0759992
0.0747834
0.0747834
0.0773473
0.0750687
0.0783366
0.0783366
0.0760396
0.0804277
0.0762844
0.0729236
0.0743498
0.076361
0.0780896
0.0739309
0.0733603
0.076456
0.0752408
0.0754669
0.0766829
0.0752588
0.0783738
0.0780701
0.076551
0.0765694
0.0767593
0.0751279
0.07237
0.0768542
0.0768542
0.081301
0.0766829
0.0763794
0.0777853
0.0748785
0.0780701
0.0764377
0.076456
0.0783929
0.0758835
0.0753538
0.0724651
0.0724651
0.0782598
0.0743463
0.0798944
0.0826348
0.0876988
0.114348
0.114348
0.175171
0.201388
0.212051
0.198101
0.204613
0.203384
0.203384
0.20451
0.204742
0.199532
0.20044
0.202343
0.202343
0.199406
0.201569
0.20291
0.20594
0.202078
0.202008
0.204067
0.198631
0.200908
0.19809
0.200884
0.204866
0.204866
0.199828
0.20331
0.201417
0.200942
0.202465
0.20373
0.20373
0.196028
0.204847
0.2005
0.205366
0.19978
0.20621
0.19735
0.201726
0.200757
0.200757
0.238757
0.304173
0.344871
0.394076
0.458644
0.502884
0.520264
0.517172
0.508778
0.508778
0.498893
0.492389
0.495117
0.492229
0.489822
0.486973
0.485627
0.481152
0.486217
0.482015
0.479471
0.479417
0.479433
0.480308
0.475284
0.47328
0.473982
0.471528
0.472342
0.473652
0.473433
0.470839
0.474443
0.471904
0.468935
0.468935
0.469781
0.469781
0.466799
0.46702
0.468534
0.463226
0.463226
0.46692
0.467463
0.461162
0.46182
0.465396
0.4619
0.461755
0.458859
0.45924
0.460764
0.461859
0.457376
0.457376
0.460112
0.457817
0.459197
0.457014
0.462075
0.459241
0.46018
0.458245
0.45761
0.46178
0.456044
0.459536
0.45424
0.45424
0.456179
0.456754
0.4552
0.454817
0.457394
0.457394
0.459457
0.455259
0.455606
0.453278
0.454335
0.451103
0.452101
0.453621
0.45788
0.454489
0.452987
0.452965
0.453005
0.453005
0.455954
0.45352
0.450975
0.447257
0.449008
0.450992
0.44988
0.454815
0.449339
0.450046
0.453134
0.447434
0.451009
0.446921
0.450563
0.450179
0.450271
0.449579
0.449579
0.445754
0.446007
0.449514
0.44564
0.449104
0.449589
0.449919
0.449722
0.448009
0.448362
0.44814
0.445287
0.443957
0.446382
0.448053
0.44239
0.44655
0.446123
0.445314
0.445314
0.445977
0.444686
0.450155
0.446765
0.447398
0.444581
0.447103
0.449566
0.444774
0.448423
0.446224
0.439776
0.443523
0.442939
0.441475
0.443083
0.443392
0.441558
0.4448
0.442451
0.443416
0.446356
0.448852
0.444311
0.440377
0.441402
0.441402
0.442618
0.44319
0.44319
0.439005
0.439005
0.442308
0.443381
0.441615
0.442356
0.44251
0.443011
0.444349
0.441936
0.440659
0.443011
0.442628
0.437889
0.440924
0.440924
0.443585
0.437959
0.444817
0.442329
0.439654
0.438019
0.441062
0.440561
0.439675
0.44258
0.442724
0.438046
0.440381
0.440431
0.441192
0.447593
0.444685
0.435829
0.442734
0.439004
0.439695
0.438227
0.445274
0.438927
0.441394
0.439935
0.436131
0.438806
0.438556
0.440266
0.443752
0.443752
0.438366
0.437537
0.437537
0.436917
0.441798
0.441978
0.437546
0.441405
0.435709
0.437546
0.436458
0.435075
0.441366
0.438885
0.438885
0.441508
0.438272
0.439085
0.438653
0.436793
0.440156
0.437952
0.439085
0.43649
0.43624
0.430536
0.435401
0.437641
0.434325
0.435598
0.437944
0.43605
0.439164
0.434651
0.434008
0.437641
0.438273
0.433826
0.436828
0.435545
0.438342
0.434021
0.436187
0.437892
0.435036
0.430708
0.435165
0.43681
0.437442
0.438082
0.433444
0.434339
0.434006
0.438212
0.434258
0.43641
0.441031
0.434407
0.434339
0.435294
0.435294
0.435491
0.434278
0.437909
0.434583
0.436365
0.433505
0.435037
0.43465
0.43167
0.430835
0.432883
0.43562
0.432292
0.432292
0.435848
0.43465
0.436826
0.432426
0.437093
0.43581
0.432822
0.437207
0.432487
0.432237
0.431095
0.429815
0.429815
0.43134
0.435288
0.4281
0.433518
0.431803
0.430192
0.435559
0.436518
0.435098
0.436754
0.43484
0.427453
0.429349
0.432981
0.435234
0.434969
0.434854
0.434148
0.435363
0.435485
0.435485
0.428793
0.434833
0.433897
0.429697
0.432877
0.43179
0.426894
0.432939
0.430503
0.431227
0.431723
0.432743
0.435187
0.431544
0.432315
0.432315
0.429235
0.430144
0.432877
0.43088
0.43232
0.429108
0.437099
0.431355
