-0.0197651
-0.0118647
-0.0136487
-0.00972165
-0.0191763
-0.0191763
-0.0185866
-0.0156994
-0.0106424
-0.0187794
-0.0257576
-0.0120665
-0.0108752
-0.0161843
-0.0158565
-0.0119994
-0.0210814
-0.018135
-0.0197651
-0.0115045
-0.0193335
-0.0156353
-0.00904537
-0.0124715
-0.0148266
-0.0180519
-0.0140506
-0.0167702
-0.0222802
-0.0207682
-0.0171496
-0.0133564
-0.0158774
-0.00739698
-0.0176632
-0.0137612
-0.00760228
-0.0140075
-0.0257576
-0.0174852
-0.00856874
-0.0195106
-0.0174431
-0.0186069
-0.0166346
-0.0166127
-0.0142418
-0.0183325
-0.01173
-0.0237921
-0.0237921
-0.0100129
-0.0105371
-0.00796357
-0.0179777
-0.0139635
-0.0209641
-0.0227729
-0.0114813
-0.0212984
-0.0154996
-0.0113472
-0.0131767
-0.0146914
-0.0146914
-0.0231449
-0.0219276
-0.017506
-0.0113472
-0.0171707
-0.0129507
-0.0130194
-0.015185
-0.0160346
-0.0242817
-0.0153638
-0.013334
-0.0154562
-0.0197852
-0.00577376
-0.0166426
-0.0102164
-0.0144576
-0.0179364
-0.0120443
-0.0140292
-0.018843
-0.0169572
-0.0201197
-0.0156782
-0.0135358
-0.0182095
-0.0197651
-0.0217896
-0.0181145
-0.0159067
-0.0107767
-0.0141647
-0.0120665
-0.0143436
-0.0150873
-0.0196479
-0.0176632
-0.0109856
-0.0159501
-0.0145341
-0.0138502
-0.0138502
-0.0146581
-0.0164854
-0.0148266
-0.0140292
-0.0195302
-0.0116848
-0.0156782
-0.0201393
-0.0100129
-0.0142078
-0.00958768
-0.0161709
-0.0207874
-0.0140719
-0.0135358
-0.0200799
-0.0176837
-0.0207682
-0.0211015
-0.01615
-0.00757836
-0.0203158
-0.012134
-0.0137148
-0.0169776
-0.0146692
-0.020572
-0.0198051
-0.0189784
-0.0124715
-0.0158565
-0.0116619
-0.0159927
-0.0185094
-0.0185094
-0.0138502
-0.0176632
-0.0125475
-0.0125475
-0.00925004
-0.0174852
-0.011393
-0.0182923
-0.0166835
-0.0146914
-0.0159501
-0.0134223
-0.013872
-0.013872
-0.01173
-0.0145341
-0.013671
-0.0178204
-0.017506
-0.0174431
-0.01615
-0.0243171
-0.0201779
-0.0141647
-0.0179572
-0.0239493
-0.018135
-0.0156782
-0.0176837
-0.0164224
-0.0182923
-0.0158774
-0.0158774
-0.0163282
-0.0187842
-0.0187842
-0.0171707
-0.0171707
-0.0112585
-0.0112585
-0.0148487
-0.0148487
-0.0174852
-0.0117523
-0.0158774
-0.0131991
-0.015478
-0.0196677
-0.0150278
-0.0138283
-0.0110557
-0.0163073
-0.012516
-0.0163282
-0.00958768
-0.0167999
-0.0209641
-0.0159285
-0.0140292
-0.0121102
-0.00976781
-0.00997013
-0.00943054
-0.000754146
-0.00424837
-0.000622211
0.0116867
0.0317201
0.0317201
0.0737383
0.0818308
0.0707086
0.0179149
-0.0268019
-0.0586223
-0.0797316
-0.101286
-0.0909875
-0.1073
-0.127241
-0.124229
-0.136153
-0.147515
-0.167495
-0.208083
-0.191786
-0.143074
-0.132868
-0.138596
-0.14831
-0.163272
-0.140691
-0.150215
-0.141379
-0.147902
-0.154117
-0.137438
-0.130354
-0.134594
-0.135457
-0.151996
-0.149079
-0.149617
-0.147289
-0.144798
-0.138941
-0.144902
-0.148099
-0.14942
-0.151764
-0.148083
-0.145099
-0.138846
-0.149975
-0.149341
-0.149395
-0.150768
-0.146435
-0.146435
-0.145607
-0.145607
-0.152771
-0.148855
-0.150193
-0.149474
-0.151872
-0.146671
-0.146539
-0.148945
-0.147555
-0.147555
-0.149287
-0.149287
-0.148963
-0.148963
-0.141563
-0.141046
-0.143526
-0.148742
-0.154829
-0.154829
-0.158371
-0.146776
-0.149053
-0.149485
-0.15039
-0.149069
-0.148963
-0.148963
-0.147588
-0.15102
-0.148598
-0.150695
-0.146187
-0.144955
-0.150822
-0.144994
-0.152935
-0.144728
-0.150498
-0.155757
-0.146776
-0.149124
-0.16174
-0.157234
-0.167382
-0.169517
-0.14742
-0.171316
-0.180582
-0.182485
-0.1836
-0.191019
-0.172602
-0.18189
-0.178229
-0.187265
-0.175565
-0.175169
-0.169841
-0.165671
-0.189947
-0.185369
-0.182824
-0.173901
-0.169169
-0.176767
-0.174464
-0.179612
-0.17721
-0.183563
-0.185369
-0.180724
-0.184631
-0.179216
-0.178856
-0.179162
-0.178548
-0.18161
-0.190393
-0.189225
-0.18351
-0.171095
-0.172026
-0.179309
-0.180149
-0.183563
-0.182401
-0.175942
-0.184777
-0.177654
-0.167978
-0.178699
-0.183315
-0.17063
-0.119419
-0.0743126
-0.0896782
-0.0777368
-0.0918286
-0.100868
-0.131921
-0.125027
-0.126448
-0.0881975
-0.0760865
-0.0777402
-0.0809492
-0.0759277
-0.0770141
-0.0693944
-0.0801762
-0.0783606
-0.0732276
-0.0693035
-0.0509254
-0.0584974
-0.0596573
-0.0777446
-0.0730773
-0.0689855
-0.0678869
-0.0624414
-0.0630603
-0.0630603
-0.0686516
-0.0616326
-0.0706321
-0.0601302
-0.0632977
-0.0652724
-0.0613979
-0.0651867
-0.0616615
-0.0621119
-0.0583103
-0.0602772
-0.062435
-0.0580004
-0.0678822
-0.0599505
-0.0640656
-0.0554806
-0.0554806
-0.0668224
-0.0601302
-0.0601302
-0.0566627
-0.0673034
-0.0581467
-0.065015
-0.0610816
-0.0640586
-0.0647051
-0.0594184
-0.0651757
-0.0687968
-0.0624001
-0.0627246
-0.0604159
-0.0584391
-0.0583187
-0.0621048
-0.0674428
-0.0654209
-0.0628994
-0.0571982
-0.0677682
-0.0553081
-0.0574371
-0.0687968
-0.0674583
-0.0586202
-0.0563164
-0.0543695
-0.056645
-0.0533038
-0.0612224
-0.0625625
-0.0592237
-0.0610447
-0.0631963
-0.0592402
-0.0602929
-0.0616248
-0.0628655
-0.0669884
-0.0633638
-0.0584735
-0.0597867
-0.0580569
-0.053614
-0.0642275
-0.06517
-0.0600971
-0.0574113
-0.0570827
-0.0576727
-0.0559965
-0.0587992
-0.0593028
-0.0578367
-0.0528171
-0.0624001
-0.0604322
-0.0563259
-0.0560651
-0.0648601
-0.0650027
-0.0616803
-0.0610525
-0.06254
-0.056955
-0.0613472
-0.056946
-0.0608896
-0.058448
-0.0607263
-0.0654004
-0.0661961
-0.057747
-0.0636483
-0.0574113
-0.0602523
-0.0568089
-0.0602691
-0.0602691
-0.0585942
-0.0635933
-0.0592402
-0.0552704
-0.055821
-0.0654681
-0.0592402
-0.0588957
-0.0590685
-0.06039
-0.0560063
-0.0500752
-0.0579736
-0.0552897
-0.0666785
-0.0551053
-0.0604322
-0.0579019
-0.0528171
-0.0564991
-0.0589302
-0.064347
-0.05711
-0.0587494
-0.0557549
-0.0572737
-0.0579736
-0.0601056
-0.0546396
-0.0544947
-0.0545147
-0.0600971
-0.0529614
-0.05711
-0.0604159
-0.0506722
-0.0567723
-0.0622133
-0.059051
-0.066345
-0.0608896
-0.0633447
-0.0612151
-0.0549601
-0.0552504
-0.0593872
-0.0493385
-0.0602691
-0.0558106
-0.0525018
-0.0537725
-0.0391412
-0.0274319
-0.0113395
0.00589431
0.0162785
0.026159
0.0355769
0.0397942
0.0437761
0.0394309
0.0560501
0.0549019
0.0567265
0.0704702
0.0847755
0.10704
0.113717
0.122655
0.121565
0.130928
0.138635
0.153652
0.148201
0.157071
0.156688
0.170389
0.179726
0.172703
0.184295
0.192474
0.198138
0.207673
0.206582
0.212028
0.216147
0.221673
0.221022
0.21599
0.220485
0.209028
0.221245
0.222548
0.228973
0.222213
0.221379
0.232461
0.232849
0.24289
0.226095
0.223909
0.215715
0.219759
0.222311
0.228962
0.221621
0.222311
0.220511
0.231266
0.231266
0.231468
0.223625
0.226394
0.217792
0.21289
0.216851
0.223528
0.212995
0.220074
0.209869
0.196662
0.201085
0.191065
0.187678
0.181699
0.186704
0.175848
0.175445
0.174416
0.156667
0.157576
0.155872
0.154086
0.145008
0.149034
0.135238
0.132758
0.13879
0.137168
0.12217
0.123482
0.119034
0.123184
0.112133
0.114535
0.104819
0.113932
0.105698
0.0906929
0.0934738
0.0949091
0.098846
0.0955948
0.0850079
0.0888901
0.0870068
0.0981635
0.0884218
0.0837487
0.0852071
0.0886292
0.0957313
0.0914626
0.0856865
0.0889982
0.0922344
0.0863107
0.0866338
0.0825892
0.0834367
0.0759323
0.0795529
0.0780307
0.0851647
0.077787
0.072485
0.0779235
0.0798786
0.0851571
0.079239
0.0748964
0.0660551
0.0766789
0.072596
0.0658993
0.0633497
0.0708056
0.0666784
0.0689301
0.0579965
0.0622971
0.076105
0.0713497
0.0748424
0.0667624
0.0714563
0.0732831
0.071612
0.0686411
0.0683899
0.0731829
0.079775
0.0786854
0.0728784
0.0826619
0.0846506
0.0816074
0.0810885
0.0758499
0.0709889
0.0760746
0.0714563
0.0738619
0.0753281
0.0811418
0.0845974
0.0788436
0.0768532
0.0761802
0.0825086
0.0798967
0.0761301
0.0791517
0.0715838
0.0715947
0.0707356
0.0788411
0.0732392
0.0886287
0.0772664
0.0775445
0.0875327
0.0830398
0.0861677
0.0862701
0.0856517
0.0875327
0.0922856
0.0807773
0.0770827
0.08361
0.077755
0.091819
0.0914531
0.0756632
0.0855955
0.0792784
0.0779158
0.0692993
0.0773888
0.0758189
0.0702871
0.0697186
0.0709249
0.0714392
0.0716324
0.0698048
0.0619474
0.0619474
0.0725021
0.0655967
0.0641711
0.0557277
0.0626363
0.0631924
0.0631924
0.0664643
0.0664643
0.0682264
0.0705195
0.0716307
0.0808983
0.0808983
0.0747474
0.0693608
0.0673618
0.0575703
0.062281
0.0613647
0.0608098
0.0611648
0.0619262
0.0668659
0.0668659
0.0605671
0.063058
0.0671766
0.0604552
0.0604552
0.0563804
0.0527295
0.0624808
0.06386
0.0516408
0.0516408
0.0578952
0.0527295
0.0507087
0.0431412
0.0525009
0.0612984
0.0552497
0.0510935
0.0590833
0.0461667
0.0617031
0.0512892
0.0524596
0.0603872
0.0594794
0.0637962
0.0533839
0.0507797
0.0599204
0.0522222
0.0571882
0.0505935
0.0516408
0.050707
0.0456219
0.0492698
0.0504041
0.0495447
0.0518708
0.050438
0.049036
0.0557583
0.0548972
0.0494253
0.0470968
0.0593239
0.0492305
0.0594101
0.0539328
0.0516752
0.0584315
0.0547417
0.0547417
0.0554776
0.0638409
0.0606107
0.0653324
0.0637516
0.0568772
0.0644002
0.0658431
0.0575703
0.0618825
0.0538187
0.0577677
0.0660704
0.0552082
0.0612611
0.0510935
0.0655576
0.0551777
0.0532693
0.0567767
0.0615284
0.0510536
0.0493077
0.0512892
0.0440315
0.0728222
0.0612611
0.0666462
0.0771099
0.0719278
0.0680497
0.0713668
0.0714139
0.0693387
0.0680709
0.0693387
0.0718557
0.0700303
0.0701397
0.0770522
0.0710715
0.0756909
0.0756909
0.0690279
0.0736599
0.0736599
0.0770033
0.080764
0.0751278
0.0688725
0.0637302
0.0795584
0.0761572
0.0866617
0.0732069
0.0885812
0.0885812
0.086594
0.086594
0.0875327
0.0875327
0.0901444
0.0910333
0.0943741
0.105851
0.110474
0.110474
0.111788
0.108463
0.110365
0.110603
0.118517
0.121153
0.142402
0.14046
0.147694
0.133233
0.115911
0.134824
0.15895
0.170972
0.163087
0.171352
0.156575
0.166833
0.17404
0.1829
0.178838
0.182508
0.175147
0.162102
0.169755
0.196745
0.191378
0.22386
0.203848
0.19495
0.200555
0.207918
0.218165
0.225176
0.220452
0.220585
0.203257
0.198294
0.213818
0.223917
0.258501
0.237017
0.249425
0.243355
0.234763
0.252299
0.268437
0.262609
0.253162
0.231645
0.233277
0.227254
0.255953
0.275643
0.284207
0.270321
0.28806
0.280831
0.290546
0.282981
0.282981
0.295494
0.272733
0.256461
0.246527
0.270674
0.287814
0.315102
0.289876
0.289876
0.286088
0.280558
0.303671
0.302507
0.324685
0.299981
0.322225
0.289783
0.2786
0.28963
0.28963
0.309765
0.342188
0.347319
0.325272
0.337842
0.348865
0.348865
0.344205
0.339947
0.339947
0.32858
0.328886
0.345241
0.345241
0.337274
0.348054
0.344205
0.334186
0.341936
0.341067
0.340253
0.326625
0.327628
0.312542
0.318782
0.321294
0.328668
0.320652
0.33209
0.332492
0.325037
0.316963
0.33352
0.328108
0.320092
0.318655
0.313831
0.309131
0.318222
0.32667
0.316828
0.321045
0.31045
0.303017
0.306315
0.31779
0.30215
0.30215
0.28907
0.281985
0.281985
0.293695
0.284663
0.261455
0.258062
0.251169
0.26195
0.270736
0.272426
0.264999
0.245541
0.26824
0.260443
0.270005
0.270005
0.286884
0.28543
0.28543
0.281985
0.267601
0.25751
0.265263
0.25898
0.251493
0.237951
0.219967
0.230648
0.217615
0.217949
0.2087
0.195377
0.190121
0.195809
0.206922
0.201674
0.205425
0.202552
0.191101
0.180649
0.163641
0.171742
0.175326
0.172024
0.157238
0.14785
0.170545
0.158298
0.181486
0.176811
0.180505
0.162644
0.152869
0.136514
0.151707
0.140653
0.151726
0.127638
0.143368
0.118726
0.133403
0.12948
0.139573
0.137898
0.137331
0.118824
0.125668
0.114614
0.110711
0.107233
0.0953416
0.0938789
0.0830462
0.104099
0.0948233
0.0856458
0.0761444
0.0917557
0.084511
0.0885739
0.0844574
0.0955604
0.0915399
0.0913849
0.0798758
0.0814546
0.0757476
0.0924851
0.0870586
0.0766425
0.0793128
0.0862341
0.0827866
0.0776438
0.0800876
0.0766907
0.0852837
0.0828876
0.0865936
0.0921184
0.0919142
0.0888351
0.0794774
0.0891599
0.0906061
0.0942578
0.0869036
0.0961933
0.0844574
0.0854571
0.077548
0.0771788
0.0800876
0.0797777
0.0792643
0.0838413
0.0840463
0.0992747
0.0991621
0.0899865
0.088265
0.0789807
0.0981654
0.0863351
0.0878513
0.0745085
0.0807505
0.0869036
0.0807565
0.0817013
0.0817013
0.0875929
0.090039
0.090039
0.0867486
0.0867687
0.0842492
0.0822716
0.0842492
0.0806454
0.0806454
0.0801859
0.0862836
0.0862836
0.0878011
0.0932267
0.0861285
0.0903526
0.086459
0.0923836
0.0923836
0.0923836
0.0890058
0.0817512
0.0817512
0.0836821
0.0770491
0.085353
0.0824727
0.0824727
0.0828623
0.0828623
0.0768094
0.0809329
0.0860447
0.081391
0.0811304
0.0854042
0.0854042
0.0926063
0.0837327
0.087748
0.0848407
0.0894865
0.0896263
0.0944806
0.0943256
0.0831665
0.0892134
0.09109
0.0883337
0.0906749
0.0899513
0.0957874
0.096872
0.0894352
0.0938565
0.0982874
0.0877671
0.0918275
0.0918275
0.0967171
0.0962523
0.098743
0.0858943
0.0920851
0.101563
0.0993677
0.0989041
0.0975518
0.103177
0.105044
0.0965172
0.0979726
0.0970342
0.0920517
0.098595
0.100927
0.0988568
0.104988
0.111277
0.102499
0.105982
0.110589
0.10898
0.112318
0.103996
0.107371
0.112366
0.106445
0.113878
0.102707
0.111315
0.127491
0.129002
0.137267
0.144065
0.141963
0.151905
0.157977
0.168969
0.162071
0.163819
0.161705
0.172548
0.185139
0.192339
0.192339
0.201239
0.21667
0.227874
0.248039
0.246216
0.245674
0.256044
0.258324
0.263534
0.272401
0.297764
0.302434
0.303874
0.311087
0.32692
0.338551
0.353839
0.356115
0.344421
0.344421
0.353617
0.374069
0.367581
0.366859
0.365338
0.370021
0.368484
0.38188
0.379049
0.39514
0.409562
0.413211
0.419282
0.419456
0.426727
0.425516
0.43128
0.432639
0.430975
0.444935
0.437043
0.455577
0.461915
0.469837
0.477407
0.481167
0.488082
0.500854
0.511847
0.507692
0.511302
0.517716
0.527872
0.530972
0.531684
0.531525
0.543735
0.542434
0.543499
0.54675
0.533734
0.538389
0.53555
0.537973
0.544107
0.544107
0.56835
0.578742
0.580892
0.59837
0.610199
0.626483
0.626483
0.624809
0.63273
0.631701
0.629643
0.638693
0.648087
0.633612
0.632581
0.645312
0.655191
0.668014
0.668014
0.667169
0.677864
0.691838
0.682244
0.688833
0.695923
0.689564
0.673951
0.677525
0.675625
0.688448
0.696757
0.700059
0.716722
0.726307
0.73883
0.739032
0.741591
0.755574
0.773693
0.765158
0.756393
0.777532
0.796017
0.808243
0.803654
0.809679
0.822
0.838243
0.836523
0.825893
0.818169
0.818443
0.814863
0.813141
0.808119
0.812719
0.805526
0.822366
0.82036
0.814606
0.820376
0.832047
0.832923
0.828594
0.831927
0.818239
0.821993
0.83093
0.835408
0.833508
0.841913
0.848126
0.84985
0.863494
0.868425
0.850142
0.845108
0.83919
0.852499
0.854917
0.856102
0.845698
0.888327
0.988899
0.992804
0.996209
0.893584
0.688084
0.476314
0.281384
0.17121
0.182252
0.149329
0.107739
0.0784456
0.0494338
0.0403747
0.0239809
-0.00205267
0.0161254
0.0124354
0.0112799
0.0136134
0.00998027
0.00778111
0.00939457
0.0132043
0.0136385
0.00449144
0.00864112
0.00859195
0.0129514
0.00530061
0.0122074
0.00746822
0.00746822
0.0133871
0.0067138
0.00498776
0.00498776
0.00538364
0.0151548
0.00112776
0.00519922
0.000291697
0.0112211
0.00496062
-0.000360715
0.0055123
0.00136157
0.00519922
0.00399775
-0.000359355
0.00805322
0.00626665
0.00125781
0.00768185
0.00771073
0.00771073
0.0070993
0.0118093
-0.00260385
0.00488606
0.00488606
-0.00503155
0.0028486
0.00559673
-0.000621273
-0.00667733
0.00647376
0.00457284
-0.00647244
0.00365761
0.00514419
0.00141443
0.000892075
0.000892075
0.00681431
0.00389628
0.0037121
0.000604001
-0.00330282
-0.000490336
0.00373963
0.00180881
0.00836656
0.00214375
0.00538364
0.00538364
0.00102259
0.0037121
-0.0028417
0.00438895
-0.00192736
0.0033717
-0.000908737
0.00316802
-0.00119638
-0.000987787
-0.000413155
0.00498776
0.00588169
0.00159783
-0.00122192
0.00470206
0.00193826
-0.000256565
0.00107478
0.00301115
0.00144116
0.00916817
0.00358297
0.0033717
-0.00255368
-0.0027103
0.000527614
0.00347429
0.000684024
0.00157104
0.00554025
-0.00135303
0.00504265
-0.00278505
0.0068704
-0.00315516
-0.00237163
-0.00485059
-0.000674219
-0.00665336
0.00183093
0.0033989
-0.00056976
-0.00184849
0.00237916
-0.0027103
-0.0027103
-0.00529624
-0.00239708
0.00039671
-0.00430183
0.000291697
-0.000830995
0.000448347
0.000448347
0.000500772
0.00110117
-0.00406756
-0.001717
-0.00534476
0.000448347
-0.000387034
-0.0018985
-0.00524693
-0.00670109
-0.00670109
-0.000830995
-0.0107099
-0.00153517
0.0031129
0.00456801
-0.00320517
0.00290199
0.0033717
0.0033717
-0.00720804
0.00475706
-0.00315516
-0.00315516
0.00107908
-0.00500724
-0.00563402
0.00525502
-0.000961548
0.000109419
0.000578995
-0.000908737
-0.000726382
-0.00137854
-0.00171917
-0.00500724
0.00131132
0.00428695
-0.00453733
0.00191113
-0.00268499
0.00504265
-0.00458615
0.00107478
-0.000726382
0.00504265
0.000240199
0.00141443
-0.00137854
-0.00665336
-0.00667733
-0.00480126
-0.00106532
-0.000150621
-0.00106532
-0.000387034
0.00535577
0.00305858
-0.0030236
0.00138791
0.000866148
0.00157104
0.00442232
-0.000177403
-0.00469395
-0.000203988
-0.00482602
-0.00417425
-0.00106532
-0.0022941
0.00805322
0.00078785
0.00131132
-0.00169182
0.00358297
-0.00221497
-0.00221497
-0.00242233
-0.00156251
-0.00156251
-0.00451262
-0.00369957
0.00326961
-0.000726382
-0.00732747
-0.00232014
-0.00516391
-0.00177081
-0.00056976
-0.00320517
-0.000804686
0.0040529
0.00361064
0.00165201
-0.00469395
-0.00291683
0.00178155
-0.00221497
0.000761598
0.000918199
-0.00156251
-0.00453733
0.00144116
-0.00406092
-0.0061344
-0.0063157
0.00157104
0.00541171
-0.00665336
-0.0025283
0.00225164
-0.00586203
-0.00268499
-0.000674219
0.00350116
0.00643816
-0.00088302
-0.00863714
-0.00688116
-0.0022941
-0.0028417
-0.00845689
0.00175449
-0.000674219
0.00329714
-0.0014841
-0.00351842
-0.00237163
-0.00446262
0.00559673
-0.00513949
-0.00286694
0.00324228
-0.000491012
-0.00464448
-0.000360715
-0.00482602
-0.00901943
-0.00095958
0.0018842
-0.0107773
0.000578995
-0.00644802
-0.00482602
-0.0053925
-0.00203254
-0.00234598
0.00039706
-0.00234598
0.00131132
-0.0074841
-0.0109114
-0.00821391
-0.00399223
0.00248332
-0.00357282
-0.00357282
0.00318821
-0.00586203
-0.00487496
0.00125781
-0.00229093
0.00102259
-0.00714729
-0.00333949
-0.000491012
-0.00681007
0.00125781
-0.0128256
0.00321515
-0.00135315
-0.00281626
-0.00401754
0.00457904
-7.37327e-05
0.00029289
-0.00281626
-0.00469395
-0.00879384
0.00159783
-0.00414901
-0.00435009
-0.00696679
-0.00464448
0.000761598
-0.000830995
0.000866148
-0.00414901
-0.00088302
-0.00823701
-0.00286694
0.0020142
0.00141443
-0.00109077
0.00206776
-0.00338643
-0.0035475
-0.00409228
-0.00899667
0.00389628
-0.00649667
-0.00396673
0.00355551
0.00175449
-0.00286694
-0.00933251
-0.00286694
3.04338e-05
-0.00854993
-0.00453733
-0.0079867
-0.00386084
-0.0065207
-0.00600226
0.00476428
0.00193826
-0.00858997
-0.00665336
-0.00832377
-0.00647244
-0.00132732
-0.000700399
-0.00331192
-0.00861365
0.000161007
-0.0035751
-0.00127532
-0.00534476
-0.00487496
-0.0074841
-0.00503155
-0.00403695
-0.000908737
-0.00732747
-0.00908403
-0.0081108
-0.00297306
-0.00714729
-0.00451262
-0.000413155
-0.00683396
-0.00712353
-0.000256565
-0.00714729
-0.00336179
-0.00234598
-0.00882726
-0.00732747
-0.00791423
-0.00119634
-0.00119634
0.00472946
-0.0066292
-0.00826751
-0.00511486
-0.00908403
-0.00576661
-0.00933251
-0.00908403
-0.00403695
-0.00336179
-0.00498275
0.000814299
-0.00433098
-0.000517459
-0.00213724
-0.00464448
0.00308564
-0.00349366
-0.00103967
0.00721204
-0.00660484
-0.00331192
-0.000491012
0.000814299
-0.000203988
-0.00158915
-0.00717085
-0.00401278
-0.00401278
-0.00268499
-0.0025283
-0.00583847
-0.00492311
-0.0072564
-0.0028417
-0.0028417
-0.00380711
-0.0035751
-0.000491012
-0.00182355
0.0016794
-0.000908737
0.00376737
0.0037121
-0.00667733
-0.00352199
-0.0107773
-0.00320517
-0.00346869
-0.00341087
-0.00634
0.00128447
0.00319587
-0.00088302
-0.00516391
-0.00205833
-0.00205833
0.00204076
-0.00482602
0.00519922
-0.00428044
-0.00386084
-0.00150993
-0.00647244
-0.00737385
-0.000700399
-0.0018498
-0.0063641
0.00358297
-0.00367507
-0.00406756
-0.00386084
-0.0003342
-0.00709958
-0.00443732
0.000971039
0.000971039
-0.00164088
-0.00892722
0.00138791
-0.00469395
-0.0044053
-0.00618334
-0.00182355
-0.00226581
-0.00485059
-0.00383547
-0.00868352
-0.00696679
5.65651e-05
-0.000777757
0.00413711
0.00348169
-0.00453733
0.00162483
-0.00561398
-0.00625526
-0.00582086
-0.00213724
0.00170096
-0.000464806
0.000266098
-7.37327e-05
-0.0083472
-0.01033
-0.00435595
-0.00250273
-4.72762e-05
-0.000413155
-0.00417425
-0.00203254
-0.00785384
-0.0052831
-0.00406756
-0.00456184
-0.0065207
-0.00433098
-0.000674219
-0.000439079
-0.00234598
-0.0025283
-0.00469395
-0.00375446
-0.00712353
-0.00359794
-0.0072564
-0.00634
0.00193826
-0.00213724
-0.00242233
0.00125781
-0.00453733
-0.00260385
-0.00221497
-0.00232014
-0.00323422
0.000845217
-0.000961548
-0.00814342
-0.00312986
-0.000203988
0.00186392
-0.00419929
-0.000177403
-0.00489913
-0.00482602
-0.00642339
-0.000230375
-0.00762494
-0.00762494
0.00246357
-0.00205833
-0.0022941
-0.00200656
-0.00435595
-0.00699062
-0.006388
-0.00915328
-0.00216334
-0.00615897
-0.00268499
-0.000674219
-0.00897372
-0.0025283
-0.0053206
0.00183627
-0.00480126
-0.00485059
-0.00952414
-0.00579076
0.000266098
0.000761598
-0.000360715
-0.00380989
-0.00153632
0.00110117
-0.000307487
-0.00150993
-0.00644802
-0.00699062
-0.00195401
0.00277232
0.00562526
-0.0107085
-0.00391513
-0.00443732
0.00191113
-0.00263378
-0.0013796
-0.00466931
-0.00744357
-0.00676169
-0.00216334
-0.00396673
-0.00624162
0.000633464
-0.00362724
-0.00744357
-0.000567526
-0.00122192
8.28935e-05
-0.00232014
0.000190179
0.00191113
-0.00299842
-0.00299842
-0.00505565
-0.00198039
0.0034539
-0.000908737
-0.00150993
-0.00602669
-0.00448772
-0.00634
-0.00485059
-0.0079867
-0.00171917
0.00373963
-0.00582086
0.00128447
0.000266098
-0.00398842
-0.00153517
-0.00472578
-0.00435595
-0.00644802
-0.000804686
-0.00349366
-0.0102843
-0.00944378
0.00104859
-0.000126054
-0.00318027
-0.00683396
0.00266994
-0.00566411
-0.00401754
-0.00419929
-0.000595615
-0.000360715
-0.00587007
0.00230677
-0.00318027
-0.000439079
3.04338e-05
-0.00401754
-0.00597762
-0.000150621
0.00175449
-0.00234598
-0.0061344
-0.000987787
-0.00117057
-0.00811953
-0.00103967
-0.00177047
-0.00378412
0.0033989
-0.00224049
-0.00265949
-0.00396673
-0.00685766
-0.0104411
-0.00250273
-0.00161512
-0.00276033
-0.00425488
-0.00660484
-0.00372941
-0.00694277
-0.00647244
-0.000830995
-0.00304857
-0.0063641
-0.0063641
-0.00509003
-0.00587007
-0.0107546
-0.0107546
-0.00665336
-0.00881706
-0.010081
-0.000987787
-0.000987787
-0.00294749
-0.000700399
-0.00459422
0.0014952
-0.00232014
0.000135031
-0.00346869
-0.00813374
0.00157104
-0.00279063
-0.0053206
-0.00699062
0.00162483
-0.00383174
-0.0047763
-0.00583847
-0.00696679
0.00146808
0.00112776
-0.00459422
-0.00459422
-0.00260788
-0.00660484
-0.0062912
-0.0055014
-0.00600226
0.00602604
0.00078785
-2.06225e-05
-0.00451262
-0.00221497
-0.00861365
-0.000726382
-0.00793859
-0.00654454
-0.00412063
0.000657544
-0.00315516
-0.0079867
-0.0022941
-0.00994759
-0.00380989
-0.00380989
-0.00297306
-0.00430581
-0.000230375
-0.00399223
0.00146808
0.00146808
0.000840946
-0.00665336
-0.0065207
-0.00297354
-0.00304857
0.00324228
0.00373963
-0.00164088
0.00125781
-0.00877043
-0.00286694
-0.00265949
-0.0011446
-0.00150993
-0.0053206
-0.00660484
-0.00513949
-0.0027103
-0.00260385
-0.00487496
-0.00268499
-0.0106433
-0.0116053
-0.00899667
-0.00388602
-4.72762e-05
-0.00349366
0.00248591
-0.00863714
0.000657544
-0.00372388
-0.00255368
-0.00255368
0.00131132
-0.00448772
-0.00485059
-0.00634
-0.00088302
-0.00200517
-0.00103967
-0.00315516
-0.00505565
-0.00676169
-0.0063157
0.00264269
-0.00498275
-0.00691855
0.00245893
-0.00699062
-0.0109565
-0.00281626
-0.00480126
-0.00529624
0.00271866
-0.00153632
-0.00895057
-0.00480126
-0.00518815
-0.00203254
-0.00456184
-0.0059714
-0.00351842
-0.00169305
-0.000700399
-0.000517459
-0.00600226
-2.06225e-05
0.00102467
-0.00234598
-0.000857106
-0.00892722
-0.0067372
-0.00205833
-0.00263378
0.000631164
-0.00286694
0.00258878
-0.00315516
-0.00318027
-0.00594751
-0.00813374
-0.000517459
0.00110117
-0.00527168
-0.00848045
-0.00216334
-0.00234598
0.00078785
0.00125781
-0.0027103
-0.00498275
-0.00890367
-0.00621653
-0.00184849
-0.00304857
-0.0063157
0.00444367
-0.00383547
-2.06225e-05
0.000684121
0.00131132
0.00162483
-0.00845689
-0.00472578
-0.00534476
-0.00678598
4.25597e-06
-0.00639857
-0.000360715
-0.00459422
-0.00459422
-0.00743706
-0.000439079
-0.00232014
-0.00881706
0.000265849
0.00475706
-0.00349366
-0.00414512
-0.00845689
-0.00281626
-0.00915328
-0.0109788
-0.00764075
0.00133837
-0.00213724
-0.00184849
-0.00545301
0.00112776
-0.00203254
8.28935e-05
-0.0105091
-0.00386084
-0.00495805
-0.00579076
0.000814299
-0.00529624
-0.00649667
-0.0025283
0.00052728
0.000553986
-0.00699062
-0.00299842
-0.00132732
-0.00143223
-0.00485059
-0.00331192
-0.00169182
-0.00166645
-0.00166645
-0.00511486
-0.00466931
0.000997754
-0.00130142
0.000135031
-0.00730398
-0.00895057
-0.0053206
0.000971039
-0.000857106
-0.00603417
-0.00396673
-0.0123126
-0.0117179
-0.00623148
-0.00451262
-0.00451262
0.00183627
-0.00600226
-0.00221497
-0.00879384
-0.00289199
-0.00299842
-0.000987787
6.22835e-06
-0.00208391
0.000239503
-0.000439079
-0.00198039
-0.000203988
0.00326961
-0.00719421
-0.00244738
-0.00814342
-0.00428044
-0.00461945
-0.00899667
-0.00709958
-0.00939769
-0.00712353
-0.00312986
-0.00685766
-0.00279063
-0.00360039
0.000814299
0.0016794
-0.00498275
-0.00346869
-0.00495805
-0.00977984
-0.00169182
-0.00908403
-0.00678598
-0.00182319
-0.000700399
-0.00346869
-0.00678598
-0.00642339
-0.0066292
-0.00910731
-0.00816711
-0.00101383
-0.00529624
-0.00111603
-0.00367507
-0.00250273
-0.00310437
-0.00728029
0.000319879
-0.00495805
-0.00495805
-0.00101383
-0.00863714
-0.00597762
-0.00310437
-0.00310437
-0.0061344
-0.00495805
-0.00182319
-0.000177403
-0.00655554
-0.00354299
0.00180881
0.0033989
-0.00516391
0.00052728
-0.0118968
-0.00401754
-0.00658029
-0.00354299
0.000422761
-0.00394102
-0.00328669
0.00146808
-0.00579076
-0.0030236
-0.0141635
0.00507038
0.00494159
-0.00509003
0.000135031
-0.00430581
-0.0074841
-0.00644802
0.00152252
-0.00723232
-0.00130142
-0.00289199
-0.00156251
-0.000908737
-0.00197994
-0.000360715
-0.00563402
-0.00417425
-0.00117057
-0.000830995
-0.00720804
-0.0014841
-0.00689413
-0.00137854
-0.000413155
0.00535577
-0.00401754
-0.00448772
-0.00527168
0.00373963
-0.00513949
-0.00177199
-0.00430581
-0.00132732
-0.00863714
0.00162483
-0.0061344
-0.00451262
-0.00320517
-0.00751667
-0.00198039
-0.00647244
-0.00482602
0.00102467
-0.000464369
0.0034539
-0.00435595
-0.00830015
-0.00383174
-0.000830995
-0.00200656
-0.00475114
-0.00234598
0.00209496
0.00125781
-0.00780598
6.22835e-06
-0.000126054
0.00410884
-0.00485059
-0.00915328
-0.00304857
0.00232913
-0.000203988
-0.00482602
-0.00279063
-0.00607498
-0.00414901
0.00361064
-0.000751478
0.000319879
0.00159783
-0.00430581
0.00230677
-0.00166673
-0.000804686
-0.00503155
-0.00194773
-0.00346869
0.000135031
-0.00489913
-0.0012229
-0.00626651
-0.00597762
-0.00542852
-0.00683396
-0.00255368
-0.00179711
-0.00464448
0.000370424
-0.00297306
-0.00351842
-0.00915328
-0.00289199
-0.00714729
-0.00475114
-0.00485059
-0.000987787
-0.00344353
-0.00101383
-0.0011446
-0.00169305
-0.00681007
-0.00318027
-0.00333695
-0.00250273
0.00484104
0.00484104
-0.00577086
-0.00132732
-0.00714729
-9.9992e-05
-0.00117057
-0.00487496
-0.00056976
-0.00221497
-0.000804686
-0.00263378
0.00173476
0.00222437
0.00115455
-0.000307487
-0.000203988
-0.00701425
-0.000934257
-0.00644802
-0.0066292
-0.000387034
0.00243214
-0.0030236
-0.00475114
0.000631164
-0.00336179
-0.00216334
0.00522702
0.00162483
0.00112776
-0.00234598
0.00178155
-0.00760044
-0.000230375
-0.0061344
-0.00482602
-0.00333695
-0.00309793
-0.00297306
0.00165201
-0.00234598
-0.00480126
-0.0066292
0.00261563
0.00214995
0.000735543
-0.00164022
-0.0003342
-0.00498275
-0.00318027
0.00554025
-0.00626651
-0.00417425
-0.00620751
0.00237916
-0.00056976
-0.00270575
-0.00513949
0.000109419
0.00154444
-0.00237163
-0.0062912
-0.00489913
-0.00406756
0.000190179
-0.00534476
0.00159783
-0.00331192
-0.0061344
-0.00694277
-0.00216187
-0.000778181
-0.00386084
-0.00169182
0.0036385
-0.00438072
0.00060498
-0.00346869
0.000265849
0.00326961
-0.0028417
0.00178155
-0.00681007
-0.0047763
-0.0019017
-0.00200656
-4.72762e-05
-0.00187585
-0.00117057
5.65651e-05
-0.00634
-0.00255368
0.0022791
-0.00333949
-0.000387034
-0.00101383
3.32763e-05
-0.00563402
-0.00516391
0.00144116
0.00888403
-0.0062912
-0.00205833
-0.0028417
0.00256805
-0.000256565
-0.0066292
-0.000230375
-0.00568888
-0.00438072
-0.00205833
-0.000595615
0.000422761
-0.00845689
-0.00868352
-0.00759385
-0.00174198
-0.00451262
-0.00404265
-0.000830995
-0.00466931
0.00329714
-0.0025283
0.000319879
-0.00583847
0.00326961
-0.0011446
-0.0061344
-0.00459422
-0.000360715
-0.00527168
0.00298357
0.00191113
-0.00433098
-0.00534476
-4.72762e-05
-0.00130142
-0.00385617
0.00237916
-0.000908737
-0.0028417
-0.00297306
-0.000778181
-0.00712353
-0.00182319
-0.00513949
-0.00667733
-2.06225e-05
-0.000830995
-0.00310399
0.00180881
-0.00443732
-0.00456184
-0.00466931
-0.00518815
-0.00928708
-0.00187585
-0.0027103
-0.0063157
0.000633464
0.00162483
0.00206776
-0.000203988
-0.00226581
-0.00728029
0.00128447
0.000239503
-0.00119634
-0.00840919
0.00305858
0.0034539
-0.000987787
-0.00689413
-0.00600226
-0.000908737
0.000448347
8.36708e-05
-0.000961548
-0.000987787
0.00541171
-0.00451262
-0.00498275
-0.000961548
-0.00216334
-0.00174198
0.00159783
-0.00213724
-0.000543708
-0.00289199
-0.00349366
0.00120871
0.00714181
-0.00712353
-0.00712353
0.00395208
0.00094452
-0.00412358
-0.00383174
-0.000674219
-0.00336179
-0.000464369
-0.00106532
-0.0027103
-0.00676169
-0.00511486
-0.0074841
0.00742635
-0.0118053
-0.0066292
-0.00132732
-0.00482602
-0.00448772
-0.000700399
-0.0114487
-0.00775065
-0.000987787
-0.00681007
-0.00503155
-0.00216334
-0.00732747
-0.00101383
-0.0011446
-0.00294749
-0.000387034
-0.0066292
-0.000961548
0.00078785
-0.00281626
-0.00117057
-0.00279063
-0.000700399
-0.00020399
0.00146808
-0.000647841
-0.000830995
-0.00145826
-0.000857106
-0.00493316
0.00094452
-0.000387034
-0.00417425
-0.000987787
-0.00218925
-0.00232014
-0.00626106
-0.00356737
-0.00322988
0.0034539
-0.000256565
-0.0079541
-0.000908737
-0.0028417
0.00505503
-0.00446262
-0.00475114
-0.00500724
-0.0053206
0.000500772
-0.00743706
0.000291697
-0.00101383
-0.00545301
-0.00446262
-0.00268499
-0.000543708
-0.00461945
0.00721204
0.00206776
-0.00830015
-0.00122192
-0.00383547
0.00395208
-9.64661e-05
0.00319587
-0.0102843
-0.00448772
0.00285428
-0.0055253
0.0033717
-0.000647841
0.00277232
-0.00367872
0.00162483
-0.0105091
0.0022791
-0.000517459
-0.00696679
0.00193826
0.00295618
-0.00461945
-0.00250273
-0.00424878
-0.00438072
-0.00268499
-0.00498275
-0.00755318
0.00515478
0.00110117
0.000817626
-0.00701425
0.00282676
-0.00685766
-0.00681007
-0.00127532
-0.00351842
-0.00255549
0.00376737
-0.00626651
-0.00660484
-0.0047763
-0.00417425
-0.00466931
-0.00694277
-0.00250273
-0.00899667
-0.00247695
0.00144116
-0.00250273
0.00279944
-0.0110682
-0.00315516
-0.0044053
0.00562526
-0.00717085
-0.000543708
-0.000543708
-0.00498275
-0.00482602
0.00239094
-0.00221497
-0.0063157
-0.00433098
-0.00234598
0.000892075
-0.00793859
0.00423745
0.00212236
-0.000177403
0.00512645
0.00261563
-0.00315516
-0.00218925
0.00541171
-0.0167055
-0.00482602
-0.00237163
-0.00294749
-0.00247695
-0.0054773
-0.00310437
-0.0104639
0.00165201
-0.00516391
-0.00399223
-0.00182355
-0.00453733
0.00410884
0.00298357
0.00494159
0.00261563
-0.00156251
0.00321515
0.0034263
-0.000387034
0.00279944
-0.0107085
-0.00299842
-0.00268499
0.00107478
-0.000413155
-0.00257886
-0.00506501
-0.0063157
-0.00242482
-0.00618334
0.00227549
-0.00320517
0.00402523
-0.00534476
0.000136142
-0.0025283
-0.00166673
0.00386867
0.00386867
-0.00208391
-0.00208391
0.00622354
-0.00333695
-0.00495805
-0.00336527
6.22835e-06
-0.000961548
-0.00294749
-0.00417425
-0.00182319
-0.00498275
0.00745548
-0.000804686
-0.00701425
-0.00760044
-0.00946653
0.00183627
-0.00137854
-0.00913039
-0.00122192
-4.72762e-05
-0.00503155
-0.0065207
-0.00446262
-0.00171917
-0.000517459
-0.00500724
-0.00318027
-0.0047763
0.00329714
-0.00380711
-0.00273542
0.000892075
-0.00268499
-0.00858997
0.00154444
0.00159783
0.000631164
0.00128447
0.00583986
-0.00333695
-0.000203988
-0.00166645
0.00199312
0.00162483
-0.00369957
-0.00709958
0.00457284
0.00018718
-0.000857106
-0.0062912
-0.00660484
0.00298357
-0.00117057
0.00112776
-0.0061281
-0.00292173
-0.000123642
-0.00346869
-0.0078205
-0.001406
-0.00135303
0.00115455
-0.00649667
0.000500772
-0.00928708
-0.00177199
-0.00333695
-0.00874681
0.000448347
-0.00095958
-0.00117057
0.00042243
-0.00218684
-0.00443732
-0.00516391
-0.00362548
-0.00331192
-0.0011446
-0.00910731
-0.00509003
-0.00480126
-0.00401754
-0.00122192
-0.00728029
-0.00281626
-0.00498275
0.000265849
0.00295618
-0.00304857
0.00326961
0.000553986
-0.00545301
0.000343984
-0.00565805
-0.00349366
0.00431454
-0.00451262
0.000814299
-0.00678598
-0.00255368
-0.00297354
-0.00495805
-0.00263378
0.00110117
0.00298357
0.00711281
0.00170096
0.00183627
-0.00117057
-0.00817905
-0.00712353
-0.00406092
-0.00474263
-0.0003342
0.000971039
0.000735543
-0.00242233
-0.00242233
0.00382343
-0.000203988
-0.000230375
-0.0030236
0.00175449
-0.00318027
0.00314036
0.00316802
-0.00205833
-0.00430581
-0.00472578
-0.00150973
0.000214745
-0.00443732
-0.000464806
-0.00088302
0.00141443
-0.00232014
0.00431454
-0.00717085
-0.0018498
-0.000726382
-0.00218925
-0.00365308
0.0014952
-4.72762e-05
-0.00255368
0.0040529
-0.00203254
-0.000360715
-0.0065207
0.000971039
-0.000464806
-0.00719421
-0.00582086
0.00243214
-0.00563402
-0.00647244
0.000657544
-0.00615172
-0.00109077
-0.0011446
-0.00198039
-0.00451262
-0.00500724
-0.00218925
-0.0039391
-0.000830995
-0.000830995
-0.00712353
0.00256805
0.000892075
-0.00892722
-0.00137854
-0.00354299
0.000814299
-0.000517459
-0.000674219
0.00146808
0.000291697
0.00271866
0.00191113
0.00178155
-0.00255368
-0.00255368
-0.00665336
0.00078785
0.000500772
-0.00166645
-0.00166645
0.00332486
-0.00678598
0.00512645
-0.00678598
-0.0056098
0.00478486
-0.00730398
-0.00117057
0.0037953
0.0034539
-0.0030236
-0.00691855
-0.00331351
-0.00571346
0.00254047
-0.00464448
0.00491373
-0.0014841
-4.72762e-05
-0.00926406
-2.06225e-05
-0.000594495
-0.00250015
0.00248591
0.00235624
-0.00472578
-0.00333695
0.00196214
0.00285428
0.00018718
0.00018718
-0.0059714
0.00245893
0.000761598
-0.00877043
-0.000491012
-0.00224271
-0.000464369
0.00306692
0.00136562
0.00102467
0.00768185
-0.00707543
0.00386867
-0.00331192
-0.00312986
0.000761598
-0.00208391
0.000761598
-0.00161351
-0.00150973
-0.0030236
-0.0022941
0.00606686
0.00758309
-0.00485059
0.00373963
-0.00153517
-0.000387034
-0.00944378
-0.00558131
-0.00667733
0.0036385
-0.00166673
-0.00605093
-0.00386084
-0.00881706
-0.00255368
-0.00419929
-0.00198039
-0.001717
0.00029289
-0.00195281
5.65651e-05
-0.00187585
-0.0025283
0.00193826
0.00238096
0.000422761
-0.00140586
-0.00140586
0.000631164
-0.000203988
0.00826907
6.22835e-06
-0.000752168
-0.00751667
-0.00587007
-0.0030236
-0.0028417
-0.00255368
-0.000726382
0.0033989
-0.000726382
-0.0054773
-0.00247695
0.00243214
-0.00281626
-0.00665336
-0.00513949
0.00279944
-0.000647841
-0.00793089
0.000657544
-0.00709958
-0.00135303
-0.00482602
-0.000857106
0.00128447
-0.00495805
3.04338e-05
0.00136562
0.00152252
0.00534022
0.00277232
0.000265849
-0.00910731
-0.00119634
0.0022791
-0.00380989
-0.00430581
-0.00926406
-0.00816711
0.00159783
-0.00676169
-0.0027103
-0.00424878
-0.00419929
-0.00489913
-0.00565805
-0.00135303
-0.000804686
0.00193576
-0.00346869
-0.00396386
-0.00171917
-0.00103967
0.00078785
0.00232913
-0.00279063
-0.00416941
0.00507038
0.00107478
0.00152252
-0.00617514
0.00578206
-0.000830995
-0.00369957
0.00159783
0.00165201
-0.0039391
0.00274539
