-0.00743106
-0.00831071
-0.0173917
-0.00907869
-0.00783152
-0.0121773
-0.00964442
-0.0155285
-0.00848159
-0.0127231
-0.0111537
-0.0102314
-0.0100463
-0.0120738
-0.0168991
-0.0130149
-0.00826775
-0.0136651
-0.010614
-0.0128194
-0.0128194
-0.0103272
-0.00868011
-0.010926
-0.013056
-0.0076042
-0.011991
-0.0107404
-0.0107404
-0.0133654
-0.0153406
-0.0153406
-0.00801581
-0.0110185
-0.0105548
-0.0139739
-0.00941682
-0.00932036
-0.0159373
-0.015596
-0.0119202
-0.0122187
-0.0122187
-0.00842755
-0.0141952
-0.00943606
-0.00943606
-0.0135931
-0.0136987
-0.0117342
-0.0170494
-0.0135853
-0.010258
-0.00765863
-0.00991412
-0.00815698
-0.0079727
-0.0079727
-0.0105127
-0.0102851
-0.0115354
-0.0130969
-0.0113493
-0.0102314
-0.0156853
-0.00908841
-0.00922101
-0.00922101
-0.00987201
-0.0137395
-0.0111215
-0.00853829
-0.00941682
-0.00756106
-0.0111631
-0.0108418
-0.00909261
-0.00909261
-0.0106983
-0.0103861
-0.00944858
-0.0149117
-0.00940594
-0.00940594
-0.00663818
-0.014423
-0.00770199
-0.0111537
-0.0111537
-0.0116091
-0.00981858
-0.00530259
-0.00530259
-0.0117713
-0.0113076
-0.0112974
-0.0144696
-0.0105127
-0.0120645
-0.0122268
-0.00835357
-0.0086915
-0.010884
-0.0126002
-0.0103272
-0.0103272
-0.0125662
-0.0125662
-0.0102007
-0.0147241
-0.00717274
-0.0133247
-0.00720349
-0.0110798
-0.0128691
-0.0128691
-0.0112047
-0.0125291
-0.0102429
-0.0117531
-0.0128281
-0.0128281
-0.0120324
-0.0114736
-0.011999
-0.011577
-0.0104284
-0.0106983
-0.0124465
-0.0120401
-0.0132838
-0.0136578
-0.00885125
-0.0132838
-0.0111117
-0.0113395
-0.010957
-0.0128194
-0.0128194
-0.012115
-0.012115
-0.0141137
-0.0100463
-0.0100463
-0.0146573
-0.00820013
-0.0130472
-0.00986119
-0.011991
-0.0125915
-0.0131298
-0.0116509
-0.0102314
-0.0100888
-0.00792949
-0.0103164
-0.014423
-0.0124465
-0.0124465
-0.0106983
-0.0132499
-0.0115435
-0.0115435
-0.0122187
-0.016212
-0.0122187
-0.0131377
-0.013056
-0.00743106
-0.0121357
-0.0114736
-0.0115354
-0.0126743
-0.011991
-0.0105127
-0.011991
-0.00802698
-0.0114233
-0.0117216
-0.00669492
-0.0126743
-0.014845
-0.00934986
-0.00964442
-0.00971863
-0.00679197
-0.0143892
-0.010968
-0.0147701
-0.0140318
-0.0125499
-0.0105127
-0.0105127
-0.010968
-0.0116509
-0.0116509
-0.0103861
-0.0121357
-0.010926
-0.00875325
-0.00972866
-0.0100996
-0.0100996
-0.0116926
-0.0126743
-0.0126743
-0.010926
-0.00973307
-0.00973307
-0.0115672
-0.010884
-0.0100575
-0.0100575
-0.010926
-0.0123636
-0.0123636
-0.0111537
-0.0125499
-0.0125499
-0.0164051
-0.0164051
-0.0103588
-0.0147645
-0.00770199
-0.0141545
-0.0107404
-0.0130969
-0.011452
-0.011452
-0.0105127
-0.0106562
-0.0132429
-0.0120645
-0.0134203
-0.0103164
-0.0142017
-0.0132838
-0.0149521
-0.0149521
-0.0145769
-0.0135117
-0.0104383
-0.0129738
-0.0133887
-0.00738754
-0.00944858
-0.00907869
-0.00907869
-0.00807041
-0.00886485
-0.00886485
-0.00997289
-0.0140728
-0.0118785
-0.011577
-0.0129432
-0.0125179
-0.0169747
-0.00993046
-0.0123312
-0.00568431
-0.010926
-0.0101583
-0.0122601
-0.014121
-0.0101887
-0.0088944
-0.0088944
-0.0102007
-0.0133247
-0.00842755
-0.00758479
-0.0084524
-0.0084524
-0.0128281
-0.0135524
-0.0104706
-0.00941923
-0.0133558
-0.0144295
-0.0102429
-0.0150994
-0.0145769
-0.0114937
-0.00928955
-0.014878
-0.0108102
-0.00895067
-0.0136578
-0.00872303
-0.00872303
-0.0123636
-0.0132499
-0.0132499
-0.0125591
-0.0143085
-0.00978751
-0.0146219
-0.0140728
-0.00683549
-0.00683549
-0.008861
-0.0110517
-0.0157497
-0.00792949
-0.00792949
-0.014268
-0.0102739
-0.00788619
-0.0113814
-0.0113814
-0.0102429
-0.0126002
-0.0139739
-0.0113908
-0.0148048
-0.0106443
-0.0117531
-0.00872303
-0.00872303
-0.00977587
-0.0101736
-0.00829803
-0.0139266
-0.010884
-0.0100996
-0.00580178
-0.0123947
-0.0100036
-0.0143824
-0.0157951
-0.01404
-0.0113158
-0.00872303
-0.0126413
-0.0112
-0.00960215
-0.0122187
-0.00903612
-0.00903612
-0.00917831
-0.0109851
-0.0138525
-0.010884
-0.00955979
-0.00904961
-0.00923441
-0.010968
-0.00903612
-0.011452
-0.00701948
-0.0102739
-0.0134298
-0.0137395
-0.0099037
-0.0130886
-0.0093632
-0.0110415
-0.00895067
-0.0126743
-0.0127779
-0.00899193
-0.0182604
-0.00885103
-0.00885103
-0.0136167
-0.0143085
-0.0109146
-0.00946229
-0.0140728
-0.0143824
-0.0133164
-0.0159443
-0.0106016
-0.0119809
-0.0126743
-0.00856885
-0.00737268
-0.00737268
-0.00872303
-0.0118368
-0.0115131
-0.0100036
-0.0127779
-0.0131298
-0.0131298
-0.0101459
-0.0087964
-0.0128921
-0.0136483
-0.0132838
-0.014063
-0.014063
-0.0114323
-0.0149521
-0.0136578
-0.0148624
-0.0148624
-0.0156818
-0.01137
-0.0106983
-0.00882179
-0.0145365
-0.0111117
-0.0112974
-0.00723292
-0.00723292
-0.0105016
-0.0068656
-0.0135117
-0.0135117
-0.0134298
-0.0144555
-0.0138525
-0.00609518
-0.0106243
-0.0103545
-0.0103545
-0.010331
-0.0132838
-0.00840931
-0.0110696
-0.0100463
-0.0117216
-0.0117216
-0.00917831
-0.00988794
-0.0108418
-0.0138525
-0.0156364
-0.00893768
-0.0071599
-0.00550102
-0.0118242
-0.0118047
-0.00959089
-0.0149181
-0.0149181
-0.016703
-0.010744
-0.011991
-0.011991
-0.0130472
-0.0125499
-0.0133887
-0.0133887
-0.00548547
-0.00779929
-0.0155153
-0.0129227
-0.00903542
-0.00903542
-0.00815698
-0.00815698
-0.00822469
-0.011991
-0.0125591
-0.0125591
-0.00773167
-0.0118547
-0.0142599
-0.0136987
-0.00700538
-0.0114832
-0.0102314
-0.0133887
-0.0156023
-0.00886485
-0.014121
-0.014121
-0.0130058
-0.010331
-0.0101583
-0.0129952
-0.010852
-0.0123312
-0.0149521
-0.0125083
-0.00955979
-0.0121357
-0.0104284
-0.00545681
-0.00960215
-0.00960215
-0.00950525
-0.0182261
-0.010972
-0.0127155
-0.0156421
-0.0156421
-0.0178827
-0.0102314
-0.0100888
-0.0110696
-0.011991
-0.00677783
-0.00677783
-0.0124878
-0.0140728
-0.0174968
-0.0144961
-0.0144961
-0.0157905
-0.0132338
-0.0136167
-0.0136167
-0.00641076
-0.0154082
-0.0130472
-0.0139673
-0.0118368
-0.0108721
-0.00788619
-0.0144961
-0.0138931
-0.00714502
-0.0138448
-0.00932036
-0.0149117
-0.0130472
-0.012322
-0.0141137
-0.00912213
-0.0152204
-0.0152204
-0.00987201
-0.011452
-0.00684468
-0.00684468
-0.0145365
-0.0174307
-0.0111957
-0.0111957
-0.00963356
-0.00963356
-0.0117531
-0.010926
-0.0135344
-0.0143085
-0.0119078
-0.0149117
-0.0112974
-0.0102314
-0.0108418
-0.0130969
-0.00818154
-0.0111821
-0.0109427
-0.0106661
-0.0101583
-0.0131923
-0.0142599
-0.0120827
-0.0115672
-0.0149117
-0.0113987
-0.0129326
-0.0155624
-0.014268
-0.0131194
-0.0114937
-0.0125083
-0.00734391
-0.0124435
0.000880806
-0.00128936
0.00160675
-0.000858936
0.00735149
0.00365276
0.00135608
0.00436248
0.00636294
0.0212575
0.0212575
0.036206
0.0550325
0.0994081
0.16115
0.230934
0.275746
0.308769
0.319294
0.315977
0.318017
0.318521
0.304052
0.273593
0.252826
0.209348
0.188497
0.17252
0.0681375
-0.0285258
-0.152469
-0.236087
-0.319049
-0.36688
-0.350793
-0.320086
-0.251948
-0.255308
-0.239304
-0.252689
-0.244754
-0.241636
-0.234464
-0.230799
-0.244755
-0.237003
-0.233368
-0.233368
-0.237658
-0.237658
-0.229686
-0.232189
-0.232944
-0.232944
-0.234293
-0.228756
-0.228765
-0.231551
-0.227323
-0.227439
-0.223985
-0.223985
-0.225905
-0.226932
-0.22444
-0.226394
-0.223615
-0.221429
-0.2297
-0.231182
-0.226318
-0.226318
-0.231586
-0.232144
-0.232144
-0.228786
-0.228786
-0.224903
-0.227994
-0.229477
-0.229477
-0.225402
-0.222341
-0.220406
-0.220406
-0.222624
-0.223715
-0.223715
-0.220892
-0.220532
-0.221861
-0.22357
-0.221241
-0.226681
-0.226681
-0.227939
-0.227939
-0.227386
-0.227743
-0.225866
-0.224196
-0.224196
-0.227437
-0.226794
-0.229038
-0.225009
-0.224034
-0.224034
-0.224527
-0.224527
-0.225024
-0.224867
-0.224536
-0.229169
-0.229169
-0.263213
-0.292885
-0.314922
-0.301734
-0.304688
-0.304688
-0.307063
-0.304927
-0.303752
-0.305678
-0.305678
-0.300126
-0.300126
-0.300017
-0.304169
-0.299016
-0.300857
-0.300857
-0.303428
-0.302684
-0.297751
-0.300425
-0.298281
-0.296014
-0.299015
-0.298295
-0.299355
-0.295307
-0.298519
-0.298085
-0.292743
-0.292328
-0.294049
-0.298189
-0.296072
-0.298526
-0.295106
-0.299469
-0.299469
-0.296148
-0.295185
-0.296795
-0.298292
-0.297753
-0.294656
-0.296886
-0.297423
-0.297423
-0.335047
-0.372799
-0.372876
-0.40336
-0.433937
-0.411576
-0.42034
-0.424804
-0.420169
-0.420169
-0.410686
-0.406615
-0.414569
-0.409287
-0.402981
-0.401678
-0.401678
-0.401678
-0.398011
-0.406545
-0.405074
-0.39962
-0.401934
-0.398398
-0.399254
-0.394586
-0.396806
-0.397422
-0.395859
-0.399892
-0.397472
-0.393782
-0.393257
-0.394137
-0.387665
-0.388423
-0.388589
-0.392109
-0.391518
-0.389991
-0.393848
-0.391685
-0.391685
-0.388707
-0.389514
-0.389514
-0.390128
-0.387897
-0.413097
-0.413097
-0.441218
-0.443079
-0.451091
-0.44576
-0.439477
-0.413563
-0.401728
-0.366335
-0.370201
-0.371611
-0.374081
-0.359327
-0.350579
-0.356007
-0.354207
-0.358213
-0.343658
-0.345769
-0.345769
-0.346739
-0.34736
-0.343399
-0.346111
-0.346553
-0.342432
-0.339189
-0.341243
-0.34511
-0.34511
-0.342503
-0.339794
-0.34216
-0.337678
-0.334512
-0.339949
-0.339975
-0.339742
-0.339742
-0.336336
-0.33667
-0.333191
-0.331954
-0.331658
-0.332749
-0.331924
-0.335346
-0.332308
-0.330657
-0.33272
-0.33272
-0.328737
-0.329007
-0.330358
-0.33201
-0.327467
-0.326881
-0.326881
-0.329706
-0.329564
-0.32475
-0.327607
-0.324885
-0.327506
-0.32902
-0.32902
-0.322274
-0.329259
-0.324117
-0.325262
-0.325262
-0.326195
-0.326195
-0.325395
-0.325395
-0.32568
-0.320925
-0.324646
-0.323819
-0.326576
-0.325814
-0.324707
-0.323502
-0.323502
-0.322636
-0.322543
-0.322054
-0.320478
-0.321303
-0.321303
-0.320488
-0.3216
-0.321432
-0.320478
-0.322223
-0.323387
-0.323387
-0.317175
-0.320488
-0.321191
-0.319369
-0.319369
-0.322054
-0.321769
-0.319079
-0.317714
-0.31792
-0.322809
-0.320321
-0.320321
-0.319452
-0.319328
-0.321525
-0.316717
-0.317095
-0.315439
-0.315978
-0.315978
-0.314403
-0.319289
-0.313246
-0.318915
-0.319328
-0.317094
-0.317419
-0.318669
-0.315068
-0.316144
-0.318209
-0.316932
-0.317259
-0.315392
-0.31288
-0.315525
-0.311962
-0.311962
-0.317212
-0.315185
-0.312173
-0.314106
-0.314106
-0.317672
-0.315392
-0.314815
-0.316041
-0.31946
-0.314773
-0.316186
-0.316186
-0.315052
-0.312076
-0.313138
-0.313851
-0.317052
-0.312955
-0.31681
-0.309271
-0.304663
-0.303938
-0.31123
-0.313361
-0.313731
-0.315087
-0.320765
-0.325147
-0.327879
-0.326637
-0.323041
-0.329507
-0.330107
-0.331181
-0.331181
-0.320767
-0.322672
-0.322672
-0.322672
-0.306936
-0.299908
-0.31088
-0.316559
-0.315644
-0.315644
-0.331924
-0.323368
-0.328199
-0.334655
-0.322225
-0.32052
-0.32052
-0.319071
-0.318045
-0.338364
-0.3505
-0.35992
-0.35992
-0.372872
-0.403679
-0.415863
-0.422457
-0.422867
-0.418518
-0.418518
-0.413152
-0.413588
-0.416723
-0.415632
-0.402984
-0.396815
-0.40114
-0.397331
-0.397331
-0.380878
-0.375759
-0.380682
-0.370757
-0.370629
-0.372477
-0.367185
-0.354311
-0.361359
-0.363276
-0.352411
-0.35142
-0.362139
-0.362858
-0.360369
-0.359591
-0.359591
-0.348426
-0.354622
-0.346524
-0.337929
-0.339557
-0.339557
-0.327792
-0.319879
-0.314807
-0.315239
-0.311922
-0.30704
-0.297713
-0.291831
-0.293841
-0.288886
-0.279229
-0.269565
-0.27258
-0.266593
-0.262458
-0.263208
-0.260222
-0.266536
-0.245365
-0.245365
-0.256348
-0.248546
-0.246208
-0.245995
-0.242607
-0.251231
-0.245956
-0.243044
-0.245371
-0.252016
-0.24869
-0.24869
-0.252568
-0.252568
-0.252568
-0.240749
-0.236543
-0.236543
-0.239396
-0.244871
-0.237445
-0.228754
-0.251374
-0.246583
-0.246583
-0.260893
-0.266412
-0.266412
-0.273344
-0.257652
-0.263547
-0.266363
-0.261266
-0.261359
-0.256257
-0.247945
-0.251489
-0.250373
-0.265136
-0.262886
-0.257884
-0.261271
-0.261271
-0.259648
-0.269352
-0.265308
-0.26656
-0.269588
-0.273004
-0.273004
-0.268993
-0.26084
-0.265739
-0.276375
-0.269914
-0.266375
-0.266375
-0.264013
-0.264013
-0.257599
-0.266982
-0.265975
-0.265975
-0.262466
-0.263597
-0.263286
-0.261
-0.26159
-0.264067
-0.261697
-0.261697
-0.263701
-0.263701
-0.263629
-0.269599
-0.275143
-0.275143
-0.270969
-0.263735
-0.269807
-0.268069
-0.264328
-0.264328
-0.259067
-0.261326
-0.257491
-0.257291
-0.25808
-0.253556
-0.25839
-0.259768
-0.26282
-0.264457
-0.272314
-0.269308
-0.269308
-0.28063
-0.27909
-0.283998
-0.284559
-0.280647
-0.280647
-0.287691
-0.288414
-0.292531
-0.295285
-0.296582
-0.29673
-0.290446
-0.29732
-0.296091
-0.296271
-0.302091
-0.302091
-0.29873
-0.296585
-0.297027
-0.297331
-0.307112
-0.307574
-0.299344
-0.299344
-0.305273
-0.303225
-0.303161
-0.294666
-0.304536
-0.297711
-0.297711
-0.296851
-0.29654
-0.293043
-0.295352
-0.304606
-0.297092
-0.297092
-0.313335
-0.300925
-0.299121
-0.30556
-0.309144
-0.306117
-0.306657
-0.307323
-0.309702
-0.306035
-0.310626
-0.307858
-0.307858
-0.3114
-0.302897
-0.304697
-0.314433
-0.310996
-0.315473
-0.316785
-0.325254
-0.319173
-0.316378
-0.30842
-0.309468
-0.311169
-0.311565
-0.31283
-0.316662
-0.316128
-0.309016
-0.309016
-0.314147
-0.318367
-0.317051
-0.31074
-0.309164
-0.310998
-0.310998
-0.314148
-0.306794
-0.310601
-0.310601
-0.31599
-0.31599
-0.319553
-0.323657
-0.338174
-0.33645
-0.333643
-0.336306
-0.336844
-0.33525
-0.334713
-0.338851
-0.334718
-0.337526
-0.345014
-0.345014
-0.342225
-0.358571
-0.357231
-0.352754
-0.356418
-0.36442
-0.352608
-0.354231
-0.360754
-0.35829
-0.353146
-0.349346
-0.349346
-0.357318
-0.343414
-0.350692
-0.353262
-0.362479
-0.367957
-0.367957
-0.36296
-0.358576
-0.349469
-0.348487
-0.346054
-0.349234
-0.342329
-0.334596
-0.333513
-0.343271
-0.337616
-0.341698
-0.341698
-0.333829
-0.326366
-0.329928
-0.333773
-0.327251
-0.319269
-0.319269
-0.323812
-0.324306
-0.331274
-0.324576
-0.32762
-0.32762
-0.334058
-0.321467
-0.323014
-0.325036
-0.321122
-0.325695
-0.327706
-0.32401
-0.323997
-0.325709
-0.33078
-0.324091
-0.328167
-0.33589
-0.336985
-0.329714
-0.332801
-0.328167
-0.325606
-0.324634
-0.322655
-0.32267
-0.314033
-0.316348
-0.315343
-0.312518
-0.310185
-0.310242
-0.306109
-0.303792
-0.299003
-0.300175
-0.292005
-0.292005
-0.28693
-0.28591
-0.275287
-0.274895
-0.273454
-0.271441
-0.271441
-0.277612
-0.278709
-0.27877
-0.278974
-0.277282
-0.282975
-0.2868
-0.285247
-0.282021
-0.283384
-0.285819
-0.287771
-0.277839
-0.28475
-0.279004
-0.288578
-0.284669
-0.288125
-0.288125
-0.292285
-0.297324
-0.315797
-0.311431
-0.313536
-0.316244
-0.314193
-0.315882
-0.31257
-0.317451
-0.310209
-0.319001
-0.319001
-0.322272
-0.308504
-0.308504
-0.316756
-0.324466
-0.324957
-0.325188
-0.325188
-0.316375
-0.317779
-0.307402
-0.305956
-0.304873
-0.308261
-0.306554
-0.300712
-0.295681
-0.296607
-0.291752
-0.282904
-0.282904
-0.287692
-0.271867
-0.279432
-0.268235
-0.271798
-0.271798
-0.260039
-0.25453
-0.254232
-0.249443
-0.238062
-0.238062
-0.226544
-0.22015
-0.216293
-0.217804
-0.206796
-0.209029
-0.209029
-0.199717
-0.198283
-0.19427
-0.181792
-0.187961
-0.178753
-0.168019
-0.162335
-0.164034
-0.164034
-0.163078
-0.163078
-0.164158
-0.157336
-0.151334
-0.159284
-0.162658
-0.162658
-0.156126
-0.160424
-0.151554
-0.149559
-0.149546
-0.14449
-0.146079
-0.150864
-0.152188
-0.148779
-0.149199
-0.146966
-0.146966
-0.154362
-0.145461
-0.149905
-0.15279
-0.150947
-0.148522
-0.148522
-0.152662
-0.148591
-0.158222
-0.152461
-0.153702
-0.149452
-0.153526
-0.152124
-0.153925
-0.154235
-0.151023
-0.150609
-0.150609
-0.154172
-0.151765
-0.151296
-0.149275
-0.154419
-0.154296
-0.154296
-0.157143
-0.155951
-0.149903
-0.152677
-0.151527
-0.15892
-0.156479
-0.15199
-0.1549
-0.159441
-0.159441
-0.156511
-0.157811
-0.158274
-0.158274
-0.154684
-0.154684
-0.156182
-0.156463
-0.153315
-0.155186
-0.155186
-0.155186
-0.154023
-0.154955
-0.160965
-0.154485
-0.154485
-0.155355
-0.154962
-0.159132
-0.152663
-0.152439
-0.159181
-0.163454
-0.15895
-0.159431
-0.156677
-0.156998
-0.156925
-0.161014
-0.15882
-0.160309
-0.159152
-0.160531
-0.155825
-0.160531
-0.161235
-0.161235
-0.158256
-0.15895
-0.161629
-0.161477
-0.162376
-0.156956
-0.156956
-0.160347
-0.165491
-0.162775
-0.163734
-0.156096
-0.156527
-0.156119
-0.15794
-0.150935
-0.153023
-0.154774
-0.149165
-0.149165
-0.154765
-0.153858
-0.153781
-0.156433
-0.148855
-0.15864
-0.15864
-0.157777
-0.157306
-0.161162
-0.164287
-0.157998
-0.160426
-0.160426
-0.15885
-0.155465
-0.159553
-0.159393
-0.157586
-0.157586
-0.158759
-0.159613
-0.1565
-0.159312
-0.158259
-0.156004
-0.156004
-0.156654
-0.157788
-0.15843
-0.162234
-0.157596
-0.157596
-0.160447
-0.153996
-0.155723
-0.152835
-0.1565
-0.1565
-0.152257
-0.157056
-0.157968
-0.159593
-0.155773
-0.160415
-0.160415
-0.160657
-0.157517
-0.16273
-0.153534
-0.159459
-0.161811
-0.160657
-0.159071
-0.161252
-0.15843
-0.160623
-0.156654
-0.159352
-0.15843
-0.15843
-0.159362
-0.158158
-0.160454
-0.160454
-0.160476
-0.158259
-0.162018
-0.162734
-0.159834
-0.164081
-0.160696
-0.162272
-0.163619
-0.16248
-0.157538
-0.157087
-0.16493
-0.16493
-0.158419
-0.158249
-0.162186
-0.161303
-0.157548
-0.157548
-0.155543
-0.156455
-0.161546
-0.159201
-0.159201
-0.160202
-0.159582
-0.162491
-0.160421
-0.164275
-0.15932
-0.158399
-0.163607
-0.163607
-0.159593
-0.159823
-0.160859
-0.164275
-0.163084
-0.160707
-0.159331
-0.161377
-0.158229
-0.158229
-0.163712
-0.160525
-0.161354
-0.163571
-0.160432
-0.158775
-0.158775
-0.164518
-0.160893
-0.159239
-0.160735
-0.166315
-0.167312
-0.16334
-0.159247
-0.161409
-0.159017
-0.160443
-0.162842
-0.159543
-0.161498
-0.16219
-0.159862
-0.161753
-0.164417
-0.162007
-0.158378
-0.160819
-0.158639
-0.15887
-0.15887
-0.160893
-0.164019
-0.164019
-0.165198
-0.156515
-0.162623
-0.162432
-0.160168
-0.166389
-0.163366
-0.164224
-0.161207
-0.159309
-0.159309
-0.163109
-0.164417
-0.161101
-0.161101
-0.162573
-0.161377
-0.161377
-0.162687
-0.163789
-0.163789
-0.162917
-0.16215
-0.166591
-0.161741
-0.159791
-0.159791
-0.159791
-0.156818
-0.161729
-0.161292
-0.161268
-0.162929
-0.159561
-0.161354
-0.171542
-0.156587
-0.157108
-0.159477
-0.157768
-0.166058
-0.163366
-0.165172
-0.159079
-0.160663
-0.160663
-0.164621
-0.161612
-0.161612
-0.162967
-0.159079
-0.168221
-0.16023
-0.16425
-0.167378
-0.163366
-0.157358
-0.163763
-0.165339
-0.156629
-0.156399
-0.164045
-0.164724
-0.163341
-0.163148
-0.161803
-0.160219
-0.160219
-0.163303
-0.162725
-0.160847
-0.160179
-0.161876
-0.161876
-0.16068
-0.162241
-0.161174
-0.165159
-0.162241
-0.161792
-0.161792
-0.16425
-0.163533
-0.163533
-0.164199
-0.158739
-0.158739
-0.162229
-0.164325
-0.166248
-0.160724
-0.159309
-0.159298
-0.165966
-0.161308
-0.160836
-0.164851
-0.162288
-0.163495
-0.163495
-0.159391
-0.161089
-0.162395
-0.162868
-0.162868
-0.166207
-0.166207
-0.16686
-0.165159
-0.163508
-0.163508
-0.160252
-0.162868
-0.167147
-0.164903
-0.164824
-0.162713
-0.166465
-0.162165
-0.164698
-0.164698
-0.167053
-0.157038
-0.161232
-0.166261
-0.161319
-0.163034
-0.164621
-0.160197
-0.163646
-0.163646
-0.16178
-0.164224
-0.161947
-0.164212
-0.160629
-0.160629
-0.160505
-0.160505
-0.163135
-0.163495
-0.167759
-0.1608
-0.164442
-0.162358
-0.162358
-0.162905
-0.159108
-0.164838
-0.163942
-0.16489
-0.160836
-0.160836
-0.158418
-0.159328
-0.160864
-0.161538
-0.164376
-0.163521
-0.163521
-0.164659
-0.167753
-0.164172
-0.162128
-0.164416
-0.164416
-0.157707
-0.164646
-0.160197
-0.158386
-0.166912
-0.165107
-0.164619
-0.161526
-0.161054
-0.161054
-0.165746
-0.161986
-0.162613
-0.162613
-0.160489
-0.162434
-0.162434
-0.165581
-0.163508
-0.164376
-0.164172
-0.164567
-0.16535
-0.162613
-0.163061
-0.162625
-0.164646
-0.164416
-0.168339
-0.16103
-0.166639
-0.163559
-0.160594
-0.164323
-0.165463
-0.162561
-0.159046
-0.159397
-0.159397
-0.165285
-0.165285
-0.156996
-0.165746
-0.163264
-0.162778
-0.164824
-0.167931
-0.158228
-0.159702
-0.159702
-0.163942
-0.163086
-0.164146
-0.164403
-0.158564
-0.156526
-0.163712
-0.163712
-0.162765
-0.161692
-0.160415
-0.161094
-0.163278
-0.157456
-0.157456
-0.162115
-0.161054
-0.164633
-0.165746
-0.166831
-0.160812
-0.162358
-0.166883
-0.168131
-0.162588
-0.164822
-0.165811
-0.165811
-0.16485
-0.16283
-0.16283
-0.164212
-0.165258
-0.16218
-0.164619
-0.162575
-0.165
-0.163291
-0.161642
-0.161642
-0.165526
-0.162102
-0.162752
-0.165516
-0.165014
-0.164403
-0.163508
-0.160788
-0.167062
-0.160668
-0.159484
-0.159328
-0.165271
-0.159328
-0.164159
-0.16523
-0.159473
-0.164106
-0.164241
-0.168769
-0.168769
-0.165896
-0.163264
-0.163264
-0.162332
-0.160275
-0.159535
-0.161437
-0.162087
-0.163699
-0.16767
-0.164159
-0.165244
-0.164783
-0.163534
-0.162062
-0.160558
-0.162496
-0.162496
-0.162383
-0.167655
-0.162509
-0.159495
-0.159495
-0.16546
-0.166572
-0.166572
-0.165881
-0.165435
-0.165
-0.165
-0.161655
-0.162712
-0.163632
-0.162588
-0.162115
-0.162115
-0.159438
-0.164797
-0.163902
-0.161937
-0.165271
-0.163225
-0.163225
-0.158967
-0.157487
-0.165502
-0.160594
-0.163645
-0.168459
-0.161768
-0.161768
-0.164863
-0.15945
-0.162613
-0.163048
-0.163048
-0.168346
-0.164986
-0.164019
-0.169198
-0.166164
-0.161655
-0.165578
-0.158943
-0.158943
-0.165962
-0.165296
-0.164713
-0.163902
-0.165244
-0.169015
-0.166558
-0.164539
-0.165258
-0.16741
-0.16546
-0.162063
-0.164146
-0.166788
-0.163429
-0.164986
-0.1614
-0.164986
-0.164119
-0.163429
-0.167278
-0.159897
-0.164362
-0.163252
-0.164091
-0.169283
-0.168791
-0.164119
-0.163508
-0.163508
-0.165676
-0.160534
-0.163889
-0.158364
-0.167003
-0.167003
-0.164349
-0.164579
-0.166413
-0.163902
-0.167188
-0.164836
-0.164836
-0.16523
-0.165593
-0.162955
-0.167248
-0.163645
-0.160776
-0.166639
-0.163672
-0.164783
-0.166964
-0.162076
-0.162076
-0.165104
-0.167425
-0.164079
-0.164119
-0.164986
-0.164023
-0.15876
-0.157048
-0.166543
-0.167003
-0.164349
-0.167901
-0.164119
-0.167693
-0.162549
-0.165578
-0.163022
-0.165906
-0.165906
-0.162455
-0.161478
-0.16592
-0.162779
-0.162345
-0.161131
-0.164727
-0.164659
-0.158519
-0.164323
-0.163212
-0.16477
-0.16309
-0.164184
-0.157849
-0.164889
-0.161617
-0.16144
-0.166083
-0.166083
-0.161387
-0.166558
-0.163252
-0.166958
-0.164335
-0.166268
-0.163265
-0.164146
-0.165661
-0.165661
-0.165862
-0.162942
-0.162142
-0.162142
-0.161387
-0.165564
-0.162805
-0.16523
-0.162306
-0.162306
-0.158101
-0.160981
-0.162319
-0.169214
-0.163185
-0.165
-0.163861
-0.164971
-0.164741
-0.164146
-0.163698
-0.161617
-0.163618
-0.165216
-0.160739
-0.163442
-0.160357
-0.162293
-0.15832
-0.162805
-0.167395
-0.166758
-0.164132
-0.161046
-0.161996
-0.165877
-0.162982
-0.162982
-0.163429
-0.163618
-0.167923
-0.167923
-0.16043
-0.160139
-0.158583
-0.165906
-0.166268
-0.164928
-0.16569
-0.162725
-0.163889
-0.165431
-0.162102
-0.162102
-0.162915
-0.16084
-0.162627
-0.164038
-0.164727
-0.164119
-0.159668
-0.159668
-0.164928
-0.167348
-0.166743
-0.162442
-0.167379
-0.159196
-0.165823
-0.165823
-0.16167
-0.16167
-0.163252
-0.162955
-0.160292
-0.157631
-0.157631
-0.164281
-0.160369
-0.161131
-0.161131
-0.166366
-0.164713
-0.167663
-0.163048
-0.166283
-0.163604
-0.163632
-0.163632
-0.164335
-0.163415
-0.15899
-0.161058
-0.164523
-0.167203
-0.163374
-0.165025
-0.160103
-0.161695
-0.166973
-0.166238
-0.166238
-0.164537
-0.163604
-0.163252
-0.166283
-0.160496
-0.160496
-0.162752
-0.165484
-0.164374
-0.165793
-0.167203
-0.161033
-0.165388
-0.159696
-0.167578
-0.167578
-0.164644
-0.165632
-0.165823
-0.164267
-0.161657
-0.158549
-0.162699
-0.163225
-0.163225
-0.161361
-0.160037
-0.166773
-0.164713
-0.165173
-0.160574
-0.165877
-0.160751
-0.162306
-0.167632
-0.161657
-0.166498
-0.166498
-0.162089
-0.163875
-0.168384
-0.165173
-0.168427
-0.162818
-0.162818
-0.163808
-0.167433
-0.166855
-0.162995
-0.167218
-0.162887
-0.164483
-0.167609
-0.165187
-0.166943
-0.168744
-0.163374
-0.161288
-0.1691
-0.164049
-0.173395
-0.164781
-0.165201
-0.165201
-0.166023
-0.165403
-0.167018
-0.165129
-0.161564
-0.167387
-0.16876
-0.165877
-0.165818
-0.167188
-0.164795
-0.157891
-0.166283
-0.168712
-0.164021
-0.162831
-0.162589
-0.166943
-0.166943
-0.164767
-0.164767
-0.165144
-0.167157
-0.164537
-0.166136
-0.164184
-0.162455
-0.165254
-0.162293
-0.167531
-0.163185
-0.165862
-0.164899
-0.168123
-0.160066
-0.167142
-0.164713
-0.162969
-0.163212
-0.167173
-0.164753
-0.164738
-0.167403
-0.160904
-0.167142
-0.166351
-0.166351
-0.161172
-0.162739
-0.160956
-0.165778
-0.165778
-0.163374
-0.163374
-0.162293
-0.167776
-0.160229
-0.166811
-0.164225
-0.168108
-0.168108
-0.165187
-0.162739
-0.16205
-0.164307
-0.161133
-0.161133
-0.16032
-0.166092
-0.163346
-0.165848
-0.164063
-0.16467
-0.16467
-0.160792
-0.163374
-0.164293
-0.174298
-0.16359
-0.167286
-0.162982
-0.160345
-0.162576
-0.167188
-0.165549
-0.167839
-0.165862
-0.165011
-0.165173
-0.168958
-0.164265
-0.161683
-0.161683
-0.165388
-0.163562
-0.164494
-0.162103
-0.160956
-0.166552
-0.164753
-0.164753
-0.167211
-0.164753
-0.166008
-0.168038
-0.164713
-0.164713
-0.166063
-0.165603
-0.165388
-0.167364
-0.166077
-0.162644
-0.162644
-0.161618
-0.164144
-0.163428
-0.167418
-0.168054
-0.166337
-0.168123
-0.166928
-0.165818
-0.162496
-0.165714
-0.168123
-0.168123
-0.166988
-0.166437
-0.164537
-0.170936
-0.168022
-0.163145
-0.16263
-0.16263
-0.165588
-0.163562
-0.165388
-0.161185
-0.166713
-0.166713
-0.166277
-0.162901
-0.164137
-0.161389
-0.165011
-0.165011
-0.169418
-0.161983
-0.166752
-0.164049
-0.169664
-0.167403
-0.167403
-0.16306
-0.164928
-0.164914
-0.164523
-0.163548
-0.166453
-0.161564
-0.16336
-0.164724
-0.170637
-0.165359
-0.165359
-0.163644
-0.164396
-0.164181
-0.165373
-0.164968
-0.164523
-0.164523
-0.168942
-0.168958
-0.168006
-0.1691
-0.16467
-0.162873
-0.162873
-0.164914
-0.166453
-0.167226
-0.169631
-0.165427
-0.161442
-0.163022
-0.164021
-0.165833
-0.161874
-0.16635
-0.16635
-0.162077
-0.162995
-0.163548
-0.165359
-0.165144
-0.165144
-0.167562
-0.164724
-0.166958
-0.164551
-0.162859
-0.162859
-0.162698
-0.171997
-0.169363
-0.167499
-0.167372
-0.160649
-0.166307
-0.163519
-0.165212
-0.163428
-0.17002
-0.164251
-0.165329
-0.165329
-0.16359
-0.16467
-0.163834
-0.169133
-0.168204
-0.16444
-0.165158
-0.166382
-0.16336
-0.163806
-0.160377
-0.165907
-0.165907
-0.164885
-0.165059
-0.163263
-0.16421
-0.163318
-0.161794
-0.165274
-0.165158
-0.163693
-0.164411
-0.1619
-0.164035
-0.164035
-0.166682
-0.170143
-0.167705
-0.16336
-0.165534
-0.165978
-0.164968
-0.163131
-0.165304
-0.165519
-0.167562
-0.164855
-0.164855
-0.168673
-0.1624
-0.1624
-0.162185
-0.170216
-0.162212
-0.164265
-0.164509
-0.165748
-0.165993
-0.16444
-0.164035
-0.164035
-0.166841
-0.164784
-0.162901
-0.165733
-0.163708
-0.16956
-0.16956
-0.166238
-0.167188
-0.163346
-0.166177
-0.166335
-0.166335
-0.162171
-0.162212
-0.160701
-0.162469
-0.165359
-0.165359
-0.165243
-0.164494
-0.167958
-0.163708
-0.165993
-0.166826
-0.166826
-0.167862
-0.168006
-0.167356
-0.164494
-0.164196
-0.164196
-0.161861
-0.163791
-0.163103
-0.163103
-0.161524
-0.166682
-0.166682
-0.165029
-0.168006
-0.164684
-0.163075
-0.163075
-0.16174
-0.164509
-0.164494
-0.165993
-0.169718
-0.165978
-0.16467
-0.16467
-0.166192
-0.166453
-0.163157
-0.159732
-0.160458
-0.159112
-0.165359
-0.165359
-0.163722
-0.163952
-0.163158
-0.165388
-0.16263
-0.16263
-0.16062
-0.165258
-0.167792
-0.163478
-0.16444
-0.161336
-0.166682
-0.166092
-0.165788
-0.162726
-0.165733
-0.167387
-0.167387
-0.162171
-0.165447
-0.165274
-0.164411
-0.163304
-0.163304
-0.167213
-0.162372
-0.163685
-0.163033
-0.165289
-0.162712
-0.162455
-0.164207
-0.167387
-0.167142
-0.167269
-0.17062
-0.167902
-0.167902
-0.166048
-0.165558
-0.168893
-0.160701
-0.16547
-0.167387
-0.162616
-0.165383
-0.167531
-0.164167
-0.164279
-0.161753
-0.161753
-0.158907
-0.165718
-0.161996
-0.166698
-0.16658
-0.164411
-0.166865
-0.163089
-0.17002
-0.163901
-0.163576
-0.165573
-0.163075
-0.167656
-0.170939
-0.164236
-0.163576
-0.16448
-0.162023
-0.166422
-0.166422
-0.166422
-0.164265
-0.164265
-0.164265
-0.165702
-0.165473
-0.165932
-0.16306
-0.168482
-0.165773
-0.163205
-0.163129
-0.169931
-0.166794
-0.161996
-0.163748
-0.163748
-0.168591
-0.16431
-0.167482
-0.166335
-0.167126
-0.164381
-0.164784
-0.168006
-0.166682
-0.167761
-0.166422
-0.16662
-0.165818
-0.164279
-0.16448
-0.168401
-0.168552
-0.167554
-0.160622
-0.167744
-0.163777
-0.17025
-0.167799
-0.164855
-0.163089
-0.165329
-0.164494
-0.165329
-0.164466
-0.164466
-0.164251
-0.165733
-0.165733
-0.164724
-0.163748
-0.163602
-0.16135
-0.16093
-0.166651
-0.166651
-0.166897
-0.164925
-0.17048
-0.168022
-0.166966
-0.166966
-0.167761
-0.167815
-0.166477
-0.162671
-0.163304
-0.162928
-0.165457
-0.168236
-0.166192
-0.164596
-0.164814
-0.160823
-0.166468
-0.161225
-0.171024
-0.163708
-0.165718
-0.165718
-0.165718
-0.165718
-0.163117
-0.163117
-0.163117
-0.163117
-0.163737
-0.163737
-0.167126
-0.162212
-0.159987
-0.168558
-0.16471
-0.165932
-0.16928
-0.164814
-0.165702
-0.161928
-0.164152
-0.164466
-0.16613
-0.159464
-0.164855
-0.16464
-0.166089
-0.166089
-0.165457
-0.160361
-0.165114
-0.167237
-0.165947
-0.169051
-0.162671
-0.165803
-0.166277
-0.163304
-0.164625
-0.159745
-0.159745
-0.161497
-0.16928
-0.165978
-0.15887
-0.164769
-0.164769
-0.162616
-0.162616
-0.165274
-0.170195
-0.167531
-0.164769
-0.166406
-0.167055
-0.163777
-0.162496
-0.168115
-0.165758
-0.164122
-0.164122
-0.163075
-0.167142
-0.165932
-0.165932
-0.163449
-0.165646
-0.165718
-0.17062
-0.165773
-0.167466
-0.167617
-0.163992
-0.163992
-0.164351
-0.161376
-0.164825
-0.163562
-0.168821
-0.168843
-0.168843
-0.165329
-0.165084
-0.168804
-0.163678
-0.160878
-0.162802
-0.162802
-0.16799
-0.171274
-0.167712
-0.156599
-0.160177
-0.171115
-0.164611
-0.165473
-0.164122
-0.16685
-0.163075
-0.167142
-0.167142
-0.169263
-0.168401
-0.165473
-0.164611
-0.165314
-0.165543
-0.164007
-0.161281
-0.167111
-0.168838
-0.165916
-0.163893
-0.163893
-0.166745
-0.165084
-0.167039
-0.167039
-0.164625
-0.163734
-0.163734
-0.166161
-0.165473
-0.165228
-0.167142
-0.163304
-0.163304
-0.164784
-0.160433
-0.163562
-0.162671
-0.160164
-0.165891
-0.165891
-0.164137
-0.165947
-0.163075
-0.16658
-0.163046
-0.162802
-0.161497
-0.164181
-0.16681
-0.16681
-0.168311
-0.161254
-0.161254
-0.164207
-0.169207
-0.16167
-0.171731
-0.161524
-0.161524
-0.165687
-0.161914
-0.15856
-0.164983
-0.160324
-0.165274
-0.165274
-0.162372
-0.164655
-0.169544
-0.164167
-0.16382
-0.165932
-0.165932
-0.167039
-0.167039
-0.16662
-0.163046
-0.163648
-0.165702
-0.165702
-0.169034
-0.163893
-0.163533
-0.162671
-0.162671
-0.16481
-0.164952
-0.163171
-0.162184
-0.16319
-0.16319
-0.167909
-0.160177
-0.165733
-0.167482
-0.167095
-0.164381
-0.164381
-0.159706
-0.163185
-0.163345
-0.165702
-0.164152
-0.166729
-0.160662
-0.16586
-0.160796
-0.162386
-0.166826
-0.161781
-0.162143
-0.162129
-0.167055
-0.167679
-0.174513
-0.174513
-0.166063
-0.161941
-0.164351
-0.162198
-0.164279
-0.167623
-0.167623
-0.161427
-0.162198
-0.163719
-0.167482
-0.165314
-0.165702
-0.165702
-0.164998
-0.166177
-0.167103
-0.166548
-0.166745
-0.166745
-0.167744
-0.167744
-0.16681
-0.170356
-0.163205
-0.165069
-0.165069
-0.162671
-0.163246
-0.163275
-0.163748
-0.166375
-0.162198
-0.162198
-0.166667
-0.168821
-0.168821
-0.16722
-0.167997
-0.167997
-0.164855
-0.164178
-0.165084
-0.166958
-0.163978
-0.163978
-0.167538
-0.167538
-0.165916
-0.165916
-0.165369
-0.170624
-0.168679
-0.166391
-0.166359
-0.168843
-0.166532
-0.166375
-0.166375
-0.164936
-0.163719
-0.169229
-0.166532
-0.161726
-0.162544
-0.162544
-0.163519
-0.162212
-0.165671
-0.166145
-0.167696
-0.168804
-0.16541
-0.163046
-0.166802
-0.167925
-0.166507
-0.166507
-0.166161
-0.166161
-0.161698
-0.164366
-0.165024
-0.169402
-0.166958
-0.163574
-0.163519
-0.164855
-0.169454
-0.164825
-0.168171
-0.166391
-0.161552
-0.167482
-0.167646
-0.168082
-0.165299
-0.165299
-0.169
-0.167482
-0.166691
-0.170888
-0.171468
-0.164794
-0.164794
-0.165947
-0.170446
-0.164207
-0.171586
-0.16745
-0.165039
-0.166145
-0.166145
-0.167679
-0.156425
-0.164466
-0.167111
-0.166343
-0.165054
-0.163734
-0.163246
-0.163046
-0.166532
-0.164137
-0.164137
-0.169879
-0.161107
-0.161107
-0.166636
-0.166033
-0.164695
-0.169952
-0.162914
-0.166737
-0.168787
-0.167482
-0.164779
-0.169441
-0.169441
-0.165702
-0.165268
-0.165268
-0.165972
-0.165972
-0.161497
-0.163588
-0.165212
-0.169229
-0.164596
-0.16484
-0.16736
-0.161441
-0.163046
-0.165314
-0.161941
-0.164137
-0.164137
-0.164451
-0.164336
-0.162817
-0.163404
-0.161538
-0.168876
-0.168876
-0.169705
-0.169705
-0.16217
-0.163992
-0.167885
-0.167885
-0.166786
-0.163763
-0.16471
-0.163963
-0.164366
-0.164366
-0.16405
-0.165558
-0.165558
-0.166073
-0.162802
-0.166437
-0.171504
-0.163648
-0.163533
-0.162817
-0.15599
-0.16135
-0.16253
-0.16253
-0.165039
-0.163763
-0.166201
-0.168826
-0.167187
-0.163832
-0.164366
-0.168401
-0.168401
-0.166729
-0.166729
-0.16217
-0.166745
-0.161455
-0.169598
-0.169051
-0.16349
-0.16349
-0.163505
-0.167679
-0.165442
-0.169935
-0.166942
-0.168105
-0.164779
-0.164779
-0.163044
-0.16349
-0.161094
-0.170182
-0.169952
-0.165884
-0.165884
-0.161094
-0.169017
-0.166114
-0.16349
-0.162544
-0.168368
-0.165956
-0.167942
-0.172367
-0.166477
-0.165442
-0.166002
-0.168843
-0.16038
-0.164366
-0.16822
-0.169106
-0.163719
-0.166359
-0.166359
-0.166359
-0.167482
-0.165972
-0.169195
-0.169302
-0.167363
-0.167363
-0.16643
-0.168013
-0.162788
-0.166201
-0.16458
-0.16458
-0.166572
-0.164122
-0.16643
-0.164351
-0.167925
-0.16349
-0.16349
-0.167007
-0.167801
-0.163978
-0.161955
-0.166942
-0.161941
-0.161941
-0.164351
-0.16886
-0.164192
-0.165054
-0.162156
-0.166232
-0.163817
-0.172808
-0.163734
-0.166359
-0.169671
-0.168188
-0.166391
-0.166391
-0.164753
-0.167187
-0.171045
-0.164076
-0.164076
-0.164321
-0.163046
-0.16613
-0.16485
-0.166082
-0.166161
-0.167079
-0.1659
-0.167253
-0.16167
-0.164596
-0.164596
-0.162371
-0.163475
-0.164565
-0.162657
-0.162657
-0.162773
-0.163693
-0.161497
-0.165687
-0.164666
-0.166145
-0.166066
-0.165054
-0.167909
-0.167909
-0.168155
-0.166057
-0.166532
-0.168031
-0.161698
-0.163017
-0.160851
-0.168368
-0.163519
-0.165457
-0.168048
-0.16541
-0.16722
-0.166114
-0.166516
-0.161712
-0.161712
-0.166588
-0.166942
-0.164092
-0.165222
-0.162315
-0.170073
-0.165284
-0.166286
-0.166286
-0.167433
-0.163261
-0.167237
-0.165582
-0.16736
-0.16736
-0.16681
-0.162573
-0.164321
-0.162946
-0.164305
-0.165426
-0.162428
-0.162509
-0.167417
-0.169246
-0.169246
-0.163261
-0.166145
-0.165671
-0.163734
-0.164611
-0.165181
-0.166216
-0.165655
-0.166025
-0.162358
-0.162358
-0.169614
-0.163675
-0.163675
-0.167869
-0.166958
-0.162831
-0.161969
-0.167237
-0.163862
-0.163862
-0.162559
-0.166114
-0.16455
-0.16455
-0.163345
-0.163893
-0.164895
-0.168983
-0.165773
-0.165442
-0.166729
-0.165039
-0.165268
-0.161094
-0.16877
-0.163978
-0.169723
-0.169723
-0.16481
-0.166588
-0.169935
-0.163246
-0.165426
-0.167629
-0.167925
-0.165498
-0.165498
-0.165655
-0.166461
-0.164534
-0.165237
-0.165237
-0.168787
-0.163734
-0.16928
-0.161053
-0.168558
-0.162831
-0.162831
-0.169
-0.169
-0.170267
-0.166572
-0.168065
-0.167031
-0.16468
-0.165091
-0.164351
-0.164351
-0.16316
-0.166802
-0.169688
-0.167482
-0.164794
-0.166145
-0.162544
-0.165655
-0.164534
-0.164534
-0.163032
-0.169195
-0.166114
-0.165268
-0.166975
-0.168048
-0.163261
-0.163734
-0.163805
-0.168155
-0.163648
-0.16912
-0.166327
-0.166327
-0.166391
-0.166391
-0.162773
-0.162773
-0.162385
-0.168155
-0.166556
-0.168384
-0.166049
-0.16662
-0.161996
-0.161996
-0.165543
-0.170668
-0.171871
-0.171239
-0.171239
-0.16541
-0.163889
-0.165008
-0.166327
-0.164137
-0.16745
-0.16745
-0.161552
-0.164993
-0.160296
-0.160296
-0.167079
-0.167909
-0.16685
-0.166114
-0.164722
-0.164305
-0.164305
-0.164305
-0.165727
-0.166604
-0.164207
-0.165008
-0.164392
-0.165039
-0.161126
-0.161126
-0.166359
-0.165008
-0.164092
-0.166942
-0.164565
-0.164565
-0.161726
-0.168121
-0.169844
-0.171907
-0.165513
-0.163475
-0.167309
-0.168541
-0.161899
-0.165268
-0.166802
-0.166802
-0.166145
-0.165671
-0.166975
-0.167958
-0.165165
-0.166925
-0.166925
-0.163275
-0.166114
-0.168524
-0.170037
-0.167015
-0.167015
-0.164732
-0.163087
-0.165426
-0.165426
-0.166098
-0.164659
-0.167326
-0.162759
-0.166343
-0.169
-0.16481
-0.161455
-0.167007
-0.166286
-0.168753
-0.16722
-0.168277
-0.169
-0.164178
-0.162931
-0.162916
-0.161913
-0.164952
-0.166343
-0.162744
-0.16582
-0.16582
-0.164779
-0.169596
-0.165513
-0.165513
-0.16627
-0.163704
-0.171145
-0.158323
-0.173384
-0.167293
-0.173613
-0.163475
-0.163475
-0.165727
-0.16429
-0.165639
-0.167007
-0.1624
-0.163816
-0.163816
-0.165165
-0.162573
-0.165253
-0.159303
-0.165268
-0.16167
-0.16167
-0.163461
-0.166161
-0.162643
-0.166057
-0.162587
-0.162587
-0.16541
-0.167751
-0.167204
-0.168368
-0.168368
-0.160353
-0.163419
-0.163017
-0.165091
-0.164738
-0.165639
-0.167031
-0.167031
-0.160969
-0.169195
-0.167522
-0.168294
-0.167646
-0.167466
-0.162714
-0.167996
-0.164003
-0.162643
-0.165623
-0.15948
-0.15948
-0.15948
-0.163461
-0.170568
-0.160393
-0.167589
-0.168541
-0.166343
-0.161698
-0.165671
-0.167293
-0.169089
-0.167293
-0.164076
-0.166098
-0.166467
-0.170514
-0.169
-0.169
-0.166662
-0.166908
-0.165008
-0.163603
-0.166254
-0.163202
-0.165972
-0.163345
-0.1674
-0.167859
-0.16455
-0.16455
-0.167039
-0.167039
-0.16455
-0.164477
-0.163404
-0.162544
-0.168243
-0.170285
-0.170285
-0.162057
-0.162057
-0.16455
-0.165623
-0.162657
-0.162657
-0.163704
-0.162931
-0.162042
-0.162759
-0.165671
-0.168397
-0.16643
-0.164076
-0.168277
-0.165696
-0.16253
-0.16253
-0.164565
-0.165869
-0.164003
-0.168277
-0.165582
-0.1623
-0.1623
-0.163087
-0.164983
-0.164336
-0.166516
-0.165607
-0.165607
-0.168432
-0.167095
-0.164565
-0.166327
-0.16568
-0.166942
-0.166942
-0.168351
-0.166958
-0.167892
-0.171393
-0.162357
-0.169918
-0.169918
-0.165498
-0.171852
-0.168843
-0.168843
-0.167316
-0.163058
-0.163058
-0.164061
-0.166311
-0.166572
-0.171027
-0.16481
-0.164977
-0.168105
-0.163431
-0.165992
-0.16627
-0.166201
-0.163904
-0.163904
-0.170209
-0.166467
-0.165268
-0.168432
-0.166818
-0.16627
-0.160969
-0.167237
-0.169561
-0.163087
-0.168736
-0.165394
-0.165394
-0.17055
-0.17055
-0.165671
-0.169424
-0.148324
-0.148263
-0.148263
-0.0986826
-0.0873116
-0.0873116
-0.0730782
-0.0835846
-0.0835846
-0.0780137
-0.0780137
-0.0788886
-0.073177
-0.065553
-0.0648849
-0.0648849
-0.0659592
-0.0610209
-0.0598671
-0.0596817
-0.0537373
-0.055487
-0.055487
-0.0544251
-0.0592994
-0.0553129
-0.0505259
-0.0523817
-0.0523817
-0.0493456
-0.0505243
-0.0505243
-0.0474311
-0.0506343
-0.0530724
-0.0505243
-0.0516114
-0.0481956
-0.0485179
-0.0477666
-0.0510946
-0.0465434
-0.0504319
-0.0480274
-0.0430598
-0.0508945
-0.0516616
-0.0500345
-0.0520128
-0.0520128
-0.0492073
-0.0493414
-0.0429574
-0.0520085
-0.0520085
-0.0446685
-0.0467405
-0.0432862
-0.0511515
-0.0488239
-0.0453295
-0.0486864
-0.0438802
-0.0433502
-0.0490538
-0.0466157
-0.0500015
-0.0495443
-0.0464491
-0.0477044
-0.043421
-0.0471388
-0.0475676
-0.0510645
-0.0463137
-0.0463137
-0.0465121
-0.0465121
-0.050174
-0.050174
-0.0451319
-0.0435851
-0.0505738
-0.0449342
-0.0455295
-0.0451334
-0.0488846
-0.0488846
-0.0495745
-0.0435467
-0.0469403
-0.0442449
-0.0474743
-0.0474743
-0.0474743
-0.0495443
-0.0432241
-0.0466157
-0.0497441
-0.0497441
-0.0472442
-0.0462823
-0.0433553
-0.0477666
-0.0459575
-0.0503739
-0.0465853
-0.0446419
-0.0453617
-0.0440475
-0.0466479
-0.0466479
-0.052125
-0.0499742
-0.0444099
-0.0422349
-0.0415456
-0.0415456
-0.0415456
-0.0415456
-0.0415456
-0.0470124
-0.0440446
-0.0460191
-0.0514935
-0.0435851
-0.0485937
-0.049545
-0.0445691
-0.0507738
-0.050174
-0.0493917
-0.0499717
-0.0490842
-0.0490842
-0.0453906
-0.0471073
-0.049054
-0.0503428
-0.0479345
-0.0453617
-0.0493762
-0.0456601
-0.0466157
-0.0441697
-0.0491912
-0.0507429
-0.0507429
-0.0503131
-0.0485627
-0.0485937
-0.0496833
-0.0515526
-0.0492223
-0.049054
-0.0455594
-0.0461875
-0.0503423
-0.0503423
-0.0469806
-0.0426609
-0.0464806
-0.0474116
-0.0443121
-0.0443121
-0.048685
-0.0498818
-0.0461875
-0.0489619
-0.0458937
-0.052696
-0.049453
-0.0459575
-0.0487931
-0.0482069
-0.04916
-0.04916
-0.0469511
-0.0450349
-0.0471469
-0.0479033
-0.0474092
-0.0474092
-0.047872
-0.0432562
-0.0519243
-0.046584
-0.0448697
-0.049453
-0.0488239
-0.0488239
-0.047872
-0.0514018
-0.0452324
-0.0448048
-0.0487618
-0.0487618
-0.0471469
-0.0452356
-0.0445369
-0.0461527
-0.0491922
-0.0491922
-0.0454949
-0.0454949
-0.051201
-0.051201
-0.0446074
-0.0479033
-0.0442088
-0.0471813
-0.0454013
-0.04543
-0.0447723
-0.0489926
-0.04418
-0.044767
-0.046322
-0.0492213
-0.0454013
-0.0454013
-0.0444766
-0.0502821
-0.0462532
-0.0533289
-0.0442134
-0.0438132
-0.0425329
-0.0466574
-0.0415716
-0.0464906
-0.0476711
-0.0476418
-0.046322
-0.0483327
-0.0467823
-0.0464881
-0.0464881
-0.0451998
-0.0474116
-0.046322
-0.0417078
-0.0438847
-0.0499911
-0.0466541
-0.0460275
-0.0491305
-0.0471469
-0.0502519
-0.0472128
-0.0472128
-0.049883
-0.0493917
-0.0476731
-0.047441
-0.0487929
-0.0487929
-0.0458252
-0.0512632
-0.046516
-0.0489609
-0.0489609
-0.0466541
-0.0443068
-0.0467209
-0.050513
-0.0452034
-0.0493917
-0.0493917
-0.0476394
-0.0539604
-0.0429523
-0.0507729
-0.0491922
-0.0460597
-0.0478407
-0.0492228
-0.0462899
-0.0500215
-0.0494213
-0.0496213
-0.0507429
-0.0477479
-0.0469166
-0.0495301
-0.0495301
-0.0479784
-0.0479784
-0.0471498
-0.0469511
-0.0473184
-0.0464271
-0.0464271
-0.0473801
-0.0473801
-0.0458295
-0.0493609
-0.0484703
-0.0484703
-0.0494224
