0.0216806
0.00485333
0.00120428
0.0033059
0.00020508
-0.00181378
0.00231251
-0.00183149
0.000275406
-0.00312826
-1.45936e-05
0.000804216
0.000918025
-0.00268057
-0.00345034
0.00609532
-0.000322472
-0.00204708
0.000597577
7.51433e-05
0.00293439
-0.00181274
-0.00142233
-0.000193681
0.00372544
-0.0027505
0.00202184
0.00248291
-0.00402957
0.00305742
-0.00246365
-0.000272344
-0.00142055
0.00150366
0.00266464
-0.000555811
-9.93812e-05
0.00163354
-0.00123247
-0.00188144
0.00146666
-0.000379119
-0.000556397
0.00133567
-0.000107209
-0.00284954
0.00050156
0.00181648
-0.00171306
9.83355e-05
-0.00145361
0.00103773
-0.000576254
0.00327029
-0.000211717
0.00457141
-0.00296106
-0.000324892
-0.000165357
-0.00274367
0.000121947
-1.03774e-06
-0.000524715
0.000504528
-0.000277822
0.00201924
0.00139671
-0.000647383
-0.00019255
-0.00322882
0.0015831
0.00220256
-0.00198623
0.00103014
0.000116798
-0.000407582
-0.00151457
0.000911383
0.00416837
0.0024835
0.00171696
0.00477564
-0.00181789
0.00276131
-0.00240847
-0.000989552
0.000532499
0.00126761
-0.000191974
-0.000363331
-0.000618539
-0.00127796
-0.00206872
-0.000204824
0.00216689
-0.000304439
0.00290008
0.00128008
-0.00185318
0.00160483
-0.00452679
0.00213601
-0.0029816
-0.00375011
-0.00578192
0.00214647
-0.00108207
0.00372997
-0.00212618
-0.00324159
0.00297731
-0.00144621
0.000309157
0.00233802
-0.00199523
-0.00339587
0.00208712
0.00433925
-0.000589697
-0.00134736
0.0019986
-0.0037576
0.0029204
-0.00530143
0.00443254
-0.00376646
0.000625318
0.0002375
0.00203488
-0.000223903
-0.000113982
0.00127622
-0.00394193
0.00161313
-0.000787061
0.00481455
-0.00293058
-0.00457492
0.00244891
-0.00121555
0.00250875
-0.00156783
0.0013879
0.00090698
0.0047682
-0.00569527
-0.000142105
-0.00325158
0.00427791
0.00236841
0.00153544
-0.00423244
0.00455352
-0.00401028
0.00385544
-0.00042825
-0.00170051
-0.00257831
0.00202075
-0.00419258
0.002084
-0.00419338
0.00438131
0.000764882
0.00231411
-0.000662891
-0.000852892
0.00108632
-0.0020963
-0.00319109
-0.00191165
0.00301517
0.00426638
-0.00253408
0.000441639
-0.00034986
0.00248641
-0.00071623
0.000939004
-0.00122467
-0.00247515
-0.00262326
0.00203307
0.00337228
-0.000668378
0.00109633
0.0012764
-0.0027537
0.000355007
0.00378065
-0.00272809
0.000213723
-0.00162539
0.00116283
-0.00140287
0.000802435
-0.00114452
-0.000704053
0.00118174
0.00232003
-0.00409297
0.00113906
0.00212384
-0.000127961
0.00185187
-0.0050367
0.00264461
-0.00262443
0.00229909
0.000232625
-0.0036757
0.00414539
-0.000212422
0.0025715
-0.0035894
-0.00240989
0.0051521
-0.0036872
0.00116539
-0.0034158
0.000938694
-0.000793748
0.00314108
-2.82257e-05
-0.000126327
0.000367371
0.00063328
0.000811419
0.000309406
-0.00264657
-0.000623619
0.00434396
-0.00158105
-0.00243936
0.00338475
-0.00105145
-0.00368665
0.00136819
-0.000276793
0.00163849
0.000624093
0.000780299
-0.000219231
-0.00312542
-0.00047675
0.0016347
0.00263505
-0.00636689
0.00591036
0.000884977
-0.00157321
0.0035319
-0.00252433
-0.000859553
-0.000839722
-0.00169838
-0.00294231
0.000609645
-0.00141276
0.00254261
0.00400587
-0.00119248
-0.00180241
0.00309011
0.00123021
-0.000326071
-0.00311338
-0.000902832
-0.000676765
0.00158381
-0.00421568
0.00510908
0.00103955
-0.00157621
-0.00190261
-0.00200374
-0.00058842
0.000486175
0.00627287
0.000292818
-0.00509523
0.00325658
0.00100872
-0.00430233
-0.000908584
0.00221616
0.000872088
-0.00279084
0.000931269
0.00398668
-0.0022021
0.00237054
-0.00319362
-0.00202202
0.00442187
-0.00105317
0.00437775
-0.00483307
-0.00207621
0.00298342
-0.00238091
0.00124579
-0.000523393
-0.000581453
-0.000381378
0.00275563
0.000299887
0.000946495
0.00080039
-0.00885359
0.00636654
0.00227222
-0.00275586
0.00303826
-0.00305857
0.00055146
0.00389083
-0.00293053
-0.00704849
0.00574298
0.000167675
0.0029092
-0.00509191
0.00156657
-0.00241117
0.00232718
0.00290956
-0.00187559
-0.00149192
0.00144555
0.00165612
-0.000623145
-0.00532515
0.00268501
-0.00217765
0.00492085
0.00185817
-0.00403692
-0.000682389
0.00152968
6.25882e-05
-0.00283571
0.00388684
-0.0017381
-0.000820516
-0.000223498
0.0044015
-0.003148
0.00150543
0.00426463
-0.00388369
6.17933e-05
0.000244994
-0.0012845
-0.00388508
0.00267428
-0.00111894
0.00304183
-0.00101271
-0.0026503
-0.000351321
0.00266967
0.000407885
0.0019901
0.00277042
-0.00343552
0.000132111
0.00124208
-0.0047332
0.00141131
0.00227327
-0.00302993
-0.00162571
-0.000196088
0.00380951
-0.00319385
0.00428789
-6.86601e-05
-0.00338281
0.00321565
-0.000640178
0.00121258
-0.00211712
-0.00205346
0.00184758
0.00271339
0.00205886
-0.0058697
-0.00410993
0.000436924
0.00420508
-0.000278708
0.000584592
-0.00125574
0.0008147
0.00293571
-0.00355367
-0.00514841
0.00889118
-0.00376462
0.00333787
-0.0065975
0.00407446
0.00430658
-0.00139007
-0.00619113
-0.000513832
0.00485795
-0.000857844
-0.00384277
0.00513092
-0.00193132
-0.00201404
-0.00118231
0.00389758
-0.00297787
0.00589188
-0.00286554
-0.00341566
0.00175922
0.0034305
-0.004072
0.00361517
-0.00313082
0.00105055
0.00114276
0.0032525
-0.00472907
0.00228205
-0.00435559
0.00095873
0.000947912
0.000326239
-0.00038722
0.0009133
0.00137497
-0.00431832
0.00207606
0.00196507
-0.00138289
-0.00143231
-0.000934282
-0.00198942
0.0032468
0.00174134
0.00100637
-0.00406427
0.00203336
0.00154117
-0.00258782
0.00185566
-0.00127096
0.00064318
-0.000430458
0.000976373
0.00227341
0.00121834
-0.00358804
0.00514331
-9.16806e-05
-0.000962041
-0.00695369
0.00145609
0.000822989
0.00216706
-0.0042117
-0.00119354
-0.00250566
0.00769502
-0.0022704
-0.00439788
0.00737014
0.00246448
-0.000702544
-0.0026034
-0.00272777
0.00108984
0.00280309
-0.00266852
-0.00160902
-0.0023431
0.00308089
-0.00129586
0.00498398
0.000596094
-0.00542043
-0.000652726
0.00110738
0.000399594
0.00372163
0.00063916
0.000690942
-0.00414815
-0.000991645
0.00350509
0.0010045
-0.00382438
0.000362498
-0.00207585
0.00632425
0.00143691
-0.00396111
-0.00190232
-0.00177475
0.000884923
0.000334293
0.00227903
0.00261901
-0.00136865
-0.000999704
0.000107347
-0.000943599
0.00176607
-0.00481142
0.00166671
-0.00137117
0.00228437
0.00210163
-0.000511341
-0.000879842
0.0026021
-0.00315589
0.00203042
0.000522366
0.000609992
-0.00224285
0.0007308
-0.00101636
-0.000648275
0.000981956
-0.00259468
0.00370556
-0.00107476
-0.00571265
0.00202508
0.00165735
-0.00287092
0.00355855
0.000416369
-0.00411057
0.00301153
0.00299781
-0.00438384
0.00723803
-0.0017125
-0.0021813
0.00016848
-0.00261258
0.000574545
0.00304336
-0.00162633
0.000695185
0.000108165
0.000836296
-0.0012741
-0.000556635
-0.00130538
-0.000503087
0.00336543
-0.00123061
-0.00316027
0.00394664
0.00359601
-0.00605545
-0.00108934
-8.07694e-05
0.000574744
-0.000118298
0.00209137
0.000493056
0.00198986
-0.000484289
0.000636107
-0.00328274
-0.00350099
-0.00149201
0.00835035
-0.000382001
0.00187399
0.000288494
-0.00672805
0.0014592
-0.00169414
0.00292092
0.00171892
0.00171681
-3.84254e-05
-0.00082618
-0.00357224
-0.00167234
0.00315137
-0.0015072
-0.00120844
0.00113835
0.00243519
-0.00411909
0.00281878
-0.00120211
0.000303575
-0.00123265
0.0042761
-0.000201256
-0.00216258
0.00139483
-0.0018344
-0.00219707
0.00278788
0.000171814
-0.000834415
-1.44728e-05
-0.00185004
0.00253899
-0.000161164
-0.00353703
0.00198593
0.000783304
0.00186496
-0.000370819
-0.00125562
0.000357425
-0.00131724
0.0032212
-0.00266285
0.00065056
-0.000113244
0.000479625
-0.00168764
0.000262592
0.0021269
-0.00162188
7.12583e-05
-0.00128373
0.00245808
-0.00279621
-0.000573839
0.0046758
-0.000250851
-0.00081259
0.000719695
-0.00116882
-0.000767408
0.00059992
0.00236921
-0.00363898
0.00018252
1.02647e-05
-0.0006441
0.00217514
-0.00116982
0.00262932
0.000475633
-0.00389139
0.0021005
0.00274734
-0.00269076
-0.000899991
-0.00207271
0.00074873
-0.00155487
0.00101573
0.000678369
0.0011717
-0.000120192
0.00124231
-0.00111825
-0.00210211
0.00124886
0.000714472
-0.000233128
0.00127068
0.000933905
-0.002017
0.00160322
-0.00243881
-0.00287839
0.00438993
-0.000269543
0.00217863
-0.0012457
-0.00132031
0.00420351
-0.00658854
0.00523662
-0.0034387
-0.00027507
-0.00200669
0.00539176
-0.000696487
-0.00157374
-0.00169264
-0.00313353
0.00326426
0.000101056
0.00112954
0.0019178
0.00384793
0.000919876
-0.0036958
0.000655905
-8.25066e-06
-0.00349338
0.000923995
-0.00165553
-0.000896683
0.00193866
0.00133171
-0.00109395
0.000156517
-0.0020908
0.00131267
0.00490877
-0.00351093
-0.00281207
0.00165149
0.00460457
-0.00485278
0.000645035
0.00089693
-0.00287885
0.00179991
0.000430282
-0.000708739
-0.001874
0.00382874
-0.00585909
0.00565167
0.000214546
-0.0044385
0.000347012
0.00350767
-0.00124997
0.000139284
-0.0014933
0.00108618
0.000572447
-0.00155371
0.00159052
-0.00294908
-0.00026958
0.00139696
0.00192231
-0.00453902
0.000539722
0.0045713
-0.00392509
-0.00245086
0.00343084
-0.00046288
-0.00435914
0.00362954
-0.000563965
0.000121124
0.000810414
0.00320366
-0.0057071
-0.000397344
0.00544677
-0.000723245
-0.000582108
-0.00162687
-0.00222378
0.00546955
-0.00107406
0.000936346
-0.00045837
-0.00013302
0.00113328
-1.08404e-05
-0.00125188
0.000241866
-0.000665281
-0.0021148
-0.000430826
-0.0023722
0.000522514
0.00383891
5.61851e-05
-0.000274256
0.000260681
-0.00354341
0.00066407
-0.00080061
0.00564908
-0.00642549
0.00146606
0.000206774
-0.00174032
-6.54704e-05
0.00214693
-0.00228137
0.00610959
-0.00174813
0.0002574
-0.00195284
0.000651528
-1.1797e-05
0.00272382
-0.000947538
-0.00345035
1.53505e-05
0.00283086
-0.00435561
0.00290816
0.000102359
9.3163e-05
-0.000527507
0.00151027
-0.00154022
0.00282305
0.00177218
-0.00228601
-0.00103903
-0.00215011
-0.000584685
-0.00366634
0.00317451
-0.0016479
0.00805606
-6.60944e-06
0.00145642
-0.00249883
0.0001087
-0.00280059
-0.00286316
-0.000320967
0.00139932
-0.00219812
0.00255481
0.00416615
-0.00278177
0.000144662
0.000102832
0.00102341
0.00114608
-0.00144132
-0.000984601
0.000645876
-0.00077974
-0.00230451
0.000783049
-0.00150747
0.00134112
0.00248406
0.00204188
3.68574e-05
-0.00394242
-0.000628208
0.00299447
-0.00240322
0.00198983
-0.00111584
0.00246731
-0.00187383
0.00230073
-0.00100321
0.000534014
-0.00144503
-0.00230028
0.00379495
-0.00340969
-6.83023e-05
0.00192876
-0.00132974
0.00346622
-0.000391423
-0.00308978
-0.0020296
0.00460557
0.000220448
-0.00441328
0.00177788
-0.0001636
-0.00109951
-0.000485534
0.00301636
-0.00103713
-0.00435609
0.00140249
-0.0015232
0.00631081
-0.00323037
0.00120507
0.00132719
-0.00120154
-0.00259976
0.00061789
0.00273657
0.00194924
-0.00435742
0.002246
0.00173417
-0.000571096
0.00225102
-0.00264353
0.0032793
-0.00344132
0.00169012
0.00135041
-0.00315823
-0.00141682
-0.000909787
0.00245527
0.00207098
0.010775
-0.00477661
-0.0312741
-0.00676781
-0.0126575
0.00825459
-0.0148017
0.0197178
0.0112962
-0.00121481
0.00483466
0.0024646
0.00165231
-0.00174251
-0.00353923
0.00348607
-0.00272246
0.0045695
-0.00370034
0.000857934
-0.00158823
0.000929295
0.00180339
0.00116211
-0.00167866
0.00166456
0.000400694
-0.000988644
-0.00106091
-0.0021746
0.00407483
0.00143962
0.0009686
-0.000455869
-0.00387882
-0.00223633
0.00104821
-0.00482551
0.00350044
0.00367633
0.00236804
0.000249614
0.00236566
-0.000316281
-0.000869226
-0.00498919
-0.000604686
-1.51005e-05
-0.00248984
0.00267461
0.00263089
0.000629857
0.000275504
0.000474921
-0.000978666
-0.00440812
0.00347391
-0.000448037
0.00229647
-0.00201863
-0.00117821
2.93823e-06
0.00243318
-0.00262641
0.00354299
-0.00251744
-0.00319949
0.00391913
-0.00364339
0.00109262
0.00287276
-0.0035517
0.00723648
-0.00102963
-0.00111728
-0.00263439
0.0024589
0.00271311
-0.00163077
-0.0029908
0.000636143
-0.000580874
-0.000277679
0.000986569
0.00316223
-0.00184124
0.000277851
-0.000211304
-0.00552639
-0.00543322
-0.00680398
0.00556916
0.00105693
0.000970202
0.00359439
-0.00286718
-0.00231581
0.00165918
-0.00265887
-0.00287825
0.000336235
0.00424351
-0.00219142
-0.00200556
-0.00109527
0.00198925
0.00164777
-0.0042476
0.0026473
0.00136966
1.88426e-05
0.0051075
-0.00203075
0.00369386
-0.00141916
-0.00190951
7.08606e-05
-0.00151423
0.0020276
0.000547843
0.000130966
-0.00180268
0.00233698
-0.00297841
-0.000913276
0.000143207
0.000722192
0.00188604
-0.00220618
-0.00293148
0.00248487
0.00161325
6.42901e-05
0.000403154
-0.00973078
-0.0102145
-0.0207032
-0.0143714
-0.00199856
-0.0105418
0.00396086
0.00319805
0.00374488
-0.00468895
-0.000276785
0.00254934
0.00126876
0.00187565
-0.00116991
0.00438005
-0.00228095
-0.00135554
-0.00184691
0.000726326
0.00119077
0.00456816
0.00470389
-0.00861643
0.00331734
-0.00170262
-0.00586765
0.00506797
0.000119453
0.00102933
-0.00150904
0.00375865
-0.00274973
0.00251097
0.000398002
0.000383908
-0.00483564
0.000353979
0.000143251
0.00290338
0.00180317
0.000500145
0.000397945
0.00078862
-0.0049091
0.00295079
-0.00349285
0.000953323
-0.00235161
0.00983656
0.00189933
0.0321714
0.0102046
-0.00770517
0.00381815
0.00487964
-0.000476872
-0.00582426
0.00085527
0.000317916
-0.00131605
-0.00396817
-0.000474302
0.00598396
0.000401876
-0.000717682
-0.00162833
-0.00286003
0.00039026
0.000519221
-0.00469685
0.00680271
-0.00032972
-0.00483384
0.00158367
0.000328488
0.000230159
-0.00102367
0.00072962
-0.000239458
-0.0031667
0.00197476
-0.000738571
0.00490065
-0.00025673
-0.00211184
0.00253656
-0.00400516
0.000810021
0.00096186
0.000984325
-0.00136191
-0.000784029
-0.00522282
0.0012021
0.00635457
-0.00493132
0.00100879
-0.00174384
0.00135814
-0.0008911
0.00222038
0.00228373
-0.000129891
-0.00237653
-0.00138071
-0.00128266
0.00574876
-0.0011549
-0.00132534
9.59155e-05
-0.000850527
-0.00258589
0.00507324
-0.00282587
-0.00150179
-0.000292442
-0.00137722
0.00276979
0.00356645
-0.00319002
0.000389872
0.00321791
0.000193361
-0.00340112
0.000483093
0.000441534
-0.00101826
0.00117079
-0.00118605
-0.000768215
0.000943664
-0.000253895
-0.00152431
0.000192952
0.00350074
-0.00472725
0.000701483
-0.000874429
0.00330834
-0.00188036
0.0016421
-0.000397861
0.00017529
-0.0020093
0.00191028
-0.00171867
-0.00437244
0.00207333
0.00511416
-0.00296808
-0.000664286
0.00152927
0.00124639
-0.00311792
0.00183276
0.000237093
-0.00165333
0.00144574
-1.77797e-05
0.00329247
0.000448822
-0.0011256
-0.00246548
0.00110042
-0.0038377
0.00150012
0.000105938
0.00135687
-0.0012017
0.00080808
-0.00196046
0.00224112
-0.000809571
0.00237329
0.00450463
-0.00680142
0.00106763
0.0013884
-0.00203321
-0.000663271
-0.00280894
0.00467623
-0.000540852
0.00105463
0.00104559
0.0024514
-0.00422297
0.000349462
0.00229032
0.0112636
0.00159428
0.0103462
0.0132598
0.00524861
0.00422755
0.00454329
0.0229134
0.00577746
-0.0542084
-0.0363938
-0.0265933
-0.00130934
-0.00364762
-0.00842642
0.00106641
-0.00344946
0.0136877
0.0092811
-0.00241196
0.00447591
0.00629997
0.000117901
-0.00483284
0.00474519
0.000988006
-0.0010379
-0.000775268
0.00500607
0.0108617
0.0031539
0.0035725
-0.00155243
0.00574805
-0.000726187
0.00987146
0.00587134
-0.00786708
-0.00338384
0.00240434
0.00670943
-0.0083724
-0.00199315
0.00108379
-0.00710379
-0.00239544
-0.0055495
-0.00148703
-0.00149846
-0.00272822
0.00292021
-0.00899802
0.000930091
0.00518573
0.0094513
0.00842417
0.000942773
0.00202925
0.000847099
0.000839915
0.00705133
0.00184926
0.00403046
-0.000145704
-9.0405e-06
0.00263363
-0.00225381
0.00547467
-0.00596117
-0.00152382
-0.00261636
0.000873508
0.000149776
-0.00362501
0.00395379
-0.00344417
0.00274328
0.0090101
-0.00122393
0.00319208
0.00376301
0.000823503
0.00458322
0.00227294
-0.0054256
0.00158374
0.00788542
0.00256599
0.00160661
0.00381482
0.00172017
-0.00990322
-0.00109982
-0.00496289
-0.00327981
0.00208592
0.00456392
-0.00156761
-0.00162363
0.00236208
0.00223754
0.00133574
0.00763533
0.00182528
-0.00651477
0.00169031
0.00878749
-0.000393103
0.00119211
0.000965957
-0.000804925
-0.00180605
0.000472395
0.00286976
-0.00215386
-0.00966037
0.00187151
-0.00279977
0.00685953
-0.00399236
-0.00465137
-0.00256571
0.00317361
0.00397182
-0.000674261
0.00635473
0.00125664
0.00271142
0.00646566
-0.00272859
-0.00201356
0.000796479
0.00187908
0.00299298
-0.00542445
-0.00114037
4.43633e-05
-0.00248812
0.00115716
0.00153939
-0.000611694
-0.00115174
-0.00387051
0.000683449
-0.00957177
-0.00178935
0.00699626
0.00654348
-0.000646817
-0.00214083
-0.000935651
0.00572077
0.00123663
0.00087068
0.000449432
-0.000462458
0.00124911
0.00380541
-0.00428389
-0.000801306
0.000512892
0.00498203
-0.00536429
-0.00305259
-0.00412847
-0.000402961
0.00210234
-0.00104728
-0.00107049
-0.00300858
0.00397461
-0.00103877
0.0022985
0.000789835
0.000301451
0.00541864
0.0042856
-0.00107774
0.00185633
-0.000479031
0.00244259
0.00102968
-0.00588686
-0.000766181
0.00462357
-0.00113199
-0.00270885
-0.00466991
-0.00407667
0.00194677
-0.00066386
0.00147703
-0.00128495
-0.000416145
0.00121855
-0.00187803
0.00243239
0.00110596
0.000500672
0.00611927
0.000522344
0.00119852
0.00510105
0.00326735
-0.00312507
-0.00202968
-0.00353119
0.00209308
0.00242351
-0.000746162
-0.00212127
0.00027394
0.00168276
-0.00310569
-0.00303471
-0.00616899
0.00605594
0.000830086
-0.00345028
-0.000932493
0.00864617
0.00537585
-0.00372075
0.00259706
0.00112379
0.000628364
-0.00166549
-0.00433934
0.00188409
0.00520701
-0.000429456
0.00104961
-0.000966245
-0.00131216
0.00469331
-0.00679471
-0.00394802
0.00187522
0.00145031
-0.00171531
0.00107179
0.00204397
0.0028193
0.00140212
-0.0059849
0.00609821
-0.000979697
0.0013828
-0.00185833
0.00191612
0.00445795
-0.00348193
-0.00262758
0.00286875
-0.00399954
0.00315118
-0.00527113
0.000711969
-0.00360867
0.00302158
-5.93142e-05
-0.00727488
0.00465808
-0.00145796
0.000574716
0.00134395
0.00156231
0.00173255
-0.00114003
0.00218524
-0.000831128
0.00336377
0.00318263
0.000304272
-0.00162553
-0.000632748
-0.00226287
0.00190809
-0.00388332
-0.00685958
0.000352009
0.00286079
0.00258842
-0.00449057
0.000535388
0.0048932
-0.00446305
-0.00698878
0.000125797
0.00517712
0.00849389
-0.00033627
-0.0028597
-0.00211798
0.00893132
-0.00102721
0.00717096
0.00057738
-0.00470837
0.000351896
-0.00436391
0.000585371
0.00593652
-0.00520448
0.000768986
-0.00368465
-0.000722769
-0.00302688
-0.00181491
-0.00111128
-0.00168553
0.0042675
-0.00062691
0.00154561
-0.000249919
-0.00336111
-0.00453869
0.0035321
0.00484203
0.00384325
0.0029831
-0.000975274
0.00723887
0.00540113
-0.00318872
0.00026054
0.00446622
-0.00474024
-0.00114819
-0.00582331
-1.33606e-05
-0.00394978
-0.00457062
-0.00314746
0.00326171
0.00210295
0.0045636
-0.00870799
0.00062521
-0.000400416
0.00634965
0.000855538
-0.00656109
-1.96208e-05
-0.000885315
0.00329802
0.00459532
0.00130783
-0.00366297
8.43374e-07
0.00222318
-0.000529451
-0.000330944
0.00458399
4.51284e-05
-0.00137866
-0.00165341
-0.00152152
-0.000111082
-0.000631091
0.00237431
0.00130725
0.000386142
-0.00210135
-0.00663639
0.00521141
0.000122758
-6.55863e-05
-0.0017312
0.00271725
-0.00244822
0.0038357
0.00447717
-0.00348799
-0.00382221
0.0036181
-0.0013685
0.00543076
-0.0044231
0.000318884
0.000537631
-0.00210993
-0.00118117
0.00638279
-0.00199104
-0.00498774
0.00434676
-0.00321455
0.00229044
-0.00184374
-0.00299529
0.00403419
-0.000697497
0.000996945
-0.00169147
-0.00424551
0.0020986
0.000423606
-0.00181938
0.000527085
0.00555334
0.00139828
-0.00103297
-0.00569915
0.00254769
0.00126525
0.000463153
-0.00123046
-0.000771323
-0.00178896
0.00342901
0.00412176
-0.00245725
-0.00193688
0.00120697
-0.00102822
0.00252389
-0.00412783
0.00624108
0.00737531
0.00162952
-0.00800808
0.000853887
-0.00183726
-0.00491685
-0.000130685
0.00323444
0.00274542
-0.00578786
0.00160351
0.00563966
-0.000571833
-0.00667752
0.00363879
0.00352972
0.00443703
-0.00266222
0.00394297
-0.00526214
0.00406812
0.00366252
-0.00500226
-0.00102878
-0.00308965
-0.000368249
-0.00603417
-0.000182524
0.00224947
-2.23277e-06
-0.00230726
0.00234525
0.00249202
-0.00104562
0.0022911
0.00277336
-0.00365726
0.00572576
-0.0014019
0.00201071
0.00317016
0.00145592
0.00815532
0.00121837
-0.00068687
-0.00253327
-0.00140254
0.00267487
0.00725908
-0.00210836
-0.00296349
0.00225807
0.00170672
0.00144915
0.00125799
-0.00389093
0.0034261
0.00131466
0.00308663
0.00176532
0.00775624
0.00148097
-0.00119954
-0.0011546
0.00135139
-0.0045148
0.00546867
-0.000514731
0.00291941
-0.000987941
0.00235232
0.000396198
-2.6501e-06
0.00305541
-0.00150057
-0.00513723
-0.050486
-0.0247809
-0.024462
-0.0197665
-9.32824e-05
0.00658594
-0.0174325
-0.0139312
-0.00688326
-0.0148022
0.00749237
-0.00510654
0.0162406
0.0126737
0.00477232
-0.00100125
-0.00766423
0.00744317
0.000386772
0.00554704
0.0018034
-0.00180808
0.0012805
-0.00474831
-0.000623257
0.00742361
0.00125242
0.00088099
0.00420346
0.0010181
0.00309981
0.00339282
0.00134575
0.00118677
0.00179883
0.00592171
0.00141807
0.000924013
0.0011719
0.00614666
0.001316
0.00525767
-0.00230481
-0.000595914
0.0022993
-0.00370581
-0.00266386
0.00264565
-0.000798421
0.00491843
0.00174254
-0.00120036
-0.00070432
0.00587408
0.00278955
-0.0032405
-0.00232474
0.00179003
-0.00122426
0.00384332
-0.00126535
0.00051088
0.00289026
0.000736798
-0.00439104
0.000573003
0.00498183
0.00378868
-0.00540864
-0.00254462
0.000555455
0.00194505
-0.00209764
0.000322152
0.0021206
0.000448977
-0.00294668
0.000139832
0.000698259
0.0021915
-0.00297142
0.00599613
0.000385016
-0.00474479
0.00204492
0.00343542
-0.000560432
7.97789e-05
0.00263845
-0.0071207
0.00340076
-5.89534e-05
-0.00160665
0.00143683
0.00195969
-0.00174721
0.000947799
0.00114128
-0.00549452
-0.00149134
0.00939845
-0.0015986
-0.00318421
0.00161188
0.000396065
0.00350268
0.000686811
-0.00204132
0.000335865
-0.00564964
0.00559882
0.00199968
0.000178176
-0.00733937
-0.00445467
0.00553191
0.000815204
0.00040016
0.00142567
-0.00104892
-0.000538831
0.00148906
0.000488323
-0.00262547
0.00288484
0.00244668
0.00209541
-0.0015604
-0.00200677
0.00117381
-0.00179163
-0.00148401
0.00498155
0.00313666
-0.00477564
0.00180524
-0.000746983
-0.00662804
0.00404549
0.000781092
0.000186726
-0.00346381
0.00402211
0.00375714
-0.00119161
0.00375998
-0.00454377
-0.000384413
0.000100483
-0.00101252
0.000869173
0.00151658
0.00412258
0.00136605
-0.000661654
-0.00488608
0.000508785
-0.00468389
0.0015019
0.00152003
0.00222713
0.00289657
-0.0048637
0.0019131
-0.00153461
0.00310061
0.000985168
-0.00028227
-0.00143815
-0.00132914
-0.00384175
0.00175645
0.000192606
0.000607589
0.00209401
0.00122284
-8.80903e-05
0.0029137
0.00367436
-0.0056503
-0.00294968
0.00443212
0.000743347
-0.000258849
-0.00200503
-0.00168556
0.00363966
-0.00427311
0.00324647
-0.00147987
-0.000693083
9.23758e-06
0.00490999
-0.000954083
-0.0061877
0.00523961
-0.00190079
0.00173188
0.000956436
-0.00112692
-0.00308873
0.000368153
-0.00168118
0.0014158
0.00655586
-0.0100917
0.00306626
0.000235509
0.000747383
0.00236439
-0.000164895
-0.000860614
0.000673244
-0.000652907
-0.00190984
0.00439985
-0.00374828
0.000503298
0.0026188
-0.00014782
0.00165357
-0.00563719
0.0022158
-0.000166042
0.00268792
0.000939856
-0.00278416
0.000916177
-0.0023251
0.00195889
0.00143699
-0.00213633
0.000298008
-0.000864691
-0.00363217
0.00424966
0.00240294
0.00045031
-0.00125651
-0.00408341
-0.00115029
0.00258413
-0.001809
0.00419634
0.00380223
-0.0068471
0.00394925
-0.0025428
0.00202545
0.000903022
-0.0014964
0.0020197
-0.00043508
-0.00375015
0.00236575
0.00019216
-0.000363606
-0.00147832
-0.00129528
0.00449954
-0.00252799
0.00179803
0.00141666
-0.00512308
0.00264043
0.000623425
0.000910277
-0.00061705
0.00194792
-0.00271451
0.000171111
-0.00478371
0.00273105
-0.0011721
0.00157757
0.000924872
0.0011605
-0.00173737
0.00176541
-0.000324936
-0.00144966
0.00161449
-0.00236742
0.000942968
-0.00310909
-0.000904225
0.00303248
0.00191915
0.00236835
0.000240295
-0.00651958
0.00196468
0.00279686
0.00168821
-0.000791991
-0.00279498
-0.00291812
-8.26406e-06
-0.00344339
0.00648623
-0.00131473
0.00194025
-0.00130657
-0.000916821
0.000857669
-0.00352267
0.00461413
0.000582929
-0.000221057
0.00353929
-0.00232218
-0.00333734
0.00124876
0.00230218
0.00278028
0.00054417
-0.00195328
-0.00235667
0.000950426
-0.00498088
-4.449e-05
0.000693587
0.00421216
0.000108426
-0.00267731
0.00308081
-0.00101227
-0.00102818
0.000407786
-0.00147862
-0.000279382
0.00145046
-0.0041379
0.00404276
-0.00245755
-0.000899468
0.00336516
0.000794903
-0.00176234
-0.000353216
-0.000978881
0.000444821
0.000432998
0.00149748
-0.00034297
0.00371513
-0.00132239
-0.00357804
0.00318658
-0.000367022
-0.00299085
-0.000171532
-0.000304576
0.00288688
-0.00419526
0.00346217
0.0011784
0.00144402
-0.00145008
0.00159422
0.000399019
0.000446591
-0.00272918
-0.0025528
-0.000423717
0.00365916
-0.00289188
0.00374479
-0.00475689
0.00137562
-0.000373716
8.25294e-05
0.00180908
-0.00141547
-0.0014849
0.00110426
0.00203547
-0.00225226
0.00445287
-0.000672917
-0.00330615
0.0012197
-0.000955212
-0.00290384
0.00239178
0.000966275
-0.00123099
0.00386753
-0.00049536
0.00147639
-0.00101688
0.000732685
-0.00073319
0.00313789
0.00034047
-0.0023376
-0.00344409
0.00468785
-0.00357569
0.000515867
0.00231357
-0.00615081
0.0027954
0.000328379
-0.000984174
-0.000147065
0.00245532
-0.000335347
-0.00338445
0.0034839
0.00352448
-0.00505936
0.0023587
-0.000439114
-0.0020032
-0.0013851
0.00556074
-0.000894334
-0.00482972
0.00326924
0.00091679
-0.000339686
-0.00276995
0.0020268
0.00319619
-0.00512647
0.000917288
-0.00482616
0.00050647
0.00696831
-0.000151257
-0.000841762
-0.00210115
-0.0017713
-0.000281523
0.00192194
0.00516716
-0.000226713
-0.00039314
-0.000296374
0.000682582
-0.00131048
0.000730231
-0.00490322
0.0028127
0.000378823
0.000264387
-0.00265094
-0.00181477
0.00604808
-0.00197344
0.00541486
-0.00670065
0.00070476
-0.00113796
0.00187943
0.00039672
-0.00302216
0.00177025
-0.00190259
-0.00059849
0.00217219
-0.00415281
0.00577372
-0.00249956
0.000479005
0.000451278
-0.00163728
0.00296623
0.00118811
0.000430703
-3.70245e-05
0.0013453
0.00281567
-0.00386346
-0.00193357
-0.00126732
-0.00250629
-0.00239684
0.00241138
0.000576458
-0.000512781
0.00321371
0.000931376
0.000995513
-0.00294402
0.00113332
-0.00185471
0.00186388
-0.00152731
5.5824e-05
0.00075171
-4.36422e-05
-0.000676581
7.66593e-05
0.00100303
0.00446287
-0.000440054
-0.00506895
0.000182468
0.00316243
8.77442e-05
-0.00467317
0.00592375
-0.00213197
-0.0054561
0.00227602
0.00224527
0.00264203
-0.00149174
-0.000438915
0.00213565
0.000329092
-0.00131815
-0.000790988
0.000705899
-0.00128857
0.00496777
-0.00139451
-0.00409262
-0.00166469
0.00380192
0.00300579
-0.00232308
-0.0035094
-0.00121275
0.000888017
0.00200542
-0.00305578
0.00103574
0.00163821
0.000411846
6.64341e-05
-0.00271667
0.000151397
-0.001703
0.00225966
0.00104253
0.000480498
-0.00127819
0.00115934
-0.000645926
0.00243691
0.00168313
-0.00252938
0.00118493
-0.00183958
-0.00547636
0.00208491
0.0011906
0.00213783
0.000824933
-0.00234191
0.0025014
0.00275006
-0.00953623
0.00806993
-0.00375251
-0.000525816
-0.00154536
0.00350716
-0.000349505
-5.42454e-05
-0.000580477
-0.00229036
0.00191783
0.000158146
0.00155834
-0.000411468
0.000303897
-0.000733549
0.00191247
0.000360322
0.000270497
-0.00191503
-0.00059159
0.0036821
-0.00371028
0.00233851
0.00410495
-0.00323985
-0.00350796
0.000698111
0.000751779
0.000671433
-0.000401787
-0.00236636
0.00276878
0.00182398
-0.00242896
-0.00147926
-0.00199605
0.000540811
0.00188062
0.00197175
-0.000193722
0.00178464
2.97012e-05
-0.00178355
0.000507466
-0.00128097
0.00786817
-0.00219411
-0.00319563
0.00125118
-0.00286792
-0.000796951
-0.000194555
0.00300887
-0.0041917
0.00236108
0.00175401
0.000946728
-0.00187902
-0.000772905
-0.0012915
-4.36656e-05
0.000436044
0.000248961
0.000985588
0.0043565
-0.00683467
-0.000248425
0.00665615
-9.67686e-06
-0.00503699
0.000801943
-2.71906e-05
0.00126762
0.00434854
-0.00534277
-0.000261902
0.000686604
-0.0023053
-0.00485245
0.00125285
0.00583171
-0.00271404
0.00224896
0.00342021
-0.00510965
0.00260309
-0.00186362
-0.00344391
0.0013745
0.00338402
2.11995e-05
-0.000634056
0.00157909
0.00106703
0.00336346
-0.000553706
-0.00478639
-0.00347609
0.00158784
0.00310351
0.000665318
-0.000422282
-0.0004526
-0.000973303
0.00469388
-0.00273156
-6.89995e-05
0.000680109
0.00271658
-0.00527076
-0.00647973
0.000198877
0.0029213
0.00293946
0.000583592
-0.00356073
0.00186042
0.00214095
0.00403514
-0.00207557
-0.00258544
0.00341385
-0.00222412
0.000911003
-0.00299346
0.00309586
-0.00366064
0.0013766
0.00188977
-0.00559709
-0.000179029
-0.000687444
0.00165036
0.00229358
-0.00161922
0.00363709
0.00188347
-0.00125351
-0.000880576
0.000378919
0.000108293
0.000230063
-0.00274157
0.000973743
-0.000537201
-0.00334579
0.00480403
0.00083902
-0.00119608
0.00124754
-0.00230038
-0.000675146
0.00303894
-0.000989723
-0.000518056
-6.68662e-05
-0.00166535
0.00227461
-0.00326825
0.00476746
-0.000432693
0.000203349
-0.000920601
-0.00254278
0.00405321
-0.000597232
0.00104017
-0.0040916
0.00045745
0.0056148
-0.00274597
-0.00135952
0.00287209
0.00305144
-0.00718276
-0.000223585
0.00167158
-0.00109579
0.0025344
0.000705249
-0.00161484
-0.00109739
-0.00197757
-0.000974236
0.00471444
-0.00125615
0.0011203
-0.000858644
0.000892058
-0.00314142
0.00227195
0.00133332
-0.00364772
0.00544839
-0.00338656
0.00148369
0.00480977
-0.00106657
-0.00469315
-0.00179848
-0.00126311
0.00272418
0.000850253
-0.00212009
-0.000115104
0.000872218
9.73339e-05
0.000940025
0.00245716
-0.00385594
-0.00252598
0.00565468
-1.59736e-05
-0.00227859
-0.000895549
-0.00364783
0.00129516
0.00117176
0.00173948
-0.0007098
-0.00295535
0.00133082
0.000306987
0.00162894
-0.00398185
0.00279987
0.00285914
-0.00192996
0.000996704
0.000795664
0.000368509
-0.00386238
0.000293632
0.00186965
-0.000861239
0.000237954
0.00169681
-0.000142762
0.00101153
-0.000755139
3.19679e-05
0.000318353
0.0031101
-0.000862597
-0.000146116
-0.00455378
0.00536929
-0.00284659
-0.000143226
0.0017598
0.000551087
-0.00549746
0.000248781
0.00282548
-0.00105987
0.00344999
-0.00482017
-0.00202638
0.0034381
0.000821903
-0.00179615
0.00256692
0.000652768
-0.0025098
0.000453945
0.00694397
-0.00724341
0.00214382
0.00243674
-0.00554523
0.00181771
4.69234e-05
0.00166145
-0.00425764
0.00111686
0.0019191
0.000487658
-0.00352153
0.00500888
0.000493691
-0.000566382
-0.000241177
0.00203411
-0.000365126
0.000470512
-0.00338703
-0.00242636
-0.00384588
0.00208079
0.00137406
0.0015096
0.000827413
0.000214055
-0.00240952
0.000563761
0.00188659
0.00169201
-0.00169009
0.00114146
-0.00308526
0.00138636
-0.0015283
-0.00453645
0.00188999
0.00247898
0.00379837
-0.00162956
-0.00539688
0.00541913
0.000464333
-0.000137939
-0.0038949
0.00593801
-0.00160199
-0.00101858
-0.00150579
3.96885e-05
0.00169025
-0.00426937
0.00547942
0.00107155
-0.00414181
-0.00155576
0.00317248
-0.00205017
0.00160965
0.000492377
-0.00399229
0.00233179
-0.00271491
-0.000649019
0.00750584
-0.00374601
0.00370481
-0.00523978
0.000213489
0.00544942
-0.0018036
-0.00181695
-0.00106326
0.000417513
-0.00289966
0.000496846
0.00215164
0.00364118
-0.000869384
-0.00224826
0.00208134
-0.00205297
-0.00160075
-0.00122444
-8.57148e-05
-0.00253927
0.00819016
-0.0025976
0.00365274
-0.00324756
-0.00068053
0.000700812
-0.00143799
-0.0015954
0.00678117
-0.000257225
-0.00318168
-0.000407458
0.000523907
0.00224065
-0.000963523
-0.00616724
0.00663359
-0.000782208
0.00228253
-0.00330803
-0.000256448
-0.000379303
0.00383421
-0.00117826
-0.000444458
0.00012555
-0.000935418
-0.00227956
0.00166176
0.00146267
0.00362958
0.00215417
-0.00664172
-0.00214766
0.00153682
0.00281488
-0.00282749
0.00273097
0.00199773
-5.8309e-05
-0.00156951
-0.00461993
0.00397259
-0.00231234
0.00261225
0.0011315
-0.00342145
-5.78915e-05
4.97989e-05
-0.000206779
0.00232751
0.000745779
-0.00052957
0.00100782
0.000858917
-0.00809038
0.00127567
-0.000420872
0.00540531
-0.00189199
-0.000317828
0.000716267
0.0016882
-0.00325312
-0.000777681
0.00232051
0.00206914
-0.00306889
0.00165267
-0.00239998
0.00093202
-0.000797294
0.0014538
-0.00094346
0.0025986
0.00308251
-0.00525326
0.000753421
0.00215777
-0.000689694
-0.000408307
0.00141057
-0.0014154
-0.0011586
-0.000524644
0.00179715
-0.00361977
0.000695805
-0.000278094
0.00190862
-0.00353786
0.00236934
0.00274831
-0.00128401
0.00196495
-0.00327432
-0.000507225
-0.00159733
0.0013656
0.00161569
0.000303713
0.000786026
-0.00187948
-0.0037909
0.00350872
-0.000326914
0.00125805
0.00287728
-0.00174712
0.00256967
-0.00213448
-0.0010632
0.000457832
-0.00117299
0.00167227
-0.00134899
-0.000660689
-0.00295643
0.0026594
0.00526084
-0.00248707
-0.000513169
-0.000618263
-0.00428354
0.0082172
-0.00308854
0.00371209
-0.000504506
-0.000588829
-0.00512617
-0.00140121
0.00386441
-0.00280127
0.00152599
0.00211398
0.000505363
-0.00373033
0.00326761
-0.00311703
0.00180516
-0.00273643
0.00614877
-0.00117629
1.54396e-05
-0.00375798
-0.000229579
0.00203518
-0.0027114
-0.0016947
0.000748897
0.00265461
0.0023181
-0.00261268
0.00132301
8.85124e-05
0.00146249
0.000456103
-0.000327763
-0.00280882
-0.000236375
0.00169018
-0.00210884
-0.00194548
0.00329581
0.00120754
-0.00364247
-0.00198151
0.00442013
-0.000814532
0.00254067
0.000221365
-0.0034011
0.00308502
-0.00309608
-0.000620311
0.000206398
0.00656728
-0.00561045
0.00100854
0.000498688
-8.8064e-05
-3.36178e-05
-0.00140119
7.83623e-05
-0.00126414
0.000727413
0.0025445
-0.00194643
0.00104261
0.00113512
-0.00205807
0.00100462
0.00235427
-0.00268893
0.00127786
0.00139379
-0.00104531
-0.00278904
-0.00211153
0.00310062
0.00334543
-0.0020845
0.00120462
-0.0039362
0.00471687
-0.0021282
0.0011543
-0.00178337
-0.000458589
0.00112772
-0.00061264
0.00124725
0.00224095
-0.00429296
0.00133003
0.00197048
-0.00574731
0.00153914
-0.000145364
-0.00138702
0.000659113
-0.000215153
0.00298207
0.00328607
-0.00428833
0.00126581
-0.00608852
0.00489325
-0.000311227
0.00145576
0.000187062
-0.00159356
-0.00372989
0.00558096
0.00342658
0.00139578
-0.00788881
0.00288079
-0.0020079
-5.15511e-05
0.00126505
-0.00224591
0.00086992
0.00138735
-0.000752534
0.00112824
0.000853363
-0.00183822
-0.00268983
-0.000746118
0.00373168
-0.00277287
0.00234768
0.000748773
-0.00326225
0.00251664
-0.000114703
-0.00244083
0.000419634
0.000516439
-0.00191152
0.00412525
0.00307091
-0.0076121
0.00670453
-0.000578856
-0.000187046
-0.00674262
0.0039879
-0.000772537
-0.00131465
0.00027744
0.00645585
-0.00153633
-0.00322267
-1.37002e-05
0.00124377
0.00294736
0.00209854
-0.00369464
-0.00152643
-0.00124321
0.00234447
-0.000793523
0.00429499
-0.00278264
-0.00196727
0.00285182
0.000472444
0.000728627
-0.00658232
0.00417699
0.00191423
-0.00109875
0.00113976
0.00291216
0.00114315
-0.00186817
-0.00461088
0.00305521
-0.00310836
-0.00257354
0.00239398
0.000457999
-0.00147763
0.00272696
-0.00256125
0.00397032
0.00102207
-0.00413314
0.00114328
-0.00265087
0.00105418
-0.00108663
0.00166457
0.00314334
-0.00224181
0.000153699
0.00300938
-0.00335747
-0.000730339
0.00412875
0.000993865
-0.00262928
-0.00408558
0.00175526
0.00039985
0.00172906
-0.00166992
-0.00186727
0.00300876
0.000330868
-0.00343877
0.00306925
0.000637058
0.000733286
-0.00343145
-0.00206198
0.00807568
-0.0041979
-0.000516271
0.000681301
-0.00226071
-0.000409192
0.00239118
0.000562734
-0.00622644
0.00474326
0.000294398
-0.00353025
0.00433626
-0.000825461
-0.00492691
0.00231115
0.00361163
-0.00404009
-0.000586699
0.00442274
-0.000383123
-0.00348568
0.00183296
-0.00012873
-0.000626623
0.00222559
-0.00134001
-0.00284326
0.00145311
0.00595705
-0.00255539
0.000221218
0.00122543
-0.00591916
0.000407476
0.00113293
-0.00122512
-0.000292874
0.00479829
-0.00120404
-0.00126916
-0.000168933
0.00189524
-0.00320802
-0.00299771
0.00265832
0.00313442
-0.00546942
0.00682946
0.000178704
-0.000155832
-0.00255359
-0.00167117
0.00397997
-0.00476981
0.00206258
0.001863
0.000952208
0.00464899
-0.00301412
-0.00585833
0.00268509
-0.0021957
0.0015944
0.0016155
0.00181975
0.000765207
-0.00111956
-0.0046156
0.00403557
-0.000595749
-0.00329063
0.00417342
-0.00512335
-9.632e-05
-0.00122188
0.0044351
0.00460914
-0.00383268
0.00201659
0.00249577
-0.000860752
-0.00661325
-0.000753983
-0.00197064
0.00841087
-0.00498102
-7.55638e-05
0.00182083
0.00456411
-0.00698409
0.00283608
-0.000992895
-0.00167969
0.00279257
-0.000371965
-0.00309289
0.00147933
0.00427473
-0.00296662
-0.00264405
0.000987218
0.00546576
-0.00151749
-0.00659744
0.00520296
-0.00339687
0.00388202
0.00184895
-0.000422111
-0.00204418
-0.000738546
-0.000190517
0.00141604
-0.00175448
-0.00156988
-0.000736559
0.0015183
0.00304787
0.000977522
-0.0019173
0.00115183
-0.00317154
0.00182153
-0.000939961
-0.00107467
-0.0025507
0.00248464
0.00029099
-0.000573168
-0.0018932
0.00475696
-0.000577613
-0.000629452
0.002642
-0.00456236
-0.000135816
0.00295548
0.000836288
-0.00155787
0.00489591
-0.00548535
-0.00478255
0.005618
0.0011154
0.00123551
-0.00375512
-0.00123666
0.00117198
0.00190746
-0.00126233
0.00217204
0.0013267
-0.00387217
0.0016811
-0.00188001
-0.00230283
0.00210756
0.0010426
-0.000713803
-0.000379393
0.00281106
-0.0025452
0.00119074
0.00407217
-0.00410774
-0.00197162
0.00365877
-0.000162452
-0.00177453
0.00018135
0.000445968
0.000305877
0.00225778
-0.00318565
-0.0040641
0.00479461
0.000586814
0.000782862
-0.00190225
-9.64487e-05
-0.0012854
-0.000403998
-1.76602e-05
-0.0017781
0.00440484
0.00107511
-0.00313917
0.000710556
-0.000687002
-0.00356465
0.0043984
0.00287129
-0.000422251
-0.0013646
-0.000328169
-0.000520261
1.79068e-05
-0.000928162
0.0039485
-0.00410259
0.0024878
-0.000794343
-0.00386651
0.000193302
0.0048699
0.00139225
-0.00501767
0.00178161
0.00138922
0.00101316
-0.0040409
0.000246265
0.000117953
0.00148883
0.00227215
-0.00197877
0.000185902
0.000469802
0.00258397
0.0014686
-0.00186805
-0.000177827
-0.00463356
0.00153509
0.000543943
-0.00169987
-0.00215056
0.000533767
0.00416006
-0.00394142
0.00141649
-3.98042e-06
0.00142745
0.00121062
0.00170282
-0.00408328
-0.000333734
-0.000122517
0.00625257
-0.00510977
0.00315977
-0.00140123
-0.00421608
0.00382774
7.57787e-05
-0.0016568
0.0028404
0.0020145
0.000552645
-0.00594541
-0.000412905
-0.00207957
-0.000752597
0.00183058
0.0010192
0.00147234
-0.00230088
0.00143564
0.00298098
0.000192196
-0.00105588
-0.00077331
-8.22152e-05
0.000107968
-0.000705381
0.00158161
0.000824635
-0.00482101
0.000937313
-3.05635e-05
0.00416932
0.000504736
-0.00131492
-0.00108658
-0.000259756
0.00338733
-0.00183891
-0.00443527
0.00392414
-0.00304889
-0.000652761
0.000759655
-0.00204384
0.00566643
-0.00349484
0.00311197
-0.00100412
-0.000658385
0.00142662
0.000557647
0.000503375
-0.00313027
0.00503253
-0.000359803
-0.00203207
0.00309645
-0.00319224
-0.00239069
0.00119427
0.00187254
-0.00141636
0.000864938
-0.000870808
0.000347612
-0.00201078
0.00180615
-0.000641597
0.00737907
-0.00574407
0.00207632
0.00103731
-0.0023994
0.000195174
-0.000771555
0.000183184
-0.00373427
-0.00404482
0.00652504
0.000235813
-0.00137638
0.000542559
0.00230055
-0.00136227
0.000914468
0.000529867
-0.0019209
-0.00165539
0.000491476
0.00143665
-4.05043e-05
0.00145035
0.00152434
-0.00470578
-0.00131525
0.000915551
0.00329212
-0.000338676
-0.00157334
-3.19769e-05
0.00380769
0.000414877
-7.41977e-05
-0.0019313
-0.000603667
-0.00311337
-0.000896286
0.00100183
0.00233346
-0.0011827
-0.00150926
0.00266832
0.00116931
-0.00255298
0.00145348
-0.00303584
0.00507787
0.0012271
-0.00290311
0.000284093
0.000127881
0.00264453
-0.00405394
-0.00138769
0.0019962
0.00156925
-0.00489474
-0.000189876
0.00140883
0.00643904
-0.00162228
-0.00225844
0.00137193
-0.00376725
-0.00161992
0.00158707
0.00128325
0.00303305
-0.00275997
-0.00177175
0.00259197
0.000742038
-0.00130862
-0.000345978
-0.00272481
0.00267356
0.00342892
0.00073232
-0.00191687
-0.00459997
0.000881997
0.00260739
-0.00277748
0.0012827
-0.00072783
-0.000209819
-0.000438213
0.00369044
0.000213882
-0.00011684
-0.00650822
0.00415342
-0.00116622
0.00172028
-0.00262583
0.00333307
0.00129869
-0.00657968
0.00173131
0.00275251
0.000292753
0.000217894
-0.00147266
-0.00309202
0.000434221
0.00179984
-0.00173793
-0.00275704
0.00187658
0.00463126
-0.000504699
0.00288597
-0.00112428
-0.000711315
-0.0023408
0.000913521
-0.000583423
-0.000420812
0.000751224
-0.00174718
0.00416237
-0.000369373
0.00166669
0.000713882
-0.00568012
1.04798e-05
0.000368215
0.00377126
0.000689594
-0.00272333
-0.00581166
0.00244916
0.00731089
-0.0061861
0.00209625
0.000824156
-0.000246853
0.000198623
0.000493783
0.000259569
-0.00105678
0.000944627
-0.0053033
0.00301913
-0.00328084
0.00468818
-0.000516637
-0.00116311
-0.00187639
0.00142722
0.000243806
0.000581282
0.00110587
0.00312621
-0.00168638
0.00243429
-0.00587034
-0.00093254
0.0026393
-0.00200348
0.0014768
-0.00223816
0.00141286
0.00333338
-0.00189333
0.00235672
-0.00260436
-0.00325308
0.000309846
0.00260975
0.000183982
0.000509342
0.00407414
-0.00168102
-0.00268159
0.00488259
-0.00338839
0.00148814
9.8242e-05
0.00111224
-0.00303948
0.000802118
-0.00269349
-0.000600168
0.00266657
0.00201735
-0.00234762
-0.00174646
0.00201459
-0.00373911
0.00700085
-0.00147962
-0.00212282
-0.000772243
2.13739e-05
-0.00173478
0.00154368
0.00131861
-0.00235785
0.000854194
0.000129564
-2.78501e-05
-0.00250762
0.00160577
0.00496123
-0.00104095
-0.00178195
-0.0035298
-0.0014046
0.00199135
0.00138477
0.000992109
-0.00239355
-0.00327794
0.000989802
0.00275641
-0.000326676
-0.000652327
0.00377158
-0.000767496
-0.0020346
0.00543785
-0.00550675
-0.00149054
0.00442463
0.000447093
-0.00509743
0.00500193
0.000159202
-0.00115247
0.00327687
-0.00407402
0.00227758
0.00172554
-0.000226656
-0.00293392
-0.00104656
0.00115915
-0.00159452
0.000453421
-0.00328594
0.00348547
0.00320166
-0.00371467
0.00435593
-0.000554177
0.000552383
-0.00270805
0.00296574
-0.00556789
0.0036929
5.38871e-05
-9.86239e-05
-0.00209784
-0.00167001
0.0028922
-0.00160673
0.00398041
-0.00553943
-0.000331383
0.00548796
-0.000971124
-0.00283401
-0.00019371
-0.00276049
0.00157259
0.00335799
0.000886654
-0.00699888
0.00291128
0.00238565
0.000409823
0.00040841
0.0013383
-0.00167284
0.0022645
-0.00339478
-0.00213182
0.001202
0.0030161
-0.00119203
-0.00497942
0.00662454
0.00127272
-0.00769428
0.00614206
-0.00173797
-0.00314609
0.00180371
0.00349552
-0.00427762
0.00242564
-0.00116205
0.0017389
0.000346988
0.00132789
-0.0057614
-0.00188752
0.00626942
-0.00317087
0.00492245
-0.00350838
0.000523387
-0.00195508
-0.000687336
0.00453442
3.15798e-05
-0.000470672
-0.0018653
-0.00183702
0.00208937
0.00163594
0.00205677
-0.0001529
0.000574486
-0.00623954
-0.000691293
0.00137538
-0.0016631
0.000632644
0.00272074
-0.00161694
-0.000659492
0.00259405
0.00293468
-0.00122469
-0.00136218
-0.00239324
0.0039318
-0.00217633
0.00106694
0.00112062
0.00034639
-0.000296932
-0.00421409
0.00363104
-0.00442078
0.00438659
-0.000480009
-0.0037026
-0.000277086
0.00232782
-0.000450073
0.0018628
0.000427425
-0.00204832
-9.72142e-05
0.00418039
-0.0016473
0.00112392
-0.00118294
0.00128989
-0.00500226
0.00466726
-0.00173499
-0.000333271
-0.00206709
0.00158835
0.00456162
-0.00159215
-0.00247298
-0.000424493
-0.000457811
-0.00209961
-0.000307268
0.00131745
0.00155846
0.00487858
-0.000843739
-0.00949633
0.00240666
-0.000320954
-0.00236737
0.00542705
-0.00135177
0.00213757
-0.000581073
-0.00186857
-0.00318137
0.00264548
0.000915087
0.00202708
0.00151285
-0.00650681
0.00374205
-0.0029581
0.00600416
-0.00592791
0.00216413
0.00084746
0.00343353
-0.00234254
0.000823049
-0.00220968
-0.000900892
0.00161329
0.000120733
-0.00325639
0.000738277
0.000449882
0.00228791
8.032e-05
-0.00238697
0.00621744
-0.0051798
-0.00303507
0.00200253
-0.00141577
-0.00240229
0.00628609
-0.000708757
0.000301819
-0.00300597
0.00319219
0.00209773
-0.00188811
-0.00474857
0.00797807
-0.00366785
-0.00271548
-0.00330541
0.00350821
0.00034702
0.00170365
-0.000103927
-0.00257479
0.000484897
-0.00174049
0.00381488
0.00211665
-0.00168359
0.000961014
0.000229737
-0.00591064
0.00163553
0.000642336
0.00227943
0.00456008
-0.00602715
-0.00306185
-0.000198283
0.00311807
0.00395837
0.00099191
-0.00274585
0.000145256
0.00136317
-0.0054256
0.00408933
-0.00379076
0.00512713
-0.00062572
-0.000258099
0.000223061
0.00169165
-0.00581498
0.00307807
0.00183762
0.00295275
-0.0052959
0.00158183
-0.00105063
0.00162241
-0.00177098
0.00329458
-0.00169014
-0.000755768
-0.00233676
0.000450797
-0.000655137
0.000489668
-0.000221428
0.000623628
0.0029964
-0.00181502
-0.00482396
0.00380222
0.00147657
-0.00258326
0.00175365
-0.00111348
-0.00368005
0.00483412
0.000553908
-0.000620012
-0.00369629
0.00254177
-0.000931536
-0.00596508
0.00526256
0.00481113
-0.00416311
0.00254525
-0.001089
-0.00224621
0.00155958
0.00152355
-0.000484332
0.00279172
-0.00158736
-0.000157543
0.00239587
-0.00241777
-0.00130181
-0.00190071
-0.00477116
0.00348755
0.000576564
0.00275907
0.00257466
-0.00272815
-0.00181813
0.00203021
0.000940049
-0.0029644
0.000469286
-0.00175285
0.00171008
2.56546e-05
0.00326649
0.0029405
-0.00334107
6.07567e-05
-0.00279832
0.000854902
-0.00191528
0.00488557
-0.000584434
0.00108435
-0.00275787
0.000938409
-0.00242047
-0.00188066
0.00218068
-0.00134338
0.00211615
0.00122986
0.00198898
0.00247625
-0.00643992
0.00275281
-0.000123735
0.00302433
0.001024
-0.00509828
0.00159415
0.000141696
-0.00101996
0.00151224
-0.00199653
0.00403496
-0.000315257
-0.0033474
0.0020826
-0.00504513
0.00371831
-0.00368533
0.00221166
-0.000138763
-0.00151905
0.00204206
0.00064317
0.00171978
-0.0014699
0.00308699
-0.00282279
-0.000583046
-0.00108274
0.00194318
-0.00160089
0.00103698
0.00112612
-0.00233291
-0.00107927
0.00355278
0.00217682
0.00137847
-0.00389905
-0.00400441
0.00519983
-0.00298052
-0.00502305
0.00252424
0.000498366
-0.00113965
0.00398307
-0.00159741
-0.00181394
0.00105781
-0.000666827
0.0057712
-0.00166291
-0.00309795
0.00489794
-0.00164576
-0.00426485
0.00153383
0.00445271
0.00116459
-0.00597707
-0.000856184
-0.00250017
0.00176086
-7.98451e-05
0.000222364
0.001185
-0.00229851
0.00530942
0.00172083
-0.000314857
-0.00114949
-0.000442221
0.0005846
0.00181103
0.00234151
-0.00285409
0.000433887
-0.00373163
0.00302222
-0.00283702
-0.00114911
0.00271989
-5.58399e-05
-0.000935476
0.00242991
-0.000677123
-0.00133058
0.00108901
-0.00158889
-0.00451256
0.00351442
0.003902
-0.00243676
0.00265638
-0.00269387
0.00154606
-0.00415213
0.00491403
-0.00350057
-0.000312581
0.00440206
-0.00422411
0.000527587
-0.000527259
0.00116545
-0.000503048
5.19485e-05
0.00191065
-0.00238235
6.26632e-05
4.4243e-05
0.00178734
-0.000687364
0.00198802
-0.00400445
-0.000879942
0.00646943
-0.000243874
-0.00604422
-0.000173944
0.0010487
0.00250118
0.00158597
7.67184e-05
-0.00321326
0.000189392
0.00179875
-0.00143089
-0.00156714
0.00229772
-0.000197285
-0.000485146
-0.00151098
-0.00181416
0.00179715
-0.00341613
0.00494594
0.000437004
0.000771293
-0.00316367
0.00494356
-0.00470474
-0.00100973
-0.00101545
0.00144242
0.0021464
-0.00166907
0.00230947
-0.000324888
-8.60178e-05
-5.16003e-05
0.000226255
-0.00295275
0.00176645
-0.00505318
0.0032833
6.13402e-05
0.00231477
-0.00231762
0.000615852
-0.00300038
0.00352577
0.00290738
-0.00327688
-0.00101894
-0.00165636
0.000493104
-0.000270867
0.00166191
0.00769951
-0.00434644
-0.000410862
-0.00229937
3.99402e-05
0.00125581
-0.00175938
-0.000420592
0.00584799
-0.00173311
-0.00158876
-0.000899443
0.00211657
0.00110918
0.001475
-0.00495095
0.000851279
0.00189732
-0.0068195
0.008604
-0.00437498
0.00201498
-0.00118741
-0.00303234
0.00371373
0.0013967
-4.54512e-05
-0.00113053
-0.000331642
0.00268944
-0.00013614
-0.00636233
0.00288277
-0.00131147
-0.00171748
0.0045292
0.000751301
-0.00256293
0.00317502
-0.000983519
-0.00184796
-0.00313576
0.00582435
-0.0015173
-0.00190193
-0.00255499
0.000457445
0.000286819
0.00144483
-0.0001872
0.00293384
-0.00151855
0.000482061
0.000661889
-0.000312036
-0.00416876
-0.0559256
-0.0212452
-0.0010542
0.00198069
8.10029e-05
0.00856648
0.00539265
0.00567126
0.00892142
0.00804409
-0.00198771
-0.0140943
-0.00274096
-0.0025697
0.00312128
-0.00523082
0.00449278
0.0014912
0.00162014
-0.00135232
-0.00172242
0.000451678
0.00101756
-0.000832904
0.00104145
-0.00308898
0.00369396
0.00435452
-0.0117965
0.00075044
0.00552155
-0.000779786
-0.00134003
-0.00626734
0.000876787
0.00375427
-0.0013589
0.00348825
-0.0031822
0.000945837
0.00136024
-0.0020376
-0.0015228
-0.000364036
0.000776162
0.00116416
0.00255321
0.00211324
0.000184763
-0.00337201
0.00363004
-0.00050658
-0.00448096
0.00167643
0.000716031
0.000421977
-0.000852423
-0.00366623
0.00948507
-0.000771378
-0.00503076
0.004703
-0.00148767
-0.00259476
0.00047918
-0.000116602
-0.00435493
0.0052027
0.000326596
-0.000234513
-0.00246631
-0.00208459
0.000912246
0.000273372
0.000474399
-0.00193081
0.00315647
0.00327701
-0.0033412
0.00332931
-0.00209597
-0.00464397
0.00599276
0.00241114
-0.00484824
0.00293981
0.00197887
-0.00277106
-0.00499091
0.000892247
0.000539125
0.00210689
-0.000282007
-0.000760067
-0.00105305
0.00271208
-0.0045375
0.00329812
-0.00251339
0.00302369
-0.00182329
0.00171724
0.00216477
-0.0047024
0.00333357
0.00202263
-0.00115517
-0.00106992
0.000455927
-0.000593894
-0.00341164
0.00326571
0.00119701
0.000543268
7.99716e-05
0.00159422
-0.000123736
0.000319895
0.000669027
-0.00431986
0.000397075
0.0018727
-0.00203307
0.00245759
0.000667237
-0.00229302
-0.00112181
-0.00114439
0.00240268
0.0039644
-0.000568101
-0.000568501
-0.00532951
0.000507528
-0.000227689
0.00115853
0.00121226
-0.00153243
0.00104449
0.000163073
0.00116627
-0.00217841
0.00496168
-0.00625512
0.0023241
0.00266778
-0.0023464
0.00393545
0.00178539
-0.000954953
-0.00458157
-0.00259057
0.00127778
0.00341017
0.00052911
-0.0019847
-0.00112413
0.00521897
-0.00170604
-0.00376742
0.000562282
0.0015325
-0.000552402
-0.00112827
0.000670545
0.00472077
-0.00539223
0.00365463
-0.00148327
0.000164182
-0.000140197
0.00275287
-0.00118131
-0.00235032
-0.000824761
0.00151664
0.00104187
-0.00443526
-0.00102083
0.00303941
0.000184641
-0.00291331
-0.00129071
0.00736072
-0.00580771
0.00184384
-0.00164094
0.00468148
-1.80974e-05
-4.39709e-05
-0.000806389
-0.00260775
-6.76124e-05
0.000928554
0.00291658
-0.00149944
0.00170782
-0.00165356
-0.00169395
0.001655
-0.00230191
0.00291225
-0.00485952
0.00294405
-0.00316333
0.00027775
-0.00106394
0.00364291
0.000288281
0.001323
-0.000507351
-0.00164012
0.00247745
0.0038682
-0.00106136
-0.00417067
-0.00269521
0.00402688
-0.000978779
-0.000498216
0.00087144
0.0015999
0.00342187
-0.00666262
0.000686359
-0.00206204
0.000174504
0.00471741
-0.00403073
0.00155284
0.000458932
0.0025723
-0.00355321
0.000360942
0.00344408
-0.00424629
-0.00176881
0.00100503
-0.00113624
-0.000271626
-6.49342e-05
-0.000497238
0.00128015
-0.00325381
0.000956778
0.00329633
0.000135796
0.00283319
0.00114498
-0.00167402
-0.000599138
-0.00177262
-0.00166636
0.00577839
-0.00627346
0.00243983
0.000846007
-0.000145765
-0.000614955
-0.00203276
0.00451856
-0.00220476
-0.00317907
0.0065927
-0.00183372
-0.00430864
0.0058749
-0.00152578
-0.000270565
-0.00160507
-0.00410788
-0.000803287
0.00616598
-0.000220916
0.00257307
0.000490938
-0.00406554
0.00116125
0.00112397
-0.00315954
0.00199115
-7.14992e-05
-0.00193732
0.0034958
-0.00646692
0.000808174
0.000786651
0.00360413
3.3791e-05
0.00325704
-0.00250035
0.000226358
-0.00271814
0.00305377
-0.00202673
0.000877967
0.000701203
0.000901049
0.000874468
-0.00312332
0.0034195
-0.00266728
-0.000940287
-0.00275004
0.00213242
0.00500297
-0.00134503
-0.00416809
0.00631199
-0.00449907
-0.000619531
0.000555167
-0.00278943
0.0025331
-0.00196263
0.00380175
-0.000440378
-0.00220248
-0.000855779
0.00193325
0.00173663
0.00252197
-0.000775794
-0.00287541
0.00246693
-0.00284996
-1.68821e-05
0.0001862
-0.0029385
-0.00196942
8.71371e-05
0.0028359
-0.00124142
0.00293334
-0.00155231
-0.00220555
0.000561669
0.00107637
-0.000443189
-0.00155468
0.00206775
0.00112532
0.00175908
-0.00182003
0.00396652
-0.00190344
-0.00601194
0.00425001
0.00297677
-0.000889666
0.00194232
-0.0028676
0.000205683
-0.00250673
0.0046492
-0.000154669
-0.0026541
-0.00353455
0.00163375
0.000885465
-0.00174374
0.00466608
-0.00126537
-0.00419152
-0.00190432
0.00521287
-0.00287951
-0.00132251
-0.000319546
0.00289962
