0.0145201
0.0037459
-0.000355629
-0.000417857
0.00286861
-0.0032876
0.00841922
-0.00559864
0.00410024
-0.000335509
-0.00327808
0.00454407
-0.0045948
-0.00305566
-0.00206957
-0.00216354
0.01016
-0.00884942
0.00236698
0.0032344
-0.000941735
-0.000588958
-0.00201753
0.00443637
0.00213363
-0.00319392
-0.000958538
-0.000178037
-0.00209683
0.000568542
-0.000123423
-0.000413099
0.00620878
5.72635e-06
0.00221811
-0.00370949
3.9716e-05
-0.00201842
-0.00204463
-0.00450745
0.00433718
0.00732322
-0.00148899
-0.00640609
0.00298173
6.56673e-05
0.00347949
-0.00107236
-0.00218202
-0.00599626
0.002346
-0.00133911
0.00484529
-0.00241895
-0.00355942
0.00337965
-0.000421923
0.0057715
-0.00126549
0.00221562
-0.00640549
0.00286566
-0.00028789
-0.00226029
0.00323125
-0.00121819
0.00138166
-0.0029234
0.0029319
0.0010287
0.0013244
-0.00627138
0.000610853
-0.000919858
0.00485071
-0.00165065
-0.00188042
0.000115232
-0.00178725
0.00042528
0.00283476
-0.000954835
0.00224688
-0.00139535
0.00219682
-0.00518238
0.0039193
0.00267378
-0.00360849
-0.000130202
0.00572428
-0.00682416
-0.00309925
0.00738616
-0.00471695
-0.00248947
0.000259422
0.00592721
-0.00216867
0.00227556
-0.00515599
0.00422558
-0.000952964
-0.00504482
0.00183721
-0.00109392
0.00404377
0.000998391
0.00151232
-0.00466658
0.0012934
-0.00125323
0.000810366
0.00313343
-0.00161784
0.00110016
-0.00306595
0.000654952
-0.000335911
-0.00424994
-0.000665437
0.00711082
-0.00374541
0.00248819
0.00285609
-0.00397021
0.0006445
-0.00187962
0.00121942
0.00156167
-0.00362165
0.000863701
0.0070626
-0.0056304
-0.00303278
0.00174863
0.0036677
0.000967375
0.00150081
-0.00395569
-0.0024701
-0.0040065
0.00699001
-0.00345247
0.00185102
-0.000923879
0.00385419
-0.00329796
0.00173194
-0.00565408
0.00520362
0.000593797
0.00215495
-0.00327608
-0.00700798
0.0091244
-0.0029261
-0.000310449
-0.00233905
0.00682989
-0.000143915
0.00628497
-0.0073085
0.000209527
0.00114345
-0.00479048
0.00222486
-0.00278026
0.00417684
-0.000228573
-0.00496865
0.00761918
-0.00276062
-0.00159968
-0.00165934
0.00150728
-0.000259011
-0.001489
0.0039225
-0.00264239
-0.00440734
0.0054863
0.00342649
-0.0021086
-0.00205866
-0.00278458
0.00273708
-0.000911335
-0.00136045
0.00321552
-0.00146437
-0.00364497
0.0035211
-0.00111202
0.000478173
0.00205533
0.00541319
-0.00192922
-0.00588616
-0.0041951
0.00419262
0.00551685
0.00161453
0.000849625
-0.00701655
9.17361e-05
-0.000246021
0.000105145
0.00183158
0.00329401
-0.00683826
-0.0028132
-0.000707147
-0.00030591
0.00400365
0.0011102
-0.00409704
-0.00127365
0.00524415
0.00233239
0.00188944
-0.00394162
0.0021552
0.00186852
-0.00253268
-0.00128019
0.00308538
-0.00765362
0.00211048
0.00524956
0.00166516
-0.00413926
0.000511875
-0.00288519
-0.00127782
0.000610348
0.00024707
0.0017201
0.00491328
-0.00620261
-0.00341371
0.00481375
0.000245192
-0.000103358
-0.00048841
-0.00185882
0.00301444
0.0024533
-0.00450394
-0.000772433
0.000834558
-0.00158118
-0.00117438
0.00289215
-0.00135367
-0.00372108
0.00482643
0.000577422
-0.00435877
0.0105061
0.00077091
0.00138375
-0.00328906
-0.0169895
0.0311006
-0.0256429
0.000552059
-0.052561
0.0204302
0.00550371
0.0516026
-0.00878023
0.0165168
0.00568784
0.0437288
0.111359
0.0761763
0.0940667
0.219269
0.228324
0.232713
0.290162
0.281097
0.259934
0.00582427
-0.0126664
-0.291282
-0.220568
-0.13548
-0.0377786
-0.00242741
0.00759355
0.0225437
0.00621596
-0.0070055
-0.00705443
0.00370953
-0.00917937
-0.00337021
0.011079
0.00109065
-0.00214523
0.00116043
0.00301353
-0.0058964
-0.00916623
0.00878667
-0.00150521
0.0102984
0.00843839
0.00375913
-0.0130332
-0.00671383
0.00273718
0.00323128
-0.00017859
0.000382683
-0.000307564
-0.00284828
-0.000486976
-0.000954286
-0.00271416
-0.00103237
0.000680603
0.00676773
0.000974848
-0.0058608
-0.00189717
-0.00773948
0.00110455
0.00539788
0.00178434
0.00165624
0.00402562
-0.00462698
-0.00328308
0.000721674
0.00107156
0.00188472
1.13245e-05
0.00237866
-0.000132194
-0.00332963
-0.00418212
-0.00507561
0.00221921
0.00532436
0.00190728
-0.00238967
0.000316107
-0.00622576
-0.000543754
0.000397535
0.000692168
0.000690086
-0.000308371
0.00128187
0.00465627
0.00160098
-0.00334383
-0.00287773
0.00409057
-0.00189478
-0.00288722
0.0197213
0.0240486
0.0426121
0.0553322
0.0746958
0.0776485
0.140065
0.0999067
0.0311023
0.00179889
0.00279337
0.00485549
0.0124061
0.0203474
0.0182727
0.0133035
0.00245331
-0.0456781
-0.0337259
-0.0149968
-0.0082519
-0.00512523
0.0035345
-0.00224768
0.0019506
-0.00693264
0.00123057
0.00288461
0.000897231
-0.00421607
-0.00523325
0.00420001
-0.00183007
-0.00564646
0.000179506
-0.00071142
0.00307144
-0.0018248
-0.00525658
0.000332841
-0.000229836
-0.000919266
-0.00259513
-0.00122287
-0.00140165
0.00158924
0.00439259
-0.0017398
-0.000205107
-0.00370584
0.0885916
0.037952
0.203186
0.24666
0.32049
0.275728
0.285688
0.307215
0.1454
-0.0151801
-0.0323538
-0.0179325
-0.0139946
-0.0169085
-0.00160558
-0.00106621
-0.0136914
-0.00336136
-0.00630514
-0.0105826
-0.00553582
-0.00944302
-0.00568396
-0.00197045
-0.00292752
-0.00583127
0.00587747
-0.0152978
-0.00703331
-0.00309335
-0.00118436
-0.0064177
-0.000927473
8.2763e-05
-0.00475844
-0.00788296
0.00185206
-0.00661282
-0.000545424
-2.42923e-05
-0.00134403
-0.00226888
-0.00361252
-0.00409328
-0.00299492
-0.00408207
0.000992814
-0.00155944
0.000849574
-0.00550447
-0.000257298
-0.00211704
-0.00189747
-0.00545972
-0.00748697
0.000244196
0.00388084
-0.000352335
-0.00398752
-0.00591978
-0.000944705
-0.00201339
0.00225301
-0.00271091
-0.000854889
-0.0058558
0.00164729
-0.00446417
-0.000403996
0.000875943
-0.00114386
-0.00437018
0.00145313
-0.00355088
-0.00278263
0.00096425
0.00341434
-0.00453887
-0.0043375
-0.00412171
0.00312761
-0.000552575
-0.00210777
-0.00359932
0.000785961
-0.00458971
-0.00230424
-0.000928954
-0.00077023
-0.00257019
0.000560505
0.00331625
-0.00443179
0.000319768
0.00311477
-0.00255782
-0.00894323
0.00141371
0.00338648
-0.00309597
-0.0639908
-0.0786203
-0.124938
-0.26237
-0.137917
-0.0346062
0.00700073
0.00833054
-0.000547941
0.0183297
-0.00631663
0.00208862
0.00188782
-0.00608607
5.12386e-05
0.00788184
-0.000612338
0.00218366
0.00385055
-0.00338455
-0.0047457
0.000230169
-0.00331573
0.00477979
0.00414762
0.00675604
0.000607223
-0.00188593
-0.0034215
0.000495874
0.00296955
0.001322
-0.00337855
0.00739936
-0.00556773
-0.000670598
-0.00184836
0.00212262
-0.00467206
0.00593662
0.000950655
0.00239507
-0.000645533
-0.00173685
-0.00464329
0.00379338
0.000420652
-0.0004578
0.00571727
0.00159235
-0.00499541
-0.00305148
0.000541909
0.000738395
0.00419678
-0.00363008
-0.00360546
0.00359089
-0.00212628
0.00361745
-0.00472718
0.00358
0.00153895
-0.00121298
-0.000828557
7.84731e-05
-0.000488637
0.000386956
0.000741426
0.00248925
-0.00504417
0.00223431
0.00145019
0.00173702
9.06217e-06
-0.00169404
-0.00365493
-0.000208826
-0.00127485
0.00322107
-0.0045139
0.0051406
-0.000791151
0.00041728
-0.00411145
0.0032828
0.000286343
-0.00374658
-0.00309146
0.0121152
-0.00256254
-0.00339939
0.00610019
-0.00432606
-0.00170655
0.00177026
-0.00213995
-0.0019008
0.00394497
-0.000955553
-0.00229331
0.000136868
0.00343914
-3.86514e-05
7.30465e-05
-0.00527881
-0.00069596
0.00293839
0.00703779
-0.00243325
-0.00442486
0.000303912
-0.00229232
0.00241587
0.00276905
-0.00106557
0.00077332
-0.00349518
0.00560356
-0.00360853
0.00307999
-0.00221308
-0.00142404
-0.00241252
-0.00215754
0.00292063
0.00405601
-0.00174508
-0.00337727
-0.00194777
0.00046828
0.00403986
-0.00116705
-0.00349851
0.00178108
-0.00298295
0.00228128
-0.000126991
0.00298019
-0.00622258
-2.45992e-05
-0.0089122
-0.00409658
-0.0181677
-0.00600328
0.000470547
0.00658648
0.0272416
0.0386642
0.0339045
0.0278046
0.0272229
0.0280879
0.0221629
0.011611
0.0133456
0.0107234
0.0134294
0.0109486
0.010275
0.0180801
0.0194298
0.0195229
0.0182261
0.0138055
0.016822
0.0163425
0.0109079
0.0133542
0.00924004
0.00772123
0.0177104
0.00419959
0.00349011
0.00859354
0.0130677
0.0035559
-0.00281284
-0.000375244
0.00154759
0.00414223
-0.00333528
-0.000947475
-0.000169781
0.00567847
-0.00314886
-6.06506e-05
0.00159328
0.00110825
0.00331273
0.00224651
0.00695241
-0.00609562
-0.00659669
0.000321998
0.00348957
0.0032119
-0.00405908
-0.0053167
0.00372337
0.00295782
0.00701493
0.00121109
-0.00620216
-0.00481787
0.00732064
-0.00773233
-0.015885
0.00324305
0.0170391
0.00531598
-0.0132973
-0.000742373
0.0105649
-0.0115496
0.00234747
0.0128035
-0.00234218
-0.0110177
0.00735786
0.00515319
-0.00406558
0.000131911
-0.00114637
-0.00481363
0.000418688
0.00544943
-0.0048474
1.32439e-06
-0.00160464
0.00228513
0.00530625
-0.00295302
-0.00307403
-0.00260722
-0.00050567
0.00640445
-0.0172369
-0.00549532
0.0192026
0.00912796
-0.00686916
-0.00742438
0.00281682
0.000730106
-0.000950514
0.00491431
0.00124816
-0.00357496
-0.00217716
0.00414871
0.00182004
-0.00793088
-0.00207345
0.00179444
0.00979462
-0.00411775
-0.0074397
0.000491913
0.00629772
-0.00483747
0.000913781
-0.00446603
0.00651759
0.00129909
0.00336288
-0.00708841
0.00266995
-0.00169801
0.00124305
-0.00191894
0.00330602
-0.00321892
-0.00109524
-0.00793882
0.00657512
0.00513908
-0.00182409
-0.00487207
0.000256591
-0.00112429
0.00935524
-0.00287129
-0.00617433
0.00649613
-0.00437525
0.00641178
0.00109687
-0.0112315
-0.000412721
0.00861281
0.00324895
-0.0121833
-0.00758621
0.00813296
0.00931075
0.00166954
-0.0057387
-0.00860588
0.00760794
0.00040783
-0.00701406
-0.00614947
0.00207036
0.00782381
0.00210462
-0.000248641
-0.00202969
-0.000231417
0.00423958
0.000746042
-0.00996315
-0.00366218
0.00840495
0.00875274
-0.00285645
-0.0111536
0.00171377
0.00420554
-0.00444268
0.0006041
0.0037933
0.0185257
-0.00255852
-0.0119248
-0.00992859
0.00858984
0.00413098
-0.0097172
-0.0164909
0.00275837
0.014475
0.0024171
-0.0114279
-0.00470229
0.0201076
-0.000296691
-0.00946385
-0.00583863
0.00568854
0.00891026
0.000109496
-0.00246502
-0.00415935
-0.0156041
0.00344149
0.0189777
-0.00366622
-0.0131959
-0.0026077
0.0168295
0.00579159
-0.00940228
-0.00477887
0.00712821
-9.13567e-05
-0.00574841
-0.000705088
-0.000424849
6.02914e-05
0.000248872
0.0015676
-0.00250426
0.0064535
-0.00436665
-0.000516179
-0.00333007
0.0037673
0.0016236
-0.00419372
-0.00882322
0.00799424
0.00747587
-0.00166379
-0.0120595
0.00376345
0.00703283
0.000634526
0.0016305
-0.00984516
0.000220278
0.00357887
-0.00631384
-0.00242949
-0.00704067
0.0132727
0.00814851
-0.00568848
-0.000197052
0.00156455
-0.000590811
0.00106829
0.00762881
-0.0106266
-0.00306058
0.00494929
-0.00333314
-0.00611175
0.00127416
0.00388734
0.00253648
-0.000141536
-0.000432585
3.93929e-05
-0.000309762
-0.000940306
0.00164604
0.00120309
0.000816877
-0.00387191
-0.000109494
-0.00472467
0.00405731
0.00209227
-0.00393112
0.00131172
-0.00135503
0.00658387
-0.00210287
-0.00422099
-0.000584552
0.0140405
-0.00980002
-0.00619077
-0.00160149
-0.00051415
0.00553167
0.00161282
-0.00491469
0.00204229
-0.00173239
0.000948776
0.00146052
-0.0048641
-0.00405105
0.00164388
0.000258765
0.00266459
-0.00610317
0.00100435
0.00647452
0.00343469
-0.00685001
-0.00204807
0.0136129
0.000754525
-0.00888196
-0.00269571
0.000148844
0.00240019
-0.00448567
0.00381012
-0.00722084
0.00191897
0.00304631
0.00431582
-0.00279849
0.00320758
0.00386764
0.00276077
-0.00427586
-0.000519531
-0.0016285
0.0016899
-0.0119112
0.00116437
0.00465785
0.000749965
0.00108929
-0.00275545
-0.00483637
0.00153086
0.0123223
0.00357624
-0.00836733
-0.00307948
0.00494878
-0.00532278
-0.00894748
-0.00735272
0.0117733
0.00725985
-0.00238331
-0.0042505
0.00746383
0.00607412
-0.00603493
-0.000398181
0.000173496
4.87785e-06
-0.00342776
0.00236709
0.00155735
-0.00497803
-0.00709879
0.00416854
-0.00243493
0.00102125
-0.00037865
0.00608845
0.000751185
-0.00628907
0.00897068
0.00596447
-0.00875688
-0.0125288
0.00609885
0.0116048
0.00517893
-0.0172627
-0.00471414
0.0137694
0.000894162
-0.0114904
-0.00168732
0.00137147
0.00460831
-0.0036641
-0.00924333
0.00614712
0.00763684
0.00620186
-0.00655792
-0.0182455
0.00367509
0.0152361
0.00532397
-0.009169
0.00227636
0.0107079
-0.00683085
-0.00854186
-0.000328997
-6.01891e-05
0.00145821
0.00105783
0.000847458
-0.0056162
-2.27134e-05
0.00553413
0.00448864
0.0126715
-0.00916011
-0.0140092
0.00335629
0.00672353
-0.00617993
-0.000820381
-0.000161685
0.00672654
-0.00630658
-0.000364466
-0.00504669
0.00326757
0.00520492
0.00142526
-0.0104721
0.00776531
-0.00117674
0.00208837
-0.00556255
0.0024384
-0.00128774
0.00696509
-0.00252496
-0.000466656
-0.00126695
0.00084283
0.00473458
-0.000957536
-0.00593257
-0.000456103
0.00103485
-0.00331704
0.00458145
0.00109873
-0.00132505
0.00397926
-0.00537625
0.0017957
-0.00066759
-0.00676924
0.00459919
0.00138645
-0.00137975
0.000792699
-0.000999034
0.00235598
-0.00332128
9.59998e-05
-0.00158186
-0.00123468
0.00536656
0.000387574
2.86257e-05
0.00306005
-0.00733948
0.00232219
0.00689976
-0.00927066
0.00496094
-0.00210325
-0.000441078
0.0073553
-0.0013769
-0.00135452
0.00182922
-0.00854359
0.00216959
0.00233582
-0.000812459
0.00171675
-0.0039239
0.000322046
0.00303091
0.00297854
-0.00354435
-0.00154098
0.000687746
-0.00289016
0.00134833
0.000173113
0.00217076
6.91036e-05
-0.00285536
-0.00206433
-0.00114308
-0.000757043
-0.00325111
0.00216685
0.0062244
-0.00301362
0.000956777
0.000371154
0.00295283
0.000671904
-0.00760055
0.000793959
0.00147751
0.00198681
-0.00216692
0.000317844
0.00251882
-0.00408739
0.00395405
-0.0032369
0.00181116
0.00409384
-0.00542296
-0.00194284
0.00224066
-0.00107326
0.00361759
-0.00394141
0.00129734
-0.00419552
0.00664374
0.000581321
-0.00325329
-0.000550665
0.00151556
-0.000908657
0.00283276
-0.00698041
0.00399341
0.00563566
-0.00580387
-0.00099732
0.00408966
-0.000724202
-0.00203075
0.00348969
-0.000268404
-0.00500206
0.000120109
-0.00107849
0.00301523
-0.0139577
0.000152646
0.01042
0.0019337
0.00128861
0.000280455
-0.0022439
0.0172902
-0.000561489
-0.0165824
-0.00290291
0.0157393
-0.00191594
-0.00960816
-0.00225588
0.000233184
-0.00095904
-0.00596739
0.00340518
0.00434147
0.00350991
-0.00590118
-0.00322542
0.0073972
-0.0019988
-0.00375864
-0.00277466
0.00592156
0.00260503
1.22675e-05
-0.00374086
0.0101181
0.00174862
-0.00305503
-0.00610614
0.010985
-0.00337735
-0.00967129
0.00208308
0.00100066
-0.00696086
-0.000985503
0.00913002
-0.00382621
-0.00507172
0.00738213
0.00852867
0.00291836
-0.00757842
-0.00215751
-0.000398084
-0.00395486
0.00321754
0.00516697
-0.00894455
0.00170015
-0.00753813
-0.000199037
0.00125802
0.00113378
0.00579569
0.00482407
-0.00118948
-0.00312183
0.0012123
-0.00241719
0.00119757
-0.00567486
0.000967764
0.00286246
0.00147007
0.00198444
0.00612843
0.00129717
-0.00617168
-0.00432802
-0.00042592
0.00783585
-0.00488201
-0.0112015
0.0031514
-0.00352671
0.00165721
0.00480366
0.00600804
-0.00359769
-0.00507261
0.00943257
0.00382412
-0.00654982
-0.00193559
0.00655882
-0.00583486
-0.0111117
-0.000377069
0.0135232
0.000835027
0.00265832
-0.000130448
-0.00285064
-0.00425099
0.00566292
0.00224346
-0.00924902
0.00249148
0.00470896
-7.34075e-05
-0.0135736
-0.00271943
0.000303139
0.00871389
-0.0033569
-0.000647841
0.011823
-0.00210032
-0.00317164
-0.00431134
0.00385477
0.00451413
-0.00391617
-0.00525853
0.00198899
-0.0024502
0.00590422
0.00177132
-0.010628
0.00140101
0.00356603
0.00261589
0.0013161
-0.00495118
0.00417065
0.00735629
0.000519488
-0.0096381
0.000141227
-0.000322649
0.00142477
0.00120417
-0.00271372
0.000362801
0.00536294
0.000967181
-0.00338267
-0.00195773
0.00342244
0.00448156
-0.00744582
-0.00694444
0.000842212
0.00766123
-0.00420625
0.00233112
0.00143924
0.00151125
-0.00327273
-0.00447713
0.00367568
-0.000382259
-0.00239703
-0.00622529
0.00549918
0.00317134
0.000128918
0.0018302
-0.0060977
-0.00135317
0.00754929
0.00469557
-0.0040313
-0.00353236
-0.00253629
0.00175229
-0.00160684
0.00229189
-0.00190189
-0.00157656
0.00218468
0.00300775
-0.00956181
-0.000308336
-0.000843476
0.0126872
-0.000772018
-0.00304923
-0.000938778
0.00656306
0.00130675
-0.00803408
0.0010472
0.00236662
-0.000237442
-0.00250351
-2.79081e-05
-0.000669362
0.000741317
0.00286102
-0.000872013
0.001538
-0.000285786
-0.00241406
-0.00171017
-0.00693564
0.000555962
0.00647721
0.00224107
-0.00670385
-0.00216759
0.00685691
0.00284055
-0.00346329
-0.001676
0.0020973
0.00289965
-0.0013137
-0.00667111
0.00173885
0.0100939
0.000279297
-0.00972188
-0.00506962
0.0134836
0.00707733
-0.00271023
-0.0148363
-0.00174766
0.00433193
0.00867783
-0.00331134
-0.00932269
0.00166686
-0.00465699
0.00295143
-0.00152443
-0.00368377
0.00750433
0.00114016
-0.000531506
0.00300696
0.0091239
-0.00604819
-0.00595932
0.00209868
0.0016691
-0.00581865
-0.00202043
0.000218753
0.0012577
0.00249846
0.00514051
-0.00023844
0.001457
-0.00662772
0.00355437
-0.00375262
0.00486885
-0.00198416
-0.00597168
-0.00376029
0.00632324
0.00159595
-0.00594885
0.00978335
0.00494314
-5.31013e-05
-0.007956
0.00101855
0.00294204
-0.00249232
-0.00759617
0.00264673
0.00649421
-0.00115947
-0.00341478
-0.00107353
0.0035123
-0.00727651
0.00107457
0.00499223
-0.00281091
-0.000265029
-5.12123e-05
0.00850102
-0.00241991
-0.00583207
0.0166922
-0.00542531
-0.0156074
0.00143997
0.00913284
-0.00264663
-0.00770248
0.00444074
0.0127367
-0.00919472
-0.00116661
0.000531702
0.00217906
-0.000474401
-0.00374834
-0.0146166
0.00753052
0.0127535
-0.00787288
-0.00196183
0.00143601
0.00809272
-0.00693703
0.00406504
0.00323999
-0.00392666
-0.00181875
0.00891978
-0.0068527
-0.00790121
-0.000774676
0.00524379
0.00259131
-0.000678307
0.00874158
-0.00483263
-0.00993848
0.00492846
-0.000338866
0.000406609
-0.00401192
-0.449761
-0.271269
-0.332329
-0.265544
-0.212993
-0.169668
-0.243458
-0.171603
-0.102607
-0.179359
-0.0718027
-0.0172645
-0.045366
-0.104939
-0.07865
-0.164126
-0.0927317
0.015392
0.00544506
-0.002068
-0.00186441
-0.000709136
-0.00875376
-0.00350363
-0.00449447
0.000102437
-0.00487694
-0.00168023
-0.000545038
0.000423125
-0.000145859
0.000133662
-0.00846162
-0.00276716
0.00199613
0.00357348
-0.000505791
-0.0062901
-0.00449195
0.00242572
0.00574802
-0.00192537
-0.00201918
0.00443744
-0.00591477
-0.00245035
0.00024165
0.00454659
-0.0003598
0.000986693
-0.00204515
0.000461742
0.000522258
-0.000652362
-0.00148198
0.00130538
0.00062215
-0.00288657
0.00380014
-0.000299521
-0.00562583
0.00198877
-0.00116096
0.00119271
-0.00316986
0.00360261
-0.00694249
0.00475305
-0.0028902
0.00308004
-0.000562134
0.00328159
-0.00491707
-0.00250408
0.000522567
-0.000192267
0.00383985
-0.00640316
0.00224855
-0.00210502
0.00544321
-0.00452964
0.00938295
-0.00962836
-0.00129758
0.002028
0.000261874
0.00064427
-0.00359118
0.00354245
0.00223544
-0.00816061
-0.00252411
0.00766841
-0.00510929
0.00486368
0.00175886
0.00193034
-0.00795324
0.00344341
0.00182039
0.00144072
-0.000620503
-0.00447355
-0.00336709
-0.0025008
0.0111846
-0.00293847
-0.000929813
-0.0030388
-0.00210672
0.00138678
0.00845024
-0.00452188
0.00192253
-0.00291408
-0.00521816
0.000389781
0.00273865
-0.00040472
0.00263441
-0.00111739
-0.001115
0.00108036
-0.00293309
-0.0012799
0.00213971
-0.00275889
0.0043162
0.00649705
-0.00388626
-0.00423991
0.000894123
0.000454875
-0.00301328
-0.000508777
0.00098127
-2.88615e-05
-0.000122252
-0.00111807
0.000724696
-0.00047985
0.00156349
-0.0027765
0.000219403
-0.0011169
0.00404538
0.00227254
-0.00156343
-0.00562975
0.00325224
0.00444494
-0.00388464
-0.00349493
0.0018908
0.00356199
0.00192587
-0.00536796
-0.000640833
-0.00048855
0.00229563
-0.000165117
0.000500797
-0.000500877
-0.00675497
0.00752753
0.00098582
-0.00139682
-0.00185848
0.00152616
-0.00168725
0.00409326
-0.000476381
-0.00210782
-0.00168581
-0.00152933
-0.00248428
0.00290232
0.00368791
-0.00248624
-0.000825517
-0.00166165
-0.000344303
0.000430262
-0.000611222
0.0034897
-0.00535575
0.00518379
-0.00239421
0.00185439
0.000723988
0.000344588
0.000570241
-0.00162356
0.00119595
-0.00314997
-0.00239453
-0.00257349
0.00237217
-0.000272448
0.000212388
-0.00121864
0.00238913
0.00344593
-0.00143041
-0.000433453
0.00340194
-0.00502535
0.000485853
-0.00061739
-0.00213584
-0.00166692
-0.00106636
0.00301385
-0.000907518
0.00147649
-0.00215592
-0.000947739
-0.000253703
0.00469866
-0.00151989
0.00244656
0.0033306
0.00268746
-0.00692634
-0.00197603
0.000724863
0.000530452
-0.0015104
0.00224957
-0.00392284
0.0068038
-0.00320351
-0.0013957
0.00476202
-0.00425315
0.00430055
-0.00223743
0.00234454
-0.00438705
-0.00643868
0.00444511
-0.00319899
0.00176656
2.56618e-05
-0.00155105
0.00291406
-0.0047736
0.00882379
-0.00468527
-0.00397264
0.00386379
-0.000878725
0.00154599
0.00424219
-0.00511765
0.00275757
-0.00445396
0.000472039
0.00235939
0.00214512
0.000582098
-0.00497915
0.00450878
-0.00138937
-0.00180164
-0.000603933
-0.00206947
-0.00127854
0.00376364
-0.00209085
0.00260772
-0.000661957
8.21966e-05
-0.00429104
0.00241583
-0.00164082
0.0110603
-0.00536245
-0.00172764
0.00101334
-0.00324996
-0.00366181
0.00119525
0.0027141
0.00358481
-0.00161772
0.00385764
-0.00684868
-0.00147042
0.0016603
0.00348329
-0.000413888
-0.00337349
0.000276576
0.000673682
-0.0019977
0.00385666
0.00589204
-0.00629863
0.00171479
0.00053193
0.00256279
-0.000551382
-0.00616339
0.00527081
-0.00177397
-0.00502013
0.00451165
-0.00508063
-0.000737748
-0.00538513
0.00294553
0.00376443
-0.00110757
0.00620315
-0.00136571
-0.00298317
0.00179345
-0.00146412
0.00127916
-0.00107581
-0.00246001
0.00520459
-0.000335987
-0.0029948
-0.000201578
0.00423448
0.000660753
-0.00313535
0.0028255
-0.0072717
0.00241925
-0.00178729
-8.46277e-06
0.00075699
0.000221145
0.00514394
-0.00247087
0.00233649
-0.00534339
0.00170498
0.00104547
-0.00129706
0.00208043
-0.000419841
0.00105277
-0.00463481
0.000849867
0.00232351
-0.00333445
0.0024053
0.00264456
-0.00343894
0.000674633
1.43125e-05
-0.00691338
0.00574818
-1.05212e-05
0.00119146
0.0032124
-0.00232183
-0.00215484
0.00129185
0.00145063
-0.00243735
0.00294242
-0.00227652
0.0018036
-0.00314473
-0.000450655
0.00654269
-0.00422584
0.00197516
-0.00394593
0.00341163
0.000592778
-0.00185479
-0.000431384
0.00148593
-0.00201903
0.000429455
-0.000839703
-0.00120341
0.00167841
-0.00391339
0.00371281
0.000891238
-0.00327647
0.00264275
0.000348791
-0.00420449
0.00392402
-0.00240836
-0.00206494
0.00203878
0.000952703
-0.00462986
0.00334055
0.00229039
-0.00102022
0.00392631
-0.00252356
-0.00500009
0.00397642
-0.00243675
-0.00140044
0.00226346
-0.00364922
0.0026671
0.00239217
0.00233732
-0.00106494
-0.00155232
-0.000368308
0.00189433
0.00147115
-0.00674508
0.00403675
0.00316271
-0.00205332
-0.000262814
-0.00150777
-0.00380149
-0.000763396
0.00363004
0.0024761
0.00242949
-0.00395006
-0.00207202
0.000522969
0.00213711
-0.000511643
-0.000632943
0.00191414
-0.00230682
-0.00206564
0.00320852
-0.00405596
0.00227326
-0.000743636
-0.00164271
0.00517556
0.00117719
-0.00339085
0.000309243
0.00790633
-0.00428102
-0.00574591
0.00571888
-0.00265541
-0.00632802
0.00194165
0.00300685
0.00287713
-0.00108784
-0.00160752
0.00100736
-0.000736334
0.00155521
-0.00594114
0.00638973
-0.00128374
-0.0023231
-0.00305512
-0.0030537
0.00349401
0.00271769
0.00237768
-0.000326725
-0.00179292
-0.00274943
0.00413903
-0.000143037
-0.00180129
-0.00149527
-0.00103222
0.00260719
-0.00108814
0.00406465
0.000902102
-0.00168865
-0.00493745
-0.000830128
0.00326728
-0.00155659
0.00219361
0.002748
0.000103842
-0.000801477
-0.00402605
0.00344121
-0.00156633
8.15144e-05
-0.00242772
0.00402825
-0.0031968
0.0024137
-0.00116431
0.00220193
-0.0042925
0.000604829
0.00330515
-0.00493269
-0.000125338
0.00569005
-0.00124917
0.00265291
-0.00192528
-0.0051613
0.00295745
-0.00400773
0.00439068
0.00365276
-0.00496661
0.0033322
-0.00444269
-0.00398705
-0.000300167
-0.00042379
0.00807673
-0.00527119
0.00130671
0.00183544
0.00072113
0.000863651
0.000369913
-0.000482035
0.000401536
0.000456971
-6.40715e-05
-0.007309
0.00726622
-0.00215869
-0.000707629
0.0020499
-0.00231423
0.00448528
0.00251065
-0.00499262
-0.00159158
-0.0010806
-0.00247014
0.00128996
-0.000194493
0.00161678
-0.000206304
-0.00116692
0.00197104
-0.000244748
