0.00189227
0.00282851
0.00282851
-0.000235969
-0.000235969
-0.000964437
-0.0015962
0.00537085
0.00157153
0.000178999
0.00315701
0.00758663
0.00787452
0.00293063
0.00187808
-0.00116906
0.00114516
0.00366753
0.00282136
0.00179006
7.68076e-05
0.00323689
0.00369085
0.00187808
0.00145566
0.00157153
0.00746698
0.00599119
0.00504974
0.00293789
-2.54028e-05
0.0022061
0.00599119
0.00105348
-0.00011515
0.0019873
0.00609317
0.00914658
0.00432707
0.00770669
-0.00044047
0.00040913
0.0033463
0.00631395
0.00166681
0.00587286
0.00693163
-0.00295213
0.00177592
0.00231059
0.00231059
0.000937957
0.00146931
-0.0025481
0.00903553
0.00315701
0.000913418
0.00420161
0.00419401
0.00419401
-0.000434431
0.00621196
0.00106025
0.00106025
0.00588098
0.00304739
0.00304739
0.00462546
0.00157851
0.00315701
0.00380838
0.00548102
0.00165998
0.0058892
-0.0015962
0.00548102
0.000944532
0.0026314
0.00304739
0.00304739
0.00398239
0.00136023
0.000224694
0.00220838
0.00401276
0.00461758
-0.000639058
0.00561649
0.00166681
0.00746698
0.00472751
0.00557496
0.00084225
0.00851724
0.00452339
0.00411492
0.00411492
0.00262421
0.00412276
0.00210616
0.00358132
0.00125126
0.000306876
0.00294524
0.001374
0.00157851
0.00146244
0.00136023
0.00136023
-0.00200567
-0.00200567
0.00284307
0.00346338
0.00440574
0.0026314
0.00410718
-0.000300557
-0.000300557
0.000313513
0.0049559
0.0049559
0.00273358
0.00473549
0.00252203
0.00187808
0.00136708
0.00116254
0.000293855
0.0046098
0.0113863
0.0113863
0.00200905
0.00462546
0.00389527
0.00801256
0.0062035
0.00598296
0.00429606
-0.00326502
-0.00210808
0.00409194
-0.00284969
0.00178295
0.0010402
0.0018995
0.00547291
-0.00011515
0.00630547
0.00882279
0.00326674
-0.00245132
0.000306876
0.001258
0.00303274
-0.00284969
0.0062035
0.000217912
0.00293063
0.000937957
0.00715249
0.00452339
0.0043114
-0.0015904
0.00106025
0.00347914
0.00114904
0.00516002
0.00439809
0.00482954
0.00482954
0.00400504
0.00408445
0.000829236
0.00453933
0.00314953
0.00165998
-0.000108782
0.0044213
0.0044213
0.00283575
0.0054975
0.0026314
-0.000428308
0.000415793
0.00439809
0.00336127
-0.00496001
-1.28707e-05
-0.000632985
-0.000632985
0.000415793
0.00380071
9.58079e-05
0.00126482
-0.00127745
0.00590588
0.00451554
0.00274088
0.00241278
0.00641592
0.0078924
0.0064217
0.00440574
-0.000223706
0.00261711
0.00314953
0.00409194
0.00621196
-0.000868306
0.00464958
0.00157851
0.00557496
0.00157851
0.00555894
-0.000964437
0.00114241
-0.00011515
-0.00011515
0.00419401
0.00419401
0.00559963
0.00559963
0.00189227
0.00325164
0.00296778
0.00686377
0.00686377
0.000108898
0.000108898
0.00472751
0.00356546
0.00621196
0.00347874
0.00347874
0.00439809
-0.00348057
-0.000223706
0.00610995
0.00116942
0.00116942
0.00156464
-1.28707e-05
0.0044213
0.0023392
0.0023392
0.00124461
0.00124461
0.00716113
0.00304739
0.00250797
0.00265346
0.00463341
0.00441348
-0.000319765
-0.00304901
0.00400504
-0.00146388
0.00134021
0.00599952
0.00864645
-0.000415807
0.00241984
0.00136708
0.00136708
0.00756015
0.00756015
0.00188513
0.00347914
0.00282851
0.00251496
0.00294524
0.00294524
0.0055831
0.00158558
0.00347102
0.000396059
0.00440574
0.00156464
0.00135347
0.0049236
0.00144234
0.00484564
0.00461758
0.00566891
0.00566891
0.00304002
0.00441348
0.00144896
0.00325915
0.00380071
0.000538625
0.00116942
0.0010671
0.00136023
-0.00106674
0.0106323
0.00177592
0.00304002
0.00706785
-6.47767e-06
0.00337659
0.00295267
0.00378562
0.00504877
-0.00359816
0.00385849
0.00450778
0.00599952
0.001258
0.0083224
0.00146244
0.00116254
0.00304002
0.00305485
0.001374
0.0072631
0.00316457
0.00316457
0.00664599
-0.0017893
0.00114241
0.0010671
-0.00284969
0.0026314
0.0026314
0.00165998
0.00104679
0.00294524
0.00252919
0.0046098
0.000753252
0.00135347
0.00379312
-0.00167491
-0.00569388
0.00136023
0.00104679
0.00104679
0.00947083
0.00714394
-0.000428308
0.00104679
0.000746559
0.00568515
0.00568515
0.00104679
0.00084225
0.00589749
0.00106025
-0.00128342
0.00570173
0.00188513
0.00361163
-0.00199996
-0.000211105
0.00611847
0.00409194
0.00579546
0.00441348
0.00284307
0.0101329
0.00124461
0.00272637
0.00293063
0.000198075
-0.000735351
0.00168074
0.00442921
0.00283575
0.00706785
-0.0025481
-0.0025481
0.00274088
0.00505661
0.00452339
0.00391058
0.00262421
0.00358877
0.00157851
0.00252203
0.00876709
0.00601642
0.00695714
0.00336127
0.00336127
0.00295267
0.00104679
0.00577899
-0.00199996
0.00116942
0.00315701
0.00243419
0.00454744
0.00462546
0.00431919
0.00474355
0.00241984
0.00241984
0.00296778
0.00695714
0.00127871
0.00305485
0.00453933
0.00283575
0.0044372
0.00233192
0.000944532
0.00263867
0.00431919
0.00559132
0.00716113
0.00483754
0.00694855
0.00694855
0.00884104
-0.00569859
-0.00569859
-1.28707e-05
-0.00221052
0.00716986
0.00716986
0.00011557
0.0043114
-0.00168689
-0.00168689
0.0056934
0.00464145
0.00105348
0.0008357
-0.000223706
-6.47767e-06
-0.00189173
0.00610152
0.00211313
0.000739949
-0.00369566
0.00166681
0.00579546
0.00863725
0.00124461
0.00577899
0.00577899
-0.000729218
0.00116942
0.00409194
0.00684655
0.00684655
0.00282851
0.00191558
0.00191558
0.0043114
0.00409194
0.00409194
-0.00316794
0.00243419
0.00231762
0.00567699
0.00306239
0.00303274
-0.00315707
0.00253644
0.00253644
0.00452339
0.00200172
-0.00434045
0.00208945
0.00483754
0.00147627
0.00136708
0.00843339
0.00410718
0.00103368
-0.00284969
0.00272637
0.00272637
0.00103368
0.00156464
0.00273358
-0.0015904
0.00124461
0.00642452
0.00642452
0.00577089
0.00232473
0.00641592
0.001258
-0.000325998
0.00461758
0.00461758
0.00282851
-0.000524454
0.00472751
-0.000108782
0.00011557
0.00011557
0.00011557
-0.000542749
0.00756015
-0.00169854
-0.00169854
0.00157153
0.000204603
0.00116942
0.0045001
0.00756015
0.000937957
0.00358877
0.00315701
0.00219464
0.00127172
0.0042093
0.00199447
-0.00137978
0.00112942
-0.00157853
0.00526078
0.00502557
0.00865574
-0.000211105
0.00272637
0.00272637
0.00453132
0.00325164
0.00325164
0.00621196
0.00304739
0.00336962
0.00282136
0.000415793
0.00580381
0.00106025
0.00305485
0.00242697
0.00843339
0.00389527
0.00515871
0.00473549
0.00823856
-0.000434431
-0.000434431
-0.000434431
-0.00231297
0.00125126
-0.000428308
0.00378562
0.00389527
0.00346454
0.00212734
-0.000650951
-0.00104854
0.00548102
0.000739949
0.00262421
0.00452339
0.0050416
0.00557496
0.00631395
-0.00210808
0.00125126
0.00125126
0.00376957
0.00114241
0.00252919
-0.00222698
0.00264602
0.00264602
0.00304739
0.00411492
-0.00157853
0.00146244
0.00398985
0.0044213
-0.0024264
0.00241984
0.00241984
0.00209927
0.0008357
0.0008357
0.000739949
-0.00209664
0.00380071
0.000548495
0.00381614
-0.00157247
0.0019142
-0.00252884
-0.00483304
-0.00630676
-0.00958105
-0.00958105
-0.00251793
-0.00084376
0.00084225
0.00577899
0.0105014
0.00756015
0.00756015
0.00575521
0.00185742
0.00954436
0.00808712
0.00123336
-0.00424288
-0.00424288
0.0065009
0.00164873
0.00648497
-0.00109259
-0.0036137
-0.00391038
0.00292841
0.00123336
0.00325164
0.00335374
0.00672173
0.00367522
0.00683232
0.00449127
0.00282633
0.00344096
0.00536406
0.000715781
0.000715781
0.00716478
0.00123336
0.00376957
0.00358871
0.00491574
0.00449925
0.00449925
0.000817961
0.00461758
0.00208945
0.00596673
0.00179006
0.00179006
0.00206155
0.00969374
0.00187111
0.00632252
0.00818895
0.00542527
0.00542527
0.00544949
0.00396593
0.00241041
0.00566161
0.00586542
0.00586542
0.00103597
0.00724869
0.00230094
-0.00107284
0.00779954
0.00249787
0.00356546
0.00326674
0.0038716
0.00113123
0.00503354
0.00439728
0.0076742
0.00377729
0.00344096
0.00219159
0.00302554
0.00523748
0.00240306
0.00240306
-0.00044045
0.0050416
0.00482162
0.00367522
0.00511961
0.00958223
0.00958223
0.00389508
0.00672173
0.00208945
0.00398923
0.00399716
0.00376194
8.30564e-05
0.00778153
0.00956312
0.00240306
0.00704493
0.00241041
0.00241041
0.00176897
-0.000855917
0.00218446
-0.000868306
-0.00202499
0.00346338
-0.000229434
0.0040834
0.000191632
0.000824724
0.00165998
-0.00234343
-0.00234343
0.00126165
0.0033463
-0.00348414
-0.000644986
-0.0021273
0.00238152
-0.000651357
0.00166681
0.000824724
0.00219159
0.000947781
-0.00118703
0.00241784
0.00241784
0.00199447
0.00535576
-0.000747281
0.00388717
0.00124734
-0.000555417
-0.00171814
-0.00329602
0.00376194
0.00199447
-0.00182629
0.000709128
0.000709128
0.000838503
0.0065009
-0.002332
0.000715781
-0.000657644
0.00516835
-0.00213884
0.00387934
-0.000549105
-0.000862154
0.00269471
0.00397361
0.00555968
0.0013495
0.000817961
0.000817961
-0.00149529
-0.00191071
-0.00011379
-0.00411532
0.00252754
-0.00399663
-0.00399663
-0.00601312
0.00517677
-0.00180224
-0.00170607
-0.00178971
-0.00486384
0.00253516
-0.00317688
-0.00317688
-0.000734335
0.00104296
-0.00389961
-0.00294652
-0.00327928
-0.00368343
-0.00211543
-0.00359219
0.000947781
-0.00643334
-0.00389961
-0.00494526
-0.000523012
-0.00306281
-0.00306281
-0.007607
-0.00496632
-0.00242264
0.00209664
-0.00644275
-0.00179602
-0.00496118
7.71914e-05
-0.00317688
-0.00528856
0.0102847
0.0164046
0.0188053
0.0177454
0.0302189
0.0309563
0.0363168
0.0406766
0.0406766
0.0435189
0.0439176
0.0647377
0.0857997
0.0952542
0.103879
0.103508
0.0908197
0.0787303
0.080983
0.0839514
0.0839514
0.0815068
0.085674
0.0777167
0.0778137
0.0794965
0.0783182
0.0801307
0.0834665
0.0829349
0.080981
0.0776186
0.0776186
0.0758739
0.076607
0.0771617
0.0771937
0.0804909
0.0788749
0.076867
0.0698105
0.0741623
0.0795748
0.0756774
0.0805241
0.0766387
0.0766387
0.0742606
0.0752217
0.0782534
0.0740949
0.0748766
0.0746372
0.0746372
0.0738365
0.0708404
0.0706138
0.0725803
0.0690622
0.0690622
0.068836
0.067016
0.0718531
0.0687084
0.0673537
0.0674396
0.0674396
0.0674396
0.0736705
0.0702789
0.0718309
0.0646983
0.0623863
0.0672836
0.0697563
0.0669874
0.0673537
0.0649269
0.0700334
0.0653221
0.0733752
0.0667899
0.0661676
0.0657449
0.0657449
0.0670577
0.0669727
0.0637419
0.0594233
0.0545143
0.052094
0.052094
0.0494238
0.0517243
0.0710502
0.0631272
0.080133
0.080133
0.0864138
0.110623
0.151697
0.16505
0.18971
0.18971
0.199904
0.198701
0.202183
0.212978
0.213853
0.215665
0.218619
0.208427
0.214716
0.228471
0.231823
0.22793
0.234244
0.234244
0.234679
0.223693
0.206844
0.21022
0.2124
0.2124
0.218061
0.217732
0.224901
0.220643
0.228674
0.22577
0.22577
0.223879
0.227097
0.222541
0.229507
0.224905
0.223853
0.226216
0.227029
0.221059
0.221059
0.222645
0.218614
0.222789
0.220171
0.220171
0.225192
0.211722
0.213326
0.223069
0.22271
0.22194
0.226151
0.225362
0.226084
0.224722
0.219679
0.218116
0.215187
0.216298
0.217078
0.222046
0.227909
0.227909
0.21482
0.210207
0.219149
0.229061
0.223448
0.222123
0.222123
0.217926
0.214209
0.217977
0.226346
0.226516
0.226516
0.222489
0.216845
0.214318
0.210561
0.212125
0.212125
0.213234
0.213267
0.209877
0.217702
0.215811
0.219877
0.220523
0.222835
0.220383
0.214669
0.216754
0.21683
0.215719
0.212716
0.212032
0.215001
0.222299
0.215644
0.215644
0.224498
0.21912
0.211332
0.216434
0.215979
0.212532
0.212532
0.215887
0.214026
0.220566
0.211371
0.2129
0.2129
0.205013
0.227328
0.227328
0.210742
0.214866
0.220094
0.220094
0.224433
0.214334
0.216893
0.216861
0.210338
0.221707
0.221081
0.215234
0.211498
0.204849
0.212089
0.219073
0.219073
0.220277
0.222991
0.220743
0.216693
0.217213
0.209305
0.209305
0.214318
0.219164
0.204199
0.215611
0.219664
0.214925
0.212716
0.213691
0.222221
0.219312
0.211682
0.211682
0.213783
0.209066
0.209674
0.210042
0.215751
0.212641
0.213208
0.213934
0.219741
0.225482
0.2184
0.216725
0.210834
0.210834
0.219404
0.209582
0.207575
0.209821
0.213767
0.215293
0.211608
0.213176
0.21566
0.216678
0.21639
0.216969
0.215184
0.210798
0.218553
0.221961
0.220637
0.223728
0.223728
0.215142
0.211569
0.200728
0.208163
0.225129
0.215719
0.207628
0.22408
0.220291
0.211791
0.215887
0.217835
0.222848
0.222848
0.217136
0.205566
0.209416
0.212032
0.210668
0.206947
0.212658
0.212992
0.212992
0.215692
0.218278
0.215476
0.216633
0.215125
0.213135
0.209931
0.206156
0.208458
0.211
0.215142
0.217076
0.209195
0.211201
0.220137
0.2149
0.2149
0.212566
0.213892
0.212601
0.21076
0.211092
0.211092
0.214535
0.211975
0.205329
0.208862
0.209011
0.207759
0.216374
0.216374
0.21546
0.22208
0.227328
0.220926
0.20527
0.221616
0.212268
0.211551
0.214076
0.207997
0.208219
0.210484
0.210484
0.214426
0.224002
0.211901
0.200374
0.213858
0.213858
0.215093
0.216466
0.210336
0.214059
0.209802
0.213433
0.213375
0.210982
0.216633
0.219694
0.22208
0.205754
0.205754
0.209931
0.216618
0.217499
0.215083
0.21645
0.209085
0.215401
0.21526
0.21526
0.216374
0.219496
0.215856
0.207264
0.20739
0.206968
0.214574
0.219587
0.21194
0.20739
0.213467
0.221897
0.216741
0.205754
0.22208
0.218823
0.218823
0.205662
0.213007
0.211385
0.210134
0.209343
0.208294
0.202723
0.208405
0.213099
0.212343
0.214791
0.213283
0.216801
0.211717
0.215034
0.2173
0.213225
0.213225
0.211293
0.207705
0.20706
0.207206
0.210023
0.212383
0.212383
0.210852
0.214716
0.211349
0.208974
0.209047
0.209047
0.219709
0.216024
0.205033
0.204776
0.207721
0.220031
0.220031
0.212934
0.21811
0.211533
0.209803
0.210778
0.211293
0.211293
0.217423
0.21054
0.211275
0.206195
0.198721
0.198721
0.207575
0.213817
0.211827
0.216618
0.219954
0.210318
0.20824
0.217088
0.217088
0.216007
0.211551
0.207924
0.214641
0.210208
0.205497
0.205497
0.215217
0.216342
0.214716
0.213783
0.213892
0.214791
0.216602
0.212674
0.207448
0.207448
0.206123
0.210964
0.213225
0.205915
0.21365
0.208827
0.21065
0.213633
0.220166
0.214073
0.212085
0.214474
0.202538
0.202538
0.208589
0.210668
0.201234
0.227328
0.226518
0.226518
0.212808
0.216342
0.212142
0.219266
0.21645
0.203802
0.195393
0.213834
0.210466
0.210226
0.21275
0.205919
0.205919
0.212159
0.207778
0.214076
0.209177
0.214107
0.214107
0.213759
0.20925
0.211975
0.207172
0.211442
0.216649
0.2149
0.2149
0.211092
0.207007
0.214059
0.217606
0.211515
0.215368
0.215368
0.204151
0.207628
0.210576
0.206083
0.206083
0.215991
0.218716
0.217228
0.207502
0.214791
0.207502
0.210594
0.206505
0.210798
0.20811
0.203915
0.213358
0.213358
0.215565
0.215368
0.212584
0.216115
0.214151
0.202333
0.209784
0.208275
0.215673
0.209434
0.204704
0.205806
0.205806
0.215034
0.213208
0.21089
0.208351
0.212085
0.21212
0.21212
0.214441
0.212509
0.212709
0.209269
0.211975
0.217407
0.217392
0.212733
0.210116
0.211385
0.217942
0.206988
0.205734
0.20156
0.204335
0.216283
0.211367
0.206895
0.206895
0.216678
0.215584
0.208919
0.211643
0.210226
0.213907
0.213907
0.209619
0.212582
0.20708
0.203613
0.20559
0.209103
0.216207
0.218308
0.213742
0.208919
0.211643
0.219357
0.209822
0.208497
0.212509
0.20725
0.209066
0.213501
0.201837
0.213593
0.213967
0.204592
0.210962
0.217455
0.208478
0.215309
0.21365
0.206268
0.20607
0.207337
0.214016
0.212766
0.213926
0.210834
0.207448
0.209103
0.209987
0.216434
0.213116
0.207448
0.214958
0.212194
0.204725
0.212233
0.209195
0.213467
0.213467
0.211477
0.210447
0.21201
0.20051
0.204428
0.204325
0.210944
0.213851
0.206452
0.208643
0.214866
0.214866
0.208809
0.208716
0.213191
0.218659
0.208938
0.206988
0.211809
0.211441
0.208919
0.210447
0.218685
0.207687
0.201283
0.203285
0.207851
0.2103
0.210428
0.209546
0.207317
0.203214
0.208054
0.211314
0.214791
0.219387
0.207356
0.222615
0.210852
0.199815
0.207356
0.207375
0.209195
0.200396
0.1976
0.203235
0.216741
0.217595
0.208846
0.208846
0.208993
0.214991
0.207264
0.210686
0.211164
0.210299
0.212343
0.219357
0.218476
0.206307
0.210484
0.211459
0.211459
0.210686
0.208681
0.208809
0.203915
0.203802
0.200092
0.200092
0.214683
0.210742
0.211993
0.211993
0.21405
0.21405
0.215067
0.214991
0.20741
0.207559
0.206893
0.198558
0.200092
0.212194
0.215689
0.211735
0.215673
0.213851
0.205093
0.205093
0.210742
0.213042
0.210336
0.214092
0.20715
0.204653
0.204653
0.212286
0.214916
0.210576
0.214168
0.199346
0.204151
0.211258
0.215158
0.20995
0.208219
0.213024
0.212268
0.213684
0.207414
0.205642
0.213851
0.211735
0.206748
0.20603
0.204889
0.212268
0.21275
0.203511
0.210704
0.209287
0.209287
0.206399
0.203583
0.205538
0.212343
0.21525
0.211679
0.211679
0.204561
0.208643
0.209526
0.207908
0.210042
0.213742
0.213627
0.209122
0.211809
0.211809
0.208127
0.210409
0.216223
0.219296
0.205237
0.210944
0.206419
0.209545
0.211735
0.212085
0.209583
0.202072
0.198488
0.208035
0.206563
0.205662
0.205662
0.211901
0.213868
0.210189
0.210189
0.202815
0.202815
0.216693
0.203348
0.210392
0.209453
0.210668
0.209177
0.209177
0.207317
0.2149
0.215584
0.207763
0.205866
0.201837
0.211219
0.213118
0.204941
0.216482
0.209011
0.208827
0.209361
0.209361
0.215584
0.214933
0.215266
0.205958
0.204592
0.205033
0.203122
0.214426
0.208919
0.212102
0.205149
0.209987
0.209987
0.214549
0.210116
0.217
0.211092
0.202979
0.202979
0.207651
0.207705
0.208516
0.201468
0.20607
0.212194
0.212194
0.212194
0.212434
0.21041
0.216908
0.211569
0.206471
0.216466
0.211993
0.207375
0.205093
0.205662
0.210798
0.214933
0.21409
0.207356
0.206142
0.204653
0.204632
0.205165
0.205165
0.210484
0.214142
0.203071
0.204725
0.204725
0.215158
0.211696
0.212526
0.212343
0.202072
0.204612
0.206563
0.213392
0.209085
0.208865
0.204745
0.209159
0.201908
0.210244
0.210042
0.210244
0.201908
0.208535
0.210299
0.205826
0.205826
0.214808
0.203285
0.207172
0.20903
0.210244
0.210244
0.209122
0.203029
0.203306
0.212102
0.206678
0.207375
0.209214
0.202093
0.212268
0.212526
0.212526
0.214109
0.206215
0.206215
0.210538
0.205149
0.204612
0.212067
0.212676
0.210852
0.205958
0.207046
0.21076
0.211919
0.212395
0.212286
0.212286
0.206935
0.207962
0.20682
0.202887
0.214076
0.216681
0.206162
0.209582
0.213909
0.209049
0.198488
0.199139
0.199139
0.20787
0.210778
0.208846
0.20387
0.214791
0.217988
0.217988
0.208389
0.207686
0.210005
0.211661
0.211053
0.205373
0.202958
0.202958
0.204397
0.210484
0.209986
0.208773
0.208773
0.208073
0.207211
0.202006
0.20124
0.210079
0.205846
0.20706
0.213191
0.21954
0.208148
0.211625
0.205046
0.212452
0.212452
0.209454
0.196351
0.196975
0.196975
0.208882
0.208882
0.204284
0.213225
0.208643
0.207575
0.202752
0.205517
0.208919
0.223572
0.187904
0.209324
0.227603
0.202567
0.202567
0.21295
0.204284
0.20739
0.213375
0.201397
0.201397
0.215234
0.206011
0.206123
0.207172
0.205866
0.203142
0.203142
0.212251
0.205754
0.210042
0.203936
0.209379
0.20903
0.213076
0.214975
0.21188
0.210097
0.207448
0.209103
0.209103
0.207004
0.207172
0.207172
0.215342
0.2096
0.203859
0.203859
0.200326
0.203142
0.204622
0.208259
0.208792
0.207467
0.207467
0.204007
0.209306
0.210594
0.213484
0.207559
0.197415
0.198396
0.203193
0.211311
0.210244
0.209802
0.211035
0.205373
0.207521
0.208535
0.20925
0.211018
0.203214
0.204192
0.204192
0.20347
0.213168
0.204468
0.205958
0.216283
0.216283
0.21041
0.207337
0.211035
0.206215
0.206307
0.213943
0.213134
0.213926
0.210336
0.20605
0.203029
0.210244
0.213576
0.210944
0.208181
0.195995
0.19544
0.207298
0.210318
0.210796
0.20347
0.211219
0.210447
0.204171
0.205333
0.205333
0.212159
0.216482
0.206893
0.206893
0.208792
0.204397
0.200306
0.206287
0.203823
0.208662
0.212285
0.206346
0.200658
0.207119
0.203772
0.208497
0.207152
0.202681
0.207046
0.210318
0.211643
0.203798
0.202887
0.199956
0.202354
0.210428
0.206307
0.206195
0.205774
0.20242
0.208993
0.209766
0.210594
0.202396
0.208181
0.205682
0.210778
0.207632
0.208497
0.210484
0.204981
0.199531
0.206843
0.204028
0.207502
0.214291
0.207594
0.208054
0.210447
0.19949
0.200978
0.206083
0.202887
0.202887
0.21063
0.210852
0.210484
0.211827
0.201022
0.201022
0.212544
0.208608
0.210152
0.208386
0.199908
0.20559
0.20559
0.202093
0.213426
0.214716
0.203629
0.196041
0.202604
0.209085
0.206709
0.208551
0.203029
0.208643
0.21087
0.21087
0.203348
0.202887
0.197508
0.210336
0.210336
0.208846
0.211844
0.203936
0.201766
0.206452
0.210778
0.210778
0.204304
0.204304
0.197346
0.202702
0.210318
0.213002
0.203419
0.203419
0.203193
0.20603
0.203235
0.204356
0.208478
0.208478
0.208865
0.210576
0.210318
0.20903
0.202652
0.211587
0.201554
0.201554
0.208719
0.208516
0.209141
0.206636
0.204632
0.207778
0.209453
0.207559
0.198651
0.210944
0.212658
0.217638
0.217638
0.191092
0.211
0.216785
0.206307
0.199652
0.203398
0.203398
0.220709
0.210208
0.21041
0.211975
0.199815
0.199815
0.193995
0.188156
0.202794
0.211735
0.20605
0.213426
0.213059
0.208957
0.206307
0.203675
0.198928
0.21076
0.210484
0.208919
0.207283
0.201745
0.205938
0.211936
0.201397
0.207303
0.20605
0.193746
0.19224
0.206419
0.205441
0.214933
0.214733
0.214733
0.201418
0.206583
0.197207
0.212251
0.204141
0.198326
0.202164
0.202164
0.21893
0.210962
0.204817
0.204817
0.205073
0.213633
0.210263
0.204448
0.211495
0.209545
0.209545
0.195416
0.209563
0.19679
0.203
0.213043
0.203235
0.203071
0.206215
0.204212
0.212286
0.207487
0.20903
0.20903
0.206268
0.208
0.212876
0.20605
0.214916
0.212561
0.212561
0.200462
0.202064
0.206563
0.207303
0.207778
0.209508
0.209011
0.206379
0.203767
0.201305
0.203378
0.201674
0.205241
0.211035
0.207763
0.206142
0.202
0.204889
0.199815
0.207778
0.208754
0.210336
0.216132
0.210336
0.219098
0.202866
0.194483
0.204141
0.213984
0.207816
0.204653
0.203634
0.203634
0.197369
0.207705
0.212233
0.203511
0.203021
0.206142
0.208516
0.200163
0.198071
0.206142
0.201766
0.204776
0.205682
0.205682
0.198118
0.209066
0.206471
0.208719
0.207613
0.207613
0.209618
0.202185
0.200794
0.203276
0.203184
0.207375
0.208938
0.208535
0.208332
0.203
0.209526
0.206011
0.201517
0.204151
0.206011
0.207119
0.206432
0.200517
0.207007
0.199908
0.211735
0.210355
0.196513
0.195995
0.207007
0.206215
0.206215
0.211919
0.204069
0.20412
0.20412
0.201163
0.196929
0.194366
0.200815
0.200815
0.210189
0.211275
0.204797
0.204797
0.205145
0.202845
0.20677
0.206156
0.211605
0.209103
0.209103
0.210778
0.197886
0.202538
0.208608
0.205385
0.205385
0.208165
0.207613
0.203122
0.206307
0.208424
0.202866
0.198418
0.198303
0.20112
0.213409
0.208424
0.198769
0.194298
0.194298
0.210079
0.203654
0.204335
0.202446
0.198673
0.204797
0.212286
0.208662
0.205093
0.207816
0.197932
0.19253
0.19253
0.19253
0.202773
0.205642
0.210668
0.208754
0.213151
0.213151
0.202815
0.201326
0.203029
0.20857
0.211477
0.20523
0.202887
0.208754
0.207007
0.199512
0.204325
0.201326
0.203398
0.206843
0.210005
0.207962
0.207356
0.209583
0.208075
0.208075
0.205673
0.200467
0.200467
0.207521
0.207172
0.205702
0.209398
0.205866
0.209195
0.210428
0.200673
0.191016
0.191016
0.204817
0.210244
0.211018
0.211018
0.200723
0.203726
0.203726
0.201837
0.198906
0.198348
0.202589
0.209545
0.201
0.209545
0.20452
0.207487
0.205919
0.205919
0.198326
0.201142
0.205846
0.200979
0.206471
0.199073
0.199073
0.202702
0.210042
0.209103
0.204889
0.200489
0.207502
0.20903
0.207759
0.201816
0.195371
0.205662
0.214474
0.214474
0.203398
0.201646
0.206656
0.207908
0.200326
0.200326
0.204561
0.210557
0.207671
0.212286
0.20346
0.203306
0.202958
0.210171
0.206689
0.214624
0.204725
0.201418
0.20561
0.207705
0.204889
0.202652
0.202655
0.200185
0.203235
0.203235
0.20605
0.198511
0.201745
0.207705
0.205754
0.203956
0.201795
0.202143
0.205774
0.206636
0.200418
0.207778
0.207778
0.207467
0.20603
0.199442
0.202022
0.202887
0.204561
0.207356
0.201049
0.207851
0.207099
0.207099
0.198463
0.193247
0.201652
0.206287
0.211182
0.202022
0.20679
0.207559
0.206254
0.198488
0.198488
0.202235
0.20984
0.213151
0.213151
0.212452
0.207027
0.209085
0.201142
0.204397
0.201674
0.201674
0.207705
0.20754
0.202467
0.204325
0.198488
0.198488
0.201723
0.212469
0.200185
0.200048
0.198463
0.204929
0.214716
0.210906
0.205938
0.207007
0.204765
0.21201
0.204909
0.195625
0.211551
0.207521
0.204632
0.20951
0.210944
0.210944
0.202979
0.202022
0.207487
0.205257
0.198326
0.20723
0.20723
0.204233
0.196883
0.204704
0.207191
0.204817
0.207375
0.202907
0.200022
0.204284
0.198928
0.203562
0.208662
0.208919
0.213151
0.207007
0.203936
0.200816
0.201674
0.201674
0.204212
0.214975
0.207448
0.208092
0.205001
0.202815
0.202815
0.202744
0.197045
0.20007
0.207138
0.204376
0.204376
0.198094
0.204981
0.202098
0.201468
0.198976
0.206103
0.213851
0.214658
0.203956
0.202369
0.208514
0.210979
0.20251
0.20251
0.209049
0.209767
0.205517
0.205517
0.208148
0.208148
0.204376
0.207356
0.192048
0.201723
0.207007
0.204489
0.207337
0.205497
0.210189
0.207467
0.203675
0.199745
0.203297
0.201446
0.203134
0.203956
0.20563
0.204346
0.203276
0.200044
0.218232
0.206182
0.204653
0.20561
0.201631
0.201631
0.205702
0.199908
0.194088
0.20051
0.19425
0.19425
0.193951
0.201326
0.210686
0.21326
0.208827
0.201468
0.201468
0.206419
0.209471
0.209269
0.2
0.200767
0.200044
0.209638
0.21201
0.205333
0.201093
0.202093
0.20609
0.205053
0.206471
0.212452
0.202979
0.195856
0.195856
0.199701
0.19942
0.198928
0.206379
0.201305
0.201326
0.204981
0.204981
0.205774
0.202744
0.204909
0.203542
0.202887
0.199837
0.200022
0.204653
0.20454
0.20607
0.197391
0.197391
0.205774
0.196675
0.188755
0.197763
0.212251
0.212251
0.19336
0.196041
0.212733
0.209177
0.214825
0.207283
0.204561
0.208405
0.212159
0.207943
0.19679
0.201489
0.201489
0.208957
0.195509
0.196134
0.201979
0.209526
0.203168
0.203168
0.200418
0.20452
0.20454
0.199165
0.198488
0.207943
0.207467
0.204304
0.202723
0.207889
0.206011
0.207395
0.207395
0.198788
0.206268
0.208773
0.2045
0.204909
0.206544
0.206544
0.201723
0.206234
0.204581
0.21201
0.205958
0.201049
0.207077
0.206254
0.207579
0.204397
0.197855
0.198303
0.198303
0.206307
0.203813
0.204612
0.209747
0.206709
0.206419
0.206419
0.202887
0.208846
0.206379
0.199908
0.20156
0.20156
0.214474
0.21291
0.20454
0.198466
0.212177
0.205033
0.205033
0.207448
0.218004
0.215922
0.21076
0.195671
0.202979
0.202979
0.198581
0.201212
0.211495
0.203122
0.207356
0.201908
0.20603
0.202538
0.203654
0.197068
0.20454
0.195625
0.204253
0.205353
0.19679
0.201071
0.196527
0.203491
0.203491
0.206636
0.20007
0.213667
0.205682
0.208165
0.206215
0.203276
0.202979
0.210355
0.207889
0.20156
0.205441
0.205441
0.206123
0.209951
0.198348
0.201418
0.201624
0.203255
0.203255
0.198928
0.203654
0.201837
0.198371
0.196388
0.19804
0.207632
0.207632
0.192901
0.203772
0.203398
0.194136
0.199978
0.201468
0.206287
0.214808
0.209011
0.20793
0.201489
0.202631
0.202907
0.200277
0.199908
0.19939
0.207448
0.20857
0.202979
0.203398
0.191412
0.2
0.20559
0.20787
0.204284
0.198533
0.210742
0.214199
0.20824
0.198001
0.198001
0.202214
0.202306
0.197909
0.208311
0.205333
0.198094
0.199978
0.207667
0.19956
0.205322
0.203675
0.203675
0.203357
0.205866
0.201468
0.206195
0.205373
0.19888
0.19888
0.201745
0.209103
0.204653
0.194205
0.195671
0.212801
0.207467
0.19902
0.200185
0.199715
0.216681
0.21052
0.21052
0.204397
0.199908
0.193549
0.192901
0.200114
0.200114
0.20256
0.209195
0.215158
0.209085
0.204561
0.204304
0.205494
0.199859
0.201837
0.205425
0.208127
0.208127
0.206162
0.198626
0.199482
0.209747
0.206379
0.197299
0.197299
0.200837
0.211237
0.204304
0.195162
0.205866
0.208497
0.203092
0.195856
0.194551
0.20857
0.215264
0.206603
0.206603
0.197693
0.210116
0.19544
0.196582
0.204233
0.204233
0.196883
0.203378
0.20068
0.20068
0.20706
0.194445
0.194445
0.212652
0.208846
0.201837
0.197631
0.203864
0.203864
0.202283
0.202538
0.210612
0.210778
0.20605
0.201071
0.201071
0.208035
0.208681
0.203936
0.198558
0.205754
0.20261
0.193766
0.199978
0.204653
0.206731
0.206731
0.20007
0.206803
0.205497
0.213467
0.217363
0.207264
0.207264
0.197724
0.198836
0.194205
0.196295
0.208681
0.207191
0.206912
0.201305
0.201795
0.195234
0.200581
0.204212
0.20007
0.20007
0.204284
0.213924
0.202631
0.202631
0.202631
0.19895
0.205702
0.204304
0.19777
0.204632
0.195509
0.199605
0.204212
0.20368
0.198256
0.200163
0.20754
0.206471
0.203603
0.205105
0.202887
0.207613
0.207613
0.204632
0.204632
0.197114
0.201375
0.201022
0.201098
0.205702
0.206546
0.206546
0.198581
0.201674
0.199978
0.199978
0.209379
0.209379
0.206432
0.209822
0.201866
0.196119
0.200772
0.213375
0.213375
0.2041
0.201745
0.207283
0.199652
0.192844
0.196952
0.187532
0.196906
0.202589
0.201609
0.19963
0.202283
0.210005
0.211477
0.204468
0.205774
0.208827
0.202311
0.202354
0.202396
0.205241
0.208589
0.208589
0.200581
0.192277
0.196744
0.202887
0.200559
0.195001
0.198536
0.205919
0.20857
0.210336
0.216191
0.2037
0.196513
0.19649
0.208497
0.199908
0.201027
0.208919
0.198211
0.198441
0.201326
0.190535
0.192598
0.198466
0.20708
0.213059
0.208332
0.212933
0.208313
0.208424
0.203466
0.193463
0.194136
0.198813
0.198813
0.193512
0.197138
0.200816
0.20559
0.209638
0.213926
0.199908
0.194044
0.201191
0.205353
0.201958
0.203516
0.214549
0.200211
0.195255
0.202375
0.193629
0.193673
0.196675
0.196675
0.196675
0.198721
0.203193
0.199908
0.20631
0.207778
0.201071
0.204561
0.203142
0.201958
0.197738
0.202979
0.209766
0.206011
0.198348
0.198348
0.195671
0.194298
0.194298
0.206123
0.194136
0.212452
0.207632
0.192852
0.201375
0.199068
0.198018
0.210392
0.220709
0.213484
0.184824
0.184824
0.204335
0.21525
0.184036
0.212395
0.193766
0.193766
0.195856
0.206326
0.225246
0.19535
0.183589
0.220633
0.201446
0.191159
0.213352
0.193883
0.199068
0.210024
0.210024
0.21177
0.197461
0.19253
0.201212
0.194815
0.197531
0.197531
0.203214
0.213352
0.213759
0.202652
0.196929
0.196952
0.194483
0.203368
0.20559
0.196837
0.200347
0.200092
0.200092
0.212028
0.203184
0.196952
0.194
0.198326
0.196883
0.196883
0.197531
0.195602
0.201816
0.201816
0.206419
0.201255
0.198186
0.197562
0.195879
0.212967
0.210834
0.193927
0.206563
0.203163
0.200554
0.204653
0.201539
0.191041
0.197253
0.20368
0.203008
0.202866
0.208662
0.204376
0.201027
0.201027
0.204468
0.207211
0.184993
0.195763
0.205682
0.205682
0.213426
0.201979
0.191041
0.204335
0.210576
0.200391
0.189073
0.190763
0.2041
0.212325
0.212251
0.201816
0.204233
0.19274
0.20156
0.204397
0.198766
0.192833
0.202114
0.210484
0.211936
0.211936
0.196019
0.199675
0.198906
0.202958
0.202958
0.202256
0.193673
0.206142
0.207743
0.201695
0.199205
0.199227
0.202022
0.200695
0.196698
0.200347
0.207651
0.194346
0.189619
0.210704
0.211827
0.198603
0.20563
0.208238
0.201979
0.198788
0.200695
0.214808
0.217897
0.20565
0.202162
0.199878
0.190683
0.198063
0.208938
0.204673
0.194922
0.203297
0.205145
0.204346
0.203327
0.203675
0.201809
0.201809
0.197623
0.200185
0.197369
0.201695
0.209141
0.207705
0.207705
0.209747
0.198998
0.206718
0.199375
0.196929
0.195025
0.195025
0.200022
0.207594
0.201283
0.199509
0.201397
0.204673
0.20156
0.201539
0.204837
0.193722
0.199885
0.202723
0.21201
0.205425
0.200979
0.207337
0.202845
0.204745
0.204745
0.195189
0.204981
0.207119
0.207119
0.201255
0.201255
0.200559
0.197771
0.201283
0.198998
0.201532
0.205774
0.19963
0.200979
0.198906
0.200022
0.200163
0.205373
0.207172
0.198696
0.20679
0.204765
0.197909
0.20256
0.20607
0.20607
0.20682
0.199582
0.205165
0.199652
0.194092
0.195231
0.204981
0.203327
0.211184
0.216574
0.199767
0.202681
0.202907
0.202907
0.191666
0.200163
0.209692
0.200701
0.199652
0.201375
0.201375
0.204632
0.20563
0.200838
0.200838
0.200794
0.195972
0.204448
0.193013
0.196397
0.205774
0.211717
0.202887
0.195981
0.199934
0.203772
0.198186
0.191585
0.195578
0.195578
0.212435
0.205517
0.199516
0.198488
0.207429
0.205826
0.201958
0.208238
0.203142
0.201
0.199652
0.207007
0.201929
0.199165
0.200424
0.204468
0.203587
0.192901
0.198141
0.198141
0.202866
0.200446
0.202022
0.196952
0.201511
0.20261
0.205025
0.20787
0.20787
0.20454
0.200717
0.200326
0.206215
0.209472
0.204913
0.194229
0.191117
0.198558
0.199841
0.199841
0.195138
0.193283
0.19292
0.19292
0.208589
0.198256
0.190948
0.19902
0.201489
0.208865
0.197184
0.197508
0.208351
0.200092
0.198533
0.207356
0.209233
0.208313
0.208313
0.203214
0.195578
0.195925
0.207686
0.199815
0.200022
0.200022
0.202937
0.201468
0.197816
0.197816
0.201049
0.195649
0.195649
0.202907
0.205445
0.198279
0.211696
0.20679
0.20679
0.201837
0.198998
0.194366
0.196295
0.203511
0.208735
0.208735
0.190881
0.190881
0.205257
0.205257
0.193814
0.20156
0.20156
0.200022
0.200794
0.20068
0.187811
0.194112
0.212342
0.211293
0.198333
0.19926
0.193741
0.202958
0.202958
0.199978
0.196721
0.196466
0.197323
0.199745
0.203793
0.203793
0.185086
0.220574
0.220574
0.193419
0.197562
0.206823
0.20161
0.195602
0.189991
0.202988
0.22182
0.193605
0.193605
0.193673
0.20561
0.176407
0.198233
0.209416
0.18449
0.195083
0.200658
0.202773
0.192438
0.203894
0.211441
0.211441
0.20256
0.198558
0.191573
0.198581
0.210263
0.211035
0.205866
0.186947
0.195856
0.223572
0.186575
0.190135
0.213443
0.182957
0.212102
0.192784
0.195625
0.218655
0.218655
0.197716
0.207816
0.194575
0.194575
0.208589
0.187997
0.187997
0.202631
0.182138
0.207283
0.214658
0.17238
0.185114
0.185114
0.192809
0.209214
0.207264
0.172129
0.219372
0.214368
0.212802
0.209214
0.192605
0.198533
0.19956
0.196018
0.196018
0.199346
0.21659
0.189274
0.228594
0.207283
0.16848
0.191269
0.202937
0.193038
0.208662
0.187771
0.20007
0.205169
0.205169
0.215067
0.215175
0.199652
0.19686
0.198326
0.195994
0.190737
0.202261
0.173619
0.189459
0.211883
0.198326
0.176531
0.201418
0.21205
0.201418
0.205373
0.185141
0.185141
0.201169
0.197863
0.202098
0.197184
0.194483
0.190948
0.190948
0.197763
0.194318
0.222804
0.189325
0.192148
0.192148
0.202681
0.202887
0.178569
0.187466
0.198558
0.199043
0.20007
0.183533
0.223332
0.194366
0.204311
0.220237
0.197578
0.187292
0.212028
0.19439
0.182332
0.196883
0.211367
0.183812
0.183812
0.194898
0.214733
0.200391
0.186563
0.186055
0.201901
0.206935
0.196397
0.183431
0.223937
0.194435
0.194435
0.207172
0.184036
0.205722
0.194483
0.189459
0.199582
0.209379
0.200979
0.193605
0.204284
0.207099
0.191826
0.192858
0.200185
0.177769
0.197323
0.209049
0.191641
0.177802
0.205846
0.222263
0.184008
0.200603
0.223677
0.195279
0.187054
0.208993
0.199068
0.191777
0.200168
0.210742
0.175575
0.175575
0.211735
0.19402
0.186827
0.199586
0.204756
0.192091
0.192091
0.202489
0.201745
0.16702
0.2045
0.220237
0.220237
0.179963
0.179963
0.203142
0.177836
0.202794
0.198488
0.198488
0.204817
0.211035
0.173744
0.190539
0.210668
0.201093
0.201093
0.19237
0.204684
0.186296
0.189552
0.205033
0.197693
0.174203
0.211993
0.211219
0.184204
0.194977
0.223051
0.192989
0.177462
0.177462
0.191387
0.193419
0.20844
0.208532
0.171414
0.214608
0.199885
0.199885
0.200255
0.200255
0.18103
0.202752
0.176379
0.209803
0.217759
0.217759
0.175658
0.204612
0.235246
0.185059
0.204448
0.199978
0.184266
0.19271
0.208643
0.187013
0.191548
0.196304
0.188316
0.193629
0.19649
0.195001
0.198348
0.204284
0.203348
0.182239
0.219357
0.208037
0.16738
0.210558
0.209177
0.182527
0.194112
0.194112
0.184911
0.200418
0.223115
0.193741
0.180277
0.212875
0.207041
0.190948
0.177302
0.19379
0.204356
0.200631
0.19237
0.190231
0.187159
0.188398
0.212801
0.194435
0.189805
0.208075
0.183942
0.184993
0.206287
0.219464
0.219464
0.181188
0.181188
0.194136
0.208919
0.183346
0.183346
0.188887
0.198141
0.200794
0.179261
0.215125
0.196744
0.188543
0.213134
0.206011
0.180464
0.199213
0.195231
0.195231
0.180341
0.217486
0.177739
0.203751
0.180994
0.189712
0.193199
0.202631
0.16673
0.205033
0.206639
0.206639
0.196698
0.212359
0.185431
0.205425
0.205425
0.205754
0.165688
0.195255
0.221483
0.1868
0.1868
0.19121
0.186986
0.198441
0.213334
0.175264
0.20454
0.20454
0.210668
0.209692
0.205538
0.195925
0.195395
0.197253
0.18696
0.207027
0.189991
0.171479
0.213484
0.212967
0.188569
0.199652
0.210538
0.176158
0.190881
0.200979
0.167354
0.167354
0.222622
0.199423
0.206843
0.198435
0.192945
0.207981
0.20603
0.208516
0.181887
0.186203
0.197578
0.213392
0.184156
0.204212
0.188595
0.201837
0.210668
0.179222
0.179222
0.193927
0.226124
0.19828
0.209306
0.185935
0.185935
0.194991
0.197369
0.190721
0.174483
0.198165
0.240079
0.240079
0.192462
0.180744
0.183119
0.172983
0.172983
0.169718
0.188794
0.144832
0.174347
0.204585
0.149059
0.114812
0.086638
0.0676641
0.0478254
0.0327238
0.0324721
0.0229798
0.0304241
0.0365667
0.0359635
0.0504728
0.145785
0.0558715
0.0357432
0.0329663
0.0329663
-0.471478
-0.471478
-0.053045
-0.00655998
-0.0079255
-0.00385245
-0.00375044
0.00935018
-9.34844e-05
0.000345272
0.00256188
0.00052305
-0.0236858
-0.00626343
0.00445582
0.00297097
0.000882595
-0.00595657
-0.00418456
0.000984608
0.000984608
-0.00236933
0.00100238
-0.00164962
0.00530919
0.000888408
-0.0034216
0.00308602
0.000690124
-0.000571548
-0.00270181
4.10926e-05
-0.00269705
-0.00437242
-0.00110767
-0.00110767
0.00130853
0.00258955
0.00258955
-0.0032033
-0.0032033
0.00153144
-0.00435923
-0.00247274
-0.00247274
0.000479197
0.000983163
-0.00151087
0.0020415
0.004485
-0.000886253
-0.000892067
-0.00132282
-0.000602863
0.000370932
0.0045795
0.00202856
-0.00456391
0.00351417
0.000466923
0.00320839
0.00015475
0.00015475
-0.00235995
-0.00330557
-0.00110208
0.000364862
0.0090924
-0.00246751
0.0043611
-0.00236529
-0.0041636
-0.000602863
0.0029908
0.00151875
0.00163349
0.00363761
-0.00394066
-0.00395466
0.00254446
0.000281172
0.00488514
-0.000489452
5.85692e-05
0.0020415
0.0020415
0.00320148
0.00320148
0.0022454
-0.00205873
0.00037032
0.00371794
-0.00080135
0.00183107
-0.00162397
-0.000279514
-0.00531984
0.00350719
0.00162708
4.68335e-05
0.000683362
0.000989469
0.00489266
-0.00291861
0.000575084
0.000575084
-0.00277945
0.000466923
-0.0021662
-0.00415462
-0.00165025
0.00171646
0.00171646
0.00205478
0.00214346
0.0039288
0.0039288
0.000593953
0.000593953
0.00370395
0.00100233
-0.00141416
0.000785416
-0.00237054
-0.000554523
-0.000687807
0.000677132
0.00290244
0.00331034
-0.00059151
-0.00235995
0.000160686
0.00153791
0.00475413
0.000568964
-0.00120982
-0.000506431
0.00109147
0.00173552
0.00173552
0.00362316
0.00667966
0.00667966
-0.000267502
-0.00226308
-0.00238079
-0.000795681
0.000262783
0.000262783
0.0018184
0.0018184
0.0018184
0.0018184
0.000983163
0.000983163
0.00530773
0.0035284
0.0035284
-0.00436371
-0.00015158
0.00174865
-0.00288676
-0.00288676
-0.00446602
0.000779161
0.0039288
0.00509638
0.00509638
-0.00151087
-0.00299881
0.000274958
0.00500216
0.000274958
-0.00435923
0.00508881
0.00343366
0.00339842
-0.00278451
0.00300444
0.00070256
0.00119989
0.00362316
0.000779161
0.000383326
-0.00196193
-0.00446602
-0.00111861
-0.00365265
-0.00365265
0.00511178
-0.00080135
0.00403064
0.00403064
0.000479197
0.000479197
-0.000892067
0.000370932
0.00341227
0.00183107
0.000460912
0.00255782
0.00255782
0.00193953
0.00163349
-0.00521755
-0.00131744
0.00329655
0.00329655
-0.00289659
-0.00405234
0.00381273
-0.00247788
-0.00131198
-0.00131198
-0.000897795
0.00434689
-3.75962e-05
0.00226559
-0.00120425
-0.00120425
-0.00363385
-0.00100555
0.00173552
0.00434689
-0.00112395
-0.00027355
-0.00027355
0.00351417
0.000995858
0.00352125
-0.00383837
-0.00383837
0.00341227
0.00206155
0.000989469
-0.00205332
0.00195275
-0.000585706
-0.000585706
-0.00267719
0.00352125
0.000575084
0.00290244
-0.00278451
-0.00278451
-0.00246751
-0.000681944
-0.000994224
-0.00059151
-0.00175234
-0.00256975
0.000479197
-0.00248294
0.000881172
-0.00342444
0.00383417
-5.52516e-05
-5.52516e-05
0.00192664
0.000670987
-0.00227866
-0.00531984
0.00213692
0.0025927
0.0025927
-0.00354592
0.00395082
-0.00110767
0.00153791
-0.00109064
-0.00109064
-0.00131198
0.0020481
0.00351417
0.000377087
0.000874976
0.000874976
0.000989469
0.000989469
0.0037109
-0.000687807
-0.00111861
0.000377087
0.000377087
-0.000267502
-0.00217142
-0.000393182
-0.0037361
-0.000253727
-0.000253727
-0.000789928
0.00425652
0.00312045
0.000370932
-0.000585706
0.000370932
0.00195275
-0.000687807
0.00490027
-0.00510667
-0.000903439
0.00256463
0.00256463
-0.000183391
-0.00037562
0.00235399
0.00205478
-0.000387413
-0.000381559
-0.00109064
0.000268828
-0.00491081
-0.000687807
-0.000908998
-0.0021609
0.00108514
-0.00217655
-0.00437242
-0.00101108
-0.00322002
0.00403064
-0.00312782
-0.0030306
0.000893816
0.000893816
0.00371794
-0.000183391
0.00107889
-0.00321492
-0.00321492
0.000881172
-0.0037548
-0.000994224
0.000664926
0.000664926
0.00139735
0.0019461
-0.00490209
0.0025511
-0.00236529
-0.00236529
-0.00164473
0.00286343
0.00265971
0.00265971
0.00479078
-0.00363868
-0.00363868
-0.00321492
-0.0021609
-0.000892067
-0.00069928
-0.00069928
-0.00100555
0.00331736
-0.00217142
-0.00140865
-0.00204782
-0.000903439
-0.000903439
0.00141041
0.000779161
-0.00470203
-0.00362894
3.86725e-05
0.00223236
0.0020481
0.000983163
0.00349347
0.0022454
0.00192032
-0.000597229
-0.00238079
-0.00363868
-0.000285393
-0.000489452
-0.000489452
-0.00385697
-0.0027944
0.00139094
0.00139094
0.000568964
0.000568964
-0.000165425
-0.000897795
0.00119989
0.00119989
-0.00291861
0.00215679
0.00215679
0.00573077
0.00573077
0.00446022
-0.00206406
0.000256823
-0.00363385
-0.00069928
0.00171646
0.00108514
-0.00238579
-0.00385245
0.00393606
-0.00480425
0.000143134
0.000887452
0.000887452
0.00246956
0.000976943
-0.000483623
0.000358877
0.0020415
0.0020415
0.00297916
-0.00531563
-0.00531563
-0.000500856
-0.00354124
0.00360212
0.00129541
-0.00176829
0.00215008
0.00215008
-0.00247274
-0.00247274
-0.00531133
-0.00217655
0.00373227
0.00373227
-6.33668e-05
0.00453224
-0.000500856
0.00213047
0.0020481
-0.000279514
-0.000279514
0.000268828
-0.00101108
-0.00101108
0.000581289
-0.00217142
-0.000897795
-0.00227866
0.00478328
-0.0021609
0.00120641
0.00287728
-0.00312287
0.000868866
0.000779161
-0.000795681
0.000466923
-0.00551606
-0.0012207
-0.000903439
-0.00101108
-0.0012153
-0.00226308
-0.00226308
-0.000483623
-0.00059151
-0.00277945
0.00342644
-0.0040477
-0.000585706
-0.000585706
-0.000585706
-0.00279921
-0.00279921
0.000887452
0.000881172
-0.00100555
-0.0019672
0.00110438
-0.00206406
-0.00130644
-0.00130644
-0.00111318
-0.00111318
0.000785416
-0.00394066
-0.00130644
-0.0037409
-0.0045908
0.00131506
0.00162708
0.00165323
-0.00572918
-0.00310105
0.000887452
0.000887452
0.000887452
0.000466923
0.00362316
-0.00343428
0.000137453
0.000137453
0.00193304
0.00203499
-0.000994224
0.00363761
-0.00101653
-0.00101653
-0.00101653
0.000575084
-0.0065754
0.00193953
-0.00142495
0.00287031
0.00287031
-0.00081785
-0.000806935
-0.00311783
-0.00227866
-0.000903439
-0.00130644
0.00205478
-0.00215551
-0.00154263
0.000887452
-0.00343428
-0.00151637
-0.00225772
-0.000693586
-0.00175774
-0.00238079
-0.000806935
0.000466923
0.000466923
-0.00226836
0.000466923
5.85692e-05
0.000983163
-0.00342444
0.00341931
0.000262783
0.000358877
-0.00257496
0.00015475
0.000256823
-0.00227355
0.00287031
-0.00196193
-0.00027355
-0.00027355
-0.00217142
-0.00383837
0.00100889
-0.0012207
-0.00479072
-0.00479072
-0.00070489
0.00404529
0.00404529
0.000581289
0.000383326
-0.00552447
-0.000999928
-0.00257496
-0.00257496
0.00163998
0.000779161
-0.0012153
-0.0012153
0.000581289
-0.000693586
-0.00288676
-0.00510224
0.000677132
-0.00395466
-0.00217655
0.00236074
0.00174204
0.000370932
-0.0024928
-0.0024928
0.000250947
0.000250947
-0.00120425
-0.00120425
0.000377087
-0.00238079
-0.00753263
0.000766905
-0.00384315
-0.00119286
-0.00363385
0.000466923
0.000466923
-0.00332721
0.000900287
0.000664926
-0.00237571
0.00227249
0.00266654
0.00266654
-0.000812434
-0.00490209
-0.000795681
-0.00246751
-0.00540932
-0.00100555
0.00141041
0.00234732
-0.00278451
-0.00384315
-0.00256975
-0.000465628
0.00192664
-0.000994224
-0.000994224
-0.0013281
-0.00207953
-0.00070489
-0.00394541
-0.00120982
-0.00287659
-0.000489452
-0.00131744
-0.0027944
0.00540955
0.00373227
-0.00668935
-0.00668935
-0.00668935
-0.00247788
