-0.00742834
-0.00818302
-0.00834206
-0.0101048
-0.0129355
-0.00928818
-0.00558005
-0.0133227
-0.0146586
-0.0173932
-0.0124148
-0.0086715
-0.00876731
-0.00756052
-0.0055419
-0.0106537
-0.00733284
-0.0151135
-0.00524912
-0.0107894
-0.00567505
-0.0178144
-0.00466576
-0.0100365
-0.0041686
-0.0125784
-0.0167091
-0.00928818
-0.00746516
-0.00421582
-0.010297
-0.00938414
-0.00895888
-0.00310381
-0.0094883
-0.0127719
-0.0119565
-0.00792271
-0.00655143
-0.00697694
-0.0126081
-0.012251
-0.00824644
-0.00984454
-0.0119906
-0.011927
-0.0106537
-0.00987197
-0.00782103
-0.0126081
-0.0109142
-0.0130021
-0.0177516
-0.00766241
-0.0129945
-0.00593542
-0.0168066
-0.00645618
-0.00895888
-0.00476064
-0.0112425
-0.00831543
-0.0142702
-0.0153743
-0.015343
-0.0110382
-0.015343
-0.00669062
-0.0111748
-0.0111748
-0.0126752
-0.0113734
-0.015701
-0.00216593
-0.0115995
-0.0118941
-0.00984454
-0.014689
-0.0011974
-0.00779492
-0.0162852
-0.00655143
-0.0136502
-0.0151798
-0.0098988
-0.0121545
-0.0109821
-0.00690722
-0.0110105
-0.00786387
-0.0105852
-0.0123476
-0.0061958
-0.00831543
-0.0126752
-0.0147859
-0.0142685
-0.0128686
-0.0133897
-0.0133897
-0.0109142
-0.00980905
-0.0155061
-0.0082197
-0.00733284
-0.015701
-0.00876731
-0.014495
-0.0132623
-0.00574524
-0.0107217
-0.0138442
-0.00512991
-0.0141374
-0.0143312
-0.014822
-0.0061958
-0.015277
-0.00876731
-0.0159272
-0.00789047
-0.00489393
-0.00655143
-0.0142343
-0.0138467
-0.0104613
-0.013099
-0.00664667
-0.00827258
-0.00405039
-0.00431063
-0.0103931
-0.015277
-0.0147557
-0.0131292
-0.0113768
-0.00593542
-0.00915041
-0.00902774
-0.00938414
-0.00535161
-0.00244896
-0.0114354
-0.0218528
-0.0157984
-0.0122171
-0.00352991
-0.0027319
-0.0107217
-0.00600545
-0.0107217
-0.0147557
-0.0102009
-0.0121545
-0.00974852
-0.0150164
-0.00599274
-0.00218859
-0.00457087
-0.00968016
-0.00968016
-0.00869828
-0.00997325
-0.0111748
-0.0117633
-0.00815081
-0.0103652
-0.00287518
-0.0170673
-0.00945255
-0.00671656
-0.00974071
-0.00779492
-0.014204
-0.00850687
-0.00365604
-0.00876731
-0.0103299
-0.0108858
-0.0176537
-0.00843767
-0.00626565
-0.0149192
-0.0132554
-0.00831543
-0.0068119
-0.00939235
-0.0157326
-0.00941977
-0.0121545
-0.00880333
-0.0152457
-0.0107217
-0.0143346
-0.0124148
-0.01378
-0.00841116
-0.00405039
-0.00808155
-0.0197039
-0.00662122
-0.0180452
-0.0127719
-0.0102009
-0.0147907
-0.00782693
-0.0166115
-0.0114354
-0.015864
-0.0135533
-0.0119565
-0.00450022
-0.0173932
-0.0168721
-0.0123476
-0.00888964
-0.0119906
-0.0124441
-0.00807113
-0.0126081
-0.0100365
-0.0139065
-0.00466576
-0.00984454
-0.00827258
-0.00834206
-0.012574
-0.00805517
-0.00753467
-0.0168066
-0.00160492
-0.0118599
-0.0124148
-0.011566
-0.0172609
-0.0103931
-0.0126752
-0.0184009
-0.00622778
-0.0138442
-0.014822
-0.0123476
-0.0143312
-0.00791647
-0.0102009
-0.0125406
-0.0141374
-0.0151798
-0.0148528
-0.00912362
-0.0123476
-0.00843767
-0.0114354
-0.0102896
-0.00808155
-0.000751901
-0.0168721
-0.010269
-0.00372659
-0.00974071
-0.014822
-0.0112425
-0.0190845
-0.0128686
-0.0188279
-0.0130288
-0.0169372
-0.0086715
-0.0086715
-0.0168721
-0.0169697
-0.0150825
-0.0136502
-0.00834206
-0.0120579
-0.0125406
-0.00766241
-0.012251
-0.00740211
-0.016385
-0.0127047
-0.00530589
-0.0131959
-0.00957604
-0.0144627
-0.00792271
-0.011339
-0.00483112
-0.00717902
-0.015343
-0.0135533
-0.00811426
-0.0064305
-0.0157326
-0.0094801
-0.0104205
-0.0196085
-0.010269
-0.013226
-0.013226
-0.0105904
-0.0117301
-0.00785378
-0.0127719
-0.017491
-0.0110785
-0.0123476
-0.0151135
-0.00707237
-0.0073065
-0.0114064
-0.0117925
-0.0100365
-0.0184988
-0.00617038
-0.0077581
-0.011696
-0.00697694
-0.00671656
-0.0151798
-0.0205843
-0.0119229
-0.0167744
-0.00480612
-0.00823641
-0.00268614
-0.00759331
-0.0127419
-0.0118889
-0.0144644
-0.00690722
-0.011339
-0.0127383
-0.00876731
-0.011339
-0.00779492
-0.00782693
-0.00391632
-0.0135533
-0.00841116
-0.00945255
-0.0161566
-0.0171649
-0.0110785
-0.0126752
-0.0140405
-0.00798602
-0.00860258
-0.00954861
-0.0124441
-0.0175558
-0.0172303
-0.00704628
-0.00483112
-0.0162852
-0.0154086
-0.0157984
-0.0136502
-0.00476064
-0.0049963
-0.00945255
-0.0130654
-0.0133897
-0.0124777
-0.0106537
-0.00543872
-0.0137472
-0.00905465
-0.0143656
-0.0124148
-0.010818
-0.00249706
-0.0140405
-0.00440543
-0.0128686
-0.0131587
-0.0131292
-0.00218859
-0.00726318
-0.0187942
-0.0105575
-0.0111748
-0.0106537
-0.016385
-0.0123182
-0.0180452
-0.0124777
-0.0127679
-0.0165804
-0.0100974
-0.011339
-0.00785378
-0.0114064
-0.0170349
-0.00980905
-0.0133897
-0.00723733
-0.0157984
-0.00667907
-0.0135533
-0.0110438
-0.0126081
-0.010846
-0.0191827
-0.0168721
-0.0126081
-0.00990519
-0.0175558
-0.0161245
-0.0142685
-0.0188575
-0.0146263
-0.0112711
-0.0181748
-0.00977607
-0.0146586
-0.0162221
-0.00421582
-0.0124148
-0.0124148
-0.0104613
-0.0185967
-0.0098988
-0.0126081
-0.0110785
-0.010818
-0.00733284
-0.0126081
-0.0118599
-0.007317
-0.00659516
-0.0149192
-0.0160269
-0.0119854
-0.0105852
-0.0107773
-0.00931535
-0.0125784
-0.0121204
-0.00450022
-0.00954861
-0.00349043
-0.0121545
-0.0151483
-0.00922808
-0.014398
-0.014495
-0.0115029
-0.00756671
-0.0150164
-0.013226
-0.010297
-0.00721087
-0.0126081
-0.0100638
-0.00584034
-0.0112711
-0.0133227
-0.00188281
-0.0138137
-0.00876731
-0.013062
-0.0100013
-0.0192808
-0.0110496
-0.00964466
-0.00671656
-0.0126752
-0.00505948
-0.00931535
-0.0147248
-0.0109821
-0.00733284
-0.00707237
-0.00928818
-0.00860258
-0.00450022
-0.0130324
-0.0110785
-0.0109142
-0.0111067
-0.00828273
-0.0168721
-0.0150825
-0.004074
-0.00893185
-0.0110785
-0.00834206
-0.013062
-0.0128686
-0.0128686
-0.0103299
-0.0144004
-0.0187298
-0.0144977
-0.0094244
-0.0191827
-0.0158958
-0.0128979
-0.00759331
-0.0111748
-0.00749772
-0.0131959
-0.0186946
-0.0112425
-0.0152107
-0.0149192
-0.00530589
-0.00524912
-0.0171649
-0.00652586
-0.0129653
-0.018371
-0.018371
-0.018371
-0.018371
-0.018371
-0.00902774
-0.00921949
-0.0124817
-0.00740211
-0.00782693
-0.0127419
-0.014107
-0.00987701
-0.016351
-0.0255439
-0.00824644
-0.0107217
-0.0094801
-0.0136502
-0.00752382
-0.00645618
-0.0144627
-0.00450022
-0.010297
-0.0101325
-0.00581505
-0.0109142
-0.0049963
-0.0136502
-0.0107217
-0.010818
-0.00856641
-0.0122119
-0.0119906
-0.0088631
-0.0107217
-0.0101048
-0.00756671
-0.010494
-0.00445112
-0.0110785
-0.0178495
-0.0128387
-0.00990519
-0.00850687
-0.0067419
-0.0161878
-0.0161878
-0.00958423
-0.0128686
-0.0140405
-0.0140405
-0.00824644
-0.015864
-0.0170673
-0.0170673
-0.0193104
-0.0068119
-0.0068119
-0.00853327
-0.0162221
-0.0158316
-0.0158316
-0.0169697
-0.0169697
-0.0159615
-0.0135225
-0.000990302
-0.00899465
-0.0101657
-0.00932821
-0.00902774
-0.0073065
-0.0142019
-0.00954861
-0.0155714
-0.00801849
-0.022635
-0.00997325
-0.00990519
-0.0090318
-0.00714181
-0.00798602
-0.014398
-0.00912362
-0.0126371
-0.0086715
-0.0149192
-0.0117301
-0.0157983
-0.00492609
-0.014495
-0.00352991
-0.0104892
-0.0127719
-0.00954861
-0.0131292
-0.0138442
-0.00752382
-0.0155687
-0.00857569
-0.00990519
-0.0136803
-0.00837474
-0.00837474
-0.0126081
-0.00516129
-0.00815081
-0.00636092
-0.0157984
-0.00509137
-0.00912362
-0.012251
-0.00893185
-0.00707237
-0.0116282
-0.0101373
-0.0106255
-0.0121204
-0.00349043
-0.0097129
-0.00749772
-0.00690722
-0.00304086
-0.0127719
-0.0091922
-0.0107894
-0.00671656
-0.00811426
-0.0152457
-0.0125745
-0.0145951
-0.0119854
-0.00980905
-0.00423981
-0.0142019
-0.0123809
-0.00688151
-0.00945255
-0.00974852
-0.00320636
-0.00994055
-0.00909621
-0.00795953
-0.00700254
-0.0113099
-0.00688151
-0.0122171
-0.00669062
-0.00669062
-0.00928818
-0.0127047
-0.0149192
-0.0120237
-0.00707237
-0.0167091
-0.0137772
-0.00990519
-0.0181102
-0.00850687
-0.00912362
-0.015701
-0.00818302
-0.00876731
-0.00466576
-0.0109821
-0.011339
-0.0147248
-0.00547155
-0.013062
-0.0158958
-0.0126081
-0.0116337
-0.0111748
-0.0091922
-0.0124441
-0.00798602
-0.0105575
-0.00841116
-0.0103299
-0.00431063
-0.011696
-0.00655143
-0.0129945
-0.0129945
-0.011339
-0.0102009
-0.0170992
-0.0131917
-0.0150469
-0.0106255
-0.0166115
-0.0166115
-0.0118303
-0.0127047
-0.0124441
-0.00841116
-0.0147557
-0.0121835
-0.0109821
-0.0111461
-0.00655143
-0.0149852
-0.00954861
-0.00945255
-0.0139108
-0.013062
-0.0166115
-0.00860258
-0.00733284
-0.0165478
-0.0107894
-0.015277
-0.00587212
-0.0108567
-0.00509137
-0.00166787
-0.0086715
-0.015993
-0.015701
-0.0105575
-0.010818
-0.00938414
-0.00997325
-0.0106868
-0.0118599
-0.00915938
-0.0117301
-0.0117301
-0.00147971
-0.0118941
-0.0133227
-0.0114697
-0.0114697
-0.0055419
-0.0103245
-0.0103245
-0.0154086
-0.013226
-0.011696
-0.019379
-0.00707237
-0.0195415
-0.00492609
-0.0124148
-0.00850687
-0.00915041
-0.0162852
-0.0104613
-0.0111461
-0.00935648
-0.0100365
-0.0120531
-0.00782103
-0.00782103
-0.00815081
-0.011339
-0.0165459
-0.00716778
-0.00928818
-0.010297
-0.0144319
-0.0111461
-0.011339
-0.0143959
-0.0130654
-0.0122171
-0.00850687
-0.010818
-0.0134866
-0.0138137
-0.00629096
-0.00876731
-0.0160269
-0.0118889
-0.0117925
-0.0131959
-0.00893185
-0.00893185
-0.0109142
-0.0177516
-0.0126081
-0.0091922
-0.00483112
-0.0124441
-0.0124441
-0.0130911
-0.0140405
-0.0138442
-0.00746516
-0.010818
-0.0133227
-0.00945255
-0.00697694
-0.0157323
-0.00980905
-0.00749772
0.00210068
0.00210068
-0.0114354
-0.0041451
-0.0162873
-0.0100013
-0.0114354
-0.00938414
-0.00938414
-0.0145951
-0.014822
-0.0115995
-0.0127383
-0.0109142
-0.0138137
-0.0138137
-0.0104262
-0.0113675
-0.019448
-0.0139411
-0.0100638
-0.0154404
-0.0157346
-0.0138442
-0.0138442
-0.018696
-0.00830576
-0.0104262
-0.013226
-0.0126752
-0.00771477
-0.00805517
-0.0158958
-0.0104613
-0.0109142
-0.00716778
-0.0154404
-0.0141374
-0.00921949
-0.00759331
-0.0123138
-0.00405039
-0.00678607
-0.0114064
-0.0114354
-0.0127047
-0.0068119
-0.00902774
-0.0151798
-0.00941977
-0.014822
-0.0115318
-0.0115029
-0.0122171
-0.0124441
-0.0118599
-0.0117925
-0.0123476
-0.0110785
-0.0128979
-0.00869828
-0.00938414
-0.0139108
-0.0153743
-0.0123809
-0.014038
-0.0124104
-0.00895888
-0.0055419
-0.0134866
-0.00964466
-0.0118599
-0.00723733
-0.0133227
-0.0168394
-0.0147897
-0.0160591
-0.00974071
-0.00935648
-0.00349043
-0.0144627
-0.0179474
-0.0140078
-0.00912362
-0.0127047
-0.00495036
-0.00980905
-0.0112029
-0.0109142
-0.0100013
-0.00990519
-0.00990519
-0.00902774
-0.00996787
-0.0123809
-0.00511601
-0.0184354
-0.0127719
-0.00587212
-0.0107217
-0.00778447
-0.013874
-0.0106537
-0.00349043
-0.00994055
-0.00997325
-0.0115029
-0.00377441
-0.0118265
-0.0195762
-0.00714181
-0.00834206
-0.00954861
-0.00697694
-0.0110105
-0.015635
-0.00967198
-0.0140032
-0.0155377
-0.0155377
-0.00733284
-0.013062
-0.0061958
-0.0126371
-0.00905465
-0.0147557
-0.0138442
-0.00749772
-0.0133227
-0.0126081
-0.0155377
-0.0153078
-0.0173932
-0.0134866
-0.00862886
-0.0104892
-0.00518643
-0.0101325
-0.00879396
-0.0128013
-0.0134195
-0.0115318
-0.013226
-0.013226
-0.013226
-0.0137772
-0.00535161
-0.0110105
-0.0124441
-0.0155687
-0.0116282
-0.0129653
-0.0140078
-0.0139411
-0.00479231
-0.00768889
-0.00996595
-0.00996595
-0.0100974
-0.0153112
-0.0125692
-0.0125692
-0.0100903
-0.0430834
-0.0430834
-0.0905009
-0.114689
-0.137805
-0.137805
-0.158773
-0.202009
-0.190679
-0.190679
-0.162153
-0.150035
-0.150946
-0.138291
-0.134813
-0.11797
-0.097067
-0.0723867
-0.0541339
-0.0399058
-0.0407949
-0.0476954
-0.0407381
-0.0388858
-0.0307551
-0.0347286
-0.0238247
-0.0232646
-0.0234272
-0.0187631
-0.0154706
-0.0225808
-0.0221217
-0.0215995
-0.0097679
-0.0118256
-0.0130316
-0.00302443
-0.00882707
-0.0101657
-0.00465121
-0.0111113
-0.00693959
-0.00769393
-0.00221987
0.000344599
-0.00743366
-0.00283517
0.00289481
-0.0120863
-0.0120863
-0.00446761
-0.00300086
-0.00710446
-0.0073649
-0.00255121
0.00237445
-0.00302443
-0.00274053
-0.0127711
-0.00465812
-0.00442244
-0.00814077
-0.00493187
-0.00655729
0.00159389
-0.0105552
-0.00385201
-0.00165841
-0.0114684
-0.000364076
-0.00297667
-0.0101981
-0.0106225
-0.00206094
-0.0039471
0.00513293
-0.00189547
-0.00498812
0.00435305
0.00091536
-0.0117289
-0.00135158
-0.00236185
0.00282172
-0.00281136
-0.00368685
-0.00922425
0.00197723
-0.0104193
-0.0149778
-0.0254901
-0.0226126
-0.0248697
-0.0361028
-0.0331938
-0.0316147
-0.0322036
-0.0258791
-0.0264696
-0.0262738
-0.0355366
-0.0304054
-0.0300425
-0.0323663
-0.0305053
-0.0307684
-0.0265686
-0.0312145
-0.0258218
-0.025658
-0.0386055
-0.0287281
-0.0350104
-0.0319147
-0.0251325
-0.0334756
-0.0292539
-0.0356987
-0.0333751
-0.0313145
-0.0309516
-0.0308517
-0.0277189
-0.0352735
-0.0261419
-0.0297429
-0.0257229
-0.0276545
-0.0292539
-0.0318404
-0.025494
-0.0353347
-0.0321603
-0.0230716
-0.0221908
-0.0377122
-0.0420447
-0.0563166
-0.0724548
-0.0891837
-0.115814
-0.100929
-0.101998
-0.105921
-0.0978188
-0.112732
-0.108463
-0.10262
-0.101535
-0.0987905
-0.104743
-0.102779
-0.102205
-0.101264
-0.1012
-0.0975624
-0.0970319
-0.0995407
-0.0979444
-0.0981665
-0.0989016
-0.0997636
-0.105921
-0.0946096
-0.0940849
-0.0960143
-0.0901244
-0.0978333
-0.0995223
-0.104056
-0.10163
-0.099875
-0.105458
-0.0971184
-0.0971184
-0.0950076
-0.0995703
-0.0952784
-0.100082
-0.0957092
-0.0939745
-0.093112
-0.0971463
-0.0941711
-0.100942
-0.094814
-0.0791664
-0.0791664
-0.0342268
-0.0489637
-0.0476925
-0.0456613
-0.0414933
-0.0442719
-0.0524953
-0.0452101
-0.0521258
-0.0454363
-0.0522884
-0.0426577
-0.0471816
-0.0490913
-0.0450458
-0.0529721
-0.0455779
-0.0435037
-0.0519631
-0.0534008
-0.0414933
-0.0509587
-0.0454761
-0.0513874
-0.0512075
-0.047222
-0.0454761
-0.0431364
-0.0539329
-0.0462198
-0.0481909
-0.0458521
-0.0429079
-0.0453742
-0.0508987
-0.0479862
-0.0505298
-0.0423387
-0.0435037
-0.0398988
-0.0448813
-0.0444751
-0.0439817
-0.0489888
-0.0409618
-0.0491327
-0.0481842
-0.047652
-0.0455779
-0.0431837
-0.0448813
-0.047652
-0.0439967
-0.046008
-0.0412276
-0.0487164
-0.0477134
-0.0455779
-0.0455999
-0.0499923
-0.0434023
-0.0483891
-0.0488798
-0.0497261
-0.0445375
-0.0449442
-0.0472838
-0.0472838
-0.0450066
-0.046376
-0.0433009
-0.0430351
-0.0417591
-0.0467518
-0.0477134
-0.0474881
-0.0479588
-0.0445138
-0.0497866
-0.0431996
-0.0447798
-0.0431364
-0.0471816
-0.0500951
-0.0351731
-0.0453742
-0.042126
-0.042126
-0.0429717
-0.0398338
-0.0436682
-0.041099
-0.0579174
-0.0414403
-0.0450066
-0.0458912
-0.0403297
-0.0416053
-0.0432474
-0.0432474
-0.0467114
-0.0408975
-0.0466498
-0.0384222
-0.0462819
-0.0468136
-0.0445767
-0.0440063
-0.0353873
-0.0447409
-0.0399993
-0.0427312
-0.0403657
-0.0448425
-0.0409983
-0.0492547
-0.0455382
-0.0445767
-0.0406961
-0.0359184
-0.0479181
-0.0423756
-0.0466013
-0.0431996
-0.0427693
-0.0505298
-0.0437157
-0.0453742
-0.0421738
-0.0447409
-0.0427057
-0.0436682
-0.0386228
-0.0429717
-0.0434023
-0.0491521
-0.0481842
-0.0435133
-0.0445138
-0.0499369
-0.0462333
-0.0422001
-0.03756
-0.0433486
-0.0430351
-0.0426299
-0.0419237
-0.046642
-0.043731
-0.0459458
-0.0452491
-0.0418335
-0.0448031
-0.0407602
-0.0383916
-0.039267
-0.0370286
-0.0430982
-0.0372463
-0.045906
-0.0416312
-0.0420249
-0.0380782
-0.0475903
-0.0423645
-0.0390537
-0.0436682
-0.043731
-0.0378123
-0.0450687
-0.0388885
-0.046642
-0.041871
-0.0444751
-0.0466705
-0.0465477
-0.0444751
-0.0469157
-0.0359184
-0.0386877
-0.0423013
-0.0463355
-0.0405063
-0.0442093
-0.0381915
-0.0376908
-0.0364832
-0.0436682
-0.0443016
-0.0423387
-0.0394323
-0.044687
-0.0372943
-0.0368807
-0.0391182
-0.0448425
-0.0444751
-0.0385225
-0.0440193
-0.0380564
-0.042126
-0.0384222
-0.0403938
-0.0423387
-0.0431364
-0.0459142
-0.0370807
-0.0334809
-0.0410738
-0.0380914
-0.0443108
-0.0443108
-0.0407602
-0.0441078
-0.0458439
-0.0384869
-0.0434023
-0.0400276
-0.0485178
-0.0454761
-0.0402651
-0.0393673
-0.0415943
-0.0425035
-0.0446152
-0.0485592
-0.0437697
-0.0386518
-0.0426046
-0.0497866
-0.0374117
-0.0422001
-0.034841
-0.0429968
-0.0289034
-0.0370807
-0.0441078
-0.0397335
-0.0456401
-0.0370461
-0.0379257
-0.0404303
-0.0361177
-0.0413923
-0.0395973
-0.0475971
-0.0411745
-0.0395204
-0.0391542
-0.0388233
-0.038723
-0.0377122
-0.0438804
-0.0413285
-0.0358847
-0.0392188
-0.0420357
-0.0356194
-0.0388528
-0.0415681
-0.0472429
-0.0473452
-0.037612
-0.0394323
-0.0444659
-0.0394676
-0.0436295
-0.0400791
-0.0365153
-0.0392188
-0.0434653
-0.0417061
-0.0453343
-0.0407602
-0.0375118
-0.0396491
-0.0416201
-0.0434939
-0.0379426
-0.0452101
-0.0481427
-0.0433009
-0.0404946
-0.0409618
-0.0469772
-0.0350072
-0.0374117
-0.0425669
-0.0487771
-0.035472
-0.0469359
-0.0469359
-0.0412913
-0.0370807
-0.0392018
-0.0392546
-0.0391542
-0.0391542
-0.0397983
-0.0359184
-0.0441703
-0.0396856
-0.038409
-0.0359516
-0.0398506
-0.0341111
-0.0367629
-0.0414933
-0.0417061
-0.0448425
-0.0410257
-0.0410257
-0.03247
-0.0386228
-0.0436682
-0.0400276
-0.030052
-0.0378911
-0.0397622
-0.040229
-0.0416418
-0.0403657
-0.0412276
-0.0385225
-0.0423645
-0.0418225
-0.0430351
-0.0368807
-0.0445767
-0.0416053
-0.0390537
-0.0336471
-0.0427591
-0.0393837
-0.0410627
-0.0354868
-0.0421367
-0.0392899
-0.040861
-0.040531
-0.0396331
-0.0366152
-0.0439436
-0.0358188
-0.0291396
-0.0398988
-0.041807
-0.0361177
-0.0359038
-0.0369807
-0.0378911
-0.036915
-0.0442093
-0.045804
-0.0307613
-0.0430982
-0.0333145
-0.0384222
-0.0404662
-0.0482932
-0.0405953
-0.0405953
-0.0419719
-0.0404946
-0.0356529
-0.0369288
-0.0321369
-0.0425035
-0.0415044
-0.0362499
-0.0410738
-0.0389532
-0.0389532
-0.039267
-0.0336471
-0.0336471
-0.0478227
-0.0391182
-0.0368488
-0.040861
-0.0340118
-0.0379912
-0.0396978
-0.0417061
-0.0342259
-0.0408724
-0.0290995
-0.0405953
-0.0427693
-0.0372601
-0.0351218
-0.0401283
-0.0338456
-0.0354387
-0.0378597
-0.0369947
-0.0426046
-0.0319393
-0.04177
-0.0342772
-0.0427693
-0.0317898
-0.0336471
-0.0273613
-0.0399993
-0.0335801
-0.0379912
-0.0426681
-0.0426681
-0.0373601
-0.0396978
-0.0371944
-0.0401646
-0.0414403
-0.0364496
-0.0386877
-0.0394323
-0.0389532
-0.0386877
-0.0390176
-0.0390176
-0.0430982
-0.0393193
-0.0407602
-0.0397862
-0.0355533
-0.0422377
-0.0383865
-0.0298667
-0.0316739
-0.0355045
-0.0442
-0.0361177
-0.039585
-0.0414558
-0.0385225
-0.0341111
-0.0346421
-0.0398628
-0.0346421
-0.0367292
-0.0367292
-0.0358188
-0.0367807
-0.0409732
-0.0325372
-0.0377256
-0.0372601
-0.0404662
-0.0397862
-0.0397983
-0.0399993
-0.0413026
-0.0349555
-0.0351883
-0.0376256
-0.0360325
-0.0437791
-0.0333818
-0.0407602
-0.0407602
-0.034476
-0.0350072
-0.0375769
-0.0398628
-0.0398628
-0.0398988
-0.0315072
-0.0339448
-0.0351218
-0.0348081
-0.0376599
-0.0309586
-0.0372943
-0.0388009
-0.0355863
-0.0362499
-0.0378911
-0.0412276
-0.0333818
-0.041871
-0.0333145
-0.0341778
-0.0335126
-0.0300817
-0.0408081
-0.0423387
-0.0391182
-0.0393318
-0.0339765
-0.0442719
-0.0395327
-0.0382569
-0.0453958
-0.0449669
-0.0352212
-0.0366806
-0.0425669
-0.036829
-0.0360842
-0.0340118
-0.0354537
-0.0379912
-0.0416053
-0.0356851
-0.0363497
-0.0338774
-0.0418602
-0.0422377
-0.0337464
-0.0368807
-0.0334809
-0.0361177
-0.0322046
-0.0410738
-0.0309763
-0.0447798
-0.0353873
-0.0346421
-0.040531
-0.0378911
-0.0415681
-0.0420357
-0.0378911
-0.0355533
-0.0358188
-0.0398628
-0.0256452
-0.0375255
-0.0351218
-0.0369947
-0.0340118
-0.0421367
-0.0421367
-0.0369288
-0.0418335
-0.0319701
-0.0394199
-0.034476
-0.0356194
-0.0346089
-0.0427693
-0.0358847
-0.0411745
-0.0400998
-0.0380914
-0.0341447
-0.036815
-0.03746
-0.0380782
-0.0341111
-0.0401283
-0.0308092
-0.0347569
-0.039267
-0.0372943
-0.0407968
-0.03756
-0.0386649
-0.0371462
-0.0354537
-0.037791
-0.0376256
-0.0373601
-0.0304454
-0.0391016
-0.0415044
-0.0324025
-0.0385225
-0.0368626
-0.0332827
-0.0316058
-0.0414035
-0.0353541
-0.0354199
-0.0363497
-0.0438422
-0.0403297
-0.0378257
-0.0355863
-0.0391542
-0.040064
-0.0401646
-0.0332155
-0.036915
-0.0409248
-0.036184
-0.0303289
-0.032569
-0.0360181
-0.0467727
-0.0446782
-0.0378911
-0.0373601
-0.0392018
-0.0346421
-0.0384222
-0.0395973
-0.0451559
-0.0355533
-0.0356381
-0.0371462
-0.0357191
-0.0343766
-0.0328511
-0.0374255
-0.0393318
-0.0417061
-0.0371283
-0.0370807
-0.0394968
-0.0328143
-0.0296699
-0.0391182
-0.0421367
-0.0331835
-0.0414294
-0.0386228
-0.0262291
-0.0382916
-0.0469847
-0.0339448
-0.0370286
-0.0349555
-0.0373601
-0.04177
-0.0307108
-0.0335479
-0.0424657
-0.0441078
-0.0399634
-0.0321229
-0.0413396
-0.0431996
-0.0383571
-0.0294815
-0.0397983
-0.0426046
-0.0356194
-0.0376256
-0.0399634
-0.0296997
-0.0328511
-0.040293
-0.0379912
-0.0367151
-0.0337464
-0.0376908
-0.0394476
-0.0394476
-0.0343437
-0.0344432
-0.0304454
-0.0272635
-0.0340118
-0.032913
-0.0380564
-0.0382215
-0.0329812
-0.0375255
-0.0358188
-0.0333818
-0.0334136
-0.0341778
-0.0412276
-0.0382569
-0.0431463
-0.0425178
-0.0365153
-0.0325372
-0.0392546
-0.037791
-0.0352878
-0.0343251
-0.0427312
-0.0341111
-0.0364496
-0.0366492
-0.0334487
-0.0391182
-0.032569
-0.0281072
-0.0353541
-0.0337464
-0.0349229
-0.0334809
-0.0370601
-0.0366492
-0.0368488
-0.0367151
-0.0376256
-0.0313098
-0.0320856
-0.0357191
-0.0438422
-0.0370286
-0.0348562
-0.0356529
-0.0322046
-0.0360842
-0.0298177
-0.0302002
-0.0354537
-0.0462819
-0.0403657
-0.0387881
-0.0345426
-0.0330008
-0.0365153
-0.0365153
-0.0260565
-0.0383219
-0.0311125
-0.0348562
-0.0360181
-0.0343766
-0.0341111
-0.0328345
-0.0340118
-0.0405584
-0.03746
-0.0283246
-0.0321369
-0.0375733
-0.0367292
-0.0341778
-0.0407075
-0.0381566
-0.0316739
-0.0383865
-0.0363835
-0.0316739
-0.042099
-0.0421472
-0.0315438
-0.0402651
-0.0383571
-0.0361177
-0.0356194
-0.0344914
-0.0428325
-0.0254828
-0.0369947
-0.0350223
-0.0376554
-0.0380914
-0.0353541
-0.0335479
-0.0330008
-0.0343922
-0.0307793
-0.0280878
-0.0361177
-0.0324192
-0.0341778
-0.0303667
-0.0342104
-0.03756
-0.028638
-0.0394323
-0.0434497
-0.0344914
-0.0328511
-0.0343251
-0.0368626
-0.039267
-0.0378911
-0.0363976
-0.0404576
-0.0374255
-0.0374255
-0.0308778
-0.0277441
-0.0367949
-0.0278418
-0.0365635
-0.0333818
-0.0345426
-0.0383219
-0.0365296
-0.0298667
-0.0334487
-0.0409983
-0.0301504
-0.0326847
-0.035767
-0.0357524
-0.0439436
-0.0306808
-0.0355863
-0.0367949
-0.0392018
-0.0335801
-0.0395327
-0.0320551
-0.0289034
-0.0331165
-0.0392314
-0.0307108
-0.0300126
-0.0332827
-0.0335801
-0.0355533
-0.0301504
-0.0321057
-0.0386355
-0.0312417
-0.0328824
-0.0385873
-0.0354537
-0.0380914
-0.0322046
-0.0384222
-0.0314763
-0.0350888
-0.0381566
-0.0346575
-0.0353203
-0.0332155
-0.0434263
-0.0404946
-0.0303973
-0.0313776
-0.0406593
-0.032272
-0.0340784
-0.0254561
-0.0357849
-0.0425035
-0.0370945
-0.0394323
-0.0340276
-0.0270959
-0.0294047
-0.0405953
-0.0364496
-0.0316739
-0.0262291
-0.0380564
-0.03756
-0.027794
-0.0275288
-0.0338796
-0.0327835
-0.0365008
-0.0271936
-0.0348081
