0.000680084
0.002399
-0.000932836
0.000697928
0.0018327
-0.00112627
-0.000380955
0.00016525
0.00150236
0.0032982
0.00293167
0.0018327
0.0023389
-0.00110712
-0.00129107
0.000505422
0.00386526
0.00326462
-0.00386271
0.00163147
0.00550683
0.00198952
-0.000339267
-0.00385224
0.00274844
-0.000758522
0.000611992
0.000386616
0.0029232
0.00109
-0.000932836
0.00110761
-0.00052312
-0.0014457
-0.00221375
0.00405665
0.00369044
0.00260885
0.00517289
0.00185771
0.00259103
-0.00239793
0.0023389
-0.00108748
0.00146568
0.00200721
0.00147466
-0.00060292
-0.0040367
0.00333376
0.00235632
0.000348902
-0.000132187
0.00327283
0.00404832
0.00164918
0.000942116
-0.00112627
-0.000174404
0.00185102
0.00273174
0.000881529
0.000881529
-0.00110712
-0.00198804
0.0005234
0.00110761
0.000339784
0
-0.00240789
-0.000244692
-0.000532574
-0.000532574
-0.00370914
0.00181487
0.0023389
-9.25234e-06
0.00377385
0.00123964
-0.0035043
0.00107437
-0.00351464
0.00342363
0.000890694
0.000716269
0.0039887
0.00235632
-0.00333028
-0.000348778
-0.000348778
-0.000183724
-0.00109736
0.00551465
0.00422313
0.00148377
-0.00207867
-0.000932836
0.00166738
0.00528054
0.00528054
0.00105605
-0.000932836
0.00351565
-0.00112627
-0.00204957
-0.0014457
0.0029232
0.00243442
-0.00205939
0.000348902
0.00121292
0.00163147
0.00131865
0.00457285
0.00295782
0.0036145
0.00167667
9.37646e-06
-0.0020691
0.00178907
0.00123061
-0.00145559
-0.000419166
0.00213879
0.00347286
0.0031064
0.00273222
0.0036391
-0.000758522
0.00121292
0.00198952
0.00216419
0.00437413
0.00315026
0.000339784
0.000193178
-0.00197807
0.00184179
-0.000923144
0.000697928
0.000697928
-0.000748897
0.000881529
0.00343153
-0.000253867
0.00347286
0.00456485
0.00293167
0.00275697
-0.000951848
0.00380563
0.000348902
0.000174436
0.000688944
0.0023389
-0.00168694
0.0012822
0.00347286
0.00179755
0.00382226
0.00382226
0.001493
0.000532575
0.00202539
-0.00170108
0
-0.00109736
0.000183745
0.00328962
9.37646e-06
-0.00354493
0.000697928
0.000532575
0.00568186
0.0019983
-0.00255164
-0.00222376
0.000288017
-0.00136202
0.000863571
-0.00221375
0.00236522
-0.00107747
0.000707036
0.00104708
0.000854778
0.000854778
0.0019983
0.000156189
0.00164026
0.00533183
-0.000437527
0.00347286
0.000339784
0.00403202
0.00137905
0.000505422
-0.000235392
0.000688944
-0.00316645
-0.00316645
0.00106515
0.00177249
0.00383077
-0.000262919
0.000183745
-6.09537e-05
0.003098
0.00146568
-0.00273595
0.000348902
0.000872488
0.0010295
-0.00263391
-0.00112627
-0.00282808
0.0032982
0.00294898
-1.83806e-05
0.00294898
0.0037975
0.00084611
0.0049227
0.000890694
0.00568186
-0.000951848
0.0019983
0.00346434
0.000758529
0.00197233
0.00248864
0.0016228
0.000872488
0.00294026
0.00370725
0.00388193
-1.83806e-05
0.00387353
0.00313234
0.000113516
0.00218175
-0.00060292
0.00638977
0.0033069
0.000707036
-0.000183724
0.00164918
0.00399701
-0.00130065
0.00399701
0.00016525
0.0042314
-0.00201934
0.00570548
0.00105605
0.0019983
0.0012217
0.00422313
0.00294898
0.00103823
0.00179755
0.00311492
-0.00153641
0.00185102
0.00388193
0.00198086
0.00455696
0.000872488
0.00285488
0.00143947
0.00252222
0.000113516
0.00123061
0.00105605
0.000541874
0.000358144
0.000951301
0.000532575
-0.0018851
-0.0018851
0.000183745
0.00157981
0.00182372
0.00145682
0.00221572
0.00345595
0.000174436
0.000174436
0.000541874
-0.00112627
0.0033069
0.000193178
-0.00333028
0.000348902
0.000471704
0.000707036
0.00362258
0.00509767
0.000688944
0.000688944
-0.00055513
-0.00060292
-0.00111675
0.00475583
0.00182372
0.00516482
0.0036391
-0.000961168
0.00253975
0.00181487
0.00291486
-0.000225969
0.00104708
0.00235632
0.00216419
0.000193178
0.000872488
0.00286321
-0.00170108
0.000104351
0.00106515
-0.000244692
0.000688944
0.0049227
0.00439798
0.000872488
0.0023389
-0.00136202
0.000628147
0.00181487
0.00416355
0.0021556
0.0021556
-0.00132304
0.000367511
0.000367511
0.00130018
0.000899983
0.000339784
0.00364754
0.0067475
0.00344769
0.00123061
-0.000758522
-0.000748897
0.00345595
0.00363078
0.0056305
0.000863571
0.00214714
0.00200721
-0.000376565
0.0005234
-0.00145559
0.00439798
0.00164026
0.000716269
0.00143947
0.00124879
-0.00336074
0.00458924
0.00458924
-0.00257207
-0.00257207
-0.00186545
-0.00186545
-0.000942404
0.00469633
0.00469633
0.0012734
0.00251364
0.00251364
0.000156189
-0.00333028
0.000202736
-0.000961168
0.00121292
0.00198086
0.003098
0.00216419
-0.000768023
0.0021556
0.00324857
0.00276563
0.00605523
0.0021556
0.00163147
0.00518109
0.0023389
-0.00437391
-0.00127155
0.000358144
-0.000164961
0.00420697
0.00588839
0.00216419
0.00217291
0.00458099
0.000881529
0.000881529
0.00147466
0.00274844
0.000377001
0.000377001
0.00275697
-0.00191363
0.00311492
0.0044145
0.00326462
0.00326462
0.00165822
-0.00060292
-6.09537e-05
-0.00284761
0.00254864
0.000183745
0.00242538
0.000890694
0.00326462
0.00326462
-0.00185545
0.000514349
0.00382226
0.00181487
0.00155386
-0.00059361
0.0012822
0.00551465
-0.00446791
9.37646e-06
0.000541874
0.00433038
0.00404832
0.00157104
0.00270556
-0.00239793
0.000505422
9.37646e-06
0.000532575
0.000193178
0.00346434
0.00150236
0.0028015
-0.00109736
-0.000164961
0.00420697
0.00182372
0.00388193
0.00129113
-0.000758522
0.0023389
-0.00225307
0.0012822
0.00111661
0.0031064
-0.00301221
-0.00156454
0.00251364
-1.83806e-05
0.00196392
0.00181487
-0.000400309
-0.000574618
-0.000574618
0.00345595
0.000541874
0.00145682
0.00148377
0.00218175
0.00251364
0.0023389
0.00638229
0.00179755
0.0029232
0.00145682
0.00164026
0.00198086
0.00251364
0.0029232
0.000348902
0.00224192
0.00405665
0.000872488
0.000532575
0.00406511
0.000183745
0.00130935
0.00130935
0.00182372
-0.00385224
-0.00385224
0.0071564
0.00276563
0.00276563
0.00698884
0.00345595
0.00801849
0.000541874
0.00259988
-0.00125152
-0.00189473
0.00564633
-0.000758522
-0.00203962
0.003949
0.00234755
0.00513014
0.00180615
-0.00136202
0.00567423
0.000541874
0.00232198
0.00147466
0.00147466
0.00147466
0.00147466
0.00147466
0.000358144
0.00294898
0.000707036
0.00218175
0.000942116
-0.00205939
-0.00128137
0.0012217
0.00200721
-0.00059361
-0.00169126
0.000113516
0.00344769
-0.00108748
-0.00108748
0.00268002
0.0019983
0.00233038
0.000212418
0.00406511
-0.00284761
0.00464858
0.00443152
0.00180615
0.0019983
-0.0018851
0.00263355
-0.000584176
0.00242538
0.00200721
0.00550683
-6.09537e-05
0.000514349
0.00381388
0.00381388
0.000735105
-7.01861e-05
0.000541874
0.000551298
0.0044145
-0.00220361
0.00200721
0.00200721
-0.000574618
0.00121292
0.00362258
0.00269692
0.00104708
-0.00300232
-0.00128137
-0.00185545
0.0033069
0.0025823
-0.000419166
0.00233038
0.00294026
0.0042314
0.000514349
-0.00152679
-0.00335071
-0.000913328
0.00111661
0.0019983
0.00184179
0.00363078
0.000183745
-0.000584176
0.00663885
0.00364754
-0.000942404
-0.00201934
-0.000748897
0.0029232
0.0029232
0.00143947
0.00181487
0.000278918
0.00111661
0.00327283
0.00603201
0.00332469
0.00222433
1.8877e-05
0.00497404
0.00198952
0.00217291
0.00217291
0.00223306
0.00454921
-0.00111675
-0.00145559
0.00475583
0.00419908
0.00536411
0.0061221
0.000386616
0.00439798
0.00293167
0.00181487
0.00181487
-0.00311463
0.00311492
0.00550683
0.00369878
0.000183745
-0.002592
-0.00113565
-0.00351464
-0.000125946
-0.00441588
0.00181487
0.000174436
0.00328962
-0.000400309
0.00567423
-0.00292025
0.00180615
0.00214714
0.00214714
0.000979601
0.00147466
-0.00103618
-0.00256192
0.00422313
-9.25234e-06
-9.25234e-06
0.000202736
0.00395669
-0.000739148
0.00735415
-0.000367427
0.00318871
0.00318871
0.0032982
0.00259103
-0.00113565
0.00294898
-0.00186545
0.000805411
0.00293167
0.0012822
0.000716269
-0.00260178
-0.00220361
0.00146568
0.000183745
0.00508218
0.0012217
0.0037975
0.0077625
0.00146568
0.00129113
-0.00366775
-0.00215217
0.00315775
0.00146568
0.00277441
0.00277441
-9.25234e-06
0.00223306
0.000786286
0.0021556
0.00406511
0.00346434
0.00844122
0.00363078
0.00289058
0.00457285
0.00287165
-0.00352486
0.00259103
-0.000348778
0.00256523
0.00109
0.00498995
-0.00404712
0.00533183
0.0044145
0.0057136
0.0057136
0.00141416
0.00180615
0.00458924
0.000551298
0.00440618
0.00216419
0.00696657
0.00243442
0.00372455
0.00327283
0.00279235
0.000183745
-0.000942404
0.00422313
0.000453517
-0.000923144
-0.000428409
0.00385711
-0.00059361
0.00198952
0.0022509
0.00279235
-9.25234e-06
0.000749526
0.000174436
-0.00127155
0.00223306
0.00368222
0.000418834
0.00625846
-0.000890764
0.00473201
0.00644102
-0.0034318
-0.000903388
0.00198086
0.00113497
-0.00274617
0.00387353
0.000339784
0.001493
0.001493
0.00148377
0.00148377
0.00144808
0.00163147
9.37646e-06
0.000899983
-0.00401549
-0.00401549
0.0022509
0.0022509
0.00130935
-0.00020199
0.000942116
-0.00111675
0.000193178
0.0019983
0
0.00275697
0.00493882
0.00493882
0.0019983
0.00433038
0.00308157
-0.000428409
0.000716269
0.00311492
0.00311492
-0.00191363
0.00016525
-0.00224343
0.000541874
0.000541874
-0.000532574
0.000872488
0.00130935
-0.00203962
-0.00202954
0.00345595
0.000854778
0.000707036
0.0018327
0.00180615
-0.000244692
0.00475583
0.00475583
0.00130018
0.00166738
-0.00534855
0.000574964
0.0033069
0.00367413
0.00367413
0.00367413
0.0042314
0.00145682
0.000367511
-0.000923144
-0.000758522
-0.000758522
-0.00111675
-0.00239793
0.00180615
0.000532575
0.000688944
-0.0004098
0.00167667
-0.000932836
-0.00237764
-0.00127155
0.00200721
0.00302165
0.00302165
0.00336669
-0.000564936
0.00253975
-0.000437527
0.000566017
-0.00336074
-0.00336074
0.00156239
0.00165822
0.00165822
0.0049307
0.0049307
9.53093e-05
-0.000777399
-0.00111675
0.00295782
0.00295782
0.000707036
0.000532575
0.00216419
-0.000216421
0.000514349
0.00345595
0.00284669
0.00275697
-6.09537e-05
-0.000253867
0.000278918
-0.00155529
0.0025823
0.0025823
0.00274844
-0.000748897
0.00251364
-0.00151704
-0.00151704
0.00498193
0.00269692
-0.00334056
-0.00334056
-0.00150716
-0.00222376
0.00182372
0.00123061
0.0023137
-0.00171077
-0.0020691
0.000316056
-0.000786652
0.0031064
0.00182372
0.00442294
-0.000942404
0.000174436
0.00400545
0.000174436
-0.000942404
-0.00215217
0.000367511
0.0019983
-0.00127155
-0.00111675
-0.000932836
-0.00107747
0.00307355
-0.00110712
0.00182372
-0.000777399
-0.0012616
0.000890694
0.00275697
-0.00225307
-0.00318649
0.000767657
-0.00109736
-0.0026538
-0.00225307
-0.000244692
-0.00290996
0.00259103
0.000951301
0.00281681
0.000707036
0.000551298
-0.0029923
0.00181487
-0.00134278
0.000505422
-0.0029923
-0.0029923
-0.0029923
0.00344769
-0.00129107
-0.000584176
0.00293167
0.00222433
0.000183745
0.000532575
0.00196392
-0.00169126
0.00311492
0.00150236
-0.00186545
-0.00112627
0.000697928
-0.00369898
0.00180615
0.00103823
0.000735105
-0.000970363
-0.00203962
-0.00203962
-0.00464198
-0.00594387
-0.0028379
-0.0028379
0.00200721
-0.000244692
-0.0038934
0.00104708
0.000367511
0.000367511
-0.00060292
0.000680084
0.000261094
0.000697928
-0.000739148
-0.000400309
-4.21164e-05
-0.000428409
0.0019983
-0.00558526
-0.00225307
0.000863571
0.00201624
-0.00204957
-0.00204957
-0.000951848
0.00203467
-0.00150716
-0.00119697
-0.00119697
-0.00119697
-0.00334056
-0.00113565
0.000339784
0.000532575
0.00216419
0.0023389
-0.00211131
-0.000829309
0.00103823
-0.00135246
0.00141416
0.00157981
0.00590487
0.00230484
0.00546342
0.00582925
0.00582925
-0.0061915
-0.0297692
-0.0297692
-0.0429654
-0.043166
-0.0395146
-0.0395146
-0.0360632
-0.0189349
-0.0257776
-0.0345996
-0.033559
-0.0242672
-0.0263802
-0.0193406
-0.0156019
-0.0110645
-0.00281425
0.0089693
0.019692
0.0264928
0.0131472
0.0144475
0.00869419
0.00869419
0.00853864
0.0166428
0.0209213
0.0205173
0.0210541
0.0210541
0.0257141
0.022546
0.0234757
0.0247103
0.0265922
0.0271373
0.0234547
0.0282854
0.0308634
0.03323
0.0286698
0.0288161
0.0289966
0.0299174
0.0304581
0.0307683
0.0295116
0.0313745
0.0297323
0.0297323
0.0276933
0.0297323
0.03119
0.0304339
0.0264164
0.0284046
0.0289662
0.0278535
0.0359113
0.0258915
0.0275077
0.0289571
0.0305349
0.0309562
0.0318882
0.0234837
0.0349859
0.0272714
0.0272714
0.0300239
0.0298483
0.0276321
0.0275077
0.0296597
0.0256711
0.0256711
0.0278441
0.0283943
0.0348005
0.0282092
0.0342175
0.0342175
0.0324154
0.029484
0.0322928
0.0320679
0.0292859
0.0380302
0.0348106
0.037702
0.0360966
0.0461307
0.0431493
0.0487789
0.0469672
0.0414856
0.0473209
0.0445793
0.0445814
0.0474931
0.0460365
0.0429465
0.0485962
0.0463903
0.0452879
0.0452446
0.0460364
0.046744
0.046744
0.0478473
0.0485962
0.0458597
0.0429036
0.0449335
0.0425495
0.0429046
0.0498742
0.0452868
0.0459948
0.0476292
0.0472751
0.0458177
0.0447164
0.0472747
0.041799
0.0422842
0.0489094
0.0448929
0.0448929
0.0481593
0.0443605
0.0434352
0.0441401
0.043965
0.0429068
0.0603477
0.0386137
0.0586086
0.059998
0.0591539
0.0582917
0.0594833
0.0647584
0.0611435
0.0595601
0.06741
0.0640604
0.0635364
0.0634877
0.0617008
0.0605871
0.0608005
0.0580291
0.0664625
0.0614797
0.0614797
0.0642326
0.0611048
0.0633155
0.0595032
0.0616705
0.0616521
0.064267
0.0601935
0.0665987
0.0610786
0.0591016
0.0596197
0.0596197
0.0587073
0.0647485
0.0634869
0.0638557
0.0634787
0.0629303
0.0629303
0.062357
0.0565085
0.0636429
0.0587008
0.0651259
0.0629149
0.0629149
0.0616227
0.0616227
0.0597654
0.0723535
0.045197
0.045197
0.0485406
0.0688389
0.0512879
0.0666281
0.0532734
0.059147
0.0591064
0.0594923
0.0585829
0.0542066
0.0602417
0.0533058
0.0567539
0.0567539
0.0602456
0.0542038
0.056585
0.0530914
0.0580407
0.0584008
0.0562289
0.0527402
0.0589687
0.057866
0.0569754
0.0567539
0.0567539
0.0571161
0.0583901
0.0564039
0.0575
0.0573192
0.0575063
0.055132
0.0569413
0.0585829
0.0549101
0.0534536
0.0580479
0.0595037
0.050178
0.0576811
0.0549482
0.0582189
0.0540184
0.0572942
0.0578696
0.0578696
0.0543739
0.0558323
0.0578324
0.0571229
0.0572878
0.0538068
0.059301
0.0530615
0.0587574
0.0560162
0.0603836
0.0603836
0.0609636
0.0609636
0.0556543
0.0567539
0.0571161
0.0567539
0.054943
0.055307
0.0553013
0.0538149
0.0582154
0.0620574
0.0545517
0.0545517
0.0578733
0.0543671
0.0516393
0.0565819
0.0565789
0.0571229
0.0523891
0.0514973
0.0536676
0.054943
0.0540232
0.056961
0.056961
0.0564069
0.0536676
0.054379
0.0563725
0.0519889
0.0554792
0.0527424
0.0542011
0.0541985
0.0572909
0.0536676
0.0521683
0.0521683
0.0521683
0.0593142
0.0589319
0.0596743
0.0564009
0.052387
0.0565789
0.055296
0.0532758
0.0551208
0.0560132
0.0553013
0.0589246
0.0571129
0.0538407
0.0558323
0.0561882
0.0541961
0.0583935
0.0583935
0.0578324
0.0545492
0.0583935
0.0556601
0.0553013
0.0567255
0.056576
0.0527447
0.0574658
0.0554502
0.0565507
0.0588949
0.052879
0.0589282
0.0598565
0.0534562
0.0589211
0.0569318
0.0496101
0.0563928
0.0582189
0.0543715
0.0534588
0.0558295
0.0567599
0.0539901
0.0532671
0.054379
0.0527382
0.0519946
0.0543715
0.058743
0.0581817
0.0572942
0.0549129
0.0554411
0.0521603
0.0503529
0.0503529
0.0561882
0.0530935
0.0569318
0.0547246
0.0526992
0.0549023
0.0532691
0.0580001
0.0519889
0.0554411
0.0532712
0.0557888
0.0556543
0.0556543
0.0541681
0.0565507
0.0554535
0.0527382
0.0550939
0.0550939
0.0554411
0.0574658
0.0569348
0.0532783
0.0550801
0.0545517
0.0552632
0.0560102
0.0578253
0.0538044
0.0528812
0.0581853
0.0581853
0.0545597
0.0565355
0.0572818
0.0605542
0.0552721
0.0530914
0.0530935
0.0519907
0.0541553
0.0508848
0.0572601
0.0549048
0.0589358
0.0579968
0.0572909
0.0552632
0.0550909
0.05416
0.0583564
0.0583564
0.0521647
0.055444
0.0526992
0.055269
0.0560162
0.0532758
0.0532758
0.0563693
0.0609188
0.0588988
0.0525588
0.0545447
0.0565412
0.0554357
0.0556136
0.0550801
0.0554502
0.053629
0.0543307
0.0552579
0.0547246
0.0537999
0.0565355
0.0541961
0.052344
0.0537681
0.0550801
0.0572534
0.0532301
0.0530525
0.054333
0.0539822
0.0536553
0.0539873
0.0547295
0.0561473
0.0556136
0.0519514
0.0543406
0.055444
0.0585682
0.0501396
0.0514156
0.059496
0.0574658
0.057469
0.057469
0.0572909
0.0541681
0.0578156
0.0554764
0.0532603
0.0552936
0.0571129
0.0587129
0.0550777
0.0536203
0.0532671
0.0570663
0.0561533
0.0541961
0.0543286
0.0530591
0.0510653
0.0565063
0.05341
0.0530506
0.0565355
0.0539754
0.0563314
0.0535855
0.0554384
0.0565412
0.0570692
0.0519857
0.0497812
0.0516324
0.0541626
0.0570636
0.0570636
0.0547246
0.053629
0.0561825
0.0510576
0.0536223
0.0536223
0.0554384
0.0563604
0.0545132
0.0532652
0.0539734
0.0539734
0.0549074
0.0545469
0.0510637
0.0527299
0.0508836
0.0532301
0.0532301
0.0537978
0.0494288
0.0541916
0.0560047
0.0568972
0.050178
0.0545084
0.0477945
0.0558243
0.0532691
0.0545062
0.0548775
0.0548775
0.0506705
0.0506739
0.0547202
0.0545427
0.0541576
0.0523422
0.0523422
0.0530895
0.0541553
0.0512428
0.0507052
0.0521703
0.053047
0.0523422
0.0587166
0.0550826
0.0536203
0.0532281
0.0508824
0.0494278
0.0552632
0.0539822
0.0521683
0.0519843
0.0543307
0.0481488
0.0527363
0.0563632
0.0503142
0.0507075
0.0545517
0.0554332
0.0552531
0.0527013
0.0527013
0.0539754
0.0497861
0.0576407
0.0556062
0.0517704
0.0541143
0.0557942
0.053946
0.0526581
0.054333
0.050313
0.051593
0.0507103
0.0486796
0.0548616
0.0548616
0.0526992
0.0532323
0.0506665
0.0574597
0.0501347
0.0515962
0.0515962
0.0526992
0.0563577
0.053759
0.049425
0.0507088
0.0572472
0.0572472
0.0545158
0.0561825
0.0537535
0.0508465
0.0535902
0.0539822
0.0557942
0.0532345
0.0515903
0.0523029
0.0545062
0.0568972
0.0568972
0.0559722
0.0510596
0.0527013
0.0532323
0.0549
0.0549
0.0541626
0.0526992
0.0543307
0.0530525
0.0570753
0.0497803
0.0534058
0.0548664
0.0543307
0.050313
0.0587397
0.0522982
0.0522982
0.0523029
0.0523029
0.0563146
0.0534038
0.0581748
0.0539776
0.055964
0.0523012
0.0524787
0.0539734
0.0555809
0.0577695
0.0577695
0.0541143
0.0517361
0.0535834
0.0534124
0.0537633
0.0546862
0.0508497
0.0508497
0.0523067
0.0504916
0.0546839
0.0523047
0.0519496
0.0545084
0.0539847
0.0518083
0.0483241
0.0541553
0.0525197
0.0525197
0.0592926
0.0525197
0.0554308
0.0548639
0.0499554
0.0537611
0.052344
0.0521631
0.0504892
0.0538021
0.0515916
0.0524787
0.0524787
0.0559752
0.0517738
0.0536184
0.0523459
0.0488568
0.0488568
0.052873
0.052912
0.0464733
0.0537656
0.05416
0.0568808
0.0485024
0.0488568
0.0537959
0.0514525
0.0488559
0.0539847
0.0497803
0.054333
0.0523422
0.051413
0.0554332
0.0530525
0.0545062
0.0536166
0.0481488
0.0537959
0.0510622
0.0515916
0.0474009
0.0561393
0.052339
0.0512465
0.0539754
0.051593
0.0473992
0.0517663
0.0536244
0.0519889
0.0535878
0.0534058
0.0514171
0.0490305
0.0546886
0.0546886
0.0519496
0.0517738
0.0508465
0.054151
0.052339
0.0537999
0.0537999
0.0526955
0.0523012
0.0488559
0.0545132
0.0488559
0.054149
0.0514171
0.0543307
0.0463393
0.0559666
0.052873
0.0546886
0.0546886
0.0506677
0.052873
0.0543307
0.0541553
0.0515962
0.0526938
0.0526938
0.0497421
0.0532263
0.0567192
0.051772
0.053629
0.0532323
0.053759
0.0581685
0.0534038
0.0528338
0.0510225
0.0546937
0.0512069
0.0517704
0.0472218
0.0539822
0.0523376
0.0512396
0.0549023
0.0539734
0.0496025
0.0536184
0.0545158
0.055611
0.0483241
0.051593
0.0521238
0.0508824
0.051807
0.0543354
0.0550713
0.0557914
0.0514565
0.0526938
0.0519463
0.0525197
0.0536203
0.0517738
0.0568885
0.0545062
0.0545084
0.0474002
0.0536203
0.0536203
0.0524865
0.052879
0.0535855
0.0504903
0.050529
0.0530487
0.0532263
0.047971
0.0545062
0.0495648
0.0556136
0.0515916
0.0519436
0.0535777
0.0490362
0.0526955
0.0537941
0.0539798
0.0530487
0.0554411
0.0556163
0.051593
0.0488568
0.0526973
0.052159
0.052159
0.0496032
0.0548534
0.053759
0.0519496
0.0534078
0.0543286
0.0537656
0.0550713
0.0525216
0.0510622
0.0510225
0.0490312
0.0515962
0.0519449
0.0517689
0.0541531
0.0497812
0.0490331
0.0514142
0.052873
0.0526922
0.0515962
0.0536203
0.0550443
0.0550443
0.0574193
0.0493859
0.0494269
0.0507042
0.0510596
0.052131
0.0528749
0.0471815
0.0539754
0.0519514
0.0506665
0.0488162
0.0526955
0.0530546
0.0530546
0.050277
0.0472222
0.0548594
0.0532323
0.0565033
0.0546862
0.0523029
0.0577812
0.0577812
0.054333
0.054149
0.0519463
0.0504916
0.0543354
0.0501357
0.049563
0.0470038
0.0539435
0.0477532
0.0486382
0.0521238
0.051772
0.0528749
0.0490317
0.0523363
0.0532345
0.0532345
0.0548957
0.0541472
0.0530427
0.0499559
0.0547246
0.0526515
0.0490317
0.0523029
0.0539734
0.0490317
0.0541122
0.0532228
0.051205
0.053615
0.0537611
0.0508814
0.0526545
0.048284
0.0510199
0.05035
0.0568885
0.051593
0.050313
0.0501382
0.0504903
0.0512357
0.0512357
0.0515945
0.052879
0.054151
0.0541531
0.0545022
0.0545022
0.0519496
0.0481468
0.0514142
0.0517676
0.0488552
0.0504892
0.0504892
0.0464737
0.0539734
0.0525123
0.0519436
0.0543307
0.0512369
0.0539388
0.0451937
0.0497411
0.0514142
0.0515916
0.050313
0.051772
0.0515916
0.0508814
0.0508814
0.0488538
0.052129
0.0508438
0.0484659
0.0504892
0.0556085
0.0561418
0.0482827
0.0543266
0.0541143
0.0565033
0.0484636
0.0511999
0.0508836
0.0548594
0.0519449
0.0522969
0.05341
0.050669
0.0524805
0.0508438
0.0503508
0.0468278
0.051413
0.0559666
0.0526922
0.0503119
0.0483237
0.0534003
0.0534003
0.0518098
0.0536184
0.0515962
0.050133
0.0477532
0.0545407
0.0545407
0.0519424
0.0488568
0.0532245
0.0514142
0.0532245
0.0481064
0.0507088
0.0524771
0.0501396
0.0517704
0.0490303
0.0514142
0.0475754
0.0511949
0.0508426
0.0508426
0.0554224
0.0492088
0.0492088
0.0522957
0.0521223
0.0461209
0.05141
0.0532263
0.0556136
0.0554285
0.0548594
0.0495648
0.0534003
0.0536203
0.0530487
0.0517308
0.0519463
0.0545041
0.0504881
0.0545108
0.0568942
0.0475762
0.0475762
0.0508878
0.0528667
0.0517652
0.0556136
0.0508451
0.0506653
0.0476164
0.0501338
0.0550777
0.0508824
0.052339
0.0499575
0.0455477
0.0504903
0.0539776
0.0504892
0.0488568
0.0444451
0.0521185
0.0521185
0.0523012
0.0492088
0.0541553
0.0517676
0.0499596
0.0486782
0.0454129
0.050133
0.0503119
0.0477524
0.0504864
0.0479298
0.0526938
0.0488542
0.0488542
0.049248
0.0494261
0.0510576
