0.104763
0.111726
0.107095
0.110903
0.113312
0.109394
0.106763
0.114048
0.115879
0.104344
0.109072
0.10642
0.10451
0.108761
0.113803
0.106575
0.115969
0.109138
0.109394
0.113868
0.102277
0.108928
0.109626
0.112203
0.112036
0.1002
0.109405
0.116719
0.121001
0.109227
0.115555
0.109227
0.108805
0.118109
0.115128
0.111148
0.102587
0.108828
0.109449
0.109959
0.11339
0.109227
0.111381
0.110903
0.111482
0.110992
0.113881
0.111148
0.108839
0.11339
0.114281
0.104665
0.107305
0.11228
0.113946
0.100007
0.109072
0.113468
0.112138
0.107327
0.107327
0.106763
0.104918
0.113856
0.109804
0.107549
0.121028
0.111947
0.106907
0.114179
0.104841
0.10186
0.112013
0.113946
0.114113
0.111792
0.108972
0.11116
0.109061
0.104442
0.102025
0.111303
0.101967
0.109328
0.106808
0.106275
0.111637
0.0991527
0.108983
0.11348
0.102102
0.111303
0.108739
0.109006
0.109006
0.101636
0.108417
0.113505
0.109394
0.101724
0.101724
0.106597
0.111369
0.113558
0.112138
0.104277
0.111548
0.104675
0.11886
0.10221
0.111625
0.108894
0.113623
0.109382
0.111661
0.107228
0.101879
0.114203
0.111381
0.106741
0.109417
0.102112
0.113701
0.113713
0.103945
0.106907
0.108583
0.108839
0.108839
0.10642
0.116254
0.108494
0.107051
0.104686
0.106763
0.104675
0.109339
0.113946
0.110724
0.10875
0.104324
0.109172
0.114293
0.109615
0.10379
0.109239
0.110992
0.111536
0.111148
0.111148
0.10956
0.106763
0.110424
0.10905
0.108994
0.10905
0.10905
0.112025
0.107316
0.110915
0.110915
0.10218
0.106409
0.111214
0.109316
0.108994
0.114383
0.111136
0.109227
0.104841
0.106364
0.104499
0.113611
0.113611
0.114281
0.114126
0.104598
0.106829
0.108828
0.106829
0.106829
0.101549
0.10925
0.106763
0.109615
0.111959
0.110926
0.111381
0.109471
0.10514
0.114191
0.11628
0.111148
0.109138
0.111703
0.106974
0.105073
0.113791
0.112203
0.10915
0.105337
0.112138
0.118666
0.109382
0.10483
0.10252
0.108739
0.111559
0.106985
0.113611
0.104753
0.100016
0.11668
0.102345
0.116667
0.102122
0.105249
0.104432
0.118588
0.108494
0.11237
0.109216
0.103614
0.109549
0.11187
0.109138
0.104654
0.102675
0.10547
0.104975
0.112203
0.113881
0.115633
0.109382
0.114538
0.106808
0.106808
0.111559
0.104256
0.114203
0.111082
0.109693
0.106995
0.106685
0.108828
0.113223
0.113223
0.109239
0.101549
0.111303
0.111303
0.109471
0.103411
0.108994
0.104266
0.113767
0.108905
0.108917
0.108917
0.109715
0.111369
0.114101
0.114113
0.115788
0.104763
0.104422
0.106995
0.104577
0.111303
0.107471
0.107471
0.111804
0.106674
0.107228
0.107305
0.108917
0.108917
0.10252
0.108994
0.108994
0.107228
0.109438
0.109438
0.114411
0.104577
0.111792
0.106985
0.102102
0.111548
0.111548
0.10684
0.10684
0.113067
0.108661
0.106364
0.111416
0.107482
0.115944
0.116435
0.111726
0.10875
0.113803
0.107084
0.108583
0.108672
0.102432
0.108661
0.108661
0.109316
0.111625
0.111625
0.106985
0.104908
0.113456
0.112102
0.112102
0.111482
0.107482
0.100441
0.107327
0.11147
0.11147
0.116435
0.111404
0.104742
0.104742
0.104577
0.109904
0.106896
0.10515
0.111136
0.116267
0.116267
0.109382
0.108661
0.113958
0.106674
0.102267
0.111237
0.111237
0.106829
0.11637
0.105083
0.107792
0.111625
0.1165
0.114024
0.12043
0.111327
0.109072
0.10875
0.108661
0.108661
0.118588
0.109161
0.102335
0.11178
0.102267
0.11187
0.107372
0.10875
0.10875
0.10218
0.10218
0.113971
0.0979568
0.0979568
0.10956
0.107217
0.114179
0.114113
0.108639
0.107161
0.108961
0.108994
0.108994
0.111703
0.113558
0.113701
0.107637
0.104686
0.111804
0.10252
0.106974
0.111315
0.108883
0.11178
0.109216
0.109216
0.109216
0.10684
0.109216
0.107172
0.109239
0.1025
0.10684
0.113868
0.0998704
0.109947
0.102917
0.106829
0.104897
0.109649
0.109649
0.108828
0.10714
0.109471
0.112424
0.112424
0.111637
0.109549
0.10482
0.10482
0.10956
0.104432
0.114191
0.114191
0.114191
0.10694
0.114346
0.106586
0.114024
0.10251
0.104995
0.114036
0.111637
0.111637
0.116435
0.109881
0.116292
0.106918
0.106918
0.107062
0.1025
0.1025
0.113791
0.115814
0.115814
0.112036
0.113958
0.099861
0.112036
0.099948
0.106829
0.109893
0.109893
0.114203
0.108817
0.10714
0.108639
0.10482
0.106575
0.11228
0.11228
0.11228
0.109061
0.109061
0.109061
0.104686
0.102015
0.107305
0.115633
0.108839
0.108839
0.112114
0.104654
0.10915
0.10915
0.104266
0.11842
0.102112
0.106763
0.106763
0.111171
0.106929
0.106197
0.111947
0.116202
0.116202
0.108905
0.106674
0.106674
0.106674
0.11628
0.111804
0.111804
0.103956
0.103956
0.104277
0.114191
0.114191
0.113611
0.107471
0.111625
0.114101
0.111804
0.102355
0.107394
0.106663
0.106663
0.104422
0.109726
0.105161
0.105161
0.105161
0.109483
0.107062
0.10684
0.108994
0.108994
0.108994
0.111881
0.113533
0.11553
0.11553
0.11553
0.112126
0.112126
0.109371
0.107471
0.107471
0.10915
0.103935
0.111148
0.106674
0.105953
0.113092
0.111536
0.10152
0.106497
0.106497
0.10835
0.10835
0.113868
0.113868
0.104422
0.104422
0.100016
0.113623
0.104675
0.104675
0.11128
0.111148
0.108739
0.111792
0.108983
0.104608
0.106264
0.114089
0.106508
0.106508
0.116254
0.104665
0.114346
0.109239
0.113635
0.10865
0.108228
0.116267
0.108994
0.104644
0.104644
0.105021
0.105021
0.125087
0.126449
0.1525
0.155529
0.210675
0.286434
0.427329
0.575964
0.618706
0.618706
0.555869
0.388908
0.24364
0.178582
0.178582
0.23849
0.309862
0.414029
0.460177
0.521447
0.584873
0.652968
0.788677
0.81484
0.852203
0.92208
0.92208
0.936048
0.892654
0.584301
0.516446
0.46869
0.343083
0.343083
0.355447
0.385615
0.385615
0.433707
0.411457
0.374859
0.374859
0.363758
0.411663
0.414851
0.420781
0.379009
0.37927
0.368353
0.373839
0.373775
0.375657
0.379139
0.39914
0.399865
0.383287
0.374031
0.363439
0.369496
0.379655
0.394095
0.394095
0.379334
0.370999
0.378883
0.37119
0.386776
0.381148
0.371126
0.363756
0.373136
0.366529
0.368478
0.373136
0.373136
0.380955
0.37119
0.368669
0.371062
0.366467
0.368096
0.362995
0.358717
0.368032
0.368542
0.368415
0.368542
0.368859
0.366021
0.370807
0.359031
0.371381
0.370807
0.415334
0.398795
0.430542
0.529173
0.545822
0.488934
0.49599
0.496268
0.505106
0.505628
0.508639
0.507949
0.490531
0.490958
0.468382
0.493731
0.510922
0.524088
0.506279
0.490853
0.490853
0.472645
0.495711
0.508448
0.505909
0.487099
0.493152
0.493152
0.498312
0.498806
0.497881
0.499578
0.489933
0.489933
0.475178
0.477204
0.473596
0.49343
0.552968
0.580537
0.652659
0.708167
0.781928
0.781928
0.778672
0.773977
0.766453
0.753945
0.762067
0.754273
0.763482
0.766526
0.791086
0.790912
0.742231
0.742231
0.771881
0.783537
0.793853
0.786845
0.770638
0.760906
0.754147
0.758125
0.750659
0.760638
0.760002
0.759869
0.765152
0.755034
0.755034
0.752795
0.760074
0.758259
0.777519
0.772503
0.755433
0.749636
0.758063
0.763016
0.765726
0.778769
0.778769
0.780696
0.773362
0.751251
0.699628
0.651351
0.576422
0.432841
0.371155
0.345783
0.356834
0.375016
0.390461
0.386969
0.369051
0.36262
0.344709
0.34985
0.34985
0.341322
0.362873
0.362873
0.364694
0.344593
0.339561
0.339561
0.359473
0.359473
0.38031
0.382442
0.377341
0.356701
0.349855
0.357714
0.357714
0.36979
0.375656
0.368037
0.366763
0.369406
0.354384
0.348852
0.356194
0.349346
0.327434
0.333741
0.349228
0.378378
0.428535
0.471408
0.501721
0.511716
0.522983
0.506008
0.492209
0.498626
0.523543
0.569078
0.661485
0.693705
0.704565
0.7395
0.7395
0.720474
0.755638
0.785232
0.794345
0.818787
0.818787
0.850238
0.894026
0.906228
0.955154
0.955154
0.955154
0.992109
0.992109
1.01833
1.07009
1.11385
1.15514
1.45811
1.58441
1.69328
1.86226
1.97161
2.10053
2.19277
2.29296
2.29296
2.3153
2.42778
2.46931
2.58857
2.66409
2.70479
2.74244
2.7821
2.8601
2.8601
2.94739
2.94847
2.94847
2.94064
2.99179
2.99179
3.02687
2.997
3.00859
3.04969
3.06041
3.06721
3.06376
3.05924
3.08633
3.08633
3.08466
3.08092
3.10253
3.10799
3.10308
3.10109
3.17401
3.17039
3.16377
3.17274
3.1877
3.24224
3.24224
3.26623
3.32485
3.32485
3.40534
3.36428
3.30951
3.28464
3.20062
3.18674
3.18248
3.16296
3.16252
3.16102
3.16102
3.1185
3.09653
3.09427
3.08499
3.06241
3.06804
3.1032
3.10434
3.10479
3.08499
3.07325
3.07282
3.07968
3.10785
3.10119
3.09469
3.07666
3.09072
3.07613
3.09794
3.14324
3.14324
3.1145
3.1009
3.1009
3.1009
3.10693
3.10693
3.10515
3.12156
3.10213
3.06194
3.07739
3.07907
3.0653
3.11126
3.09894
3.09617
3.15169
3.12259
3.15961
3.1244
3.13654
3.1248
3.16344
3.16344
3.2204
3.2017
3.18701
3.24075
3.21822
3.19016
3.20548
3.22163
3.23951
3.2399
3.23441
3.18967
3.18272
3.20034
3.17682
3.14972
3.13322
3.15466
3.15466
3.15286
3.15657
3.17483
3.1792
3.14812
3.12739
3.17976
3.17976
3.16426
3.15457
3.1409
3.11128
3.08374
3.12117
3.17159
3.17444
3.18387
3.2008
3.19652
3.19738
3.22281
3.18472
3.18472
3.13436
3.1257
3.15276
3.15276
3.13661
3.13585
3.13585
3.1521
3.15505
3.11853
3.09954
3.09954
3.09954
3.10372
3.1373
3.11795
3.09341
3.07214
3.10444
3.11818
3.13091
3.12173
3.10741
3.10741
3.12505
3.13017
3.13566
3.13566
3.15571
3.15571
3.1237
3.12066
3.13719
3.13795
3.12923
3.13918
3.14042
3.11681
3.11681
3.11243
3.12335
3.1208
3.08482
3.08438
3.08438
3.12115
3.09872
3.09872
3.10233
3.08859
3.08971
3.09963
3.09094
3.09767
3.0953
3.08006
3.0729
3.10813
3.13985
3.11843
3.15913
3.13236
3.10944
3.10494
3.10518
3.1061
3.10868
3.11557
3.1086
3.0721
3.06638
3.07585
3.06303
3.07186
3.08631
3.07549
3.05269
3.05269
3.06908
3.10385
3.09171
3.09383
3.08642
3.10704
3.12153
3.12251
3.09209
3.12697
3.10382
3.09533
3.10288
3.10151
3.09854
3.11551
3.11551
3.09281
3.06735
3.06735
3.09133
3.1174
3.11211
3.01542
3.02359
3.03433
3.03433
3.05966
3.05057
3.06021
3.09258
3.09704
3.08739
3.10007
3.09704
3.09969
3.08023
3.06297
3.0593
3.06009
3.06649
3.11279
3.13255
3.11333
3.07281
3.06162
3.10232
3.11095
3.01721
3.01863
3.05498
3.1006
3.1065
3.07217
3.04949
3.07474
3.07474
3.05572
3.02693
3.01438
3.01352
3.05966
3.07457
3.07271
3.07336
3.07565
3.07565
3.05903
3.07039
3.07039
3.06952
3.09778
3.1244
3.10123
3.07569
3.07569
3.07907
3.05758
3.05189
3.01814
3.00848
3.04182
3.05703
3.0428
3.08107
3.08334
3.03443
3.0387
3.05678
2.98695
3.01042
3.05522
3.0628
3.0628
3.07054
3.07054
3.07328
3.0802
3.06688
3.03876
3.04472
3.046
3.03732
3.04906
3.04949
3.0339
3.03347
3.03347
3.0875
3.07411
3.07411
3.02846
3.00893
3.0245
3.06354
3.06354
3.05244
3.03155
2.99347
2.99347
2.99385
3.01507
3.02971
3.00151
3.03097
3.01033
3.01953
3.04312
3.06354
3.05305
3.03514
3.04665
3.03791
3.02762
3.01724
3.03636
3.03164
3.04008
3.05876
3.03005
3.03493
3.04948
2.97009
2.97009
2.99251
3.03188
3.01842
3.01842
3.00469
3.03548
3.04364
3.02571
3.02386
2.98399
3.01243
3.01033
3.00654
3.00033
3.03987
3.04551
3.02417
3.02182
3.04546
3.02952
3.01888
3.01907
3.01398
3.01462
3.0356
3.06179
3.05947
3.02977
3.00269
3.02772
3.02051
2.99693
2.98006
2.99141
2.96221
2.98283
3.00797
3.01762
3.00965
2.99678
2.99878
2.99652
2.99652
2.98943
3.00316
3.02992
3.01816
3.0186
3.00335
3.022
3.03119
3.03119
3.0179
3.01971
3.00469
2.98891
3.02685
3.02382
3.0046
3.00555
3.00014
3.00014
3.00253
2.9936
2.98308
2.97427
2.98409
2.98251
2.97953
2.99496
2.98308
2.98098
3.00488
3.02745
2.9956
2.98362
2.98171
2.98171
2.99737
3.02319
3.0451
3.00224
2.97738
2.99235
3.04529
3.0221
2.98193
2.98727
2.98727
3.01614
3.01597
2.9861
2.98473
2.98473
2.99471
3.0087
2.99906
3.00176
2.99862
2.98772
2.98245
2.97744
2.9717
2.98842
2.98842
2.98226
2.98226
2.97502
2.97502
2.97502
2.9558
2.94963
2.94963
2.94963
2.98663
3.04834
3.04834
2.98847
2.9901
3.02431
2.92717
2.96453
2.9961
2.94305
2.95443
3.00517
3.00517
2.9387
2.93301
2.93679
2.96617
2.94584
2.95463
2.95463
2.95227
2.96126
2.95155
3.02121
2.98436
2.93999
2.97891
3.01382
3.00116
3.00116
2.96224
2.95672
2.94602
2.9541
2.9541
2.97322
2.9908
2.97102
2.95425
2.94621
2.94114
2.96652
2.96652
2.95428
2.95428
2.94983
2.95746
2.96032
2.94936
2.93435
2.97589
2.94438
2.91853
2.95825
2.93038
2.94856
2.97784
3.00399
3.00268
2.96831
2.93573
2.93573
2.93579
3.0037
2.98747
2.94515
2.92646
2.91222
2.96459
2.92741
2.90726
2.92191
2.92363
2.92363
2.91131
2.96013
2.93919
2.94642
2.9136
2.92869
2.90294
2.90377
2.92569
2.94967
2.94967
2.94226
2.95104
2.9454
2.95933
2.99271
2.93933
2.96386
2.92148
2.95461
2.94789
2.92526
2.99779
2.94137
2.95816
2.95437
2.92363
2.93021
2.93021
2.9473
2.94125
2.90325
2.93415
2.92717
2.93088
2.92363
2.90085
2.89886
2.91292
2.96741
2.95987
2.95481
2.94277
2.94277
2.92101
2.96049
2.93911
2.92257
2.92257
2.9383
2.99388
2.92817
2.90273
2.94017
2.9438
2.93124
2.90497
2.9011
2.9011
2.91723
2.97241
2.94001
2.91704
2.88562
2.88562
2.93324
2.91256
2.89658
2.90779
2.91089
2.9276
2.9276
2.9241
2.90869
2.89037
2.89045
2.89045
2.90247
2.95115
2.93763
2.88142
2.9569
2.97136
2.88762
2.96116
2.96116
2.92518
2.92132
2.93631
2.90607
2.89692
2.93679
2.95022
2.91644
2.8898
2.8592
2.88929
2.91673
2.91673
2.89705
2.89153
2.92377
2.91365
2.91384
2.93585
2.93585
2.9273
2.93631
2.92343
2.87905
2.87918
2.90407
2.93198
2.9328
2.93183
2.92464
2.91626
2.89082
2.88233
2.92358
2.93552
2.91545
2.90143
2.84863
2.86883
2.92924
2.85104
2.87811
2.91113
2.87657
2.87564
2.87564
2.91155
2.89472
2.91045
2.90331
2.91294
2.89778
2.9034
2.91952
2.94394
2.94394
2.94512
2.94512
2.91956
2.91556
2.91446
2.89687
2.88845
2.88845
2.85624
2.88016
2.87563
2.88534
2.88263
2.88263
2.88564
2.88849
2.87774
2.88402
2.87826
2.87826
2.87112
2.87112
2.88391
2.88391
2.88663
2.89901
2.8833
2.8833
2.90816
2.89401
2.83028
2.84757
2.90588
2.90178
2.90411
2.89248
2.87401
2.89425
2.90874
2.91556
2.88454
2.87959
2.87302
2.90492
2.90817
2.85524
2.85524
2.85524
2.8611
2.85123
2.86032
2.86032
2.85872
2.87589
2.88758
2.88783
2.84933
2.85438
2.85438
2.85133
2.85133
2.84065
2.83791
2.84677
2.84677
2.88482
2.86351
2.85438
2.88577
2.89234
2.89234
2.88863
2.88863
2.8994
2.87443
2.86305
2.91177
2.87001
2.87001
2.87001
2.90583
2.86983
2.8412
2.86405
2.88991
2.83933
2.8241
2.80187
2.89168
2.89168
2.85128
2.88388
2.86014
2.85197
2.86882
2.85748
2.85748
2.8932
2.85689
2.91358
2.87574
2.91074
2.89353
2.89353
2.88169
2.88169
2.89358
2.88265
2.83894
2.8664
2.8664
2.85114
2.85648
2.86335
2.87788
2.84734
2.84734
2.85276
2.85276
2.86761
2.87717
2.87826
2.85316
2.88992
2.91753
2.91753
2.83054
2.83054
2.82051
2.88012
2.88012
2.89777
2.86754
2.85701
2.86744
2.85992
2.86254
2.87294
2.87122
2.84874
2.87365
2.85167
2.84985
2.84985
2.81262
2.79741
2.82436
2.82371
2.84165
2.8496
2.85611
2.84734
2.86144
2.86144
2.87574
2.85629
2.84251
2.84251
2.87213
2.87213
2.87109
2.82581
2.82642
2.84856
2.85711
2.86903
2.86903
2.87151
2.85125
2.82512
2.8378
2.8378
2.82009
2.82712
2.85818
2.81865
2.82856
2.85706
2.86728
2.81165
2.81798
2.85731
2.85731
2.85731
2.8564
2.8564
2.8564
2.83654
2.829
2.83686
2.87184
2.84854
2.84854
2.84716
2.84543
2.82071
2.82673
2.83165
2.82141
2.85802
2.8262
2.781
2.81719
2.8209
2.81221
2.81773
2.82346
2.82346
2.82346
2.81699
2.84038
2.84038
2.81604
2.83276
2.8387
2.82957
2.80666
2.83619
2.83565
2.82844
2.83727
2.82926
2.83479
2.84797
2.83608
2.80325
2.7559
2.81619
2.79113
2.8085
2.82103
2.81099
2.79305
2.78995
2.80639
2.79585
2.78722
2.78383
2.78833
2.78674
2.78044
2.7564
2.79122
2.82623
2.82623
2.82081
2.78484
2.78484
2.79404
2.82354
2.85418
2.80396
2.75634
2.72434
2.77001
2.81071
2.78257
2.76021
2.76021
2.79779
2.77726
2.77726
2.77685
2.77685
2.78418
2.77677
2.77677
2.7608
2.77908
2.77189
2.77189
2.7402
2.70077
2.71069
2.77175
2.77175
2.78033
2.78127
2.77578
2.78666
2.77216
2.77436
2.79109
2.7921
2.77859
2.75161
2.75509
2.77487
2.75398
2.75372
2.75372
2.72306
2.74152
2.74202
2.71543
2.74113
2.75491
2.75491
2.72924
2.75201
2.75671
2.72976
2.72513
2.74218
2.77559
2.77559
2.76731
2.76731
2.76731
2.74005
2.73183
2.73443
2.72333
2.73223
2.7584
2.76101
2.73551
2.72303
2.72303
2.73963
2.74084
2.73787
2.73669
2.72229
2.72849
2.6915
2.6915
2.69448
2.74566
2.72997
2.70884
2.73993
2.72533
2.69995
2.72849
2.7171
2.7171
2.73985
2.73816
2.72859
2.72859
2.70615
2.72249
2.7365
2.71623
2.71249
2.71249
2.6998
2.68896
2.68452
2.70865
2.72821
2.67681
2.6896
2.7131
2.72167
2.70904
2.70469
2.71169
2.70527
2.69702
2.69795
2.69893
2.7222
2.72741
2.70019
2.71602
2.72449
2.71593
2.71593
2.69863
2.70154
2.68843
2.68877
2.6853
2.70689
2.70653
2.70495
2.6871
2.68111
2.71816
2.66521
2.68359
2.68359
2.70347
2.6832
2.7037
2.72046
2.68818
2.68818
2.71623
2.70934
2.68896
2.69043
2.69043
2.7079
2.70653
2.70653
2.6637
2.70156
2.71088
2.71567
2.71203
2.69929
2.70695
2.71279
2.69457
2.69457
2.66721
2.70433
2.69551
2.69551
2.66653
2.66146
2.67994
2.69316
2.69208
2.68643
2.69702
2.69663
2.69047
2.67608
2.68759
2.70813
2.67711
2.68657
2.71042
2.71042
2.68037
2.66044
2.69768
2.70672
2.68564
2.65411
2.65543
2.65543
2.67545
2.67959
2.69732
2.6582
2.6582
2.6561
2.67179
2.67028
2.67677
2.67638
2.67306
2.66156
2.65721
2.67145
2.70278
2.67652
2.69506
2.69686
2.69126
2.69126
2.70701
2.70833
2.68769
2.67009
2.67272
2.706
2.63738
2.63738
2.62691
2.67872
2.67872
2.65168
2.66833
2.66639
2.66639
2.64362
2.67867
2.67867
2.70263
2.65825
2.66172
2.66172
2.67906
2.67311
2.62794
2.63511
2.69555
2.70033
2.67208
2.66443
2.68057
2.70544
2.68037
2.64121
2.64121
2.65124
2.65124
2.66716
2.67199
2.65407
2.66356
2.66132
2.66891
2.64472
2.67632
2.67632
2.65674
2.63577
2.64394
2.66945
2.66984
2.65284
2.66794
2.67204
2.68031
2.65328
2.65952
2.66122
2.6601
2.66147
2.66361
2.65517
2.65517
2.66453
2.67603
2.67247
2.66122
2.65957
2.64691
2.64672
2.66755
2.67077
2.64477
2.6323
2.6323
2.64968
2.66916
2.65533
2.65533
2.63247
2.60617
2.59189
2.59189
2.56787
2.65127
2.67496
2.62829
2.60885
2.64865
2.66268
2.62725
2.63852
2.66507
2.65675
2.65017
2.64584
2.66619
2.66619
2.66872
2.6601
2.6601
2.6363
2.63907
2.63907
2.62751
2.62743
2.6403
2.6403
2.62216
2.61084
2.6097
2.6255
2.62064
2.61232
2.61225
2.60548
2.60548
2.61371
2.6191
2.62512
2.63475
2.6314
2.63342
2.63363
2.64438
2.63469
2.63724
2.63762
2.6452
2.64452
2.64452
2.63514
2.64175
2.64803
2.64555
2.62864
2.63898
2.62349
2.61937
2.63063
2.63147
2.57636
2.55467
2.58417
2.59474
2.54531
2.56791
2.62226
2.6295
2.61942
2.65917
2.65917
2.63418
2.59617
2.59617
2.61389
2.64812
2.64652
2.64652
2.63739
2.65085
2.63626
2.59919
2.61291
2.66283
2.64036
2.63418
2.62654
2.64638
2.63914
2.60948
2.5892
2.61816
2.64409
2.66107
2.66107
2.59397
2.60777
2.61322
2.62407
2.62407
2.62902
2.62937
2.64395
2.61823
2.61823
2.61184
2.61798
2.61798
2.62533
2.61158
2.63102
2.64395
2.63511
2.61529
2.63539
2.64089
2.63083
2.60709
2.63446
2.62986
2.56657
2.6419
2.54959
2.54959
2.60378
2.60378
2.60378
2.67358
2.64458
2.61361
2.62258
2.61162
2.59843
2.60913
2.60643
2.58301
2.58064
2.59312
2.59312
2.61522
2.6112
2.58961
2.59465
2.64803
2.68156
2.59765
2.61522
2.64303
2.62099
2.56802
2.63871
2.63871
2.62147
2.61063
2.61063
2.60242
2.6047
2.60538
2.59737
2.60499
2.62991
2.61782
2.57713
2.58435
2.58435
2.59938
2.59918
2.60138
2.60138
2.61202
2.61362
2.60773
2.62904
2.64977
2.62161
2.60587
2.61988
2.61861
2.61861
2.5967
2.59918
2.59945
2.59536
2.58482
2.57009
2.58625
2.61725
2.59669
2.58499
2.60676
2.60921
2.60921
2.59765
2.6355
2.64831
2.6161
2.5774
2.6063
2.58738
2.60299
2.61362
2.6158
2.62445
2.58365
2.57217
2.57217
2.6042
2.60221
2.59945
2.61839
2.63017
2.63017
2.63357
2.594
2.60178
2.63187
2.63186
2.63186
2.61126
2.60748
2.60748
2.6009
2.60838
2.58207
2.58929
2.60355
2.58311
2.59137
2.61673
2.61673
2.60221
2.61085
2.62215
2.62215
2.64099
2.5974
2.55745
2.58178
2.61477
2.61463
2.58773
2.57987
2.57987
2.62473
2.61024
2.59398
2.59659
2.59659
2.63214
2.63214
2.63381
2.57984
2.59723
2.5995
2.58906
2.5735
2.57728
2.57918
2.60163
2.60163
2.60379
2.60025
2.61919
2.61119
2.60733
2.60733
2.596
2.5944
2.60616
2.60616
2.58822
2.55243
2.55243
2.59345
2.59345
2.59849
2.61657
2.68401
2.63177
2.57234
2.60895
2.58615
2.58131
2.60122
2.60122
2.57235
2.57235
2.58202
2.59477
2.59477
2.58412
2.60446
2.58459
2.56827
2.57795
2.57795
2.60343
2.60256
2.60256
2.61358
2.58916
2.59954
2.58756
2.56997
2.57842
2.60363
2.62017
2.57805
2.57805
2.58726
2.58891
2.58851
2.58982
2.58762
2.57938
2.59734
2.5888
2.56864
2.59201
2.62004
2.58241
2.58241
2.59152
2.5682
2.54723
2.54723
2.56237
2.58785
2.57881
2.55149
2.55329
2.57664
2.60945
2.60582
2.58584
2.58584
2.59965
2.61902
2.5607
2.56087
2.59023
2.59023
2.60211
2.59189
2.59189
2.58609
2.58619
2.58619
2.57128
2.54975
2.54313
2.58431
2.57138
2.55507
2.55507
2.58783
2.61111
2.59634
2.58202
2.57594
2.56854
2.57881
2.57615
2.58887
2.61279
2.60923
2.56484
2.53887
2.55423
2.59631
2.62638
2.59691
2.57811
2.60669
2.60632
2.57558
2.56171
2.56294
2.566
2.566
2.57698
2.56598
2.58642
2.56684
2.56684
2.58395
2.57548
2.57548
2.58573
2.57612
2.56748
2.58409
2.5991
2.56686
2.57955
2.58506
2.58457
2.58709
2.59173
2.58198
2.58692
2.60951
2.60414
2.58854
2.55745
2.55745
2.55364
2.58972
2.54485
2.56884
2.56324
2.58733
2.57735
2.58552
2.56122
2.56122
2.56825
2.59788
2.59788
2.59788
2.59946
2.57454
2.57454
2.59317
2.59317
2.56514
2.60157
2.61994
2.58315
2.58315
2.60711
2.55769
2.55769
2.51117
2.59778
2.57042
2.57293
2.57725
2.58064
2.54625
2.5522
2.5522
2.57689
2.5911
2.56154
2.55678
2.58506
2.57328
2.56797
2.57407
2.58916
2.57385
2.56009
2.56245
2.56558
2.56558
2.537
2.56381
2.56381
2.58478
2.57555
2.56964
2.56585
2.57565
2.58496
2.58496
2.54703
2.54703
2.55972
2.54456
2.54381
2.54381
2.56817
2.55091
2.55395
2.56011
2.55263
2.58088
2.61636
2.58188
2.54871
2.55393
2.58514
2.57868
2.53841
2.55641
2.5784
2.57025
2.54578
2.54578
2.57584
2.55659
2.55659
2.57961
2.54779
2.54779
2.55679
2.59006
2.54777
2.55215
2.57631
2.57907
2.57224
2.55962
2.56909
2.56561
2.55535
2.55009
2.55112
2.55612
2.55612
2.57194
2.57861
2.57861
2.54419
2.5732
2.55811
2.56242
2.55014
2.55014
2.58788
2.60056
2.54721
2.53867
2.57423
2.58597
2.58597
2.5539
2.57088
2.5509
2.56331
2.55383
2.56484
2.56438
2.58244
2.58954
2.56203
2.54717
2.54717
2.55466
2.55385
2.5451
2.53291
2.53964
2.56672
2.57858
2.56026
2.52617
2.52643
2.54641
2.54641
2.58312
2.53025
2.58528
2.64168
2.61049
2.57132
2.56223
2.56075
2.56148
2.5739
2.56594
2.55589
2.52305
2.52884
2.55555
2.57582
2.53707
2.52137
2.54491
2.57611
2.54693
2.5298
2.53879
2.57518
2.5822
2.56158
2.56158
2.5743
2.55196
2.54597
2.55405
2.55999
2.57384
2.57384
2.57422
2.51412
2.55353
2.59618
2.54201
2.56535
2.61315
2.61315
2.52394
2.56195
2.59469
2.54133
2.55723
2.55723
2.52737
2.52868
2.56013
2.56013
2.53397
2.53832
2.53832
2.54908
2.54951
2.56452
2.56858
2.53252
2.55784
2.58593
2.58437
2.55745
2.54202
2.57546
2.54637
2.52435
2.50498
2.52554
2.55299
2.53261
2.52289
2.53497
2.59133
2.59143
2.56812
2.54908
2.54908
2.52638
2.53198
2.53198
2.52992
2.52992
2.59053
2.54213
2.51946
2.52116
2.52298
2.54587
2.54755
2.51674
2.5038
2.55063
2.57887
2.55742
2.56391
2.54585
2.54465
2.53433
2.55161
2.5717
2.52658
2.52897
2.55769
2.55769
2.56765
2.57729
2.57729
2.53454
2.52601
2.53285
2.52762
2.52073
2.55516
2.56421
2.53488
2.54073
2.54413
2.55636
2.53505
2.53505
2.56515
2.53628
2.52495
2.52619
2.53708
2.52628
2.52837
2.56917
2.55949
2.54615
2.54615
2.56248
2.54007
2.53893
2.58984
2.57968
2.52177
2.52177
2.53934
2.53535
2.53535
2.54595
2.52637
2.52637
2.53987
2.54177
2.54177
2.54177
2.55795
2.53439
2.53901
2.53223
2.52231
2.52381
2.54605
2.53262
2.53628
2.54462
2.5293
2.50916
2.53628
2.58344
2.57699
2.52881
2.54386
2.5703
2.54445
2.51618
2.52564
2.53292
2.52592
2.53714
2.54844
2.53714
2.53478
2.54396
2.53525
2.53525
2.51322
2.52817
2.54027
2.52031
2.5242
2.56565
2.56903
2.57396
2.55586
2.55586
2.54519
2.48069
2.48069
2.57694
2.5524
2.46859
2.49643
2.54887
2.58645
2.58645
2.52308
2.49993
2.51818
2.51618
2.54494
2.52817
2.52817
2.50098
2.52135
2.52135
2.57374
2.54037
2.52928
2.52928
2.53117
2.52627
2.5054
2.51938
2.5189
2.5189
2.49312
2.50596
2.50596
2.53544
2.54811
2.51954
2.49763
2.50772
2.55134
2.56535
2.52269
2.52431
2.54415
2.54531
2.51522
2.49296
2.50055
2.52949
2.55277
2.56108
2.50985
2.48845
2.53241
2.53241
2.57534
2.51221
2.52463
2.55992
2.51598
2.52921
2.56005
2.55523
2.53129
2.54368
2.51209
2.51539
2.54738
2.53156
2.52677
2.51277
2.53564
2.53289
2.53289
2.54027
2.54073
2.53805
2.54366
2.56045
2.5229
2.52309
2.5414
2.56421
2.56421
2.53044
2.53931
2.53931
2.514
2.52419
2.5313
2.51656
2.52185
2.53665
2.51992
2.50538
2.50408
2.52099
2.51542
2.54083
2.53512
2.53506
2.55267
2.56521
2.56041
2.5429
2.51502
2.46009
2.53781
2.5415
2.49106
2.4839
2.51746
2.51746
2.59415
2.56611
2.52835
2.5082
2.53147
2.52767
2.50835
2.52419
2.52419
2.5218
2.53166
2.53166
2.56273
2.53151
2.48458
2.47579
2.51656
2.54622
2.54442
2.51656
2.52343
2.51436
2.51436
2.52569
2.54917
2.53678
2.5069
2.50441
2.52205
2.52205
2.52243
2.53119
2.55656
2.52183
2.49426
2.51872
2.54273
2.52665
2.52665
2.50843
2.52702
2.51911
2.51911
2.57665
2.53722
2.49331
2.51181
2.53366
2.52223
2.52223
2.5061
2.46258
2.46258
2.50209
2.54369
2.48505
2.4834
2.54622
2.54765
2.49715
2.50598
2.53413
2.54519
2.51807
2.5417
2.5417
2.55296
2.53386
2.51308
2.51308
2.51931
2.50599
2.50176
2.52357
2.52543
2.52582
2.52401
2.48858
2.47364
2.49891
2.52329
2.51354
2.50365
2.5009
2.5009
2.5138
2.52939
2.52939
2.56097
2.55199
2.51539
2.51539
2.52259
2.52259
2.50257
2.49482
2.51616
2.52233
2.5351
2.5351
2.53639
2.53081
2.51054
2.52354
2.54266
2.48602
2.49627
2.53565
2.54784
2.54901
2.53589
2.54458
2.54458
2.54495
2.51136
2.48828
2.49826
2.51855
2.50137
2.49819
2.52393
2.56939
2.51957
2.51957
2.51957
2.51609
2.52516
2.52516
2.54067
2.51837
2.51893
2.52119
2.53536
2.53376
2.52317
2.52564
2.51055
2.51055
2.50885
2.50656
2.49374
2.49702
2.50976
2.53509
2.53971
2.51695
2.51695
2.50441
2.51432
2.52262
2.51516
2.51516
2.52845
2.55389
2.55389
2.52892
2.49054
2.48867
2.53283
2.55323
2.54741
2.51544
2.52158
2.53084
2.52188
2.49548
2.49548
2.53612
2.50267
2.52477
2.54355
2.52487
2.53167
2.53167
2.52262
2.52922
2.52922
2.54279
2.4927
2.51777
2.54216
2.50882
2.51005
2.51095
2.51224
2.50839
2.541
2.50489
2.5415
2.54718
2.51308
2.51724
2.533
2.50253
2.50742
2.5196
2.51203
2.51318
2.49725
2.49344
2.50506
2.50441
2.5061
2.51833
2.51833
2.50221
2.54754
2.50826
2.5653
2.50563
2.50563
2.50563
2.42818
2.42818
2.45005
2.45005
2.45005
2.50202
2.55107
2.52546
2.52546
2.52546
2.49544
2.48289
2.49741
2.54359
2.57207
2.53413
2.53413
2.50779
2.50779
2.51411
2.48712
2.46328
2.50887
2.50887
2.51969
2.51969
2.49434
2.49434
2.48034
2.51961
2.53539
2.53157
2.53157
2.53971
2.52272
2.52272
2.51186
2.51444
2.48068
2.47809
2.50696
2.52197
2.50289
2.53233
2.53233
2.52743
2.52743
2.48854
2.49073
2.49073
2.50885
2.50941
2.50101
2.50101
2.53128
2.50877
2.49554
2.49554
2.50014
2.51458
2.5081
2.50231
2.49133
2.47688
2.53462
2.53462
2.50816
2.49223
2.53347
2.50535
2.46329
2.5601
2.48273
2.4958
2.50046
2.50046
2.49484
2.50526
2.4925
2.49695
2.51899
2.52364
2.52364
2.49243
2.49243
2.48394
2.50257
2.5007
2.51436
2.50636
2.54107
2.53814
2.50818
2.51125
2.51994
2.47633
2.45191
2.4888
2.51882
2.48348
2.4903
2.53402
2.52125
2.56018
2.47832
2.50172
2.5022
2.50522
2.50522
2.47998
2.46414
2.4907
2.54848
2.56616
2.51994
2.49752
2.51278
2.51278
2.48867
2.49034
2.51684
2.51684
2.49338
2.47643
2.5059
2.55618
2.55618
2.51523
2.51523
2.53356
2.53393
2.53393
2.53078
2.50628
2.47581
2.46123
2.49816
2.53329
2.48929
2.49413
2.50515
2.50515
2.52564
2.52484
2.52484
2.50544
2.51099
2.49769
2.50626
2.49629
2.48439
2.49276
2.51781
2.54493
2.52955
2.51186
2.54106
2.54126
2.51421
2.50931
2.49865
2.47258
2.48329
2.51167
2.52023
2.50259
2.4993
2.50042
2.50042
2.51147
2.50828
2.50828
2.5245
2.52995
2.52995
2.49772
2.48182
2.48182
2.53715
2.53771
2.50363
2.50072
2.51079
2.51447
2.51447
2.50971
2.49188
2.5025
2.5143
2.51977
2.48218
2.48218
2.42354
2.18594
2.14123
2.13874
2.05456
2.05456
1.97369
1.93603
1.87947
1.82919
1.77197
1.75821
1.75339
1.73939
1.73648
1.75582
1.73394
1.69525
1.65621
1.59732
1.55093
1.5305
1.5305
1.5419
1.55654
1.54374
1.53025
1.50969
1.4859
1.48247
1.48462
1.48938
1.48938
1.4958
1.5014
1.5014
1.47477
1.426
1.42491
1.43006
1.42803
1.42761
1.42575
1.42575
1.42905
1.41413
1.41111
1.40399
1.40729
1.42083
1.41333
1.42206
1.40787
1.40355
1.40614
1.40713
1.42058
1.42193
1.42151
1.41725
1.41691
1.40457
1.41811
1.40988
1.4275
1.41969
1.4266
1.42021
1.42635
1.42854
1.43464
1.42942
1.41663
1.42793
1.42333
1.42333
1.42454
1.43436
1.42565
1.43479
1.43132
1.43132
1.4322
1.42417
1.42062
1.42723
1.42682
1.43924
1.43569
1.4394
1.42941
1.43629
1.43723
1.43567
1.4309
1.42657
1.42657
1.43279
1.43229
1.44603
1.43767
1.44907
1.43671
1.43645
1.43645
1.44431
1.44751
1.44804
1.44324
1.44223
1.44099
1.44944
1.43431
1.44265
1.44875
1.44202
1.44691
1.43829
1.45099
1.45099
1.45228
1.44359
1.4509
1.4509
1.44423
1.44423
1.44886
1.45237
1.44585
1.45
1.45191
1.45133
1.45133
1.44151
1.45814
1.45071
1.45191
1.46125
1.45595
1.45775
1.45775
1.45648
1.4604
1.46128
1.45353
1.45595
1.45751
1.45532
1.46224
1.45027
1.45788
1.44672
1.44484
1.44484
1.43419
1.4288
1.4438
1.45816
1.45913
1.44343
1.44108
1.45284
1.45839
1.4544
1.45443
1.44004
1.4396
1.44317
1.45152
1.45858
1.46401
1.4544
1.4544
1.44815
1.44663
1.44663
1.45362
1.46119
1.45302
1.45239
1.45239
1.45214
1.46253
1.46075
1.46103
1.46068
1.45926
1.45343
1.45343
1.47017
1.46502
1.46654
1.46654
1.46008
1.45618
1.45955
1.46159
1.46463
1.46555
1.45274
1.46699
1.4652
1.45064
1.46257
1.45761
1.46112
1.46555
1.4665
1.47054
1.46443
1.46329
1.46686
1.47089
1.4668
1.47224
1.4749
1.4749
1.47067
1.47067
1.46005
1.46932
1.46664
1.46899
1.47569
1.47615
1.4657
1.46662
1.47621
1.47135
1.47488
1.46555
1.46504
1.46504
1.47035
1.46818
1.47368
1.47534
1.47359
1.48018
1.48018
1.46728
1.46792
1.46792
1.48014
1.46731
1.47714
1.4791
1.47786
1.47186
1.46809
1.48066
1.4735
1.4735
1.47151
1.46881
1.46285
1.47779
1.47779
1.47186
1.47729
1.48129
1.48129
1.47567
1.47499
1.47499
1.48014
1.47417
1.48464
1.47403
1.4776
1.47471
1.48337
1.48101
1.47079
1.47079
1.47448
1.4866
1.48339
1.47884
1.47968
1.48391
1.48391
1.47646
1.47758
1.47786
1.4693
1.4819
1.47549
1.47378
1.48391
1.48239
1.48239
1.483
1.47786
1.48122
1.49146
1.48008
1.48213
1.48715
1.48719
1.49091
1.48418
1.48563
1.48662
1.48662
1.48727
1.48653
1.49089
1.49089
1.48799
1.48448
1.47595
1.47968
1.48085
1.49289
1.48239
1.48239
1.48101
1.48498
1.48845
1.48129
1.48689
1.49308
1.4861
1.4847
1.48537
1.48992
1.4899
1.48565
1.48565
1.49498
1.48901
1.48918
1.48918
1.48448
1.48599
1.49237
1.49237
1.49271
1.49622
1.49498
1.48799
1.48181
1.48907
1.49433
1.49178
1.49369
1.4899
1.48164
1.49733
1.49204
1.4899
1.49206
1.49689
1.48946
1.48946
1.49161
1.49063
1.48738
1.49669
1.48738
1.48738
1.48844
1.49525
1.49525
1.50195
1.49445
1.4928
1.49072
1.48955
1.49226
1.49479
1.49578
1.48751
1.49579
1.49579
1.50059
1.49236
1.48825
1.49098
1.50033
1.49915
1.49453
1.4904
1.49481
1.49226
1.4899
1.49743
1.49197
1.49197
1.49598
1.49752
1.50031
1.50696
1.49552
1.49262
1.50204
1.50269
1.50441
1.5025
1.49386
1.49386
1.49588
1.49866
1.49605
1.50505
1.49245
1.49633
1.49915
1.49453
1.49886
1.49841
1.49841
1.49917
1.49224
1.49224
1.49535
1.49498
1.50315
1.50705
1.49761
1.49605
1.50232
1.5015
1.4979
1.4979
1.50139
1.50014
1.50014
1.49542
1.49561
1.50031
1.49832
1.49535
1.49524
1.50077
1.50079
1.50313
1.50313
1.50313
1.5037
1.4947
1.49588
1.50033
1.49473
1.50188
1.49417
1.5005
1.49299
1.50803
1.50713
1.50713
1.50006
1.50304
1.50423
1.50252
1.49935
1.50233
1.50042
1.49461
1.49461
1.50488
1.50313
1.50293
1.50293
1.50269
1.50204
1.49841
1.49841
1.50506
1.50233
1.50114
1.50532
1.49988
1.50358
1.49806
1.49977
1.50533
1.50994
1.50994
1.49598
1.50414
1.5025
1.50188
1.50939
1.50368
1.4977
1.50068
1.50932
1.50559
1.50559
1.51432
1.5054
1.51149
1.50568
1.4996
1.50344
1.50813
1.50439
1.50195
1.50195
1.50022
1.50677
1.50677
1.50849
1.50849
1.50767
1.50412
1.50829
1.50741
1.50167
1.5063
1.50904
1.50414
1.51348
1.51703
1.51703
1.5114
1.50905
1.51276
1.5113
1.5113
1.5092
1.50304
1.50304
1.50385
1.50321
1.51175
1.51576
1.50495
1.50385
1.51129
1.50042
1.50947
1.51177
1.50642
1.50104
1.50632
1.50896
1.50334
1.50386
1.5104
1.50313
1.50087
1.51139
1.51904
1.51003
1.50706
1.51466
1.50749
1.51422
1.50331
1.50949
1.5092
1.50559
1.50731
1.51175
1.50594
1.51094
1.50394
1.5134
1.51539
1.5084
1.51111
1.51076
1.50867
1.50795
1.50795
1.51204
1.51204
1.5213
1.50759
1.50087
1.51076
1.51703
1.50196
1.50567
1.51448
1.50803
1.50803
1.51276
1.5134
1.5134
1.51157
1.50458
1.51494
1.51494
1.51049
1.51583
1.50412
1.51757
1.51111
1.51257
1.5114
1.5114
1.51421
1.52011
1.50569
1.51811
1.51811
1.51376
1.5103
1.50632
1.51039
1.50614
1.50968
1.51476
1.51985
1.51448
1.51448
1.51022
1.51048
1.51659
1.51659
1.5183
1.51295
1.51766
1.51357
1.51603
1.51603
1.51821
1.51821
1.5055
1.52202
1.51593
1.51039
1.51222
1.51765
1.52012
1.51666
1.51093
1.51293
1.5092
1.5092
1.51084
1.51259
1.51239
1.51266
1.51266
1.51821
1.51529
1.51058
1.51649
1.51701
1.51984
1.51767
1.52139
1.51684
1.51365
1.51837
1.50821
1.50821
1.51366
1.51111
1.51521
1.51521
1.51521
1.5141
1.5053
1.50857
1.51603
1.51355
1.52011
1.5133
1.51749
1.50505
1.51593
1.51631
1.51631
1.51439
1.51993
1.51347
1.50932
1.52066
1.51174
1.51376
1.51857
1.52248
1.52856
1.53075
1.53075
1.52202
1.51375
1.52702
