-0.00922941
-0.00642163
-0.0039428
-0.00290605
-0.00690837
-0.00662279
-0.0094959
-0.00652225
-0.00520069
-0.00930578
-0.0108475
-0.0108475
-0.0133179
-0.00398461
-0.00534276
-0.00813309
-0.00936939
-0.00680807
-0.0120427
-0.00680807
-0.00797044
-0.00544812
-0.00823277
-0.0106503
-0.0147775
-0.0147775
-0.0093742
-0.00528491
-0.00833578
-0.00542866
-0.0119146
-0.00808011
-0.00811092
-0.00944573
-0.0067077
-0.00816601
-0.00677025
-0.00927498
-0.0108937
-0.0120192
-0.00508026
-0.0108587
-0.00660726
-0.00660726
-0.0132454
-0.0132454
-0.0104059
-0.0104059
-0.00818838
-0.0119171
-0.0119076
-0.00936939
-0.00794385
-0.00921155
-0.0104237
-0.0104237
-0.00381849
-0.00777443
-0.00777443
-0.00522242
-0.00778478
-0.0104875
-0.0106615
-0.00542675
-0.00812933
-0.00924192
-0.00924192
-0.00662279
-0.0105923
-0.00664805
-0.00402338
-0.0105391
-0.0105391
-0.0120937
-0.00924723
-0.00786212
-0.0103479
-0.0132369
-0.00660726
-0.00390053
-0.00792971
-0.0107547
-0.0107547
-0.011857
-0.00931561
-0.00931561
-0.0121511
-0.00803335
-0.00662279
-0.0121172
-0.00664491
-0.00929293
-0.00652866
-0.0132454
-0.0132454
-0.0054654
-0.00520529
-0.00927014
-0.00520313
-0.00135944
-0.00135944
-0.0107721
-0.00945536
-0.0109167
-0.00960828
-0.00552768
-0.00664805
-0.00284499
-0.0132209
-0.010522
-0.0147371
-0.00800291
-0.00684571
-0.00675127
-0.00675127
-0.00807398
-0.00918866
-0.00808452
-0.0093742
-0.0079664
-0.00410226
-0.0120126
-0.0093742
-0.00786648
-0.00800717
-0.0082474
-0.00800717
-0.00681093
-0.00681093
-0.0054461
-0.00672326
-0.00674195
-0.00935151
-0.00546938
-0.00812933
-0.00799269
-0.00784816
-0.00822502
-0.00800291
-0.00550622
-0.00691119
-0.00686765
-0.00686765
-0.00941925
-0.00795201
-0.00552768
-0.00798883
-0.00802955
-0.0105923
-0.0105923
-0.0107316
-0.00540526
-0.0120192
-0.00536657
-0.0118739
-0.0105923
-0.0105923
-0.00794807
-0.00807025
-0.00807025
-0.00931084
-0.00802955
-0.00805182
-0.00941925
-0.00927014
-0.00406535
-0.0119212
-0.00536195
-0.00947335
-0.00534276
-0.0066509
-0.0107141
-0.00797044
-0.00797044
-0.00929293
-0.00684879
-0.00520313
-0.00662914
-0.00652225
-0.00787056
-0.00787056
-0.00946351
-0.00943276
-0.00924192
-0.00414475
-0.00922941
-0.00686765
-0.010691
-0.00941005
-0.0106967
-0.00802955
-0.00552768
-0.0119212
-0.0105109
-0.00807742
-0.00674195
-0.00942792
-0.00692721
-0.00948641
-0.00822904
-0.00957243
-0.00957243
-0.00703033
-0.00701138
-0.00800717
-0.00674845
-0.00692721
-0.00402338
-0.00672954
-0.00961295
-0.00817369
-0.0095498
-0.00808864
-0.00936939
-0.00540736
-0.00540736
-0.00813309
-0.00808864
-0.00921155
-0.0119382
-0.00947784
-0.00544986
-0.0135366
-0.0108587
-0.0106736
-0.00948641
-0.0118739
-0.00811458
-0.0119889
-0.0107547
-0.00921635
-0.00678918
-0.00925699
-0.00684879
-0.00676732
-0.0118262
-0.0118262
-0.00538367
-0.00938723
-0.0120937
-0.00952706
-0.00677025
-0.00939215
-0.00939215
-0.0093742
-0.0108357
-0.0108357
-0.0146807
-0.00807025
-0.00947784
-0.00947784
-0.0107372
-0.0105342
-0.00918339
-0.0131478
-0.00666988
-0.0121611
-0.0067077
-0.0067077
-0.00536657
-0.0119957
-0.00798883
-0.0106443
-0.0067077
-0.00802955
-0.00945536
-0.00811092
-0.00953188
-0.00554901
-0.00943276
-0.00943276
-0.00522242
-0.00788895
-0.00410384
-0.00794385
-0.011972
-0.00679193
-0.0053451
-0.00676732
-0.00676732
-0.00956768
-0.00915293
-0.00915293
-0.00951391
-0.00941005
-0.00935151
-0.00786648
-0.00682691
-0.00674535
-0.00660405
-0.0108532
-0.0108532
-0.0121747
-0.00691119
-0.00668881
-0.00795566
-0.0132774
-0.00930578
-0.00664805
-0.00402194
-0.00406291
-0.00664805
-0.0065372
-0.00786648
-0.0107489
-0.00676732
-0.00670452
-0.00670452
-0.00795201
-0.00795201
-0.0053451
-0.00798883
-0.00935151
-0.00814769
-0.00687055
-0.00812933
-0.00810698
-0.010464
-0.00801115
-0.00812933
-0.00406427
-0.00811092
-0.00938691
-0.0120362
-0.0133728
-0.0133728
-0.00788476
-0.00794807
-0.00662611
-0.00805736
-0.00536657
-0.00658527
-0.00658527
-0.0106503
-0.00814354
-0.00660726
-0.00682988
-0.0107429
-0.00784816
-0.00784816
-0.00922941
-0.00520069
-0.00792559
-0.00916565
-0.0105749
-0.00916565
-0.00518147
-0.0105923
-0.0105923
-0.00925225
-0.00925225
-0.0052826
-0.00410514
-0.0105923
-0.00826966
-0.00406427
-0.00936939
-0.00787056
-0.0133419
-0.00807025
-0.0107547
-0.0107547
-0.00812933
-0.00812933
-0.0119957
-0.00802955
-0.00534276
-0.00804792
-0.00815515
-0.00947335
-0.00396125
-0.00921635
-0.00939215
-0.00804792
-0.00942792
-0.0133913
-0.00703033
-0.00945069
-0.00402194
-0.00931084
-0.0105342
-0.00662914
-0.00810698
-0.00538594
-0.00933358
-0.0106097
-0.00935621
-0.0118333
-0.0118333
-0.0118333
-0.00524166
-0.00921155
-0.00530636
-0.00815157
-0.00945069
-0.00917081
-0.00908926
-0.0105342
-0.00816999
-0.00816999
-0.00416583
-0.00674845
-0.0054869
-0.0107721
-0.00792559
-0.00942792
-0.0029266
-0.0029266
-0.0079664
-0.00552768
-0.00929293
-0.0106677
-0.0106677
-0.00929293
-0.0082953
-0.00940503
-0.00658188
-0.00658188
-0.00678614
-0.00664148
-0.00536657
-0.00656644
-0.00939215
-0.00272202
-0.00918866
-0.00798883
-0.00778478
-0.0105516
-0.00408408
-0.0118164
-0.0118763
-0.0118763
-0.00790729
-0.00790729
-0.00792971
-0.00792971
-0.00645898
-0.00645898
-0.00936429
-0.0120701
-0.00404442
-0.00404442
-0.0104529
-0.00400222
-0.011728
-0.011728
-0.00530423
-0.00770296
-0.0103823
-0.00668574
-0.00808452
-0.00808452
-0.0117655
-0.0117655
-0.0117655
-0.0117655
-0.00649998
-0.00649998
-0.00940503
-0.00925225
-0.00919834
-0.00660726
-0.00920108
-0.00920108
-0.0104529
-0.00400222
-0.00798883
-0.00798883
-0.00790729
-0.00933358
-0.00933358
-0.00672654
-0.0054869
-0.0117687
-0.0064813
-0.0077621
-0.00924192
-0.00680492
-0.00680492
-0.0064813
-0.0053451
-0.0053451
-0.0053451
-0.0053451
-0.0104165
-0.0104165
-0.00924723
-0.00924723
-0.00788029
-0.0078439
-0.0078439
-0.00798468
-0.00794385
-0.00794385
-0.0090076
-0.0105516
-0.0104702
-0.0104702
-0.0104702
-0.0108069
-0.00774388
-0.00940503
-0.007903
-0.00944049
-0.00944049
-0.00921155
-0.00790729
-0.0105342
-0.0105342
-0.0093287
-0.0093287
-0.0103887
-0.00763918
-0.00763918
-0.00763918
-0.0088849
-0.0105628
-0.0105628
-0.00913005
-0.00654094
-0.00792559
-0.00792559
-0.0104983
-0.0065256
-0.00257799
-0.00257874
-0.00778899
-0.00928798
-0.00928798
-0.00928798
-0.00928798
-0.00928798
-0.00928798
-0.0105109
-0.0105109
-0.0105863
-0.0105863
-0.00929293
-0.0118669
-0.00807025
-0.00807025
-0.0143089
-0.0130417
-0.00916565
-0.00538594
-0.00538594
-0.0103479
-0.00270041
-0.00927014
-0.0132445
-0.0132445
-0.0132445
-0.0132445
-0.0132445
-0.0120295
-0.0105923
-0.0105923
-0.0105923
-0.00946857
-0.00946857
-0.00936429
-0.00936429
-0.0120295
-0.010522
-0.0106503
-0.0107022
-0.00919364
-0.0093287
-0.00671969
-0.00671969
0.00293625
0.0124773
0.0334959
0.0334959
0.0672467
0.0890676
0.10741
0.0825243
0.0825243
0.0258212
-0.0538082
-0.0538082
-0.0633159
-0.0240039
0.000209625
-0.00362175
-0.00249133
-0.00648767
-0.00247156
-0.00247156
0.000332358
-0.00782121
-0.00769338
0.00160828
0.00140063
-0.0039501
-0.00376734
-0.00390585
-0.011697
-0.010022
-0.010022
-0.0115061
-0.0101839
-0.0101837
-0.0101837
-0.00772901
-0.00886344
-0.00763698
-0.0101371
-0.0128264
-0.0128264
-0.0141887
-0.0128828
-0.011602
-0.00901809
-0.0103307
-0.00923728
-0.0089053
-0.0116664
-0.0129246
-0.0104088
-0.0105188
-0.0102889
-0.00783787
-0.00783787
-0.00782945
-0.010325
-0.00921162
-0.0106179
-0.0103464
-0.0115147
-0.0117576
-0.0129392
-0.0128974
-0.0128555
-0.0128954
-0.00901809
-0.00901809
-0.00904407
-0.00904407
-0.0103621
-0.0115869
-0.0158175
-0.0127991
-0.0102298
-0.0128119
-0.012839
-0.0167952
-0.0167253
-0.00769479
-0.0117007
-0.00792114
-0.0117274
-0.00777879
-0.0105134
-0.0145096
-0.0169073
-0.0104299
-0.00253748
0.000404965
2.49387e-05
0.000152515
0.000238921
-0.00261563
-0.00261563
-0.00115924
-0.00365744
0.00281774
0.000258746
-0.00213948
0.000234471
-0.00103637
-3.70082e-05
-0.00625953
-0.00115924
-0.00490379
-0.00490379
0.00171696
-0.00632374
-0.00106133
-0.00353667
-0.00374592
-0.0010527
-0.0010527
-0.00234533
-0.00492778
0.000254512
-0.00380152
-0.001214
-0.001214
0.00169511
7.305e-05
-0.00103637
-0.00112021
-0.00367519
-0.00367519
-0.0048845
-0.00619348
-0.0117292
-0.00782941
-0.00646475
-0.00382248
-0.0037461
-0.00519163
-0.00774719
-0.00779473
-0.00771814
-0.00399404
-0.00664781
-0.00516925
-0.00545044
-0.00545044
-0.00527397
-0.00512799
-0.00790626
-0.00654717
-0.00516925
-0.00396911
-0.0091767
-0.0039086
-0.00518804
-0.00249133
-0.00117201
-0.00780618
-0.00255245
-0.00395278
-0.00395278
-0.00508279
-0.00638221
-0.00513857
-0.00629957
6.20905e-05
-0.00370765
-0.003749
-0.0092479
-0.00524806
-0.00540531
-0.00540531
-0.00496267
-0.00516925
-0.00516925
-0.00257215
-0.00638221
-0.00619348
-0.00497712
-0.00238172
-0.00284686
-0.000176661
-0.00149718
-0.00152015
0.000134919
-0.00397716
-0.00522022
-0.00274765
-0.00535032
-0.00519954
-0.00524166
-0.00929522
-0.00514714
-0.00514714
-0.0104817
-0.00385773
-0.00520672
-0.00520672
-0.00520672
-0.00905608
-0.00519598
-0.00668898
-0.00398403
-0.0065727
-0.00900787
-0.00647954
-0.00647954
-0.00633647
-0.00502083
-0.00919549
-0.0117956
-0.00782945
-0.0118108
-0.00915366
-0.0105499
-0.00924967
-0.00394703
-0.00655567
-0.0117726
-0.00635354
-0.00659145
-0.00793439
-0.00371287
-0.00384147
-0.00386722
-0.00531369
-0.00110315
-0.00662736
-0.00399404
-0.00649616
-0.00911219
-0.00633714
-0.00523249
-0.0089323
-0.0089323
-0.00488907
-0.0100388
-0.011376
-0.011376
-0.0142565
-0.0142565
-0.0196021
-0.0184202
-0.0196185
-0.01941
-0.0249011
-0.0249011
-0.0248993
-0.0248993
-0.0262942
-0.027272
-0.028724
-0.045064
-0.0353792
-0.0353792
-0.0284868
-0.0201961
-0.0144711
-0.00754151
-0.00465424
-0.00465424
0.00223502
0.00237243
0.00660264
0.00432754
0.0088414
0.0186298
0.0228269
0.0256292
0.0316309
0.0378419
0.0378419
0.0435485
0.0380002
0.0380002
0.0438756
0.0496142
0.0496142
0.0498567
0.0483511
0.058387
0.060175
0.0589312
0.0661637
0.0603598
0.0703439
0.0703439
0.0664793
0.0650359
0.0678036
0.0726348
0.0695607
0.070996
0.0681973
0.0743907
0.0743907
0.0793545
0.0702677
0.0702677
0.0766885
0.0695031
0.0871874
0.0906752
0.106379
0.116615
0.129106
0.122456
0.124107
0.126363
0.107751
0.107068
0.104163
0.105163
0.102356
0.104348
0.108314
0.107922
0.0990861
0.0946913
0.103455
0.100729
0.100665
0.0946969
0.0961794
0.0900819
0.0944625
0.0958298
0.0963388
0.0875264
0.0902132
0.0902183
0.0872617
0.0950764
0.0917806
0.0890166
0.0998447
0.0878322
0.0888756
0.0888756
0.0872708
0.0872708
0.0872708
0.0904602
0.0874996
0.0847109
0.086323
0.0841373
0.0872259
0.0842979
0.0856812
0.0741116
0.0817487
0.0759546
0.076134
0.0889472
0.107335
0.083432
0.083432
0.0849195
0.0849195
0.0854835
0.0891625
0.0901774
0.0857545
0.0887869
0.0859515
0.0841335
0.0841851
0.0903801
0.0844557
0.0851352
0.0875761
0.0794868
0.0873485
0.0826541
0.08402
0.0851287
0.0823073
0.0855808
0.0855808
0.0855958
0.0841476
0.0841476
0.0826541
0.080678
0.0817565
0.0856789
0.0843824
0.0765232
0.0794445
0.0808284
0.0848216
0.0833231
0.089986
0.0906796
0.0858223
0.085747
0.0832588
0.0846374
0.0863147
0.0896574
0.0789019
0.0811842
0.0811842
0.0825503
0.0871034
0.0808044
0.0824771
0.0824771
0.0873385
0.0843055
0.082661
0.082661
0.0747118
0.0789181
0.0789181
0.0805996
0.0794745
0.0841405
0.0821498
0.0803603
0.0803505
0.0869136
0.0852338
0.0873235
0.0873235
0.0852267
0.0852267
0.0852267
0.0858083
0.0858083
0.0812634
0.0812634
0.089795
0.0808528
0.0886963
0.0857618
0.0823499
0.0796064
0.0796064
0.0807381
0.0807381
0.0882519
0.082363
0.0795345
0.0804619
0.0804619
0.0804619
0.07772
0.07772
0.07772
0.079165
0.0775946
0.0837737
0.0823801
0.0822593
0.0745147
0.0806848
0.0851641
0.0851641
0.0851641
0.0871867
0.0794805
0.0826474
0.0868454
0.0795404
0.0852807
0.0806298
0.0853924
0.07772
0.082527
0.0869672
0.0757725
0.0788122
0.0835963
0.0804211
0.0789336
0.0775545
0.0817759
0.0742787
0.0742787
0.0852743
0.0824771
0.0777451
0.0747074
0.0793265
0.0866516
0.0872854
0.0777663
0.0807509
0.0794145
0.0805582
0.0832564
0.0821685
0.0821685
0.076104
0.0763985
0.0763985
0.0763985
0.0715079
0.079034
0.079034
0.0807456
0.0854905
0.0772556
0.0711212
0.0786075
0.0802543
0.0849437
0.0743153
0.0790995
0.0748918
0.0790851
0.0790796
0.0792411
0.0808586
0.0777802
0.0806242
0.0805784
0.0802895
0.0772139
0.082235
0.0841638
0.0812332
0.082665
0.0836633
0.0819501
0.0777753
0.0853788
0.0788425
0.0725418
0.08226
0.0836938
0.0808586
0.078964
0.0758711
0.0788335
0.0806747
0.0817658
0.0751949
0.0770237
0.0765731
0.0767762
0.0819389
0.0819389
0.0837852
0.0776061
0.0776061
0.0806042
0.0804566
0.0837794
0.0774724
0.0842728
0.0826711
0.0777501
0.0849131
0.0818013
0.0850605
0.0804117
0.0742548
0.0770577
0.0708726
0.0708726
0.084907
0.0767081
0.082277
0.082277
0.0834566
0.0768105
0.0774156
0.0748117
0.0748117
0.0801324
0.0788122
0.0788122
0.0759581
0.0773896
0.0788729
0.078908
0.0760263
0.0828879
0.0860746
0.0846869
0.0830823
0.0754448
0.0771565
0.0834049
0.0834049
0.0786685
0.0774894
0.0744129
0.0744129
0.0725773
0.0754143
0.0835124
0.0835124
0.0833043
0.0771908
0.0812568
0.0812568
0.0781527
0.0811112
0.083246
0.0755795
0.0737377
0.0814857
0.0736541
0.0785998
0.0799705
0.077169
0.0771908
0.0790598
0.0834261
0.0814451
0.0815634
0.0771528
0.0769834
0.0829036
0.0815678
0.0785956
0.0769321
0.0797343
0.0755492
0.076953
0.077863
0.0799223
0.0799223
0.0753198
0.0753198
0.0813393
0.0831647
0.0741877
0.0787337
0.0785424
0.0766681
0.0796885
0.0796885
0.0753142
0.0826937
0.0759055
0.0800925
0.0800925
0.0800925
0.0783207
0.0786075
0.0831232
0.0799658
0.0783512
0.0857546
0.0857546
0.0804619
0.0804619
0.0802286
0.081384
0.0769744
0.0724508
0.0780507
0.0796382
0.0763557
0.0806212
0.0839652
0.0782518
0.0756065
0.0811155
0.0766098
0.0795996
0.0795996
0.0762272
0.0825919
0.0811553
0.079516
0.0812263
0.0843816
0.0795771
0.0825456
0.0813485
0.0843397
0.0856145
0.0811247
0.0762272
0.0808567
0.0781034
0.0781034
0.0810455
0.0780879
0.0751004
0.0751004
0.0794157
0.0793769
0.0763167
0.07635
0.0794006
0.0762272
0.0779553
0.0751614
0.0794624
0.0780199
0.0795689
0.0843913
0.0843913
0.0762551
0.0762551
0.0764783
0.0824552
0.0854546
0.0827398
0.0767116
0.0762859
0.0845967
0.0845967
0.0876253
0.0813003
0.0776355
0.0809451
0.0781257
0.0825303
0.0809182
0.0809182
0.0822303
0.0840628
0.0824243
0.0749087
0.0765397
0.0764783
0.0806177
0.0793325
0.0775994
0.0747786
0.07779
0.07779
0.0823852
0.0823852
0.0823852
0.080773
0.080773
0.080773
0.080487
0.080487
0.080487
0.0783652
0.0798262
0.0798262
0.0798262
0.0874896
0.0874896
0.0752989
0.0789831
0.0789831
0.0732054
0.0732054
0.0854441
0.0854441
0.0746166
0.080425
0.0805151
0.0818935
0.0790172
0.0777984
0.079048
0.083629
0.0810935
0.0806399
0.0781186
0.0790112
0.0771567
0.0794115
0.0797302
0.0824126
0.0824126
0.0746782
0.0804528
0.0818659
0.0808041
0.0808041
0.0850738
0.0808105
0.0790112
0.083629
0.0787549
0.0787549
0.079138
0.079138
0.079138
0.0790112
0.08308
0.08308
0.071319
0.0759624
0.0807701
0.0777257
0.075713
0.0755169
0.0786256
0.0712253
0.0864419
0.0808383
0.0841559
0.0825171
0.0825171
0.0776328
0.0830066
0.0789492
0.0835399
0.0761227
0.0776574
0.0772473
0.0845656
0.0820215
0.0799688
0.0799688
0.0757095
0.0757095
0.0801923
0.0844712
0.0837577
0.080456
0.07635
0.0802235
0.0802263
0.0796401
0.0815582
0.080221
0.080221
0.0790732
0.0790732
0.0789104
0.080351
0.0836019
0.0824201
0.0801952
0.0775661
0.0800311
0.0760609
0.0786256
0.0778544
0.0824861
0.0741737
0.0761556
0.0819903
0.0819903
0.0814952
0.0756493
0.0756493
0.0758406
0.0770241
0.0757112
0.0829688
0.0830692
0.0797047
0.0752044
0.0829002
0.0783054
0.0771471
0.0787268
0.0831038
0.0788535
0.0805213
0.0816938
0.0817967
0.0785636
0.0816688
0.0771191
0.0789464
0.0835667
0.0786211
0.0782388
0.0782388
0.0817906
0.0755204
0.078079
0.078079
0.0825802
0.0817623
0.077564
0.077564
0.0752977
0.0755163
0.0755163
0.0818624
0.0769245
0.081493
0.0797381
0.078588
0.0786211
0.0771832
0.0813071
0.0798008
0.0782635
0.0749823
0.0749823
0.0830002
0.0822534
0.0859382
0.0815317
0.0792738
0.0792738
0.0736071
0.0818248
0.0773497
0.0783987
0.0799662
0.0851008
0.0841403
0.0801248
0.0773735
0.080102
0.0724818
0.0792876
0.0795094
0.0828089
0.0828089
0.0754233
0.0798052
0.0813334
0.0842757
0.0709157
0.0773061
0.0831074
0.0833057
0.0758715
0.0831351
0.0814691
0.0751698
0.0797029
0.0830033
0.0786233
0.0831074
0.078817
0.0757406
0.0845411
0.0753279
0.0825833
0.0817565
0.0830066
0.0723567
0.0748579
0.0775337
0.0754556
0.0881502
0.0761949
0.0725121
0.084412
0.0762287
0.0762287
0.0766129
0.0843671
0.0783638
0.0783638
0.0783951
0.0784924
0.0767372
0.0797047
0.0844784
0.0844784
0.0803225
0.0786878
0.0786878
0.0753922
0.0754556
0.0801585
0.0754857
0.0811047
0.0811047
0.0751383
0.07539
0.07539
0.0797344
0.0766096
0.0811697
0.0755812
0.078204
0.0752642
0.0767357
0.0739513
0.0739513
0.0739513
0.0795755
0.0795755
0.0785835
0.0799597
0.0829659
0.0829659
0.079899
0.0740459
0.0823743
0.0790909
0.0737321
0.0737321
0.0814977
0.0767357
0.0737019
0.0778849
0.0873096
0.0794795
0.0800311
0.0723884
0.0765133
0.0752647
0.0767045
0.0767357
0.0792531
0.0748872
0.0748872
0.0764487
0.0779818
0.0780105
0.0780105
0.0748872
0.0735136
0.0752368
0.0752977
0.0689528
0.0689528
0.0749493
0.0823445
0.0823445
0.0823109
0.0759102
0.0759102
0.0855071
0.0795755
0.079286
0.0765458
0.0811426
0.0797091
0.0811697
0.0811697
0.0809433
0.0813986
0.071641
0.0853743
0.0739535
0.0739535
0.0739535
0.0739535
0.0739535
0.0761027
0.0675464
0.0799951
0.0840055
0.0804913
0.08065
0.08065
0.08065
0.0737958
0.0810398
0.0752044
0.0804281
0.0837446
0.0706066
0.0749497
0.0847405
0.0794765
0.064873
0.064873
0.0779134
0.08617
0.0767045
0.0767045
0.0751399
0.0751399
0.0708845
0.0749815
0.0746044
0.076259
0.0854407
0.0719211
0.0806243
0.0783012
0.0749523
0.0707
0.0732318
0.0761975
0.0761975
0.0808926
0.0840772
0.0812706
0.0792231
0.0769912
0.0768979
0.0768979
0.0768979
0.0768979
0.0763538
0.0796467
0.0796467
0.076805
0.0767045
0.078204
0.078204
0.0825747
0.0796108
0.0736717
0.0720766
0.0737038
0.0750805
0.0706061
0.0706061
0.073608
0.0762897
0.0758474
0.0776973
0.0732631
0.0720447
0.0750466
0.0706684
0.0737019
0.0782388
0.0782388
0.076679
0.0793251
0.0718276
0.0718276
0.0740501
0.0740501
0.0735769
0.0735769
0.0733575
0.0750455
0.0750455
0.0766769
0.0766439
0.0751734
0.073764
0.0732943
0.0687971
0.0732654
0.0702046
0.0762626
0.0705756
0.0731707
0.0720451
0.0768669
0.0782432
0.0735452
0.0690431
0.0740178
0.0740178
0.0740178
0.0740178
0.0780167
0.0780167
0.0735469
0.0733882
0.0733882
0.0846114
0.0752044
0.0752044
0.0747016
0.0782409
0.0732631
0.0778258
0.0753948
0.0720758
0.0723258
0.0746674
0.077313
0.0778551
0.078237
0.0703895
0.0703895
0.0704205
0.0766407
0.0766407
0.0750777
0.0738897
0.0717649
0.0717649
0.0749523
0.0721694
0.0732638
0.0765473
0.078046
0.0765819
0.0780522
0.0755514
0.0732988
0.0781812
0.0722025
0.0752403
0.071703
0.0713928
0.0796421
0.0746981
0.0751399
0.0721423
0.0733893
0.0733893
0.0763249
0.0736708
0.0748248
0.0763249
0.0718272
0.0763611
0.0763611
0.0760704
0.0787812
0.0779212
0.076549
0.0722651
0.0661917
0.0716726
0.0716726
0.0716103
0.0787213
0.0769691
0.071984
0.0698038
0.0728572
0.0778551
0.0765223
0.0765473
0.0735469
0.067603
0.0751479
0.0751479
0.0732645
0.0719832
0.0719832
0.0719832
0.071827
0.071827
0.0748934
0.0748934
0.070297
0.070297
0.0717649
0.0709278
0.0758174
0.0791645
0.0736099
0.0780188
0.0720457
0.0739226
0.0675719
0.0735149
0.0748917
0.076779
0.0740865
0.0718599
0.0661311
0.0707305
0.0752075
0.0736398
0.0736398
0.0736398
0.0703589
0.0719832
0.0676942
0.0702661
0.0750822
0.0752075
0.0752075
0.0720148
0.0721707
0.072141
0.0748283
0.0748283
0.0736099
0.0723905
0.0723905
0.0740844
0.0679696
0.0679696
0.0706394
0.0703901
0.0783414
0.0736398
0.0719209
0.0707654
0.0693507
0.0722641
0.0718292
0.0736088
0.0722025
0.0690129
0.0735838
0.0646267
0.0705141
0.0705149
0.0745109
0.0745109
0.0687357
0.0752472
0.0718895
0.0689816
0.0751787
0.0719832
0.0707921
0.066313
0.0723598
0.0723598
0.0676637
0.067725
0.067725
0.0662519
0.0675115
0.0692905
0.0726742
0.0630644
0.0676033
0.0692277
0.0659481
0.0702968
0.0657061
0.0706061
0.0648987
0.0732358
0.0674802
0.0674802
0.0662824
0.0721117
0.0722067
0.0721103
0.0629733
0.0673884
0.064567
0.0705756
0.0708263
0.0691052
0.0693516
0.0678788
0.0723291
0.0663126
0.0663126
0.0630028
0.0617991
0.0647797
0.0677248
0.0706711
0.0632473
0.0691991
0.0647475
0.0672968
0.0675415
0.0690129
0.0625269
0.0675106
0.0675106
0.0675106
0.0704205
0.0702359
0.0713233
0.0694434
0.0694434
0.070764
0.0707945
0.0676024
0.0676024
0.0644154
0.070516
0.0645357
0.066252
0.0703294
0.0657659
0.0723002
0.064566
0.0661908
0.0616187
0.0676951
0.0648684
0.0658564
0.0658564
0.067144
0.0704222
0.070145
0.070145
0.0626141
0.0689206
0.0734267
0.0630325
0.0719236
0.0688595
0.0648685
0.0693243
0.0674806
0.0705796
0.0693838
0.0676951
0.0660692
0.0693516
0.0665575
0.0665575
0.0675718
0.0689206
0.0664049
0.0648684
0.0643255
0.0674189
0.0674189
0.0674495
0.0690435
0.0644154
0.0646869
0.059703
0.059703
0.0598765
0.0644757
0.063093
0.0702377
0.0646868
0.0658868
0.0657659
0.0673885
0.0707305
0.0705783
0.0645056
0.0663734
0.0677565
0.0675412
0.0675412
0.0692287
0.0691991
0.0659782
0.0658868
0.067819
0.0645659
0.0608156
0.0608156
0.0656457
0.0707017
0.0707017
0.0631266
0.0615329
0.0672662
0.0672662
0.0641432
0.0642647
0.0677553
0.0695091
0.0599655
0.0597299
0.0671751
0.0615907
0.0687368
0.0640285
0.0658585
0.0676945
0.0678202
0.063062
0.0614697
0.0707335
0.0694183
0.0676641
0.0609369
0.0609369
0.0609369
0.0673273
0.0630325
0.0599655
0.0642941
0.0645068
0.0645055
0.0601136
0.0615314
0.065978
0.0676041
0.0612628
0.0612628
0.0627628
0.0630924
0.0689831
0.0632128
0.0632128
0.0645965
0.0599945
0.0659173
0.0643846
0.0642945
0.0615291
0.0628825
0.0657959
0.0624917
0.0624917
0.0643846
0.0601121
0.0601121
0.0627615
0.0644154
0.0642641
0.0628516
0.0671767
0.0645357
0.0627931
0.0642647
0.0642647
0.0642647
0.0663433
0.0659477
0.0659477
0.0627941
0.0582284
0.0578539
0.0578539
0.0665051
0.0705172
0.0663446
0.0613208
0.0642343
0.0603802
0.0673289
0.0658265
0.0617672
0.0676344
0.0615584
0.0586692
0.0633026
0.0648386
0.0648386
0.0633326
0.0601738
0.0601738
0.0644753
0.0616481
0.0584921
0.0584607
0.0632424
0.0619163
0.0629118
0.0627628
0.0597617
0.0612604
0.0628825
0.0627919
0.0583187
0.0599355
0.0599355
0.0569305
0.0627031
0.0656439
0.0612897
0.0657964
0.0617076
0.062882
0.0660695
0.0660998
0.0648079
0.0613198
0.0601415
0.0616172
0.0662217
0.0662217
0.0585206
0.0602611
0.0632724
0.0647777
0.0599667
0.0598755
0.0629419
0.0629419
0.0660996
0.0584036
0.0612356
0.0623815
0.0625218
0.0674206
0.0576195
0.0577585
0.0686783
0.0631221
0.0597887
0.0648386
0.064537
0.064537
0.0615278
0.0639925
0.0598455
0.0675133
0.06607
0.06607
0.0679403
0.0589305
0.0553339
0.0584036
0.061143
0.0613801
0.0571628
0.0643847
0.0661002
0.0632123
0.0600245
0.0566689
0.0607886
0.0640826
0.0640826
0.0633928
0.0601148
0.0627954
0.0627326
0.0655831
0.0643544
0.0643544
0.0643242
0.0555682
0.0599931
0.0584022
0.0584022
0.0640224
0.0593474
0.0689853
0.06111
0.0612615
0.063032
0.063092
0.0614094
0.0674509
0.0630921
0.0617968
0.0584921
0.0626721
0.0617071
0.0598765
0.0624065
0.0587278
0.0579093
0.059055
0.0612296
0.0612296
0.0612296
0.0594929
0.0602306
0.0602306
0.0645357
0.0645357
0.059433
0.0657964
0.0596997
0.0639026
0.0563477
0.0656135
0.0656135
0.0644752
0.0596095
0.0593457
0.0615578
0.0615578
0.0559734
0.0551928
0.0599055
0.063273
0.0611408
0.0621949
0.060023
0.060023
0.060023
0.0584321
0.0584321
0.0598175
0.0612011
0.0554849
0.0567869
0.0642035
0.0602012
0.0657662
0.0592854
0.0583489
0.0583489
0.061351
0.0611116
0.0611116
0.06135
0.0616489
0.0630321
0.0630627
0.0605279
0.0558011
0.0587264
0.0659184
0.0570719
0.0599655
0.0599655
0.0656439
0.0627954
0.0585239
0.0612325
0.0563804
0.0624938
0.0600875
0.0598792
0.0627031
0.0612022
0.0616174
0.0614094
0.0614094
0.0645054
0.0587828
0.0587239
0.054006
0.063933
0.0655831
0.0625223
0.0581382
0.0615291
0.0614678
0.0583436
0.0583436
0.062437
0.0640244
0.0582284
0.0624017
0.0624017
0.0673578
0.0643244
0.063062
0.0615278
0.05814
0.0596997
0.0690135
0.0645058
0.0600529
0.0613191
0.0613191
0.0551353
0.0582567
0.0582567
0.0608459
0.0655529
0.0581683
0.0640228
0.0612615
0.0601161
0.0601161
0.0643244
0.0627617
0.0627617
0.0633329
0.060291
0.0612906
0.0608779
0.0671135
0.0671135
0.0688299
0.0608172
0.0581099
0.0581099
0.060291
0.0597875
0.0567547
0.0567547
0.0625526
0.0614682
0.0616769
0.0585473
0.0579915
0.0644452
0.0628226
0.0609327
0.0594345
0.0595506
0.0655224
0.0597012
0.0597012
0.0582538
0.0568447
0.0553675
0.0554827
0.0596685
0.0581667
0.0639017
0.0552761
0.0552761
0.0642945
0.0577606
0.0577606
0.0605779
0.0629121
0.0629121
0.0582267
0.060142
0.0575391
0.0592559
0.0549387
0.0658568
0.062372
0.0565753
0.0646571
0.0646571
0.050967
0.0595251
0.0594631
0.0566051
0.0566051
0.0609629
0.0627916
0.0611107
0.0580484
0.059552
0.059552
0.059552
0.0598156
0.0625815
0.0582551
0.0566948
0.0551033
0.0579615
0.0520104
0.0596385
0.0584878
0.0599928
0.0565455
0.0594597
0.0626717
0.0580215
0.0624917
0.0566334
0.0554273
0.0594017
0.0598747
0.0626416
0.0612291
0.0615278
0.0523238
0.0523238
0.0550205
0.0582252
0.0579615
0.0579615
0.0563778
0.0613198
0.0626416
0.0626416
0.062313
0.0593742
0.0565233
0.0595795
0.0601427
0.0550756
0.0550756
0.055598
0.0589012
0.058429
0.0534061
0.0565233
0.0614094
0.0601136
0.0616187
0.0616187
0.0583137
0.0583137
0.0537503
0.0549906
0.0592889
0.0608459
0.0612906
0.0501835
0.064143
0.064143
0.0613483
0.0614983
0.0583423
0.0567827
0.0551104
0.0564632
0.0564632
0.0609629
0.0586378
0.0586378
0.0556299
0.0565559
0.0590831
0.0596123
0.0645357
0.0659204
0.0551377
0.0593457
0.0630323
0.0596376
0.0596376
0.0532299
0.0549658
0.0564983
0.0594029
0.0566668
0.0594932
0.0595807
0.0580516
0.0594029
0.0581083
0.0579016
0.0579016
0.0585194
0.0578148
0.0579933
0.0583736
0.0596668
0.0566368
0.0579615
0.0553636
0.0583469
0.062943
0.0522719
0.056817
0.061172
0.064415
0.064415
0.055448
0.0563454
0.0563832
0.0593729
0.0626749
0.0575952
0.0624065
0.0550231
0.0537532
0.0638425
0.0581967
0.0516515
0.0516515
0.0567528
0.0567528
0.0584607
0.0584607
0.0583752
0.0598792
0.0598792
0.0540708
0.0598476
0.0581118
0.0581118
0.0599937
0.0567229
0.0568147
0.0568147
0.0494064
0.0577606
0.0576562
0.0580535
0.0548515
0.056238
0.0613801
0.056935
0.0517196
0.0566438
0.0566438
0.0582851
0.0523343
0.0564681
0.0568426
0.0596696
0.0553424
0.0505444
0.0547914
0.0552226
0.0522422
0.05339
0.0551104
0.0551104
0.0563502
0.0562625
0.0551928
0.0551928
0.0595786
0.0583451
0.0523582
0.0535497
0.0567528
0.0567794
0.0567794
0.0505001
0.0505001
0.0476602
0.0564983
0.0548546
0.0548546
0.0507531
0.0507916
0.0533526
0.0533526
0.055026
0.0568689
0.0573957
0.0573957
0.053466
0.0551705
0.05383
0.0551104
0.0547373
0.0521985
0.0508612
0.0539033
0.0548515
0.0548515
0.0599065
0.0582567
0.0534361
0.0582303
0.0521685
0.0548486
0.0519661
0.0580783
0.0562625
0.0551078
0.0598204
0.0566968
0.0608445
0.0608445
0.0550756
0.0522182
0.0491619
0.0580837
0.0624938
0.0520523
0.0520523
0.0551629
0.0492134
0.0492134
0.0549033
0.0521053
0.0521053
0.0536039
0.0519099
0.0519099
0.0599065
0.0540315
0.053206
0.0549631
0.0583993
0.0490394
0.0490394
0.0488987
0.0521086
0.0502841
0.0548712
0.0521263
0.0535528
0.0566069
0.0478173
0.056632
0.056632
0.0488136
0.0488136
0.0546417
0.0517308
0.056438
0.0593457
0.0576101
0.0550438
0.0596711
0.0547914
0.0515918
0.0486601
0.060992
0.060992
0.059815
0.0547072
0.0585467
0.0541424
0.0524124
0.0524124
0.0505085
0.0488656
0.0520457
0.0507391
0.0522779
0.0516778
0.053266
0.053266
0.0565789
0.0581382
0.0548245
0.0530361
0.0562877
0.055042
0.055042
0.0545931
0.0522513
0.0567511
0.0569568
0.0505444
0.0505444
0.0567229
0.0532627
0.0506337
0.0518765
0.0505411
0.0598755
0.0598755
0.0492134
0.0530436
0.0492916
0.0566617
0.0517154
0.0539488
0.0478173
0.0478173
0.0532627
0.0553636
0.0538916
0.0518733
0.046053
0.046053
0.0528931
0.053206
0.0578187
0.0578187
0.05462
0.0489579
0.0489579
0.0551404
0.0520457
0.0568972
0.0477364
0.0518467
0.052245
0.0523199
0.0504523
0.0549308
0.0577513
0.0493803
0.0474361
0.0514832
0.0482104
0.054846
0.0565471
0.0531163
0.0504258
0.0521885
0.0521885
0.0536821
0.0475927
0.0474749
0.0474749
0.0456593
0.051698
0.051698
0.0500084
0.0503698
0.0511311
0.0507925
0.0501199
0.0501199
0.0517676
0.0549862
0.0518407
0.0515954
0.0485069
0.0549547
0.0478725
0.0533981
0.0505708
0.0504228
0.0473979
0.0503731
0.0478657
0.0493246
0.0471232
0.0472879
0.0581355
0.0581355
0.0518703
0.0461997
0.0461997
0.0470684
0.0487249
0.0530836
0.0530836
0.0515883
0.0505942
0.0488656
0.0474274
0.0521351
0.0506004
0.0472838
0.0520191
0.0520191
0.0520191
0.0475504
0.0458519
0.0502651
0.0533762
0.0472718
0.0472718
0.0535469
0.0518733
0.0523556
0.0523556
0.0519196
0.0500681
0.0504291
0.0511121
0.0521885
0.0488136
0.0488136
0.0502875
0.051811
0.051811
0.0518676
0.0485623
0.0458174
0.0458174
0.0491579
0.0519031
0.0519031
0.0475854
0.0532896
0.0475927
0.0487959
0.049927
0.049927
0.0518407
0.0516447
0.0501163
0.0549631
0.0501238
0.0529163
0.0504291
0.052467
0.0488951
0.048847
0.0445247
0.0491737
0.0426167
0.0426167
0.0549308
0.0501163
0.0501795
0.0507422
0.048784
0.0518501
0.0516778
0.0550205
0.0503469
0.0503469
0.0471278
0.0503962
0.0457289
0.0516416
0.0532841
0.0525556
0.0445498
0.0508488
0.0446962
0.0446962
0.0410405
0.0513454
0.0513454
0.0465807
0.0517975
0.043554
0.043554
0.0521263
0.0540298
0.0540298
0.047178
0.04562
0.0442634
0.0516684
0.0548712
0.0502353
0.0502353
0.0471873
0.0471189
0.0471189
0.0463898
0.049069
0.0470684
0.0470684
0.0472288
0.0456406
0.0486258
0.0517574
0.0515852
0.0515852
0.04844
0.0528239
0.0528239
0.0624615
0.0488395
0.0500605
0.0500605
0.050113
0.0551294
0.0536859
0.0410879
0.0471698
0.044362
0.044362
0.047457
0.0497521
0.0501238
0.0562539
0.0504469
0.0473979
0.0473979
0.0439647
0.0502515
0.0502515
0.0502755
0.0502755
0.0545028
0.0505352
0.043911
0.0485453
0.0475889
0.0489475
0.047402
0.05042
0.0441018
0.0534093
0.0506862
0.0505182
0.0517308
0.0473094
0.0473094
0.0488691
0.0488691
0.0548186
0.0521617
0.0474064
0.0548098
0.0505147
0.0516253
0.0459903
0.0492728
0.0473979
0.0473979
0.0487285
0.0489247
0.0489247
0.0485752
0.0501757
0.048847
0.048847
0.0504291
0.0488728
0.0500383
0.047242
0.0499569
0.0499569
0.0454273
0.048847
0.0473471
0.0489213
0.0476408
0.05068
0.0565415
0.04881
0.0453484
0.047986
0.0533684
0.047178
0.0451729
0.0513337
0.0534331
0.0534331
0.0506704
0.05068
0.0470344
0.0409406
0.0533411
0.0472922
0.0473365
0.0484517
0.0488136
0.0517518
0.0503933
0.0503933
0.0492296
0.0426167
0.046567
0.046567
0.0515555
0.0506829
0.049047
0.0548486
0.0457136
0.0501394
0.0501394
0.05297
0.0502841
0.0502841
0.0412639
0.0426922
0.0426274
0.0426274
0.0469753
0.0545545
0.050479
0.0490064
0.0441314
0.0485453
0.0520428
0.0500605
0.0500605
0.0469886
0.0456247
0.0503106
0.0503106
0.0433457
0.0470598
0.0424323
0.051811
0.0460062
0.0460062
0.0486769
0.0441018
0.0467326
0.0467326
0.0517042
0.0502019
0.043756
0.0499013
0.0491768
0.0457246
0.0457246
0.048673
0.0519834
0.0491322
0.045763
0.045763
0.0488918
0.0506209
0.0457835
0.0456543
0.0441456
0.0454817
0.0514461
0.0485584
0.0472763
0.0474491
0.0486954
0.0410698
0.0497223
0.0467212
0.0515321
0.0504258
0.0486435
0.0441456
0.0441456
0.0472274
0.048588
0.0503962
0.0503962
0.0520131
0.0415825
0.0470558
0.0470558
0.0458424
0.0458424
0.0516416
0.050146
0.0487877
0.0533138
0.0533138
0.0547839
0.04445
0.0428413
0.0500047
0.0455656
0.0472879
0.0459112
0.049927
0.0474749
0.0536839
0.0489213
0.0489213
0.0445751
0.0430757
0.0430757
0.0400035
0.0485155
0.0452751
0.050098
0.047242
0.0482906
0.0489283
0.0507362
0.0476222
0.0396528
0.0396528
0.04562
0.0516149
0.0487545
0.0502281
0.0454434
0.0427825
0.0440823
0.0473351
0.0486139
0.0459727
0.0457039
0.0500834
0.0502055
0.0456
0.0453435
0.0483115
0.0514197
0.0470136
0.0473939
0.050222
0.0488214
0.0488214
0.0484814
0.0411995
0.0471189
0.0471189
0.0426996
0.0475337
0.0428805
0.0428805
0.0485549
0.0436211
0.0454273
0.0415532
0.0506238
0.048784
0.0471484
0.0472838
0.0442584
0.0485663
0.0481418
0.0481418
0.0471443
0.0485663
0.047166
0.0471366
0.0512086
0.0486139
0.0487216
0.0472799
0.0412715
0.0516416
0.0411228
0.046756
0.0484181
0.0519513
0.0470303
0.0455861
0.0487323
0.0467856
0.0484773
0.0502545
0.0439298
0.0489508
0.0456406
0.0485584
0.050146
0.050281
0.0455656
0.045645
0.0472288
0.0440427
0.0471109
0.0424084
0.0439593
0.0484261
0.049923
0.0455022
0.0457926
0.0439647
0.0424379
0.0491474
0.048588
0.0475792
0.0468199
0.0468199
0.0468199
0.0468199
0.0468199
0.0389223
0.0449459
0.0449459
0.0499388
0.0503612
0.0503612
0.0500243
0.0500243
0.0437981
0.049927
0.0529673
0.0548941
0.0491637
0.0415095
0.044078
0.0429728
0.0429728
0.0411228
0.043774
0.0512514
0.0530297
0.0530297
0.0501426
0.0501426
0.0501426
0.0526715
0.0483667
0.050222
0.0501925
0.0501722
0.0487545
0.0472799
0.0454477
0.0454477
0.0483923
0.0484144
0.0497604
0.0495516
0.0471738
0.0470853
0.0454728
0.0454728
0.0454728
0.0454728
0.0486216
0.048274
0.049975
0.049975
0.048588
0.0513568
0.0482266
0.0482266
0.0455022
0.0423441
0.0408466
0.0408466
0.048666
0.0457584
0.0440671
0.0437927
0.049675
0.0512215
0.044175
0.044175
0.0453435
0.0482012
0.0482012
0.0467308
0.0423141
0.050763
0.0531108
0.0457879
0.044048
0.044048
0.0440776
0.0498895
0.049705
0.049705
0.0453188
0.0488432
0.0438029
0.042184
0.042184
0.0439004
0.0470387
0.0455754
0.050225
0.0456
0.0458719
0.0444955
0.04583
0.0471825
0.0410349
0.0434304
0.0434531
0.0434531
0.0499156
0.0451808
0.0466378
0.0457039
0.0484144
0.0430465
0.0408584
0.0484517
0.0423019
0.0423019
0.0454569
0.0466716
0.0507145
0.049804
0.047508
0.0487185
0.0409346
0.0348704
0.0439248
0.0439248
0.045179
0.0449757
0.0409996
0.0468065
0.0483667
0.0451859
0.0451859
0.0471992
0.0461116
0.0468107
0.0468107
0.0459982
0.0457584
0.0457584
0.0457835
0.0425266
0.0406839
0.0449888
0.0514725
0.0517249
0.0451216
0.0408996
0.0440868
0.0483331
0.0426274
0.0486399
0.0409472
0.0392381
0.0439837
0.0481929
0.0453978
0.0511286
0.0435302
0.0467308
0.0426703
0.0475043
0.0395592
0.0411942
0.0412911
0.0381872
0.0439448
0.039454
0.0420187
0.0420187
0.0481715
0.0482187
0.0485919
0.0437981
0.0406708
0.0483667
0.0483667
0.0485326
0.0452596
0.0438518
0.0454728
0.0379202
0.0379202
0.0421734
0.0451266
0.0451266
0.0487581
0.0488951
0.0438954
0.0425979
0.0471738
0.0426167
0.0410463
0.0410463
0.0425632
0.0409406
0.047166
0.0470303
0.042107
0.0423632
0.0423632
0.0308474
0.0248889
0.025133
0.0189634
0.0140361
0.0135794
0.00767717
0.00741949
0.00266003
0.00975489
0.00230732
0.00544403
0.00688706
0.00834347
0.00802813
0.0138653
0.0138653
0.0130825
0.0100969
0.0169568
0.0169568
0.0185107
0.019869
0.0197621
0.0184003
0.0156284
0.0238474
0.0262901
0.0225179
0.0249608
0.0252482
0.0265246
0.0265516
0.0249685
0.0249685
0.0276718
0.0317583
0.024581
0.0245402
0.0315956
0.0301085
0.0301085
0.0317011
0.0287247
0.0247453
0.0271623
0.027378
0.027378
0.027647
0.0245655
0.0303742
0.0286765
0.0329619
0.0259481
0.0271912
0.030348
0.0302838
0.0317363
0.0258531
0.0313633
0.0287922
0.0286223
0.0286223
0.0275884
0.0233457
0.0290337
0.0245655
0.0286001
0.0286987
0.0317154
0.0259129
0.0285397
0.0287338
0.0315812
0.0315812
0.0301364
0.0258935
0.0258935
0.0286805
0.0313839
0.0313839
0.0284123
0.0287338
0.0329338
0.0270979
0.0258181
0.0274773
0.028581
0.027337
0.030185
0.030185
0.0316587
0.0260285
0.0285522
0.0302409
0.0289863
0.0289696
0.028858
0.0302068
0.030348
0.0272962
0.0304446
0.0275125
0.0275125
0.0301716
0.0231621
0.0343868
0.0275069
0.0302201
0.0329619
0.0275828
0.0275884
0.0233368
0.0317222
0.0332955
0.0345992
0.023525
0.023525
0.0332743
0.0288166
0.0315812
0.0315812
0.0274773
0.0303256
0.0247204
0.0260336
0.0302003
0.0276588
0.0276588
0.0220149
0.0304667
0.0304667
0.0303256
0.0345637
0.0275591
0.0261793
0.0318705
0.0332537
0.0304314
0.0304314
0.0289098
0.0359749
0.0318216
0.0260389
0.0261952
0.027244
0.0331479
0.0249255
0.0303323
0.0301431
0.0344654
0.027384
0.027384
0.0343988
0.0303417
0.0300946
0.0332462
0.0331681
0.0286161
0.0315812
0.0318705
0.0346069
0.0347015
0.0304604
0.0345992
0.0355084
0.0330826
0.0287569
0.028922
0.0331534
0.0302134
0.0302134
0.0317576
0.0331393
0.0331393
0.0304604
0.0288746
0.0288746
0.0330968
0.0330968
0.0304667
0.0291454
0.0262951
0.0263201
0.0318705
0.0343839
0.0304379
0.0289158
0.0291868
0.0275476
0.0275476
0.0272962
0.0289098
0.0317222
0.0246005
0.028922
0.0248061
0.0331534
0.0289571
0.0316447
0.0304732
0.0304314
0.0301919
0.0272904
0.0260148
0.0318352
0.0302486
0.0274662
0.0247103
0.0291102
0.0305438
0.0346856
0.0276533
0.0315389
0.0315389
0.028823
0.0317292
0.0276702
0.030425
0.0304667
0.028922
0.0304446
0.0303742
0.0288166
0.0318492
0.0342571
0.0315741
0.0303675
0.0287752
0.0304798
0.027489
0.027489
0.0288517
0.0320045
0.0320045
0.0262302
0.0303897
0.0319974
0.0301012
0.0305636
0.030353
0.030353
0.0263112
0.0272611
0.0345603
0.0303323
0.0331327
0.0217156
0.028922
0.0272962
0.0316378
0.0316378
0.0330974
0.0317645
0.0288517
0.0289158
0.0317716
0.0317011
0.0303811
0.0302201
0.0302201
0.0247503
0.0318068
0.0318068
0.029075
0.0289761
0.0303391
0.0262819
0.0287815
0.0263057
0.0290111
0.0291394
0.0348671
0.0348671
0.0291102
0.026109
0.0333319
0.0333319
0.0303544
0.0319702
0.0319702
0.0279278
0.0304027
0.0333319
0.0331635
0.0346038
0.0262599
0.0289985
0.0277292
0.027536
0.027536
0.0305285
0.0331635
0.034639
0.0274422
0.0305988
0.0346581
0.0305569
0.0320045
0.0277581
0.0263112
0.0304865
0.0292634
0.0292634
0.0317509
0.0290526
0.0316308
0.0316308
0.0291868
0.0290047
0.0290813
0.0320751
0.0347643
0.0306408
0.0306408
0.0319062
0.0318988
0.0305438
0.0291041
0.0291102
0.027489
0.0317787
0.0318139
0.0292282
0.0304865
0.0375381
0.0305285
0.0304582
0.0304582
0.0304379
0.0291994
0.0289571
0.0289571
0.0304865
0.0303601
0.0304933
0.0291931
0.0302421
0.0363174
0.0278282
0.0291516
0.0334101
0.0277814
0.0333524
0.0277872
0.0331479
0.0278282
0.0248952
0.0320681
0.0261952
0.0291228
0.027682
0.033267
0.0319198
0.0319198
0.0321247
0.0262248
0.0333472
0.0291516
0.0318916
0.0318916
0.0277701
0.0304446
0.0304446
0.0318068
0.0320542
0.0362919
0.0292573
0.0292573
0.0346661
0.0293049
0.0318916
0.0292059
0.033289
0.033289
0.0334101
0.0306477
0.0305353
0.0291228
0.0263354
0.0363261
0.0289923
0.0277872
0.0318636
0.0292282
0.0250658
0.0333903
0.0333903
0.0349813
0.0275299
0.0332966
0.0264218
0.0306828
0.0334607
0.0320894
0.0291228
0.0263981
0.033105
0.03076
0.0290526
0.0290526
0.0293242
0.0291228
0.0344112
0.0320045
0.0306828
0.030718
0.0304231
0.0348076
0.0335116
0.0317509
0.0317509
0.0345334
0.0345334
0.0249752
0.0317084
0.0293112
0.0305002
0.0320265
0.0305353
0.030767
0.0289761
0.0303601
0.0317716
0.0317716
0.0292959
0.0290813
0.0276594
0.0276594
0.0319062
0.0321746
0.025916
0.0360176
0.0318285
0.0318636
0.0317509
0.03076
0.03076
0.03076
0.0289633
0.0333952
0.0306477
0.0348944
0.0334883
0.0277231
0.0307818
0.0290526
0.0292959
0.0306968
0.0307465
0.0307465
0.0335237
0.0335237
0.0305988
0.0305988
0.0320894
0.0321389
0.033602
0.033602
0.0276881
0.027612
0.0306546
0.0332066
0.0291775
0.0335313
0.0306693
0.0306693
0.0307389
0.0317157
0.0333982
0.0307113
0.0292761
0.0305845
0.0263924
0.0291425
0.0333319
0.0332613
0.0320328
0.0320328
0.0305353
0.0336581
0.0336581
0.0307249
0.026433
0.0361855
0.0335038
0.0289282
0.0276245
0.0278815
0.0278815
0.0333825
0.0306056
0.0305353
0.032034
0.0319136
0.0306267
0.0290592
0.0333982
0.032047
0.032047
0.0305353
0.0318786
0.0361762
0.0292761
0.0332848
0.0320968
0.0236133
0.0281563
0.0305353
0.0305774
0.0249962
0.0306125
0.0264273
0.0264273
0.0334255
0.0334255
0.0305002
0.0333551
0.0320616
0.026433
0.026433
0.0347697
0.0306125
0.0306125
0.0303601
0.0303601
0.0293659
0.0320265
0.0320265
0.0279989
0.0305774
0.0292475
0.0319563
0.0318862
0.0319563
0.032019
0.0319563
0.0291842
0.0321394
0.0292475
0.0318636
0.0265029
0.0321746
0.0292125
0.0292125
0.0306195
0.0277521
0.0278116
0.0263981
0.032245
0.0291709
0.0319839
0.0279165
0.0278693
0.0319062
0.0317583
0.0319765
0.0334765
0.033363
0.0306897
0.0334685
0.027612
0.0219286
0.0261424
0.0304445
0.0289333
0.0289333
0.0347167
0.027682
0.0347613
0.0277202
0.0317813
0.0278878
0.0278878
0.027682
0.0334685
0.0335116
0.0333279
0.0333279
0.0264447
0.0277704
0.0277704
0.0260148
0.0316659
0.0316659
0.0320845
0.0306762
0.0319563
0.0332417
0.0348837
0.0277355
0.0348922
0.0305774
0.0305774
0.0278878
0.0291008
0.0304652
0.0319914
0.0305423
0.0335548
0.0335237
0.0320495
0.0323302
0.032034
0.0321973
0.0263751
0.0277355
0.0319639
0.0319639
0.0320495
0.0306339
0.0320417
0.0320417
0.0359824
0.0320265
0.0320265
0.0320495
0.0363439
0.0363439
0.030318
0.030318
0.0292192
0.0331961
0.0278593
0.0262819
0.0288638
0.033336
0.0291008
0.0290309
0.0248461
0.0248461
0.0276309
0.0276309
0.030353
0.0334927
0.0289333
0.0305845
0.0305845
0.0318669
0.0303474
0.0248226
0.032034
0.0304747
0.0317464
0.0290029
0.0290029
0.0319693
0.02924
0.0319717
0.0303822
0.0303628
0.0303628
0.0304942
0.0275885
0.033336
0.033336
0.0316766
0.0334309
0.0290447
0.0290309
0.0303951
0.0276245
0.0319717
0.0276374
0.0333711
0.0303747
0.0303747
0.0333526
0.0334413
0.029241
0.0292892
0.0304868
0.0292609
0.0288985
0.0318435
0.0277897
0.0277897
0.029226
0.0333903
0.0305917
0.0362908
0.0278245
0.0318862
