-0.0166051
-0.0177633
-0.0168793
-0.0147737
-0.0171053
-0.0208861
-0.0200672
-0.016335
-0.0173963
-0.0179409
-0.0180298
-0.0147737
-0.0152249
-0.0194582
-0.0178964
-0.018664
-0.0198184
-0.0155435
-0.019232
-0.0163793
-0.0170126
-0.0194136
-0.0132784
-0.0171497
-0.0149062
-0.0196398
-0.016335
-0.0190949
-0.0152294
-0.016835
-0.0181669
-0.0218523
-0.0135312
-0.0146855
-0.0185502
-0.0177593
-0.0193656
-0.0157466
-0.0173519
-0.0190505
-0.0161978
-0.0205643
-0.0198661
-0.0198661
-0.0164679
-0.0160164
-0.0174891
-0.0173519
-0.019184
-0.0161535
-0.0133714
-0.0209278
-0.017852
-0.0210201
-0.0164236
-0.0183521
-0.0194994
-0.0194548
-0.0152294
-0.0151807
-0.0129645
-0.0151807
-0.0163583
-0.0195919
-0.0155878
-0.0224453
-0.0188043
-0.0177593
-0.0161491
-0.0161978
-0.0165122
-0.0199108
-0.0179409
-0.0153178
-0.0195952
-0.0237361
-0.0111781
-0.0200672
-0.0162421
-0.0173519
-0.014862
-0.0184377
-0.0130755
-0.018304
-0.018304
-0.0142075
-0.0189133
-0.0155435
-0.0161535
-0.0193211
-0.0234449
-0.0178037
-0.0178037
-0.0178037
-0.0214732
-0.0158349
-0.0158349
-0.0222187
-0.0183486
-0.0165607
-0.0210648
-0.0121462
-0.017485
-0.0222609
-0.0164236
-0.0190505
-0.0165607
-0.0177593
-0.0209566
-0.0162421
-0.0211543
-0.0152249
-0.0194102
-0.024644
-0.0197893
-0.0180335
-0.0187318
-0.0155878
-0.0163176
-0.0165607
-0.0156806
-0.0197322
-0.017852
-0.019704
-0.0173758
-0.0205643
-0.0193623
-0.0195473
-0.0214732
-0.0169237
-0.0169237
-0.0188245
-0.0170608
-0.0170608
-0.0139379
-0.0213362
-0.0214758
-0.016375
-0.0161978
-0.0224005
-0.0172424
-0.0181706
-0.0183486
-0.0181669
-0.0179409
-0.0212466
-0.0212466
-0.0197322
-0.0178482
-0.0207907
-0.0189578
-0.0150877
-0.0229909
-0.0182595
-0.0231729
-0.018078
-0.0195952
-0.0129156
-0.0182151
-0.0155435
-0.0198215
-0.0222187
-0.0232802
-0.0178037
-0.0178037
-0.0220817
-0.0165122
-0.0157908
-0.0154063
-0.0169682
-0.0170571
-0.0191229
-0.0168754
-0.0227347
-0.0209725
-0.0218105
-0.018078
-0.02131
-0.0184857
-0.0135753
-0.0120583
-0.013394
-0.0111342
-0.0154063
-0.0162907
-0.0174891
-0.0187119
-0.0167463
-0.0162907
-0.0151364
-0.016835
-0.0132568
-0.0208669
-0.0184857
-0.0227193
-0.0174891
-0.0156094
-0.0146855
-0.01335
-0.0151319
-0.0224005
-0.0213836
-0.0183202
-0.0176222
-0.0167866
-0.01644
-0.0152294
-0.0145434
-0.0167192
-0.017485
-0.0183931
-0.0156977
-0.0198661
-0.0166092
-0.0216734
-0.0205643
-0.0172147
-0.0185946
-0.0195919
-0.0154063
-0.0188207
-0.0195473
-0.0135703
-0.0182595
-0.0220817
-0.0220817
-0.0153621
-0.0224453
-0.0158349
-0.0198661
-0.0178964
-0.0187762
-0.020475
-0.015725
-0.0150923
-0.0148179
-0.0186706
-0.0220369
-0.0203825
-0.0207013
-0.0181669
-0.0150923
-0.0142075
-0.0164236
-0.0185502
-0.0196366
-0.0150481
-0.0184857
-0.0197322
-0.0221713
-0.0177149
-0.0183931
-0.0185946
-0.0128943
-0.0176222
-0.0143447
-0.0223531
-0.0189133
-0.0153134
-0.0165122
-0.0193813
-0.0212019
-0.0196398
-0.0171262
-0.0176705
-0.0177593
-0.0128943
-0.0141418
-0.0164679
-0.0175334
-0.0172387
-0.0184574
-0.0131688
-0.0166979
-0.014323
-0.0174203
-0.0178964
-0.0184857
-0.0105472
-0.0211096
-0.0172633
-0.0147737
-0.0159279
-0.0175778
-0.0197002
-0.0131195
-0.0207013
-0.0169448
-0.0142739
-0.0185986
-0.0195225
-0.0156977
-0.018183
-0.0204304
-0.0167588
-0.0119384
-0.0128943
-0.0193211
-0.0118332
-0.0177755
-0.0160164
-0.0191394
-0.0164236
-0.018639
-0.0194994
-0.020475
-0.0189133
-0.013438
-0.0168076
-0.0176705
-0.015428
-0.0148668
-0.0198374
-0.0183005
-0.0151807
-0.0157693
-0.0196398
-0.0175778
-0.0191875
-0.0211096
-0.0163793
-0.019232
-0.0178964
-0.0154992
-0.013982
-0.0184377
-0.0161535
-0.011921
-0.0131635
-0.0187724
-0.0187565
-0.0179853
-0.0169682
-0.0174406
-0.0171979
-0.0167422
-0.0189413
-0.0157419
-0.0144819
-0.0162421
-0.0149551
-0.0161978
-0.0155878
-0.0188207
-0.0215841
-0.0231432
-0.0190023
-0.0189133
-0.0179409
-0.0164236
-0.0148446
-0.0148179
-0.0167866
-0.0168793
-0.0232802
-0.0158621
-0.0162657
-0.01335
-0.0146807
-0.0148446
-0.0187762
-0.0186227
-0.0203218
-0.0189382
-0.0168793
-0.0162907
-0.0142518
-0.0172832
-0.0207275
-0.0182151
-0.0155653
-0.0162907
-0.0188489
-0.0151364
-0.0189578
-0.0162907
-0.0219446
-0.0159025
-0.0186194
-0.0209278
-0.0196366
-0.0207907
-0.018078
-0.019184
-0.0173076
-0.0143005
-0.0210201
-0.015495
-0.0209278
-0.0193211
-0.0158349
-0.0172591
-0.0190949
-0.017485
-0.0148179
-0.0140486
-0.0179891
-0.0173519
-0.0159279
-0.0122395
-0.0195027
-0.0151364
-0.0161978
-0.0176705
-0.0160606
-0.0216734
-0.0141633
-0.0181706
-0.0201082
-0.0170608
-0.0161535
-0.0188936
-0.0180743
-0.0180335
-0.0128273
-0.0177593
-0.0207937
-0.0136634
-0.0185946
-0.0185946
-0.0187762
-0.0187762
-0.015495
-0.0171015
-0.0218552
-0.0148668
-0.0189578
-0.0177593
-0.0197322
-0.0179409
-0.0172387
-0.016335
-0.0145483
-0.0170164
-0.0160209
-0.0149993
-0.0165164
-0.0182151
-0.0189133
-0.014769
-0.0194102
-0.013306
-0.0118332
-0.0177633
-0.0199265
-0.0189987
-0.0165122
-0.0149551
-0.0175334
-0.0171262
-0.0124822
-0.0148179
-0.0144162
-0.0220369
-0.0162864
-0.0176222
-0.0166535
-0.0208861
-0.0216288
-0.0187801
-0.019729
-0.0180298
-0.0163793
-0.0184411
-0.0174891
-0.0178964
-0.0182151
-0.0199108
-0.0179853
-0.0173313
-0.0145924
-0.0156535
-0.0205196
-0.0205196
-0.0178037
-0.0196558
-0.0207491
-0.0177149
-0.0174448
-0.0181224
-0.0172868
-0.0235542
-0.0178037
-0.0149993
-0.0156806
-0.0150704
-0.0171053
-0.0171053
-0.0176262
-0.0210648
-0.0180132
-0.0196366
-0.0171053
-0.0213362
-0.0182151
-0.0160164
-0.0184857
-0.0161768
-0.0195027
-0.0187119
-0.0171535
-0.0171979
-0.0171979
-0.0188043
-0.0182595
-0.0171015
-0.0176262
-0.0166092
-0.0181262
-0.0181224
-0.0205483
-0.0191229
-0.0207748
-0.0207748
-0.021518
-0.0179208
-0.0212019
-0.0212019
-0.0195952
-0.0207907
-0.0193691
-0.0160651
-0.0169682
-0.0165607
-0.016335
-0.0155878
-0.0199108
-0.0200478
-0.0196398
-0.0196398
-0.0173313
-0.0173313
-0.0146807
-0.0194136
-0.0194136
-0.017787
-0.0163583
-0.0178037
-0.0181262
-0.016335
-0.0177149
-0.018078
-0.0156806
-0.0188489
-0.0167422
-0.0204587
-0.0204587
-0.0188936
-0.021792
-0.0185302
-0.019232
-0.0190949
-0.0208831
-0.0208831
-0.0160651
0.00514444
-0.0138964
-0.00606733
-0.00606733
-0.00724862
-0.00983904
-0.0118016
0.0227819
0.034385
0.0470424
0.0273623
0.0228984
0.00258427
-0.00286755
0.00797196
0.012731
0.012731
0.0167275
0.0170711
-0.0477815
-0.0741731
-0.122077
-0.137898
-0.137898
-0.173484
-0.258528
-0.301076
-0.324228
-0.352061
-0.377399
-0.36726
-0.321427
-0.27261
-0.243178
-0.278141
-0.312773
-0.24361
-0.24361
-0.274468
-0.248463
-0.279461
-0.279461
-0.263517
-0.23146
-0.238536
-0.227199
-0.246162
-0.246162
-0.239843
-0.230916
-0.222262
-0.238264
-0.249161
-0.257332
-0.246841
-0.240992
-0.240992
-0.249762
-0.259872
-0.254367
-0.240252
-0.240252
-0.250545
-0.24871
-0.254519
-0.244363
-0.236158
-0.239354
-0.238243
-0.24263
-0.238069
-0.235398
-0.240016
-0.23645
-0.237678
-0.235203
-0.237151
-0.237542
-0.240543
-0.244014
-0.24483
-0.246409
-0.244346
-0.24466
-0.24865
-0.246469
-0.247114
-0.242997
-0.250351
-0.248635
-0.247131
-0.246273
-0.242707
-0.246155
-0.248363
-0.243564
-0.244635
-0.235164
-0.244109
-0.238827
-0.239022
-0.236236
-0.241264
-0.234404
-0.234383
-0.240524
-0.240152
-0.240933
-0.239295
-0.240171
-0.243292
-0.240329
-0.24415
-0.246061
-0.238379
-0.238379
-0.238534
-0.241415
-0.2405
-0.245481
-0.256492
-0.277932
-0.280299
-0.25691
-0.258159
-0.258444
-0.271668
-0.254746
-0.252043
-0.258564
-0.260155
-0.252896
-0.256068
-0.253831
-0.256264
-0.251245
-0.258501
-0.26238
-0.258295
-0.254026
-0.250481
-0.263627
-0.258157
-0.257706
-0.257046
-0.257225
-0.261837
-0.257361
-0.255528
-0.255783
-0.258428
-0.258684
-0.250558
-0.255587
-0.257317
-0.256867
-0.249803
-0.255723
-0.255242
-0.25625
-0.249667
-0.255046
-0.246314
-0.264252
-0.265579
-0.286937
-0.282311
-0.309378
-0.292775
-0.290636
-0.289305
-0.301119
-0.299666
-0.297118
-0.289819
-0.289623
-0.294543
-0.281741
-0.275361
-0.28333
-0.300258
-0.284296
-0.274374
-0.27102
-0.278329
-0.277146
-0.271676
-0.27274
-0.278916
-0.280477
-0.276256
-0.27279
-0.277259
-0.273446
-0.274569
-0.275337
-0.278841
-0.275572
-0.276008
-0.276008
-0.275993
-0.280491
-0.270493
-0.277447
-0.281841
-0.273982
-0.274825
-0.275812
-0.275563
-0.275737
-0.275737
-0.270178
-0.260855
-0.289692
-0.297891
-0.316907
-0.3224
-0.381523
-0.375818
-0.352165
-0.351817
-0.387766
-0.393431
-0.347144
-0.345786
-0.392085
-0.385496
-0.365176
-0.350807
-0.359964
-0.376989
-0.370987
-0.352065
-0.356177
-0.361026
-0.363778
-0.363442
-0.356303
-0.349545
-0.355814
-0.362407
-0.358157
-0.3519
-0.348276
-0.351952
-0.353135
-0.348561
-0.35326
-0.351627
-0.352088
-0.352949
-0.354904
-0.35523
-0.351417
-0.353785
-0.356076
-0.356402
-0.35432
-0.34744
-0.351923
-0.353135
-0.34785
-0.351252
-0.352151
-0.352424
-0.347923
-0.35053
-0.352088
-0.349767
-0.345892
-0.351701
-0.346541
-0.342375
-0.336947
-0.346405
-0.3474
-0.349198
-0.348635
-0.344636
-0.351315
-0.345904
-0.344708
-0.347923
-0.345545
-0.348174
-0.346206
-0.346206
-0.338503
-0.338503
-0.339098
-0.333751
-0.324888
-0.327294
-0.321019
-0.305296
-0.28804
-0.278522
-0.224238
-0.224238
-0.202216
-0.175819
-0.14117
-0.1103
-0.0869561
-0.0545482
-0.0368611
-0.024399
0.0181083
0.0625425
0.0794817
0.114414
0.127737
0.140388
0.201266
0.229834
0.250941
0.286484
0.313937
0.353244
0.390102
0.401332
0.424289
0.437497
0.456376
0.472691
0.48781
0.503225
0.514888
0.527293
0.540733
0.552082
0.561185
0.558189
0.558784
0.562077
0.576986
0.586971
0.589634
0.587884
0.578295
0.572643
0.57966
0.577285
0.579506
0.577108
0.57236
0.553849
0.548653
0.545965
0.539532
0.527891
0.513988
0.514587
0.52072
0.506954
0.483433
0.496469
0.490622
0.492109
0.492271
0.481942
0.470552
0.477012
0.481195
0.470402
0.475041
0.479108
0.471618
0.468006
0.472829
0.460687
0.470084
0.458509
0.463754
0.453364
0.452195
0.460272
0.461655
0.460453
0.441355
0.443763
0.441097
0.446315
0.44498
0.427075
0.429388
0.422338
0.406009
0.42846
0.422308
0.428368
0.447938
0.440463
0.445017
0.438867
0.442483
0.442193
0.425473
0.431305
0.431305
0.44872
0.450369
0.443632
0.440595
0.457142
0.454742
0.448566
0.450852
0.450582
0.452357
0.466475
0.476699
0.46858
0.456911
0.465763
0.456524
0.462374
0.461171
0.443246
0.447428
0.449235
0.447726
0.459555
0.452781
0.447538
0.462067
0.466853
0.467738
0.465806
0.465346
0.463704
0.460551
0.45578
0.452918
0.450517
0.446797
0.434547
0.474346
0.486305
0.482557
0.485694
0.50845
0.5089
0.508301
0.511742
0.520112
0.504713
0.515178
0.505314
0.511889
0.516226
0.516524
0.520257
0.526989
0.56132
0.550726
0.550725
0.544915
0.56029
0.564913
0.549695
0.543707
0.530874
0.534912
0.538659
0.530578
0.528782
0.509647
0.505161
0.512788
0.520116
0.509199
0.509052
0.522219
0.515639
0.513393
0.50591
0.510401
0.510701
0.516092
0.516843
0.513247
0.502164
0.496169
0.503064
0.501719
0.487025
0.490774
0.488968
0.501855
0.496761
0.489721
0.502453
0.506501
0.499155
0.483845
0.477851
0.493002
0.488197
0.478154
0.479042
0.479346
0.489557
0.489698
0.484599
0.496749
0.501695
0.503036
0.512338
0.509642
0.510242
0.515936
0.51279
0.519681
0.514136
0.526124
0.530315
0.539748
0.549182
0.550198
0.55947
0.560815
0.554088
0.546608
0.547209
0.568732
0.567229
0.557197
0.566012
0.559731
0.562846
0.571078
0.5654
0.564638
0.568809
0.563005
0.564935
0.553422
0.552537
0.551641
0.556278
0.561792
0.555081
0.556884
0.550166
0.554923
0.553436
0.547152
0.544333
0.541781
0.549557
0.548219
0.538513
0.545227
0.546432
0.544489
0.544937
0.547052
0.548537
0.555998
0.550917
0.54987
0.544486
0.551795
0.552707
0.552534
0.547765
0.557013
0.559121
0.557912
0.555992
0.563148
0.560457
0.558665
0.561063
0.544032
0.547014
0.547619
0.535654
0.524148
0.530129
0.540597
0.551523
0.554949
0.54583
0.554356
0.547334
0.545556
0.548968
0.539865
0.53284
0.538674
0.533586
0.525658
0.521022
0.520723
0.513685
0.535101
0.535101
0.513535
0.51473
0.516229
0.507984
0.504544
0.504078
0.496285
0.484885
0.480815
0.479612
0.471956
0.467157
0.472107
0.47001
0.463999
0.463387
0.459324
0.463549
0.4586
0.459508
0.457099
0.450496
0.451228
0.443257
0.44899
0.441328
0.43167
0.431105
0.432282
0.43293
0.429342
0.428513
0.433974
0.440752
0.437892
0.442714
0.439707
0.443604
0.446002
0.445738
0.447414
0.444374
0.443213
0.43944
0.438229
0.432055
0.44545
0.439447
0.446063
0.442464
0.450576
0.44742
0.453722
0.452682
0.448318
0.449811
0.442765
0.442901
0.435555
0.438839
0.435407
0.440063
0.445015
0.433143
0.433747
0.435666
0.435371
0.437626
0.436756
0.428814
0.422046
0.41418
0.411966
0.401684
0.403351
0.415869
0.401137
0.398296
0.396131
0.391639
0.385739
0.3829
0.377562
0.382715
0.374401
0.376072
0.377089
0.366328
0.366513
0.361707
0.362442
0.356496
0.355802
0.357812
0.34712
0.347723
0.347352
0.343423
0.339174
0.338998
0.336342
0.331723
0.338488
0.337464
0.334151
0.335831
0.343808
0.342988
0.342269
0.342973
0.345877
0.348135
0.347061
0.344824
0.340048
0.348953
0.347167
0.351237
0.355625
0.354309
0.358522
0.361855
0.364724
0.364773
0.361747
0.364894
0.366371
0.362171
0.35577
0.359138
0.350061
0.359936
0.366833
0.355036
0.358198
0.366188
0.365307
0.371221
0.371767
0.375879
0.375879
0.362963
0.352046
0.350832
0.343087
0.336466
0.341491
0.339512
0.330751
0.33104
0.333129
0.328304
0.319961
0.320226
0.311304
0.305813
0.300756
0.300056
0.291092
0.290239
0.293829
0.289714
0.288536
0.280216
0.283404
0.279815
0.282227
0.276136
0.269314
0.264699
0.258099
0.25418
0.246648
0.250337
0.244581
0.238636
0.238944
0.23072
0.223427
0.208281
0.190326
0.182135
0.167849
0.162554
0.161188
0.152677
0.135192
0.135793
0.131855
0.12859
0.122617
0.123812
0.133436
0.12683
0.130934
0.121153
0.108699
0.11749
0.123749
0.12224
0.127572
0.126215
0.133224
0.130997
0.131356
0.125577
0.125793
0.126706
0.127776
0.125367
0.120098
0.107891
0.109996
0.1082
0.10156
0.0986135
0.104647
0.101701
0.099243
0.100298
0.0977667
0.0962228
0.0964311
0.0962228
0.0945724
0.09447
0.0979072
0.0966866
0.097941
0.101768
0.0936237
0.0961888
0.102049
0.0973842
0.0967459
0.0973842
0.0952744
0.0991025
0.0972438
0.0961888
0.100787
0.0988607
0.0997415
0.103003
0.0997077
0.0982558
0.0972438
0.102049
0.0962953
0.0962953
0.0993836
0.101353
0.100971
0.0991362
0.100787
0.0983626
0.101242
0.0983626
0.0997657
0.101634
0.100854
0.0993499
0.0993499
0.101286
0.102588
0.102655
0.0959122
0.103285
0.0976652
0.0954568
0.100695
0.101319
0.0980477
0.0986525
0.101276
0.0976313
0.0997753
0.103566
0.0994173
0.0972098
0.0963632
0.104114
0.0978396
0.100438
0.0976739
0.100753
0.101034
0.0980815
0.0988945
0.0960824
0.0987202
0.0976263
0.0948531
0.0988607
0.101044
0.0960264
0.099243
0.0959463
0.102571
0.0983963
0.0967459
0.0962228
0.10072
0.0958318
0.0978734
0.101169
0.102545
0.0951339
0.0983963
0.0934149
0.0944623
0.0971079
0.0971079
0.0945762
0.0945762
0.0981883
0.0924627
0.0957718
0.102123
0.0991699
0.100332
0.0983963
0.0930586
0.0966442
0.104025
0.107087
0.110352
0.114394
0.108556
0.10786
0.11084
0.106872
0.105428
0.10082
0.0962953
0.0886338
0.089829
0.0875843
0.0832581
0.0785867
0.075564
0.0745804
0.0778827
0.083468
0.0774602
0.0826235
0.0866974
0.0856132
0.0847683
0.0898978
0.0879609
0.0913361
0.0888432
0.0868083
0.0858938
0.0902473
0.0905688
0.0914111
0.0932745
0.094819
0.0928118
0.0923942
0.0907461
0.0860688
0.0958059
0.0895506
0.0896886
0.0929864
0.0933013
0.088282
0.0909554
0.0898978
0.0918635
0.0888432
0.0929142
0.0960062
0.0927093
0.0891642
0.0926372
0.093343
0.0941473
0.0898634
0.0907435
0.091199
0.0893045
0.0883532
0.0886338
0.0886338
0.0912333
0.0851529
0.0875099
0.0869436
0.0886683
0.0894736
0.0869436
0.0910864
0.0869067
0.088528
0.0888776
0.0906402
0.0859978
0.0890466
0.0884935
0.0868745
0.0868792
0.0933354
0.0902473
0.0872984
0.086843
0.0891928
0.0871599
0.0884244
0.0914798
0.0912676
0.0909837
0.0912268
0.0901006
0.088382
0.0913361
0.0892988
0.0877886
0.0899694
0.0857187
0.0891988
0.089018
0.0909117
0.088528
0.0905966
0.0870495
0.087153
0.0913019
0.0925688
0.0950535
0.0886285
0.0861034
0.0940671
0.0888432
0.0906685
0.089717
0.0904251
0.0916545
0.0911585
0.0905999
0.0881383
0.0839943
0.0888376
0.0937909
0.0865225
0.0906685
0.0896827
0.0885993
0.0892988
0.0864187
0.0890524
0.0908775
0.0927707
0.0894392
0.0929864
0.0867341
0.0900754
0.087892
0.0909459
0.0923152
0.0930244
0.0880324
0.0899349
0.0899322
0.091261
0.0873676
0.0937909
0.0888376
0.0837485
0.0901689
0.0871185
0.0903533
0.0864534
0.0862784
0.0862091
0.0892644
0.0890868
0.0899694
0.084839
0.0923152
0.0879979
0.0878576
0.0854336
0.0895766
0.0857882
0.0918635
0.0860341
0.0822739
0.0871185
0.082803
0.0901442
0.0890895
0.0917915
0.0889835
0.0905624
0.0825576
0.0896886
0.0876482
0.0944623
0.0858938
0.0857882
0.0843833
0.0866283
0.0872934
0.0895138
0.0891239
0.0870889
0.0845236
0.0838582
0.0899349
0.0877172
0.0891642
0.0910242
0.0828381
0.0864187
0.0859285
0.0862801
0.0903533
0.0887397
0.0875079
0.0868722
0.0863841
0.0871928
0.0845584
0.0866283
0.0893675
0.084764
0.0868722
0.0823088
0.0852239
0.0851892
0.0863841
0.0847683
0.0859993
0.0893332
0.0877541
0.0867736
0.0849085
0.0864898
0.085859
0.0877195
0.0835734
0.0916511
0.0896827
0.088459
0.0877886
0.0842083
0.0874042
0.084839
0.0879979
0.0826235
0.0877541
0.0895423
0.0905281
0.0865571
0.0830803
0.0844887
0.0865591
0.0892644
0.0844539
0.0856085
0.0861381
0.0892271
0.084839
0.0897513
0.0891239
0.0873002
0.0830095
0.0876137
0.0862438
0.0891211
0.0904938
0.0848738
0.0859978
0.0875099
0.0875099
0.0887315
0.0872638
0.0872589
0.0850836
0.0910522
0.0855393
0.0886683
0.0836789
0.0903132
0.0839583
0.0866283
0.0838888
0.0869781
0.0895423
0.0868032
0.0834639
0.0860643
0.0880324
0.0854682
0.0863841
0.0923152
0.0867341
0.0886971
0.0879635
0.0840639
0.0909117
0.0835386
0.090737
0.0853642
0.0881728
0.0843485
0.0836091
0.0831883
0.0888033
0.0843792
0.0853295
0.0839236
0.0842389
0.0878231
0.0844887
0.0822035
0.0812193
0.0860325
0.083644
0.0848738
0.0826592
0.0836789
0.0825189
0.087537
0.0839279
0.0838192
0.083325
0.087929
0.0805155
0.0844139
0.0867341
0.0849085
0.0852239
0.082904
0.0850488
0.0864534
0.0845236
0.0866283
0.0861744
0.0852239
0.0853295
0.0851529
0.0842736
0.0875445
0.087084
0.0826627
0.0810439
0.0866995
0.0862438
0.0837146
0.0829782
0.0851183
0.0845584
0.083399
0.0810088
0.0878576
0.0857489
0.0852932
0.0832889
0.0846928
0.0874042
0.0826592
0.0884192
0.0877886
0.0853989
0.0832889
0.0827647
0.0817801
0.0822389
0.0783032
0.0849433
0.0865245
0.086313
0.0857835
0.0852239
0.0831883
0.0853989
0.0874338
0.0844849
0.0867985
0.0854336
0.0877886
0.0863771
0.0878231
0.0817831
0.0843098
0.0784787
0.0845942
0.0867341
0.0808686
0.081149
0.0862438
0.0819901
0.0864534
0.0798141
0.0864879
0.0851544
0.0862438
0.0834639
0.0867341
0.0825189
0.0820286
0.0820286
0.0820286
0.0831847
0.0863797
0.0831138
0.0840639
0.0820986
0.087015
0.0833945
0.0832587
0.0825887
0.0817452
0.0859239
0.0804452
0.0830095
0.0876849
0.0849735
0.0815344
0.0869733
0.0800595
0.0851183
0.0830095
0.0806903
0.0804102
0.0852239
0.0802699
0.0850141
0.0842403
0.0832903
0.0878898
0.0808306
0.0809738
0.0830095
0.0878523
0.0803752
0.0817801
0.083885
0.0854682
0.0857489
0.0861381
0.0843445
0.0818883
0.0830095
0.0828692
0.0832194
0.0789364
0.0824142
0.0814645
0.082484
0.0788648
0.0839908
0.0821305
0.0812517
0.0843792
0.0819233
0.0846947
0.0839247
0.0818498
0.0840986
0.083854
0.0797088
0.0873278
0.0833598
0.0828344
0.0842751
0.0817095
0.0850141
0.0803399
0.0832555
0.0790423
0.0843792
0.0832903
0.0797088
0.0818498
0.0767232
0.0825894
0.0827995
0.0834339
0.0817452
0.0850488
0.0821653
0.0832542
0.0775652
0.0767232
0.0839943
0.0861034
0.0828692
0.0789351
0.0818498
0.0831138
0.0848005
0.081079
0.0778457
0.0828344
0.0813242
0.0814994
0.079391
0.0841347
0.086658
0.0793208
0.0806559
0.0805508
0.0850836
0.0856085
0.0828344
0.0800946
0.0797439
0.0819204
0.0810088
0.0807283
0.0809387
0.0791805
0.082025
0.0813946
0.0873002
0.0809036
0.08055
0.08055
0.0819901
0.079253
0.083325
0.082656
0.0796736
0.0767572
0.0821686
0.0838898
0.0831151
0.0801296
0.0825195
0.0801296
0.0791454
0.0839943
0.0788648
0.0784787
0.0812893
0.0759844
0.0852543
0.0819204
0.0787246
0.0860988
0.0823057
0.0806205
0.0833598
0.0873278
0.0812193
0.0846947
0.0800595
0.0801296
0.0793579
0.0801646
0.0826941
0.081114
0.0795663
0.082484
0.0804802
0.0765462
0.082904
0.0790753
0.0817801
0.0805505
0.0803399
0.0818498
0.0797439
0.0825156
0.0831151
0.076828
0.0812193
0.0836735
0.0814645
0.0802349
0.0815313
0.0793558
0.0820957
0.0822012
0.0816048
0.0780211
0.0825894
0.0765815
0.0824491
0.0843445
0.0787597
0.0753866
0.0807608
0.0804452
0.0840946
0.082025
0.0823405
0.0820957
0.0803399
0.0838157
0.0805855
0.0821305
0.0833598
0.0780211
0.0800946
0.0805505
0.0752458
0.0843792
0.0789702
0.0799894
0.0809709
0.0795663
0.0816746
0.0780564
0.0773192
0.0792156
0.0803049
0.078163
0.0787597
0.0753861
0.0790753
0.0832555
0.082025
0.0781966
0.0772839
0.0784071
0.0813596
0.0778105
0.079426
0.0797417
0.0771437
0.0815699
0.0813214
0.0819553
0.0777406
0.0811113
0.0785492
0.07897
0.0782668
0.0787597
0.0812543
0.0758427
0.0771437
0.0785485
0.0768634
0.0806205
0.0740159
0.0802699
0.0778809
0.0749654
0.0858547
0.081815
0.0785844
0.0779875
0.076617
0.0786898
0.0780581
0.0815727
0.0816746
0.078409
0.081149
0.0769328
0.0794982
0.0794982
0.0800268
0.0782336
0.0815699
0.0804102
0.0831499
0.0793234
0.0760538
0.0836091
0.08055
0.0788297
0.0797766
0.0793579
0.0819901
0.0800945
0.0817801
0.0784787
0.0759136
0.0757379
0.0827647
0.0794982
0.076828
0.0759844
0.079253
0.0746142
0.0791455
0.076828
0.0798841
0.0791104
0.0814645
0.0849389
0.078163
0.0802349
0.077179
0.0814296
0.0783385
0.0760197
0.0781277
0.0753866
0.0830095
0.0812193
0.080553
0.0771084
0.0798841
0.0807634
0.0798841
0.077179
0.0767232
0.074755
0.0790402
0.0791805
0.0820986
0.0810088
0.0755275
0.0786195
0.078304
0.0809387
0.0765461
0.0781277
0.0801296
0.0805151
0.0797088
0.0748252
0.0798841
0.0814994
0.0758102
0.0810439
0.0780581
0.0792857
0.0780914
0.0792857
0.0792875
0.0823438
0.075351
0.0765453
0.0800946
0.0769328
0.0790423
0.0803049
0.0786561
0.0767926
0.0790402
0.0815699
0.0815349
0.077812
0.0806205
0.0796736
0.0804802
0.0796717
0.0740868
0.0794629
0.0766508
0.0732083
0.075282
0.0768987
0.0774602
0.0790071
0.0765816
0.075949
0.0737714
0.0784435
0.0761599
0.0810764
0.0803401
0.0792156
0.0814645
0.0765807
0.081181
0.0774947
0.0774947
0.0720493
0.0746142
0.0746142
0.07753
0.0777406
0.0758442
0.0786542
0.0799893
0.0799893
0.0799542
0.0787597
0.0814999
0.0793579
0.0740159
0.0783369
0.0750702
0.0777054
0.0775644
0.0773192
0.0799543
0.0792156
0.08241
0.0801998
0.0723651
0.0774609
0.0784435
0.0824491
0.0754931
0.0754931
0.075351
0.0780228
0.0739803
0.0714503
0.0741583
0.0741583
0.0744385
0.0758088
0.0755268
0.075949
0.075949
0.0806903
0.0723296
0.0758442
0.0817801
0.0751397
0.081149
0.0761246
0.077073
0.0757025
0.0815699
0.0762658
0.0769328
0.0722963
0.077179
0.0779511
0.0790753
0.07774
0.0738732
0.0758088
0.079426
0.0777406
0.077635
0.077073
0.0783737
0.0771437
0.0733484
0.0765816
0.0812168
0.0761953
0.0811462
0.077986
0.0813946
0.0811462
0.0777758
0.0792858
0.0753519
0.0769328
0.0762659
0.0809709
0.076405
0.0795313
0.0809361
0.0746833
0.0788981
0.0733148
0.074859
0.0762645
0.07493
0.072541
0.0773545
0.0805151
0.0757041
0.075949
0.0745787
0.0753166
0.0767217
0.07493
0.0796013
0.0780914
0.0780914
0.0786894
0.0805855
0.0778457
0.0780211
0.0780211
0.0824461
0.0817411
0.0780563
0.0751056
0.0743333
0.0784071
0.076406
0.0816746
0.0738064
0.079849
0.0777753
0.0785474
0.0760197
0.0801647
0.0743674
0.0778809
0.0777054
0.0790402
0.0776702
0.0770726
0.0783369
0.0789702
0.0768267
0.0742625
0.0792156
0.0758784
0.0797067
0.0754568
0.079391
0.0762306
0.0758781
0.0783018
0.0757029
0.0785474
0.0786174
0.0762648
0.074403
0.0787228
0.0754215
0.0776702
0.0785474
0.0814645
0.0788297
0.0758432
0.0761953
0.0784421
0.0784421
0.0767217
0.0773192
0.0748252
0.0737357
0.075949
0.0786894
0.078372
0.0765807
0.0783737
0.0752117
0.0792858
0.0720137
0.0797417
0.0761599
0.0780914
0.0727168
0.076405
0.071978
0.0746142
0.0748961
0.0787246
0.0759844
0.076511
0.0754576
0.0761246
0.0774947
0.0778457
0.0781966
0.0755971
0.0817095
0.0817095
0.0779875
0.0761599
0.0772143
0.0801997
0.0760892
0.0722935
0.0776702
0.0787945
0.0754568
0.0715219
0.0728233
0.0777753
0.0739446
0.0751056
0.072821
0.0791805
0.0753866
0.0754576
0.0772849
0.0772849
0.073315
0.0747898
0.0745095
0.0808686
0.0784442
0.0779508
0.0725409
0.0771084
0.0774947
0.0768971
0.0752117
0.0767217
0.0767217
0.072085
0.0762648
0.0740175
0.0755977
0.0750362
0.0791805
0.073137
0.0738757
0.079391
0.0810438
0.0819561
0.0781966
0.0725766
0.0723653
0.0751056
0.0742273
0.0817452
0.0761246
0.0791455
0.07493
0.0775652
0.0724342
0.0735598
0.0752824
0.0759503
0.0703989
0.0751764
0.0782317
0.0761953
0.075141
0.0739466
0.0749654
0.0777054
0.0732795
0.0732795
0.076406
0.0768267
0.0752117
0.0807258
0.0754568
0.076511
0.0750008
0.0758088
0.0766503
0.0788648
0.0788648
0.0774595
0.0745787
0.0767915
0.0797417
0.0752812
0.0720493
0.0766524
0.0742628
0.0751764
0.0731727
0.0774233
0.0780914
0.0738064
0.0773192
0.0734196
0.0786524
0.0763708
0.079461
0.0793559
0.0768619
0.0762294
0.0750702
0.0799868
0.0780211
0.0768267
0.0742271
0.0770022
0.0728925
0.0812865
0.0803752
0.0773532
0.0785824
0.0744027
0.0774947
0.0779498
0.0725054
0.0758777
0.0836721
0.0795286
0.0795286
0.0755618
0.0762645
0.0814618
0.0757021
0.0768267
0.0710994
0.0779144
0.0786176
0.079882
0.0766865
0.0726812
0.077635
0.077986
0.0766159
0.0739112
0.076967
0.0732772
0.0716271
0.078372
0.0778457
0.0781966
0.076511
0.0758432
0.0769318
0.0760187
0.0740868
0.0764413
0.0835315
0.0787228
0.0777741
0.0719076
0.0784421
0.0745441
0.0766159
0.0784071
0.0775286
0.0728233
0.0747187
0.0787228
0.0746137
0.0795663
0.0768619
0.0784771
0.0746833
0.0787228
0.0806529
0.0757374
0.0728925
0.0739112
0.0753519
0.078372
0.0774935
0.0774935
0.0811113
0.0746833
0.0736999
0.0763708
0.076967
0.077318
0.07493
0.077318
0.077986
0.076511
0.0753872
0.0793559
0.0758784
0.0753872
0.0770726
0.0798471
0.0748246
0.0768619
0.0788281
0.0727878
0.0801621
0.0784421
0.0793559
0.0763708
0.0717339
0.0745088
0.077635
0.0771777
0.0775286
0.0744735
0.0683584
0.0758079
0.079669
0.0712753
0.0740868
0.0767569
0.0725766
0.077248
0.0770022
0.0744735
0.0769323
0.0768619
0.0777054
0.0795334
0.0757025
0.0735953
0.0779144
0.077986
0.0775291
0.0732085
0.079882
0.0791433
0.0791433
0.0745088
0.0732439
0.0791084
0.074543
0.072119
0.0749649
0.0769674
0.0747898
0.0752104
0.0772477
0.0777391
0.0758784
0.0756677
0.0755971
0.0757727
0.07493
0.0730328
0.075141
0.0718741
0.0740868
0.0745088
0.0758079
0.0722251
0.0754568
0.0735245
0.0799868
0.0772839
0.0746833
0.0740159
0.0781247
0.0728925
0.072857
0.0779144
0.07321
0.076721
0.0791433
0.0750002
0.0744381
0.0758432
0.0778091
0.0764757
0.0772829
0.0719451
0.0744381
0.0770022
0.0735953
0.0763708
0.0797766
0.0748944
0.0718378
0.0745076
0.0776339
0.0735242
0.0726456
0.0790735
0.0757029
0.076159
0.0763355
0.0763355
0.0755274
0.0796013
0.0714869
0.0742625
0.0775987
0.0782317
0.0728925
0.0707156
0.0763697
0.0735257
0.077318
0.0746137
0.0723658
0.0767915
0.0715937
0.074754
0.0757374
0.0757382
0.0738064
0.0754225
0.0726456
0.0771073
0.0724009
0.073666
0.076159
0.0761238
0.0777741
0.0675162
0.0767556
0.0708906
0.0764048
0.072857
0.0774935
0.0768619
0.0739821
0.0733842
0.0756324
0.0698377
0.0757021
0.0775637
0.0780198
0.0749638
0.0759835
0.0736999
0.0760539
0.0752104
0.0786157
0.0771777
0.0767562
0.0730328
0.0795297
0.0714869
0.0720137
0.0740868
0.0732794
0.0747543
0.0774935
0.0739112
0.0771425
0.0774584
0.0772128
0.0726812
0.0719788
0.0747543
0.0746491
0.0742271
0.0752458
0.0787927
0.072541
0.0781966
0.0758079
0.0716262
0.0750348
0.0742271
0.0777054
0.0770374
0.0770726
0.076511
0.0729635
0.0761599
0.0778444
0.0745784
0.074788
0.0751405
0.0782666
0.0740516
0.075316
0.0765802
0.0758079
0.0731392
0.0774233
0.0729972
0.0768971
0.0714179
0.0731038
0.0713823
0.0758777
0.0748599
0.0715581
0.0761242
0.0809011
0.0738064
0.0738064
0.0738064
0.0738064
0.0738064
0.074403
0.0731037
0.0734907
0.0759488
0.0749654
0.0822349
0.075491
0.0718378
0.0710307
0.0721208
0.0738063
0.0726477
0.0727168
0.074543
0.0758079
0.0768267
0.073384
0.0752117
0.0698006
0.0738402
0.0768966
0.0752458
0.072928
0.0774595
0.0730682
0.0740514
0.0704685
0.0811462
0.0752812
0.0708549
0.0763708
0.0708549
0.072472
0.0750702
0.0719788
0.0753166
0.0729635
0.0752456
0.0728587
0.0760187
0.0740159
0.0709592
0.0747543
0.070048
0.0755971
0.0753166
0.0753166
0.0755618
0.0703956
0.0789331
0.0770726
0.0745431
0.0740514
0.0735242
0.0711736
0.0756677
0.0710307
0.0740868
0.0756677
0.0703971
0.0702568
0.0716983
0.0712065
0.0755618
0.0773883
0.0724013
0.0759482
0.0710279
0.0739449
0.0733842
0.0735599
0.0747187
0.0759835
0.0741223
0.0707833
0.0709592
0.0738064
0.0757727
0.072928
0.0770726
0.0759835
0.0784772
0.079426
0.0779511
0.0726812
0.0739803
0.0747543
0.0732795
0.0730682
0.0738402
0.0740868
0.0751056
0.0741916
0.0727878
0.0721895
0.0700122
0.0741577
0.0764404
0.0728925
0.0763697
0.0748599
0.0729635
0.0732439
0.0741561
0.0714869
0.0758079
0.0761953
0.0716271
0.0718385
0.0721538
0.0716983
0.0727859
0.075141
0.0744381
0.0768619
0.0734886
0.0740868
0.0702568
0.0704685
0.0734196
0.0768971
0.0724009
0.0756667
0.0727878
0.0744381
0.0776687
0.0741223
0.0733148
0.0740514
0.0779508
0.0698006
0.0723296
0.0738402
0.0741931
0.0721563
0.0749654
0.0723296
0.0738402
0.0730328
0.0755618
0.0728223
0.0738757
0.0746491
0.0724013
0.0740159
0.0738402
0.072541
0.0759482
0.075913
0.0729972
0.068818
0.070995
0.0737709
0.0729635
0.0753166
0.072857
0.0685345
0.0716627
0.0773883
0.0695216
0.0742979
0.0742625
0.0762659
0.0724698
0.0733128
0.0695529
0.0743333
0.0752812
0.0698006
0.0707156
0.0719451
0.073173
0.0750348
0.0718378
0.069341
0.0727168
0.0737018
0.0736644
0.0739466
0.0740872
0.0711351
0.0698364
0.0742271
0.0679022
0.0726122
0.0787228
0.0716262
0.071311
0.075667
0.0736308
0.0755618
0.0743318
0.0706074
0.0671639
0.0770376
0.0709592
0.0738064
0.0692727
0.0764404
0.0712065
0.0735257
0.0718405
0.0727168
0.073455
0.0732439
0.0728925
0.0712422
0.0734196
0.0719096
0.07507
0.0733855
0.0790402
0.0715225
0.072928
0.0712039
0.071311
0.0727523
0.0726812
0.0735953
0.072541
0.0703597
0.0758432
0.0697648
0.0727523
0.0704673
0.073771
0.0713467
0.0751764
0.0736294
0.0770374
0.0708549
0.0741577
0.0728925
0.0728925
0.0728925
0.0738402
0.0688507
0.0759136
0.0759136
0.0690983
0.0747187
0.0735953
0.0740159
0.0745784
0.0724009
0.0748944
0.0751764
0.0748951
0.0699079
0.0735245
0.0744027
0.0727878
0.0719096
0.0739821
0.0735598
0.0744381
0.0697648
0.0685345
0.069277
0.0695216
0.0739821
0.0757374
0.0751405
0.0751764
0.073771
0.0724342
0.0705041
0.0748945
0.0740514
0.0665315
0.0724721
0.0672719
0.0733133
0.0698721
0.0705041
0.0708877
0.0732439
0.0726831
0.070364
0.0732085
0.0733502
0.0692028
0.0714512
0.0718736
0.0733488
0.0756324
0.0722963
0.072857
0.0702926
0.0752812
0.0687464
0.0700122
0.070962
0.0701837
0.0735242
0.0727523
0.0739821
0.0687822
0.0714179
0.0706074
0.0740868
0.0728925
0.0738402
0.0710994
0.0718021
0.0712422
0.0722583
0.0721895
0.0712778
0.0742979
0.0764399
0.0764399
0.0735598
0.0702568
0.0676598
0.0716627
0.0721895
0.0746844
0.0719432
0.0655132
0.0718741
0.0727168
0.0749993
0.0773532
0.0739821
0.0738419
0.0743333
0.0718385
0.0698721
0.0761238
0.0699436
0.0682183
0.0707867
0.0732794
0.0713467
0.0752104
0.0737355
0.0719432
0.0695573
0.0714869
0.0728233
0.0732085
0.075141
0.0682864
0.0704328
0.0712065
0.0722251
0.0762293
0.0698691
0.0778794
0.073173
0.068292
0.0724013
0.0734196
0.0732439
0.077248
0.070048
0.0734196
0.0701524
0.0712753
0.0719096
0.072998
0.0700491
0.0728925
0.0738063
0.0708202
0.0706087
0.0749297
0.0718029
0.0721563
0.0744736
0.072261
0.0706087
0.0785474
0.0738416
0.0722256
0.0718741
0.0742979
0.0699049
0.0708558
0.076159
0.0738416
0.0725061
0.0722256
0.0718741
0.072611
0.0745085
0.0735245
0.0680444
0.0726819
0.0715943
0.0721546
0.0720498
0.072261
0.0751757
0.0780898
0.0757021
0.0704685
0.0765802
0.0721208
0.0746137
0.0736306
0.0769312
0.0784055
0.0691699
0.0722965
0.0747893
0.0703283
0.073771
0.0722965
0.0691341
0.070611
0.0713477
0.0774935
0.0775637
0.0716627
0.0733842
0.0721901
0.0708202
0.0717694
0.0757029
0.0715235
0.0719451
0.0732439
0.0715225
0.0718029
0.0695888
0.0733842
0.0751405
0.0768258
0.0700809
0.0756319
0.0718741
0.0742625
0.0724013
0.0762293
0.0739112
0.0727168
0.0693815
0.0744735
0.0715235
0.0765451
0.0730682
0.0739818
0.0717673
0.0781247
0.0746844
0.0759477
0.0720853
0.0698364
0.0755618
0.0726831
0.0731746
0.0740514
0.0714869
0.0741926
0.073455
0.0726478
0.07177
0.0742625
0.0745788
0.0699089
0.0666059
0.0760886
0.0719788
0.0722965
0.0715581
0.0744381
0.0737002
0.0664299
0.0708558
0.0721538
0.0683584
0.0719432
0.0704328
0.0710637
0.0687822
0.0709592
0.0716983
0.0715225
0.0695216
0.0727859
0.0701167
0.073666
0.0712422
0.0736648
0.072261
0.0714535
0.0711027
0.0707156
0.0732085
0.0692385
0.0754568
0.0730343
0.0696262
0.0715914
0.0711351
0.0711351
0.0732439
0.0724367
0.0746137
0.0686062
0.0711708
0.0723653
0.0740869
0.0754916
0.0729635
0.0716983
0.06657
0.0724721
0.070611
0.0705041
0.0737709
0.0720161
0.0708536
0.0726456
0.0701194
0.06534
0.0724013
0.0757727
0.070996
0.0734904
0.0749297
0.0758432
0.073455
0.070611
0.0687464
0.0684661
0.0700122
0.0711708
0.0675521
0.0713832
0.0692385
0.0692385
0.0698364
0.0745784
0.0664658
0.0705398
0.0702926
0.0711708
0.0719788
0.073455
0.0710637
0.0730687
0.0728925
0.0704685
0.0713467
0.0726831
0.0750002
0.0751053
0.0682562
0.0733842
0.0712753
0.0720853
0.0726812
0.07068
0.0758079
0.0694859
0.0700122
0.0676923
0.0732085
0.0715937
0.0718405
0.0711719
0.0722949
0.0711719
0.0712778
0.0732439
0.0716627
0.0707846
0.068818
0.0712778
0.0676598
0.0676598
0.0712429
0.0735953
0.0708914
0.0710637
0.0701881
0.0721895
0.0721895
0.0727878
0.0735245
0.0722256
0.0716983
0.0701524
0.0702926
0.0708202
0.0708202
0.067412
0.0721538
0.0705398
0.0717339
0.0731392
0.070995
0.0700122
0.0732794
0.0717694
0.0707512
0.0699407
0.0726812
0.069592
0.0701881
0.0726456
0.0731392
0.071311
0.0715581
0.0750002
0.0701524
0.0674479
0.0650237
0.0707489
0.0696262
0.072261
0.0663219
0.0727168
0.0717339
0.0701167
0.0676923
0.0737356
0.0689582
0.0706074
0.0692743
0.0642826
0.0715225
0.0716983
0.0672741
0.070996
0.0751405
0.0691341
0.0739818
0.0742625
0.067588
0.074754
0.0713467
0.0660804
0.0724367
0.0708558
0.0722965
0.0660417
0.0730682
0.0722256
0.0722256
0.0734891
0.0704685
0.07261
0.0700491
0.0749649
0.0734196
0.068116
0.0696618
0.0702211
0.0751058
0.070996
0.0659737
0.0748944
0.0682562
0.0707156
0.0750002
0.0744381
0.0726812
0.0711351
0.0727168
0.0746137
0.0708877
0.0675197
0.0693458
0.0760891
0.0683964
0.0762993
0.0713477
0.07068
0.0685704
0.072857
0.0701538
0.0662859
0.0662859
0.0760539
0.0688539
0.0739804
0.0720143
0.067268
0.0726812
0.0723319
0.0727527
0.072928
0.0773532
0.0697648
0.0740159
0.0705041
0.0726456
0.0693458
0.0724365
0.0720143
0.0719096
0.0732794
0.068955
0.0670238
0.0726812
0.0710316
0.0737709
0.0781247
0.0680117
0.0754215
0.066498
0.0661818
0.0669878
0.0736306
0.0716271
0.0747893
0.0685724
0.0771425
0.0687464
0.0723658
0.0764397
0.066498
0.0734196
0.0732085
0.0717339
0.0720498
0.0707156
0.0714186
0.0678683
0.0724367
0.070996
0.0681518
0.076159
0.070048
0.0711708
0.0694859
0.0650958
0.0719096
0.0748599
0.0747893
0.0725061
0.0691341
0.0713832
0.0750002
0.0733133
0.0706443
0.0698691
0.074333
0.067412
0.0707512
0.0721901
0.0678324
0.0720498
0.0682183
0.0726456
0.0740514
0.0710994
0.0722965
0.0711363
0.0666059
0.0667437
0.0726124
0.0726819
0.0758776
0.070996
0.0692385
0.0688865
0.0703996
0.0716271
0.0680444
0.0722594
0.0733488
0.0708558
0.0694502
0.0724367
0.070995
0.0778094
0.0718741
0.0685724
0.0704328
0.0681876
0.0644624
0.0701894
0.0733848
0.0708202
0.0708202
0.0741222
0.0748246
0.0721208
0.0710637
0.0720143
0.0677282
0.0721208
0.0748944
0.0718029
0.072261
0.0711027
0.0699423
0.0681518
0.0687822
0.068116
0.0663579
0.0737356
0.0716627
0.0705754
0.0700451
0.0702926
0.07068
0.0712039
0.0688539
0.0716627
0.0663192
0.0657933
0.0697331
0.06657
0.0679042
0.0688865
0.0702926
0.0708558
0.0718049
0.0689582
0.0712065
0.0690297
0.0701881
0.0713467
0.0707512
0.0701881
0.0734196
0.0745076
0.0709269
0.07068
0.0702211
0.0679759
0.0707867
0.0730328
0.07068
0.0703613
0.0686062
0.0698733
0.0732794
0.072857
0.075316
0.0681518
0.0718029
0.0749297
0.0705055
0.0733501
0.0718385
0.0694859
0.0728925
0.0690983
0.0676957
0.0716627
0.0720853
0.0722256
0.0690267
0.0678324
0.0706087
0.0720498
0.068292
0.0698006
0.0734904
0.0732085
0.0700451
0.0711382
0.0699407
0.0690983
0.072577
0.0701881
0.0666777
0.0745784
0.072999
0.0690267
0.066746
0.0695905
0.0701538
0.0679042
0.0694859
0.0732439
0.0659334
0.0693458
0.0668862
0.0707512
0.0674838
0.0677999
0.0714869
0.0723319
0.0710671
0.0684661
0.0757374
0.0722256
0.0711363
0.0717694
0.068994
0.0674479
0.0717694
0.0706443
0.0707156
0.0718741
0.0661818
0.0718029
0.0703996
0.0727168
0.0695888
0.071311
0.0681518
0.0599159
0.0739098
0.0975181
0.0622809
0.0622809
0.0176523
0.0252288
0.0273881
0.0193469
0.0201213
0.0139215
0.0103295
0.0118725
0.00778918
0.00725749
0.00148327
0.00202414
0.00513913
-0.00166251
0.0024156
-0.00487332
-0.00873068
-0.00557128
-0.00643145
-0.00694863
-0.00941084
-0.00638849
-0.0066302
-0.0114429
-0.00379041
-0.00970354
-0.00658735
-0.0116836
-0.00963499
-0.00428908
-0.00891151
-0.0074047
-0.00679276
-0.00721525
-0.00785218
-0.00975497
-0.0113486
-0.00649239
-0.00322033
-0.00584677
-0.0113996
-0.00891151
-0.0095052
-0.0074047
-0.00909235
-0.00536321
-0.00668226
-0.00668226
-0.0129583
-0.0129583
-0.00712931
-0.00712931
-0.00891977
-0.0125963
-0.0111755
-0.0104703
-0.0104703
-0.00579473
-0.00672511
-0.00446002
-0.0110379
-0.00761987
-0.00928122
-0.00785218
-0.0118482
-0.0129583
-0.0048641
-0.0100572
-0.00860143
-0.00780909
-0.00780909
-0.00842073
-0.00896288
-0.00672511
-0.00927321
-0.0118917
-0.0117975
-0.00900602
-0.0123914
-0.0101597
-0.00997075
-0.0118747
-0.00909235
-0.00902369
-0.00946198
-0.0115127
-0.012522
-0.0105213
-0.016658
-0.00834332
-0.0114429
-0.0144669
-0.00633672
-0.0110639
-0.00757679
-0.0117181
-0.0117181
-0.0102029
-0.0163451
-0.0119424
-0.0098159
-0.0098159
-0.0132263
-0.0098159
-0.0131899
-0.0104348
-0.0118482
-0.0136757
-0.0117106
-0.0095917
-0.0124349
-0.0098159
-0.0124854
-0.0106512
-0.0102893
-0.0143797
-0.00811924
-0.00976497
-0.00839452
-0.0107643
-0.00736995
-0.00736995
-0.00736995
-0.0126229
-0.0101778
-0.0104022
-0.0130285
-0.0130285
-0.0126664
-0.0072404
-0.0130452
-0.0163291
-0.00697344
-0.00850681
-0.0112376
-0.0125724
-0.0085675
-0.0138569
-0.0102973
-0.0101778
-0.0182237
-0.0132263
-0.0152355
-0.00893703
-0.00991014
-0.00780909
-0.00780909
-0.00789528
-0.0127603
-0.0122538
-0.0111507
-0.00868758
-0.00802473
-0.0159609
-0.0132533
-0.0121668
-0.00773959
-0.0107888
-0.0129511
-0.00900602
-0.0138799
-0.0110131
-0.0100652
-0.0150542
-0.00753374
-0.0132969
-0.0115562
-0.0117615
-0.0108755
-0.0125289
-0.00945409
-0.0138133
-0.0162138
-0.00899786
-0.0123044
-0.00853211
-0.0112811
-0.00870515
-0.0114258
-0.0128844
-0.00879946
-0.00773959
-0.0119858
-0.00853211
-0.00999684
-0.00976497
-0.0104457
-0.0132263
-0.00513963
-0.00683581
-0.00683581
-0.0105646
-0.0142926
-0.0142926
-0.00451228
-0.0135014
-0.0127032
-0.00545796
-0.01208
-0.0102212
-0.0102212
-0.00848097
-0.0126664
-0.00790364
-0.00597537
-0.0155543
-0.0155543
-0.00936761
-0.00923
-0.0106079
-0.00929879
-0.00545796
-0.00812743
-0.0128407
-0.0128407
-0.00972928
-0.0107379
-0.00838656
-0.00775759
-0.0123479
-0.0130452
-0.0107455
-0.0114692
-0.00985924
-0.0125289
-0.00789528
-0.0101517
-0.00718113
-0.00664654
-0.00868758
-0.00941084
-0.00855839
-0.0135449
-0.00665511
-0.0133134
-0.00624195
-0.0135449
-0.0133639
-0.0119351
-0.0145881
-0.0131899
-0.00918681
-0.0095052
-0.0129783
-0.0148358
-0.0138569
-0.0123044
-0.0116239
-0.00977258
