-0.00934985
-0.00566273
-0.00764579
-0.00835017
-0.0055451
-0.00446562
-0.0061524
-0.0103498
-0.00585506
-0.00576073
-0.00805322
-0.00685808
-0.00456533
-0.00854924
-0.00805702
-0.0106464
-0.00935182
-0.00346337
-0.00795923
-0.00685808
-0.00246145
-0.00595482
-0.00556126
-0.00346939
-0.00915653
-0.00475635
-0.00336518
-0.00566273
-0.0093478
-0.00317025
-0.00675445
-0.00815288
-0.00935182
-0.00835384
-0.00595482
-0.00595663
-0.0109427
-0.00705373
-0.00925226
-0.00735426
-0.00844161
-0.00475816
-0.00944533
-0.00895736
-0.00915653
-0.00715151
-0.00695774
-0.00635167
-0.00676363
-0.00744662
-0.00495592
-0.00565922
-0.00366294
-0.00615419
-0.0121329
-0.00535117
-0.00615419
-0.00495592
-0.00835204
-0.0131418
-0.00764579
-0.00705558
-0.00715151
-0.0126232
-0.00854544
-0.00755153
-0.00695402
-0.00993473
-0.00476155
-0.00476155
-0.0128437
-0.00715519
-0.00715519
-0.00566102
-0.00685808
-0.00685808
-0.00804909
-0.00645123
-0.00954283
-0.005148
-0.00346166
-0.00695402
-0.00586039
-0.0079555
-0.00735426
-0.0105469
-0.00844583
-0.00695947
-0.00825248
-0.00854738
-0.00466013
-0.00734891
-0.00475989
-0.00955257
-0.0075402
-0.00815831
-0.0120357
-0.0110534
-0.00754623
-0.0113341
-0.00456032
-0.0096445
-0.00476312
-0.00476461
-0.00934568
-0.00934568
-0.0118433
-0.00456374
-0.00705735
-0.00685808
-0.00874058
-0.00915265
-0.00695592
-0.00835017
-0.00645123
-0.00455849
-0.0113299
-0.00375773
-0.00825609
-0.00805119
-0.00466346
-0.01204
-0.00485431
-0.00844377
-0.00705558
-0.00705558
-0.00744465
-0.00715151
-0.00316871
-0.00825248
-0.00915653
-0.00764579
-0.00854544
-0.00914621
-0.00595482
-0.00774347
-0.0107438
-0.00615053
-0.00306719
-0.00734891
-0.0119362
-0.00615053
-0.00894155
-0.00576073
-0.00815288
-0.00435274
-0.0119406
-0.00705558
-0.0098415
-0.00934985
-0.00446562
-0.0064418
-0.00725117
-0.00893559
-0.00764391
-0.00874451
-0.01323
-0.00874259
-0.00495412
-0.00724726
-0.00515359
-0.00605077
-0.0058587
-0.00744662
-0.00586039
-0.0067602
-0.00964838
-0.00974594
-0.008645
-0.0102332
-0.00864098
-0.00475816
-0.00546144
-0.00934985
-0.00515359
-0.00715151
-0.00585506
-0.00456374
-0.0039573
-0.00715339
-0.00715339
-0.00925024
-0.00714955
-0.00615053
-0.00735078
-0.0120334
-0.00824647
-0.00894337
-0.00874259
-0.00615419
-0.0104429
-0.0113321
-0.00634804
-0.00435106
-0.00854342
-0.00764579
-0.00595293
-0.00405701
-0.00844377
-0.00465835
-0.00666049
-0.00585692
-0.00844782
-0.00964648
-0.0081509
-0.00685621
-0.00795741
-0.00695592
-0.00516905
-0.0108412
-0.00786142
-0.00666229
-0.007253
-0.00695592
-0.00745033
-0.00605453
-0.00735256
-0.00825248
-0.0103477
-0.00495592
-0.0031717
-0.00815288
-0.00786476
-0.00754984
-0.00915835
-0.00724925
-0.00666229
-0.00815288
-0.00675645
-0.00506747
-0.0106503
-0.00556302
-0.0104514
-0.0067602
-0.00566102
-0.0087385
-0.00834821
-0.00766214
-0.00566273
-0.0107458
-0.00326359
-0.00854132
-0.00566591
-0.00446398
-0.00785774
-0.0055647
-0.00675836
-0.00795143
-0.0084533
-0.00675836
-0.00507092
-0.00805879
-0.0007745
-0.00627033
-0.00795741
-0.0028752
-0.00835204
-0.0104514
-0.0058587
-0.00974199
-0.0058587
-0.00725475
-0.00586039
-0.0110337
-0.00516905
-0.00895928
-0.00666401
-0.00766214
-0.00476155
-0.00925604
-0.00685808
-0.00735078
-0.0081509
-0.0106421
-0.00615753
-0.008645
-0.00575716
-0.00705558
-0.00984535
-0.00595663
-0.00475247
-0.00764195
-0.00446226
-0.00576073
-0.0070518
-0.00905697
-0.00983946
-0.00874635
-0.00845155
-0.00834618
-0.00575525
-0.00695774
-0.00944317
-0.00666049
-0.00895736
-0.00844782
-0.00934985
-0.00925024
-0.00545955
-0.00505888
-0.00326697
-0.00805322
-0.00604452
-0.00993688
-0.00714537
-0.00575716
-0.00456207
-0.0108412
-0.00825248
-0.008645
-0.00805119
-0.0061559
-0.0107496
-0.00676195
-0.00856452
-0.00886156
-0.00825056
-0.00705558
-0.00844973
-0.00724726
-0.00694998
-0.00964648
-0.0118412
-0.00375945
-0.0109294
-0.00605629
-0.0103477
-0.00725642
-0.00466013
-0.00676363
-0.00436417
-0.00436417
-0.00715691
-0.00196495
-0.00476312
-0.0065525
-0.00825248
-0.0058587
-0.00944741
-0.00566102
-0.00815658
-0.00416618
-0.00905502
-0.00805702
-0.00626865
-0.00646464
-0.00656435
-0.00676522
-0.00795741
-0.00566102
-0.00595836
-0.00475989
-0.0109427
-0.00944533
-0.00934985
-0.00805322
-0.00805879
-0.00776357
-0.00636105
-0.0042677
-0.00475816
-0.00486121
-0.00785579
-0.00636487
-0.00287065
-0.007253
-0.0118454
-0.00715339
-0.00636105
-0.00575899
-0.0101587
-0.0116525
-0.00675645
-0.00685808
-0.00676522
-0.00656258
-0.0081509
-0.00766395
-0.00855101
-0.00336678
-0.00496937
-0.00296894
-0.00466184
-0.00327001
-0.0119406
-0.00556629
-0.00925226
-0.0061524
-0.0101527
-0.0108412
-0.0039759
-0.00885967
-0.0088381
-0.005862
-0.0093478
-0.00516905
-0.00614858
-0.0093537
-0.00825433
-0.00575899
-0.011038
-0.00735078
-0.00754229
-0.00466013
-0.00785962
-0.00566102
-0.00605797
-0.00764391
-0.0070518
-0.00595663
-0.00426431
-0.00566436
-0.00695592
-0.0087385
-0.00575525
-0.00605269
-0.00905697
-0.00546325
-0.00646282
-0.0112482
-0.00785579
-0.00726878
-0.00816152
-0.00876001
-0.00407279
-0.00915265
-0.00575525
-0.0116486
-0.00346654
-0.0038716
-0.00756607
-0.0106376
-0.0106399
-0.00915058
-0.00676195
-0.00786313
-0.00785774
-0.00785774
-0.007253
-0.0114475
-0.0118412
-0.00545955
-0.00466013
-0.00366993
-0.00705903
-0.00715519
-0.00476155
-0.0081509
-0.0067602
-0.006363
-0.00636837
-0.00864303
-0.00675445
-0.00746983
-0.00646464
-0.00517069
-0.0081509
-0.00347517
-0.00626506
-0.00934985
-0.00944533
-0.00766025
-0.00446398
-0.00795741
-0.00526882
-0.00576239
-0.00973772
-0.00475635
-0.00675445
-0.00495763
-0.0102543
-0.00744465
-0.00626114
-0.00625024
-0.0119427
-0.00685621
-0.0067602
-0.0054682
-0.00925419
-0.00915653
-0.00536692
-0.0106484
-0.00685223
-0.00795351
-0.00497581
-0.00856452
-0.00556302
-0.00417105
-0.00876194
-0.00536853
-0.00277069
-0.00805702
-0.00756429
-0.00624834
-0.00624834
-0.00795143
-0.00845496
-0.00456374
-0.00795143
-0.00685808
-0.0105489
-0.00915265
-0.00825248
-0.00555941
-0.00915058
-0.00605453
-0.00605797
-0.00656258
-0.00974401
-0.00656073
-0.00766025
-0.00824856
-0.00436585
-0.00526541
-0.00844583
-0.00766214
-0.00804909
-0.0081509
-0.00685986
-0.00885565
-0.00595293
-0.00796098
-0.0085664
-0.00506747
-0.0100552
-0.0085664
-0.00756243
-0.00406802
-0.00824856
-0.00466499
-0.00974401
-0.0128261
-0.00505388
-0.00834618
-0.00556126
-0.006363
-0.00895736
-0.0106443
-0.00905502
-0.00905502
-0.00844161
-0.00734697
-0.00924815
-0.0102312
-0.00575899
-0.0119362
-0.00675445
-0.00636105
-0.0106484
-0.0106421
-0.0106421
-0.0071475
-0.0110439
-0.0110439
-0.00595293
-0.0121373
-0.00725117
-0.00646282
-0.00815658
-0.00585506
-0.00715339
-0.0093478
-0.00834618
-0.00884014
-0.00734891
-0.00734891
-0.00944093
-0.00675836
-0.0106503
-0.0106503
-0.00686157
-0.00905502
-0.00725117
-0.00835017
-0.00675836
-0.00804909
-0.00804909
-0.00804909
-0.00715339
-0.00945133
-0.00915653
-0.0119406
-0.0107438
-0.0108412
-0.00835017
-0.00815658
-0.00905299
-0.00785579
-0.0131397
-0.00466346
-0.00715339
-0.0112568
-0.00566591
-0.00676195
-0.0054682
-0.00516554
-0.00695947
-0.00695402
-0.00884396
-0.0051764
-0.00297358
-0.00746267
-0.00516734
-0.00326853
-0.00345604
-0.00345604
-0.00345604
-0.0085664
-0.0085664
-0.00915653
-0.00526715
-0.0101483
0.000125164
-0.0162439
-0.0311087
-0.0583371
-0.123202
-0.171756
-0.251399
-0.131035
-0.0982025
-0.0656903
-0.0506131
-0.0397858
-0.041946
-0.0417427
-0.0429492
-0.0371256
-0.0381455
-0.0396391
-0.0381587
-0.0404525
-0.0395339
-0.0351794
-0.0363792
-0.039541
-0.0371431
-0.0354714
-0.0349856
-0.0366679
-0.0364679
-0.0393581
-0.036376
-0.0339766
-0.0340809
-0.0354683
-0.0354652
-0.0337886
-0.0363626
-0.0368581
-0.0343611
-0.0331678
-0.0350276
-0.0371431
-0.0372477
-0.0337857
-0.0366647
-0.0361344
-0.0328693
-0.0336449
-0.0336449
-0.0366614
-0.0356556
-0.0333527
-0.0339735
-0.0353258
-0.0370545
-0.0346532
-0.0354683
-0.0351824
-0.0355572
-0.0341734
-0.036763
-0.0336418
-0.0364712
-0.0367461
-0.0374377
-0.0375295
-0.0381455
-0.0364227
-0.0343515
-0.0371496
-0.0344565
-0.0380574
-0.0385351
-0.0345579
-0.0382472
-0.0358523
-0.0358523
-0.0373261
-0.0317655
-0.034834
-0.0373296
-0.0352651
-0.0360425
-0.0307634
-0.031867
-0.0365561
-0.039155
-0.0520508
-0.0708816
-0.0967202
-0.119184
-0.154089
-0.150354
-0.15165
-0.149247
-0.149247
-0.154679
-0.148578
-0.157082
-0.155704
-0.151685
-0.15442
-0.154915
-0.154915
-0.154172
-0.15118
-0.156115
-0.156776
-0.153618
-0.160768
-0.154266
-0.157708
-0.154702
-0.158471
-0.159743
-0.160077
-0.158107
-0.157034
-0.156929
-0.161131
-0.158095
-0.160392
-0.153525
-0.154738
-0.156999
-0.155351
-0.155445
-0.159766
-0.159415
-0.159391
-0.155339
-0.155339
-0.159285
-0.159391
-0.228784
-0.27679
-0.338686
-0.426377
-0.523896
-0.618536
-0.683775
-0.698198
-0.698153
-0.711533
-0.711695
-0.70953
-0.711198
-0.713003
-0.713003
-0.71291
-0.707582
-0.708471
-0.716974
-0.716974
-0.716974
-0.714211
-0.716582
-0.719091
-0.717763
-0.719586
-0.71537
-0.718276
-0.718994
-0.718933
-0.718142
-0.721474
-0.718922
-0.71931
-0.722618
-0.722509
-0.723759
-0.722715
-0.723689
-0.722546
-0.722606
-0.722654
-0.725013
-0.722606
-0.727181
-0.722545
-0.723641
-0.725952
-0.726195
-0.722558
-0.726204
-0.726432
-0.72499
-0.725929
-0.726348
-0.726218
-0.727169
-0.721571
-0.725952
-0.725952
-0.723738
-0.726059
-0.727131
-0.722425
-0.726325
-0.725013
-0.722569
-0.728766
-0.728599
-0.730884
-0.72866
-0.72375
-0.72375
-0.72636
-0.728371
-0.728204
-0.728637
-0.729805
-0.729805
-0.726085
-0.727299
-0.724857
-0.727321
-0.727499
-0.726299
-0.726143
-0.728382
-0.727337
-0.727241
-0.730828
-0.727443
-0.729594
-0.72726
-0.730822
-0.731039
-0.727359
-0.727181
-0.727276
-0.727321
-0.723748
-0.728871
-0.731114
-0.730855
-0.732216
-0.730595
-0.728766
-0.729782
-0.728276
-0.729694
-0.726192
-0.730811
-0.731089
-0.729589
-0.732975
-0.737037
-0.73189
-0.731548
-0.73367
-0.732709
-0.730119
-0.7392
-0.744091
-0.758693
-0.76516
-0.767484
-0.761869
-0.770195
-0.771495
-0.773412
-0.769314
-0.771727
-0.772502
-0.772227
-0.774706
-0.777082
-0.775916
-0.775086
-0.775998
-0.77593
-0.772345
-0.772408
-0.773569
-0.775032
-0.775032
-0.775114
-0.773325
-0.774847
-0.778242
-0.778242
-0.77608
-0.781643
-0.775944
-0.785622
-0.786455
-0.780243
-0.782096
-0.783308
-0.778271
-0.780544
-0.781595
-0.776098
-0.78102
-0.782033
-0.779929
-0.783448
-0.777496
-0.784155
-0.783211
-0.784742
-0.784742
-0.780374
-0.782875
-0.785427
-0.784413
-0.781134
-0.784594
-0.789062
-0.784148
-0.78544
-0.784234
-0.787924
-0.781848
-0.788046
-0.788058
-0.78793
-0.786768
-0.786467
-0.78787
-0.782069
-0.78544
-0.787998
-0.789458
-0.788046
-0.788962
-0.786467
-0.785959
-0.786843
-0.791205
-0.787557
-0.78717
-0.790917
-0.789155
-0.788643
-0.785393
-0.791698
-0.788182
-0.789082
-0.790114
-0.78673
-0.788897
-0.787628
-0.789084
-0.791953
-0.789331
-0.790041
-0.793811
-0.789342
-0.792333
-0.796612
-0.788014
-0.788009
-0.793998
-0.788312
-0.792727
-0.78915
-0.794243
-0.79215
-0.78762
-0.792851
-0.79049
-0.791385
-0.792858
-0.798067
-0.794004
-0.79138
-0.791452
-0.795216
-0.795156
-0.79757
-0.789342
-0.794068
-0.7972
-0.791068
-0.793631
-0.796611
-0.791719
-0.795026
-0.802841
-0.797823
-0.794518
-0.793767
-0.799221
-0.796302
-0.795341
-0.797329
-0.792667
-0.792291
-0.789866
-0.794186
-0.798963
-0.796171
-0.796165
-0.791894
-0.797575
-0.801139
-0.800179
-0.799621
-0.794192
-0.803809
-0.799998
-0.797256
-0.794908
-0.798471
-0.797394
-0.797394
-0.797335
-0.797267
-0.796048
-0.798533
-0.798013
-0.800064
-0.799996
-0.79885
-0.801208
-0.796682
-0.798912
-0.799678
-0.791847
-0.798477
-0.794977
-0.797451
-0.793882
-0.799813
-0.797453
-0.797453
-0.797885
-0.802354
-0.800004
-0.803445
-0.80108
-0.799937
-0.798726
-0.798787
-0.796495
-0.801391
-0.80096
-0.799687
-0.79782
-0.804947
-0.803559
-0.798792
-0.796441
-0.799033
-0.799033
-0.799033
-0.799033
-0.801205
-0.801205
-0.800117
-0.80006
-0.802597
-0.802597
-0.802597
-0.80313
-0.80114
-0.79981
-0.803196
-0.802232
-0.803811
-0.80217
-0.80428
-0.802108
-0.79885
-0.802176
-0.79783
-0.805551
-0.804588
-0.801327
-0.799101
-0.801146
-0.79637
-0.803686
-0.801148
-0.803254
-0.802357
-0.802357
-0.806883
-0.804588
-0.79988
-0.806042
-0.803873
-0.803873
-0.803375
-0.807006
-0.804588
-0.802293
-0.801459
-0.801271
-0.803258
-0.798913
-0.805489
-0.803628
-0.802357
-0.798791
-0.803319
-0.807189
-0.803503
-0.801084
-0.807068
-0.804958
-0.808458
-0.805675
-0.805554
-0.806639
-0.802177
-0.801152
-0.80543
-0.801089
-0.809726
-0.805141
-0.804712
-0.809422
-0.808397
-0.805983
-0.807311
-0.808336
-0.804959
-0.80664
-0.803388
-0.806823
-0.809361
-0.809361
-0.804284
-0.805983
-0.809603
-0.806762
-0.807786
-0.810932
-0.809665
-0.808276
-0.806885
-0.804532
-0.804837
-0.807007
-0.806763
-0.809055
-0.809482
-0.810811
-0.80713
-0.808154
-0.808154
-0.809239
-0.806824
-0.808337
-0.8093
-0.81159
-0.812798
-0.810567
-0.805923
-0.804838
-0.80441
-0.810079
-0.810687
-0.808276
-0.806824
-0.808215
-0.810871
-0.809604
-0.807191
-0.809238
-0.809421
-0.81026
-0.807008
-0.806824
-0.812858
-0.808337
-0.8093
-0.808215
-0.808092
-0.808214
-0.807191
-0.809542
-0.805309
-0.811958
-0.815816
-0.808687
-0.812431
-0.812136
-0.811774
-0.81382
-0.806107
-0.811287
-0.810384
-0.814066
-0.811591
-0.810871
-0.81569
-0.810444
-0.810444
-0.816173
-0.812858
-0.810625
-0.811591
-0.812677
-0.812137
-0.813042
-0.807786
-0.8102
-0.811529
-0.813037
-0.812734
-0.812734
-0.815266
-0.812858
-0.809421
-0.808518
-0.813882
-0.81183
-0.813102
-0.81533
-0.810259
-0.813638
-0.818942
-0.80936
-0.809055
-0.809115
-0.815389
-0.815083
-0.814597
-0.813634
-0.814547
-0.814305
-0.815147
-0.809602
-0.817493
-0.816288
-0.816288
-0.81376
-0.811587
-0.817615
-0.809542
-0.813881
-0.812675
-0.812674
-0.811894
-0.814182
-0.816416
-0.811771
-0.817795
-0.81195
-0.812735
-0.811529
-0.811707
-0.814241
-0.811831
-0.810078
-0.813638
-0.81755
-0.817736
-0.816416
-0.816286
-0.815509
-0.815207
-0.815388
-0.818761
-0.817622
-0.810627
-0.813944
-0.817676
-0.817375
-0.81713
-0.811586
-0.818993
-0.813877
-0.818581
-0.816586
-0.819055
-0.817316
-0.817316
-0.811467
-0.812916
-0.818644
-0.817438
-0.814783
-0.815203
-0.810505
-0.814179
-0.814061
-0.81864
-0.812921
-0.81563
-0.816166
-0.81153
-0.816291
-0.815321
-0.816411
-0.813758
-0.815925
-0.821279
-0.817668
-0.816348
-0.817378
-0.81876
-0.818634
-0.817615
-0.813037
-0.817428
-0.81864
-0.812734
-0.816044
-0.817313
-0.817313
-0.818515
-0.817549
-0.817494
-0.816468
-0.81755
-0.812855
-0.816527
-0.820865
-0.81611
-0.819594
-0.81737
-0.822068
-0.817431
-0.822013
-0.823333
-0.820984
-0.818758
-0.816655
-0.8199
-0.817496
-0.817553
-0.822012
-0.816044
-0.817127
-0.817676
-0.817676
-0.819486
-0.819713
-0.825848
-0.815144
-0.817247
-0.823389
-0.820922
-0.820989
-0.822247
-0.816469
-0.821828
-0.819841
-0.823211
-0.820619
-0.824127
-0.818998
-0.821277
-0.817253
-0.818516
-0.823629
-0.818637
-0.817252
-0.822254
-0.822605
-0.823389
-0.823211
-0.820744
-0.821042
-0.824422
-0.820744
-0.820742
-0.826647
-0.822307
-0.818504
-0.821996
-0.822485
-0.820197
-0.818706
-0.822305
-0.822311
-0.826817
-0.818521
-0.819781
-0.820623
-0.824241
-0.817247
-0.821825
-0.820922
-0.822249
-0.822315
-0.823391
-0.824355
-0.823631
-0.823387
-0.826584
-0.822127
-0.824589
-0.824587
-0.819108
-0.821762
-0.825858
-0.823327
-0.818451
-0.819833
-0.819833
-0.823271
-0.821166
-0.824297
-0.822002
-0.819893
-0.823445
-0.823445
-0.820794
-0.818634
-0.821108
-0.822911
-0.827797
-0.82194
-0.823146
-0.824457
-0.82688
-0.826527
-0.820446
-0.823086
-0.823503
-0.824531
-0.824353
-0.824527
-0.825795
-0.821161
-0.821161
-0.823329
-0.824245
-0.819958
-0.822253
-0.820795
-0.825017
-0.822256
-0.818634
-0.822419
-0.829233
-0.82309
-0.824114
-0.822417
-0.823378
-0.824054
-0.823151
-0.822062
-0.830073
-0.827961
-0.827961
-0.829056
-0.820801
-0.824771
-0.823556
-0.825731
-0.828868
-0.826451
-0.826997
-0.822965
-0.825317
-0.828255
-0.827959
-0.824293
-0.826689
-0.826689
-0.823256
-0.824177
-0.823507
-0.825478
-0.825478
-0.823273
-0.824344
-0.827773
-0.821042
-0.822002
-0.824647
-0.824647
-0.828788
-0.820912
-0.825965
-0.826451
-0.828366
-0.826082
-0.820676
-0.824168
-0.8247
-0.826989
-0.827724
-0.827724
-0.829761
-0.827587
-0.826514
-0.824644
-0.826333
-0.824339
-0.830542
-0.826022
-0.825726
-0.82536
-0.826916
-0.8232
-0.82543
-0.826687
-0.823249
-0.823196
-0.824529
-0.825903
-0.823144
-0.824334
-0.830175
-0.824457
-0.826867
-0.83167
-0.822183
-0.821748
-0.821748
-0.825433
-0.825126
-0.826807
-0.82603
-0.826937
-0.827882
-0.828056
-0.820973
-0.827825
-0.830115
-0.828067
-0.824397
-0.8253
-0.828908
-0.827947
-0.829028
-0.829321
-0.827953
-0.829276
-0.827095
-0.828971
-0.824163
-0.825781
-0.831497
-0.830042
-0.824211
-0.824444
-0.826859
-0.82789
-0.823489
-0.825781
-0.827753
-0.829148
-0.830345
-0.829088
-0.824339
-0.825606
-0.831312
-0.830178
-0.828013
-0.82898
-0.825778
-0.831299
-0.826613
-0.824288
-0.824812
-0.829129
-0.827896
-0.825548
-0.829031
-0.828722
-0.829935
-0.825533
-0.828053
-0.828243
-0.828124
-0.826512
-0.825237
-0.830036
-0.828059
-0.827584
-0.830467
-0.83047
-0.828731
-0.82307
-0.827999
-0.82907
-0.823304
-0.82901
-0.827876
-0.826498
-0.829013
-0.829013
-0.827939
-0.829085
-0.830046
-0.830345
-0.830533
-0.827939
-0.827762
-0.833777
-0.82542
-0.82542
-0.831262
-0.828968
-0.829219
-0.827762
-0.830118
-0.829199
-0.82439
-0.832159
-0.832159
-0.832342
-0.828076
-0.830708
-0.832554
-0.828785
-0.82895
-0.829384
-0.832882
-0.833341
-0.828326
-0.827656
-0.830811
-0.827092
-0.827092
-0.827647
-0.830583
-0.828845
-0.827693
-0.833808
-0.831695
-0.830105
-0.827579
-0.832099
-0.828908
-0.828073
-0.829392
-0.832641
-0.833419
-0.832613
-0.833672
-0.832448
-0.831112
-0.828172
-0.832683
-0.829869
-0.830398
-0.82667
-0.830023
-0.831411
-0.826664
-0.832721
-0.836159
-0.82655
-0.832498
-0.836092
-0.830932
-0.830955
-0.835021
-0.832802
-0.831292
-0.832788
-0.833811
-0.831484
-0.830076
-0.834667
-0.834835
-0.832539
-0.827557
-0.828599
-0.826898
-0.831712
-0.834001
-0.834906
-0.835846
-0.829302
-0.831358
-0.835743
-0.830865
-0.827389
-0.829195
-0.836282
-0.829979
-0.82864
-0.832539
-0.835258
-0.8337
-0.832188
-0.832311
-0.834045
-0.834045
-0.829136
-0.830325
-0.838199
-0.832853
-0.834815
-0.84134
-0.834771
-0.833232
-0.833863
-0.831586
-0.832389
-0.834843
-0.831635
-0.834942
-0.832068
-0.831225
-0.834771
-0.83351
-0.833647
-0.832907
-0.832766
-0.834548
-0.837285
-0.835969
-0.832269
-0.838322
-0.836282
-0.836041
-0.838304
-0.832371
-0.830093
-0.834779
-0.833394
-0.830279
-0.837475
-0.831344
-0.831691
-0.831691
-0.836805
-0.830255
-0.82899
-0.834368
-0.831126
-0.83261
-0.835914
-0.832431
-0.833811
-0.834954
-0.837404
-0.830209
-0.832441
-0.835013
-0.836818
-0.834902
-0.836151
-0.831457
-0.83393
-0.836163
-0.837124
-0.836937
-0.835747
-0.835747
-0.834723
-0.83349
-0.833606
-0.833606
-0.83587
-0.833633
-0.83268
-0.834946
-0.831288
-0.8361
-0.838491
-0.834624
-0.834109
-0.832382
-0.838523
-0.838317
-0.840734
-0.837207
-0.837158
-0.835001
-0.834484
-0.836029
-0.838067
-0.834664
-0.834839
-0.838266
-0.833711
-0.837294
-0.838177
-0.838177
-0.830272
-0.835714
-0.834417
-0.834417
-0.834902
-0.838313
-0.838024
-0.837357
-0.839418
-0.835969
-0.836088
-0.839578
-0.835723
-0.837399
-0.837585
-0.836238
-0.832233
-0.83476
-0.837103
-0.838071
-0.836199
-0.835918
-0.837171
-0.837171
-0.839341
-0.837222
-0.838071
-0.83224
-0.836139
-0.839592
-0.833319
-0.837345
-0.835124
-0.832255
-0.837116
-0.837158
-0.835842
-0.839633
-0.835675
-0.83706
-0.838423
-0.836984
-0.83712
-0.834883
-0.838211
-0.838241
-0.838532
-0.836762
-0.836266
-0.843329
-0.839222
-0.836025
-0.837039
-0.838152
-0.837064
-0.835973
-0.835973
-0.835914
-0.833934
-0.838423
-0.835671
-0.836937
-0.836937
-0.840775
-0.841785
-0.841785
-0.833319
-0.833319
-0.835731
-0.838003
-0.836924
-0.841858
-0.836984
-0.839043
-0.839122
-0.840401
-0.837048
-0.838304
-0.835977
-0.838633
-0.840401
-0.840401
-0.838346
-0.835599
-0.836805
-0.839487
-0.840597
-0.83956
-0.839391
-0.833521
-0.841315
-0.839213
-0.836698
-0.837005
-0.84052
-0.83935
-0.841922
-0.840702
-0.84199
-0.840456
-0.836865
-0.838139
-0.840924
-0.841538
-0.836766
-0.838791
-0.837056
-0.841903
-0.838088
-0.83935
-0.844284
-0.836096
-0.839039
-0.839259
-0.838122
-0.840766
-0.835829
-0.839446
-0.837052
-0.838997
-0.834811
-0.837268
-0.839419
-0.834879
-0.840666
-0.842021
-0.838755
-0.840356
-0.840356
-0.83698
-0.843245
-0.841701
-0.841415
-0.838062
-0.838482
-0.837171
-0.839171
-0.837022
-0.843441
-0.839891
-0.838168
-0.836613
-0.835697
-0.841893
-0.836976
-0.838003
-0.842222
-0.838705
-0.844278
-0.839085
-0.835766
-0.838177
-0.839506
-0.840479
-0.839181
-0.83692
-0.839483
-0.840396
-0.841626
-0.842035
-0.840584
-0.839268
-0.84177
-0.838172
-0.835599
-0.838291
-0.837345
-0.839245
-0.838236
-0.838364
-0.841507
-0.839167
-0.84052
-0.839314
-0.838249
-0.8393
-0.839724
-0.843073
-0.839305
-0.844053
-0.839719
-0.841498
-0.835206
-0.840949
-0.833731
-0.839492
-0.843288
-0.83903
-0.841424
-0.839615
-0.838143
-0.84082
-0.835893
-0.836686
-0.841617
-0.836988
-0.844214
-0.840815
-0.840815
-0.846159
-0.835897
-0.840893
-0.841874
-0.839163
-0.84425
-0.846336
-0.846336
-0.844132
-0.840638
-0.841888
-0.843053
-0.8394
-0.83841
-0.841395
-0.837132
-0.84295
-0.84265
-0.840218
-0.839414
-0.843089
-0.846342
-0.842956
-0.839131
-0.839213
-0.84176
-0.842891
-0.841686
-0.837145
-0.84303
-0.841814
-0.841276
-0.838268
-0.846244
-0.842487
-0.843053
-0.840703
-0.83835
-0.840327
-0.834624
-0.846218
-0.846368
-0.840232
-0.839355
-0.844161
-0.841996
-0.838541
-0.846533
-0.84304
-0.843058
-0.838778
-0.843963
-0.841449
-0.841824
-0.843925
-0.845028
-0.848597
-0.844075
-0.844075
-0.84632
-0.841612
-0.838035
-0.839345
-0.844991
-0.840441
-0.843142
-0.840609
-0.847267
-0.840412
-0.840318
-0.845286
-0.842827
-0.83814
-0.847461
-0.84537
-0.845381
-0.84378
-0.842714
-0.841784
-0.841784
-0.844145
-0.846362
-0.842739
-0.846109
-0.845563
-0.841789
-0.841686
-0.842801
-0.843112
-0.846555
-0.845066
-0.845066
-0.846924
-0.842626
-0.84528
-0.840569
-0.842724
-0.842724
-0.844775
-0.847615
-0.840337
-0.840337
-0.843004
-0.844257
-0.847497
-0.847492
-0.842747
-0.845104
-0.844107
-0.845232
-0.846448
-0.841863
-0.845393
-0.843731
-0.841652
-0.839305
-0.846379
-0.846379
-0.84393
-0.844926
-0.841824
-0.84414
-0.844134
-0.843914
-0.846196
-0.848725
-0.842945
-0.845141
-0.841632
-0.842675
-0.846709
-0.846709
-0.846443
-0.843234
-0.843162
-0.842477
-0.842477
-0.847385
-0.843866
-0.848473
-0.840401
-0.841824
-0.844097
-0.843925
-0.842303
-0.845048
-0.846459
-0.843886
-0.8464
-0.850043
-0.843127
-0.845243
-0.844027
-0.846566
-0.846555
-0.842698
-0.839276
-0.839276
-0.845189
-0.845393
-0.84055
-0.841632
-0.842773
-0.842837
-0.842729
-0.840273
-0.841538
-0.841632
-0.846427
-0.845189
-0.842986
-0.844097
-0.847525
-0.840437
-0.844204
-0.84485
-0.835744
-0.847649
-0.850311
-0.845334
-0.844166
-0.850873
-0.841819
-0.841449
-0.84266
-0.846191
-0.843721
-0.84639
-0.847632
-0.847531
-0.843801
-0.842734
-0.84302
-0.84776
-0.846148
-0.846148
-0.84989
-0.842999
-0.847419
-0.842704
-0.845179
-0.845227
-0.845227
-0.841804
-0.843004
-0.846191
-0.847408
-0.842621
-0.842739
-0.847738
-0.847427
-0.84498
-0.844932
-0.845061
-0.844086
-0.844086
-0.843979
-0.843963
-0.847632
-0.845109
-0.842688
-0.842811
-0.844985
-0.844985
-0.843979
-0.844214
-0.850159
-0.846325
-0.847408
-0.847408
-0.84267
-0.845028
-0.840505
-0.848802
-0.845082
-0.842798
-0.847567
-0.843984
-0.844107
-0.845409
-0.840476
-0.845248
-0.844199
-0.847368
-0.846314
-0.846046
-0.846148
-0.845194
-0.843683
-0.849843
-0.845066
-0.846191
-0.844048
-0.848485
-0.842827
-0.842827
-0.842837
-0.848619
-0.842526
-0.847326
-0.847338
-0.846261
-0.846143
-0.846202
-0.849837
-0.844332
-0.848742
-0.84589
-0.845932
-0.843742
-0.846507
-0.842783
-0.847461
-0.846314
-0.847492
-0.843791
-0.844969
-0.844926
-0.846314
-0.848538
-0.847696
-0.847696
-0.849855
-0.848473
-0.845269
-0.848349
-0.843699
-0.847609
-0.848667
-0.848273
-0.844813
-0.84293
-0.845135
-0.843726
-0.841563
-0.848614
-0.846255
-0.846384
-0.848355
-0.843672
-0.845216
-0.844032
-0.846415
-0.843904
-0.845339
-0.846368
-0.843391
-0.84514
-0.844359
-0.843823
-0.84514
-0.846199
-0.843828
-0.846281
-0.842773
-0.847539
-0.84521
-0.852003
-0.847615
-0.848602
-0.846244
-0.845146
-0.843866
-0.851884
-0.845022
-0.848549
-0.849878
-0.847637
-0.846089
-0.846151
-0.846056
-0.844921
-0.845323
-0.847603
-0.849866
-0.849866
-0.849948
-0.847143
-0.848177
-0.845022
-0.844915
-0.848626
-0.849795
-0.844182
-0.845087
-0.849667
-0.846269
-0.847273
-0.846996
-0.850613
-0.846493
-0.848884
-0.846205
-0.843844
-0.849726
-0.849767
-0.849661
-0.847586
-0.841532
-0.84618
-0.84618
-0.849948
-0.851989
-0.845418
-0.848843
-0.846357
-0.847126
-0.850765
-0.849696
-0.846126
-0.846126
-0.848432
-0.848596
-0.846434
-0.847592
-0.844193
-0.847679
-0.847267
-0.847433
-0.84438
-0.850649
-0.839726
-0.84344
-0.841022
-0.848579
-0.84745
-0.850666
-0.848296
-0.85122
-0.84993
-0.846109
-0.84378
-0.846421
-0.848873
-0.846522
-0.845152
-0.848508
-0.843968
-0.848508
-0.847539
-0.847486
-0.849726
-0.846516
-0.846275
-0.850678
-0.845157
-0.846222
-0.847286
-0.846328
-0.846281
-0.84393
-0.847185
-0.844963
-0.848526
-0.849649
-0.849649
-0.848626
-0.847297
-0.85202
-0.848702
-0.84862
-0.846003
-0.851831
-0.846151
-0.847514
-0.846151
-0.843844
-0.848643
-0.848549
-0.846266
-0.848249
-0.84605
-0.846263
-0.846258
-0.84852
-0.848543
-0.848667
-0.847509
-0.850867
-0.849819
-0.849843
-0.848526
-0.849584
-0.849584
-0.84625
-0.848597
-0.84845
-0.849779
-0.848679
-0.850823
-0.850823
-0.847509
-0.847497
-0.849671
-0.842801
-0.850607
-0.847544
-0.847544
-0.847332
-0.847421
-0.848467
-0.849602
-0.847262
-0.848579
-0.847421
-0.847421
-0.850725
-0.845345
-0.847356
-0.847743
-0.847743
-0.846157
-0.847509
-0.846056
-0.850842
-0.849625
-0.844624
-0.850253
-0.84605
-0.851005
-0.848302
-0.845006
-0.851989
-0.850947
-0.849849
-0.854692
-0.850678
-0.851831
-0.852238
-0.844991
-0.848697
-0.843715
-0.84745
-0.853435
-0.852254
-0.848508
-0.847303
-0.844974
-0.848437
-0.84882
-0.850572
-0.843828
-0.852327
-0.852242
-0.849784
-0.849843
-0.848384
-0.849859
-0.849859
-0.849289
-0.848561
-0.849918
-0.851101
-0.850873
-0.845039
-0.84618
-0.850953
-0.850867
-0.85277
-0.847374
-0.851193
-0.849978
-0.849819
-0.85193
-0.852035
-0.849767
-0.845933
-0.845987
-0.848597
-0.848638
-0.84959
-0.854347
-0.846157
-0.850966
-0.850783
-0.847143
-0.852008
-0.848714
-0.851902
-0.853519
-0.846619
-0.847415
-0.849472
-0.850761
-0.850718
-0.846427
-0.850089
-0.850919
-0.848467
-0.850802
-0.852236
-0.84952
-0.84976
-0.849861
-0.851024
-0.848384
-0.845949
-0.855722
-0.851806
-0.848467
-0.850867
-0.848579
-0.846169
-0.852715
-0.852521
-0.847118
-0.847118
-0.850672
-0.847444
-0.847297
-0.850796
-0.849849
-0.848402
-0.851871
-0.848814
-0.848437
-0.847101
-0.852223
-0.85206
-0.848567
-0.852644
-0.854471
-0.850919
-0.851101
-0.853194
-0.850554
-0.848326
-0.848326
-0.846328
-0.850588
-0.854439
-0.854439
-0.848332
-0.850001
-0.849454
-0.844522
-0.845093
-0.850029
-0.849135
-0.85685
-0.851865
-0.852993
-0.849878
-0.849995
-0.853175
-0.852423
-0.852281
-0.851871
-0.848178
-0.849177
-0.849742
-0.850961
-0.848018
-0.849637
-0.851135
-0.855785
-0.851995
-0.849608
-0.855456
-0.855456
-0.84956
-0.851077
-0.851077
-0.852047
-0.850861
-0.850848
-0.853363
-0.852379
-0.852035
-0.851982
-0.852139
-0.848397
-0.851642
-0.852152
-0.853298
-0.84949
-0.84748
-0.855682
-0.850777
-0.850436
-0.84842
-0.848743
-0.850907
-0.854009
-0.849779
-0.852248
-0.855655
-0.850861
-0.852934
-0.850783
-0.855397
-0.854653
-0.850771
-0.85056
-0.852054
-0.852001
-0.84852
-0.852106
-0.853292
-0.852171
-0.848638
-0.851865
-0.851865
-0.853161
-0.849572
-0.85294
-0.850535
-0.852404
-0.853609
-0.85056
-0.853415
-0.854549
-0.847273
-0.855592
-0.851129
-0.851911
-0.850647
-0.848385
-0.848497
-0.857024
-0.850458
-0.850566
-0.855669
-0.857919
-0.852823
-0.851924
-0.854374
-0.849683
-0.853544
-0.853544
-0.853221
-0.852816
-0.852191
-0.852237
-0.85193
-0.85193
-0.849525
-0.858101
-0.851682
-0.850566
-0.852359
-0.847368
-0.853937
-0.856661
-0.852081
-0.854263
-0.85337
-0.848597
-0.854672
-0.857003
-0.849372
-0.852855
-0.85066
-0.850854
-0.853234
-0.850907
-0.851833
-0.854094
-0.852229
-0.850405
-0.848373
-0.857876
-0.857876
-0.853286
-0.855266
-0.848531
-0.858231
-0.858231
-0.850436
-0.855415
-0.854504
-0.85651
-0.854099
-0.852081
-0.855829
-0.8518
-0.847132
-0.854484
-0.850777
-0.848444
-0.853169
-0.85079
-0.856829
-0.852003
-0.853155
-0.854374
-0.850777
-0.857099
-0.853214
-0.848261
-0.857694
-0.85797
-0.85732
-0.850497
-0.857736
-0.853279
-0.850791
-0.855682
-0.855408
-0.851709
-0.855524
-0.855597
-0.851707
-0.856778
-0.857062
-0.852068
-0.857729
-0.851689
-0.851449
-0.85309
-0.854126
-0.853331
-0.853331
-0.854171
-0.849631
-0.850999
-0.855785
-0.857766
-0.85509
-0.853292
-0.854542
-0.853421
-0.853038
-0.850687
-0.857533
-0.857533
-0.851905
-0.85414
-0.854464
-0.849714
-0.853162
-0.855857
-0.855857
-0.855449
-0.854474
-0.853103
-0.85195
-0.854178
-0.854178
-0.853885
-0.850693
-0.853272
-0.852308
-0.855273
-0.851982
-0.855559
-0.856479
-0.854445
-0.85221
-0.851852
-0.850857
-0.85107
-0.850947
-0.855111
-0.854515
-0.850934
-0.850672
-0.856393
-0.85438
-0.85539
-0.857509
-0.853116
-0.854549
-0.853201
-0.854087
-0.85561
-0.85642
-0.852003
-0.854656
-0.851637
-0.85543
-0.858318
-0.854574
-0.852711
-0.856582
-0.852437
-0.856193
-0.852803
-0.856106
-0.860894
-0.855771
-0.858884
-0.852579
-0.85462
-0.854185
-0.853701
-0.853396
-0.854439
-0.850802
-0.855631
-0.854182
-0.857788
-0.859973
-0.858839
-0.858064
-0.853194
-0.853006
-0.857853
-0.857722
-0.851787
-0.855435
-0.8555
-0.84641
-0.863841
-0.854553
-0.850761
-0.867933
-0.850607
-0.857399
-0.860642
-0.854016
-0.869258
-0.850489
-0.856225
-0.860838
-0.86027
-0.846773
-0.862552
-0.849574
-0.852561
-0.860351
-0.857371
-0.86013
-0.857451
-0.857657
-0.859776
-0.860645
-0.855384
-0.858086
-0.857948
-0.857642
-0.861214
-0.861465
-0.860276
-0.853799
-0.858417
-0.858417
-0.855084
-0.851585
-0.856947
-0.858928
-0.85781
-0.854539
-0.853428
-0.856453
-0.857832
-0.860175
-0.857628
-0.861047
-0.859211
-0.857745
-0.856172
-0.860068
-0.855657
-0.854268
-0.859886
-0.862272
-0.861032
-0.860849
-0.85916
-0.859283
-0.853916
-0.858746
-0.861561
-0.857912
-0.858643
-0.85635
-0.858525
-0.860203
-0.861032
-0.851768
-0.858621
-0.856533
-0.855372
-0.860009
-0.858715
-0.856766
-0.856531
-0.856838
-0.858007
-0.859922
-0.858512
-0.860276
-0.860052
-0.85376
-0.854497
-0.859008
-0.857577
-0.861113
-0.857759
-0.858941
-0.860102
-0.857687
-0.860981
-0.857789
-0.85895
-0.85895
-0.857962
-0.860036
-0.860175
-0.866093
-0.856343
-0.856334
-0.860001
-0.856233
-0.85393
-0.859051
-0.85654
-0.858695
-0.858702
-0.860211
-0.861191
-0.856416
-0.859247
-0.860311
-0.860311
-0.856289
-0.856289
-0.856511
-0.859167
-0.861615
-0.857737
-0.859897
-0.862511
-0.854882
-0.855097
-0.857876
-0.858731
-0.856092
-0.858621
-0.857789
-0.85955
-0.860357
-0.855042
-0.858804
-0.865078
-0.859915
-0.860966
-0.857605
-0.858892
-0.858072
-0.8645
-0.852541
-0.860646
-0.858928
-0.855961
-0.858862
-0.856788
-0.855218
-0.850327
-0.856759
-0.867728
-0.857642
-0.860681
-0.860024
-0.858811
-0.858402
-0.85946
-0.861299
-0.859182
-0.857504
-0.859651
-0.855314
-0.859188
-0.863758
-0.862937
-0.857708
-0.860411
-0.85876
-0.860732
-0.860064
-0.862472
-0.862295
-0.858621
-0.857526
-0.860145
-0.861117
-0.857475
-0.858971
-0.861299
-0.858555
-0.858759
-0.861043
-0.862105
-0.85773
-0.86028
-0.863368
-0.858687
-0.863536
-0.857774
-0.852744
-0.856254
-0.857962
-0.85913
-0.862279
-0.856589
-0.858738
-0.857635
-0.853926
-0.862232
-0.860276
-0.860276
-0.856722
-0.859001
-0.862818
-0.864657
-0.864657
-0.860942
-0.862372
-0.858702
-0.859732
-0.86455
-0.86116
-0.859042
-0.862322
-0.857292
-0.866886
-0.862314
-0.861996
-0.858504
-0.858504
-0.857963
-0.859725
-0.858971
-0.865111
-0.858978
-0.860744
-0.861125
-0.859679
-0.860137
-0.858695
-0.858695
-0.858695
-0.861183
-0.86366
-0.862808
-0.86224
-0.855227
-0.859869
-0.860052
-0.859702
-0.862213
-0.862488
-0.858905
-0.859943
-0.862047
-0.862446
-0.86229
-0.857679
-0.857533
-0.85976
-0.85976
-0.863445
-0.862422
-0.860747
-0.860747
-0.859115
-0.858963
-0.859092
-0.863709
-0.862374
-0.858855
-0.861035
-0.858781
-0.859798
-0.860269
-0.862472
-0.862229
-0.86327
-0.860145
-0.86175
-0.862047
-0.856453
-0.858819
-0.860973
-0.860377
-0.861183
-0.861183
-0.858708
-0.863584
-0.864765
-0.864516
-0.859986
-0.863412
-0.860311
-0.858556
-0.856336
-0.864987
-0.858847
-0.859892
-0.859087
-0.859978
-0.855387
-0.859877
-0.859051
-0.862322
-0.858796
-0.860029
-0.862406
-0.85884
-0.859935
-0.863294
-0.859994
-0.861082
-0.859856
-0.859854
-0.861276
-0.859798
-0.857306
-0.857926
-0.860261
-0.860966
-0.859841
-0.861465
-0.860218
-0.857548
-0.861198
-0.863716
-0.859849
-0.858731
-0.864633
-0.859986
-0.857328
-0.857796
-0.862306
-0.856481
-0.857729
-0.855517
-0.860894
-0.861024
-0.860311
-0.869178
-0.852475
-0.86525
-0.862316
-0.85644
-0.864632
-0.859022
-0.860579
-0.86323
-0.861395
-0.863643
-0.866794
-0.859877
-0.860334
-0.86173
-0.858621
-0.863941
-0.85976
-0.864831
-0.858634
-0.855592
-0.856254
-0.863734
-0.865102
-0.863996
-0.868509
-0.862395
-0.862298
-0.857795
-0.857424
-0.861109
-0.863378
-0.862012
-0.862272
-0.859776
-0.858599
-0.862232
-0.860864
-0.858606
-0.863808
-0.861268
-0.863085
-0.862356
-0.861148
-0.866778
-0.861441
-0.862282
-0.865837
-0.860623
-0.863608
-0.86126
-0.859862
-0.857204
-0.857204
-0.862422
-0.862322
-0.860923
-0.864616
-0.863792
-0.860307
-0.86207
-0.858731
-0.860052
-0.858687
-0.858687
-0.86355
-0.860961
-0.861488
-0.864922
-0.859542
-0.859409
-0.860102
-0.864492
-0.861349
-0.865655
-0.860923
-0.860977
-0.859947
-0.864475
-0.864357
-0.860892
-0.864682
-0.864599
-0.858285
-0.855939
-0.860195
-0.863684
-0.863442
-0.865539
-0.862213
-0.862514
-0.863494
-0.860813
-0.85892
-0.863684
-0.863692
-0.859664
-0.85854
-0.865862
-0.862322
-0.861175
-0.862306
-0.863816
-0.86351
-0.862163
-0.862318
-0.858687
-0.859531
-0.862039
-0.862163
-0.861949
-0.86322
-0.864517
-0.860059
-0.865829
-0.864558
-0.858527
-0.863077
-0.862553
-0.864897
-0.85957
-0.860701
-0.862337
-0.861279
-0.865978
-0.864599
-0.862585
-0.863544
-0.862221
-0.859577
-0.859189
-0.860783
-0.859138
-0.858621
-0.860638
-0.861059
-0.862403
-0.863519
-0.867353
-0.864922
-0.861016
-0.861372
-0.859998
-0.859687
-0.859562
-0.864417
-0.860001
-0.862139
-0.861754
-0.864383
-0.863552
-0.86318
-0.864839
-0.862322
-0.863478
-0.864251
-0.859737
-0.86079
-0.863344
-0.864747
-0.863238
-0.86253
-0.862679
-0.865845
-0.859307
-0.864459
-0.863709
-0.861024
-0.858548
-0.861645
-0.86095
-0.869647
-0.860884
-0.859483
-0.85856
-0.862322
-0.863461
-0.865771
-0.864393
-0.863445
-0.861008
-0.85884
-0.864748
-0.864773
-0.862878
-0.860319
-0.863304
-0.863186
-0.86352
-0.86238
-0.859737
-0.862229
-0.862438
-0.863354
-0.864425
-0.863568
-0.861067
-0.863544
-0.86116
-0.862198
-0.865705
-0.865903
-0.865903
-0.863045
-0.864798
-0.864625
-0.858461
-0.864335
-0.86248
-0.86823
-0.864309
-0.861922
-0.866745
-0.858636
-0.863279
-0.861175
-0.864351
-0.86107
-0.864492
-0.864492
-0.86351
-0.862348
-0.862348
-0.861973
-0.862395
-0.863296
-0.862306
-0.864309
-0.863684
-0.862563
-0.864806
-0.864616
-0.863344
-0.861144
-0.864575
-0.858248
-0.858497
-0.863634
-0.863726
-0.860985
-0.860677
-0.865688
-0.861109
-0.863643
-0.862538
-0.864806
-0.865531
-0.864433
-0.86189
-0.860439
-0.858431
-0.862432
-0.861991
-0.861766
-0.868206
-0.864509
-0.864831
-0.866224
-0.863652
-0.859803
-0.863602
-0.863528
-0.859159
-0.860607
-0.866207
-0.867108
-0.857939
-0.862702
-0.862464
-0.861035
-0.863602
-0.861027
-0.863344
-0.864682
-0.863709
-0.862081
-0.863162
-0.862406
-0.863228
-0.858393
-0.862613
-0.866777
-0.860985
-0.86184
-0.865357
-0.864674
-0.861043
-0.861043
-0.862166
-0.862448
-0.861782
-0.860993
-0.864938
-0.864938
-0.865498
-0.863584
-0.86013
-0.862456
-0.866794
-0.86212
-0.863162
-0.86342
-0.86804
-0.862007
-0.864116
-0.860052
-0.864938
-0.861218
-0.85854
-0.866935
-0.869655
-0.86705
-0.864235
-0.864235
-0.860029
-0.864533
-0.863228
-0.860732
-0.862073
-0.858905
-0.860087
-0.862894
-0.864235
-0.86248
-0.862348
-0.863202
-0.860709
-0.862248
-0.863808
-0.861965
-0.86168
-0.86337
-0.867049
-0.862282
-0.859511
-0.864533
-0.867345
-0.860919
-0.864051
-0.865332
-0.865332
-0.864971
-0.860942
-0.863079
-0.862464
-0.865878
-0.864484
-0.869143
-0.863121
-0.862198
-0.866959
-0.863061
-0.864051
-0.8621
-0.863296
-0.861707
-0.862912
-0.858696
-0.861368
-0.862546
-0.862546
-0.861012
-0.858786
-0.862108
-0.865746
-0.862166
-0.862232
-0.864465
-0.859889
-0.85724
-0.864318
-0.864633
-0.865671
-0.86337
-0.863503
-0.86469
-0.861922
-0.862356
-0.862538
-0.861848
-0.864035
-0.862258
-0.86479
-0.86474
-0.862166
-0.863594
-0.863544
-0.860993
-0.865548
-0.865456
-0.859839
-0.859839
-0.864748
-0.864293
-0.862629
-0.86244
-0.864558
-0.867112
-0.859978
-0.863055
-0.869258
-0.867849
-0.861914
-0.860892
-0.864542
-0.863362
-0.863088
-0.863071
-0.858736
-0.863378
-0.87029
-0.861326
-0.865514
-0.863254
-0.862555
-0.8622
-0.861731
-0.861731
-0.862299
-0.864325
-0.861874
-0.862322
-0.858685
-0.862139
-0.860736
-0.865555
-0.866901
-0.86808
-0.865589
-0.860935
-0.865373
-0.86355
-0.860969
-0.859916
-0.863544
-0.867866
-0.862081
-0.862372
-0.864641
-0.862787
-0.859803
-0.867123
-0.868129
-0.864118
-0.862108
-0.868022
-0.863262
-0.862081
-0.861109
-0.86455
-0.862017
-0.865355
-0.86587
-0.863362
-0.86219
-0.865821
-0.868022
-0.860759
-0.864434
-0.866809
-0.86234
-0.859699
-0.865415
-0.86234
-0.863726
-0.86347
-0.860693
-0.863354
-0.86244
-0.859714
-0.869751
-0.864118
-0.862407
-0.865804
-0.862083
-0.864318
-0.865622
-0.866224
-0.86248
-0.862844
-0.859511
-0.865911
-0.86596
-0.864226
-0.862955
-0.864251
-0.86455
-0.864384
-0.864284
-0.860752
-0.865564
-0.866018
-0.865027
-0.863138
-0.861941
-0.863337
-0.861882
-0.860494
-0.865613
-0.865102
-0.862091
-0.866371
-0.862108
-0.861467
-0.86861
-0.86695
-0.863096
-0.866058
-0.866362
-0.860752
-0.859644
-0.866933
-0.860853
-0.870802
-0.862585
-0.860262
-0.867508
-0.866702
-0.863741
-0.86928
-0.863395
-0.865713
-0.864674
-0.864657
-0.864814
-0.864326
-0.866984
-0.864624
-0.862198
-0.867987
-0.864285
-0.864283
-0.86474
-0.866835
-0.860903
-0.866777
-0.85994
-0.865655
-0.863536
-0.859854
-0.865215
-0.868057
-0.865985
-0.865581
-0.862678
-0.864276
-0.86366
-0.865539
-0.861252
-0.861252
-0.86488
-0.865771
-0.864226
-0.864226
-0.867849
-0.864018
-0.864018
-0.76464
-0.677994
-0.513085
-0.400747
-0.400747
-0.215904
-0.154124
-0.0903659
-0.091792
-0.0825492
-0.0675437
-0.0675437
-0.0568591
-0.049902
-0.0707348
-0.0707348
-0.0707348
-0.0460434
-0.434526
-0.32084
-0.0643644
-0.0510555
-0.0472199
-0.0429417
-0.0383722
-0.0383722
-0.0418602
-0.0401814
-0.0401814
-0.0408652
-0.0408652
-0.0376119
-0.0337914
-0.0371725
-0.0371725
-0.0381792
-0.0381792
-0.0342105
-0.0336149
-0.02874
-0.0324155
-0.0292564
-0.0295507
-0.030939
-0.0338028
-0.0283457
-0.0266779
-0.0277355
-0.0289343
-0.0286402
-0.025093
-0.0256783
-0.0269676
-0.0256732
-0.0248839
-0.0275463
-0.0281619
-0.0253934
-0.0285562
-0.0256783
-0.0256783
-0.0264132
-0.0260681
-0.0283565
-0.0221904
-0.0233847
-0.0233847
-0.0230038
-0.0237751
-0.0219998
-0.0284667
-0.0234945
-0.0235992
-0.0270778
-0.0271726
-0.0265983
-0.0253224
-0.0231088
-0.0196291
-0.0217137
-0.0246889
-0.024584
-0.0269676
-0.0282773
-0.0210915
-0.0207146
-0.0244035
-0.0231088
-0.0230811
-0.0233847
-0.025768
-0.0196201
-0.02378
-0.0212919
-0.0196246
-0.024874
-0.0234747
-0.0186077
-0.0200932
-0.0200024
-0.0211012
-0.0211012
-0.0234945
-0.0237849
-0.0243888
-0.0189086
-0.0247689
-0.024679
-0.0233945
-0.0233945
-0.0244987
-0.0205325
-0.0198204
-0.0198204
-0.023204
-0.0220951
-0.0185258
-0.0208005
-0.021015
-0.0277726
-0.0226177
-0.0198113
-0.0198113
-0.0210866
-0.018316
-0.0221095
-0.0184164
-0.0200024
-0.0212919
-0.0194196
-0.0183113
-0.0187941
-0.0223002
-0.0216229
-0.0204369
-0.0199069
-0.0175317
-0.0175317
-0.0203118
-0.0182339
-0.0199022
-0.0204369
-0.0179236
-0.0168471
-0.0205188
-0.0192373
-0.0181381
-0.0193239
-0.0200071
-0.0224002
-0.0177456
-0.0228084
-0.0193239
-0.0182156
-0.0210104
-0.0169343
-0.0181336
-0.0204369
-0.0196201
-0.0196201
-0.0195199
-0.0195199
-0.0192373
-0.0197158
-0.0197158
-0.0197248
-0.0181336
-0.015639
-0.0181336
-0.0179419
-0.0156435
-0.01843
-0.0170302
-0.0205188
-0.0179463
-0.0180378
-0.0167511
-0.0162412
-0.0189498
-0.0161367
-0.0203412
-0.0203412
-0.0207283
-0.0157439
-0.0165459
-0.0183297
-0.0183297
-0.0156521
-0.0189498
-0.0149616
-0.014769
-0.0154597
-0.0173484
-0.0147732
-0.0171478
-0.0193285
-0.0151584
-0.0201408
-0.0165589
-0.0111932
-0.0173701
-0.0109606
-0.016642
-0.0163582
-0.0154638
-0.020528
-0.0171436
-0.0157439
-0.0184386
-0.0179374
-0.0209194
-0.0170434
-0.0143566
-0.013262
-0.0147457
-0.0120749
-0.0146578
-0.0146578
-0.0189364
-0.0194242
-0.0169474
-0.0155559
-0.0151668
-0.0169431
-0.0169431
-0.0141598
-0.0179506
-0.0156521
-0.0154512
-0.0154638
-0.0169388
-0.0163373
-0.0163373
-0.0157395
-0.0157395
-0.0181291
-0.0181291
-0.00977772
-0.0148461
-0.0163243
-0.0150426
-0.0132739
-0.0137436
-0.0147647
-0.0175273
-0.0170347
-0.0159529
-0.01327
-0.0167511
-0.0159488
-0.0138748
-0.0176583
-0.0147371
-0.0197248
-0.0177543
-0.0116882
-0.01775
-0.0186398
-0.012071
-0.012071
-0.0147457
-0.0142684
-0.017558
-0.012264
-0.0157524
-0.0152589
-0.0149423
-0.0119705
-0.0166592
-0.0167424
-0.013262
-0.0140676
-0.0152672
-0.0133625
-0.0187493
-0.0145574
-0.0166507
-0.018941
-0.0136596
-0.0163666
-0.0157565
-0.0196439
-0.0157439
-0.0157439
-0.0194242
-0.0117694
-0.017846
-0.0118659
-0.01584
-0.015639
-0.0180465
-0.0157565
-0.0104814
-0.0143607
-0.0146495
-0.0135511
-0.0150426
-0.00908063
-0.0123645
-0.0123645
-0.0142684
-0.0170347
-0.0168428
-0.0134629
-0.0208193
-0.0144486
-0.0144486
-0.0110613
-0.0160364
-0.0129646
-0.0148622
-0.0133584
-0.0120589
-0.0145533
-0.0142561
-0.0118778
-0.0165503
-0.0145574
-0.0144486
-0.0180422
-0.0105858
-0.0149545
-0.0163666
-0.0118739
-0.0154555
-0.014457
-0.0167553
-0.0146537
-0.0128681
-0.0165459
-0.0157565
-0.0177543
-0.0152631
-0.0152502
-0.0109996
-0.0151668
-0.0154638
-0.0169516
-0.0172353
-0.0155559
-0.011197
-0.0140676
-0.0147499
-0.0124739
-0.0124739
-0.0139792
-0.0116768
-0.0134588
-0.013077
-0.0145574
-0.017462
-0.0167553
-0.0122964
-0.0102916
-0.00968093
-0.0163582
-0.0104775
-0.0124859
-0.0124859
-0.0124859
-0.0138827
-0.0160654
-0.0116728
-0.0116728
-0.0106708
-0.0129727
-0.0116768
-0.0163582
-0.0177668
-0.0177668
-0.0127873
-0.0136858
-0.0111894
-0.0151626
-0.0135853
-0.0135853
-0.0152589
-0.0108721
-0.012369
-0.0125864
-0.0160696
-0.0170559
-0.0187537
-0.0187537
-0.0122964
-0.017135
-0.0152712
-0.0152712
-0.0162704
-0.0136738
-0.0136738
-0.0147774
-0.0157849
-0.0149742
-0.01129
-0.0167594
-0.00760879
-0.0131656
-0.0151584
-0.0146453
-0.0159446
-0.0146495
-0.0124697
-0.015154
-0.0119665
-0.0139587
-0.0139587
-0.0154597
-0.0141556
-0.0130651
-0.0154718
-0.0148461
-0.0129646
-0.0118699
-0.0149742
-0.0104852
-0.0130692
-0.0115878
-0.0160654
-0.0155559
-0.0151749
-0.0129687
-0.0114714
-0.0136779
-0.0128762
-0.0173782
-0.0152712
-0.0131696
-0.0120589
-0.0152631
-0.0135632
-0.0135632
-0.0135632
-0.0152631
-0.0138788
-0.0135814
-0.0106899
-0.0123893
-0.0111894
-0.0115951
-0.0137862
-0.0139792
-0.0139792
-0.0141681
-0.00979965
-0.0111894
-0.0161741
-0.0140756
-0.0162577
-0.0134848
-0.0112822
-0.00879756
-0.00970269
-0.00902304
-0.0128722
-0.0114911
-0.0114795
-0.0126751
-0.013593
-0.0078966
-0.0106825
-0.0151668
-0.0155641
-0.0136858
-0.0085064
-0.0117973
-0.0119986
-0.010992
-0.0122887
-0.0115878
-0.0121029
-0.015186
-0.0154877
-0.00511596
-0.0131696
-0.0106825
-0.0134888
-0.0134888
-0.0159775
-0.00580431
-0.0154718
-0.0128839
-0.0128839
-0.0079973
-0.0118739
-0.0138707
-0.0138707
-0.0164627
-0.0114835
-0.00850273
-0.0115878
-0.0111038
-0.0111038
-0.0136934
-0.0115878
-0.0131574
-0.00631543
-0.0138865
-0.00979965
-0.0102953
-0.0136858
-0.0136858
-0.0109996
-0.0170691
-0.0110964
-0.00741088
-0.0135814
-0.013396
-0.0124859
-0.0106937
-0.0124972
-0.013396
-0.013396
-0.0118901
-0.0112938
-0.0157889
-0.013396
-0.0138788
-0.0125825
-0.0131912
-0.0114835
-0.0114911
-0.0118618
-0.0125825
-0.0113789
-0.0134888
-0.00999347
-0.0124739
-0.0127757
-0.0128801
-0.0124041
-0.0120875
-0.0102953
-0.0135892
-0.0138903
-0.0136779
-0.0131735
-0.0130906
-0.010489
-0.0103807
-0.0117849
-0.0117849
-0.00781338
-0.0086071
-0.0086071
-0.00998964
-0.00968093
-0.0100865
-0.0100865
-0.00999723
-0.0138788
-0.0126791
-0.01379
-0.00969895
-0.011197
-0.0119018
-0.0111894
-0.00909589
-0.00750451
-0.0114835
-0.00699608
-0.00960199
-0.0128762
-0.0109958
-0.0128801
-0.011889
-0.00760879
-0.0132994
-0.00780311
-0.0113748
-0.0111932
-0.0113868
-0.0113868
-0.0130845
-0.0102953
-0.0102953
-0.00890188
-0.0137702
-0.0115915
-0.0104852
