0.018966
0.021611
0.0207409
0.0193425
0.0205873
0.0190114
0.0187263
0.0210395
0.0190892
0.0218937
0.0217713
0.0194522
0.0181569
0.0216067
0.019617
0.0200316
0.0208403
0.0207981
0.0202354
0.020959
0.0208403
0.0211282
0.0235986
0.0231537
0.0220921
0.022462
0.017913
0.0197012
0.0210858
0.0215266
0.0249712
0.0206755
0.0224995
0.0218181
0.0194557
0.0189304
0.0236833
0.0241158
0.0233499
0.0207137
0.0194488
0.0181208
0.0201547
0.0210759
0.0210901
0.0195363
0.0203883
0.0221293
0.0232332
0.0201856
0.0226687
0.0219406
0.022101
0.0222556
0.0239274
0.0203922
0.0199509
0.01954
0.0227062
0.0176635
0.0197012
0.0201085
0.0213201
0.0212022
0.0196135
0.0206755
0.0204649
0.0175353
0.0196942
0.0214423
0.0207599
0.020752
0.0207981
0.0228757
0.0224151
0.0203462
0.0205032
0.0196591
0.0186841
0.0209631
0.0214423
0.018804
0.0201931
0.0199893
0.0187589
0.0236833
0.0205951
0.0208324
0.0214844
0.0214423
0.0220164
0.0201819
0.0205069
0.0207559
0.0205147
0.0214423
0.0211325
0.0180786
0.0215688
0.0243323
0.0190081
0.0191381
0.0216489
0.0242477
0.0208785
0.0228284
0.0228284
0.0254252
0.0248135
0.0189304
0.020752
0.020752
0.0215645
0.0203883
0.0225793
0.0189304
0.0213201
0.0232383
0.0234344
0.0199048
0.0207137
0.0210477
0.0207177
0.021531
0.0231537
0.0196628
0.0195363
0.0218514
0.022054
0.0243269
0.0213961
0.0213622
0.0203462
0.0168529
0.01954
0.020959
0.0208363
0.0194456
0.0208363
0.0192945
0.023519
0.0238312
0.0203883
0.0234767
0.0232754
0.0214844
0.0214044
0.0205951
0.0253404
0.0241209
0.0226263
0.0225042
0.022462
0.0241631
0.0199434
0.0207098
0.0204726
0.0194942
0.0196591
0.0227391
0.0205529
0.0232806
0.0191313
0.0227959
0.0223888
0.0228284
0.0235139
0.0229899
0.0235562
0.022584
0.020992
0.0226639
0.0205911
0.0228659
0.0224667
0.0231537
0.0208826
0.0234717
0.0199434
0.0227485
0.018558
0.0196102
0.0188072
0.0236359
0.022209
0.0205873
0.0242477
0.0197012
0.0234767
0.0223775
0.0226312
0.0237258
0.0213541
0.0218514
0.0197362
0.0198702
0.0207559
0.0201016
0.0172634
0.0223822
0.0205147
0.0209081
0.0194272
0.022462
0.0215732
0.023196
0.0214932
0.0216025
0.021767
0.018804
0.020549
0.0224197
0.0205453
0.021198
0.0229383
0.0218816
0.0214844
0.0232332
0.0196522
0.0197857
0.0210521
0.0214844
0.0222511
0.0225418
0.0218136
0.0180335
0.0201931
0.0230272
0.0214763
0.0214763
0.0201471
0.0234294
0.0234294
0.0233077
0.0182674
0.0214423
0.0260689
0.0207599
0.022373
0.0201435
0.022209
0.0201508
0.021531
0.0215984
0.0181865
0.0189271
0.0209249
0.0214044
0.0206755
0.018804
0.0207941
0.021114
0.022387
0.021278
0.0189338
0.0205529
0.0222978
0.0199434
0.0203042
0.0221805
0.0213785
0.0205069
0.0242532
0.0216868
0.0197819
0.0233972
0.0204193
0.0205911
0.021738
0.0210945
0.0223775
0.0208445
0.0216579
0.021531
0.0203883
0.0208403
0.0215732
0.022218
0.0246605
0.0205108
0.017454
0.0215266
0.0243215
0.0227485
0.0203462
0.0203462
0.0193262
0.0216067
0.0207559
0.0197749
0.0212443
0.0228636
0.0207981
0.0210054
0.0232704
0.0217248
0.0204304
0.0214002
0.0214887
0.0217334
0.0193461
0.0205529
0.0205951
0.0199509
0.021316
0.0225889
0.0202354
0.0236038
0.0171423
0.0206333
0.0192579
0.0226687
0.0235243
0.0218181
0.0196628
0.0208826
0.0217334
0.023191
0.0219406
0.0209249
0.0208826
0.0230645
0.0218982
0.0200278
0.0203042
0.0214887
0.0209337
0.0244484
0.0195784
0.0215688
0.0216155
0.0191768
0.0197012
0.0197819
0.0205992
0.0206755
0.0225418
0.0237258
0.0216533
0.0255101
0.021611
0.0218652
0.019333
0.0187199
0.0220164
0.0259174
0.0200278
0.0203005
0.0206755
0.0192124
0.0206677
0.0168924
0.0203162
0.0204686
0.0197362
0.0191804
0.0199048
0.0198663
0.0225371
0.0234819
0.0205108
0.0206795
0.0242956
0.021738
0.0225938
0.0215688
0.0200316
0.0220211
0.0220632
0.0236462
0.019947
0.0232383
0.021531
0.0226687
0.024092
0.0242532
0.0205992
0.0192614
0.0212443
0.0217334
0.0210435
0.0188429
0.0218136
0.0228659
0.022584
0.0230406
0.0188916
0.0234819
0.0192614
0.0217334
0.0218136
0.0195784
0.0232234
0.0237205
0.0217713
0.0197473
0.02429
0.021124
0.0248923
0.0207559
0.0198663
0.0208826
0.0208826
0.0217757
0.0201547
0.0218652
0.0214887
0.0215645
0.0215645
0.0191768
0.0210054
0.0211706
0.0211706
0.0218894
0.0206333
0.0216489
0.0209631
0.0224197
0.0217757
0.0203042
0.021336
0.0191381
0.0190958
0.0206333
0.0199793
0.0234934
0.0210477
0.0184526
0.0199086
0.0213665
0.0238107
0.0191417
0.0243323
0.0210521
0.0195784
0.0207177
0.0241685
0.0226263
0.01954
0.0219655
0.0235614
0.0223399
0.0210054
0.0199086
0.0173082
0.0190184
0.0190184
0.0226312
0.0216025
0.0222227
0.0223822
0.0225418
0.0225418
0.0224244
0.0205951
0.019617
0.0199509
0.0206715
0.0195363
0.0204726
0.0187199
0.0224197
0.0233921
0.0227909
0.0214932
0.0208445
0.0237258
0.0210521
0.0202818
0.0201123
0.0190571
0.0190571
0.0171844
0.022387
0.0230884
0.0230884
0.0263299
0.0219406
0.020197
0.0201931
0.0216956
0.0213665
0.0205951
0.0231579
0.0219406
0.0188072
0.0217803
0.0183713
0.0199893
0.0209631
0.021983
0.0213622
0.0201204
0.0201123
0.0208826
0.0227585
0.0217757
0.0217334
0.0244171
0.0207641
0.0174321
0.0233127
0.0210901
0.022387
0.0230779
0.0229659
0.0189338
0.0209249
0.0211643
0.0207599
0.0198626
0.0198626
0.0198626
0.018642
0.021983
0.021983
0.02007
0.0226263
0.0219406
0.02429
0.0192651
0.0180786
0.0218228
0.0183323
0.0181177
0.0212443
0.0195507
0.0188494
0.0224244
0.0193038
0.0211687
0.0196556
0.0202659
0.0190571
0.0205951
0.0232806
0.0219453
0.0183257
0.0214509
0.023323
0.0200316
0.0185307
0.0235243
0.0199932
0.0193779
0.0214509
0.0210521
0.0192227
0.0230406
0.0203586
0.021738
0.0215402
0.0224293
0.0195931
0.021738
0.0208445
0.0198702
0.0227161
0.0277492
0.0283558
0.0310639
0.0283558
0.0287966
0.0299206
0.0299206
0.0301623
0.0191105
0.0170748
0.0212756
0.0212677
0.0289421
0.0271387
0.028438
0.0249863
0.0243693
0.0280332
0.0369138
0.0399589
0.0405681
0.0390527
0.0393373
0.0416552
0.0479403
0.0479796
0.0501765
0.0623297
0.0610739
0.0659201
0.0716142
0.0804554
0.0896443
0.0896443
0.0830162
0.0919306
0.0927613
0.0900616
0.0970421
0.101574
0.0963521
0.0953267
0.0860271
0.094184
0.10249
0.0910083
0.0905737
0.0931879
0.0904773
0.0927244
0.091642
0.0919974
0.0868444
0.0864532
0.0914978
0.0890733
0.0877669
0.0828595
0.0823753
0.085857
0.086073
0.0851207
0.0844352
0.0856384
0.0841174
0.0834957
0.0822753
0.0818141
0.0844488
0.0815246
0.0815246
0.0837137
0.0848329
0.0855218
0.0842471
0.0845461
0.0833333
0.084722
0.0831036
0.0849818
0.0837958
0.0837286
0.0823848
0.0841692
0.0798212
0.0824958
0.08182
0.0812754
0.0816811
0.0820084
0.0811485
0.0809743
0.081199
0.0789547
0.0805345
0.0830679
0.0828632
0.0815897
0.0819908
0.0841121
0.0828301
0.0841197
0.0830942
0.0833428
0.0824207
0.0817591
0.0819242
0.0818829
0.0821314
0.079935
0.0790734
0.0809501
0.0772172
0.0810324
0.0810324
0.079428
0.0829524
0.0803651
0.0786439
0.0786848
0.0805199
0.0800006
0.0800642
0.0761591
0.0721823
0.0762278
0.0743547
0.0745589
0.0788187
0.0749784
0.0774847
0.0766789
0.0789538
0.076544
0.0766585
0.0777114
0.0798142
0.0810233
0.0741285
0.0782482
0.077868
0.0776176
0.077961
0.0759415
0.0782874
0.0766944
0.0767726
0.0760127
0.0776853
0.0768343
0.077595
0.0780763
0.0785981
0.076938
0.0794612
0.0754439
0.0790432
0.0759938
0.0762072
0.0772261
0.0786504
0.0772654
0.0783105
0.0776564
0.0787424
0.0807806
0.0776957
0.0773307
0.0767008
0.0765976
0.0653362
0.0646554
0.0599311
0.0515708
0.0526977
0.0559127
0.0585019
0.0634902
0.0606331
0.0651747
0.0651747
0.0650987
0.0672788
0.0681687
0.0628477
0.0676269
0.0676269
0.0665451
0.0682286
0.0659738
0.0677004
0.0681444
0.0669183
0.0705997
0.0671256
0.0699375
0.0682402
0.0705791
0.0668051
0.0670213
0.0687838
0.0682655
0.0687773
0.0693445
0.0683863
0.0697248
0.0656031
0.0689756
0.0677056
0.069205
0.0698639
0.0693713
0.0687531
0.0726509
0.0693366
0.0714464
0.0680934
0.0569654
0.0573982
0.0543115
0.0582497
0.0594673
0.0644838
0.067754
0.076186
0.0770895
0.067726
0.0714105
0.0615961
0.0588243
0.0563365
0.0506387
0.043264
0.0330747
0.022342
0.0112285
0.00226351
-0.0042659
-0.0104041
-0.0109023
-0.0170932
-0.0247931
-0.0271258
-0.0330344
-0.0337087
-0.0415523
-0.0425267
-0.0465244
-0.0422713
-0.0389671
-0.0395049
-0.0362504
-0.0366389
-0.0357327
-0.0377389
-0.0288231
-0.0395045
-0.0429562
-0.0319108
-0.0424248
-0.0408595
-0.0447507
-0.0463183
-0.0430566
-0.0505028
-0.04762
-0.0513769
-0.0522012
-0.0495158
-0.0506921
-0.0505711
-0.0535666
-0.0523617
-0.0548108
-0.0557353
-0.05619
-0.0548869
-0.0555291
-0.0545633
-0.054635
-0.0559518
-0.0582951
-0.0551333
-0.0551568
-0.0561878
-0.0578991
-0.0600979
-0.0613743
-0.056257
-0.061203
-0.0588625
-0.0634959
-0.0641403
-0.064063
-0.0630289
-0.0631751
-0.063102
-0.0621984
-0.062518
-0.0641091
-0.0651207
-0.0619605
-0.0642008
-0.0641321
-0.0648702
-0.0632306
-0.0675963
-0.0622666
-0.0642465
-0.0643887
-0.0652807
-0.0530607
-0.0529592
-0.0450756
-0.0408167
-0.0451243
-0.0322908
-0.0284495
-0.0275419
-0.0189477
-0.014471
-0.00338608
7.96346e-05
0.00993801
0.0216465
0.0282142
0.0390571
0.0485927
0.0536479
0.055012
0.0589763
0.0596519
0.0516039
0.0505731
0.047197
0.036512
0.0322201
0.0260481
0.0217393
0.0203409
0.0120449
0.00360782
-0.00673449
-0.0124243
-0.0193419
-0.0305358
-0.0390392
-0.0412341
-0.0428543
-0.0511181
-0.0551463
-0.058495
-0.0637652
-0.0668266
-0.0713878
-0.0759266
-0.0721473
-0.0792648
-0.0863381
-0.0821752
-0.0887176
-0.0882499
-0.0893079
-0.0945994
-0.0990562
-0.103985
-0.103115
-0.101318
-0.106526
-0.108759
-0.111586
-0.113029
-0.117595
-0.121616
-0.120184
-0.124545
-0.124549
-0.130019
-0.130363
-0.130764
-0.129467
-0.133546
-0.133546
-0.136089
-0.137296
-0.138568
-0.140328
-0.14228
-0.143481
-0.140392
-0.143641
-0.143109
-0.145247
-0.146633
-0.144787
-0.148106
-0.147565
-0.146223
-0.144438
-0.147338
-0.152427
-0.154257
-0.154257
-0.15263
-0.154025
-0.152286
-0.152183
-0.157678
-0.153138
-0.15551
-0.151051
-0.15977
-0.160049
-0.162296
-0.158279
-0.158279
-0.163528
-0.160107
-0.159486
-0.159007
-0.159888
-0.162156
-0.159536
-0.160824
-0.158632
-0.158966
-0.162643
-0.162171
-0.162723
-0.169803
-0.158613
-0.164712
-0.167482
-0.161799
-0.164768
-0.168261
-0.165838
-0.160939
-0.164689
-0.164175
-0.165718
-0.167374
-0.167374
-0.167374
-0.163249
-0.165588
-0.164827
-0.16577
-0.166695
-0.167986
-0.171114
-0.163934
-0.163284
-0.16614
-0.169364
-0.16728
-0.16725
-0.166327
-0.168014
-0.166519
-0.167354
-0.17031
-0.165465
-0.166903
-0.165179
-0.164571
-0.17034
-0.168251
-0.170246
-0.166775
-0.167754
-0.16203
-0.17203
-0.163023
-0.163913
-0.166808
-0.163119
-0.168999
-0.165086
-0.161928
-0.170992
-0.164532
-0.167805
-0.164469
-0.16341
-0.168033
-0.164341
-0.164341
-0.163979
-0.16151
-0.165565
-0.166186
-0.167403
-0.162635
-0.16381
-0.160052
-0.167678
-0.168832
-0.162055
-0.167177
-0.164185
-0.163829
-0.165254
-0.165361
-0.164333
-0.16514
-0.164805
-0.165872
-0.164433
-0.165617
-0.161471
-0.166109
-0.165567
-0.165567
-0.162325
-0.165638
-0.1663
-0.16751
-0.16414
-0.162751
-0.163539
-0.163539
-0.159733
-0.163854
-0.166163
-0.162668
-0.163678
-0.162298
-0.162438
-0.16141
-0.162991
-0.167343
-0.166786
-0.162483
-0.16339
-0.166714
-0.163798
-0.163853
-0.160921
-0.162141
-0.161252
-0.161539
-0.164366
-0.162288
-0.165018
-0.163788
-0.163647
-0.165584
-0.164355
-0.165258
-0.160308
-0.160169
-0.163357
-0.163945
-0.161231
-0.164312
-0.166523
-0.165367
-0.16147
-0.165776
-0.16409
-0.161093
-0.163876
-0.158243
-0.159111
-0.167061
-0.158779
-0.16283
-0.161054
-0.159796
-0.161423
-0.163229
-0.164772
-0.164025
-0.162672
-0.160657
-0.163415
-0.165702
-0.159941
-0.161425
-0.161425
-0.160896
-0.16291
-0.157414
-0.156578
-0.156877
-0.159661
-0.16052
-0.16137
-0.16559
-0.156408
-0.160178
-0.159928
-0.158802
-0.162305
-0.157409
-0.155198
-0.15748
-0.158096
-0.158643
-0.162548
-0.156368
-0.1549
-0.160639
-0.164303
-0.162683
-0.157152
-0.15833
-0.157332
-0.158869
-0.156876
-0.155412
-0.156949
-0.15335
-0.157688
-0.158623
-0.158751
-0.157214
-0.159011
-0.158344
-0.161066
-0.160499
-0.156346
-0.157894
-0.157403
-0.157403
-0.156959
-0.152772
-0.153745
-0.1551
-0.156122
-0.153777
-0.155771
-0.158477
-0.156937
-0.15534
-0.15534
-0.154136
-0.155017
-0.159114
-0.154268
-0.154136
-0.15598
-0.155829
-0.151109
-0.15236
-0.155365
-0.157464
-0.158284
-0.150493
-0.151249
-0.152355
-0.153072
-0.155191
-0.156179
-0.153362
-0.153429
-0.150575
-0.151786
-0.153056
-0.155854
-0.153471
-0.154377
-0.15205
-0.149365
-0.151951
-0.14935
-0.147838
-0.153353
-0.150797
-0.149258
-0.156779
-0.153124
-0.153649
-0.152667
-0.151505
-0.150806
-0.151452
-0.149989
-0.147237
-0.148551
-0.152614
-0.157404
-0.154684
-0.150672
-0.151998
-0.15161
-0.151088
-0.148218
-0.150616
-0.152923
-0.14924
-0.149493
-0.148254
-0.147203
-0.151816
-0.152626
-0.149282
-0.151267
-0.152261
-0.147053
-0.149191
-0.149022
-0.147017
-0.148483
-0.150259
-0.150307
-0.148656
-0.149685
-0.152004
-0.146921
-0.148964
-0.147757
-0.150249
-0.147191
-0.151488
-0.15119
-0.148128
-0.14749
-0.146361
-0.148043
-0.147083
-0.147651
-0.147424
-0.14926
-0.146421
-0.14885
-0.14509
-0.147203
-0.147107
-0.145816
-0.145119
-0.143877
-0.147781
-0.150287
-0.147466
-0.147386
-0.149598
-0.146264
-0.146755
-0.144685
-0.148055
-0.147006
-0.144483
-0.144416
-0.145628
-0.138426
-0.147143
-0.149359
-0.145749
-0.147542
-0.145311
-0.147366
-0.146116
-0.144824
-0.143815
-0.145823
-0.145582
-0.144911
-0.142697
-0.14509
-0.147973
-0.140739
-0.142948
-0.145093
-0.147032
-0.143508
-0.147789
-0.139812
-0.143538
-0.144376
-0.139287
-0.138768
-0.143091
-0.13793
-0.142635
-0.148667
-0.144841
-0.144173
-0.146478
-0.141687
-0.144805
-0.140651
-0.144957
-0.140716
-0.13976
-0.141528
-0.145469
-0.141373
-0.138956
-0.141338
-0.14829
-0.142467
-0.143221
-0.14362
-0.139169
-0.145536
-0.141416
-0.145141
-0.138586
-0.13784
-0.133879
-0.138475
-0.139806
-0.141662
-0.141728
-0.141598
-0.140375
-0.142353
-0.13726
-0.139676
-0.139897
-0.138582
-0.140043
-0.139954
-0.139285
-0.136408
-0.139262
-0.141798
-0.141819
-0.140552
-0.135844
-0.140243
-0.139394
-0.142957
-0.142977
-0.139877
-0.140486
-0.144785
-0.143135
-0.141688
-0.140574
-0.138461
-0.13922
-0.137086
-0.13526
-0.137063
-0.13419
-0.138635
-0.143447
-0.139264
-0.141753
-0.138791
-0.139307
-0.138131
-0.142668
-0.137459
-0.139595
-0.139242
-0.139955
-0.138241
-0.138813
-0.138944
-0.140731
-0.138484
-0.139463
-0.140354
-0.139706
-0.137394
-0.138109
-0.140332
-0.139419
-0.138263
-0.136933
-0.138241
-0.136239
-0.137459
-0.139198
-0.139528
-0.137699
-0.139772
-0.140264
-0.138307
-0.138373
-0.139886
-0.138754
-0.134019
-0.13289
-0.135194
-0.13554
-0.140487
-0.139797
-0.137109
-0.136086
-0.141511
-0.137064
-0.135955
-0.13802
-0.136337
-0.134562
-0.137393
-0.138571
-0.137175
-0.131803
-0.133781
-0.13648
-0.139374
-0.137436
-0.136756
-0.138153
-0.135734
-0.133583
-0.138658
-0.139011
-0.139041
-0.138682
-0.128376
-0.136977
-0.136283
-0.137554
-0.134488
-0.13356
-0.134845
-0.136974
-0.137685
-0.135062
-0.13393
-0.137173
-0.132583
-0.131868
-0.131127
-0.137105
-0.133647
-0.133909
-0.133149
-0.134992
-0.13562
-0.133888
-0.133688
-0.137062
-0.136189
-0.133711
-0.133751
-0.132519
-0.130348
-0.136638
-0.132561
-0.134732
-0.130717
-0.13404
-0.13076
-0.134092
-0.130108
-0.134708
-0.137542
-0.135278
-0.130173
-0.134884
-0.138827
-0.134994
-0.133103
-0.130343
-0.135592
-0.132974
-0.133907
-0.131279
-0.129196
-0.129303
-0.132553
-0.132553
-0.132034
-0.13453
-0.131515
-0.130126
-0.132535
-0.136125
-0.133471
-0.133103
-0.131422
-0.134726
-0.134054
-0.132727
-0.137802
-0.130209
-0.127737
-0.13461
-0.128886
-0.131074
-0.129259
-0.13054
-0.13609
-0.132681
-0.133615
-0.13237
-0.13181
-0.135661
-0.132205
-0.12951
-0.127312
-0.130668
-0.126292
-0.126896
-0.135521
-0.12982
-0.130078
-0.131921
-0.134357
-0.132155
-0.12974
-0.131376
-0.128621
-0.132754
-0.130225
-0.129813
-0.13081
-0.127058
-0.128097
-0.130641
-0.131595
-0.130479
-0.128208
-0.130677
-0.129447
-0.125456
-0.128192
-0.129813
-0.134739
-0.131479
-0.128233
-0.128515
-0.128187
-0.128942
-0.130179
-0.135931
-0.135775
-0.130771
-0.130624
-0.127099
-0.126932
-0.129043
-0.126407
-0.128576
-0.131093
-0.124707
-0.1324
-0.13134
-0.128518
-0.129365
-0.127701
-0.13054
-0.127527
-0.127813
-0.126763
-0.13024
-0.1318
-0.132728
-0.130295
-0.13112
-0.130182
-0.127153
-0.128171
-0.130852
-0.128671
-0.127587
-0.129349
-0.129941
-0.123759
-0.125253
-0.130088
-0.130932
-0.130662
-0.125627
-0.12651
-0.1298
-0.12603
-0.127153
-0.124906
-0.124105
-0.127239
-0.129819
-0.130832
-0.12708
-0.128085
-0.127021
-0.125984
-0.127001
-0.128869
-0.12694
-0.123439
-0.124546
-0.124756
-0.129223
-0.12776
-0.127334
-0.12669
-0.126127
-0.123504
-0.128045
-0.129449
-0.130844
-0.126518
-0.127133
-0.127067
-0.122573
-0.126737
-0.131718
-0.12651
-0.125561
-0.125561
-0.127554
-0.128696
-0.13071
-0.130032
-0.131106
-0.125456
-0.126033
-0.125265
-0.126882
-0.127546
-0.125786
-0.130214
-0.124972
-0.126869
-0.128275
-0.127738
-0.126388
-0.126388
-0.12271
-0.130557
-0.125524
-0.125429
-0.120723
-0.130945
-0.130945
-0.126129
-0.125829
-0.123301
-0.129898
-0.125693
-0.125306
-0.122486
-0.127213
-0.129541
-0.127076
-0.127221
-0.12301
-0.127085
-0.128698
-0.126804
-0.123424
-0.121826
-0.125486
-0.124281
-0.122963
-0.126616
-0.124269
-0.128189
-0.131217
-0.125716
-0.125296
-0.12656
-0.126215
-0.122715
-0.122372
-0.11874
-0.125668
-0.122101
-0.123891
-0.124224
-0.125535
-0.129093
-0.130233
-0.121598
-0.120737
-0.123294
-0.125219
-0.129676
-0.124643
-0.125178
-0.125148
-0.12321
-0.122316
-0.119396
-0.123142
-0.124279
-0.12798
-0.127411
-0.122271
-0.122032
-0.126069
-0.122053
-0.120915
-0.124864
-0.126512
-0.123094
-0.122624
-0.121691
-0.123152
-0.125253
-0.123046
-0.12299
-0.120896
-0.12581
-0.12821
-0.123168
-0.122918
-0.124287
-0.119978
-0.125896
-0.121642
-0.12379
-0.120708
-0.124594
-0.125111
-0.120763
-0.122643
-0.12222
-0.125388
-0.123974
-0.122661
-0.125332
-0.125136
-0.124723
-0.123992
-0.122287
-0.12222
-0.12636
-0.122024
-0.123992
-0.127836
-0.125841
-0.124228
-0.12336
-0.119588
-0.121029
-0.126489
-0.121006
-0.123679
-0.119478
-0.119581
-0.125636
-0.121519
-0.122581
-0.124796
-0.12371
-0.121294
-0.122673
-0.126137
-0.118763
-0.122728
-0.123198
-0.120478
-0.118617
-0.121063
-0.119411
-0.12114
-0.126249
-0.123839
-0.123859
-0.121757
-0.11989
-0.122359
-0.124559
-0.124112
-0.11673
-0.11996
-0.124678
-0.120466
-0.120757
-0.121939
-0.125191
-0.124196
-0.123801
-0.120964
-0.124196
-0.120063
-0.126377
-0.123701
-0.123787
-0.12178
-0.120223
-0.11928
-0.121434
-0.121473
-0.123637
-0.12221
-0.121334
-0.120085
-0.121523
-0.121647
-0.119464
-0.12444
-0.120341
-0.124869
-0.121416
-0.122499
-0.120191
-0.120429
-0.123945
-0.128054
-0.127463
-0.123925
-0.12098
-0.121134
-0.11964
-0.120156
-0.12147
-0.117994
-0.120135
-0.120408
-0.118287
-0.121441
-0.120359
-0.116251
-0.127788
-0.123492
-0.122461
-0.125515
-0.121016
-0.117919
-0.122174
-0.121801
-0.122488
-0.125437
-0.126469
-0.117441
-0.119503
-0.119286
-0.116654
-0.122813
-0.122491
-0.114369
-0.120827
-0.118019
-0.119165
-0.117174
-0.120444
-0.122576
-0.120398
-0.119458
-0.119269
-0.122864
-0.120432
-0.12072
-0.119149
-0.121699
-0.117917
-0.12062
-0.124688
-0.117747
-0.121664
-0.120535
-0.120894
-0.122452
-0.118927
-0.118655
-0.118002
-0.12016
-0.122388
-0.11807
-0.119047
-0.120517
-0.119337
-0.116806
-0.117128
-0.119869
-0.122009
-0.12187
-0.119954
-0.123468
-0.123243
-0.120844
-0.119852
-0.119972
-0.117493
-0.119868
-0.118689
-0.117848
-0.123192
-0.119557
-0.118826
-0.120501
-0.119955
-0.122481
-0.116366
-0.115714
-0.115528
-0.121118
-0.122147
-0.119886
-0.12009
-0.118398
-0.118398
-0.11927
-0.115781
-0.115764
-0.121119
-0.115511
-0.120142
-0.119541
-0.11768
-0.117629
-0.116603
-0.119818
-0.117061
-0.116841
-0.117901
-0.11992
-0.120482
-0.114638
-0.121599
-0.119778
-0.118194
-0.119611
-0.117644
-0.116756
-0.119457
-0.119235
-0.119767
-0.120997
-0.114638
-0.118719
-0.119664
-0.11968
-0.116433
-0.120568
-0.115237
-0.112354
-0.124183
-0.118638
-0.115579
-0.122284
-0.117663
-0.118107
-0.115273
-0.116261
-0.116039
-0.117543
-0.118703
-0.11838
-0.117849
-0.117849
-0.117849
-0.117849
-0.119954
-0.118619
-0.117644
-0.119046
-0.119647
-0.11884
-0.120635
-0.11563
-0.117252
-0.119662
-0.116689
-0.119263
-0.113981
-0.116211
-0.114198
-0.117833
-0.115983
-0.120637
-0.120893
-0.12032
-0.118159
-0.118432
-0.11356
-0.117285
-0.118377
-0.119728
-0.119919
-0.115338
-0.115338
-0.11515
-0.115247
-0.115049
-0.116898
-0.117379
-0.114162
-0.114249
-0.119761
-0.116493
-0.115576
-0.120562
-0.119725
-0.118443
-0.117314
-0.11434
-0.114192
-0.120546
-0.11644
-0.113492
-0.117309
-0.113986
-0.117016
-0.117298
-0.117346
-0.116419
-0.114179
-0.11424
-0.113801
-0.115016
-0.112078
-0.118119
-0.118932
-0.116138
-0.116803
-0.112501
-0.114742
-0.116084
-0.116051
-0.117196
-0.116012
-0.116767
-0.119362
-0.117176
-0.117085
-0.115315
-0.115758
-0.117743
-0.118439
-0.115352
-0.113965
-0.113133
-0.116493
-0.111843
-0.111759
-0.115303
-0.115778
-0.116743
-0.116148
-0.114987
-0.115517
-0.115702
-0.120863
-0.120213
-0.114903
-0.112791
-0.114066
-0.11821
-0.117117
-0.11644
-0.117699
-0.11941
-0.114155
-0.113611
-0.112401
-0.112454
-0.115182
-0.115496
-0.116318
-0.115549
-0.114609
-0.118787
-0.114847
-0.114595
-0.115835
-0.114097
-0.114097
-0.120639
-0.112122
-0.115173
-0.116844
-0.114213
-0.116968
-0.1197
-0.113483
-0.10863
-0.114557
-0.115331
-0.117143
-0.118118
-0.117915
-0.115934
-0.113467
-0.114595
-0.114738
-0.113149
-0.114376
-0.111541
-0.120627
-0.112754
-0.116259
-0.1186
-0.117219
-0.11415
-0.115167
-0.118298
-0.113154
-0.115198
-0.114213
-0.112032
-0.114897
-0.114843
-0.110691
-0.1141
-0.114565
-0.111627
-0.115299
-0.112389
-0.114859
-0.113799
-0.111444
-0.114867
-0.114918
-0.115019
-0.122932
-0.11629
-0.115437
-0.110821
-0.115826
-0.111552
-0.111026
-0.114636
-0.115681
-0.118158
-0.117801
-0.114293
-0.113992
-0.11499
-0.113453
-0.114596
-0.110829
-0.114928
-0.112299
-0.113761
-0.117065
-0.114107
-0.114015
-0.11743
-0.112719
-0.112433
-0.11732
-0.106253
-0.106253
-0.117041
-0.1099
-0.115167
-0.114864
-0.114649
-0.110791
-0.112394
-0.113715
-0.1143
-0.115098
-0.119132
-0.112232
-0.112925
-0.116946
-0.11188
-0.113249
-0.113774
-0.11089
-0.11307
-0.111919
-0.112648
-0.113619
-0.110753
-0.117034
-0.112947
-0.113474
-0.1124
-0.109816
-0.111292
-0.113124
-0.11284
-0.114789
-0.112033
-0.114797
-0.115266
-0.114228
-0.112434
-0.111811
-0.110105
-0.115113
-0.121227
-0.114658
-0.114813
-0.112832
-0.113534
-0.111613
-0.115864
-0.11814
-0.113185
-0.113858
-0.11675
-0.111426
-0.113564
-0.112678
-0.113644
-0.110387
-0.112594
-0.114402
-0.113164
-0.108591
-0.112868
-0.115558
-0.114127
-0.109216
-0.111673
-0.113047
-0.110323
-0.115387
-0.111694
-0.112897
-0.114989
-0.113509
-0.113509
-0.111451
-0.111757
-0.113534
-0.11063
-0.113744
-0.113324
-0.114864
-0.108287
-0.112984
-0.111078
-0.111535
-0.112952
-0.114969
-0.112544
-0.114298
-0.109339
-0.109127
-0.110437
-0.113194
-0.115291
-0.114609
-0.114754
-0.112224
-0.113224
-0.111683
-0.11249
-0.115492
-0.110496
-0.109295
-0.114709
-0.114509
-0.112574
-0.113479
-0.112589
-0.113828
-0.115748
-0.114372
-0.112028
-0.106792
-0.110441
-0.115825
-0.115663
-0.111381
-0.112798
-0.107465
-0.113778
-0.110101
-0.11046
-0.112324
-0.112783
-0.111589
-0.110357
-0.110357
-0.110813
-0.109255
-0.110287
-0.114257
-0.112728
-0.113151
-0.11159
-0.11476
-0.107571
-0.113198
-0.109502
-0.112504
-0.1119
-0.110798
-0.110331
-0.107361
-0.110148
-0.110273
-0.108361
-0.118553
-0.109968
-0.112057
-0.112408
-0.112883
-0.111529
-0.113948
-0.11104
-0.108517
-0.113737
-0.114163
-0.11269
-0.108992
-0.113674
-0.111614
-0.11132
-0.114161
-0.107237
-0.107162
-0.113394
-0.109953
-0.110075
-0.110842
-0.110594
-0.113514
-0.109466
-0.112057
-0.112905
-0.110997
-0.112058
-0.109895
-0.11422
-0.1135
-0.111573
-0.111518
-0.110856
-0.110094
-0.10774
-0.109419
-0.110174
-0.108672
-0.114261
-0.111334
-0.11262
-0.103434
-0.10342
-0.104834
-0.111095
-0.110121
-0.107013
-0.112212
-0.112212
-0.109411
-0.112297
-0.107712
-0.109924
-0.110486
-0.111503
-0.109145
-0.109145
-0.111083
-0.111279
-0.11029
-0.107726
-0.108951
-0.110984
-0.110235
-0.114505
-0.111584
-0.108936
-0.111931
-0.11365
-0.109841
-0.109161
-0.109827
-0.108531
-0.111027
-0.110052
-0.111831
-0.108489
-0.107866
-0.11227
-0.110248
-0.110759
-0.111704
-0.111266
-0.110066
-0.10987
-0.108671
-0.116329
-0.111478
-0.114206
-0.109911
-0.108994
-0.11217
-0.109912
-0.108994
-0.107628
-0.110787
-0.108727
-0.109162
-0.110928
-0.106946
-0.108033
-0.110052
-0.110998
-0.109658
-0.10629
-0.106956
-0.108335
-0.111266
-0.1109
-0.107909
-0.106683
-0.10937
-0.110151
-0.114594
-0.107319
-0.111407
-0.112693
-0.112651
-0.107712
-0.108447
-0.109454
-0.112651
-0.106655
-0.111661
-0.104569
-0.110913
-0.107754
-0.108543
-0.107503
-0.106125
-0.110828
-0.107347
-0.108032
-0.112128
-0.108797
-0.10994
-0.110809
-0.10704
-0.106208
-0.110361
-0.109513
-0.109246
-0.108031
-0.10867
-0.109912
-0.10379
-0.108627
-0.105109
-0.108451
-0.112961
-0.111633
-0.10895
-0.108966
-0.112889
-0.110744
-0.107501
-0.110626
-0.107641
-0.107807
-0.109938
-0.107596
-0.104208
-0.107571
-0.108367
-0.109047
-0.103387
-0.112099
-0.109892
-0.107809
-0.108866
-0.106584
-0.108513
-0.110698
-0.109064
-0.110629
-0.109952
-0.104831
-0.10539
-0.109061
-0.111866
-0.110773
-0.112916
-0.107092
-0.106717
-0.109161
-0.109356
-0.110813
-0.109367
-0.106159
-0.105473
-0.107963
-0.110752
-0.107638
-0.108811
-0.107655
-0.109411
-0.110134
-0.113799
-0.107976
-0.107122
-0.109299
-0.10896
-0.107344
-0.108725
-0.107753
-0.107753
-0.107945
-0.109669
-0.108113
-0.108917
-0.10861
-0.105136
-0.107273
-0.10512
-0.109049
-0.112522
-0.111624
-0.10512
-0.109554
-0.107512
-0.110894
-0.10537
-0.107158
-0.108583
-0.10604
-0.10604
-0.110836
-0.105383
-0.111872
-0.11105
-0.104317
-0.108442
-0.111094
-0.106916
-0.108327
-0.109527
-0.106326
-0.106621
-0.108593
-0.108455
-0.110327
-0.1053
-0.109652
-0.107763
-0.109411
-0.106379
-0.108327
-0.109513
-0.109851
-0.109367
-0.108366
-0.108819
-0.110246
-0.10828
-0.106731
-0.11025
-0.107095
-0.108694
-0.107649
-0.108242
-0.109838
-0.107525
-0.105409
-0.105624
-0.112086
-0.10607
-0.104961
-0.106661
-0.106661
-0.106872
-0.104124
-0.110769
-0.11126
-0.11126
-0.10979
-0.112486
-0.108334
-0.108175
-0.111722
-0.105449
-0.109172
-0.109172
-0.108002
-0.108505
-0.108505
-0.105475
-0.105475
-0.104935
-0.107525
-0.1081
-0.1081
-0.107481
-0.107209
-0.108115
-0.11433
-0.109887
-0.111849
-0.111146
-0.10566
-0.101914
-0.105979
-0.108451
-0.110908
-0.106287
-0.109834
-0.108152
-0.106608
-0.107039
-0.110112
-0.110112
-0.108773
-0.107554
-0.106127
-0.104815
-0.104815
-0.103954
-0.107964
-0.106621
-0.106216
-0.109451
-0.109509
-0.108321
-0.109634
-0.102074
-0.107384
-0.108513
-0.105077
-0.105853
-0.107525
-0.108606
-0.107756
-0.109963
-0.106894
-0.105849
-0.104742
-0.111852
-0.112031
-0.103397
-0.108654
-0.104084
-0.104084
-0.110992
-0.106347
-0.101854
-0.105552
-0.10694
-0.111108
-0.109745
-0.107385
-0.110903
-0.109061
-0.104304
-0.112206
-0.104372
-0.101535
-0.109924
-0.105311
-0.105928
-0.108681
-0.105302
-0.103218
-0.110368
-0.105844
-0.103945
-0.114513
-0.108542
-0.105191
-0.105191
-0.111644
-0.104142
-0.111637
-0.10507
-0.10187
-0.104558
-0.10743
-0.109226
-0.109387
-0.111368
-0.107385
-0.103905
-0.107857
-0.107327
-0.11282
-0.106848
-0.10053
-0.107179
-0.114882
-0.110355
-0.110179
-0.104805
-0.106615
-0.11313
-0.107782
-0.107437
-0.113074
-0.110244
-0.104805
-0.104528
-0.1048
-0.104321
-0.106449
-0.106449
-0.110584
-0.106913
-0.11302
-0.106179
-0.103693
-0.111407
-0.102542
-0.106822
-0.110393
-0.108569
-0.103962
-0.108892
-0.110635
-0.108578
-0.108578
-0.107832
-0.107832
-0.107243
-0.101447
-0.109526
-0.105295
-0.110505
-0.103067
-0.105311
-0.110079
-0.102945
-0.105256
-0.109384
-0.102808
-0.1081
-0.105883
-0.104372
-0.109248
-0.10734
-0.109117
-0.104161
-0.108172
-0.105404
-0.10608
-0.105849
-0.10516
-0.111467
-0.106411
-0.105047
-0.106441
-0.109687
-0.105808
-0.105808
-0.108113
-0.109523
-0.109464
-0.106936
-0.106809
-0.105958
-0.106645
-0.103735
-0.106923
-0.106172
-0.105411
-0.106256
-0.108827
-0.0982717
-0.105673
-0.110744
-0.106679
-0.112466
-0.107475
-0.102607
-0.10799
-0.108808
-0.106669
-0.109764
-0.107786
-0.106294
-0.103735
-0.107139
-0.101379
-0.107638
-0.114316
-0.103138
-0.110454
-0.108476
-0.104289
-0.108555
-0.104132
-0.104574
-0.107853
-0.108164
-0.103186
-0.103748
-0.107105
-0.103103
-0.101284
-0.10747
-0.107618
-0.106546
-0.102835
-0.107586
-0.10785
-0.105244
-0.106755
-0.105865
-0.1071
-0.106449
-0.105352
-0.105782
-0.109299
-0.104662
-0.105519
-0.107113
-0.103772
-0.108839
-0.106936
-0.109299
-0.106829
-0.103664
-0.104218
-0.104435
-0.106805
-0.107574
-0.107574
-0.104044
-0.110223
-0.1099
-0.108235
-0.106948
-0.108937
-0.105949
-0.103917
-0.105818
-0.106541
-0.110057
-0.107429
-0.10099
-0.104795
-0.107366
-0.105783
-0.10678
-0.109009
-0.105865
-0.107008
-0.106391
-0.105849
-0.107659
-0.103936
-0.104198
-0.105415
-0.111059
-0.108767
-0.105
-0.101966
-0.103249
-0.103033
-0.108527
-0.106251
-0.108223
-0.111189
-0.103664
-0.104664
-0.102443
-0.10295
-0.108487
-0.102404
-0.109164
-0.107706
-0.106852
-0.10439
-0.106403
-0.105996
-0.105794
-0.108404
-0.108288
-0.107768
-0.107768
-0.108754
-0.103296
-0.106901
-0.106357
-0.107877
-0.107526
-0.106323
-0.105081
-0.105093
-0.105723
-0.105447
-0.106384
-0.103058
-0.107694
-0.106191
-0.105781
-0.105022
-0.106782
-0.103619
-0.104842
-0.106827
-0.10795
-0.106986
-0.103202
-0.108467
-0.109022
-0.107035
-0.109815
-0.103225
-0.104437
-0.105615
-0.105447
-0.105999
-0.103058
-0.104842
-0.10778
-0.108307
-0.108066
-0.109961
-0.108997
-0.102383
-0.104712
-0.102503
-0.106686
-0.102154
-0.105297
-0.105999
-0.104605
-0.103809
-0.102061
-0.101671
-0.106623
-0.105043
-0.10495
-0.106588
-0.102215
-0.1035
-0.1035
-0.107078
-0.106023
-0.108189
-0.110217
-0.107442
-0.107442
-0.102962
-0.106431
-0.106431
-0.105022
-0.10879
-0.109189
-0.108476
-0.108476
-0.10211
-0.105435
-0.105435
-0.104677
-0.106095
-0.102882
-0.106674
-0.105447
-0.107119
-0.110144
-0.106335
-0.105073
-0.107985
-0.107107
-0.104629
-0.108719
-0.106298
-0.103964
-0.106637
-0.108792
-0.104413
-0.104521
-0.102882
-0.106248
-0.105579
-0.102443
-0.105963
-0.107913
-0.103572
-0.108402
-0.109117
-0.109117
-0.107759
-0.101756
-0.108427
-0.102061
-0.104797
-0.10427
-0.105719
-0.115543
-0.10392
-0.102146
-0.109352
-0.103141
-0.102669
-0.106324
-0.103345
-0.108232
-0.106648
-0.101764
-0.107478
-0.108293
-0.10631
-0.104204
-0.102467
-0.102902
-0.105986
-0.107526
-0.103297
-0.106915
-0.106722
-0.108678
-0.108529
-0.107442
-0.106335
-0.103476
-0.108584
-0.106674
-0.107829
-0.105276
-0.103404
-0.105531
-0.103177
-0.104916
-0.108573
-0.104101
-0.106588
-0.105226
-0.105555
-0.105398
-0.106637
-0.105256
-0.105256
-0.101114
-0.107988
-0.106745
-0.105651
-0.102276
-0.103847
-0.102902
-0.10255
-0.10701
-0.105771
-0.104677
-0.107167
-0.107624
-0.10512
-0.11031
-0.11041
-0.105519
-0.103607
-0.105507
-0.10392
-0.103728
-0.106866
-0.104084
-0.102947
-0.105984
-0.104352
-0.104352
-0.104352
-0.10052
-0.10512
-0.104412
-0.104773
-0.101813
-0.10772
-0.108681
-0.105867
-0.106442
-0.105711
-0.104119
-0.103943
-0.102443
-0.103834
-0.102906
-0.106708
-0.101825
-0.101469
-0.106089
-0.108388
-0.103054
-0.10822
-0.107902
-0.105747
-0.10541
-0.101268
-0.101778
-0.10718
-0.108951
-0.1066
-0.103069
-0.105119
-0.103103
-0.103782
-0.105919
-0.109497
-0.102323
-0.104557
-0.10179
-0.105844
-0.106035
-0.109045
-0.104521
-0.108279
-0.107586
-0.102191
-0.103308
-0.104569
-0.106381
-0.100778
-0.1023
-0.102835
-0.104976
-0.104748
-0.103583
-0.106745
-0.106404
-0.10864
-0.104473
-0.104862
-0.104113
-0.104436
-0.100544
-0.10381
-0.107118
-0.102371
-0.10743
-0.10418
-0.102061
-0.103619
-0.105843
-0.107355
-0.103092
-0.10115
-0.103345
-0.105506
-0.106442
-0.106442
-0.106758
-0.104976
-0.103236
-0.1049
-0.105314
-0.108487
-0.106625
-0.101589
-0.102562
-0.101315
-0.1041
-0.102836
-0.104473
-0.103115
-0.105227
-0.106346
-0.100971
-0.101612
-0.10424
-0.10387
-0.108225
-0.107279
-0.104676
-0.106492
-0.101363
-0.106343
-0.103692
-0.107764
-0.104857
-0.10205
-0.106247
-0.108271
-0.107057
-0.101956
-0.10731
-0.107753
-0.106361
-0.103366
-0.104601
-0.103366
-0.1061
-0.0971291
-0.103268
-0.10431
-0.103675
-0.105121
-0.103115
-0.107788
-0.104925
-0.105138
-0.103195
-0.107192
-0.106228
-0.104639
-0.103306
-0.106693
-0.105782
-0.112428
-0.101585
-0.0988398
-0.101753
-0.0995465
-0.106308
-0.104276
-0.105576
-0.102763
-0.107601
-0.107263
-0.103496
-0.10843
-0.104988
-0.10329
-0.103248
-0.104062
-0.105284
-0.102728
-0.10173
-0.105211
-0.101202
-0.104856
-0.101613
-0.103568
-0.10746
-0.109137
-0.107177
-0.104375
-0.104482
-0.103089
-0.105288
-0.102608
-0.102025
-0.106083
-0.109642
-0.103031
-0.101255
-0.104326
-0.101963
-0.105188
-0.103027
-0.10315
-0.106961
-0.104203
-0.106273
-0.102941
-0.105975
-0.105735
-0.103438
-0.106635
-0.104591
-0.103176
-0.101218
-0.100558
-0.104772
-0.101278
-0.10375
-0.104639
-0.104482
-0.104699
-0.107791
-0.105576
-0.109502
-0.101308
-0.100153
-0.102559
-0.107421
-0.101986
-0.100979
-0.102009
-0.100862
-0.102825
-0.104302
-0.102775
-0.102749
-0.107969
-0.102058
-0.105637
-0.107483
-0.100626
-0.104097
-0.107815
-0.10601
-0.101568
-0.102081
-0.103821
-0.103317
-0.103485
-0.107305
-0.105829
-0.105003
-0.102909
-0.099251
-0.103619
-0.104298
-0.102092
-0.103541
-0.10363
-0.104073
-0.101157
-0.100426
-0.105296
-0.110088
-0.103296
-0.10548
-0.104432
-0.106293
-0.103
-0.104124
-0.102354
-0.104707
-0.105194
-0.108684
-0.104958
-0.104958
-0.107715
-0.0993146
-0.102938
-0.104478
-0.103998
-0.102221
-0.1039
-0.108049
-0.103453
-0.10149
-0.105087
-0.100029
-0.103765
-0.104119
-0.10334
-0.106127
-0.105358
-0.102687
-0.105594
-0.103335
-0.101596
-0.107233
-0.102554
-0.103136
-0.101891
-0.0996492
-0.102719
-0.0994633
-0.101959
-0.102388
-0.0988415
-0.104142
-0.107336
-0.102781
-0.107837
-0.105132
-0.102104
-0.0981917
-0.105284
-0.104
-0.0984872
-0.101836
-0.100349
-0.104867
-0.105801
-0.105414
-0.107715
-0.106033
-0.0999043
-0.100873
-0.103396
-0.101052
-0.104742
-0.101402
-0.104013
-0.106553
-0.103747
-0.103106
-0.102358
-0.104844
-0.105644
-0.103039
-0.103703
-0.104573
-0.099691
-0.103256
-0.102048
-0.105612
-0.101168
-0.104734
-0.101289
-0.102171
-0.100896
-0.105256
-0.104512
-0.102371
-0.10071
-0.103681
-0.100947
-0.103875
-0.101651
-0.103483
-0.101764
-0.106242
-0.101441
-0.106129
-0.110506
-0.107499
-0.10315
-0.103853
-0.1029
-0.1029
-0.104326
-0.102909
-0.101516
-0.0989341
-0.102865
-0.100184
-0.0998963
-0.102752
-0.102916
-0.103273
-0.107074
-0.0999347
-0.101578
-0.102803
-0.102366
-0.102876
-0.102657
-0.0999293
-0.10348
-0.103937
-0.107677
-0.102982
-0.10138
-0.107963
-0.107029
-0.103736
-0.103981
-0.102054
-0.0982517
-0.102942
-0.104996
-0.102076
-0.100958
-0.104944
-0.101819
-0.104007
-0.107233
-0.103853
-0.10164
-0.103923
-0.10216
-0.100907
-0.10164
-0.100696
-0.0979062
-0.102733
-0.102293
-0.102438
-0.103758
-0.105187
-0.0969975
-0.104701
-0.104808
-0.103706
-0.1039
-0.103055
-0.102803
-0.10451
-0.10324
-0.103743
-0.102008
-0.100707
-0.105914
-0.102595
-0.0974256
-0.103927
-0.0988074
-0.102258
-0.0977848
-0.100964
-0.100051
-0.105245
-0.103268
-0.103139
-0.10404
-0.104124
-0.106703
-0.102936
-0.104856
-0.101119
-0.10648
-0.0983164
-0.100856
-0.0987794
-0.103758
-0.105903
-0.104681
-0.106395
-0.101746
-0.100222
-0.10157
-0.103674
-0.102428
-0.10099
-0.101924
-0.106491
-0.098419
-0.098419
-0.100813
-0.100813
-0.105594
-0.103631
-0.106937
-0.104658
-0.102333
-0.0971683
-0.103066
-0.0981862
-0.101234
-0.102428
-0.101546
-0.100573
-0.103412
-0.10592
-0.102237
-0.103221
-0.105719
-0.103463
-0.100659
-0.100709
-0.100241
-0.0971011
-0.104323
-0.104323
-0.105461
-0.0995859
-0.102557
-0.104461
-0.101454
-0.103578
-0.102182
-0.101229
-0.100618
-0.10396
-0.100382
-0.104618
-0.100482
-0.0960934
-0.10414
-0.100762
-0.101986
-0.105576
-0.0998899
-0.102585
-0.102838
-0.100678
-0.10574
-0.105973
-0.10557
-0.10047
-0.10071
-0.105143
-0.100233
-0.0997056
-0.100928
-0.0996728
-0.103967
-0.0984825
-0.10302
-0.102638
-0.106206
-0.105263
-0.106576
-0.103433
-0.101486
-0.103117
-0.104135
-0.103875
-0.0996621
-0.101735
-0.102215
-0.100877
-0.0986061
-0.102648
-0.102806
-0.105165
-0.101001
-0.103232
-0.102437
-0.10015
-0.0988731
-0.104395
-0.0995495
-0.0978913
-0.103318
-0.105492
-0.106694
-0.104448
-0.105549
-0.101084
-0.104925
-0.102427
-0.10414
-0.103506
-0.099319
-0.100142
-0.10046
-0.0972199
-0.0996953
-0.101323
-0.103318
-0.103812
-0.102217
-0.102417
-0.102186
-0.104043
-0.101538
-0.101475
-0.100005
-0.10187
-0.100094
-0.103062
-0.103401
-0.0980645
-0.105135
-0.106017
-0.104766
-0.105857
-0.101968
-0.104724
-0.106239
-0.104023
-0.101851
-0.10181
-0.0997261
-0.102153
-0.0989762
-0.0982752
-0.103959
-0.103193
-0.105284
-0.102827
-0.102648
-0.0992995
-0.104337
-0.10069
-0.100918
-0.105094
-0.102521
-0.102343
-0.0996728
-0.102607
-0.104649
-0.104146
-0.101517
-0.101371
-0.0990415
-0.102083
-0.104544
-0.105889
-0.105973
-0.102628
-0.102427
-0.103781
-0.101873
-0.105135
-0.100272
-0.103517
-0.103496
-0.100667
-0.102879
-0.104617
-0.102575
-0.101851
-0.101149
-0.104946
-0.104552
-0.10339
-0.103195
-0.103935
-0.0932533
-0.102256
-0.0874201
-0.0688485
-0.0537281
-0.0549183
-0.0146619
0.0157202
-0.00638988
-0.0260534
-0.0253704
-0.0243931
-0.0367868
-0.0198721
0.00608057
0.219919
1.33303
0.130543
0.130543
-0.0050111
-0.0193144
-0.0150641
-0.0172996
0.0789407
0.0789407
0.101418
0.138854
0.154593
0.113915
0.11093
0.149149
0.181015
0.172471
0.0893746
0.0657901
0.0918398
0.086328
0.0719977
0.0296493
0.0243357
0.0389692
0.0334895
0.0221283
0.00940926
0.00382618
0.00661085
0.00558583
0.0065907
0.0065907
-0.00188601
0.00151793
0.00497521
0.0032854
0.0045426
0.0045426
0.00012797
0.00170836
-0.0014787
0.00110142
0.00208669
0.000316572
0.000812862
0.00016085
0.00110675
-0.00239918
0.00473292
0.000645468
-0.000551734
-0.000289583
-0.00092007
0.00217452
-0.00224349
0.00119003
-0.00189285
7.15727e-05
0.000901388
0.00291111
3.26635e-05
3.26635e-05
0.00150249
-0.00146539
0.00188668
0.00224787
-0.000356298
0.00138507
-0.00121887
0.0019647
0.00315906
-0.00389586
-0.000635592
0.000233018
-0.000758406
0.00122367
0.000729134
0.0035063
-0.00204185
0.00275496
-0.000972096
-0.00141402
-0.00141402
-0.000428826
0.00188181
0.00308091
-0.00261368
-0.00125797
0.000595563
0.00100345
0.00303285
0.000673959
0.00237959
0.00130695
0.00051197
0.000266615
0.000433711
0.000233018
0.000556414
-0.0010504
5.78733e-05
0.00376469
0.00050679
0.00050679
-0.00125797
0.0018262
0.0018262
0.00150249
-0.00216545
-0.000149287
-0.000272402
0.00107724
0.0014584
-0.000137942
0.00241867
-0.000188478
-0.00035068
-0.00145925
-2.6108e-05
-7.08053e-05
0.00335925
-0.000635592
0.00182156
0.000690078
-0.0027862
-1.19233e-05
-1.19233e-05
0.0019696
0.000757583
0.000729134
0.00237473
0.00335502
0.00146332
0.000595563
-0.0018272
-0.00065756
-0.00114058
-0.000149287
0.00305224
-0.00138724
0.000590361
-0.000434572
0.00368189
-3.15146e-05
-0.00126394
0.00121353
0.00158094
0.000629606
-0.000730803
-0.000272402
-0.00213264
0.00198831
0.00169886
0.00100345
-0.000972096
0.000880486
0.00179174
0.000919771
0.0012527
0.00110142
0.00277617
0.00165952
0.00244846
0.00190492
0.00193988
0.00100345
0.000752487
0.00227351
0.00292961
-0.00134811
0.00322895
0.000836116
0.00202325
-0.000522802
0.0013236
0.000954164
0.000914781
0.00257528
0.00257528
0.00017576
0.00289011
-0.00200275
0.00190492
-7.61262e-05
0.000673959
0.000394632
-0.000143689
0.000964166
0.00388289
0.0014192
0.00265379
-0.00151363
0.000841234
0.000964166
0.00441886
0.00363847
0.000299139
0.00273243
0.00211113
0.00149113
-7.61262e-05
0.00227351
0.00211113
0.00402619
0.00376065
0.00285064
0.00285928
-0.00303408
0.000673959
0.000954164
0.000954164
0.000924911
0.00150249
0.000299139
0.00181707
0.00112152
-0.00159825
0.00285064
-7.08053e-05
0.000870527
0.00111202
0.00107251
8.65559e-05
0.000988866
0.000870527
0.00251111
0.00127483
0.000367981
9.1771e-05
-0.000370422
-0.000781263
-0.000781263
0.00102838
0.000620077
0.000244447
0.00136312
-0.00151953
0.00341672
0.00300872
0.0029732
0.000786918
0.00190041
0.00247564
0.00325043
0.000284002
8.14902e-05
0.000914781
0.00309181
0.00219006
0.000914781
-0.00102289
-0.000365107
-0.000730803
0.00178689
0.00453403
0.00453403
0.00252272
-0.000167244
-0.000454755
0.000703335
0.00158094
0.00143781
-0.00102848
0.000160497
0.00131445
0.00564463
0.00164499
-0.000533791
-0.000528371
0.0008184
0.000249407
0.00251111
0.00107724
-0.00226882
0.000650285
0.00049158
0.00107724
0.000783397
0.00111202
0.00111202
0.00111202
0.00148189
0.000249407
0.00147749
0.00172879
0.00341672
0.00190041
0.00251111
-4.68376e-05
0.00374598
0.00144687
0.00263431
0.00148189
0.000377966
0.00152602
0.00325043
0.00107724
0.00127042
0.00305224
0.00276758
0.000141881
0.00139815
-0.000618093
0.00419621
0.00103783
-0.00107365
0.00317494
0.00359127
0.00300872
0.00609541
0.00148189
0.00176851
-0.00153088
-0.0023083
0.000451987
0.00332993
-0.000988957
0.00153065
0.00250711
0.000333405
0.000333405
0.000734329
0.00140268
0.000823064
0.00135854
-0.000786618
0.000694601
0.00213775
0.00102838
-0.000696993
-0.000696993
-0.000325601
0.00156123
-0.00127139
-0.000415187
0.000333405
0.00377881
0.00423928
-0.000286061
0.00181709
0.00152154
0.00502563
-0.00173095
0.0030127
0.0030127
0.00226913
0.00201893
0.00255082
-0.000246489
0.00329769
5.24449e-05
0.00147749
0.000293944
0.00180827
0.00103783
-0.00140676
-0.00140676
0.00353965
0.00353965
0.000496456
0.000575615
0.00074754
-8.285e-05
0.00506532
0.00226081
0.000615243
0.00222113
0.000284002
-0.000375586
0.00210664
0.000954164
0.000367981
-0.000741833
0.00427583
0.000288898
0.00329769
-0.00115832
0.00226489
0.00321072
0.000372899
0.00168049
0.00168049
0.0012657
0.000694601
0.000654906
0.000318908
0.00226489
0.00214616
0.000407572
0.00534974
-0.00057326
0.00214188
-0.000488934
-0.000201675
-0.000201675
-0.00123751
0.00234421
-0.000612695
0.00427583
0.000288898
0.000288898
0.000288898
0.00349271
-0.00136169
0.000743763
-0.00198595
0.00243178
0.00243178
0.00143781
0.000620077
-0.000375586
0.000412426
0.00234832
0.00342446
0.00152602
0.00123988
0.00325418
0.000823064
0.000254516
0.00419955
0.000778669
0.00403392
0.00157021
0.00054098
0.00419955
0.00164499
0.000372899
-0.000375586
-0.000375586
-0.000409959
0.00338087
0.00234832
0.00514788
0.00242765
0.0008184
0.00242765
0.00605014
0.000694601
0.00102639
-0.00120332
0.000729836
0.00251526
0.00226913
0.00317494
0.0010219
0.00163656
-0.00180671
0.00325418
-0.000909626
0.000902497
0.00169362
0.00193618
0.0021857
0.00164499
0.0045643
0.00136312
0.00140268
-0.00144067
0.00309181
0.00309181
-0.000491076
0.00144227
0.000615243
0.000823064
0.00272401
0.00251111
0.00180409
0.00288608
0.00482424
0.00144687
-0.000612695
0.00427904
0.000328423
0.000998442
-0.00106816
0.00230871
0.00160981
0.0018126
0.0016407
0.00317494
0.00567736
0.00156565
-0.000875089
0.00164943
0.00234832
-0.00136719
0.00152602
-0.0019744
-0.000325601
0.0033733
-0.0011077
0.00123525
0.0029968
0.0016407
0.00206276
0.000664595
0.00139815
0.000942263
-0.000459898
0.00234026
0.00423928
0.00243178
0.00477815
0.00370245
0.00210664
0.00156565
0.000451987
-0.00120332
0.00143781
-0.00116365
-0.00116365
0.00148189
0.00148189
0.0013541
0.0044017
0.000526544
0.000858164
0.000902497
0.00049158
0.00353965
-0.000459898
0.0034999
0.00270634
0.00168472
-0.00140676
0.00321454
0.000813885
0.00143781
0.00271002
0.00341307
0.00192774
0.00336974
0.00255082
0.00184806
-0.00243266
-0.00243266
-0.00243266
0.0045643
0.00361576
0.00234832
0.00262654
-0.000335952
0.0043619
0.00119018
0.000734329
0.00201893
0.00164499
0.00180409
0.00230454
0.00279737
0.00530698
-0.00049429
3.62726e-05
0.00440502
0.00440502
0.00140735
0.00135854
0.00164943
0.000907183
0.00139815
0.00176851
0.00160095
0.00172447
0.00172447
-0.000335952
-0.00107365
-0.00107365
0.00238797
0.0016407
0.0016407
-0.00206522
-0.00206522
0.00192774
0.0025867
0.00542665
0.000531207
0.000893573
0.00160095
0.0036956
0.000738972
0.00230051
0.0010219
0.000937791
0.00278981
-5.29322e-05
0.00119018
-0.000296285
-0.000296285
-0.000296285
-0.000904235
0.00645186
0.00225687
0.00278981
0.00139815
0.00139815
-0.000864584
0.00393891
-0.00210481
0.00369895
-0.000790382
0.00077409
0.000897961
0.00328063
0.00432214
0.00291693
0.00168049
0.0016053
0.00115157
0.000813885
-0.000425196
0.00209543
0.00278981
0.0028334
0.0028334
0.00250711
-0.00174203
-0.00174203
0.000897961
0.0027499
0.00353258
-0.00120332
0.00221522
0.00279352
-0.00111327
0.00122155
0.00271385
0.000566267
-0.00111868
0.00308036
0.0012657
0.000937791
0.00307014
0.0001207
0.00213135
-0.000869911
0.00164499
0.00212753
0.000977654
0.00151303
0.00213533
-4.81286e-05
-0.00091996
0.000902497
0.000942263
-0.000533791
-0.000533791
0.00218149
0.000650285
0.00201574
0.00201574
0.0016407
0.00168472
0.00168049
0.000778669
0.00229911
0.00229911
0.000235473
0.000270969
0.00286631
0.00180005
0.00106619
0.00106619
0.00393891
0.00393891
0.00362286
0.00362286
0.00180827
0.00180827
0.00526427
0.00526427
-0.00203122
0.00476414
0.00295325
0.000778669
0.00357588
0.00357588
-0.00264898
0.00196764
-0.000875089
0.00156123
0.00439854
-0.000296285
0.00291327
1.57067e-06
0.00353965
0.00177291
0.00123525
0.0016053
0.00341672
-0.000700426
-0.000790382
0.000115853
-0.000127572
0.00349623
0.000902497
0.000986621
0.000729836
0.00114589
0.00205557
-8.35725e-06
0.00102639
0.00431569
0.000359854
0.00361576
0.000694601
0.00118252
-0.000745431
0.000115853
0.00172447
0.000783397
0.000699307
-0.000454755
-0.000795432
0.00287332
0.0013099
0.0055066
0.0055066
0.0045213
0.000610559
0.00147749
0.00320705
0.00266642
0.0011858
0.00172879
0.000942263
0.00324396
0.000284745
0.00456123
0.00286304
0.00266642
0.0014299
0.00290975
0.000115853
0.00035539
0.00250326
0.00267406
-0.000795432
0.00385879
0.000946886
0.00427583
0.00427583
0.0023353
-0.00256936
0.00505034
0.00196764
-0.000386186
0.00200756
0.00126159
0.00290975
0.0055892
0.000606024
0.0017163
0.00394202
-0.00236435
-0.000909626
0.000399829
0.00365908
0.00278981
0.00151303
0.00109744
0.000849411
0.00377251
0.00377251
0.0043127
0.00184394
0.00101755
0.00265938
0.00265938
0.00155021
0.00279352
0.00209139
0.00176016
0.00159269
3.14472e-05
0.00262654
0.00105748
0.000275412
-1.76873e-05
0.000351075
0.000311006
0.000977654
-0.000137285
0.000690044
0.00480703
-0.000137285
-0.000705648
0.00278981
0.00230312
0.00172447
0.00401631
0.000315384
0.00155284
0.00213135
0.0027499
0.0011858
0.00263431
0.00263431
-5.29322e-05
0.00200369
-8.78669e-05
-1.76873e-05
0.00200369
0.00381562
0.00282976
0.000729836
0.0024192
0.00385879
-0.00210481
0.00225143
0.00311686
0.00389292
0.00389883
0.00389883
0.000729048
-0.00091996
0.00394202
0.00163058
0.00106176
3.14472e-05
3.14472e-05
-0.000137285
0.00295325
-1.76873e-05
0.00522162
0.00402215
0.00204372
0.00167249
-0.00158256
0.00665452
0.000479878
0.00208377
-0.00153746
0.0017163
0.00476414
0.000200286
0.00270634
0.00212753
0.0029498
0.000897961
0.00274628
0.000190996
0.000315384
0.00303332
0.00188789
0.000858164
0.00101755
0.00357249
0.000942263
0.00180005
0.00389883
-0.000800333
0.00192774
0.00682132
0.00192375
0.00369895
0.00209139
0.00238797
0.00205557
-0.000988957
0.00213135
0.00151721
0.00287332
0.00456123
0.00456123
0.00340957
0.000111156
0.000524311
0.00192375
0.00484707
0.00184394
0.0028334
0.0029606
0.0029968
0.00258297
0.000813885
-0.000586098
-0.000665831
0.00220768
0.00220768
0.0014259
0.00193189
0.00130165
0.00356925
0.00290975
0.00578967
0.00278981
-0.00190098
0.00221137
0.00357249
0.00414552
0.00188383
0.00188383
0.0047588
0.0047588
0.00106176
0.00216398
-0.000177085
0.00456123
0.00114589
0.00035539
0.00035539
2.67713e-05
