-0.0589568
-0.0607145
-0.052001
-0.0578625
-0.0637244
-0.0678726
-0.0620776
-0.0511164
-0.0684294
-0.04614
-0.0633088
-0.0668887
-0.0743836
-0.0581316
-0.0519423
-0.0550761
-0.0612063
-0.0579235
-0.0623618
-0.0614746
-0.0556742
-0.0648182
-0.0693192
-0.058194
-0.0481064
-0.0489285
-0.0562158
-0.0515098
-0.0471603
-0.0620932
-0.0657065
-0.0685584
-0.0640572
-0.0526028
-0.0609384
-0.0578625
-0.0654858
-0.0638076
-0.0637507
-0.0575937
-0.0573724
-0.0568295
-0.0615371
-0.0556134
-0.0612063
-0.0757849
-0.0667811
-0.0623618
-0.0494706
-0.0603809
-0.0618836
-0.0637244
-0.0690519
-0.0562296
-0.0691136
-0.0609384
-0.0648182
-0.0710968
-0.0689908
-0.072172
-0.0600512
-0.0691136
-0.0620337
-0.0708095
-0.0708095
-0.0659599
-0.0686237
-0.0579235
-0.0590177
-0.0601369
-0.0568295
-0.055134
-0.0552654
-0.0635176
-0.0598433
-0.0542497
-0.0680191
-0.0631697
-0.0684936
-0.0665342
-0.0710968
-0.060855
-0.0642837
-0.0570381
-0.0545193
-0.0521509
-0.0598281
-0.0544589
-0.063507
-0.0570381
-0.0596334
-0.064612
-0.0604037
-0.0567076
-0.0592874
-0.0631884
-0.0534864
-0.0587482
-0.0533529
-0.0533529
-0.0553954
-0.0620932
-0.0587482
-0.0452572
-0.0522707
-0.0567076
-0.0562879
-0.0577176
-0.0617669
-0.0555532
-0.0725221
-0.0469517
-0.0598433
-0.0698806
-0.0724597
-0.0661791
-0.0522707
-0.0489891
-0.0601732
-0.0639929
-0.0667811
-0.0652301
-0.0624233
-0.0742368
-0.0639929
-0.0706801
-0.0693823
-0.0618072
-0.0738853
-0.0705398
-0.0559448
-0.0581316
-0.0698547
-0.0698547
-0.0671553
-0.0671553
-0.0617432
-0.0687623
-0.0695868
-0.0564988
-0.0564988
-0.0676896
-0.058194
-0.0690314
-0.0620776
-0.072172
-0.0840554
-0.0693823
-0.0732276
-0.0800204
-0.0592874
-0.0561719
-0.0612674
-0.0631884
-0.0786823
-0.0760735
-0.0525407
-0.0679572
-0.0648182
-0.068785
-0.0610519
-0.0680191
-0.0807077
-0.0713031
-0.0698806
-0.0736168
-0.0725851
-0.0825646
-0.0861793
-0.0674655
-0.0674655
-0.075869
-0.075869
-0.0752475
-0.0780588
-0.0593503
-0.0593503
-0.0740891
-0.0637244
-0.0704132
-0.0525407
-0.0525407
-0.057802
-0.0688453
-0.0688453
-0.0623618
-0.0747116
-0.0590791
-0.0756624
-0.0762669
-0.0612063
-0.0724417
-0.0596219
-0.0691136
-0.0541735
-0.0636621
-0.0688286
-0.0600512
-0.0598433
-0.0756009
-0.0626307
-0.057802
-0.0503106
-0.0561521
-0.0559448
-0.0582105
-0.0702704
-0.056976
-0.0635402
-0.0721057
-0.0659746
-0.0653792
-0.0679572
-0.0575789
-0.0687623
-0.0681625
-0.0662431
-0.0601369
-0.0668012
-0.0724597
-0.0657065
-0.0624233
-0.0775653
-0.0682252
-0.0710796
-0.0766086
-0.0682101
-0.0579851
-0.0550595
-0.0693192
-0.0732644
-0.0716336
-0.0603809
-0.0606503
-0.0704762
-0.0603809
-0.0561521
-0.0618836
-0.0643435
-0.0601922
-0.0707445
-0.0637872
-0.0587482
-0.0571713
-0.0601119
-0.0609857
-0.0640572
-0.0725221
-0.0774344
-0.0648809
-0.0704762
-0.0704762
-0.0719846
-0.0534864
-0.0580473
-0.0589568
-0.0665779
-0.0668012
-0.0771678
-0.0684936
-0.0525591
-0.0740891
-0.0623618
-0.0633954
-0.0753932
-0.0660377
-0.0640572
-0.0550595
-0.0599635
-0.0649617
-0.058194
-0.0738853
-0.0623618
-0.0720446
-0.060855
-0.0630385
-0.064612
-0.0575789
-0.0665779
-0.0694066
-0.0695868
-0.0727276
-0.0727276
-0.0710968
-0.0597628
-0.0603809
-0.0729958
-0.0678959
-0.0618718
-0.0674005
-0.0706801
-0.0686367
-0.0688286
-0.0671314
-0.0598939
-0.0572448
-0.0719026
-0.065086
-0.0645508
-0.0729958
-0.0559448
-0.0710796
-0.0576533
-0.0772958
-0.0657065
-0.0663076
-0.0724597
-0.0653792
-0.0726643
-0.072172
-0.0614746
-0.0660013
-0.075869
-0.065499
-0.0738853
-0.0621436
-0.0706801
-0.0747617
-0.0700014
-0.0670685
-0.0687623
-0.0684936
-0.0626937
-0.0670983
-0.0638481
-0.0710968
-0.0634397
-0.0763409
-0.0773607
-0.0648182
-0.0670685
-0.0573083
-0.0611191
-0.0656455
-0.0679572
-0.0557598
-0.0598281
-0.0699407
-0.0577834
-0.062921
-0.062921
-0.0607291
-0.0548516
-0.0671314
-0.0649441
-0.0629644
-0.0626307
-0.0741771
-0.0534253
-0.055535
-0.0668626
-0.055134
-0.0658303
-0.0648809
-0.0648809
-0.075313
-0.0735878
-0.0643275
-0.0517317
-0.0761374
-0.0702941
-0.0732879
-0.0640572
-0.0798995
-0.0719846
-0.0657682
-0.0651501
-0.0762019
-0.0615571
-0.0635795
-0.0716336
-0.0835179
-0.0671314
-0.0624233
-0.0616721
-0.0783257
-0.0761629
-0.0634562
-0.0693823
-0.071365
-0.0609384
-0.0561521
-0.0639929
-0.0570381
-0.0615571
-0.0640572
-0.0623618
-0.0614746
-0.0612674
-0.0710362
-0.0606503
-0.0481181
-0.0805784
-0.0690519
-0.0673362
-0.061825
-0.06767
-0.0617432
-0.0648182
-0.0617432
-0.0708022
-0.0567683
-0.0681625
-0.0595576
-0.0611236
-0.0567683
-0.0736168
-0.0685773
-0.0640754
-0.0614746
-0.0701467
-0.0702704
-0.0662431
-0.0629
-0.0508474
-0.0603809
-0.0589568
-0.0636004
-0.040649
-0.0516554
-0.057802
-0.0609981
-0.0640754
-0.0626539
-0.0705398
-0.0579235
-0.0533647
-0.0727914
-0.0539805
-0.0620337
-0.0751081
-0.0657065
-0.0577135
-0.0601119
-0.0601119
-0.0556742
-0.0575937
-0.0601119
-0.0564988
-0.0598433
-0.0589568
-0.0614125
-0.0623618
-0.0494706
-0.0687623
-0.0612063
-0.0463518
-0.0463518
-0.0440286
-0.0620121
-0.0612674
-0.0608793
-0.053696
-0.0600512
-0.0600512
-0.0564988
-0.0536556
-0.0502925
-0.0594938
-0.0639929
-0.0639929
-0.0629794
-0.0673362
-0.0607291
-0.0474946
-0.06775
-0.0663076
-0.0618072
-0.0702083
-0.0556742
-0.0612674
-0.0746495
-0.063129
-0.0655525
-0.0629644
-0.0690519
-0.0625683
-0.0670685
-0.0659746
-0.0564988
-0.0634397
-0.0611457
-0.056089
-0.0575789
-0.0550188
-0.0656455
-0.0500805
-0.0500805
-0.0643275
-0.0643275
-0.0643275
-0.0581211
-0.0576445
-0.0464691
-0.0584792
-0.0615371
-0.0652148
-0.056976
-0.0594306
-0.0433398
-0.0547892
-0.0547892
-0.0468905
-0.0505002
-0.0649441
-0.0525407
-0.0611901
-0.0508474
-0.0634562
-0.0663076
-0.0659746
-0.0592251
-0.0674005
-0.0502312
-0.0577135
-0.0665942
-0.0567683
-0.0515928
-0.0640572
-0.0584649
-0.0651501
-0.0583638
-0.0623618
-0.0643435
-0.0660377
-0.0685773
-0.0600512
-0.0752475
-0.0715702
-0.0668485
-0.0655597
-0.06092
-0.06092
-0.0541735
-0.0705398
-0.0623484
-0.0626307
-0.0528273
-0.0612674
-0.0612674
-0.0613291
-0.0598939
-0.0607145
-0.0614125
-0.0692566
-0.0611457
-0.0582571
-0.0628361
-0.0628361
-0.0628361
-0.0581539
-0.0593503
-0.0682252
-0.0607145
-0.0558826
-0.0558826
-0.0594138
-0.0530958
-0.0613291
-0.06092
-0.0648809
-0.0567683
-0.0487172
-0.0658501
-0.0666548
-0.0705398
-0.0708095
-0.0721923
-0.0670685
-0.0693192
-0.0777922
-0.0727914
-0.0764063
-0.0700626
-0.082138
-0.0762019
-0.075313
-0.0716209
-0.0623008
-0.0736168
-0.058194
-0.058194
-0.0651714
-0.0688453
-0.0674812
-0.0674005
-0.0747116
-0.0742861
-0.0768199
-0.0632355
-0.0642618
-0.0727555
-0.064666
-0.0730611
-0.0738853
-0.0659121
-0.0607145
-0.0598281
-0.0550595
-0.0827728
-0.0629
-0.0668012
-0.0707445
-0.0628361
-0.0612674
-0.0699208
-0.064612
-0.0716336
-0.0549145
-0.056422
-0.053696
-0.0551877
-0.053634
-0.0713031
-0.0567076
-0.055134
-0.0648809
-0.0598281
-0.0550595
-0.0687253
-0.0688453
-0.0686367
-0.0648809
-0.0626307
-0.0684936
-0.0649441
-0.0771678
-0.057114
-0.057114
-0.0621436
-0.0719251
-0.0606709
-0.0622404
-0.0671949
-0.0568295
-0.0719026
-0.0659746
-0.0570381
-0.0699874
-0.0609981
-0.0645508
-0.0682885
-0.0703331
-0.0604437
-0.0727914
-0.0604437
-0.0708289
-0.0742368
-0.0644038
-0.0599031
-0.0622139
-0.0707445
-0.0646738
-0.06775
-0.06775
-0.0741542
-0.0666548
-0.0714906
-0.0693823
-0.0760735
-0.0738853
-0.0618718
-0.0764063
-0.0764063
-0.061825
-0.0509639
-0.0730611
-0.0680191
-0.0668012
-0.071365
-0.0778352
-0.0694066
-0.0680191
-0.075869
-0.0624233
-0.0526028
-0.0705613
-0.0778535
-0.0747116
-0.071365
-0.071365
-0.0723147
-0.0687253
-0.0610583
-0.0716976
-0.0634562
-0.0603809
-0.0635795
-0.0587482
-0.0776317
-0.0663727
-0.0661655
-0.0651501
-0.0644647
-0.0565585
-0.0680815
-0.0521201
-0.0707698
-0.0675626
-0.0671912
-0.067813
-0.067813
-0.0673638
-0.079984
-0.0798207
-0.105766
-0.105766
-0.116051
-0.124332
-0.136522
-0.151303
-0.147663
-0.134283
-0.0997007
-0.116759
-0.0937852
-0.0918935
-0.0959819
-0.0810897
-0.100164
-0.0862372
-0.0913183
-0.0977234
-0.0904579
-0.0789735
-0.095846
-0.0913901
-0.0913901
-0.0941096
-0.0947922
-0.0918935
-0.0932939
-0.0901434
-0.076219
-0.0823362
-0.0796894
-0.0846255
-0.0902443
-0.0902443
-0.0917495
-0.0894625
-0.0998793
-0.0966159
-0.0848404
-0.0930015
-0.0929626
-0.0954001
-0.0847825
-0.0970114
-0.091604
-0.0819815
-0.0871693
-0.0843741
-0.0857349
-0.0888491
-0.0848773
-0.0875961
-0.102884
-0.102884
-0.104032
-0.097513
-0.101451
-0.103134
-0.103134
-0.0853029
-0.0899938
-0.0908549
-0.087456
-0.0919661
-0.0909578
-0.0994425
-0.0931104
-0.102236
-0.0972241
-0.0924996
-0.0884916
-0.0904952
-0.0837318
-0.0951793
-0.0951793
-0.0947191
-0.0803696
-0.0927504
-0.0882033
-0.097513
-0.097513
-0.0868248
-0.107976
-0.0871317
-0.0871317
-0.0795515
-0.0765292
-0.0765292
-0.0973968
-0.11437
-0.110298
-0.117469
-0.128734
-0.128734
-0.112007
-0.122164
-0.123287
-0.117629
-0.121226
-0.128449
-0.128449
-0.10993
-0.111712
-0.125547
-0.12485
-0.10678
-0.112836
-0.123231
-0.116014
-0.116707
-0.116935
-0.11757
-0.10901
-0.120305
-0.120103
-0.122998
-0.112817
-0.111742
-0.121657
-0.106271
-0.111282
-0.111712
-0.106042
-0.102414
-0.111497
-0.11213
-0.113733
-0.113733
-0.114389
-0.108537
-0.111497
-0.117781
-0.117562
-0.121952
-0.146374
-0.149454
-0.17284
-0.172406
-0.195336
-0.180396
-0.182078
-0.180036
-0.185999
-0.187485
-0.187954
-0.186099
-0.176858
-0.187474
-0.178812
-0.186928
-0.182762
-0.183965
-0.177751
-0.177751
-0.18941
-0.177578
-0.171662
-0.184788
-0.178458
-0.18211
-0.188161
-0.188027
-0.191378
-0.185562
-0.180829
-0.193713
-0.183361
-0.174704
-0.191285
-0.193781
-0.185732
-0.19825
-0.179097
-0.174908
-0.168094
-0.185663
-0.179952
-0.185503
-0.18447
-0.175421
-0.183522
-0.17964
-0.188054
-0.184326
-0.184835
-0.155392
-0.130191
-0.111026
-0.111026
-0.0963075
-0.0963075
-0.0664082
-0.0649591
-0.0748574
-0.0787227
-0.0764696
-0.0745025
-0.0758636
-0.0811462
-0.0934302
-0.084984
-0.0829796
-0.0817296
-0.0782528
-0.08688
-0.0728876
-0.0768895
-0.0767554
-0.0933946
-0.0864111
-0.0697454
-0.0846255
-0.0854842
-0.0817296
-0.0891348
-0.0783312
-0.0868443
-0.0826233
-0.0821543
-0.0773615
-0.0834807
-0.0740302
-0.08101
-0.0792984
-0.0847825
-0.0800828
-0.0907856
-0.0771415
-0.0818066
-0.083128
-0.0824072
-0.0824072
-0.0898907
-0.0899938
-0.0792248
-0.0874887
-0.0866635
-0.0800828
-0.0819815
-0.0882778
-0.0789735
-0.0774737
-0.0869162
-0.0689241
-0.0768895
-0.0818366
-0.0871317
-0.0677807
-0.076503
-0.0838064
-0.0806219
-0.076503
-0.0785371
-0.0790086
-0.0808745
-0.0776128
-0.070635
-0.0688893
-0.0799766
-0.0799766
-0.078222
-0.0775795
-0.0879894
-0.095006
-0.0753598
-0.0745025
-0.0730491
-0.0860231
-0.0773615
-0.0944424
-0.0772996
-0.0792984
-0.0770082
-0.0839832
-0.0785044
-0.0696516
-0.0773615
-0.078939
-0.078939
-0.0839832
-0.0783688
-0.0590316
-0.0675265
-0.0773615
-0.0773615
-0.0772613
-0.0772613
-0.0717139
-0.0745377
-0.0717453
-0.0818366
-0.0612123
-0.0814418
-0.0854222
-0.0750086
-0.0658199
-0.0635326
-0.0681302
-0.0828754
-0.0694931
-0.0741556
-0.079615
-0.0823714
-0.074792
-0.0632441
-0.0632441
-0.0704309
-0.071359
-0.076251
-0.0739395
-0.0925362
-0.0925362
-0.0692114
-0.0798327
-0.0773939
-0.08101
-0.0753016
-0.0632441
-0.0711068
-0.0735603
-0.0785371
-0.0686693
-0.0849147
-0.073359
-0.0767908
-0.0899938
-0.0806992
-0.0869162
-0.0840607
-0.0812269
-0.0917495
-0.0756465
-0.0851294
-0.0840217
-0.0964048
-0.0829533
-0.0741165
-0.0836953
-0.0871317
-0.0815149
-0.0863449
-0.0785371
-0.0826233
-0.0778644
-0.075682
-0.079615
-0.0772613
-0.0792248
-0.0822337
-0.06936
-0.0753933
-0.0750086
-0.0781164
-0.0664173
-0.076219
-0.0717453
-0.0724319
-0.0824072
-0.0867826
-0.0770082
-0.08212
-0.062976
-0.0711764
-0.0801532
-0.0846615
-0.0809548
-0.0703237
-0.0708549
-0.0862372
-0.078661
-0.072719
-0.072719
-0.0897437
-0.0697786
-0.0785044
-0.0839453
-0.08688
-0.0792984
-0.0787227
-0.0855186
-0.0751848
-0.0668915
-0.072285
-0.0778644
-0.0761539
-0.08212
-0.0835524
-0.0916416
-0.0849147
-0.0824072
-0.0846615
-0.0846615
-0.0787563
-0.0821543
-0.0748574
-0.075937
-0.0778997
-0.0724319
-0.0767554
-0.0701302
-0.0735755
-0.0745377
-0.0753933
-0.0778644
-0.0812269
-0.0803696
-0.0784069
-0.0751084
-0.0804066
-0.0781531
-0.0686031
-0.0766627
-0.0756465
-0.0800828
-0.0695248
-0.0733248
-0.0727562
-0.0780803
-0.0816181
-0.0837318
-0.078661
-0.072719
-0.0813387
-0.0711413
-0.0790086
-0.072285
-0.0899938
-0.0764081
-0.0776128
-0.0830958
-0.0831681
-0.0831681
-0.0801177
-0.0772996
-0.0731072
-0.0795143
-0.0814418
-0.0801893
-0.0801893
-0.0685453
-0.0823714
-0.0736111
-0.0688893
-0.0666037
-0.0967612
-0.0881321
-0.0772996
-0.0799348
-0.0750086
-0.0713236
-0.0787563
-0.0787563
-0.0671055
-0.0695572
-0.0769719
-0.0778297
-0.0722501
-0.0753933
-0.0786215
-0.075682
-0.0846255
-0.073359
-0.0580144
-0.0809761
-0.0817296
-0.0725393
-0.0754274
-0.0793642
-0.0865944
-0.0759
-0.072503
-0.072503
-0.0767554
-0.0767554
-0.0744679
-0.0674002
-0.0803696
-0.0803696
-0.073359
-0.0677807
-0.072719
-0.0702871
-0.0629593
-0.0736111
-0.0769719
-0.0759993
-0.0843067
-0.0823714
-0.0705419
-0.070251
-0.0784069
-0.093178
-0.0869162
-0.0812269
-0.0827998
-0.0815149
-0.0773615
-0.0799002
-0.0799002
-0.069998
-0.0671831
-0.0739012
-0.0835163
-0.0891348
-0.0857707
-0.0761539
-0.071359
-0.0778997
-0.0717139
-0.0852339
-0.075516
-0.0924996
-0.0742501
-0.0706034
-0.0899938
-0.0744102
-0.0731072
-0.0731072
-0.0798662
-0.0729712
-0.0684148
-0.0799002
-0.0881854
-0.095829
-0.095829
-0.0844087
-0.0638488
-0.0679994
-0.0751405
-0.0686031
-0.0702871
-0.075557
-0.07292
-0.0832641
-0.0767554
-0.0731072
-0.0885701
-0.0950443
-0.071395
-0.072285
-0.0800215
-0.0736473
-0.0841003
-0.0812623
-0.072503
-0.0778997
-0.0719034
-0.0784722
-0.0803333
-0.0693971
-0.0708549
-0.0700326
-0.0705419
-0.0711413
-0.0806219
-0.0677463
-0.0736841
-0.0750466
-0.0899938
-0.0752232
-0.0666377
-0.0814781
-0.071359
-0.0828754
-0.084984
-0.070758
-0.0729712
-0.0797283
-0.076503
-0.0826982
-0.0866287
-0.0864111
-0.0875218
-0.0719975
-0.0888491
-0.0767554
-0.0682528
-0.0916416
-0.0733937
-0.0852339
-0.0619146
-0.0837688
-0.0806992
-0.0855186
-0.0767554
-0.0851683
-0.0687607
-0.0767554
-0.0710525
-0.0877735
-0.0815522
-0.0753598
-0.069143
-0.0818366
-0.076503
-0.0899315
-0.0661627
-0.08101
-0.0781531
-0.0714635
-0.0628986
-0.0628986
-0.0727562
-0.0821543
-0.0697454
-0.0758636
-0.0787563
-0.0795529
-0.0792984
-0.0730099
-0.0859858
-0.0950443
-0.0842749
-0.0829141
-0.0829141
-0.0835163
-0.0753016
-0.0767206
-0.0905713
-0.0674391
-0.0856347
-0.0770082
-0.0728876
-0.0742838
-0.0759746
-0.0682901
-0.0745025
-0.0812269
-0.0818688
-0.0886663
-0.0772996
-0.08212
-0.0688893
-0.0688893
-0.0790086
-0.0764696
-0.0691793
-0.0750852
-0.0648579
-0.0703523
-0.0674936
-0.0608056
-0.0646403
-0.0826233
-0.0826233
-0.0779355
-0.072285
-0.0828754
-0.0790443
-0.077045
-0.0727562
-0.078661
-0.0759
-0.0760304
-0.0858071
-0.0847396
-0.0921868
-0.0791137
-0.0846255
-0.072285
-0.0837318
-0.0837688
-0.062102
-0.0767908
-0.0747078
-0.0697454
-0.0722501
-0.0812623
-0.0770082
-0.077045
-0.0828754
-0.0914268
-0.0770082
-0.0623895
-0.0837688
-0.0785371
-0.0887432
-0.0746233
-0.0856996
-0.072285
-0.0897437
-0.0853421
-0.071649
-0.071649
-0.0817296
-0.0842749
-0.0858071
-0.077045
-0.0902443
-0.072666
-0.0824072
-0.0834807
-0.070888
-0.0806219
-0.0855186
-0.0912919
-0.0801532
-0.0854842
-0.0767206
-0.078939
-0.078939
-0.0819017
-0.0751405
-0.0871317
-0.0838724
-0.0838724
-0.0722157
-0.0885306
-0.0751405
-0.0846981
-0.0745025
-0.0745025
-0.0913901
-0.0826982
-0.0717773
-0.0927504
-0.0993052
-0.0798662
-0.0902807
-0.076251
-0.0787905
-0.0829141
-0.0795143
-0.0792613
-0.0897772
-0.0800215
-0.0736473
-0.0819017
-0.0801893
-0.0894244
-0.08688
-0.08688
-0.0815522
-0.0842749
-0.0824072
-0.0778644
-0.08688
-0.0717453
-0.0691073
-0.0705419
-0.0792613
-0.0759
-0.0795529
-0.0648579
-0.0739395
-0.0668915
-0.0747554
-0.0759
-0.0751405
-0.0758636
-0.0727562
-0.0742501
-0.0789993
-0.0781903
-0.0781164
-0.0782841
-0.0803696
-0.0843154
-0.0789735
-0.0873451
-0.0736473
-0.0751732
-0.0871317
-0.08101
-0.0742501
-0.0801177
-0.0779355
-0.0745025
-0.0725393
-0.0787563
-0.0745025
-0.0750086
-0.0616598
-0.0784069
-0.069998
-0.0828754
-0.0666377
-0.0832641
-0.0772235
-0.0792613
-0.0853819
-0.072794
-0.0738636
-0.0784722
-0.0677807
-0.062937
-0.0623546
-0.0653647
-0.0700326
-0.0801177
-0.0731405
-0.0831681
-0.083128
-0.0769361
-0.0839079
-0.0708549
-0.0766219
-0.0706672
-0.0848773
-0.0750466
-0.0774755
-0.0787227
-0.0757703
-0.070888
-0.0807912
-0.0712711
-0.0903175
-0.0806219
-0.076537
-0.0803696
-0.0778098
-0.0837688
-0.0828754
-0.063278
-0.0736111
-0.0731405
-0.0674002
-0.0787227
-0.0790086
-0.0646403
-0.0745377
-0.0731743
-0.0778997
-0.0651492
-0.0711413
-0.0758636
-0.073429
-0.0745377
-0.0616598
-0.079615
-0.0795829
-0.070797
-0.0736473
-0.0819017
-0.0733937
-0.080895
-0.0587768
-0.0770082
-0.0672412
-0.0679994
-0.085091
-0.0775147
-0.0668915
-0.076251
-0.0739782
-0.0905329
-0.0666037
-0.0749711
-0.0851683
-0.074792
-0.066856
-0.0716116
-0.0724672
-0.059067
-0.0913901
-0.069998
-0.073359
-0.0626439
-0.0634973
-0.071395
-0.0792613
-0.0725762
-0.08101
-0.0865291
-0.0776466
-0.0742501
-0.0728876
-0.0658783
-0.0742501
-0.0705043
-0.0804066
-0.0846615
-0.0748574
-0.0764081
-0.0643527
-0.0792613
-0.0711764
-0.0745377
-0.0715748
-0.0677463
-0.0800629
-0.0832988
-0.0612123
-0.0784456
-0.0785044
-0.073777
-0.0652749
-0.0685066
-0.0784405
-0.0784405
-0.0671457
-0.0855935
-0.0686359
-0.0756465
-0.071395
-0.0618499
-0.0618499
-0.0802974
-0.062937
-0.0756465
-0.068216
-0.09107
-0.075516
-0.0711068
-0.0731405
-0.0820862
-0.0581077
-0.0826233
-0.082572
-0.0803696
-0.0723204
-0.059409
-0.0677124
-0.0609935
-0.0545321
-0.0751405
-0.0825506
-0.0570009
-0.0660387
-0.0871317
-0.0729712
-0.0601744
-0.0672412
-0.075937
-0.0790805
-0.0595423
-0.0792613
-0.0719975
-0.075937
-0.0765715
-0.068855
-0.0830885
-0.0772613
-0.0766219
-0.069998
-0.0680352
-0.0790086
-0.0753933
-0.0733937
-0.0806992
-0.0780803
-0.0838413
-0.0819343
-0.0727562
-0.0871317
-0.0674936
-0.0801177
-0.076503
-0.0821543
-0.0821543
-0.072503
-0.0733458
-0.0840217
-0.0776128
-0.0648946
-0.0792613
-0.069947
-0.0721581
-0.0694619
-0.0803696
-0.0832988
-0.0751084
-0.076503
-0.0789735
-0.076448
-0.0731405
-0.0759389
-0.070888
-0.0683515
-0.0781531
-0.0595046
-0.0829141
-0.0620483
-0.0759
-0.0717139
-0.0719034
-0.0751084
-0.0631537
-0.0704673
-0.065495
-0.0702871
-0.0634973
-0.0637509
-0.0762313
-0.0815149
-0.0817296
-0.0767206
-0.068855
-0.0633124
-0.0751084
-0.0771415
-0.0759
-0.0758636
-0.0702871
-0.0647124
-0.0746653
-0.0695248
-0.0732639
-0.0718645
-0.0763688
-0.0777686
-0.0756465
-0.0754274
-0.0809548
-0.0689241
-0.0767554
-0.0733248
-0.0810868
-0.070635
-0.0785044
-0.0801532
-0.0739012
-0.076116
-0.0795143
-0.08688
-0.0772613
-0.0740302
-0.0781164
-0.0741843
-0.0786215
-0.0745025
-0.0697454
-0.0617925
-0.0689241
-0.0767908
-0.0748881
-0.0666377
-0.0760786
-0.0719975
-0.0587434
-0.0750466
-0.0682901
-0.0658487
-0.08688
-0.0702871
-0.0815149
-0.0826233
-0.0826233
-0.0689241
-0.075516
-0.0805841
-0.0674002
-0.0773939
-0.0768895
-0.0784456
-0.0824072
-0.0799002
-0.0796807
-0.0826233
-0.0567817
-0.071649
-0.0578892
-0.0812269
-0.0815149
-0.0728876
-0.0788745
-0.0865291
-0.0902443
-0.0804441
-0.0792984
-0.0747554
-0.0784069
-0.078661
-0.0772996
-0.0725393
-0.0896384
-0.0778098
-0.0820862
-0.0708549
-0.0705043
-0.0860231
-0.0863449
-0.0753933
-0.0857188
-0.0826605
-0.077045
-0.0781164
-0.0781531
-0.0809144
-0.0882403
-0.0865291
-0.0834807
-0.0805841
-0.0705419
-0.08101
-0.0785044
-0.0839832
-0.0719034
-0.0792984
-0.0859858
-0.0767206
-0.071649
-0.0728557
-0.061159
-0.0824072
-0.0711068
-0.0783688
-0.0711764
-0.0747554
-0.0671088
-0.0725393
-0.0705043
-0.0692412
-0.0537988
-0.076537
-0.0656547
-0.0666722
-0.0761539
-0.072503
-0.0672727
-0.0783688
-0.0752621
-0.0771415
-0.0644207
-0.069613
-0.0626075
-0.0742838
-0.0717773
-0.0572551
-0.0662555
-0.061537
-0.0680352
-0.0652749
-0.0767554
