0.00449478
0.00441083
0.00444996
0.00457753
0.008596
0.00432794
0.00868125
0.0043602
0.0114469
0.00440627
0.00582811
0.00876729
0.00863986
0.00880529
0.00876565
0.00566265
0.0129994
0.0100674
0.00729863
0.00574648
0.00582478
0.010146
0.0044428
0.0101881
0.00855295
0.00444403
0.00578785
0.00712651
0.00864066
0.00863385
0.00582919
0.00851157
0.00721305
0.00880615
0.00717352
0.00729475
0.00725817
0.00306253
0.00720814
0.00859683
0.00708419
0.0101888
0.00867956
0.0100626
0.014337
0.0114031
0.00881264
0.00868125
0.00725997
0.0100654
0.00876648
0.00734093
0.00315038
0.0128323
0.013043
0.00722432
0.0116603
0.0115763
0.00721852
0.0087304
0.0114907
0.0116587
0.0101114
0.00730405
0.0073887
0.0102345
0.0114943
0.00583237
0.00579097
0.00579097
0.00859683
0.00859683
0.00726425
0.00587886
0.00721675
0.00427515
0.00587786
0.00302633
0.00730318
0.00721585
0.00587786
0.00579399
0.0073428
0.00872588
0.0129165
0.00725817
0.00717074
0.00587161
0.00738603
0.00587374
0.0102759
0.00868287
0.00864145
0.0115735
0.0129157
0.0100226
0.00885005
0.0101924
0.00462235
0.00868287
0.00453616
0.00725344
0.00868207
0.0116161
0.00863986
0.00729863
0.0073014
0.0101489
0.0115309
0.00885251
0.00591927
0.00302122
0.00876729
0.00587374
0.00587583
0.0116149
0.00436829
0.00591927
0.0114049
0.00595857
0.00293465
0.0089377
0.00738229
0.00708796
0.00285198
0.00591927
0.00575155
0.00587786
0.0130818
0.00712842
0.0130422
0.00591927
0.00726258
0.0100647
0.00587479
0.0043614
0.0113652
0.00876729
0.00717443
0.005793
0.0100654
0.00855542
0.00876648
0.010151
0.00587786
0.00579199
0.00725997
0.0117409
0.00877117
0.00876481
0.0115723
0.00440627
0.010019
0.00725725
0.00994041
0.00885005
0.0044488
0.00586831
0.00729768
0.0142982
0.00579097
0.00570405
0.0043649
0.00863986
0.00591825
0.0128733
0.00441083
0.00734093
0.00440858
0.00725631
0.00868367
0.00578994
0.00725725
0.007214
0.00445111
0.0086365
0.00864066
0.00575252
0.0100253
0.00872588
0.0100661
0.00872345
0.00582811
0.00587786
0.00725725
0.005793
0.00591927
0.0114918
0.0158474
0.0100212
0.00863821
0.0114907
0.00868207
0.00734187
0.0101903
0.0115723
0.00449364
0.0015489
0.0057857
0.00432237
0.0059575
0.00583442
0.00592029
0.0101452
0.017271
0.0100205
0.00725631
0.0044488
0.0101917
0.00306897
0.00565514
0.00855622
0.0115717
0.0101475
0.00595533
0.00596271
0.0102324
0.0101075
0.015972
0.0086787
0.0129536
0.00726085
0.00583837
0.00298117
0.00872744
0.000268131
0.00449132
0.00859923
0.00868445
0.0057846
0.00587374
0.00725997
0.00574854
0.00876648
0.00742554
0.00721852
0.00297728
0.0057889
0.0100226
0.00583642
0.00583543
0.00599773
0.00591721
0.0073428
0.00152003
0.0114463
0.0115729
0.00444996
0.00600098
0.00574648
0.00297988
0.00725631
0.0100212
0.00721305
0.00729768
0.00725631
0.00868287
0.00863563
0.00583132
0.0101061
0.00298117
0.00721305
0.00880351
0.0100633
0.0100633
0.00712553
0.00885088
0.00867956
0.00729475
0.00867783
0.0142982
0.0086787
0.00436604
0.00876481
0.00156279
0.00717874
0.00298244
0.0059647
0.00717074
0.00863986
0.0114067
0.0129976
0.00432575
0.0102309
0.00876481
0.00721675
0.00587374
0.0101102
0.00444644
0.00155738
0.00583026
0.00712936
0.00867956
0.00452905
0.00864145
0.00872176
0.00872345
0.005703
0.0101075
0.0101095
0.0101082
0.00872345
0.013039
0.00872003
0.0101068
0.00734093
0.00721764
0.010318
0.00302758
0.0100647
0.00730229
0.0129133
0.0101089
0.00726342
0.00436939
0.00730405
0.0114475
0.00733998
0.0101068
0.00583741
0.008643
0.00726172
0.00734187
0.00721764
0.0128742
0.00722108
0.00588177
0.00868445
0.00595962
0.0115747
0.00726085
0.00877117
0.00868207
0.00294474
0.0073428
0.0073887
0.00583741
0.0114895
0.00872588
0.0101496
0.0129571
0.0115315
0.00583442
0.00868367
0.00592029
0.00868598
0.0100233
0.00876966
0.0101089
0.012999
0.00583237
0.0058334
0.0101102
0.0029423
0.00164287
0.0088095
0.010151
0.00587479
0.00725817
0.00592129
0.00440971
0.00742362
0.00733804
0.011571
0.0101061
0.005793
0.00726085
0.0101496
0.0116178
0.00583442
0.0101482
0.00868367
0.00868125
0.00729956
0.0116155
0.0101075
0.00742742
0.00591509
0.0088517
0.011613
0.00588081
0.010151
0.00147727
0.00868125
0.00578678
0.00302507
0.00872588
0.00574648
0.00864145
0.0129148
0.00864223
0.0145068
0.00587583
0.00872588
0.00872509
0.00868598
0.00872744
0.00730049
0.00303244
0.0101931
0.00583442
0.00880785
0.0100219
0.00583642
0.00579199
0.0116167
0.0100647
0.00726172
0.0057889
0.0044051
0.00721852
0.00302881
0.00855209
0.00864223
0.0086365
0.00872667
0.0101108
0.0130418
0.00721764
0.00582919
0.00592129
0.0116155
0.00881413
0.0100668
0.0073014
0.0129571
0.00605053
0.010191
0.00734809
0.0115338
0.00713557
0.0100668
0.00575155
0.0088103
0.00587786
0.0114503
0.00303124
0.00579097
0.00592227
0.00721493
0.00428538
0.00868287
0.013043
0.010151
0.00876729
0.0115752
0.0101068
0.00596067
0.00859844
0.0116124
0.00726172
0.00993626
0.0129552
0.0100212
0.00578994
0.00721493
0.010191
0.00591825
0.00595962
0.0101475
0.00461887
0.00587374
0.00871914
0.0116575
0.00432121
0.00582478
0.0102331
0.0102317
0.010064
0.00863563
0.00159162
0.00738229
0.0101858
0.00302251
0.00872509
0.00868367
0.00582701
0.00729863
0.00729768
0.00868041
0.00872261
0.00596169
0.00440627
0.00445111
0.0101503
0.0087209
0.0101047
0.00579199
0.0115327
0.0130418
0.0073887
0.0115332
0.00864594
0.00863904
0.00863986
0.00734187
0.00600411
0.0101896
0.00864145
0.00579097
0.0115321
0.00863821
0.00717619
0.012999
0.00717352
0.00578785
0.0100661
0.00738603
0.0101114
0.00729768
0.0116194
0.00449015
0.00725725
0.0101095
0.0071312
0.0071312
0.0101516
0.00596169
0.00885251
0.010445
0.0158058
0.00445337
0.0101089
0.0100233
0.0130808
0.010151
0.00302758
0.00725997
0.00725997
0.0088095
0.00436939
0.00729956
0.00872427
0.00721675
0.0045373
0.0101082
0.0100626
0.00872667
0.00294831
0.00726172
0.00863821
0.0129138
0.00578785
0.00587583
0.0086365
0.00721305
0.00859683
0.00733605
0.00872427
0.0057846
0.0044051
0.00717074
0.0100633
0.0115735
0.00445111
0.00453616
0.0129966
0.0114871
0.00725441
0.00871824
0.0100633
0.0142968
0.00586942
0.0030199
0.00734093
0.00738418
0.00583026
0.00595962
0.0114072
0.00725997
0.00453616
0.00440858
0.00729671
0.00868041
0.0114895
0.0044051
0.0101061
0.00570812
0.0145904
0.00427983
0.00721939
0.0101489
0.012999
0.00587583
0.00717074
0.0114907
0.0100654
0.00583442
0.00583442
0.0129981
0.0100674
0.012999
0.00578678
0.010064
0.00432121
0.00872261
0.00306771
0.0101903
0.00863736
0.00868445
0.00876648
0.00746879
0.00583026
0.00868207
0.00587479
0.00733902
0.00595423
0.0101881
0.0114055
0.00445224
0.007214
0.00733998
0.0072121
0.0101489
0.00729574
0.00306897
0.00885005
0.00297728
0.00859683
0.00729671
0.00591616
0.00889308
0.00730229
0.0100618
0.00880785
0.0116563
0.00721675
0.00730318
0.0102317
0.00721493
0.00461887
0.0087209
0.0100647
0.0101016
0.00725997
0.0101888
0.004359
0.0100205
0.00587268
0.0101032
0.00867956
0.00583026
0.00717261
0.00863821
0.00432351
0.00734187
0.0100246
0.00868367
0.00587161
0.00566162
0.00725817
0.0058334
0.00725817
0.0115741
0.00863736
0.00730491
0.0130818
0.00595962
0.0072121
0.0100618
0.00583237
0.00293853
0.00717261
0.00444403
0.0100579
0.00720915
0.0129128
0.00872003
0.00864223
0.00729863
0.0102745
0.00868287
0.00872588
0.0102773
0.00876809
0.00876565
0.00717074
0.00863736
0.00721585
0.00725908
0.0116155
0.00867956
0.00729171
0.00863475
0.00591825
0.00872744
0.00730659
0.00864066
0.00717168
0.00574854
0.0114918
0.00453616
0.0114055
0.00876648
0.00868445
0.00595857
0.00734371
0.0102372
0.00868598
0.00872588
0.0114492
0.00742834
0.00453266
0.00872744
0.00730491
0.00587886
0.00285822
0.0115729
0.00721305
0.0115723
0.0101075
0.00152134
0.00449701
0.00575349
0.00587479
0.00293465
0.00738229
0.00713028
0.0115291
0.0088095
0.0100246
0.00725908
0.00871914
0.00738603
0.00738511
0.00743014
0.00445224
0.00864066
0.0044992
0.00863986
0.00738229
0.00868287
0.0101529
0.00860299
0.00868445
0.0101475
0.00440971
0.00717532
0.00993839
0.00855855
0.00306897
0.0129999
0.00726342
0.0128742
0.00860078
0.00713557
0.00998318
0.0115343
0.0116149
0.00440627
0.0100611
4.80416e-05
0.00454065
0.00587583
0.00578994
0.00588081
0.00721764
0.00729956
0.0101496
0.00729956
0.0115315
0.00721675
0.00445224
0.0101108
0.00717074
0.00876648
0.00726258
0.010024
0.00437156
0.00734892
0.0029398
0.0115763
0.00587984
0.00575252
0.0100259
0.010112
0.0100681
0.00592325
0.0114088
0.00591721
0.0101496
0.00859683
0.0115297
0.00160817
0.00872427
0.00151046
0.00730049
0.0114487
0.00725997
0.008514
0.00868125
0.012996
0.00859764
0.0100233
0.0116167
0.00734371
0.0113635
0.00591721
0.00872509
0.00738418
0.00863475
0.0100205
0.0114907
0.00993698
0.00725908
0.00725725
0.010191
0.00432121
0.00436258
0.0101503
0.00881264
0.0057889
0.00574854
0.00582701
0.0102324
0.00851073
0.00721585
0.00868207
0.0101082
0.00588081
0.00725441
0.00583237
0.00440151
0.0114481
0.0130409
0.00868207
0.00570193
0.00717352
0.0102345
0.0129592
0.0114901
0.00864066
0.00868207
0.00591825
0.00867783
0.007214
0.00738418
0.00855622
0.00716685
0.00725631
0.00872345
0.0101089
0.00730049
0.0114083
0.0129566
0.00302507
0.00717168
0.0114923
0.00855461
0.00574854
0.00444524
0.00579199
0.0042832
0.00863821
0.00725245
0.00437156
0.00872667
0.0128754
0.0114469
0.00730049
0.0101482
0.00587583
0.00717261
0.00872968
0.00993908
0.00725245
0.00859844
0.00441083
0.00587479
0.00729574
0.00855035
-0.00890363
-0.00703348
-0.00283734
0.00135028
-0.00301135
-0.00565532
-0.00573057
0.00268878
0.0014837
1.23549e-05
-0.00300652
0.00411829
2.22091e-06
-0.00711627
-0.0128618
-0.00573243
-7.76532e-05
-0.00155389
-0.00841747
-0.0012866
0.00116984
-0.00430897
-0.00858723
0.00424065
-0.00435931
-0.0027578
0.00433007
-0.0015921
-0.000113525
-0.00706695
0.00130222
0.0042439
5.80148e-05
-0.00142178
8.08896e-06
0.00432237
8.08896e-06
0.00151464
-0.00850021
0.000136679
-0.00150458
0.00280933
0.00433007
-0.00440431
0.00130087
0.00864145
0.00705003
0.00298617
-0.00839663
-0.00708505
5.09554e-05
9.38187e-05
-0.00715968
-0.00136797
-0.00735401
-0.00148677
-0.00871152
-0.0128474
-0.0430658
-0.0586484
-0.0686927
-0.0801653
-0.0995608
-0.0830507
-0.0569872
-0.0313818
-0.000552442
0.0367334
0.0706712
0.105681
0.14625
0.168085
0.17412
0.18331
0.172529
0.178453
0.175695
0.181181
0.192194
0.196049
0.207972
0.220079
0.237275
0.244747
0.258967
0.279927
0.291366
0.313738
0.339971
0.359469
0.385984
0.410621
0.439184
0.466532
0.48808
0.514981
0.537833
0.563939
0.569449
0.58761
0.605374
0.623116
0.630175
0.655163
0.67088
0.688991
0.708828
0.722172
0.737976
0.757444
0.774404
0.797497
0.811705
0.834328
0.858354
0.877929
0.897568
0.9262
0.950542
0.973823
0.990339
1.01534
1.0349
1.05993
1.08637
1.1083
1.13707
1.15745
1.21197
1.2279
1.24675
1.27677
1.29588
1.34303
1.35144
1.39091
1.38731
1.39786
1.39561
1.41437
1.42695
1.43268
1.42893
1.43603
1.43364
1.44085
1.44719
1.45299
1.46397
1.47767
1.50696
1.51196
1.51923
1.53153
1.54004
1.54318
1.55481
1.56819
1.57616
1.57933
1.59245
1.60506
1.61677
1.65898
1.65373
1.66512
1.69244
1.76437
1.78932
1.80601
1.81962
1.83868
1.85083
1.85562
1.84528
1.82914
1.81302
1.81302
1.82322
1.83018
1.83768
1.8467
1.85403
1.85698
1.87298
1.88792
1.90374
1.90076
1.94621
1.96363
1.96931
1.98097
2.00696
2.0216
2.02573
2.03865
2.03808
2.02852
2.02661
2.03818
2.03613
2.03239
2.03232
2.03688
2.03388
2.03664
2.03536
2.0357
2.03855
2.03876
2.03956
2.03544
2.03935
2.03871
2.04021
2.03973
2.03604
2.04133
2.03806
2.04069
2.04051
2.04373
2.04134
2.04175
2.03923
2.04159
2.03699
2.03904
2.04071
2.03899
2.03899
2.04218
2.0421
2.03977
2.04295
2.04444
2.04592
2.03972
2.04523
2.04586
2.04002
2.04609
2.0421
2.0421
2.04396
2.04432
2.04625
2.04514
2.04549
2.04358
2.04725
2.04308
2.04351
2.04635
2.04911
2.04468
2.04947
2.04368
2.04533
2.04617
2.0463
2.04742
2.04742
2.04755
2.04894
2.04921
2.04984
2.04728
2.04804
2.05068
2.05068
2.05022
2.0482
2.04647
2.05146
2.04676
2.04703
2.0474
2.05078
2.04816
2.05015
2.04885
2.05081
2.04984
2.0492
2.04631
2.04983
2.04811
2.0495
2.04624
2.05109
2.05074
2.04942
2.05303
2.04957
2.05212
2.05018
2.05048
2.05097
2.05033
2.05402
2.05048
2.04956
2.05257
2.05158
2.04965
2.04986
2.04953
2.05346
2.05361
2.05146
2.04793
2.04725
2.05154
2.05084
2.05223
2.05042
2.05204
2.04947
2.0539
2.05063
2.05618
2.05314
2.05336
2.05266
2.05507
2.05294
2.05335
2.05489
2.05191
2.0519
2.05799
2.05039
2.05447
2.05559
2.05331
2.05434
2.05927
2.05573
2.05483
2.05277
2.0522
2.05552
2.05379
2.05553
2.05351
2.05642
2.05455
2.05893
2.0529
2.05221
2.05809
2.05706
2.05671
2.05354
2.05561
2.05761
2.05556
2.05754
2.05748
2.05291
2.05444
2.0566
2.05587
2.05651
2.05569
2.05576
2.05576
2.05916
2.05701
2.05354
2.05597
2.05445
2.0581
2.05695
2.05631
2.05487
2.05529
2.06098
2.05341
2.05376
2.05459
2.05883
2.05751
2.05765
2.05917
2.05849
2.05405
2.05473
2.05452
2.05779
2.05779
2.06418
2.06141
2.05932
2.0596
2.05975
2.05844
2.0614
2.06072
2.05788
2.05955
2.05836
2.05788
2.0621
2.05711
2.05898
2.05613
2.05671
2.05815
2.06377
2.06095
2.05865
2.05934
2.06177
2.05879
2.06143
2.06143
2.06225
2.06331
2.06254
2.06163
2.06192
2.06734
2.06165
2.06241
2.05837
2.06047
2.06512
2.06247
2.05908
2.06027
2.06387
2.0622
2.05928
2.06317
2.06393
2.06393
2.06032
2.06144
2.06207
2.06589
2.0638
2.05699
2.06291
2.06403
2.06117
2.06124
2.06555
2.0611
2.06458
2.06465
2.06658
2.06124
2.06147
2.06181
2.0636
2.06298
2.063
2.06235
2.06036
2.06132
2.06284
2.06494
2.06272
2.06231
2.06008
2.06195
2.06556
2.06444
2.06341
2.06501
2.06718
2.06564
2.06354
2.06446
2.06217
2.06453
2.06447
2.06141
2.063
2.06306
2.0676
2.06399
2.06328
2.06392
2.06224
2.06542
2.06628
2.06717
2.06599
2.06238
2.0653
2.06197
2.06265
2.0635
2.06622
2.06511
2.06843
2.06143
2.0699
2.05883
2.06266
2.0651
2.064
2.06649
2.06421
2.06803
2.06915
2.06316
2.06287
2.07041
2.06735
2.06413
2.06601
2.06956
2.06587
2.06461
2.06601
2.06511
2.06511
2.0672
2.06206
2.06379
2.06699
2.06455
2.06916
2.07222
2.06532
2.06865
2.06817
2.06819
2.06783
2.0686
2.06275
2.07077
2.06819
2.06777
2.06505
2.06755
2.06942
2.06889
2.0679
2.07014
2.06923
2.06965
2.06638
2.0712
2.07139
2.0702
2.06778
2.06924
2.06855
2.07265
2.06923
2.06749
2.06836
2.06666
2.07189
2.07098
2.06923
2.06965
2.07009
2.07021
2.06604
2.06772
2.06736
2.06916
2.06779
2.07056
2.07147
2.06932
2.06729
2.0732
2.06875
2.0723
2.07148
2.07321
2.06555
2.07092
2.07008
2.07049
2.06967
2.07128
2.07349
2.06638
2.06898
2.07399
2.06925
2.06925
2.06946
2.07107
2.07141
2.07267
2.06821
2.07022
2.071
2.07301
2.06961
2.0733
2.07511
2.06778
2.07248
2.07211
2.07115
2.06946
2.07414
2.07196
2.07009
2.07191
2.07108
2.06808
2.07386
2.07114
2.07051
2.0671
2.07204
2.07127
2.07141
2.07191
2.06947
2.06947
2.07288
2.0752
2.07253
2.07282
2.0715
2.07639
2.07394
2.0752
2.07212
2.07219
2.0743
2.07386
2.07812
2.07437
2.07554
2.07277
2.07659
2.07079
2.07526
2.07289
2.07052
2.07478
2.06984
2.0754
2.0754
2.07479
2.07164
2.07639
2.07268
2.07471
2.07507
2.0764
2.07352
2.07632
2.07164
2.07674
2.07777
2.07679
2.07674
2.07585
2.0743
2.07598
2.07647
2.07374
2.07862
2.08177
2.07326
2.07305
2.07451
2.07689
2.07262
2.07262
2.07605
2.07715
2.0757
2.07536
2.07654
2.07257
2.07535
2.07745
2.07625
2.07619
2.07842
2.07438
2.07584
2.07443
2.0817
2.07954
2.07536
2.0773
2.07787
2.07836
2.07646
2.07746
2.07466
2.07753
2.07487
2.07751
2.07389
2.07606
2.07683
2.07668
2.07531
2.07661
2.07827
2.07899
2.03691
1.98039
1.93494
1.90181
1.92421
1.96885
1.98883
2.00954
2.00829
2.01871
2.02217
2.02912
2.04467
2.0549
2.0553
2.05461
2.05461
2.06082
2.05384
2.05056
2.05396
2.05396
2.05411
2.0553
2.05977
2.05944
2.05963
2.05801
2.05594
2.05404
2.05545
2.05739
2.05607
2.05719
2.05657
2.05889
2.05853
2.05714
2.05755
2.06446
2.05616
2.05616
2.06041
2.05622
2.06006
2.06028
2.05803
2.05602
2.05421
2.05678
2.05658
2.05945
2.05973
2.05971
2.06194
2.05539
2.05788
2.05707
2.06243
2.05746
2.05664
2.06251
2.06118
2.0614
2.05944
2.06139
2.06161
2.05763
2.06134
2.06134
2.06057
2.0607
2.06182
2.06237
2.05693
2.06369
2.06202
2.06231
2.06142
2.05811
2.0584
2.06211
2.05964
2.05972
2.0633
2.0633
2.06496
2.05869
2.06651
2.06029
2.06183
2.06218
2.06174
2.06342
2.06525
2.06328
2.06147
2.06091
2.06217
2.06481
2.06055
2.06174
2.06006
2.06853
2.06726
2.0635
2.06202
2.06271
2.0674
2.06314
2.06239
2.06328
2.06183
2.06427
2.06601
2.06398
2.0646
2.0598
2.06274
2.06063
2.06448
2.06526
2.06336
2.06749
2.06476
2.06552
2.06358
2.06358
2.06357
2.06379
2.06104
2.06561
2.06756
2.06281
2.06281
2.06769
2.06505
2.06616
2.0647
2.06442
2.06644
2.06764
2.06622
2.06239
2.06568
2.06603
2.06673
2.06673
2.0647
2.06504
2.06352
2.06401
2.06601
2.06435
2.06945
2.06303
2.06868
2.06665
2.06511
2.06713
2.06713
2.06379
2.06421
2.06722
2.06805
2.0705
2.0647
2.06833
2.06574
2.06701
2.06876
2.06552
2.0628
2.06882
2.06176
2.06721
2.06695
2.06702
2.06433
2.06679
2.06617
2.07085
2.06933
2.06603
2.06702
2.06807
2.07066
2.06528
2.06772
2.06275
2.07058
2.07037
2.06848
2.06576
2.06863
2.06981
2.06898
2.06526
2.07058
2.06898
2.06883
2.06744
2.06807
2.07106
2.06737
2.06813
2.06695
2.06967
2.07044
2.06954
2.06722
2.06884
2.07261
2.07037
2.06855
2.06855
2.06546
2.06695
2.06925
2.07261
2.06673
2.07266
2.06877
2.07099
2.07031
2.07051
2.07176
2.07176
2.06974
2.07121
2.0701
2.06883
2.06952
2.0712
2.06833
2.07163
2.06995
2.07114
2.07345
2.07093
2.07576
2.06931
2.07169
2.06939
2.07435
2.07162
2.07269
2.07274
2.07057
2.07323
2.07587
2.0728
2.07219
2.07107
2.07478
2.07296
2.0733
2.07526
2.06701
2.07534
2.07192
2.07555
2.07024
2.07472
2.07233
2.07233
2.07015
2.07177
2.07163
2.07443
2.07443
2.07443
2.07456
2.07456
2.07576
2.07576
2.07589
2.07589
2.07513
2.0722
2.0738
2.07262
2.07472
2.07472
2.07696
2.07395
2.07451
2.075
2.07158
2.07696
2.072
2.0755
2.07326
2.07633
2.07066
2.07276
2.07262
2.07605
2.07409
2.07241
2.07185
2.07451
2.07521
2.07374
2.0727
2.07381
2.07388
2.07452
2.07795
2.07403
2.07487
2.0771
2.07326
2.07667
2.07494
2.07646
2.07563
2.07864
2.0764
2.07737
2.07204
2.07507
2.07338
2.07619
2.07633
2.07561
2.07787
2.0719
2.07885
2.07772
2.07984
2.07059
2.07255
2.0776
2.07801
2.0804
2.08137
2.07843
2.07446
2.07828
2.07514
2.0738
2.07711
2.07661
2.07611
2.07872
2.07703
2.0754
2.07689
2.07311
2.07822
2.07305
2.07894
2.07759
2.07745
2.0734
2.07753
2.07495
2.07536
2.07961
2.07948
2.07899
2.07367
2.07737
2.08326
2.07697
2.08011
2.07788
2.07999
2.07793
2.07801
2.07977
2.07991
2.0815
2.07612
2.07915
2.07767
2.08221
2.07583
2.07625
2.07751
2.0724
2.08032
2.07934
2.07899
2.07809
2.07724
2.07767
2.07892
2.07751
2.08052
2.08052
2.08025
2.08206
2.07878
2.07999
2.08025
2.08033
2.07744
2.08264
2.0755
2.07711
2.07844
2.07913
2.07823
2.08208
2.08273
2.08076
2.07956
2.0771
2.08089
2.07836
2.08195
2.08201
2.07879
2.07488
2.08116
2.08096
2.07878
2.08145
2.08103
2.08286
2.08405
2.08103
2.07907
2.08318
2.08208
2.08328
2.08123
2.07831
2.08012
2.07942
2.08126
2.08278
2.07809
2.07809
2.08159
2.08496
2.08328
2.08328
2.08328
2.08328
2.08195
2.0807
2.07978
2.07978
2.08006
2.08089
2.08265
2.07661
2.0809
2.08329
2.08272
2.08328
2.08083
2.08342
2.08454
2.08118
2.08251
2.08517
2.0837
2.08509
2.08349
2.0823
2.08602
2.08047
2.08475
2.08295
2.08006
2.08328
2.08357
2.08405
2.08315
2.08252
2.08259
2.0802
2.0835
2.08341
2.08615
2.083
2.08525
2.08265
2.08306
2.08306
2.0849
2.08503
2.08385
2.07964
2.08546
2.08349
2.08187
2.08546
2.08013
2.08217
2.08428
2.083
2.08239
2.08364
2.08007
2.08749
2.08805
2.08399
2.08574
2.08363
2.08587
2.08026
2.08792
2.0844
2.0823
2.0889
2.0889
2.08664
2.08664
2.08469
2.08398
2.0849
2.08223
2.08672
2.08483
2.08406
2.0802
2.08568
2.08504
2.08561
2.087
2.0844
2.0844
2.08658
2.08371
2.08714
2.08483
2.08308
2.08446
2.08757
2.08959
2.08679
2.087
2.08603
2.08483
2.08946
2.08828
2.08828
2.08666
2.08217
2.08308
2.08526
2.08856
2.08343
2.08946
2.08672
2.08918
2.08728
2.08736
2.08651
2.08629
2.08618
2.08653
2.08772
2.08772
2.08687
2.08708
2.08736
2.08757
2.09159
2.08807
2.0868
2.08966
2.0772
2.0446
2.01769
1.98155
1.95308
1.93669
1.91471
1.91296
1.9127
1.91749
1.93187
1.93908
1.93843
1.93297
1.92146
1.91371
1.91012
1.9039
1.89925
1.90007
1.89276
1.88729
1.87967
1.87122
1.86416
1.85931
1.85223
1.85058
1.84823
1.83884
1.83531
1.82554
1.82423
1.8211
1.82121
1.81343
1.8139
1.81314
1.81321
1.80434
1.80289
1.79688
1.79512
1.79479
1.79203
1.79353
1.79384
1.79282
1.78898
1.78648
1.78922
1.79024
1.78531
1.78429
1.78497
1.78401
1.77968
1.77835
1.78424
1.78544
1.78012
1.78266
1.7787
1.77337
1.77745
1.78074
1.78074
1.77888
1.78062
1.7859
1.78584
1.78584
1.78397
1.77965
1.77544
1.77812
1.77407
1.7781
1.77432
1.77971
1.77628
1.77521
1.78025
1.77899
1.78393
1.7788
1.7788
1.78595
1.781
1.7827
1.78265
1.78102
1.78024
1.78733
1.78156
1.78407
1.77804
1.77768
1.77706
1.78139
1.77779
1.78354
1.78576
1.77789
1.7839
1.77873
1.77969
1.77976
1.78232
1.78454
1.78475
1.78504
1.78175
1.78175
1.78384
1.78384
1.78444
1.78462
1.78593
1.78579
1.781
1.78052
1.78394
1.79021
1.78185
1.78568
1.78225
1.78304
1.78744
1.78641
1.78436
1.7878
1.78954
1.78455
1.78459
1.78671
1.78358
1.78611
1.78371
1.78575
1.78604
1.78593
1.78635
1.79056
1.78756
1.78689
1.78844
1.78881
1.78347
1.78731
1.78677
1.78852
1.78407
1.7888
1.7867
1.78573
1.78672
1.79113
1.79139
1.7909
1.78893
1.7912
1.78718
1.7894
1.7889
1.7897
1.78764
1.79229
1.78544
1.78963
1.79192
1.79127
1.78881
1.79067
1.79025
1.79504
1.78976
1.79271
1.79458
1.79271
1.78953
1.7941
1.78881
1.79302
1.79127
1.78723
1.7902
1.79344
1.79499
1.7909
1.7897
1.7924
1.7963
1.79229
1.79181
1.79342
1.79023
1.78886
1.79403
1.79403
1.80051
1.79149
1.79301
1.79289
1.79614
1.79355
1.79374
1.79438
1.79385
1.79434
1.79611
1.79211
1.79824
1.79689
1.79487
1.80142
1.79607
1.79607
1.7971
1.79738
1.79841
1.79841
1.79841
1.79637
1.79997
1.79229
1.79877
1.79877
1.79348
1.80086
1.80207
1.79758
1.79726
1.80063
1.79741
1.79927
1.79666
1.80057
1.79613
1.80184
1.79823
1.79769
1.79967
1.79912
1.79973
1.79942
1.79829
1.80099
1.80099
1.79721
1.80099
1.79944
1.80045
1.80142
1.8043
1.80237
1.79895
1.80472
1.80556
1.8022
1.80147
1.80172
1.80231
1.80218
1.80268
1.80231
1.80393
1.80147
1.80202
1.80069
1.80123
1.7992
1.80098
1.80712
1.80321
1.80093
1.80971
1.80683
1.80538
1.80244
1.80143
1.80143
1.80719
1.80646
1.80713
1.80453
1.80117
1.8052
1.81019
1.80471
1.81042
1.80303
1.80688
1.80695
1.80688
1.80154
1.80946
1.80652
1.80466
1.80826
1.80526
1.80526
1.80838
1.80923
1.80514
1.80515
1.8049
1.80983
1.79871
1.80802
1.80579
1.8061
1.80971
1.81085
1.81469
1.81236
1.81482
1.80761
1.80934
1.81014
1.80995
1.80514
1.80664
1.8132
1.81325
1.81127
1.80748
1.81091
1.81024
1.80893
1.81157
1.81031
1.80977
1.80977
1.80995
1.81019
1.81398
1.81001
1.81343
1.80663
1.80663
1.81319
1.81476
1.81146
1.81764
1.81055
1.81055
1.8106
1.81187
1.81271
1.81235
1.81008
1.81259
1.81217
1.81338
1.81691
1.81343
1.81133
1.81481
1.81481
1.8103
1.81098
1.81685
1.81138
1.81559
1.81776
1.81554
1.81422
1.81691
1.81254
1.81277
1.81097
1.8159
1.81704
1.81595
1.81595
1.81626
1.81446
1.81596
1.81596
1.81608
1.81746
1.82149
1.8156
1.81963
1.81487
1.81506
1.81529
1.82016
1.81668
1.81633
1.8165
1.8239
1.81758
1.81511
1.82125
1.81843
1.81698
1.81831
1.81794
1.82059
1.8168
1.81764
1.81897
1.81332
1.81673
1.81867
1.82017
1.82053
1.8224
1.82353
1.82088
1.81787
1.81711
1.82178
1.82161
1.82161
1.82198
1.82046
1.82179
1.82078
1.82306
1.81938
1.82096
1.82096
1.82324
1.82071
1.8162
1.81758
1.82395
1.82119
1.81867
1.81793
1.81878
1.82341
1.81847
1.8248
1.8227
1.82317
1.82233
1.823
1.82204
1.82053
1.8242
1.82443
1.82311
1.82089
1.8219
1.82228
1.82498
1.82498
1.82671
1.82671
1.8269
1.82558
1.82558
1.82563
1.82286
1.81956
1.82341
1.8222
1.82502
1.82636
1.82364
1.82406
1.82667
1.82593
1.82425
1.82648
1.82932
1.82532
1.821
1.82852
1.82293
1.8251
1.82334
1.82251
1.82251
1.82876
1.82719
1.82809
1.82804
1.82611
1.82552
1.82478
1.82852
1.82696
1.82654
1.82696
1.82316
1.82425
1.82841
1.82599
1.82853
1.82835
1.82732
1.8245
1.8266
1.82859
1.83014
1.82792
1.82906
1.82654
1.82785
1.82871
1.82893
1.82371
1.827
1.82545
1.83189
1.82894
1.82912
1.82828
1.82931
1.83127
1.82936
1.82996
1.83111
1.83056
1.82757
1.82722
1.82841
1.82828
1.8314
1.82823
1.83672
1.82919
1.83123
1.82756
1.82901
1.83141
1.83094
1.83009
1.83067
1.83563
1.83154
1.82979
1.82853
1.83051
1.83148
1.8302
1.83178
1.82967
1.82678
1.82973
1.8319
1.83593
1.83255
1.83369
1.83346
1.83098
1.83045
1.83069
1.83588
1.83054
1.83267
1.83576
1.83249
1.83424
1.83308
1.83213
1.83382
1.83388
1.83349
1.8334
1.82888
1.8346
1.83636
1.83418
1.8299
1.83795
1.8374
1.83308
1.83736
1.83634
1.83484
1.83751
1.83797
1.8332
1.83224
1.8343
1.83779
1.83556
1.83052
1.83563
1.83429
1.83501
1.83515
1.8373
1.83839
1.83593
1.8381
1.84074
1.83814
1.84109
1.83863
1.83845
1.83935
1.83946
1.83946
1.83537
1.84005
1.84005
1.84005
1.83783
1.84042
1.83521
1.83826
1.84037
1.8403
1.839
1.83863
1.83863
1.83814
1.84098
1.83798
1.83719
1.83803
1.83563
1.84146
1.83979
1.83979
1.83911
1.8402
1.83858
1.84412
1.83923
1.83831
1.8399
1.8384
1.83785
1.83839
1.84374
1.84122
1.84231
1.84109
1.84266
1.83918
1.84279
1.84252
1.84264
1.84297
1.8402
1.8402
1.84279
1.84158
1.84056
