0.0202057
0.0200032
0.020112
0.0180999
0.0210279
0.0207247
0.0193053
0.0206606
0.0206606
0.0202057
0.0186794
0.0203013
0.0219404
0.0191149
0.0202532
0.0202532
0.020363
0.0193388
0.0214408
0.0210103
0.0195928
0.0198462
0.0199669
0.0178599
0.019174
0.0207366
0.0210459
0.0202772
0.0200032
0.021034
0.0199669
0.0193293
0.019782
0.020112
0.0189791
0.0216259
0.0205794
0.0210459
0.0194837
0.0177031
0.0207725
0.023113
0.0197738
0.0196649
0.0196649
0.0203816
0.0213115
0.0211074
0.0198098
0.0222743
0.0191362
0.0217366
0.0214759
0.0210103
0.0210103
0.0195124
0.0200368
0.0206841
0.0209807
0.0211559
0.0192455
0.0213422
0.0205328
0.0197137
0.0210221
0.0194864
0.0194864
0.0203294
0.0206723
0.0204103
0.0204103
0.0193754
0.0196407
0.0204294
0.0191482
0.0219713
0.0213186
0.0211732
0.0205151
0.0200841
0.0190763
0.0199072
0.0210518
0.0212208
0.0212208
0.0213069
0.0201932
0.0206034
0.0203378
0.0199873
0.019834
0.0176532
0.0201
0.0192455
0.0227091
0.0212031
0.0196676
0.021016
0.019834
0.0203052
0.0185337
0.0205387
0.0206959
0.0203748
0.021494
0.0199669
0.0199669
0.0182937
0.0202892
0.0202892
0.0198584
0.0198584
0.0211559
0.0210221
0.0204826
0.020136
0.0209309
0.0194864
0.0209924
0.0209924
0.0203935
0.0203935
0.0201724
0.0207555
0.0199789
0.0205914
0.0207605
0.0199578
0.0220893
0.0205506
0.020821
0.0196528
0.0218647
0.0193779
0.0200032
0.0202892
0.021528
0.0207797
0.0193267
0.0183813
0.0201201
0.0213304
0.0196892
0.0195471
0.0201443
0.0213115
0.0203052
0.0208768
0.0199752
0.0219521
0.0195201
0.0201201
0.0214923
0.020701
0.0203624
0.0199669
0.0204174
0.0214383
0.0201686
0.0203378
0.0203294
0.0217091
0.0220306
0.0197163
0.0209488
0.0191384
0.0216851
0.0201081
0.0206154
0.0201565
0.0189072
0.0176408
0.0191844
0.0199548
0.0199309
0.0198954
0.0204294
0.0203866
0.0206841
0.0213775
0.0214525
0.0224921
0.0212389
0.0208768
0.0208938
0.0206396
0.0210279
0.0207435
0.0190274
0.0200961
0.0213899
0.0178349
0.0178349
0.0195106
0.0191965
0.0191965
0.0187892
0.0204826
0.0201602
0.0202652
0.0190169
0.0207077
0.0196167
0.0196167
0.0206034
0.0203013
0.0191602
0.0202572
0.0191602
0.0206781
0.0216567
0.0216332
0.019677
0.0198796
0.0193173
0.0193173
0.0205438
0.0190763
0.0192087
0.0209177
0.0195201
0.0198706
0.020647
0.0189456
0.0195445
0.019101
0.0203984
0.0208531
0.0218303
0.0207725
0.0191965
0.0211059
0.0200961
0.0207918
0.0200399
0.0210818
0.0203501
0.0189195
0.0204584
0.0210221
0.0205447
0.0205556
0.0206959
0.0191965
0.0202532
0.019221
0.020363
0.0188118
0.0196435
0.0193414
0.0208649
0.0203395
0.0213947
0.0202724
0.0211969
0.0197738
0.0208827
0.020136
0.0198584
0.0224039
0.0194624
0.0200368
0.0187028
0.0189086
0.019758
0.0206034
0.0202931
0.0196528
0.0202772
0.0202772
0.0193267
0.0201565
0.0205151
0.0213541
0.0199789
0.019834
0.019834
0.0197977
0.0195079
0.0195201
0.0205745
0.0196407
0.0200399
0.0213541
0.0195227
0.0208938
0.0214876
0.0216025
0.0199151
0.0199151
0.0207555
0.0198462
0.0212329
0.0212449
0.0210578
0.0203866
0.0225532
0.0204705
0.0207435
0.0200276
0.0190778
0.0203256
0.0201968
0.022925
0.0192087
0.0212269
0.0203501
0.0210459
0.0217576
0.0211614
0.0209247
0.0204826
0.0214262
0.0200399
0.0215943
0.0214994
0.0214994
0.0198733
0.0200961
0.0204054
0.0205794
0.0204826
0.0201443
0.0204705
0.020124
0.0199201
0.0200154
0.0217714
0.0186794
0.0207077
0.0215232
0.0194958
0.0192471
0.0190518
0.0193414
0.0214193
0.0214193
0.020847
0.0212872
0.0203344
0.0203134
0.021034
0.0219875
0.018005
0.0205675
0.0193267
0.0190518
0.0205625
0.0208947
0.0205151
0.0201686
0.0201481
0.0198706
0.0208827
0.0193267
0.0206959
0.0187763
0.0202892
0.0201081
0.018463
0.0198368
0.0193535
0.0205794
0.0207316
0.019726
0.0170965
0.0203013
0.0198706
0.0213422
0.0203866
0.0205985
0.0205438
0.020112
0.0201565
0.0202413
0.0190153
0.022418
0.0189318
0.0202931
0.0193311
0.0202892
0.0204343
0.0204343
0.0206436
0.0196076
0.0210749
0.0199669
0.0199669
0.0204536
0.0207485
0.0209986
0.0209986
0.0194864
0.0212329
0.0212329
0.0205506
0.0212997
0.0201602
0.0201602
0.0197738
0.0209126
0.0200154
0.0200154
0.0204463
0.0200672
0.0200522
0.0188842
0.0208649
0.0213115
0.0198182
0.0202413
0.0214805
0.0200154
0.0219055
0.0219521
0.0192814
0.0192814
0.0207555
0.0196892
0.0204054
0.0217481
0.0200154
0.0204744
0.0204744
0.0196435
0.0201201
0.0204343
0.0202413
0.019677
0.019834
0.0197857
0.0193509
0.0187517
0.0201481
0.019927
0.0208768
0.0208768
0.0205914
0.0201275
0.0193779
0.0200399
0.0194024
0.0190396
0.0198584
0.0198182
0.021383
0.0195106
0.022555
0.0213722
0.0211424
0.0205316
0.0221247
0.0198671
0.019834
0.0218614
0.0204103
0.0204103
0.0211302
0.0205316
0.0220776
0.0193388
0.0183561
0.018738
0.018738
0.0219949
0.0209309
0.0203256
0.0200645
0.0187875
0.0187875
0.0210758
0.0209417
0.0203134
0.0209006
0.0209538
0.0198462
0.0198462
0.0199103
0.0189332
0.0204779
0.0205193
0.0204948
0.0210698
0.0199669
0.0212269
0.0200399
0.0205985
0.021118
0.0209367
0.020804
0.0199103
0.0216685
0.0209006
0.0201724
0.0205506
0.0205985
0.0191774
0.020136
0.020136
0.0197163
0.0195367
0.0212089
0.0206034
0.0196649
0.0213541
0.0213541
0.0206227
0.0210398
0.0208089
0.0214994
0.0186822
0.0220233
0.0199548
0.0189332
0.0205745
0.0205745
0.0197137
0.0207366
0.0209247
0.0194148
0.0199995
0.0210758
0.0201809
0.0194148
0.0200276
0.0204705
0.0202892
0.0190763
0.0190763
0.0224124
0.021378
0.0205865
0.0205865
0.0200117
0.0184751
0.0206518
0.019221
0.0212329
0.0210938
0.0214262
0.022789
0.0207605
0.0211851
0.020124
0.0211302
0.0189705
0.019726
0.0194958
0.0200276
0.0214383
0.0212208
0.0208649
0.0201602
0.0199789
0.0204343
0.0191965
0.0213352
0.0224627
0.0207918
0.0200032
0.0201602
0.0206593
0.0208455
0.0200399
0.0211122
0.0214687
0.0202572
0.0208531
0.021378
0.0204031
0.0192432
0.0204294
0.019927
0.0207316
0.0199309
0.0215351
0.0203984
0.0192827
0.0196287
0.0203173
0.018764
0.0199226
0.0204343
0.0206106
0.021263
0.0201322
0.0200486
0.021378
0.0200769
0.0211781
0.0218971
0.0216495
0.0218423
0.0204705
0.022066
0.022066
0.0215471
0.0218185
0.0208296
0.0189817
0.0204415
0.0210392
0.0196407
0.0188016
0.0204294
0.0198706
0.021016
0.0221094
0.0207196
0.0193293
0.0196919
0.0216732
0.0199752
0.0199789
0.0203013
0.019849
0.0206348
0.0200032
0.0200117
0.0221484
0.0203256
0.0207967
0.019064
0.0203538
0.0206716
0.0205193
0.0209126
0.0216567
0.0216971
0.0216971
0.0190412
0.0208455
0.0215113
0.0192455
0.0213541
0.0213541
0.0201034
0.0200032
0.0204343
0.0186307
0.0180544
0.0217831
0.0217831
0.0195227
0.0190533
0.021378
0.0207861
0.0189456
0.0189456
0.0202294
0.0194271
0.0195692
0.0212449
0.0212441
0.0192471
0.0192471
0.0214081
0.0215591
0.0214505
0.020112
0.0204657
0.0199429
0.0210638
0.0194396
0.0207676
0.0204536
0.0209367
0.0189332
0.020804
0.0200961
0.0204826
0.0190518
0.0203256
0.0194287
0.0208768
0.0208768
0.0207797
0.0187135
0.0195692
0.0194148
0.0197767
0.019029
0.0173502
0.0194985
0.0195106
0.021215
0.0210459
0.0187028
0.0204536
0.0199818
0.0211969
0.0202364
0.0212089
0.0209006
0.0219757
0.0196649
0.0220776
0.0215893
0.0200154
0.0199752
0.0190778
0.0207366
0.0193535
0.0188583
0.0188583
0.0204584
0.0202845
0.0202845
0.0187394
0.0207196
0.0209807
0.0202532
0.0201201
0.0201602
0.0201602
0.0190656
0.0204223
0.0192087
0.0196649
0.0216495
0.0197533
0.0197533
0.0190518
0.0207196
0.0212449
0.0205914
0.020136
0.020136
0.018764
0.0202931
0.0207846
0.0192104
0.0206154
0.0205794
0.0205794
0.0200722
0.0193779
0.0219287
0.0203538
0.0202772
0.0203256
0.0203173
0.0202484
0.0216332
0.0194744
0.0207676
0.0202055
0.0202055
0.0204223
0.0204343
0.0218974
0.021371
0.0196464
0.0210578
0.0210578
0.0204463
0.0226974
0.021034
0.0200154
0.0209126
0.020136
0.0201565
0.0183041
0.0209309
0.0198127
0.0199789
0.019221
0.019221
0.0202892
0.0204463
0.0213181
0.0203256
0.0204463
0.020804
0.020804
0.0215232
0.0199201
0.0195594
0.0198462
0.0192579
0.0192579
0.0189456
0.0191965
0.0209067
0.0202691
0.0202691
0.0190518
0.0190518
0.0209006
0.0210818
0.0199309
0.0182446
0.0213873
0.0213873
0.0213186
0.0194525
0.019174
0.0210818
0.018715
0.0200644
0.0190396
0.0190906
0.0192471
0.0193432
0.0197381
0.0198127
0.020911
0.0208887
0.0188478
0.0195106
0.0192471
0.0199631
0.0213422
0.0183435
0.0202772
0.0198219
0.0200644
0.0196076
0.0210459
0.0193779
0.0192786
0.0202294
0.0207247
0.0198601
0.0197767
0.0195201
0.0193414
0.0200961
0.0183767
0.0217481
0.0191149
0.0211559
0.0197977
0.0207196
0.018583
0.0193414
0.0208235
0.0198368
0.0210511
0.0203228
0.0203228
0.0182082
0.0191723
0.0202294
0.0190763
0.0212389
0.0212389
0.0191861
0.0204463
0.0205794
0.0194716
0.0191482
0.0214759
0.0214759
0.0192087
0.0200154
0.0200032
0.0181181
0.0194024
0.0201846
0.0201846
0.0196464
0.0201932
0.0197286
0.0218662
0.0201
0.0175781
0.0194716
0.0192579
0.0198953
0.0206593
0.0204584
0.0208887
0.0196167
0.0203294
0.0190656
0.0191723
0.0205556
0.0184873
0.0202892
0.0202772
0.018186
0.0171781
0.0190901
0.0197977
0.0210698
0.0210698
0.0200961
0.0194386
0.0196676
0.0202724
0.0205556
0.0196047
0.0196047
0.018027
0.0198127
0.0198127
0.0210274
0.0202892
0.018958
0.018958
0.0198247
0.0207846
0.0201968
0.0191273
0.0192348
0.0192348
0.0201
0.0210578
0.0184754
0.0213722
0.0193173
0.0191965
0.019064
0.0220067
0.0180544
0.0187768
0.0192104
0.0228009
0.0190656
0.0192579
0.0190032
0.0206034
0.0197857
0.0198219
0.0188136
0.020647
0.0204103
0.0196676
0.0207129
0.0202453
0.0192814
0.0198836
0.0194238
0.0211676
0.0191243
0.0205675
0.0171685
0.0195958
0.0182324
0.0199548
0.0184982
0.0186914
0.0186914
0.0171809
0.0171809
0.0174112
0.0171457
0.0200154
0.0267508
0.0335096
0.0465842
0.0658271
0.0875365
0.109382
0.129871
0.145079
0.156784
0.165554
0.170955
0.173932
0.1749
0.176119
0.175926
0.173508
0.173508
0.168527
0.168527
0.167561
0.166156
0.164194
0.163998
0.163107
0.162823
0.161811
0.162602
0.161969
0.162637
0.161862
0.163401
0.163664
0.163664
0.163657
0.163863
0.163512
0.163512
0.161053
0.159691
0.156811
0.154624
0.151145
0.147112
0.147112
0.136819
0.130398
0.121626
0.112371
0.100021
0.0815347
0.0352057
0.0277712
0.0226228
0.021688
0.0195647
0.0380664
0.0429546
0.0428102
0.044409
0.0413164
0.0431901
0.0409
0.0403243
0.039526
0.0397258
0.0376659
0.0359413
0.0346863
0.0324076
0.0308318
0.0308318
0.0319573
0.0288757
0.0292534
0.0271009
0.0261638
0.0264345
0.026449
0.026449
0.0249218
0.0258267
0.0246783
0.0247893
0.0249485
0.0247746
0.0255584
0.0256959
0.027456
0.0309307
0.0752391
0.0847444
0.0885681
0.0898153
0.0901539
0.0906415
0.0857491
0.0857491
0.072079
0.0659428
0.0597405
0.0561233
0.0520605
0.0489985
0.0417294
0.0410915
0.0404275
0.037699
0.0356042
0.0330622
0.0326778
0.0315343
0.0315641
0.0311249
0.0310146
0.0292033
0.0292033
0.0279946
0.0254909
0.028505
0.0289604
0.0280233
0.0263949
0.0282345
0.0283498
0.0277359
0.0269645
0.0261085
0.0278301
0.0274367
0.0263134
0.0278301
0.0263134
0.0257887
0.0258523
0.0258508
0.0258508
0.0264634
0.0258367
0.0285738
0.0274221
0.0269387
0.0264705
0.0263141
0.0265224
0.0251308
0.0258166
0.0246112
0.0255238
0.0256744
0.0258649
0.0258649
0.0264846
0.0249782
0.0250879
0.0264768
0.0246827
0.0258086
0.0246683
0.0261077
0.0246227
0.0262061
0.0238604
0.0238604
0.0240311
0.0249926
0.0246827
0.0257807
0.0254867
0.0249667
0.0254046
0.0246989
0.0249211
0.0244577
0.0255483
0.025036
0.0246989
0.0247933
0.0241029
0.0250944
0.0239912
0.02457
0.02457
0.0260406
0.0251374
0.0247116
0.0247116
0.0249408
0.0250405
0.0247716
0.0246845
0.0243718
0.0244577
0.0256323
0.0248247
0.0236937
0.0250352
0.0246153
0.0248247
0.0239472
0.0255048
0.0236197
0.0245723
0.0238936
0.0249639
0.0249667
0.0241031
0.0225515
0.0250242
0.023976
0.0265474
0.0250917
0.0231511
0.0233219
0.0250917
0.0246845
0.0241875
0.0229787
0.0245868
0.0235621
0.0237614
0.0243726
0.0243726
0.0230079
0.0257035
0.0241867
0.0247252
0.0252512
0.0239036
0.0226783
0.0239181
0.0245571
0.0241875
0.0231204
0.0243002
0.0243002
0.0244283
0.0238747
0.0239457
0.0237184
0.0221914
0.0225543
0.0225543
0.024387
0.0242011
0.0242011
0.0237181
0.0247555
0.0242018
0.0237614
0.0239326
0.0232781
0.023704
0.0238889
0.0251518
0.0246701
0.0244015
0.0231917
0.0231917
0.0234475
0.022752
0.0236202
0.0228199
0.0227908
0.0240455
0.0225101
0.0236489
0.0237038
0.0240599
0.0231511
0.0229787
0.023223
0.0237892
0.0245138
0.0219481
0.0223512
0.0237614
0.0226929
0.0225368
0.0221688
0.0244305
0.0236343
0.0236343
0.0230495
0.0236783
0.0244305
0.0228199
0.0228199
0.0225368
0.0252654
0.0247862
0.0230818
0.0225515
0.0246558
0.0246998
0.0246998
0.0243863
0.0229787
0.0244597
0.023747
0.0229379
0.0239907
0.0239907
0.0232781
0.024981
0.0236489
0.0224611
0.0246558
0.0223512
0.023335
0.0238892
0.0229908
0.0239323
0.0239468
0.0241305
0.0229206
0.024856
0.0234927
0.0242307
0.0247676
0.0235762
0.0228638
0.0228638
0.0216536
0.0240886
0.0232767
0.0238745
0.0223769
0.0234199
0.0230054
0.0234766
0.0225074
0.0227076
0.0238892
0.0234635
0.0235906
0.0239036
0.0232744
0.0227224
0.0240168
0.0240168
0.021303
0.0238318
0.0221804
0.0228079
0.0234185
0.0238316
0.0234041
0.0241732
0.0224783
0.0241305
0.0225185
0.0225074
0.0248276
0.0224748
0.0233196
0.0220599
0.0240166
0.0233623
0.0240453
0.0240453
0.021132
0.0229351
0.0224361
0.0221639
0.0228311
0.0219037
0.0232767
0.021816
0.0231471
0.0235474
0.0233203
0.0243582
0.0243582
0.024798
0.0235906
0.0239178
0.0235749
0.0240886
0.0227763
0.0227763
0.02228
0.022293
0.0226022
0.0221768
0.0232912
0.0223476
0.0213478
0.0217271
0.0228491
0.0236197
0.0232622
0.0232352
0.0232352
0.0240311
0.0223769
0.0240309
0.0223366
0.0229206
0.0223622
0.0239747
0.022109
0.022109
0.023335
0.0225478
0.0239882
0.0239882
0.023118
0.0249525
0.0243439
0.0227669
0.0231617
0.0229908
0.0223769
0.0223769
0.0223769
0.023433
0.0217328
0.0198894
0.0234766
0.0220452
0.0226783
0.021074
0.0213179
0.0221042
0.0231788
0.0225331
0.0223512
0.021645
0.0218011
0.0215766
0.0219929
0.0217969
0.023433
0.0212069
0.0220229
0.0213779
0.0223622
0.0247142
0.0247142
0.0228053
0.0217771
0.0225185
0.0225626
0.0236343
0.02114
0.0238889
0.0227224
0.021465
0.0247134
0.023747
0.0231204
0.0213259
0.0223659
0.0233897
0.0227335
0.0222651
0.0225185
0.022134
0.022134
0.0236783
0.0244305
0.0221134
0.0220986
0.023217
0.0229472
0.0229472
0.0221489
0.022038
0.022038
0.0236475
0.023366
0.023366
0.0222098
0.0210589
0.023191
0.021963
0.0227372
0.0225626
0.0206867
0.0228053
0.021542
0.0227632
0.0227632
0.0214147
0.0206787
0.0231617
0.020754
0.0230054
0.0222651
0.021645
0.0234766
0.0234766
0.0235922
0.02302
0.0236475
0.0231617
0.0232767
0.021527
0.021527
0.0236329
0.021831
0.0216599
0.0219332
0.022875
0.0232352
0.0229641
0.0234766
0.0220599
0.0230791
0.0250405
0.021465
0.021465
0.021465
0.0214739
0.0227372
0.0206215
0.022526
0.0220531
0.0227224
0.0231617
0.0221042
0.0232767
0.0233057
0.0227483
0.0223769
0.0214353
0.0214591
0.0227076
0.0236768
0.0228638
0.021792
0.0227335
0.0222503
0.0229194
0.0239907
0.0233099
0.0209909
0.0209909
0.0216301
0.0225626
0.0235329
0.0211998
0.0225434
0.021889
0.021889
0.0235206
0.0217271
0.0221476
0.0230608
0.0226636
0.0221868
0.0217328
0.0210208
0.0226456
0.023533
0.0222308
0.0212149
0.0223806
0.0223806
0.0227076
0.0221914
0.0225039
0.0225922
0.0221283
0.0235474
0.0233034
0.0224462
0.0222752
0.0222752
0.0234475
0.0237063
0.0208647
0.0231471
0.0227041
0.0213409
0.0234598
0.0207926
0.0232912
0.0225039
0.0238331
0.0219929
0.0217623
0.0225074
0.0229762
0.0221489
0.0220894
0.021549
0.0219481
0.0209251
0.021861
0.0223366
0.0222651
0.0240886
0.0236183
0.0222752
0.0222752
0.0222901
0.0226219
0.0211698
0.0205226
0.0225581
0.0205527
0.0223398
0.0222308
0.022002
0.022002
0.0249973
0.0210144
0.021963
0.0205226
0.0208348
0.0218069
0.0217566
0.0228165
0.0229762
0.0231325
0.0223431
0.0230521
0.0213628
0.0222308
0.0236183
0.0212371
0.021074
0.0228665
0.0219572
0.023394
0.0223476
0.0223476
0.0242595
0.0231471
0.0219184
0.021515
0.0220126
0.0226388
0.022198
0.0194767
0.022269
0.02228
0.0231204
0.0243002
0.0222651
0.0229706
0.0224018
0.0225478
0.0227933
0.0217771
0.0217771
0.0230521
0.0235649
0.0203516
0.0230347
0.0230347
0.0219128
0.0224314
0.0232455
0.0232455
0.0236051
0.0212733
0.0220746
0.0228199
0.0215562
0.0208874
0.0209542
0.0232312
0.0216301
0.0210509
0.0211698
0.0222456
0.0241875
0.0202165
0.0220986
0.0220986
0.022875
0.021889
0.021889
0.0206419
0.0209988
0.0202407
0.0202407
0.0222107
0.022206
0.0223769
0.0220746
0.0231763
0.0205829
0.0205287
0.0207319
0.019164
0.0231641
0.0221388
0.0232057
0.0232057
0.0222901
0.0222207
0.0226456
0.0223039
0.0245003
0.0225221
0.0225221
0.0206489
0.0206489
0.0215709
0.0224018
0.0228345
0.02091
0.0230461
0.0228919
0.0237313
0.0207832
0.0223039
0.0210138
0.0210138
0.0221639
0.0221868
0.0211618
0.0210138
0.0199397
0.0199397
0.0228199
0.0208798
0.0220646
0.0204269
0.0217771
0.0221914
0.0221914
0.0214
0.0222503
0.021579
0.021579
0.0205376
0.0223577
0.02114
0.0216742
0.0233057
0.0220599
0.0219481
0.0219481
0.0203576
0.0238038
0.0226173
0.021549
0.0221191
0.0227335
0.0205157
0.0205157
0.0233326
0.0217475
0.0222456
0.023747
0.0224064
0.0221042
0.0221042
0.020969
0.020969
0.02228
0.023462
0.0221239
0.0221538
0.0211469
0.0224064
0.0210138
0.0209316
0.0216301
0.0216301
0.0231763
0.0232912
0.0225581
0.0215098
0.0210288
0.0208647
0.021963
0.021132
0.0220894
0.023747
0.021132
0.021132
0.0205033
0.0205033
0.0233472
0.0233472
0.0212149
0.0210589
0.0199804
0.0199804
0.0199499
0.0217862
0.0220838
0.0203227
0.0221191
0.0221042
0.0221042
0.0232204
0.0214147
0.0218011
0.020754
0.0231471
0.0213628
0.0219481
0.0213628
0.0201363
0.0216382
0.0215793
0.0215793
0.021645
0.0223577
0.0214294
0.0209761
0.0228345
0.0200755
0.0210288
0.0210288
0.0209612
0.0202316
0.0207388
0.0240886
0.0228898
0.0227335
0.0209403
0.0235206
0.0222015
0.0213779
0.0213628
0.0205527
0.0205527
0.0220229
0.0222308
0.0206787
0.0230904
0.0225922
0.022923
0.022923
0.0209909
0.0225185
0.0236599
0.0225774
0.0211044
0.0210589
0.0219184
0.0219184
0.0222161
0.0205759
0.0212665
0.0197989
0.0233034
0.0233034
0.021527
0.021831
0.0215914
0.0216599
0.0219871
0.0215188
0.0224361
0.0209181
0.0227483
0.0213478
0.0227483
0.0226219
0.0226219
0.0233326
0.021705
0.02123
0.02123
0.0205759
0.021705
0.0219828
0.0206438
0.0226894
0.0221134
0.0224018
0.0224018
0.0215188
0.0206591
0.0213478
0.0213478
0.021207
0.0216749
0.022206
0.02123
0.0221042
0.0210438
0.0207388
0.0219481
0.0222308
0.0215793
0.0214523
0.0208727
0.0236038
0.0219332
0.021393
0.0213328
0.0226173
0.0214739
0.0214523
0.0203816
0.0211698
0.0227041
0.019316
0.0223871
0.0223871
0.02114
0.02114
0.02114
0.02114
0.0217771
0.0223916
0.0211998
0.0211998
0.0225074
0.0219184
0.0191335
0.0199441
0.0214082
0.0214082
0.0217352
0.0214591
0.0199347
0.023094
0.0208878
0.02123
0.0208798
0.0207692
0.0217714
0.0225368
0.0218459
0.0222604
0.021963
0.0235625
0.021177
0.023318
0.0222355
0.0220894
0.020798
0.0213779
0.0243726
0.0240597
0.0203015
0.0225811
0.0216749
0.0215339
0.0229001
0.0229001
0.0205226
0.0215339
0.0217201
0.0205608
0.0206041
0.0222752
0.0222752
0.0222752
0.0218743
0.0217714
0.0199245
0.022685
0.0221191
0.0209029
0.022206
0.0212438
0.0206937
0.0214442
0.0208348
0.0208348
0.0216681
0.0211768
0.0209839
0.0214948
0.0194606
0.0228199
0.0228199
0.0228603
0.0210059
0.0210208
0.0217714
0.0207087
0.0232466
0.0205527
0.0208348
0.0216382
0.0211768
0.0211471
0.020745
0.0240631
0.0204269
0.0205587
0.0220599
0.021192
0.021192
0.0213409
0.021792
0.0199045
0.0217271
0.0231617
0.0209708
0.0200605
0.0229045
0.0198602
0.0230495
0.0207087
0.021621
0.0203475
0.02302
0.0225581
0.0220986
0.0217944
0.0222895
0.0228199
0.0208199
0.0204027
0.0212665
0.0205376
0.0225876
0.0218093
0.0218093
0.0208427
0.0208427
0.0205587
0.0221042
0.0208427
0.0213779
0.0218218
0.0232352
0.0206937
0.0211848
0.0195823
0.0234912
0.0234912
0.0222184
0.021705
0.0208129
0.0207692
0.0209791
0.0205247
0.020754
0.0210438
0.0218912
0.0205911
0.0207087
0.0191793
0.0203279
0.0205587
0.0205587
0.0207237
0.0215856
0.0198707
0.0200728
0.0207319
0.0207319
0.0203321
0.0215641
0.0197334
0.0199651
0.0214672
0.0229001
0.0201669
0.0211251
0.0215339
0.021074
0.0208949
0.0214739
0.0203381
0.0190235
0.0204027
0.0225581
0.0205376
0.0215856
0.0215856
0.0215856
0.0205226
0.0213559
0.0221191
0.0221191
0.0221191
0.0221191
0.0213409
0.0233326
0.0213409
0.0207844
0.0200605
0.0220894
0.0202558
0.0222752
0.0220838
0.0209029
0.0207996
0.0220531
0.0212961
0.0229762
0.0205677
0.0205677
0.0202821
0.022134
0.0210811
0.0206787
0.0212733
0.0212733
0.0206041
0.021831
0.0205437
0.0205437
0.0219064
0.0211251
0.0211251
0.0233034
0.0202407
0.0204178
0.0204178
0.0210208
0.0210963
0.0208577
0.0233792
0.0216085
0.0217181
0.0197383
0.0199245
0.0199245
0.0218392
0.0217623
0.0213259
0.022206
0.02114
0.02114
0.0198494
0.0193466
0.0213328
0.0199804
0.0228457
0.0228457
0.0205077
0.0205077
0.0197383
0.021386
0.0208727
0.0214821
0.0222752
0.0203321
0.0219037
0.0221283
0.0222503
0.0202106
0.0199196
0.0219721
0.0219721
0.0219721
0.0218743
0.0211918
0.0214591
0.0208727
0.0202015
0.021645
0.0209909
0.0195262
0.0195262
0.0198093
0.0185128
0.0203726
0.0203726
0.0209313
0.0211848
0.0215709
0.0207388
0.0207388
0.0214011
0.0211549
0.019689
0.0225478
0.0202256
0.0205527
0.0214821
0.0219679
0.0212451
0.0212451
0.0205376
0.02262
0.021311
0.021816
0.0217418
0.0214739
0.0211549
0.0212961
0.0203816
0.020575
0.0220452
0.0203666
0.0203666
0.0217125
0.0206787
0.0221283
0.0209542
0.0210509
0.0210509
0.0210509
0.0210956
0.0205287
0.0205829
0.0219424
0.0200697
0.0200697
0.0207237
0.0189169
0.0209463
0.0195332
0.0191098
0.0191098
0.0193559
0.0176245
0.0195567
0.0207519
0.0196678
0.0184456
0.0184456
0.0191257
0.0196612
0.018522
0.0187679
0.0199732
0.0189993
0.0195874
0.0202188
0.0191341
0.0185518
0.0190892
0.0197581
0.0187272
0.0185466
0.0201217
0.0187174
0.0191701
0.0179631
0.0189993
0.0185668
0.0186779
0.017313
0.0186273
0.0178531
0.0178531
0.018783
0.0188339
0.0180096
0.017999
0.0170805
0.0171291
0.0191999
0.0183006
0.0185668
0.0179513
0.0170343
0.0178728
0.0181071
0.0184004
0.0186371
0.0178258
0.0170689
0.0186014
0.0186014
0.0169281
0.0168646
0.0183512
0.0181996
0.0189993
0.0174234
0.0176549
0.0172698
0.0176364
0.0185413
0.0170497
0.0171595
0.0177352
0.0202777
0.0172053
0.0169094
0.0167242
0.0193944
0.0176093
0.0186317
0.0177954
0.018092
0.0178106
0.0178106
0.017005
0.0179513
0.016865
0.0182746
0.018522
0.0172221
0.0178131
0.0177469
0.0185518
0.0164132
0.0188533
0.0174257
0.0160858
0.0160858
0.016894
0.0172698
0.0172698
0.0181644
0.0176725
0.0176725
0.0175167
0.0168493
0.0148327
0.0178106
0.0168493
0.0156327
0.016008
0.0182781
0.0178225
0.0156971
0.0170651
0.0173624
0.0163978
0.0163978
0.0163978
0.0187528
0.0187528
0.0168344
0.0158525
0.0173457
0.0179479
0.018092
0.019809
0.0184912
0.0177803
0.0165222
0.0179236
0.0165535
0.0181037
0.0176573
0.0177979
0.0179361
0.018092
0.0175937
0.0167706
0.0167706
0.0167396
0.0153502
0.0153502
0.0176573
0.0163191
0.0189237
0.0163035
0.0172515
0.0184607
0.0184607
0.0188682
0.0178896
0.0183389
0.0186469
0.0170356
0.0176878
0.0166309
0.0161956
0.0162708
0.0175451
0.0162879
0.0164591
0.0180891
0.0181188
0.0167709
0.0166786
0.0166153
0.0167709
0.0171608
0.0171608
0.0185413
0.0169107
0.0172221
0.0150866
0.016133
0.0165998
0.018359
0.0162414
0.016802
0.0160703
0.0186041
0.0167888
0.0162399
0.0173001
0.0168646
0.0176284
0.0166786
0.018077
0.018077
0.0174862
0.018761
0.0175167
0.0188384
0.0163818
0.0203218
0.0171289
0.0173471
0.0163972
0.0183202
0.0183202
0.0161012
0.0161012
0.0178742
0.0178742
0.0172863
0.0155418
0.0165222
0.0182505
0.0173166
0.0171595
0.0170668
0.0171914
0.0182523
0.0173166
0.0163213
0.0168328
0.0169293
0.0165683
0.017471
0.0178452
0.0164765
0.0164765
0.0174573
0.0171914
0.0159595
0.0184039
0.0184039
0.0188533
0.0188533
0.0177827
0.0163347
0.0163035
0.0190047
0.0175029
0.0184491
0.0157573
0.0173319
0.0168192
0.0168192
0.0166633
0.0169728
0.0179211
0.0173319
0.0167709
0.0190645
0.0165381
0.0165381
0.0167549
0.0185299
0.0175029
0.0175982
0.0150973
0.016975
0.0159439
0.0169266
0.0169417
0.0179538
0.0162569
0.0167241
0.0167241
0.0181705
0.0163191
0.0170702
0.0170203
0.0163671
0.0167865
0.0157111
0.017284
0.017284
0.0175182
0.0181417
0.0163035
0.0163035
0.0169577
0.0180762
0.0168333
0.0151789
0.0147515
0.0147515
0.016802
0.0182448
0.0155084
0.0155084
0.0163035
0.0163035
0.0180454
0.0164435
0.0174864
0.016506
0.0169262
0.0170361
0.0170818
0.0174086
0.0176264
0.0163347
0.01674
0.0159301
0.0159301
0.0174241
0.0157728
0.0145801
0.0175489
0.0166935
0.018385
0.018385
0.0164435
0.0180736
0.0166459
0.0184031
0.0161463
0.0161463
0.0166445
0.0162879
0.0184004
0.0175474
0.0174707
0.01851
0.0167396
0.0174072
0.0165076
0.0174241
0.01814
0.0177494
0.0168957
0.0168957
0.0184795
0.0175182
0.0184643
0.0154588
0.0151633
0.0181222
0.0169902
0.0163176
0.0166621
0.017238
0.0168803
0.0175643
0.017302
0.0171914
0.0169884
0.0178913
0.0195624
0.0158351
0.0179689
0.0179689
0.018047
0.0175182
0.0178896
0.0169262
0.0182932
0.0156301
0.0169902
0.0179067
0.0174241
0.0178283
0.0162602
0.0162602
0.0152566
0.0177355
0.0177355
0.0168957
0.0176573
0.0194969
0.0194969
0.0194969
0.0171461
0.018467
0.0185899
0.0178131
0.0162107
0.0165877
0.0154433
0.0161012
0.0160711
0.0187158
0.0167395
0.0164591
0.0163191
0.0151596
0.0177979
0.0175321
0.0160396
0.0190541
0.0143973
0.0192919
0.0161953
0.0171613
0.0194216
0.0159284
0.0172535
0.018092
0.0172067
0.01549
0.01549
0.0165683
0.0178283
0.0167092
0.0154588
0.0181705
0.0173624
0.020003
0.0159907
0.0159907
0.0162107
0.0154771
0.016428
0.017269
0.0160396
0.0175342
0.0166147
0.0175489
0.0171761
0.0169448
0.0170055
0.0174271
0.0179538
0.0177979
0.0158508
0.0182932
0.0171766
0.0162414
0.0173015
0.017051
0.0164287
0.0162245
0.0167888
0.0145993
0.0158976
0.0172221
0.0147897
0.0147897
0.0166327
0.0173172
0.0170852
0.015849
0.0168192
0.0180645
0.0175182
0.0176573
0.0165069
0.0165069
0.0156327
0.0172375
0.017005
0.0167704
0.0167087
0.016428
0.016428
0.0177391
0.0157418
0.0159595
0.0167709
0.0167549
0.0167549
0.0163978
0.0179689
0.0164903
0.0172375
0.01674
0.0158993
0.0177979
0.0166147
0.0180917
0.0159907
0.0164747
0.0174731
0.0175336
0.0165217
0.0179841
0.0160695
0.0171916
0.0190043
0.0190043
0.0166936
0.0161479
0.0188523
0.0170668
0.0174247
0.0166147
0.0166147
0.0160996
0.0178283
0.0176436
0.0161635
0.0173932
0.0168333
0.0174271
0.0174271
0.0172529
0.0158326
0.0169266
0.0194976
0.0169421
0.0169421
0.0176878
0.0163035
0.0174086
0.0173319
0.0189586
0.0186381
0.0170203
0.0167241
0.0167087
0.0164753
0.0165843
0.0169107
0.0169107
0.0169417
0.0163647
0.0159882
0.0169732
0.0172845
0.0172845
0.0176573
0.0172223
0.0171761
0.0147403
0.0180454
0.0165535
0.0165535
0.0170823
0.01814
0.0184947
0.0166933
0.0173624
0.0173624
0.0168329
0.0183263
0.0165837
0.0159751
0.0166133
0.0177355
0.0177355
0.016802
0.0168957
0.0181374
0.0164287
0.0167554
0.0167554
0.0161777
0.0161479
0.0148522
0.0172529
0.0162553
0.0162553
0.0176436
0.0172072
0.0160039
0.0169262
0.01851
0.0179841
0.0189776
0.0161463
0.0182011
0.0179689
0.0165837
0.0176271
0.0176271
0.0173471
0.017051
0.0158351
0.017284
0.0172226
0.0156145
0.0161934
0.0162553
0.0162569
0.0179689
0.0167395
0.0177185
0.0165689
0.0184039
0.017051
0.0174226
0.0177355
0.0158666
0.0185115
0.0185115
0.0170974
0.0182329
0.017642
0.0173778
0.0186353
0.0157728
0.0157728
0.0164266
0.0159147
0.0159284
0.0165683
0.0170978
0.0170978
0.0160858
0.0186381
0.0182603
0.0172535
0.016802
0.0170514
0.0163332
0.0152104
0.0152104
0.0171133
0.0175643
0.0171133
0.0171133
0.0172221
0.0183263
0.0183263
0.0183263
0.0183263
0.0162724
0.0168329
0.0173932
0.0172535
0.0174072
0.0166147
0.0169262
0.0169262
0.0169577
0.0179067
0.0166459
0.0180608
0.0166147
0.0149869
0.0166773
0.0160378
0.0165222
0.0175182
0.0183543
0.0169111
0.0164591
0.0173932
0.0160039
0.0177494
0.0166147
0.0166147
0.0173624
0.0170978
0.0163818
0.0164732
0.0171914
0.0183696
0.0183696
0.0177355
0.0186026
0.0171133
0.0157269
0.0186658
0.0161949
0.0176891
0.0170973
0.0177355
