0.00844849
0.00741693
0.00732611
0.00855085
0.00448356
0.00720419
0.00866234
0.00879493
0.00720419
0.00732611
0.00732611
0.00985019
0.00985019
0.0113468
0.00998741
0.00998741
0.00731053
0.00598141
0.00990574
0.00751403
0.00733566
0.00607924
0.011551
0.0111999
0.013938
0.0100653
0.0142115
0.0142115
0.00881016
0.0113781
0.0111839
0.00462928
0.00876938
0.00750493
0.00856588
0.0113345
0.00880009
0.0100283
0.00888688
0.00883569
0.0116185
0.0142526
0.0142115
0.011592
0.00609562
0.00733271
0.0101511
0.0128754
0.0114428
0.00626681
0.00751403
0.00725116
0.0100951
0.0100951
0.00862162
0.0131077
0.00748905
0.0090301
0.0115538
0.0115538
0.0100099
0.0142115
0.00604657
0.0102179
0.0102179
0.0102179
0.0102287
0.0102287
0.0126845
0.00892282
0.0113081
0.0102398
0.0127384
0.0113226
0.0113226
0.0113754
0.00586803
0.0100692
0.0140199
0.00752985
0.0127384
0.00886126
0.00992066
0.00588399
0.00874938
0.0116212
0.0113781
0.0115538
0.00717911
0.0101769
0.0100951
0.00869299
0.0129164
0.0101619
0.00620153
0.0114837
0.00731684
0.0155887
0.00732611
0.00605497
0.00605497
0.00987624
0.00987624
0.00987624
0.01109
0.0115801
0.0085961
0.00848917
0.0112937
0.00739184
0.00996915
0.0073668
0.00979823
0.00981311
0.0112794
0.0124939
0.0126837
0.00591737
0.00988782
0.00976879
0.00604657
0.0100245
0.00991696
0.011592
0.0114019
0.0100692
0.00878468
0.00861138
0.00878468
0.0100542
0.00874938
0.00603041
0.0101582
0.00585945
0.00878468
0.0141432
0.00882052
0.0072545
0.00735117
0.011349
0.0112816
0.00989093
0.00616951
0.0113929
0.00861138
0.00596523
0.0139654
0.00882052
0.00705738
0.0113345
0.00729192
0.0117182
0.00871841
0.00473453
0.00994656
0.00608729
0.0153819
0.0101878
0.00885655
0.00864719
0.00725116
0.0131203
0.0127793
0.0101321
0.0128742
0.00872862
0.0114837
0.0102179
0.0142937
0.0126986
0.00999849
0.0112937
0.00763647
0.00872862
0.0114308
0.0085961
0.010147
0.00586803
0.00609562
0.00609562
0.0058756
0.00972813
0.0072448
0.00999849
0.00465334
0.0130254
0.011198
0.00591627
0.011361
0.00744827
0.0058756
0.0100653
0.0113781
0.00866762
0.0100801
0.0154801
0.0110654
0.0073576
0.0071385
0.00720419
0.00461279
0.0138149
0.00852988
0.0152881
0.009869
0.00881016
0.0072761
0.00876938
0.00989481
0.00989481
0.0125898
0.00735117
0.00621012
0.00987982
0.00875924
0.00736084
0.00858596
0.0100801
0.00872862
0.011198
0.00858093
0.00871841
0.00754579
0.0112794
0.0113594
0.00867761
0.00849963
0.0140889
0.00723539
0.00991696
0.0101878
0.00869846
0.00863684
0.00604657
0.0114572
0.0110759
0.00996153
0.0127114
0.0111735
0.0114163
0.00717345
0.00590008
0.00465334
0.00590008
0.00889181
0.00737352
0.0141431
0.0100245
0.00323585
0.00989093
0.00882551
0.00888688
0.00867281
0.0153407
0.00867761
0.012563
0.00726991
0.0102398
0.00327632
0.00604657
0.00870309
0.0141432
0.0103106
0.00603041
0.0111999
0.00761155
0.00877471
0.0140063
0.00990233
0.00336411
0.0112529
0.00331026
0.00862162
0.00843341
0.0112816
0.0101619
0.0101619
0.011592
0.00998741
0.00752094
0.00755481
0.00745761
0.0102437
0.0116212
0.0115128
0.00739839
0.00752985
0.0116739
0.00894818
0.00766143
0.0116622
0.00632374
0.00746295
0.0099725
0.00752985
0.00894818
0.0101582
0.010136
0.0101174
0.0090711
0.00752985
0.00893268
0.0100692
0.0141297
0.00880009
0.0114718
0.0104034
0.0115948
0.0116065
0.0116065
0.0115128
0.00989093
0.00878468
0.0101663
0.0140338
0.0059977
0.0126429
0.0101061
0.00863684
0.00875924
0.0100585
0.0100801
0.0125348
0.00767733
0.0113635
0.0100801
0.0100951
0.00620177
0.00477517
0.00477517
0.0124663
0.00997662
0.0114308
0.00621772
0.00739184
0.0115423
0.00743255
0.0085147
0.00728544
0.0128203
0.00875924
0.0100434
0.00860652
0.0125479
0.00610361
0.00999849
0.00739839
0.00883126
0.00742331
0.0100653
0.00737352
0.0111714
0.00878468
0.0128343
0.00871841
0.00585945
0.00585945
0.00483985
0.00590008
0.0140473
0.00873912
0.00753906
0.0101878
0.0101878
0.00594073
0.00843341
0.00844849
0.00872862
0.0073418
0.00748006
0.00863684
0.0115367
0.00995771
0.00868317
0.00627482
0.0059246
0.00596523
0.00740752
0.0113754
0.00873384
0.00991696
0.00867761
0.0126435
0.0085961
0.0100133
0.00858596
0.00980948
0.00726991
0.0113226
0.0125898
0.0102179
0.00869299
0.00867761
0.0125757
0.0100283
0.00462193
0.00602312
0.00608729
0.0059246
0.00995085
0.0126026
0.0110511
0.00745761
0.00745761
0.0101101
0.00726991
0.00995771
0.0100801
0.00600589
0.0114864
0.0113876
0.00744827
0.00581886
0.00873384
0.00887648
0.0114308
0.0127664
0.0102547
0.0100393
0.0113226
0.0114163
0.0114602
0.0102589
0.0113109
0.00887224
0.0127384
0.00739839
0.00746411
0.010147
0.00886126
0.00480866
0.0114308
0.0127806
0.0073668
0.0127396
0.0047827
0.0047827
0.0071385
0.00741436
0.0100801
0.0100801
0.00857062
0.00732026
0.0126718
0.0126026
0.00452409
0.0128063
0.0114428
0.0116097
0.00863215
0.00882551
0.0114019
0.00862162
0.0127114
0.0100951
0.00476792
0.00604657
0.00622612
0.0127396
0.011551
0.00746724
0.0099725
0.0058275
0.0072448
0.0127114
0.00596523
0.00596523
0.0085961
0.00735117
0.0100245
0.00734869
0.00870309
0.0089173
0.0126327
0.0126327
0.0114044
0.00602212
0.00995771
0.0113635
0.0101663
0.00606285
0.00606285
0.00870309
0.00751403
0.00885097
0.00722627
0.0128896
0.00752985
0.0100951
0.0115101
0.00754579
0.0117004
0.0115573
0.0115573
0.0100176
0.0073418
0.0126576
0.0126576
0.00867761
0.00857062
0.0101101
0.00754579
0.00863684
0.0114019
0.00740752
0.00753906
0.0128485
0.00858596
0.0129433
0.00892282
0.0142115
0.0113876
0.00462928
0.010147
0.0126166
0.00989481
0.0127114
0.00721974
0.00721974
0.0072761
0.0128882
0.0100133
0.0138295
0.00863684
0.00863684
0.00874387
0.0113081
0.011349
0.00726991
0.00724222
0.0100914
0.0100914
0.00989093
0.00855538
0.0126718
0.0100434
0.0100434
0.00999849
0.0100692
0.00871841
0.00735117
0.00865217
0.0139105
0.0139105
0.00472579
0.00881016
0.0115128
0.00885097
0.00598141
0.0100283
0.0115655
0.00598141
0.00885097
0.00874387
0.00887648
0.0114602
0.00731684
0.00882551
0.0152863
0.0114428
0.00738254
0.0114142
0.0100283
0.0100283
0.00865791
0.00858596
0.00756413
0.0114044
0.0128882
0.012467
0.00881562
0.0127933
0.0073418
0.0062096
0.00753705
0.00619324
0.0126718
0.0128075
0.00216529
0.010173
0.00989481
0.0115101
0.0115101
0.00750493
0.00606285
0.0128203
0.0073418
0.0102028
0.0139111
0.0139111
0.00458128
0.00744827
0.00625847
0.00886637
0.00888188
0.011677
0.00986495
0.0115246
0.0073418
0.00732611
0.0100692
0.0100692
0.0102956
0.00886637
0.00876504
0.011361
0.0100542
0.00590008
0.0078573
0.00765244
0.00475117
0.0130809
0.00874938
0.00767733
0.00871841
0.0114693
0.0115776
0.00629128
0.00782499
0.00894818
0.00767733
0.00767733
0.00881562
0.00752985
0.00756184
0.0101511
0.00766143
0.0117444
0.0033274
0.0101921
0.0061202
0.0103667
0.00620177
0.00746411
0.0102547
0.00875924
0.00875924
0.00878468
0.0114572
0.0078821
0.00998376
0.00998376
0.00864719
0.00905004
0.0089173
0.0140336
0.0112937
0.0141842
0.0127524
0.00598141
0.010173
0.0128472
0.00619324
0.0129164
0.0129164
0.00748905
0.0140889
0.0112794
0.00880546
0.010173
0.00746411
0.0102741
0.00748905
0.0102398
0.00882551
0.00748006
0.00351352
0.00756184
0.0127384
0.00733566
0.0125488
0.0101582
0.00874387
0.0126166
0.00884097
0.0114718
0.00888188
0.00890726
0.00989481
0.0103216
0.00872862
0.00616086
0.010121
0.00766852
0.0126026
0.0115012
0.00888188
0.0103516
0.0128063
0.0128063
0.0102073
0.0100283
0.00861138
0.00861138
0.00343847
0.00343847
0.0128217
0.00874938
0.0102287
0.00634879
0.00634879
0.0100738
0.0126435
0.0103067
0.011292
0.0102484
0.0157267
0.00882551
0.00882551
0.00753906
0.0101511
0.0114602
0.00755481
0.00743255
0.0102138
0.0140336
0.010136
0.00616086
0.00616086
0.0102179
0.0102138
0.00621772
0.0089173
0.0103106
0.0103106
0.0103106
0.00854518
0.00590008
0.00598977
0.00875419
0.00741693
0.00622607
0.00604657
0.010173
0.00885655
0.0101511
0.0113345
0.00875924
0.00875924
0.00875924
0.0102895
0.0114308
0.0116622
0.00894818
0.00894818
0.0115776
0.00883569
0.0144586
0.00873384
0.0101619
0.00748006
0.00885655
0.0113081
0.0129307
0.0127384
0.010341
0.010156
0.010156
0.0100951
0.010121
0.0089173
0.0128754
0.00894818
0.00744827
0.00744827
0.0113081
0.00610361
0.0114019
0.0104185
0.0102028
0.0102028
0.00751403
0.0101101
0.0102028
0.0100951
0.00618547
0.00638091
0.00477517
0.00634007
0.0115948
0.0131077
0.00753906
0.00883569
0.00885655
0.00643832
0.00741436
0.00741436
0.00752094
0.00615249
0.0101619
0.0073668
0.00766143
0.0101061
0.00642178
0.0116212
0.0102999
0.00475859
0.00604785
0.0100692
0.012645
0.00754579
0.00754579
0.00467262
0.00897358
0.00626695
0.0117004
0.010147
0.00590008
0.00484942
0.00767071
0.00881016
0.00871348
0.0129039
0.00629926
0.00629926
0.0102073
0.0116065
0.0059977
0.00742331
0.00894818
0.00894818
0.00731684
0.00617699
0.00890726
0.00890726
0.00882551
0.00777527
0.00890726
0.0100099
0.0102437
0.00883569
0.00875924
0.00614441
0.00614441
0.0113226
0.00352621
0.00236837
0.00636453
0.00886637
0.00886637
0.00756184
0.0128896
0.00890726
0.0114981
0.0129022
0.00624266
0.00624266
0.00891325
0.00891325
0.0116622
0.00459802
0.00753705
0.00745761
0.0140474
0.0100843
0.00748905
0.0100024
0.00756413
0.00874387
0.0102956
0.00867761
0.00598977
0.00874387
0.00741436
0.00737352
0.00737352
0.0073418
0.00743921
0.00885655
0.0112408
0.0102696
0.00865783
0.00755481
0.00462928
0.00465334
0.00875419
0.00881016
0.0103625
0.00890726
0.0114044
0.00345558
0.010382
0.00747327
0.0100951
0.00596523
0.00471051
0.00596523
0.00894818
0.00737352
0.0100801
0.00496931
0.00866234
0.00866234
0.00480866
0.00873384
0.00485653
0.00849963
0.00597377
0.0112121
0.00863684
0.00775229
0.0102028
0.00459802
0.0046626
0.00999288
0.00725116
0.00725116
0.00994656
0.00466108
0.0100393
0.0045887
0.0099725
0.00847404
0.00577829
0.00718876
0.0073668
0.00728544
0.00607924
0.00607924
0.00607924
0.00627482
0.00870309
0.00603899
0.0034451
0.00730108
0.00615249
0.00488053
0.00488053
-0.00446351
-0.0017714
-0.00458462
-0.00170943
-0.00960189
-0.00419957
-0.00949851
-0.00675173
-0.00939919
-0.00939919
-0.00933598
-0.00656484
-0.0118206
-0.0118206
-0.00750974
-0.00368845
-0.00368845
-0.00778796
-0.00771047
-0.00664363
-0.00261919
-0.00639451
-0.00514263
-0.00797841
-0.00255644
-0.00257811
-0.00535168
-0.00536927
-0.00540798
-0.00937665
-0.00781072
-0.00824123
-0.0092267
-0.00531086
-0.00407616
-0.00132633
-0.0038725
-0.00524861
-0.00389095
-0.00524861
-0.00399285
-0.00811917
-0.00811917
-0.00561568
-0.00815605
-0.0108052
-0.00261777
-0.00532835
-0.00520768
-0.00233104
-0.00407151
-0.00663714
-0.00810066
-0.00516443
-0.00639803
-0.00526803
-0.010421
-0.0064132
-0.00672231
-0.0119833
-0.00530675
-0.00540798
-0.00508474
-0.00399425
-0.00534771
-0.00520963
-0.00795602
-0.00645429
-0.00405623
-0.00255779
-0.00650206
-0.00399425
-0.00530675
-0.00534771
-0.00261862
-0.00399536
-0.00393339
-0.0079744
-0.00233181
-0.00391445
-0.00793352
-0.00800068
-0.00932622
-0.00147035
-0.0104619
-0.00522709
-0.00132633
-0.0013886
-0.00280361
-0.00391349
0.000151117
-0.00387354
-0.00520293
-0.00245385
-0.00255726
-0.00534771
-0.00534771
-0.00653982
-0.0048573
-0.00475264
-0.00232998
-0.00224726
-0.00224726
-0.00888121
-0.00338042
-0.00347625
-0.00487647
-0.00345911
-0.00481303
-0.00612475
-0.00372638
-0.00879902
-0.0047683
-0.00758731
-0.00352003
-0.00212438
-0.00374603
-0.00643558
-0.00114115
-0.00771899
-0.00768767
-0.00487647
-0.00358303
-0.00633092
-0.00633092
-0.00505749
-0.00505749
-0.00631594
-0.00765546
-0.0116835
-0.00900428
-0.00226857
-0.00360622
-0.00220712
-0.000893164
-0.00230989
-0.0101753
-0.00501924
-0.00499402
-0.00625608
-0.00765117
-0.00224726
-0.00776973
-0.00767384
-0.00498082
-0.00491138
-0.0030636
-0.00181005
-0.00295433
-0.00295433
0.0062428
0.00633159
0.001919
0.00202266
0.00335184
0.00607142
-0.000453101
0.00349997
0.00219059
0.000777048
0.00478788
-0.000530606
-0.000718413
-0.00311794
0.000797387
-0.00480218
0.000817769
0.00206443
0.000380234
0.000380234
-0.000806083
-0.000682358
-0.000785989
0.000629472
-0.000658778
-0.0072344
-0.0072344
0.00162428
-0.00353133
-0.0020085
-0.0020085
0.000440354
-0.000658778
0.00168744
-0.00360776
0.00191754
-0.00611064
-0.00221745
-0.00211445
-0.00466839
-0.00213662
-0.00342195
-0.00344813
0.0018337
0.00183393
-0.000745672
-0.0100378
-0.00761328
-0.00632686
-0.00631228
-0.00224577
-0.00645044
-0.00645044
-0.00497805
-0.00767781
-0.00786044
-0.0116347
-0.00921573
-0.00107836
-0.00491138
-0.00511777
-0.00361992
0.00171162
-0.00482491
-0.00351768
-0.00392844
-0.00626709
-0.0105071
-0.00781405
-0.00505749
-0.00632686
-0.0076055
-0.0116512
-0.0116512
-0.00501626
-0.00492662
-0.00607894
-0.00607894
-0.0048985
-0.00479072
-0.00466279
-0.00363663
0.000523509
-0.00499402
-0.00499402
0.00152152
-0.00632686
-0.00921573
-0.00368073
-0.00751814
-0.0064463
-0.00899282
-0.00628974
-0.00232863
-0.00366353
-0.00628561
-0.00890422
-0.010367
-0.00503192
-0.00355907
-0.00367809
-0.00499402
-0.00633615
-0.0076055
-0.0076055
-0.00370261
-0.00374392
-0.00239136
-0.00337391
-0.0061926
-0.00631228
-0.00364178
-0.00903393
-0.00764174
-0.00351504
-0.00612475
-0.00885779
-0.00766476
-0.0078373
-0.00353436
-0.00779613
-0.0064463
-0.00356136
-0.00748932
0.000295406
-0.00763659
-0.00639069
-0.007724
-0.00341269
-0.0021628
-0.0021628
-0.00785525
-0.00630832
-0.00370261
-0.00921573
-0.00497805
-0.00232863
-0.00390674
-0.00509869
-0.00618872
-0.0091276
-0.0090574
-0.004975
-0.004975
-0.00513681
-0.00882242
-0.00776015
-0.00898666
-0.00511454
-0.00642781
-0.000995354
-0.0075001
-0.00364178
-0.006469
-0.00639451
-0.00509556
-0.00232863
-0.00232863
-0.00626709
-0.00901634
-0.006469
-0.00886933
-0.00876939
-0.00241138
-0.00365874
-0.0103737
-0.0053453
-0.00493031
-0.00509869
-0.006469
-0.00770586
-0.0063638
-0.00751814
-0.00903974
-0.0050353
-0.00487339
-0.00384806
-0.00364178
-0.00386548
-0.00784718
-0.00633092
-0.00495594
-0.00513681
-0.00513681
-0.00648751
-0.00520013
-0.00639069
-0.00505749
-0.00228722
-0.00616169
-0.00628561
-0.00751814
-0.00895763
-0.00638659
-0.000913689
-0.00634535
-0.00257655
-0.00908646
-0.00647295
-0.00372209
-0.00655128
-0.00368309
-0.0089692
-0.0089692
-0.00226857
-0.0114949
-0.00230865
-0.00230989
-0.00632251
-0.0076186
-0.0076186
-0.00487339
-0.0102678
-0.00349567
-0.0021429
-0.00751814
-0.00324641
-0.00768767
-0.00384362
-0.00476462
-0.00725227
-0.00616169
-0.00499718
-0.00499718
-0.00237002
-0.00734731
-0.00745887
-0.000871578
-0.00378287
-0.00624433
-0.00624433
-0.00485107
-0.00378287
-0.00353957
-0.00622584
-0.00353957
-0.00642781
-0.00642781
-0.0049492
-0.0049492
-0.00608763
-0.00768767
-0.00638659
-0.00638659
-0.00632686
-0.00517802
-0.00761014
-0.00782429
-0.00669684
-0.00230865
-0.00230865
-0.00259764
-0.00374392
-0.00393038
-0.0065364
-0.00529843
-0.00654718
-0.00654718
-0.0064132
-0.00512071
-0.00786534
-0.00507324
-0.00804747
-0.00773698
-0.00224726
-0.00639451
-0.00651764
-0.00528237
-0.00374392
-0.00915709
-0.00915709
-0.0064132
-0.00630832
-0.00255644
-0.00780615
-0.00368517
-0.00798833
0.000149555
-0.00649536
-0.00798833
-0.010619
-0.00517802
-0.0103737
-0.00376563
-0.00526321
-0.00653982
-0.00915121
-0.00397149
-0.0105546
-0.0077832
-0.00544653
-0.00659613
-0.0104422
-0.00520013
-0.00645044
-0.00493684
-0.00780615
-0.00649536
-0.00517475
-0.00635341
-0.00781072
-0.00510153
-0.00382644
-0.00891654
-0.00364178
-0.00649158
-0.00386766
-0.0077832
-0.00643184
-0.00230713
-0.00230713
-0.00359794
-0.00382644
-0.00499718
-0.00645044
-0.00640507
-0.00511777
-0.00906899
-0.00759535
-0.00770096
-0.00360265
-0.00382419
-0.00380686
-0.0089987
-0.00525723
-0.00651404
-0.00642781
-0.0064132
-0.00390674
-0.00663714
-0.00245272
-0.00224846
-0.00910925
-0.00239136
-0.00774692
-0.00646475
-0.00918619
-0.00914492
-0.00542472
-0.00766476
-0.00122366
-0.00911607
-0.00639451
-0.00655128
0.00150267
-0.00386548
-0.00362428
-0.00380686
-0.00784238
-0.00361731
-0.00401258
-0.000995354
-0.00520013
-0.00241259
-0.00647663
-0.00506302
-0.00639069
-0.00639069
-0.00661096
-0.00364178
-0.0064463
-0.00511777
-0.00392844
-0.00392844
-0.00544386
-0.0065364
-0.00918041
-0.00522475
-0.00937952
-0.00114115
-0.00114115
-0.00649536
-0.00390886
-0.00394798
-0.0064463
-0.00380872
-0.00799273
-0.00938487
-0.00417665
-0.00669684
-0.00124435
-0.00665584
-0.00403227
-0.010782
-0.0105342
-0.00530149
-0.00544386
-0.00257534
-0.0065364
-0.00515896
-0.00515896
-0.0105546
-0.00655128
-0.00378287
-0.00652096
-0.00911607
-0.00796552
-0.006469
-0.00665934
-0.00255644
-0.0105002
-0.00253629
-0.00514263
-0.00927433
-0.00368517
-0.00390886
-0.00645044
-0.00661096
-0.00669312
-0.00770586
-0.00770586
-0.0065551
-0.00511777
-0.00401078
-0.00651764
-0.00796552
-0.0065551
-0.0065551
-0.005181
-0.00780615
-0.00785168
-0.00801525
-0.00384598
-0.00384598
-0.00522212
-0.00909843
-0.00653268
-0.00814751
-0.00647295
-0.00907501
-0.00625245
-0.0077421
-0.00509869
-0.00647295
-0.00786995
-0.0105374
-0.00396963
-0.00923906
-0.00406698
-0.0104728
-0.00651404
-0.00503192
-0.0104147
-0.00249402
2.5408e-05
-0.00911607
-0.00520013
-0.00794736
-0.00515896
-0.00515896
-0.00395178
-0.00120303
-0.00501924
-0.00507655
-0.00370479
-0.00931531
-0.00109981
-0.00513681
-0.00810659
-0.00651404
-0.0050604
-0.005244
-0.00634535
-0.00247396
-0.00646475
-0.00906899
-0.00640927
-0.00524126
-0.00388923
-0.00388923
-0.0065551
-0.00497805
-0.00790636
-0.00810182
-0.00243267
-0.00380686
-0.00380686
-0.00634952
-0.00746865
-0.00245385
-0.0076055
-0.00640927
-0.00640927
-0.00909843
-0.00528237
-0.00780615
-0.00922136
-0.00633092
-0.00374603
-0.00374603
-0.00771047
-0.00771047
-0.00241138
-0.00796552
-0.0105071
-0.00380686
-0.00782429
-0.00782429
-0.00764174
-0.00361992
-0.00361992
-0.00645044
-0.00784238
-0.00648751
-0.00916799
-0.0023713
-0.00245272
-0.00245272
-0.00512071
-0.00512071
-0.00529843
-0.00529843
-0.00798364
-0.006469
-0.00386766
-0.0077832
-0.00376341
-0.00793755
-0.00920361
-0.00627112
-0.00923906
-0.00659613
-0.00239246
-0.00642349
-0.00774692
-0.00382644
-0.00382644
-0.00776509
-0.00776509
-0.00903393
-0.00903393
-0.0090574
-0.00540553
-0.00770096
-0.00770096
-0.00790153
-0.000996677
-0.00892226
-0.00386766
-0.00386766
-0.00800651
-0.00507956
-0.00507956
-0.00909259
-0.0065244
-0.00526036
-0.00661482
-0.00647663
-0.00647663
-0.0064132
-0.0064132
-0.00634952
-0.00634952
-0.006469
-0.00786995
-0.00407335
-0.00525723
-0.00351768
-0.00512071
-0.00663714
-0.0106424
-0.0106424
-0.00916872
-0.00624854
-0.00774692
-0.00632686
-0.00786534
-0.00526036
-0.00380686
-0.00788818
-0.00512071
-0.00512071
-0.00393038
-0.00624854
-0.0092267
-0.0092267
-0.00509869
-0.00491138
-0.00778796
-0.007724
-0.007724
-0.00509869
-0.00232998
-0.00669312
-0.00491138
-0.00380686
-0.00911012
-0.00778796
-0.00364578
-0.00526036
-0.00107894
-0.00655128
-0.00634952
-0.00652869
-0.00240989
-0.00380686
-0.00378723
-0.00241138
-0.00511777
-0.00649885
-0.00738149
-0.00513681
-0.00124403
-0.00782429
-0.00376563
-0.00124433
-0.00666256
-0.00394798
-0.00530675
-0.00376563
-0.00233104
-0.00649536
-0.00257655
-0.00924451
-0.00510153
-0.00792916
-0.00637207
-0.00628974
-0.0119381
-0.00776973
-0.00513681
-0.00762839
-0.00911012
-0.00651015
-0.00388722
0.00281522
-0.0076466
-0.00925672
-0.00649536
-0.00532345
-0.00651764
-0.0065551
-0.00388722
-0.00249103
-0.00511777
-0.00651015
-0.00640927
-0.0065551
-0.00784238
-0.00627112
-0.00770586
-0.0065551
-0.0077832
-0.00776509
-0.00776509
-0.00513681
-0.0117319
-0.00784718
-0.007724
-0.00366353
-0.00360044
-0.00360044
-0.00645044
-0.0061926
-0.00651764
-0.00645044
-0.00497167
-0.00782897
-0.00491138
-0.00491138
-0.0117967
-0.0049078
-0.00634535
-0.00762364
-0.00363363
-0.00782429
-0.00774692
-0.00657377
-0.00649536
-0.0116669
-0.00363935
-0.00768288
-0.00105844
-0.00641683
-0.00912173
-0.00651764
-0.00659239
-0.00540553
-0.0065551
-0.00921573
-0.00526036
-0.00799273
-0.00242976
-0.0104792
-0.0104792
-0.00530427
-0.00790636
-0.00643558
-0.00523824
-0.00922136
