0.00333943
0.00363806
0.00494919
0.00674516
0.00187296
0.00831501
0.00351056
0.00561756
0.0017012
0.00373761
0.00356665
0.00199984
0.00741262
0.00761174
8.30629e-05
0.00197251
0.00798622
0.000361738
0.00339584
0.00534735
0.000753652
-0.00326347
0.00386531
0.000262186
0.00724292
0.00187296
-9.59411e-06
0.00504873
0.00343897
0.00202735
0.00905917
0.0030972
0.00657562
0.00175636
0.00494919
0.0018458
0.00554645
0.00379407
0.00229851
0.00316846
0.00182824
0.00573235
0.00396487
0.00378139
0.00318416
0.00533411
0.000335032
0.00681532
8.99547e-05
0.00368185
-0.00130232
-0.00360712
0.00195547
-0.00102445
-0.00102445
-0.000924878
0.00671578
0.00671578
0.00546278
0.00235372
0.000235485
0.00331148
7.20167e-05
0.00353851
-8.21133e-05
0.00824582
0.00685659
0.00510607
0.0015296
0.00654608
0.00388094
0.00013594
0.00996258
0.0018458
0.00227116
-0.00328672
0.0054755
0.00175636
0.000235485
0.000461292
0.00517686
0.00370964
0.00202735
0.00393672
0.00197251
-0.000951311
0.0115323
-0.000235535
0.00336755
0.0017012
0.0052764
0.00258832
0.00389363
0.00533411
0.00157434
0.00187296
0.00660535
0.00370964
0.00370964
-0.00110322
-0.00192046
0.000607141
0.00318416
0.00919071
0.0065058
0.00711396
0.00192779
0.00180074
0.000461292
0.00343897
0.00667517
0.000461292
0.00227116
0.00514827
0.00661624
0.00637654
0.000534134
0.0057034
0.000507591
0.00560384
0.00376575
0.00048122
0.00540472
0.000116991
0.00408004
0.00356665
0.00523455
-0.00249219
0.00514827
0.00517686
0.00667517
0.00510607
0.00370964
0.00383717
0.00530517
0.00591622
0.00664562
0.00209939
0.00235372
0.0047079
0.0040083
0.00681532
0.00530517
0.00343897
-0.00311322
0.00140258
0.00221698
-0.00018919
0.00202735
0.00180074
0.000289059
0.00681532
0.00197251
0.0101541
0.00329629
0.00341101
0.000534134
0.00390874
0.005646
0.00185591
0.00351056
0.00392538
-0.00316139
0.0037263
0.0047787
0.00557506
0.00452267
0.00500652
0.0065058
0.00878256
0.00685659
0.00510607
0.0040083
0.00537595
0.000162637
0.00207205
0.00207205
6.30905e-05
0.00885208
0.00175636
0.0054755
0.00232603
0.00406443
-0.000951311
0.00341101
-0.000326208
0.0021269
0.00251562
0.00534735
0.00497777
0.000343322
0.00561756
0.00483635
0.00561756
0.00199984
3.63982e-05
0.00514827
0.0036662
0.00205503
0.0052764
-0.00343729
-0.000181662
0.00390874
0.00675705
6.30905e-05
-0.00164822
0.000832804
-0.000199121
0.00896208
0.0052764
0.00514827
0.000461292
0.000289059
0.0049359
0.00182824
0.00584511
0.00278743
0.00108735
0.0052764
0.0054755
0.000560848
0.0036101
0.00125863
0.00214443
0.00194534
0.00558929
0.00487823
0.0054755
0.00489255
0.00194534
0.00312566
-0.00167445
0.00541847
0.00199984
0.00359495
0.000415665
0.00329629
0.00378139
-0.00274045
0.00410785
0.00580296
0.00383717
0.000978972
0.00403628
0.00413584
0.00182824
-0.0014227
0.00554645
0.00274176
0.000388615
0.0011315
0.00715521
0.0036662
0.00664562
0.00195547
0.00396487
-0.00154867
0.0036662
-0.000678876
0.00856393
-0.000235535
0.00658703
0.000388615
0.00375376
0.00745385
0.00319675
-0.00136936
0.00165681
0.00160166
0.00363806
0.00368185
-0.00291411
0.000262186
0.00363806
0.00363806
0.00187296
0.0036101
0.0084539
-0.000135996
0.00408004
0.00219895
0.00888212
0.000488174
0.00707338
0.00376575
0.000959098
0.00227116
0.000515228
0.00882222
0.00696399
-0.00301367
0.00219895
0.00537595
0.00368185
0.0034671
0.00358231
0.00209939
0.00359495
0.00541847
-0.00164822
-0.00112913
0.005646
-0.00313544
0.00821547
0.0017842
0.000162637
0.00560384
0.00175636
0.0047079
0.00177342
0.000162637
0.00540472
-0.00256663
0.00536212
0.00306892
0.00204489
0.00312566
-0.00477578
0.00343897
0.00661624
0.00182824
0.000335032
0.00502032
8.99547e-05
0.00232603
-0.0015749
-0.00172639
0.00489255
0.00160166
0.00500652
0.00165681
9.87792e-06
0.00180074
0.000162637
0.00190029
0.00187296
-0.00167445
0.00160166
0.00316846
0.00628843
0.00711396
0.00356665
0.00348277
0.0051641
0.00207205
0.00476589
0.00480744
0.00708473
0.00700356
0.00506454
0.00150212
-0.00150142
0.0100545
0.00370964
0.00180074
0.005646
0.00315656
0.00594888
-0.00180004
-8.21133e-05
0.000614793
0.00869298
0.00553322
-0.00122868
0.00158509
-0.0046258
0.00520562
-3.64538e-05
0.0032837
-0.000407765
0.00339584
0.00654608
0.00197251
0.0034954
0.00351056
0.00697382
0.00507731
-0.00177399
0.006347
-0.00142777
1.74376e-05
0.00711396
0.00483635
0.00221698
0.00296938
0.00013594
0.00521939
0.00376575
0.0034954
0.0054469
0.00343897
-8.96574e-05
0.00531893
0.00415194
0.005646
0.00567461
0.00209939
0.000208956
0.0075881
0.000335032
0.00133052
0.00945728
0.00167388
0.00667094
-0.00122868
0.0030972
0.00332476
0.00945728
0.00668656
0.00682771
0.00209939
0.00181221
1.74376e-05
0.00718427
0.00222646
0.0042515
0.00157434
-0.00105088
-0.00142777
0.00331148
0.00177342
0.00211743
0.00185591
0.00483635
0.00251562
0.00237071
-0.00331232
0.00521939
0.00247027
-0.00167445
0.00353851
0.0021269
0.00368185
0.00204489
0.00336755
0.00507731
-0.000135996
0.00165681
0.00533411
0.00369451
0.00229851
-0.000142173
0.000289059
0.00160166
0.0067049
0.00172869
0.000779864
-0.000335072
0.00197251
0.000289059
0.0100621
0.00698518
-3.64538e-05
0.00675705
0.00486544
0.00503545
0.0052764
0.00167388
0.000243759
0.0047079
0.00487823
0.00376575
0.00715521
0.00594888
-0.000288721
-0.00192046
0.00351056
0.00125863
8.30629e-05
-0.000425758
-0.00279085
0.00648749
0.000208956
0.000388615
0.00305704
0.000162637
0.00675705
0.00174626
0.00398049
0.0054755
0.00694426
0.00694426
0.00239806
0.00193995
0.00379407
0.00202735
-0.00246707
0.00388094
-0.00070498
0.00177342
0.00150212
0.00182824
0.000335032
0.00356665
0.00393672
0.00413584
0.00688564
0.00316846
0.00764117
0.00718427
0.000587735
0.00561756
0.00875253
0.000488174
0.000488174
0.00406443
0.00534735
0.000415665
0.00677472
0.00164673
0.0021269
0.00214443
8.99547e-05
0.00214443
0.0036662
-0.0038537
-0.0038537
0.0084539
0.00393672
0.00222646
0.00143006
0.00502032
0.00172869
-0.00154867
-0.00298805
-0.00160096
-0.00196672
-0.00156849
0.00476589
0.00184039
-0.00179435
-0.00129655
-0.00129655
-0.00340801
-0.00124286
-0.00124286
-0.000199121
-0.00168637
-0.00529014
-0.00553539
-0.00859568
-0.0174853
-0.0153626
-0.0310332
-0.0354991
-0.0557281
-0.0756179
-0.10707
-0.149809
-0.214562
-0.196257
-0.119845
-0.0535716
0.0302455
0.0302455
0.0673065
0.0342524
-0.056548
-0.100166
-0.0986676
-0.112921
-0.0440141
-0.0368985
-0.0382697
-0.0295831
-0.0724162
-0.0673475
-0.0584535
-0.0584148
-0.0461346
-0.0512996
-0.057215
-0.0575872
-0.0602817
-0.0508837
-0.0472244
-0.0638293
-0.065146
-0.0590828
-0.0573488
-0.0475209
-0.0530416
-0.0529087
-0.0574115
-0.0603799
-0.0558009
-0.0541259
-0.0509524
-0.0547805
-0.0592582
-0.0597306
-0.0580213
-0.0526958
-0.0536717
-0.0516974
-0.054693
-0.0563589
-0.0579938
-0.0552149
-0.053631
-0.0545798
-0.0497182
-0.0540931
-0.0559409
-0.0548671
-0.0531119
-0.0534815
-0.0468415
-0.0514534
-0.0567603
-0.0560315
-0.0548514
-0.0543001
-0.0549957
-0.0549654
-0.0548745
-0.0531869
-0.0495723
-0.0474712
-0.0524932
-0.0463291
-0.0533599
-0.0497933
-0.0545046
-0.0511551
-0.0519204
-0.05526
-0.0521908
-0.0547465
-0.0532617
-0.0533833
-0.0547763
-0.0514534
-0.049474
-0.0514534
-0.0510122
-0.0236749
0.00579959
0.0415128
0.0910709
0.0648948
0.0426615
0.0521873
0.0234654
0.0360764
0.046846
0.0372656
0.0514873
0.0514873
0.0514873
0.0362703
0.0448418
0.0492535
0.0509552
0.0415042
0.0416658
0.0434146
0.0471408
0.0531797
0.0479535
0.0430945
0.0448529
0.0450493
0.0466698
0.0458439
0.0413456
0.0433275
0.039553
0.0383957
0.0461975
0.0427206
0.0448189
0.0382046
0.0397577
0.0409896
0.0393379
0.044695
0.04494
0.0380915
0.0415421
0.0337211
0.0496531
0.0466104
0.0402588
0.0111337
0.0297949
0.0203663
-0.0258946
0.00469362
-0.0295072
-0.0108293
-0.0164315
-0.0256804
-0.00976182
-0.0296156
-0.0187244
-0.0099482
-0.0166293
-0.0148829
-0.0198262
-0.0184751
-0.0143188
-0.0141198
-0.0107124
-0.0094469
-0.0201256
-0.0201256
-0.0133301
-0.0094423
-0.00974736
-0.0154718
-0.0160624
-0.0154718
-0.0104126
-0.00945134
-0.0134251
-0.00877665
-0.00955427
-0.0126722
-0.0105249
-0.0113079
-0.0141198
-0.00334182
-0.0105249
-0.00752164
-0.0121692
-0.0108239
-0.00848061
-0.00974736
-0.0126598
-0.00480242
-0.0111105
-0.0348218
-0.0261516
-0.0502502
-0.0737263
-0.0648232
-0.102272
-0.1046
-0.0979672
-0.120835
-0.110807
-0.123448
-0.104826
-0.0874974
-0.0797609
-0.0491975
-0.042009
-0.0328845
-0.0452442
-0.0415447
-0.0415623
-0.0451051
-0.0451051
-0.0473921
-0.036754
-0.0391162
-0.0376623
-0.0290967
-0.0211153
-0.0315961
-0.0306307
-0.0227808
-0.0143563
-0.0128142
-0.0136054
-0.00634922
-0.00661454
0.0013272
0.00670574
0.00923914
0.0162332
0.0238777
0.0187197
0.0223946
0.0239039
0.0261446
0.0222654
0.0253089
0.0222579
0.0196737
0.0178066
0.0211425
0.021729
0.0167803
0.0218268
0.0135416
0.016579
0.0200619
0.0171208
0.0195225
0.0193772
0.0225105
0.0224128
0.0203582
0.0190336
0.0160229
0.0218285
0.0182142
0.0122402
0.0192356
0.0163542
0.0161658
0.0148923
0.0161522
0.0132179
0.0144859
0.0115166
0.0083477
0.0180186
0.0100143
0.00830559
0.0116798
0.0115821
0.0131826
0.0126313
0.0104053
0.00937266
0.00998481
0.0165729
0.0151058
0.011649
0.00868413
0.00726683
0.0120664
0.0103627
0.0118152
0.0121506
0.0123178
0.0150181
0.0124155
0.0118574
0.0140943
0.0111035
0.0106974
0.00785336
0.0127088
0.005585
0.00601575
0.0123462
0.00721492
0.00570456
0.00804889
0.0108515
0.00411569
0.007289
0.00731269
0.00626936
0.0065627
0.00108294
0.0110215
0.0026279
0.0105293
0.0170005
0.0197143
0.0286201
0.0410931
0.06395
0.0655326
0.0898342
0.0899023
0.0949807
0.106286
0.132381
0.158388
0.190109
0.210105
0.225627
0.254271
0.270267
0.281857
0.297004
0.316011
0.330475
0.355242
0.383598
0.392366
0.391545
0.391064
0.395725
0.412395
0.400419
0.402508
0.401119
0.393339
0.387904
0.389484
0.391704
0.387271
0.375136
0.375136
0.364696
0.350406
0.334433
0.297629
0.261212
0.216517
0.189466
0.152795
0.112652
0.108438
0.101625
0.110571
0.112079
0.120435
0.126835
0.131262
0.133035
0.131067
0.124674
0.121951
0.127361
0.123152
0.124896
0.123838
0.119394
0.104519
0.116499
0.126833
0.126582
0.128129
0.123648
0.118756
0.120666
0.122535
0.119484
0.107384
0.104189
0.104473
0.105129
0.113682
0.120123
0.108701
0.104833
0.0977122
0.0920141
0.105413
0.113147
0.11424
0.0994411
0.0909694
0.0897242
0.0853193
0.0890362
0.0949719
0.0921488
0.103587
0.0956188
0.089695
0.0787758
0.0902362
0.0907128
0.0933178
0.099699
0.0929428
0.0929428
0.083643
0.0802503
0.0917998
0.101908
0.104381
0.10054
0.0912506
0.0939715
0.0935494
0.0853169
0.0990818
0.0950518
0.0965708
0.0987267
0.0972656
0.0945717
0.0964682
0.0946318
0.0915463
0.0869983
0.0870204
0.0888801
0.0828958
0.0861355
0.0861355
0.0811344
0.0810594
0.0732135
0.0849975
0.0873265
0.0945202
0.0953141
0.0840398
0.0863441
0.0843097
0.084409
0.083166
0.0912123
0.0908839
0.0846997
0.0870501
0.0841374
0.08557
0.0965268
0.0954593
0.0889762
0.0860901
0.0810107
0.0697393
0.0766571
0.0812839
0.0772672
0.0690591
0.0719547
0.0790211
0.083199
0.0833449
0.0768138
0.0839622
0.078339
0.0674825
0.0600753
0.0764935
0.0812405
0.0859923
0.089166
0.0606976
0.0634205
0.0572413
0.0696179
0.0772398
0.0773869
0.0807461
0.077596
0.0645531
0.0602313
0.0800312
0.0772579
0.0875285
0.0914959
0.0829011
0.0711992
0.0580193
0.0595492
0.0599341
0.0661755
0.0697803
0.0648208
0.0583702
0.0552625
0.06203
0.0751009
0.0772876
0.0754862
0.0712002
0.0677596
0.0727706
0.0721303
0.0715263
0.0720802
0.0826691
0.079446
0.0730107
0.0695759
0.0677933
0.0655743
0.0654466
0.0695143
0.0658438
0.0739143
0.0670331
0.059079
0.064604
0.0723817
0.0730403
0.0733045
0.0754154
0.0658485
0.063531
0.0636727
0.0584555
0.0720881
0.073472
0.0619356
0.0519022
0.0425832
0.0420211
0.0507722
0.0597227
0.0629965
0.0573149
0.065926
0.0509126
0.0648025
0.0631073
0.0654746
0.0606579
0.0632814
0.0510531
0.0505822
0.0580378
0.0526022
0.0647536
0.065276
0.0639431
0.0460806
0.0496118
0.0594249
0.0580954
0.0554423
0.0514503
0.0542865
0.0462308
0.050115
0.0429592
0.0615514
0.0619809
0.0619948
0.0630146
0.0524962
0.0460329
0.0536535
0.0470923
0.0545052
0.058951
0.067951
0.0622045
0.0607039
0.044408
0.0397141
0.0474342
0.06481
0.0636887
0.0471907
0.035371
0.0354056
0.0413015
0.0466736
0.0555045
0.0623163
0.0582848
0.0524158
0.0439539
0.0420029
0.0520141
0.0481933
0.0541074
0.0461592
0.0437747
0.0419154
0.033651
0.044569
0.0529917
0.0579013
0.0610759
0.0446487
0.0387292
0.0427539
0.0429526
0.0487201
0.0526949
0.0449176
0.0451333
0.0401653
0.0332446
0.0332439
0.0583187
0.0535889
0.0489928
0.0392455
0.0332077
0.0345449
0.04272
0.0513237
0.0505382
0.04623
0.0421686
0.0450898
0.0384312
0.0426982
0.0339489
0.0423033
0.0503245
0.0509929
0.044426
0.0381952
0.0434288
0.0338018
0.0413324
0.0498736
0.0344495
0.0403938
0.0416706
0.0481964
0.0487186
0.049116
0.0506949
0.0387123
0.0407073
0.0384931
0.0441776
0.0465184
0.0458874
0.0438797
0.0352908
0.0423859
0.0388116
0.0388116
0.0402945
0.0339969
0.0388905
0.0459254
0.0378241
0.0245038
0.0373259
0.0424933
0.0412222
0.0383536
0.0396679
0.0313524
0.0361875
0.0405329
0.045715
0.0455539
0.052269
0.0438163
0.0419315
0.0292408
0.0267449
0.0305989
0.0453428
0.054927
0.0500846
0.0500846
0.0402816
0.0377287
0.0360852
0.0457783
0.0435364
0.04623
0.04044
0.0391483
0.0344495
0.020101
0.0247505
0.0310168
0.0451495
0.0526834
0.036305
0.0407073
0.0247876
0.0167719
0.0277502
0.0325932
0.0383471
0.0244044
0.0232783
0.0345553
0.0392196
0.0464101
0.0445928
0.0362839
0.0358416
0.0285449
0.0343912
0.0428368
0.043306
0.0404471
0.0405925
0.0329447
0.0292895
0.0266547
0.0361337
0.0443225
0.0508494
0.0490468
0.0371935
0.0325904
0.0319624
0.0439457
0.0429819
0.0411959
0.0409972
0.040485
0.0287967
0.0235863
0.024467
0.0329888
0.0415476
0.0394399
0.0266031
0.0324956
0.0327891
0.0426839
0.0445836
0.0443683
0.0351889
0.0434154
0.0355582
0.0186596
0.0252396
0.0374264
0.0524813
0.0523395
0.0425846
0.0286442
0.028451
0.0278664
0.0439107
0.0465727
0.0522401
0.0440783
0.0441322
0.0435807
0.0293948
0.0261997
0.0297041
0.0383278
0.0419887
0.040381
0.041911
0.0407207
0.0248457
0.0244733
0.0389163
0.0410708
0.0454776
0.0410618
0.038021
0.0312395
0.036787
0.0367355
0.0308938
0.0306927
0.0347336
0.0414481
0.0419481
0.0432194
0.0344865
0.0401203
0.0354839
0.0321405
0.0279837
0.0334367
0.0292457
0.0363793
0.033385
0.0416321
0.04346
0.031743
0.0232552
0.014357
0.0289029
0.0390788
0.0354906
0.0267473
0.0162322
0.0156362
0.0277172
0.0334464
0.0379707
0.0523201
0.0459601
0.0224179
0.00854958
0.0224138
0.0276857
0.0435406
0.0326403
0.0238642
0.0335555
0.0374247
0.0400652
0.034039
0.032297
0.0364777
0.0367322
0.0356463
0.0294419
0.0290981
0.0228414
0.0304573
0.0370814
0.0315925
0.0309906
0.0204442
0.0270999
0.0275863
0.0245038
0.0379719
0.0294861
0.0373296
0.0427361
0.0353881
0.0363291
0.0322923
0.0295379
0.0277867
0.0130351
0.0220165
0.026895
0.0193016
0.02466
0.0207779
0.0289873
0.0406535
0.0434446
0.034039
0.0219665
0.0251289
0.0302631
0.0339397
0.0335917
0.0337981
0.0301638
0.0219329
0.0238194
0.0259879
0.019681
0.0261032
0.0303063
0.0368828
0.0210539
0.00674462
0.0116263
0.0212493
0.0359822
0.030207
0.028311
0.0203546
0.00624943
0.0175253
0.0256801
0.0294796
0.0333668
0.0371851
0.0497979
0.0497979
0.0219316
0.0246329
0.0307533
0.0415026
0.035592
0.029036
0.0184973
0.0140735
0.0181603
0.0232031
0.0284674
0.0373224
0.0452088
0.0314382
0.0251045
0.0162595
0.014002
0.026226
0.0218451
0.0417946
0.0289029
0.0324956
0.0312407
0.0196457
0.0196457
0.0208865
0.0262026
0.0300348
0.0276926
0.00875536
0.0242744
0.0223105
0.0392621
0.0372749
0.0266762
0.0245872
0.0148848
0.020752
0.0271139
0.0226342
0.0300754
0.0214729
0.0296918
0.0348829
0.0260895
0.0206081
0.00827564
0.0343428
0.037085
0.0306951
0.0170288
0.0104882
0.0228128
0.0298708
0.0377807
0.0353071
0.0284333
0.018464
0.0189724
0.0123693
0.0306008
0.0250303
0.0332376
0.0293614
0.0326104
0.024505
0.0169276
0.0229322
0.0219444
0.022143
0.0283494
0.034644
0.0301883
0.0180326
0.0273167
0.0367008
0.041751
0.0528958
0.0424446
0.0184155
0.0084743
0.00787837
0.02003
0.0278075
0.0266373
0.028242
0.0286852
0.0166144
0.014744
0.0162477
0.0285026
0.0304262
0.038269
0.0405543
0.0262659
0.0287386
0.0302741
0.0335846
0.0335846
0.023248
0.023248
0.0302954
0.0329952
0.0329952
0.0297452
0.0281344
0.0283494
0.0323034
0.0311009
0.0236861
0.0298982
0.0181603
0.0278907
0.0314168
0.0333036
0.0414473
0.0314711
0.0298904
0.0219566
0.0159341
0.0227335
0.0268628
0.0245872
0.0217784
0.0254371
0.0197044
0.0320262
0.0365797
0.0394684
0.0308029
0.0219566
0.0237413
0.018189
0.0235542
0.0336385
0.0363523
0.0361914
0.030718
0.0324589
0.020829
0.020117
0.0324235
0.0364893
0.0363352
0.046664
0.0324641
0.0196051
0.0174966
0.0293844
0.0361399
0.0323648
0.0387164
0.0341441
0.0248776
0.0132219
0.0227828
0.0191536
0.0205981
0.0357566
0.0421923
0.0375703
0.033191
0.0109138
0.0241886
0.0359147
0.0459093
0.0441747
0.0359028
0.0255473
0.0259125
0.0263473
0.0352309
0.0363834
0.0376423
0.0338691
0.0368258
0.0264386
0.0235793
0.020805
0.0253711
0.0479888
0.0444301
0.0367357
0.0301883
0.024933
0.026441
0.0282234
0.0280601
0.0315366
0.03788
0.030268
0.0278262
0.030494
0.0300059
0.0361957
0.0358978
0.0376784
0.0301593
0.0275058
0.03006
0.0303947
0.039618
0.0292408
0.0398648
0.0245146
0.030135
0.0280151
0.0161182
0.0283227
0.0323242
0.0248574
0.0219264
0.0140008
0.0239049
0.0315522
0.0354785
0.0374023
0.0317146
0.034459
0.0231484
0.0167366
0.0158191
0.0252871
0.0340893
0.0357161
0.0338829
0.0219027
0.0172979
0.0271752
0.0323104
0.0363993
0.0378837
0.0304031
0.0242879
0.0218271
0.0199602
0.0277852
0.0254134
0.032848
0.0417028
0.0418949
0.0324765
0.0263417
0.0269612
0.022894
0.0183946
0.0237115
0.0258827
0.0370435
0.0518896
0.0404564
0.0310444
0.0182509
0.017933
0.0324378
0.0351921
0.03639
0.0359677
0.0315156
0.0340077
0.0283557
0.037229
0.0291895
0.0240345
0.0254856
0.0208961
0.0259006
0.0223354
0.0324325
0.0338453
0.0336556
0.0277923
0.0225091
0.0159214
0.0210651
0.0244865
0.0367496
0.0286536
0.037912
0.033516
0.0276696
0.0276696
0.0206875
0.0264964
0.0336296
0.0372323
0.0320575
0.0191109
0.0252999
0.00960581
0.0182307
0.0242078
0.0326934
0.0447658
0.0371297
0.0345708
0.0188278
0.022367
0.0259251
0.0302876
0.0302586
0.0315806
0.0320942
0.0270512
0.0245162
0.0194695
0.0194288
0.0222259
0.031305
0.0379401
0.0347102
0.0268618
0.00578726
0.0108987
0.024777
0.0628116
0.0402172
0.032509
0.0209807
0.00734775
0.0125415
0.0240764
0.0303226
0.0325992
0.0318452
0.0273591
0.0176382
0.0240675
0.0336556
0.0310625
0.0307412
0.0307746
0.0311524
0.0290392
0.0221184
0.029941
0.0255762
0.0395107
0.0423061
0.0347308
0.0240764
0.0203424
0.0301262
0.032077
0.0302255
0.033245
0.0258986
0.0347102
0.0242879
0.0219027
0.0237115
0.032077
0.0302337
0.0364049
0.0236219
0.0194094
0.026744
0.0282672
0.0384319
0.0304873
0.0323749
0.0300403
0.0151722
0.0276958
0.0349647
0.0370859
0.0445071
0.0409011
0.044032
0.0346315
0.0239771
0.0175841
0.027141
0.0334246
0.0435116
0.0491674
0.0355943
0.0401789
0.0203424
0.0201044
0.0261137
0.0255352
0.0379197
0.0410386
0.0386799
0.0330839
0.0211038
0.027018
0.0290249
0.0319389
0.0419782
0.0319817
0.0257747
0.0213802
0.0304374
0.0349294
0.024829
0.0316551
0.027976
0.0341716
0.0399924
0.0337302
0.033686
0.0382712
0.0326836
0.0403895
0.0377834
0.0356035
0.0357675
0.0293893
0.0319529
0.03734
0.0381567
0.0319885
0.0274309
0.0253776
0.0231486
0.0356035
0.0333816
0.0396557
0.0439493
0.0339399
0.0241757
0.0230622
0.0204417
0.0263374
0.0321985
0.0377294
0.0321672
0.0294469
0.0316976
0.0340832
0.0340723
0.0301262
0.0241842
0.0362442
0.0343702
0.0278131
0.0293579
0.0286033
0.0387331
0.0535087
0.0421703
0.0419929
0.0318113
0.0308086
0.0258509
0.0357028
0.0284802
0.0259733
0.0361646
0.0227964
0.0238642
0.0134541
0.0190809
0.0190809
0.0495778
0.0377927
0.0375385
0.0330368
0.0191447
0.0132208
0.0379676
0.0486314
0.0476454
0.0317691
0.022373
0.0200477
0.0256105
0.0277922
0.0314613
0.0294572
0.0272763
0.0308246
0.0341195
0.0267612
0.0222347
0.018091
0.0221958
0.0327198
0.0346035
0.0285963
0.0279429
0.0224316
0.0263704
0.0278537
0.0314783
0.0377065
0.0339344
0.0257904
0.0256739
0.0317761
0.0337076
0.0337076
0.0337076
0.0383705
0.0272156
0.0262886
0.021754
0.0325769
0.0560733
0.0407338
0.026975
0.0287491
0.0169594
0.0204449
0.0301835
0.0457905
0.0457905
0.0409324
0.0270872
0.0149043
0.0146237
0.0237901
0.0440018
0.0442852
0.0315605
0.0288684
0.027556
0.027556
0.0347674
0.0288527
0.0288527
0.0248387
0.0251188
0.0292755
0.0308368
0.0320947
0.0335325
0.0378489
0.0418789
0.0346467
0.0302104
0.0346349
0.026536
0.0226701
0.0242814
0.0378058
0.0358149
0.0445399
0.0337656
0.0261487
0.0229128
0.0200173
0.0293175
0.031415
0.0435521
0.0385777
0.0293488
0.017826
0.0146061
0.0120009
0.0328623
0.0328064
0.0296342
0.0285567
0.0308196
0.0358455
0.0240818
0.0238369
0.0225239
0.0202401
0.0305721
0.0367949
0.033878
0.0245792
0.0201166
0.0183268
0.0221571
0.03235
0.0327897
0.0328041
0.0311755
0.0194432
0.0183517
0.0221268
0.0363544
0.0345167
0.0310772
0.0263451
0.0198565
0.0199672
0.0317352
0.0357161
0.04202
0.0383096
0.0304814
0.014184
0.0136426
0.0278326
0.0359142
0.0359142
0.0264252
0.0363691
0.0228094
0.027273
0.0239663
0.0315952
0.0502173
0.0407747
0.0324219
0.0259288
0.0226376
0.0186762
0.0143978
0.0188623
0.0319797
0.0566826
0.0538137
0.0455392
0.022226
0.0060469
0.0195415
0.017465
0.0358284
0.0439849
0.0500267
0.0390119
0.0175882
0.00464361
0.0121846
0.0247177
0.0287372
0.0371612
0.0322542
0.0354449
0.038032
0.0336969
0.0276733
0.016958
0.0146164
0.0220294
0.0300919
0.0340526
0.0356904
0.0336685
0.033867
0.0300713
0.0207428
0.0206
0.0239978
0.0304479
0.0332297
0.0292259
0.0301899
0.0242724
0.0224116
0.021768
0.0214174
0.0313956
0.0376573
0.0300919
0.0220563
0.0315005
0.0318317
0.0306862
0.0261096
0.020265
0.0196849
0.0259042
0.0278599
0.0345169
0.0314305
0.0206887
0.0226849
0.021233
0.0190594
0.0254831
0.0297942
0.0359881
0.03788
0.0325473
0.0245191
0.0189601
0.0188005
0.0161618
0.023839
0.0352252
0.0477656
0.0399638
0.0345326
0.0304283
0.0183228
0.0126825
0.0203798
0.0303689
0.0352449
0.0449825
0.0387734
0.0242035
0.0147398
0.0188998
0.0227602
0.024485
0.0444663
0.031812
0.0273793
0.0364381
0.019146
0.00793876
0.0186139
0.0280704
0.0365424
0.0362617
0.0296623
0.0288571
0.0377744
0.029104
0.0264143
0.00802914
0.0284413
0.0384291
0.0383868
0.0328511
0.022871
0.0241204
0.0241204
0.0284936
0.0268046
0.0366765
0.0296979
0.0229192
0.0191929
0.0333081
0.0317601
0.0435098
0.0320904
0.0244196
0.0187913
0.0185094
0.0265373
0.0343092
0.0301899
0.0279973
0.0284282
0.0162918
0.0264005
0.0181818
0.0280741
0.0299537
0.0300318
0.0229703
0.0302905
0.0187483
0.0240739
0.0258718
0.0253677
0.0336685
0.0379215
0.0243457
0.0262639
0.0169317
0.0150723
0.0223182
0.0279694
0.0360191
0.0440759
0.0326062
0.0360139
0.0250425
0.0207769
0.0271245
0.0304944
0.0285704
0.0347203
0.026438
0.0249906
0.0212579
0.0127475
0.0160608
0.0275143
0.0343034
0.0428296
0.0345218
0.0267358
0.0195224
0.0155175
0.0133438
0.0147011
0.033888
0.03347
0.0322081
0.0325059
0.0247174
0.0231688
0.022834
0.0189628
0.0210118
0.0168874
0.0306549
0.0332609
0.0409294
0.0207769
0.0168195
0.0205626
0.02466
0.032509
0.0320904
0.0400024
0.0322184
0.0359793
0.0285929
0.0135108
0.0208605
0.0188349
0.032328
0.0368816
0.0259912
0.0266238
0.0243983
0.0306169
0.0243983
0.0246241
0.0285901
0.0311827
0.0268969
0.0151336
0.0209889
0.0244256
0.0251768
0.0297619
0.0348006
0.019002
0.025971
0.0225381
0.0243622
0.0284038
0.0243084
0.028318
0.0288383
0.0308154
0.0312833
0.0244586
0.0125503
0.00890858
0.0212868
0.0295204
0.0370908
0.036636
0.0171161
0.00821837
0.00627715
0.0216723
0.0212803
0.0269617
0.0469998
0.0383676
0.0350975
0.0171853
0.0160614
0.0141383
0.0141383
0.0307162
0.0368751
0.0492728
0.0374038
0.0230586
0.0134425
0.00923355
0.0250525
0.030766
0.0367172
0.0309298
0.0343826
0.0327852
0.0308084
0.0237081
0.0271202
0.0332208
0.0297401
0.0224454
0.0267381
0.032493
0.0246107
0.0309762
0.0345051
0.033066
0.0254124
0.0273933
0.0230221
0.0312833
0.033083
0.0247687
0.0308306
0.0287518
0.0304798
0.0306033
0.0241493
0.0267292
0.0325477
0.0272085
0.0246927
0.0208958
0.0144079
0.0184366
0.0287151
0.0395432
0.0299704
0.0212038
0.0225224
0.0375153
0.0333001
0.0345658
0.040605
0.0178779
0.0136101
0.0246521
0.0390396
0.0449965
0.0370736
0.0287518
0.026811
0.0287016
0.0251484
0.0325275
0.0397018
0.034285
0.032112
0.0191327
0.0231759
0.0314429
0.0372374
0.0269913
0.0227279
0.0285166
0.0290496
0.0289001
0.0251399
0.023573
0.0250666
0.0309908
0.0272566
0.0367758
0.0371552
0.0315603
0.0329629
0.0251031
0.0246167
0.0264673
0.0269103
0.0311669
0.0326689
0.0304563
0.0348596
0.0272817
0.0249046
0.0278043
0.0250666
0.031014
0.0299923
0.0291234
0.0253405
0.0377339
0.028312
0.0274834
0.0183221
0.0263062
0.0257616
0.029571
0.0314647
0.0260595
0.0203803
0.0282496
0.0217256
0.0294585
0.0294585
0.0319394
0.0320387
0.0256169
0.027516
0.0320387
0.035316
0.035594
0.0340554
0.0236809
0.0254108
0.0311244
0.0378679
0.0468485
0.0375272
0.0204718
0.00839357
0.0221866
0.0303937
0.037369
0.03295
0.0371332
0.0333254
0.0331733
0.0256449
0.0301909
0.0234027
0.0277045
0.0279659
0.0256449
0.0356139
0.0342335
0.0365931
0.0365931
0.0127163
0.0266554
0.0267542
0.0304186
0.0362706
0.0402628
0.032177
0.0344719
0.0235952
0.0195018
0.0309892
0.0455793
0.0443755
0.0482462
0.0280652
0.0230167
0.0266789
0.0208237
0.0199257
0.0358734
0.03536
0.0341938
0.0299682
0.0261854
0.0158337
0.0292217
0.0378068
0.0444748
0.0361111
0.0250002
0.0311132
0.039049
0.0320154
0.0190528
0.00862213
0.0121622
0.0262691
0.0385045
0.036587
0.0322816
0.0287343
0.0223791
0.0258262
0.0196374
0.0397775
0.0367259
0.0283267
0.0181241
0.0215092
0.0325272
0.0344523
0.0399366
0.0186385
0.0164973
0.0280558
0.0283267
0.0304765
0.0343184
0.0305264
0.0193052
0.023308
0.0285983
0.0266554
0.024495
0.0143777
0.0226127
0.0244124
0.02661
0.0301909
0.0223036
0.0278138
0.0303772
0.0267813
0.0160688
0.0302779
0.0348891
0.0283864
0.024752
0.0190381
0.0190071
0.0206543
0.0225386
0.0244194
0.029007
0.0232511
0.0172831
0.00639959
0.0190358
0.0343568
0.0270432
0.0302219
0.0339676
0.032702
0.0244245
0.0210874
0.0148429
0.0207203
0.0230048
0.0271786
0.0234425
0.0233504
0.0255681
0.0168525
0.0209858
0.023001
0.0207202
0.0263978
0.0368275
0.0274501
0.0110769
0.0207976
0.0265616
0.0279468
0.0272059
0.0273561
0.021886
0.0104526
0.0262907
0.0229468
0.0234999
0.0134027
0.00644022
0.0259497
0.0318795
0.0289416
0.0333218
0.0303607
0.022547
0.0181444
0.0163249
0.0217804
0.0297803
0.0299069
0.0333462
0.0272568
0.0243559
0.0283078
0.024678
0.024507
0.0143105
0.01782
0.0176213
0.0298435
0.0264709
0.0360156
0.0242962
0.0186103
0.028554
0.0190732
0.0165317
0.0260702
0.0303133
0.0459222
0.0346806
0.0107923
0.00797582
0.010161
0.0205923
0.032092
0.0273494
0.0311629
0.0295954
0.0239585
0.0255718
0.02906
0.0289919
0.0281762
0.0255385
0.0234946
0.0215921
0.019713
0.0281279
0.0225412
0.0160689
0.0261345
0.0263067
0.0299988
0.0223096
0.0178017
0.0175037
0.0178565
0.0234286
0.029526
0.0216603
0.0213694
0.0315295
0.0276195
0.0201319
0.0285968
0.0226746
0.0220781
0.0220781
0.0246206
0.018249
0.0245554
0.0258698
0.0297246
0.0286092
0.0280447
0.0233024
0.0234821
0.0328323
0.0314416
0.0335859
0.0275137
0.0252504
0.0408888
0.0335137
0.00467973
0.0133765
0.0300226
0.0400705
0.0354814
0.0300191
0.0300226
0.014416
0.0204621
0.0127703
0.0222633
0.033466
0.0373555
0.0382859
0.0348246
0.0221769
0.0107713
0.0241906
0.020042
0.024034
0.0395707
0.046218
0.0301566
0.0219462
0.0202987
0.0201675
0.0198433
0.0279792
0.0325784
0.0264001
0.024422
0.0222874
0.0298842
0.0319268
0.0261385
0.0281125
0.0278147
0.0291905
0.0322298
0.0289161
0.0222789
0.018049
0.0140435
0.024523
0.030539
0.0246206
0.0160811
0.023799
0.0281778
0.0278448
0.0301868
0.0221109
0.0274807
0.0360181
0.0244886
0.0246536
0.0179451
0.0158835
0.0299851
0.0363525
0.0304143
0.0276465
0.0222193
0.0228214
0.0320955
0.0301868
0.0317931
0.0315915
0.0343445
0.0343445
0.0236996
0.0182589
0.0126854
0.0241963
0.0279442
0.0239034
0.0252457
0.0279775
0.024228
0.0260763
0.0253333
0.0382131
0.0363632
0.0262338
0.0206756
0.0223501
0.00863383
0.0181596
0.0300828
0.0355054
0.0376641
0.0386156
0.0249918
0.00413565
0.00641407
0.0138604
0.0272543
0.0474823
0.0454672
0.0381487
0.0220952
0.0150936
0.0123316
0.0178037
0.0332276
0.0399062
0.0382601
0.0297184
0.0258099
0.0165073
0.0105916
0.0162934
0.0363291
0.0275258
0.0433043
0.0396111
0.0377528
0.0313585
0.0237194
0.0219348
0.0262357
0.0352075
0.0361602
0.0244146
0.0220431
0.0298883
0.0359615
0.0322248
0.0260763
0.0313928
0.0341916
0.0348774
0.0253175
0.0282755
0.0107563
0.0200628
0.0284461
0.0324235
0.0378071
0.0334588
0.0240865
0.0282522
0.0300173
0.0241086
0.0378935
0.0265052
0.032418
0.0261079
0.024216
0.026113
0.0303144
0.0320533
0.0360662
0.0261813
0.0235007
0.0224803
0.0318969
0.0281773
0.0319575
0.0184365
0.0196699
0.0254178
0.0303824
0.0323643
0.0420264
0.0287086
0.0206071
0.0102809
0.0217556
0.0308359
0.0374892
0.0332608
0.037427
0.0320533
0.0246052
0.0202363
0.0240268
0.0303849
0.0338253
0.0342606
0.028474
0.0245676
0.0224619
0.0168529
0.0230096
0.0149375
0.0142476
0.0143469
0.0313008
0.0323517
0.0262123
0.0272347
0.0220654
0.030182
0.0190828
0.0199678
0.022381
0.0260137
0.0241469
0.0294882
0.0242552
0.0273519
0.0296998
0.0345187
0.0261813
0.0257608
0.0220505
0.0237812
0.0318225
0.0302182
0.0304491
0.0278305
0.0203893
0.0209853
0.0241664
0.0319563
0.0225697
0.0202331
0.023894
0.0260587
0.0202614
0.0255526
0.0254533
0.0296224
0.0316584
0.0284461
0.0206928
0.0185279
0.0107754
0.0160125
0.0183733
0.0376865
0.0361256
0.0220366
0.0164621
0.0206166
0.022669
0.0373224
0.0338621
0.0314632
0.0354913
0.0355242
0.0364183
0.0182299
0.0215863
0.0214425
0.0332347
0.0432503
0.041964
0.0323186
0.0238101
0.0234545
0.0234545
0.0188818
0.0206233
0.0316667
0.0268533
0.0368608
0.0258601
0.0184634
0.0257805
0.033799
0.0350315
0.0372368
0.0372368
0.0378242
0.0255415
0.017861
0.0235538
0.0260203
0.0360662
0.0346426
0.0269954
0.00968588
0.0215251
0.0206166
0.0404964
0.039716
0.0354586
0.0332628
0.035302
0.0307208
0.0366939
0.0371577
0.0277093
0.0294019
0.0222641
0.0301906
0.0282893
0.0290372
0.0253254
0.023275
0.0265786
0.0267324
0.0266363
0.0253097
0.0248562
0.0308778
0.0505436
0.0470265
0.0395954
0.0257805
0.0182844
0.0225208
0.0279682
0.0223059
0.0372243
0.0313752
0.0414478
0.0361204
0.0280291
0.0246435
0.02463
0.0169605
0.0219231
0.0296078
0.036154
0.0281065
0.0183056
0.0183056
0.0256785
0.0297557
0.0297557
0.0360884
0.0323536
0.0347173
0.0301834
0.0187432
0.0138855
0.0255366
0.0274216
0.0493688
0.0403336
0.0213487
0.018834
0.0119416
0.0186621
0.026823
0.0320952
0.0293408
0.029043
0.0397141
0.0341565
0.026175
0.026175
0.0260617
0.0398493
0.0285038
0.0339579
0.0259594
0.0199672
0.0219293
0.0225521
0.0265943
0.0305628
0.0300832
0.0276901
0.026289
0.0262033
0.0283852
0.0345523
0.0249805
0.0245211
0.0207734
0.0267037
0.0266743
0.0201993
0.0214942
0.0308932
0.0314326
0.0382173
0.0320781
0.0279855
0.0316425
0.027101
0.0361211
0.0306314
0.0285945
0.0263596
0.0244769
0.0186088
0.0246601
0.026587
0.0305705
0.0368176
0.0174628
0.0151274
0.0245211
0.0392939
0.0433662
0.0417393
0.0353545
0.0352552
0.0260085
0.0223806
0.0226174
0.0241959
0.0280995
0.0339352
0.0361023
0.034011
0.026858
0.0260476
0.02493
0.034887
0.0353519
0.0307923
0.0307002
0.0302055
0.0339901
0.0423379
0.0284263
0.0298266
0.0413808
0.0328273
0.0382173
0.0305501
0.0305705
0.0229046
0.0302191
0.0244397
0.0341408
0.0435367
0.034011
0.0340415
0.0223362
0.0139152
0.0277476
0.032399
0.0311587
0.0311587
0.0319408
0.0322767
0.0292499
0.0378584
0.0347524
0.0318378
0.0146054
0.0280635
0.0248911
0.0290607
0.0403437
0.0379863
0.0286806
0.0321243
0.0321276
0.0266575
0.030462
0.0320401
0.0376716
0.0362701
0.0325145
0.0322078
0.0285139
0.0186008
0.0364077
0.0304023
0.0392494
0.0308916
0.0228327
0.0151519
0.015282
0.0279019
0.0422029
0.0343195
0.0303417
0.0265162
0.0206898
0.0203918
0.0259096
0.016167
0.0333042
0.0433078
0.0434655
0.0407409
0.0241877
0.0184528
0.0247198
0.0351152
0.0330523
0.0290512
0.0342642
0.0250857
0.0228604
0.0207442
0.0283547
0.0289075
0.0282714
0.0422358
0.045019
0.0312761
0.0224885
0.0282714
0.0419714
0.0431689
0.0395295
0.0303416
0.0398216
0.0345256
0.0283852
0.0244218
0.0267709
0.0271709
0.0265327
0.0280729
0.0303184
0.030462
0.030008
0.0305322
0.0276676
0.0256109
0.026858
0.0265722
0.0225348
0.0314294
0.0334755
0.0414098
0.0419379
0.0238842
0.0198521
0.0268306
0.0305322
0.0380621
0.0329641
0.0352169
0.0245762
0.0242342
0.0190723
0.0347061
0.0358044
0.0279429
0.0327348
0.0189067
0.0130022
0.0191226
0.0225976
0.0245931
0.0322969
0.0346261
0.0363009
0.0362701
0.041647
0.041647
0.0387165
0.0287519
0.0284278
0.0313972
0.042779
0.0291099
0.0265601
0.0228631
0.0242814
0.036227
0.0244938
0.035881
0.0338612
0.0287825
0.0300357
0.030135
0.0346068
0.0345622
0.0397501
0.0397501
0.0263615
0.0306397
0.0335836
0.0246383
0.0264729
0.0322564
0.03408
0.0242411
0.0319826
0.0305905
0.0281447
0.0319541
0.036489
0.0319187
0.0279019
0.0320283
0.0266005
0.0265601
0.0265601
0.0357984
0.0353766
0.0298931
0.0285813
0.0306791
0.0263715
0.026737
0.0312811
0.0411506
0.0452544
0.0409483
0.0276483
0.0241821
0.0371375
0.0308685
0.0282753
0.0289932
0.0262898
0.0141625
0.0193483
0.0505074
0.0538731
0.0275084
0.0198963
0.0159
0.0396055
0.0341029
0.0341029
0.0367869
0.0346555
0.0323798
0.0309142
0.0366921
0.0353545
0.0339429
0.0297102
0.0395477
0.0517584
0.0458688
0.0458688
0.0456199
0.0183341
0.0240695
0.0397739
0.0475711
0.0471726
0.0312811
0.0282714
0.022823
0.0334465
0.0349352
0.0423703
0.0443311
0.0385219
0.0226856
0.0258192
0.0336454
0.0332049
0.0372452
0.0333477
0.0416786
0.0279429
0.0264445
0.0256946
0.0360195
0.0385852
0.0384282
0.0282816
0.0330851
0.0414088
0.0395605
0.0392575
0.0273153
0.0203766
0.0237071
0.0244285
0.0334053
0.0375804
0.0359202
0.0280368
0.0256446
0.0336733
0.0357217
0.0356224
0.0329134
0.0292438
0.0353351
0.0373818
0.0339901
0.0319826
0.0161849
0.021845
0.029601
0.0283827
0.0342786
0.0357516
0.0284802
0.0184334
0.0222637
0.0333606
0.0379575
0.0451874
0.0413775
0.0225393
0.0232366
0.0218928
0.018679
0.0216943
0.0364692
0.0438317
0.0300775
0.0243806
0.0104338
0.0222392
0.021255
0.0351491
0.045816
0.0417063
0.0417063
0.0210754
0.0262528
0.0238809
0.0312455
0.0377705
0.0441272
0.0287132
0.0240547
0.0246052
0.0308777
0.0307995
0.00924651
0.0243275
0.014112
0.0294138
0.0430468
0.0396287
0.0310644
0.0251064
0.0309226
0.0393976
0.0432669
0.0402108
0.0282087
0.014098
0.00493823
0.0260416
0.0312185
0.0392388
0.0352761
0.0232555
0.0312945
0.0354463
0.045524
0.0383513
0.018973
0.0248038
0.0145042
0.0277852
0.0300252
0.0352478
0.0318417
0.0153281
0.0252246
0.0280307
0.0315065
0.0410026
0.0429476
0.037204
0.0257252
0.0290917
0.0310826
0.0337012
0.0371313
0.0334747
0.0321106
0.0265054
0.0225136
0.0186319
0.021897
0.0319577
0.0399337
0.0414484
0.0375604
0.0159025
0.0122061
0.0177556
0.0282714
0.0392008
0.0372452
0.0264184
0.0302902
0.0260688
0.0241051
0.0184863
0.0316249
0.0369925
0.0473385
0.0455517
0.0455517
0.0216062
0.0315724
0.0320028
0.038107
0.0277329
0.0219729
0.0279055
0.0264513
0.0299712
0.0292914
0.033166
0.0371173
0.0355874
0.0378988
0.0292179
0.0340983
0.0300775
0.0265701
0.0262651
0.0338988
0.0438948
0.0306733
0.0242535
0.029746
0.030517
0.0242814
0.0276302
0.019646
0.023444
0.0400162
0.055822
0.0550829
0.037146
0.0240177
0.01823
0.0297819
0.0340894
0.0337221
0.0296945
0.0243275
0.0260946
0.0209203
0.0295382
0.0417779
0.0417779
0.0314342
0.0277535
0.0362395
0.02847
0.02847
0.0278035
0.0278035
0.0273819
0.036623
0.0355168
0.0287405
0.0238357
0.029439
0.0439277
0.0443361
0.0346249
0.012798
0.0140769
0.0197649
0.0277535
0.0446447
0.0456852
0.0355168
0.0255707
0.0178041
0.0263648
0.0383912
0.0381563
0.030886
0.030886
0.0221789
0.0183424
0.0314681
0.041134
0.0435431
0.0320485
0.02607
0.018506
0.0262673
0.0317272
0.0321954
0.0324653
0.0348365
0.0248038
0.00746395
0.0139534
0.0199082
0.0373158
0.0372588
0.0372184
0.037429
0.0370055
0.0335903
0.0253517
0.0367223
0.0370467
0.0357616
0.035616
0.0274557
0.0158887
0.0185856
0.0143122
0.0258431
0.0278196
0.0305881
0.0318858
0.0297142
0.0295382
0.0275302
0.0311023
0.0377003
0.0335027
0.0273579
0.0272332
0.0182648
0.0240818
0.0296368
0.035563
0.0393931
0.035873
0.0250989
0.0237199
0.02813
0.0278287
0.0317926
0.0409126
0.0378092
0.0302423
0.0200508
0.0218688
0.0204239
0.0315724
0.0448268
0.0356448
0.0261907
0.0198963
0.0299352
0.0323104
0.0334193
0.0309731
0.0397438
0.0325498
0.0201083
0.0153832
0.0215431
0.0379113
0.0471727
0.0315685
0.031196
0.0277306
0.0375017
0.0302509
0.0272999
0.0307156
0.0227104
0.0112498
0.0227849
0.018418
0.0376842
0.0255738
0.0254663
0.0333246
0.0397946
0.0358568
0.0313196
0.0290248
0.0389714
0.0437679
0.0444248
0.0285103
0.017107
0.0122839
0.0124848
0.0259176
0.0447135
0.0429929
0.0287052
0.0313804
0.0159378
0.0329995
0.0409233
0.057797
0.0524783
0.0254701
0.00864745
0.00705044
0.0124046
0.0348074
0.0479674
0.0508052
0.0436012
0.028349
0.0161562
0.0185173
0.0359803
0.0232333
-0.0119872
-0.0348975
-0.0340648
-0.0285854
-0.0100574
-0.00882749
-0.00199876
-0.00736291
-0.00383775
-0.0161675
-0.0159716
-0.00499057
0.00231976
0.00237898
0.0120607
0.00894493
0.014549
0.0123663
0.0129505
0.0278378
0.014549
0.020097
0.0168123
0.0185424
0.00868268
0.027719
0.0219433
0.0175276
0.00883591
0.0177671
0.0159231
0.0141694
0.0195646
0.0197525
0.021179
0.0195366
0.0158724
0.0123999
0.0143416
0.018018
0.023342
0.0130907
0.0340693
0.0177259
0.0503727
0.0165291
0.0452611
0.0524136
0.0406001
0.0823604
0.0457928
0.0457928
0.0599262
0.0453319
0.0612461
0.0580334
0.0682476
0.0690861
0.0614272
-0.0155545
-0.0230139
-0.0309506
-0.0262822
-0.0262822
-0.0216864
-0.0201077
-0.0128301
-0.0166376
-0.0156564
-0.0187555
-0.0217989
-0.0142308
-0.00988441
-0.00217519
0.00232696
0.0030499
0.00385605
0.00856961
0.010581
0.0070302
0.00722899
0.00862892
0.00862892
0.0109662
0.00975904
0.0176016
0.00612078
0.0134285
0.00832248
0.00746567
0.010773
0.00997693
0.00142938
0.0083034
0.00297399
0.00274725
0.00623482
0.00623482
0.00811111
0.00811111
0.00253273
0.00253273
0.0045391
0.00629449
0.00593638
0.0110816
0.00466736
0.00612559
0.00154806
0.00100732
0.00100732
0.00404765
0.0025895
0.00422801
0.00953672
-0.000902965
0.00495374
-0.000803472
0.006195
0.00639398
0.00464464
0.0076661
0.000136231
-6.2783e-05
-0.000316424
0.00742956
0.00595686
0.00267595
0.00479581
0.0014207
0.00274646
0.00646355
0.00317346
0.00813284
0.00649348
0.00482493
0.00492443
0.00485424
-0.000377565
0.00425728
0.00733695
0.00613533
0.00335693
0.00666254
0.00491335
0.00320094
0.00320094
0.00300363
0.00843134
0.00843134
0.00106421
0.00449734
-0.000405476
0.00047958
0.00498321
0.00438622
0.00189047
0.00314445
0.00177512
0.00321511
0.00123468
0.00666254
-4.50143e-05
0.00341412
-0.00388444
0.00461484
0.00465524
0.00161969
0.00649348
0.00820177
-0.000343484
-0.000343484
0.00161969
0.00331461
0.00315794
-0.00150918
-0.00150918
0.00307396
0.00418724
0.00820177
0.00455575
0.00689149
0.00660318
0.00331461
-0.0016746
0.00368395
0.00368395
0.00492443
0.00374151
0.00026334
0.00859977
0.00829398
0.00529329
0.00716006
0.00528174
0.0054923
0.00519379
0.00207365
0.00207365
0.00164756
0.00525225
0.00525225
0.00164756
0.00814116
0.00328594
0.00613533
0.000253478
0.00637479
0.00639398
0.00776559
0.00657375
0.00606559
0.00284595
-0.00190056
0.00502393
0.006195
0.00639398
0.00341412
-0.000532713
0.0063343
0.00365543
0.00700115
0.00164756
0.00166394
0.00186293
0.00144857
0.00335693
0.00636406
0.00505324
0.00469632
9.30518e-06
0.00656304
0.00163658
0.00335693
0.00335693
0.000253478
0.00769698
0.00161969
0.00673227
0.00512343
0.00512343
0.00670267
0.00636406
0.00469632
0.00519379
0.0079033
0.00161969
0.00181868
0.00994011
0.00462595
0.00458521
-0.00321916
-0.00321916
0.00362708
0.00836258
0.0132532
0.0132532
0.00184657
0.00498321
0.00367039
0.00636406
0.00649348
0.00321511
0.00499479
-0.000504978
0.000108809
0.00268899
0.00506532
0.00149249
0.00687222
0.00174706
0.00506532
0.00509429
0.00341412
0.00356095
0.00482493
0.00522293
-0.000405476
0.00522293
0.00485424
0.00429543
0.00221671
0.000452484
0.000551991
-0.00272163
0.00679198
0.00227268
0.00890703
0.00535176
0.00471434
0.00693126
-6.2783e-05
0.00368395
0.00367103
0.00217317
0.00853912
0.00739917
0.0021451
0.00365543
0.00355593
0.00479581
0.00375494
0.00368395
0.00684295
0.00197414
0.00566232
0.00218898
0.0100465
0.00294545
0.00361314
0.00555079
0.00462595
-0.00153529
0.00164756
0.00305845
0.00629449
-0.0015824
-0.00212632
0.00364255
0.00505324
8.3998e-07
0.00636406
0.00642408
0.00298745
0.00298745
0.00186293
0.00191819
0.00478421
0.00676204
0.00676204
0.00488371
0.00518223
0.00515274
0.00590335
0.00341412
0.00341412
0.00368395
0.00519379
0.00344297
0.00335693
0.0021451
0.00469632
0.000452484
0.000136231
0.00508272
0.00330043
0.000235742
0.00124958
0.00124958
-0.00128389
0.00226092
0.00335693
0.00204558
0.00512343
0.000407335
0.000407335
0.00342809
0.00365543
0.00492443
0.0036984
0.00680216
0.00656304
0.00529329
0.00863861
0.00700115
0.00378346
0.00622509
0.00482493
0.00532244
0.00187462
0.00358445
0.00873811
-0.00266977
0.00499479
0.00519379
0.00830127
0.00495374
0.00506532
0.00478421
0.00673227
0.00337248
0.00492443
0.00314445
0.00314445
0.00519379
0.00883761
0.002388
0.000181061
0.0015761
0.00669248
0.0013771
0.000651501
0.00187462
0.00533499
0.000136231
0.00358445
0.00331461
0.00208947
0.00693126
0.00542195
0.00542195
0.00542195
-6.2783e-05
-6.2783e-05
0.00806407
0.00159198
0.00315794
0.00047958
0.00207365
0.00331461
0.00374151
0.00515274
0.000534288
0.00550534
0.00349941
0.00362708
0.00428105
0.00569132
0.00569132
-0.00272163
0.00395395
0.0102076
0.002388
0.00589035
0.00556281
0.00556281
0.00243254
-0.00115792
0.00529329
0.00361314
0.00412461
0.00026334
0.00358445
0.000678606
0.000253478
0.00198997
0.00552146
0.000335255
0.00714142
0.00043477
0.00221671
0.00362708
0.000651501
0.0054923
0.00456593
0.00456593
0.00042556
0.00685239
0.00725957
0.00207365
0.00217317
0.000705883
0.000705883
0.0040251
0.0040251
0.00419592
0.00194608
0.00194608
0.00314445
0.00552146
-0.00113128
0.00191819
0.000163825
0.000163825
-0.00292065
0.0105747
0.00576183
0.00358445
0.00539279
0.00311561
0.00208947
-0.00105033
0.00590335
0.00251525
-0.000985367
0.00546331
0.00713027
0.00208947
0.00341412
0.00221671
0.00391168
0.00265896
0.0058325
0.00863035
0.000733332
0.00593201
0.00395395
0.00243254
0.00422412
0.00506532
0.00345643
0.00512343
0.000896322
0.000805403
0.000805403
0.00542195
0.0052355
0.0052355
0.00191819
-0.0012308
0.00231622
0.0036984
0.000751012
0.00331148
0.00739917
-0.00274311
0.0040112
0.00405347
0.00405347
0.00590856
0.00217317
-0.0025226
0.0040251
0.00161975
0.00565031
0.00384103
0.00355593
0.00576183
0.00566232
0.00459398
0.00277031
0.00398249
0.00422412
-0.00125743
0.000624568
0.00442316
0.00170383
0.00539279
0.00756872
0.006991
0.006991
0.00278606
0.00722978
0.00552146
0.00552146
0.00593201
0.00736971
0.0042525
0.00756872
0.00221671
0.0104376
0.00351363
0.00224461
0.00384103
0.00184657
0.00505324
-0.00066033
0.00221671
-0.00105841
0.00208947
-0.00113128
-0.000859373
0.0021451
0.000335255
0.000280565
0.00201769
0.0074586
0.00562097
0.000181061
-0.000932244
0.00197414
0.00351363
0.0021172
0.00254317
-0.000912161
0.0043669
0.00553399
0.00553399
0.00532244
0.00596085
0.00673227
0.00610236
0.00610236
0.00610236
0.00191819
-0.00130351
0.00590335
0.00355593
0.00355593
0.00529329
0.00392559
0.00519379
0.00241574
0.00231622
0.0054923
0.000606364
0.00217317
0.0040251
0.00388298
0.00247173
0.006991
-0.00261723
0.002388
0.000678606
0.00539279
0.00375494
0.00405347
0.00409641
0.00302961
0.00415298
0.000877641
0.000877641
0.00709051
0.00285799
-0.00118439
0.00177512
0.00395395
0.00702112
-0.00232356
0.00251525
-0.000958891
0.00709051
0.00376988
0.0054923
0.000805403
0.00228849
0.00253204
0.00218898
0.00552146
0.00236043
0.0039969
0.000335255
0.000335255
0.0038974
0.00409641
-0.00101167
0.00886786
0.00207365
-0.000985367
0.00582
0.00582
0.00278606
0.0107674
-0.00115792
0.00408201
0.00577934
0.00221671
0.000823585
-0.00356208
0.00502393
0.00529329
0.000778122
0.00382608
0.00580384
0.00563349
0.00284175
0.00268654
0.00582
0.00582
-0.000885853
0.00615989
0.00378346
0.00372658
0.00372658
0.00372658
0.00223353
0.005733
0.005733
0.00546331
0.00546331
0.00231622
0.00231622
-0.00115792
0.00738906
0.00220141
0.00220141
0.00245994
0.00241574
0.00251525
0.000751012
0.00189047
0.00594603
0.00398532
0.00398532
0.00395395
0.00418153
-0.000786337
0.00394055
0.00264269
0.00321194
0.00264269
0.00445544
0.00582
0.00226092
0.00539279
0.00277031
0.0018603
0.0018603
0.0018603
0.00415298
-0.0025226
0.00539279
-0.00386066
0.00285799
0.00385444
0.00221671
-0.000288721
0.0044093
0.00608939
-0.000560804
0.00459398
0.00576183
0.00267078
0.00267078
-0.00021553
-0.000135996
-0.000859373
-0.00249675
0.000579092
0.00423913
0.00467916
0.000877641
0.00381216
0.00221671
-0.00264359
-0.000514101
0.00428105
0.00381216
0.00466544
0.00110398
0.00395395
0.00395395
0.00136727
0.00569132
0.00569132
0.00104956
0.00104956
0.00169148
0.00732929
0.00109535
0.000977162
