-0.0027696
-0.00221168
-0.00266673
-0.00319771
-0.00269136
-0.00271598
-0.00186198
-0.00283629
-0.00263774
-0.0026218
-0.00237573
-0.00300872
-0.00285074
-0.00222164
-0.00202427
-0.0028652
-0.00229149
-0.00199497
-0.00190132
-0.00298415
-0.00297827
-0.00266238
-0.00311344
-0.00258414
-0.00275065
-0.00186198
-0.0026218
-0.00262756
-0.00177818
-0.00167991
-0.00219177
-0.00242852
-0.00185674
-0.00145419
-0.00255528
-0.00209845
-0.00155244
-0.00208381
-0.00257817
-0.00286715
-0.00251847
-0.0018667
-0.00232064
-0.00180731
-0.00183819
-0.00222741
-0.00200962
-0.0026174
-0.00223108
-0.00216243
-0.00252773
-0.00166519
-0.00319771
-0.00273049
-0.0018273
-0.00209845
-0.00224622
-0.00343618
-0.0022959
-0.00238812
-0.00198982
-0.00295801
-0.0025927
-0.0027696
-0.00297928
-0.00217243
-0.00293919
-0.00306399
-0.00292323
-0.00189137
-0.00216785
-0.0029001
-0.0024093
-0.0026566
-0.00321209
-0.00249774
-0.00180731
-0.00195535
-0.00264207
-0.00225091
-0.00224099
-0.00277413
-0.00225091
-0.00207374
-0.00192595
-0.00196524
-0.00233917
-0.0024093
-0.00218707
-0.00212313
-0.00194064
-0.00234535
-0.00265222
-0.00243394
-0.00277239
-0.00238014
-0.00130743
-0.00191602
-0.00250879
-0.0020591
-0.00179291
-0.00307217
-0.00299715
-0.00239025
-0.00274502
-0.00263347
-0.00267115
-0.00245856
-0.00342998
-0.00257817
-0.00232064
-0.00264649
-0.00228024
-0.00268701
-0.00256367
-0.00204358
-0.00207374
-0.00135056
-0.0018373
-0.0024239
-0.00288567
-0.0023645
-0.00216243
-0.0029001
-0.00270148
-0.00137523
-0.00185199
-0.00266673
-0.00246859
-0.00221704
-0.00231051
-0.00253303
-0.00301445
-0.00283629
-0.00177319
-0.00307843
-0.00282187
-0.00231051
-0.0026958
-0.00243852
-0.00153669
-0.00212313
-0.00143432
-0.00310316
-0.00348543
-0.00268125
-0.00190594
-0.00255682
-0.00217243
-0.0011251
-0.00302312
-0.0032245
-0.00327567
-0.0020884
-0.00290436
-0.00276207
-0.00184732
-0.00256798
-0.00270588
-0.00225567
-0.0027696
-0.00236559
-0.00208381
-0.00306084
-0.00298841
-0.00267686
-0.00267115
-0.00172425
-0.00270588
-0.00230001
-0.00287543
-0.00239471
-0.00271598
-0.00231621
-0.00252283
-0.00318746
-0.00177818
-0.00207327
-0.00251773
-0.00271598
-0.00214779
-0.00190132
-0.00269136
-0.00287125
-0.00251773
-0.00251773
-0.00279415
-0.0028142
-0.00275957
-0.00296813
-0.00272608
-0.00288567
-0.00226614
-0.00288988
-0.00309288
-0.00241489
-0.00245404
-0.00246859
-0.0027752
-0.0024048
-0.00331267
-0.00297398
-0.00270588
-0.00242943
-0.00252231
-0.00245856
-0.00173401
-0.00271598
-0.00219245
-0.0016604
-0.00306813
-0.0032452
-0.00180765
-0.00230496
-0.0021131
-0.00302312
-0.00287543
-0.00183267
-0.00271598
-0.00195056
-0.00214779
-0.00186198
-0.00316281
-0.00264207
-0.00251322
-0.0021222
-0.00278968
-0.00304766
-0.00339323
-0.00230605
-0.00190132
-0.00227612
-0.00265222
-0.00291455
-0.0024093
-0.00278414
-0.0024048
-0.00287125
-0.00286948
-0.00270588
-0.00219245
-0.00274502
-0.00226557
-0.00273049
-0.0019558
-0.00320611
-0.0024093
-0.00307087
-0.00177818
-0.00246315
-0.00240385
-0.00262037
-0.00241936
-0.0027752
-0.00221704
-0.00215781
-0.00230062
-0.00197515
-0.00222164
-0.00255944
-0.00262507
-0.00251773
-0.00201438
-0.00223627
-0.00272329
-0.00254227
-0.00267115
-0.00242943
-0.00116457
-0.00301733
-0.00356569
-0.00199971
-0.0030104
-0.00351413
-0.00219177
-0.00272608
-0.00230605
-0.00311344
-0.00250773
-0.00184732
-0.00234986
-0.00234986
-0.00259859
-0.00189137
-0.00263193
-0.00245856
-0.00373461
-0.00243394
-0.0020793
-0.00189137
-0.00199497
-0.00207374
-0.0027696
-0.00261167
-0.0026566
-0.00278528
-0.00266831
-0.00284657
-0.00268125
-0.00327148
-0.00290436
-0.00277413
-0.00247862
-0.00300724
-0.00262756
-0.00241936
-0.00197042
-0.00253228
-0.00258133
-0.00291455
-0.0020536
-0.00215244
-0.00139003
-0.00207327
-0.00270148
-0.00315256
-0.00304766
-0.00227694
-0.00309096
-0.00269136
-0.00187667
-0.00292475
-0.00138507
-0.00348543
-0.00337651
-0.00264369
-0.00256678
-0.0024641
-0.00229012
-0.00243852
-0.00292475
-0.00228538
-0.00175365
-0.00305198
-0.00257817
-0.002215
-0.00216785
-0.00297398
-0.00240037
-0.00263638
-0.00262507
-0.00368146
-0.00249774
-0.00217243
-0.00202907
-0.00292902
-0.00292902
-0.00238014
-0.00244398
-0.00222164
-0.0025927
-0.00295801
-0.00172923
-0.00321209
-0.0023099
-0.00334778
-0.00275507
-0.00263347
-0.00194546
-0.00265222
-0.00228538
-0.00239471
-0.00273497
-0.00235547
-0.00212313
-0.00245856
-0.00199971
-0.00343218
-0.00264207
-0.00274502
-0.00288567
-0.00296381
-0.00246315
-0.00228576
-0.00219705
-0.00322649
-0.00295956
-0.00348543
-0.00280417
-0.00273497
-0.00273497
-0.00274057
-0.0027003
-0.0027003
-0.00226083
-0.00264207
-0.00255152
-0.00197008
-0.00209845
-0.00296813
-0.0024894
-0.00319362
-0.00308091
-0.00188143
-0.00244959
-0.00226674
-0.00138507
-0.00267686
-0.002884
-0.00231621
-0.0027696
-0.0028652
-0.00286099
-0.00181741
-0.0034012
-0.00238014
-0.00238014
-0.00292902
-0.00232064
-0.00204002
-0.00239025
-0.00261167
-0.00215645
-0.00323256
-0.00230605
-0.00275595
-0.00260288
-0.00244398
-0.00264649
-0.00310936
-0.00253691
-0.00287543
-0.0020536
-0.00263347
-0.00240037
-0.00244959
-0.00244959
-0.00264207
-0.00246887
-0.00237004
-0.00286099
-0.00311344
-0.00311344
-0.00237004
-0.0020884
-0.00266106
-0.00268125
-0.00273049
-0.00305637
-0.00248315
-0.00214779
-0.0025287
-0.00166018
-0.00272608
-0.00242943
-0.0029001
-0.00246859
-0.00285498
-0.00285074
-0.00282602
-0.0028432
-0.00317307
-0.00247315
-0.00274057
-0.00248315
-0.00251322
-0.00259859
-0.00245404
-0.00237456
-0.00255345
-0.00287968
-0.00250773
-0.00229149
-0.00247862
-0.00303182
-0.00282602
-0.00298841
-0.00212313
-0.00191602
-0.00225159
-0.00189617
-0.00233655
-0.00318746
-0.00262756
-0.00281157
-0.00251847
-0.0021131
-0.00200962
-0.00191602
-0.00229736
-0.00202988
-0.00224579
-0.00247315
-0.00373461
-0.00231051
-0.00209389
-0.00282602
-0.00348543
-0.00223176
-0.00272608
-0.00319166
-0.00312787
-0.00285498
-0.00216243
-0.00263193
-0.00334145
-0.00162074
-0.00230167
-0.00206368
-0.0024048
-0.00167991
-0.00234091
-0.00260724
-0.00219245
-0.00301733
-0.00222164
-0.00234535
-0.00294937
-0.00295956
-0.00265222
-0.00345681
-0.0026174
-0.00227077
-0.00202425
-0.00189662
-0.00253691
-0.00251418
-0.00243394
-0.00265222
-0.00354484
-0.00321822
-0.00226557
-0.00393878
-0.00315467
-0.00270148
-0.00287543
-0.00348543
-0.00322232
-0.00183204
-0.00318746
-0.00278968
-0.00352436
-0.00238014
-0.00273049
-0.00273049
-0.00314842
-0.00291455
-0.00298841
-0.00204902
-0.0021589
-0.00300724
-0.00245404
-0.00277239
-0.00264207
-0.00318145
-0.00305367
-0.00241936
-0.00270148
-0.00220172
-0.00313208
-0.00282602
-0.00239471
-0.00357347
-0.00357347
-0.0026174
-0.00267728
-0.00285498
-0.00284476
-0.00237004
-0.00303923
-0.00241936
-0.00260724
-0.00223162
-0.00315256
-0.00271161
-0.0026958
-0.00251322
-0.00342185
-0.00240037
-0.00276207
-0.00258838
-0.0020884
-0.00189137
-0.00401547
-0.00213317
-0.00237004
-0.00249317
-0.0021131
-0.00246859
-0.00232514
-0.00178788
-0.00349977
-0.00226674
-0.0028884
-0.00304766
-0.00312787
-0.00261307
-0.0026958
-0.00278074
-0.00306813
-0.00215781
-0.00259709
-0.00371395
-0.00370999
-0.00309904
-0.00282002
-0.0031587
-0.00267686
-0.00213872
-0.00299274
-0.00194546
-0.00342185
-0.00314842
-0.0021085
-0.00310316
-0.00304189
-0.00199498
-0.00300286
-0.00280551
-0.00261167
-0.00310316
-0.00299433
-0.00334386
-0.00282602
-0.00278683
-0.00335427
-0.00337651
-0.00232064
-0.00258695
-0.00297253
-0.00302743
-0.00318334
-0.00268701
-0.00314435
-0.00343618
-0.00214779
-0.00251773
-0.00253228
-0.00288567
-0.00341152
-0.00285319
-0.00271161
-0.00318334
-0.00205017
-0.00209953
-0.00322232
-0.00262756
-0.00316499
-0.00436851
-0.00280129
-0.00319166
-0.00253894
-0.00278528
-0.00271748
-0.00356937
-0.00293079
-0.0022479
-0.0022479
-0.00315071
-0.00310936
-0.00344649
-0.00305201
-0.00199639
-0.00234091
-0.00126723
-0.00232638
-0.0027084
-0.00200661
-0.00247702
-0.00289581
-0.0027357
-0.00156322
-0.00146613
-6.4958e-05
0.00027386
0.00140476
0.00460295
0.00534435
0.00646112
0.00775417
0.0100451
0.0119393
0.0138913
0.0130452
0.0171764
0.0204515
0.0231687
0.0267532
0.0310588
0.03495
0.0365176
0.0402624
0.0436816
0.0456912
0.0463702
0.0516881
0.0527785
0.0570357
0.0587641
0.0587641
0.0652037
0.0652037
0.0684598
0.0711532
0.0733932
0.0776284
0.0802337
0.080909
0.0820198
0.0852963
0.0873854
0.0905972
0.0932646
0.096008
0.0993424
0.100915
0.099604
0.0998947
0.101561
0.10298
0.102274
0.10112
0.0996856
0.0959464
0.0925884
0.0902599
0.0873105
0.0849547
0.0830423
0.0813526
0.0801451
0.0805803
0.0802184
0.0793293
0.0797421
0.0788483
0.0790971
0.0787224
0.0787436
0.0793934
0.0789959
0.07839
0.0785851
0.0788037
0.0784051
0.0790712
0.0783044
0.0780746
0.0783445
0.0783986
0.0774812
0.0775663
0.077841
0.0774229
0.0776952
0.077813
0.0774812
0.0774764
0.077277
0.0775015
0.0774493
0.0776446
0.0777377
0.0777856
0.0770678
0.0767976
0.0767827
0.0771482
0.0769623
0.0767672
0.0765972
0.0767678
0.0767678
0.0763974
0.077093
0.0766177
0.0767379
0.0767487
0.077187
0.0760256
0.0771614
0.0766928
0.0766977
0.0766821
0.0762376
0.0760369
0.0755867
0.0763976
0.0756769
0.0752806
0.0750041
0.0760973
0.0769209
0.0757818
0.0757371
0.0760674
0.0752513
0.0753019
0.0757598
0.0755592
0.0762621
0.0759706
0.0752663
0.0760591
0.0784756
0.0788991
0.0799561
0.0803513
0.0808216
0.0815459
0.0819019
0.0820341
0.0819325
0.0821678
0.0821415
0.0823853
0.0816771
0.0817928
0.0820361
0.0815886
0.0820813
0.0816517
0.0818536
0.0814266
0.0816931
0.0816403
0.0816517
0.0820567
0.0811941
0.0813256
0.0811417
0.0812206
0.0816434
0.0811793
0.0808261
0.0812694
0.0815308
0.0809514
0.0814335
0.0808721
0.080808
0.0811983
0.0812545
0.0806695
0.0809398
0.0804104
0.0810299
0.0808723
0.0805962
0.081138
0.081737
0.081737
0.0844746
0.0859936
0.0881708
0.0891668
0.0898268
0.0899865
0.0895492
0.090292
0.089381
0.0900305
0.0892088
0.0890702
0.0897409
0.089589
0.0888011
0.0892403
0.0886577
0.0890966
0.088071
0.0886416
0.0884009
0.0878427
0.0884295
0.088613
0.088286
0.0885142
0.0879999
0.088043
0.0884281
0.0879428
0.0883015
0.0872093
0.0883147
0.0873985
0.0881426
0.0879153
0.0878142
0.0877999
0.0878998
0.0878998
0.0874268
0.0872975
0.0868378
0.0872408
0.0876282
0.0878287
0.0871408
0.0873701
0.0868519
0.0864251
0.0855767
0.083664
0.0817119
0.0793519
0.0787052
0.0776284
0.076179
0.0749044
0.0738047
0.0729885
0.0715837
0.069881
0.0695436
0.0692133
0.0697289
0.0691985
0.0692305
0.0697854
0.0694905
0.0696113
0.0692665
0.0706491
0.0690881
0.0687981
0.0692517
0.0697033
0.0687981
0.0692382
0.0692938
0.069569
0.0697281
0.0693272
0.0698766
0.0695471
0.0691883
0.0692095
0.0695721
0.0694547
0.0690448
0.0689107
0.0689062
0.0694513
0.0695154
0.0692915
0.0693338
0.0691452
0.0694938
0.0691452
0.0687197
0.0693698
0.0700474
0.0686757
0.0690125
0.0691593
0.0689593
0.0689018
0.0690529
0.068864
0.0683876
0.0693732
0.0693306
0.0687336
0.0689387
0.0685857
0.0688279
0.0689018
0.0685214
0.0685772
0.0690125
0.0690992
0.0690279
0.0681977
0.0685772
0.0689845
0.0687247
0.0685045
0.068853
0.0687247
0.0683207
0.0690289
0.0686827
0.0686503
0.0689564
0.0686796
0.0689747
0.0684434
0.0688279
0.0683458
0.0687358
0.0687562
0.0690138
0.0684824
0.0681333
0.0686546
0.0682452
0.0685745
0.0690138
0.068424
0.0683598
0.0690388
0.0688717
0.0686967
0.0684071
0.0686577
0.0682928
0.0686918
0.0681838
0.0685826
0.0687589
0.0683068
0.0690851
0.06885
0.0685354
0.0682507
0.0684294
0.0687577
0.067656
0.0688013
0.0684434
0.0682816
0.0681308
0.0681169
0.0685435
0.0682873
0.0678535
0.0685185
0.0687186
0.0687421
0.0689
0.0682899
0.0685185
0.0678977
0.0676698
0.0683012
0.0679469
0.0679684
0.0692382
0.068262
0.0687295
0.0679016
0.0687577
0.068424
0.068142
0.0678902
0.0683543
0.0687077
0.0684212
0.0681215
0.0684544
0.0674518
0.0686373
0.0677983
0.0676077
0.0681586
0.0682119
0.0684425
0.0680137
0.0678578
0.067433
0.0679719
0.0685185
0.06834
0.0676101
0.0671637
0.0677388
0.0678902
0.0672769
0.0672809
0.0679859
0.0676899
0.0680907
0.0666156
0.0654039
0.0662511
0.0660019
0.0657028
0.0662783
0.0662349
0.0656703
0.0666757
0.0672718
0.0672091
0.0660331
0.0667055
0.0668684
0.0666488
0.067611
0.0670772
0.0674548
0.0674548
0.0668921
0.0669339
0.0660314
0.065082
0.0659335
0.0666399
0.0666399
0.0668018
0.0667692
0.0674756
0.0670709
0.0672504
0.0672388
0.0680666
0.0674937
0.0674821
0.0675951
0.068076
0.0675428
0.0686416
0.0673692
0.0677874
0.0681326
0.0681831
0.0678532
0.068398
0.0675003
0.0675824
0.0685168
0.0682428
0.0682853
0.068994
0.0693122
0.0688241
0.0687968
0.0683706
0.0684805
0.0692428
0.0686895
0.0689467
0.0696651
0.0696126
0.0698922
0.0694391
0.0693651
0.0693481
0.0699386
0.0692098
0.0697391
0.0695277
0.0695139
0.0701504
0.0692682
0.0690989
0.0697206
0.0693755
0.0699972
0.0701654
0.0694174
0.0694283
0.0691415
0.0705662
0.0700946
0.070573
0.0694973
0.070039
0.0705625
0.0701686
0.0704958
0.0703132
0.0701161
0.0702598
0.0697344
0.0702022
0.0702459
0.0700529
0.0703272
0.069517
0.0699106
0.0695882
0.0701921
0.0694005
0.0703292
0.0704817
0.0706505
0.0702641
0.0700235
0.0698366
0.0702072
0.0706784
0.0708916
0.0695384
0.0705765
0.0704849
0.0705483
0.0703412
0.070471
0.071047
0.07077
0.0708501
0.0708641
0.0708396
0.0701608
0.0696543
0.0704355
0.0704463
0.0704355
0.0697674
0.070238
0.0703733
0.0699215
0.0697619
0.070801
0.0698692
0.069767
0.0704921
0.0700727
0.0703817
0.0704355
0.070147
0.0709449
0.0703679
0.0698418
0.0712067
0.0705128
0.0707305
0.0707624
0.0708044
0.0709725
0.0710918
0.0701994
0.0701994
0.070471
0.0717022
0.0711295
0.0703015
0.070843
0.0703058
0.0711681
0.0715318
0.0713753
0.0707798
0.0704702
0.0709203
0.0709094
0.0711305
0.0710215
0.0713998
0.0703583
0.0712453
0.0706676
0.0706356
0.0710918
0.0712208
0.0711773
0.0708645
0.0716517
0.0702198
0.0712349
0.0703927
0.0706495
0.0706078
0.0705931
0.0710286
0.0710672
0.0713998
0.0712477
0.0714914
0.0714102
0.0706571
0.0708785
0.0703319
0.0704246
0.0710426
0.0707624
0.0710256
0.0708709
0.0714687
0.0710918
0.0711058
0.0707764
0.0703583
0.0705274
0.0707238
0.0709512
0.0704216
0.0707518
0.0717306
0.0700699
0.0710807
0.0711963
0.070843
0.0710672
0.0718722
0.0711577
0.0708641
0.0705167
0.0711859
0.0708956
0.0711305
0.0714018
0.0706571
0.0712571
0.0713083
0.0709169
0.0710111
0.0707515
0.070857
0.0711024
0.0710672
0.0709836
0.0710006
0.0716636
0.0716337
0.0713508
0.0712078
0.0704384
0.0712735
0.0712735
0.0713508
0.0717367
0.0703817
0.0712208
0.0716233
0.071154
0.070948
0.0711937
0.070582
0.0714443
0.0712735
0.0709309
0.071497
0.0709343
0.0713403
0.0703583
0.0713225
0.0711058
0.0714668
0.0712735
0.0711515
0.0705514
0.070976
0.071562
0.0706325
0.071353
0.0710637
0.0714176
0.071414
0.071393
0.0715479
0.0721959
0.0707591
0.071546
0.0717744
0.0710883
0.0708398
0.0710256
0.0714527
0.0714527
0.0718711
0.0711972
0.071481
0.0711691
0.0716658
0.0713328
0.071868
0.0715337
0.0713205
0.0711797
0.0717408
0.0723899
0.0716233
0.0715726
0.0713649
0.0707931
0.0714792
0.0717408
0.0713789
0.0713789
0.071546
0.0714667
0.0708676
0.0716337
0.0718455
0.0705514
0.0718965
0.0712594
0.0713016
0.0715847
0.0712735
0.0719098
0.0718579
0.0709203
0.0716392
0.0709729
0.0721429
0.0712325
0.0710256
0.0713649
0.0718518
0.0714932
0.0719637
0.0714687
0.0711551
0.071613
0.0719982
0.0720506
0.0718853
0.0716904
0.0712325
0.0714687
0.0718171
0.0708785
0.0717499
0.0719637
0.0712605
0.0710497
0.0712876
0.071249
0.0716904
0.0712571
0.0708709
0.0714422
0.0722307
0.0722163
0.0711551
0.0717783
0.071324
0.0722937
0.0712104
0.0710356
0.0712359
0.0703817
0.0715443
0.071569
0.0717266
0.0722737
0.0708922
0.0711937
0.0717937
0.0713366
0.0717537
0.0721243
0.0712605
0.071481
0.0715074
0.0721817
0.0717997
0.0704988
0.0721243
0.0706705
0.0714035
0.0717266
0.0713543
0.0720519
0.0711269
0.0723468
0.071755
0.071479
0.0720469
0.071414
0.0718093
0.0715302
0.0712359
0.0719595
0.0716493
0.071481
0.0718864
0.0713366
0.0719352
0.0712839
0.0718039
0.0713225
0.0718779
0.0712465
0.0716375
0.0717447
0.0714122
0.0717795
0.0716636
0.071751
0.0712735
0.0713225
0.0715602
0.0712453
0.0719209
0.0711551
0.071755
0.0711681
0.0716114
0.0716078
0.0712194
0.071562
0.0713649
0.0722061
0.0716517
0.0718843
0.0727008
0.0715056
0.0717589
0.071868
0.0713612
0.0718194
0.0715988
0.0718965
0.0716375
0.0717008
0.0717692
0.0721577
0.0727081
0.0716493
0.0715176
0.0725639
0.0718504
0.0714281
0.0711192
0.0714457
0.071728
0.071755
0.0711024
0.0722737
0.0707731
0.0711198
0.0712942
0.0713129
0.0716066
0.0718437
0.0716778
0.0715988
0.0719452
0.0713612
0.0718722
0.0718722
0.0717022
0.0710952
0.0711445
0.0715074
0.0712453
0.0715563
0.0715235
0.0724142
0.0708922
0.0717849
0.0715176
0.0718336
0.0720618
0.0716225
0.071141
0.0714422
0.0713247
0.0711681
0.0711718
0.0714339
0.0711577
0.0710637
0.0711269
0.071479
0.071722
0.071722
0.0718965
0.0716737
0.0715602
0.0717322
0.0712958
0.0720267
0.0713612
0.0724914
0.0722064
0.0715598
0.0718834
0.0713774
0.0718324
0.0718965
0.0716981
0.0712311
0.0714404
0.0717795
0.071755
0.071867
0.0714443
0.0710146
0.071562
0.0714566
0.0712735
0.0717908
0.0713916
0.0716737
0.071625
0.0721584
0.0714262
0.0708604
0.0716392
0.0711747
0.0716778
0.0717164
0.071625
0.0714809
0.0710807
0.0716609
0.0712862
0.0721862
0.0710769
0.0712311
0.0712852
0.0712078
0.0711999
0.0720519
0.0714404
0.071416
0.0718579
0.0711963
0.0727417
0.0720133
0.0713612
0.0715563
0.071249
0.071568
0.0717665
0.0712735
0.0717164
0.0714546
0.0710532
0.0710392
0.0712067
0.0718294
0.0711333
0.071347
0.0707552
0.0712735
0.0715762
0.0709064
0.0714687
0.0720176
0.0715864
0.0711164
0.0720088
0.0715722
0.0708709
0.0713876
0.0718478
0.0720368
0.0712839
0.0717665
0.0725159
0.0716838
0.0718294
0.0710356
0.0715421
0.0716268
0.0727563
0.0717679
0.0717679
0.0722594
0.0716108
0.0718915
0.0717423
0.0720232
0.0718194
0.0718853
0.0721963
0.0713508
0.0716658
0.0724483
0.0715847
0.0716838
0.0723468
0.0712735
0.0712876
0.0720761
0.0718771
0.0717707
0.0719461
0.0720088
0.0715421
0.071595
0.0716517
0.0720797
0.0720612
0.0716636
0.0721534
0.071751
0.0715563
0.0713998
0.0715563
0.0713099
0.0716762
0.0718051
0.0718965
0.0717022
0.0717679
0.0722695
0.0713649
0.0717896
0.0718813
0.072041
0.0718067
0.0724866
0.0715146
0.0716533
0.0714914
0.0723998
0.0724096
0.0713508
0.0720899
0.0711784
0.0718579
0.071651
0.0717652
0.071546
0.0722249
0.0712067
0.0716208
0.0712453
0.0721387
0.0721429
0.07253
0.0724769
0.0724769
0.0724142
0.0708324
0.0719108
0.0717753
0.0719944
0.0720368
0.0721534
0.0716351
0.0717499
0.0717622
0.0715056
0.0721004
0.0720618
0.0722064
0.0724385
0.0724672
0.0718749
0.071347
0.0715585
0.0721147
0.0727949
0.0725639
0.0712414
0.0721677
0.0713734
0.0717379
0.0717367
0.0719552
0.0713508
0.0715074
0.0717379
0.0719352
0.0728095
0.0722165
0.0717164
0.0715909
0.0715705
0.0716762
0.0711198
0.0716695
0.0723225
0.0717765
0.0716879
0.0719452
0.0716148
0.0716879
0.0716895
0.0717408
0.0723854
0.0719703
0.0718019
0.0717665
0.0718324
0.0720364
0.0714301
0.0714892
0.0720756
0.0716479
0.0719595
0.0711269
0.0717266
0.0715563
0.071416
0.0715176
0.0723467
0.0721963
0.0722068
0.0723611
0.0723952
0.0713389
0.0721202
0.0720225
0.0717834
0.0715722
0.0723323
0.07198
0.0717367
0.0721291
0.0721048
0.0723755
0.0714506
0.0722407
0.0711386
0.0722694
0.0720572
0.071516
0.0723034
0.0726267
0.0723124
0.0727718
0.0723955
0.0715548
0.0725355
0.0723854
0.0719209
0.07192
0.0713649
0.0715443
0.0719695
0.0722163
0.0710223
0.071999
0.0717022
0.0725252
0.0721776
0.0715034
0.0724096
0.0717306
0.0712218
0.0717523
0.0716208
0.071751
0.0719271
0.0724239
0.071625
0.0722551
0.0725198
0.0723081
0.0715034
0.0720427
0.0716981
0.0721534
0.0721246
0.0718356
0.0720088
0.0715337
0.0721826
0.0723225
0.0719209
0.0724528
0.0715437
0.0720612
0.0714301
0.0715705
0.0725015
0.0720082
0.071795
0.0719066
0.0718181
0.0726114
0.0721291
0.0722021
0.072655
0.0718977
0.0719595
0.072342
0.0722165
0.071989
0.0723513
0.0716493
0.0718194
0.0723467
0.0724049
0.0723324
0.0722106
0.0719219
0.07198
0.0724483
0.071568
0.0717224
0.0721441
0.0719846
0.0725252
0.071999
0.072419
0.0715864
0.0725735
0.0713349
0.0721877
0.0724721
0.0728033
0.0722118
0.0722794
0.0711398
0.0723323
0.0721395
0.0724721
0.0729643
0.0719461
0.0725057
0.071999
0.0733401
0.0720368
0.0725394
0.0720474
0.0723805
0.0720618
0.0721491
0.0720133
0.0723613
0.0727794
0.0714301
0.0720761
0.072655
0.0719076
0.0719108
0.0720286
0.0718977
0.0715313
0.0713734
0.0716006
0.0717808
0.0719173
0.0723805
0.0722068
0.072125
0.0726208
0.0720625
0.0717523
0.0722165
0.0721732
0.0716351
0.0720519
0.0720625
0.0728471
0.0725402
0.0719695
0.0729052
0.0718393
0.0722453
0.0718886
0.0716737
0.0727081
0.072178
0.0726069
0.0720481
0.0726545
0.0725634
0.0725252
0.0718437
0.0722937
0.0716708
0.0722307
0.0722984
0.0721395
0.0727949
0.072626
0.0718437
0.071353
0.071353
0.0723276
0.0716493
0.072193
0.0723323
0.0717896
0.0725252
0.0721534
0.0728627
0.0723081
0.0726985
0.0717367
0.0726936
0.0723081
0.0719302
0.0728897
0.0728951
0.0727658
0.072366
0.0722937
0.072125
0.0724721
0.0721677
0.0723564
0.0720761
0.0727031
0.0717834
0.072101
0.0718007
0.0722986
0.0720384
0.0720375
0.0723514
0.0722165
0.0723805
0.0718788
0.07264
0.072125
0.0711822
0.0722309
0.0723225
0.0716851
0.0729097
0.0716452
0.0725779
0.0730997
0.0719219
0.0722551
0.0727639
0.0726069
0.0719452
0.072626
0.0719559
0.0723854
0.0727991
0.0729617
0.0727177
0.071989
0.0726019
0.0727226
0.0727846
0.07265
0.071999
0.0720721
0.0720519
0.0718547
0.0718965
0.0728179
0.0719703
0.072318
0.0718249
0.0721636
0.0729097
0.0726886
0.0725252
0.0724335
0.072684
0.0730866
0.0716981
0.0719415
0.072086
0.0728565
0.0723564
0.0729232
0.0722794
0.0726639
0.0716752
0.0731914
0.072274
0.0725968
0.07277
0.0724189
0.0723564
0.0727794
0.0723805
0.0721534
0.0723034
0.0727417
0.0722839
0.07198
0.071772
0.0731675
0.0729031
0.0716351
0.0728608
0.0722453
0.0728471
0.0720375
0.0719367
0.0718965
0.0726016
0.0725011
0.0720958
0.0726309
0.072626
0.0724431
0.0727898
0.0721539
0.0720232
0.0725154
0.0723421
0.0726025
0.0729388
0.0725303
0.072033
0.071728
0.0725494
0.0720618
0.0728419
0.0725639
0.0715665
0.0729044
0.072448
0.0729052
0.0725539
0.0726347
0.0732994
0.0731271
0.0725924
0.0723225
0.072371
0.0725203
0.0719452
0.0732207
0.0736199
0.0722074
0.072265
0.0725631
0.0716609
0.0725874
0.0726254
0.0725494
0.072101
0.0728884
0.0725052
0.0726309
0.0722648
0.0723179
0.0729085
0.0718645
0.071999
0.0731012
0.0728179
0.0724958
0.0729085
0.0724529
0.0724335
0.0728085
0.072588
0.072101
0.0723324
0.0725154
0.0722839
0.0728179
0.0725011
0.0722695
0.0728482
0.0724384
0.0729243
0.0725257
0.0728045
0.072241
0.0719656
0.0726019
0.0726217
0.0727177
0.0726165
0.0724339
0.0728482
0.0722407
0.0724866
0.0732499
0.0732499
0.0724864
0.0725252
0.0722551
0.0727031
0.0731597
0.0727594
0.0729909
0.0727658
0.0728616
0.0727563
0.0721344
0.0719656
0.0734254
0.0723034
0.0728085
0.0725159
0.0727949
0.0727126
0.0725874
0.0726412
0.0728857
0.0728336
0.0728033
0.0727648
0.0725874
0.072693
0.0724624
0.0723324
0.0730241
0.0726213
0.0728616
0.0728565
0.0719559
0.0732978
0.072125
0.0725874
0.0730402
0.0718294
0.0725494
0.0727467
0.0727554
0.0727854
0.0721102
0.0724962
0.0728024
0.0727794
0.0729085
0.0731235
0.0719317
0.0721973
0.0726645
0.0720716
0.0722551
0.0728385
0.0723516
0.0729483
0.0726114
0.0728616
0.0723274
0.0723035
0.0725286
0.0724667
0.0730703
0.0731088
0.0732482
0.0735191
0.0727794
0.07265
0.0731491
0.0724384
0.0725011
0.072289
0.0726016
0.0729416
0.0725489
0.0726639
0.0726309
0.072024
0.0728179
0.072395
0.0731235
0.0724769
0.0732165
0.0722265
0.0722695
0.0731877
0.0724334
0.0720625
0.0725154
0.0729856
0.0725298
0.0720481
0.0722793
0.07264
0.0722695
0.0722695
0.0731211
0.072626
0.0724864
0.0723709
0.0720761
0.0726645
0.0725963
0.0729019
0.0729085
0.0727648
0.0727648
0.0725779
0.0722214
0.0720232
0.0725252
0.0724095
0.0725155
0.0730997
0.0730228
0.0731305
0.0732005
0.0725154
0.0730466
0.0725155
0.07265
0.0724045
0.0724095
0.0729948
0.0727226
0.0728179
0.0724625
0.0730186
0.0733217
0.0729948
0.0732776
0.072947
0.0728711
0.0717665
0.0733968
0.0727949
0.0729097
0.0727794
0.0721106
0.0729523
0.0729324
0.0732867
0.0732225
0.0731252
0.073085
0.0733071
0.0727177
0.0726791
0.0730866
0.0724627
0.0719758
0.0723709
0.0724719
0.0730094
0.0728857
0.0728085
0.0717093
0.0726161
0.0723468
0.0722744
0.0721202
0.0725539
0.0720474
0.0725009
0.0731491
0.0727322
0.0727315
0.0725968
0.0730572
0.0724574
0.0731529
0.0728115
0.0725542
0.0727887
0.0732924
0.0725394
0.0732757
0.0729416
0.0727024
0.0735544
0.0724956
0.0725247
0.0726493
0.072125
0.0730002
0.0720192
0.0725343
0.0726016
0.072817
0.0723275
0.0729324
0.0727116
0.0726109
0.0725486
0.0719999
0.0724334
0.072794
0.072746
0.0718788
0.0734511
0.0725394
0.073162
0.0731235
0.0728565
0.0725686
0.0722551
0.0724384
0.0726836
0.0730958
0.0722407
0.0732994
0.0729577
0.0728554
0.0729429
0.0720721
0.0725874
0.0731382
0.0733764
0.072139
0.0717622
0.072819
0.0728218
0.0728565
0.0730241
0.0726695
0.0729097
0.0726315
0.0730866
0.0725639
0.0733436
0.072448
0.0733696
0.0724864
0.0729577
0.0728471
0.0725155
0.0736375
0.072992
0.072992
0.0721963
0.0726405
0.0728751
0.0729324
0.0729577
0.0729401
0.0730161
0.0734978
0.0725489
0.0730627
0.0730627
0.0730627
0.0724339
0.0724239
0.0724919
0.072992
0.072992
0.0727554
0.0722019
0.0728897
0.0730148
0.0730148
0.0729148
0.0734409
0.0734413
0.073162
0.0727169
0.0735158
0.072395
0.0728805
0.0728143
0.0726809
0.0732243
0.0729031
0.0740374
0.0725494
0.0727658
0.0726545
0.0729014
0.0724721
0.0732776
0.0727854
0.0732776
0.0723998
0.0726791
0.0722551
0.0728711
0.0732831
0.0736199
0.0731159
0.0733696
0.0724721
0.073492
0.0734297
0.0727031
0.0734683
0.0731691
0.0731691
0.0731914
0.073129
0.0732243
0.0726165
0.0732152
0.0728554
0.0732994
0.0730627
0.073162
0.0727794
0.0728179
0.0727255
0.0734274
0.0726791
0.0727648
0.0728085
0.0729085
0.0727877
0.0733289
0.0728376
0.0724625
0.0733217
0.0728499
0.0731144
0.0725634
0.0730866
0.0730866
0.0731325
0.0728951
0.0728471
0.0728325
0.0734535
0.0731415
0.0728325
0.0729097
0.0733071
0.0732685
0.0733603
0.0729191
0.0732372
0.0725683
0.0735068
0.0726594
0.0726962
0.0732776
0.0727794
0.0725052
0.0724095
0.0731545
0.072655
0.0726545
0.0730572
0.0726267
0.0732685
0.0734445
0.0733548
0.0727116
0.0734683
0.0728793
0.0730443
0.0726165
0.072824
0.0726701
0.0726405
0.0730319
0.073011
0.0731638
0.0730387
0.0732391
0.0725779
0.0724335
0.0730015
0.0729177
0.0723565
0.0727554
0.0736617
0.0734886
0.0734624
0.0733583
0.0724428
0.0734683
0.0726165
0.0725634
0.0728462
0.0729002
0.0729562
0.0729085
0.0732924
0.0733821
0.0728565
0.0728951
0.0734115
0.0732005
0.0728857
0.0731563
0.072655
0.0729138
0.0725394
0.0732024
0.0732096
0.0737238
0.0725249
0.0726878
0.0726886
0.0734978
0.0731159
0.0723467
0.0726785
0.0721153
0.0732078
0.0728408
0.0734387
0.0727417
0.0730548
0.0734321
0.0728762
0.0736199
0.0735872
0.0732264
0.0730719
0.0731711
0.073162
0.0729243
0.0727137
0.0731529
0.0726545
0.0729256
0.0725963
0.0729177
0.0734501
0.0730294
0.0728095
0.0726114
0.0728793
0.0728471
0.0725924
0.0720186
0.0724864
0.0730466
0.07306
0.0731382
0.0728033
0.0730466
0.0727887
0.0723182
0.0728993
0.0724665
0.0722843
0.0729752
0.0723805
0.07264
0.0733051
0.0732904
0.0729232
0.0730374
0.0731456
0.0729856
0.0731073
0.073048
0.0726054
0.0728224
0.0730612
0.0729908
0.0737711
0.072746
0.0730627
0.073085
0.0733877
0.0733051
0.0726019
0.0731382
0.0736938
0.0738128
0.072794
0.0730241
0.0725489
0.0732243
0.0734001
0.0725394
0.0722309
0.0730439
0.0727263
0.0729817
0.0731822
0.0732538
0.0734207
0.0727024
0.0726785
0.0734772
0.0730773
0.0727606
0.0726785
0.0727409
0.0734362
0.073467
0.0728408
0.0725777
0.0730094
0.0723709
0.0732685
0.0726109
0.0733289
0.0732005
0.0733968
0.0728565
0.0729856
0.073605
0.0735576
0.0729483
0.0731988
0.0732152
0.0735125
0.0733141
0.0728857
0.0734297
0.0723566
0.0732152
0.0734207
0.0733141
0.0733696
0.0729723
0.0730319
0.0728419
0.0735191
0.0733198
0.0726785
0.0731325
0.0729085
0.0734297
0.0729709
0.0731948
0.0732538
0.0731983
0.0728939
0.0726645
0.0727887
0.0733696
0.0734469
0.0733696
0.0726254
0.0731105
0.0730094
0.0730773
0.0731711
0.073501
0.07264
0.0728085
0.0723179
0.0733968
0.0726833
0.072817
0.0732924
0.0733345
0.0726878
0.0733289
0.0734807
0.0723998
0.0724044
0.0730374
0.0728658
0.0732609
0.072746
0.0726254
0.0723757
0.073483
0.0731529
0.0730228
0.0731914
0.0731325
0.0732592
0.0728616
0.0731822
0.0736136
0.0731159
0.0735125
0.0729085
0.0734149
0.0728701
0.0731691
0.0736584
0.0731583
0.0726878
0.0734592
0.0734592
0.0731858
0.0730572
0.072947
0.0731785
0.0735602
0.0734511
0.0742798
0.0732005
0.0736941
0.0732391
0.0729577
0.0729856
0.0733764
0.0729763
0.0730387
0.0733674
0.0732461
0.0731785
0.0732299
0.0732299
0.0728577
0.0733616
0.0729085
0.0730171
0.0729934
0.0730081
0.0737711
0.0731088
0.0724335
0.0732355
0.0726165
0.0730997
0.0730997
0.0731235
0.0731638
0.0729617
0.0732667
0.0728272
0.0731545
0.0727794
0.0732994
0.0733436
0.0729313
0.0732904
0.0729097
0.0730773
0.0732299
0.0732391
0.0733968
0.0732282
0.0729709
0.0729232
0.0730466
0.0727554
0.0737798
0.0727263
0.0729177
0.0738332
0.0730161
0.0732077
0.0731822
0.0727402
0.0730306
0.0735813
0.0733821
0.0726639
0.072999
0.0733141
0.0733742
0.0725432
0.0732945
0.0728793
0.0729324
0.0728261
0.0735902
0.0728024
0.0733289
0.0730094
0.0730081
0.073389
0.0733379
0.0732391
0.073383
0.0733379
0.0724427
0.0741342
0.0728847
0.0734807
0.0737383
0.0730466
0.0728701
0.0726926
0.0734354
0.0726785
0.0732207
0.0732372
0.073327
0.0731693
0.0733289
0.0730387
0.072817
0.0738363
0.0733141
0.0726691
0.073252
0.0732372
0.0727024
0.0737177
0.0734747
0.0736469
0.0730759
0.0733949
0.0725394
0.0726639
0.073129
0.073048
0.0725247
0.0725722
0.0734739
0.0735428
0.074061
0.0735191
0.0729948
0.0731235
0.0727493
0.0727794
0.0738096
0.0731529
0.0718886
0.0734402
0.0735576
0.0732135
0.0732135
0.0732096
0.0736584
0.0732994
0.0731751
0.0732609
0.0730136
0.0726254
0.0735576
0.0726488
0.0725489
0.0727786
0.0734785
0.0732503
0.0727694
0.0731514
0.072241
0.0731073
0.0730941
0.072083
0.0728554
0.0727024
0.0726639
0.0737002
0.0739604
0.0730374
0.0734059
0.0729562
0.0728793
0.0731309
0.0732757
0.0729787
0.0730466
0.0729377
0.0733051
0.0734955
0.0728316
0.0731367
0.0734059
0.0725724
0.0728546
0.0732757
0.0728554
0.0730703
0.0734115
0.0731309
0.0736172
0.0735602
0.0728701
0.0733526
0.0730941
0.0730703
0.0732924
0.0733358
0.0729562
0.0733379
0.0730466
0.0729654
0.0726936
0.0728646
0.0728961
0.0728701
0.0730997
0.0729177
0.0730905
0.0733141
0.0730374
0.0740909
0.0721395
0.072794
0.0738215
0.0727402
0.0733358
0.0731822
0.0737711
0.072448
0.0735191
0.0728793
0.0726397
0.0726397
0.072241
0.0726962
0.0727169
0.0731456
0.0730667
0.0734592
0.0732776
0.0731309
0.0738393
0.0727786
0.073501
0.0735665
0.0733436
0.073457
0.0728857
0.0735724
0.073528
0.0734592
0.0737413
0.0737413
0.0725437
0.0734149
0.0734648
0.0735576
0.0734297
0.0732924
0.0734955
0.0726254
0.0737356
0.0733379
0.0733141
0.0732186
0.0729617
0.073528
0.0725779
0.0730612
0.0736172
0.0736321
0.0733289
0.0736199
0.07318
0.0732846
0.0731235
0.0726732
0.0732994
0.0732629
0.0731914
0.0735454
0.0736643
0.0734511
0.0729801
0.0732282
0.0732924
0.0732757
0.0733141
0.0735813
0.0740039
0.0730773
0.0737264
0.0739132
0.0734511
0.0735043
0.0733289
0.0737028
0.072947
0.0725634
0.0732165
0.0730094
0.0733141
0.0728085
0.0729629
0.0730319
0.0731144
0.0728929
0.0735465
0.0736495
0.073602
0.0729948
0.0728857
0.0728857
0.073528
0.0734422
0.0732846
0.0737326
0.0737474
0.0727031
0.0730171
0.073845
0.0737711
0.0735428
0.0732698
0.073709
0.0733141
0.0724864
0.0733764
0.0724428
0.0736023
0.073206
0.0733231
0.0728658
0.0727024
0.0738096
0.0732576
0.0736556
0.0735936
0.0734038
0.0740138
0.0738535
0.0733289
0.0732994
0.0739219
0.0727932
0.0729108
0.0729697
0.0731763
0.0732904
0.0731325
0.0742454
0.0735517
0.0733141
0.0735107
0.0730024
0.073466
0.0733379
0.0736556
0.072955
0.0734214
0.0731661
0.0735428
0.072946
0.0732096
0.0733379
0.0739517
0.0735404
0.0735813
0.073389
0.0728884
0.0725724
0.0732974
0.0733583
0.0733764
0.0737445
0.0733821
0.0730081
0.0734958
0.0735724
0.0729934
0.073783
0.0733506
0.0732576
0.0734659
0.0736705
0.0737028
0.0732152
0.0734274
0.0732994
0.0741257
0.0738983
0.0727648
0.0735428
0.0735427
0.0727846
0.0731325
0.0734511
0.0736495
0.0734807
0.0735962
0.0732225
0.0732313
0.0731767
0.0734238
0.0730466
0.0736853
0.0739305
0.0740086
0.0727208
0.0734059
0.0735043
0.0732313
0.0736259
0.0735404
0.0730387
0.0730925
0.0732152
0.0728929
0.0736321
0.0736792
0.0730319
0.0734362
0.0734445
0.072964
0.0733654
0.0733802
0.0734807
0.0732135
0.0734214
0.0731751
0.0730171
0.0728939
0.0727255
0.0734422
0.07383
0.0735256
0.0735191
0.0737562
0.0734511
0.0733978
0.0737148
0.0731988
0.0729856
0.0735401
0.0734362
0.0736085
0.0729729
0.0730941
0.0743335
0.0726014
0.0732678
0.0734001
0.0738834
0.0733674
0.0733742
0.0735764
0.0734511
0.0736643
0.0742924
0.0737177
0.0734274
0.0732372
0.0725102
0.0735998
0.0736853
0.0725489
0.0734983
0.0734895
0.0733297
0.0733548
0.0736853
0.0732152
0.0736556
0.0734511
0.0732225
0.072947
0.0733436
0.073383
0.0732924
0.0739839
0.073483
0.0730466
0.0742197
0.0732391
0.0728408
0.0734362
0.0732609
0.0732243
0.0730306
0.0735724
0.0735107
0.0735107
0.0737238
0.0736023
0.0731235
0.0734126
0.0734598
0.0731088
0.0729709
0.0729416
0.0731105
0.0724335
0.0732678
0.0727409
0.0735726
0.0733654
0.0731675
0.0729377
0.0730081
0.0734186
0.073685
0.0729085
0.0736556
0.073389
0.0737767
0.0741492
0.0736494
0.0729108
0.0730081
0.0737177
0.0724813
0.0732678
0.0730905
0.0728499
0.0732667
0.0729787
0.0731235
0.0732904
0.0737916
0.0734149
0.073877
0.0737177
0.0736879
0.0730627
0.0737916
0.0730081
0.072964
0.0734214
0.0729876
0.0738008
0.0735552
0.0728261
0.0735444
0.0732678
0.0726016
0.0736023
0.073162
0.0727493
0.073969
0.0729166
0.0730319
0.0730246
0.073334
0.0735467
0.0728783
0.0730925
0.0740387
0.0735936
0.073457
0.073383
0.0729403
0.0734191
0.0728352
0.0732698
0.0730983
0.0731073
0.0732826
0.0733802
0.0735788
0.0727397
0.0733594
0.0732282
0.0732372
0.0732225
0.0727255
0.0730081
0.0727639
0.0734042
0.0733742
0.0731825
0.0731309
0.0727932
0.0737177
0.0727639
0.0726634
0.0737971
0.0734489
0.0733808
0.073122
0.0729019
0.0732826
0.0729166
0.0734747
0.0735342
0.0725102
0.0732443
0.073434
0.073736
0.0739305
0.0732826
0.073206
0.0729834
0.0726962
0.073783
0.0733231
0.073457
0.0734274
0.0730408
0.0735256
0.0731781
0.0719808
0.0738214
0.0727958
0.0729628
0.0725394
0.0732372
0.0730541
0.072534
0.0729515
0.0734362
0.073457
0.0731751
0.0736232
0.0730394
0.0732225
0.0732467
0.0734274
0.07264
0.0739402
0.0730627
0.0731161
0.0730333
0.0730689
0.0733276
0.0732077
0.0728783
0.0733742
0.07357
0.0735639
0.0722746
0.0732208
0.0731589
0.0727397
0.0740537
0.0732295
0.0724667
0.0733808
0.0732826
0.0736853
0.073655
0.0737737
0.0737211
0.0735841
0.0735936
0.0731178
0.0732372
0.0729775
0.0738504
0.0735491
0.0726201
0.0732739
0.0729177
0.0734872
0.0734274
0.0734274
0.0738065
0.0726159
0.0731088
0.0732739
0.0735467
0.0730556
0.0727932
0.0734254
0.0730158
0.0739165
0.073252
0.0737474
0.0732225
0.0734895
0.0737532
0.0738748
0.0734333
0.0731144
0.0731073
0.0730541
0.0732225
0.0731161
0.07383
0.0736999
0.0727932
0.0733191
0.0726016
0.0734872
0.0732698
0.0732591
0.0730657
0.0734659
0.0737947
0.0734511
0.07249
0.0736408
0.0734274
0.0734872
0.0732208
0.0733949
0.0732282
0.0730793
0.0736643
0.0739888
0.0735726
0.0730408
0.0738834
0.0735404
0.0728105
0.0733681
0.0731972
0.0727402
0.0734895
0.0734038
0.0737562
0.0737681
0.0731737
0.0737892
0.07383
0.0732017
0.0728805
0.0740138
0.0740488
0.0730333
0.073845
0.07383
0.0740872
0.0735962
0.0731277
0.0739504
0.0732846
0.0732313
0.0738386
0.0737028
0.0735813
0.0737681
0.0730541
0.0734105
0.0729697
0.0734659
0.0729606
0.0730629
0.0737084
0.0728261
0.0734574
0.0740071
0.0735132
0.0728408
0.0733358
0.0737803
0.0735467
0.0735169
0.0731988
0.0734747
0.0736792
0.0732667
0.0734747
0.0739753
0.0734207
0.0742457
0.0729709
0.073389
0.0728115
0.0731677
0.0732225
0.0731545
0.0736617
0.0728489
0.0730408
0.0730098
0.0741407
0.0735902
0.0737148
0.0734747
0.0737467
0.0732757
0.0738186
0.0739888
0.0737413
0.0734274
0.0741342
0.0735665
0.0741342
0.0732576
0.0732826
0.0734807
0.0731711
0.0730997
0.0732667
0.0724719
0.0741839
0.0738569
0.073502
0.0741839
0.0739421
0.0733764
0.0733358
0.0727633
0.073212
0.0740051
0.0729863
0.0734019
0.0740423
0.073685
0.0730777
0.0731073
0.0732591
0.0732591
0.0737383
0.0730612
0.0737916
0.0736232
0.0734105
0.0731013
0.0738065
0.0734785
0.0738887
0.073892
0.0738599
0.0735788
0.0734785
0.0732974
0.0739251
0.07306
0.073321
0.073212
0.0733742
0.0733488
0.0740237
0.0730836
0.0736232
0.0727018
0.073184
0.0731693
0.0734403
0.0725868
0.0726872
0.0726816
0.0731929
0.0733659
0.072946
0.0732282
0.0735788
0.0733808
0.0734723
0.0739621
0.0736167
0.0732225
0.073184
0.0735277
0.0732678
0.0736466
0.0741538
0.0733141
0.0730612
0.0733594
0.0732077
0.0735342
0.0736408
0.0734276
0.0740189
0.0734598
0.0729934
0.0736085
0.0738669
0.0738685
0.0735339
0.0745675
0.0737887
0.073321
0.0729019
0.0739604
0.0733871
0.0735788
0.072817
0.0737532
0.0730793
0.0733742
0.0738803
0.0734362
0.0732974
0.0734065
0.0734362
0.0738685
0.0732591
0.0739037
0.0736382
0.0735132
0.0731988
0.0734511
0.0738685
0.0733418
0.0733574
0.0739888
0.0729844
0.0737851
0.0746856
0.0736445
0.0726669
0.0731998
0.0736466
0.0735998
0.0730925
0.073611
0.0734872
0.0731589
0.072773
0.0732887
0.0737767
0.0739132
0.0739954
0.073528
0.0735813
0.0732826
0.0731858
0.073685
0.0731929
0.0727409
0.0732846
0.0739354
0.0737238
0.0736023
0.07383
0.073113
0.0734422
0.0730971
0.0735552
0.0736556
0.0739604
0.0730703
0.0736999
0.0735665
0.0738599
0.0740423
0.0735813
0.0737532
0.0735998
0.0736408
0.0730556
0.0736408
0.0725729
0.0730024
0.0732957
0.073184
0.0732764
0.073383
0.0744336
0.0735342
0.0739069
0.0731178
0.0744185
0.0737532
0.0733083
0.0731161
0.073685
0.0733488
0.0729019
0.0732826
0.07357
0.0737916
0.0732609
0.0731146
0.0735219
0.0737233
0.0737532
0.0736195
0.0736853
0.0741812
0.0735132
0.0737649
0.0735191
0.073383
0.0738685
0.0736345
0.0738685
0.0738034
0.0738386
0.0739219
0.0732017
0.0742155
0.0732831
0.0735726
0.0739517
0.0729256
0.0740423
0.0737681
0.0736941
0.0732165
0.0739738
0.0738151
0.0738437
0.073709
0.0735342
0.0733358
0.0732372
0.0739037
0.0732295
0.0736083
0.0732077
0.0732461
0.0735193
0.0741538
0.0743142
0.0737971
0.0724135
0.0731277
0.0732994
0.0731235
0.0731073
0.0737177
0.0736023
0.0737264
0.0729801
0.0732461
0.0738151
0.0733379
0.0728737
0.0731397
0.0742907
0.0738386
0.0741342
0.0740696
0.0736673
0.0737467
0.0737467
0.0733171
0.0735428
0.0733764
0.0739437
0.0736199
0.073383
0.0739604
0.0742924
0.0739989
0.0736345
0.0735191
0.073709
0.0739839
0.0737562
0.0743034
0.0740934
0.0732096
0.0743226
0.0732005
0.0732005
0.0735229
0.073655
0.0728261
0.0737148
0.0737916
0.0730997
0.0743417
0.0741407
0.0741257
0.0741257
0.0741989
0.0740957
0.0739753
0.0739305
0.0737771
0.0741877
0.0739655
0.0734126
0.0737767
0.0731456
0.0734297
0.0735961
0.074031
0.0737028
0.0734065
0.0733767
0.0730113
0.0733289
0.0737916
0.0731146
0.0739368
0.0741577
0.0739604
0.0727554
0.0736616
0.073611
0.0730958
0.0741771
0.0741427
0.0732372
0.0740573
0.0744532
0.0732609
0.0738599
0.0734834
0.0730171
0.0732591
0.0744953
0.0727722
0.0741042
0.0732225
0.0737233
0.0740189
0.0735811
0.0736616
0.0736233
0.0735043
0.0742607
0.0733506
0.0729934
0.0737532
0.0738983
0.0736823
0.0734489
0.0738001
0.073658
0.0731988
0.0730466
0.0740921
0.0734895
0.0739804
0.0736792
0.0735296
0.0737386
0.073321
0.0730777
0.0737887
0.0731473
0.0732135
0.0729863
0.073877
0.0730556
0.0730645
0.073383
0.0740872
0.0736085
0.0735616
0.0730925
0.0738599
0.0732913
0.0735491
0.0735576
0.0737916
0.073705
0.0738151
0.0732764
0.0733062
0.0731929
0.0739604
0.0729697
0.0732426
0.0732826
0.0733062
0.0735576
0.0731604
0.0736765
0.0736167
0.0723514
0.0744604
0.0737028
0.0732225
0.0734126
0.0736531
0.0732616
0.0735404
0.0734126
0.0735875
0.073434
0.0729697
0.0737326
0.0738096
0.0741904
0.0732786
0.0737326
0.0741538
0.0732698
0.0732698
0.0744372
0.0733297
0.0731929
0.073954
0.0722725
0.0685978
0.062583
0.0526808
0.0526808
0.0437915
0.0400771
0.0400771
0.0342189
0.0257367
0.022874
0.0172736
0.0129658
0.0101583
0.00879669
0.00762928
0.00784092
0.00651566
0.00661308
0.00553746
0.00483006
0.00432518
0.00455144
0.0051689
0.00324172
0.00375806
0.0046136
0.00426144
0.00286573
0.00292498
0.00217649
0.00290621
0.00300576
0.00267848
0.0041676
0.00445911
0.00462974
0.00438741
0.00450043
0.00463167
0.00418257
0.00397366
0.00383498
0.00467968
0.00434787
0.00310212
0.00304651
0.00304651
0.0028211
0.00254232
0.00360538
0.00238673
0.00279565
0.00292003
0.00277022
0.00237165
0.00300634
0.00369131
0.00258787
0.00190326
0.00263346
0.00222161
0.00183754
0.0021907
0.00189298
0.00227579
0.00249192
0.00262838
0.00254728
0.00194373
0.00190801
0.00257258
0.00244767
0.00211516
0.00273283
0.0021659
0.00262331
0.00250708
0.00259295
0.00174128
0.00228591
0.00201396
0.00296241
0.00207467
0.00256766
0.00228591
0.00148909
0.0019131
0.00135654
0.00252201
0.00206946
0.00277268
0.00134162
0.0024815
0.00171646
0.00249603
0.00295119
0.00273068
0.00222517
0.00181744
0.00203835
0.00238526
0.00186783
0.00213959
0.00188794
0.00189287
0.00165594
0.00171124
0.00201408
0.00231526
0.00196849
0.00173156
0.00166604
0.00173696
0.00209397
0.00199882
0.00198871
0.00120596
0.00189287
0.00200381
0.00209847
0.00219469
0.00124618
0.0018625
0.00244102
0.0017824
0.00213435
0.00173156
0.00117052
0.00173163
0.00223518
0.00133801
0.00173156
0.00172659
0.00159077
0.00179742
0.00115075
0.00184729
0.00217474
0.00173163
0.00190802
0.00204269
0.00145915
0.0017721
0.00166593
0.00189287
0.00176656
0.00213435
0.00210387
0.00218472
0.00182669
0.0012728
0.00119759
0.00174683
0.00166633
0.00224987
0.00113248
0.00133307
0.00145493
0.00143449
0.00197837
0.00153013
0.00133816
0.0020886
0.00130298
0.000613512
0.00156095
0.00116737
0.00143979
0.00192285
0.00196313
0.00137338
0.00180692
0.0018114
0.00174683
0.00207872
0.0012728
0.000847543
0.000847543
0.00164133
0.000503543
0.00165654
0.0017567
0.00160553
0.00147472
0.00163692
0.00167612
0.00122739
0.00159035
0.00145493
0.00204818
0.000528653
0.0010553
0.000747006
0.00128279
0.00219274
0.00182125
0.00112723
0.00195207
0.00119241
0.00175563
0.00157516
0.00137828
0.00103018
0.00147472
0.00185186
0.000797231
0.00162611
0.00175131
0.00101005
0.000984933
0.000984933
0.00102514
0.00279049
0.00174147
0.0017164
0.00270734
0.00118249
0.0014998
0.000872732
0.00148443
0.00169674
0.0017567
0.000458592
0.000458592
0.0017164
0.000129591
0.00156987
0.00198688
0.000995039
0.0012728
0.00172074
0.00162611
0.00145416
0.000842613
0.00147924
0.00182669
0.000483684
0.00172178
0.00173696
0.0020121
0.000984933
0.00162059
0.00137993
0.00100003
0.00232706
0.00149448
0.00118715
0.00173603
0.00100488
0.00200342
0.000638689
0.00203835
0.00121221
0.000984933
0.0012373
0.000189771
0.00115747
0.0014998
0.00119241
0.000812245
0.00121221
0.00116614
0.000159382
0.0021465
0.00164559
0.0022024
0.000701786
0.00131934
0.000832498
0.00145953
0.00137905
0.00139348
0.00135308
0.000869645
0.00118181
0.00155995
0.000949428
0.000974529
0.000969815
0.00071186
0.00146483
0.00124721
0.00142464
0.000735109
0.000498692
0.000752077
0.00115675
0.00120231
0.00191169
0.000859747
0.000508797
0.00206783
0.000929608
0.00141386
0.00161635
0.000879535
0.00141929
0.00117726
0.00223319
0.00128279
0.001156
0.00100003
0.00152406
0.00112629
0.00136382
0.00193673
0.0016859
0.00133884
0.000819692
0.000408473
0.000686812
0.0011621
0.00148989
0.00117196
0.00145416
0.00124721
0.000984933
0.00128893
0.000398432
0.00114692
0.00114692
0.00141929
0.00144433
0.00176656
0.000944739
0.000964607
0.000984933
0.00102003
0.00133451
0.000503839
0.00114236
0.000909157
0.00173603
0.000752077
0.000752077
0.000884741
0.000149762
0.00191169
-0.000169432
0.00142911
0.00142911
0.000779653
0.00117726
0.000498692
0.00137358
0.000979769
0.00120689
0.0016303
0.00179064
0.000914459
0.000884741
0.000947398
5.47932e-05
0.00135831
0.000686812
0.000899818
0.00117726
0.0010871
0.000636723
0.000636723
0.00147924
0.0018002
0.00100688
0.00058154
0.000784118
0.00016952
0.00119902
0.00158432
0.000972261
0.000919686
0.00110224
0.00104155
0.000879535
0.000964607
0.000189771
0.00161086
0.000418507
0.000408473
0.00110224
0.00173701
0.00147924
0.00111208
0.000884741
0.000601295
0.00175032
0.000268583
0.00106214
0.00151112
0.00058154
0.00101229
0.00136803
0.000561753
0.0010871
0.00106651
0.00157467
0.00164559
0.000228682
0.00129864
0.000571651
0.000273388
0.000701888
0.00132909
0.000868901
0.000566428
0.000471934
0.0010871
0.000714742
0.000313398
0.00052633
0.000804591
0.0010924
0.00121828
0.00152078
0.00061116
0.00123198
0.000541455
0.000799281
0.000784899
0.000784899
0.000701555
0.00156502
0.000854532
0.00146535
0.000586721
0.00070676
0.00070676
0.0010014
0.000611711
0.000659629
0.000263491
0.00121221
0.000661757
0.000546689
0.00127776
0.0012279
0.0010014
0.00100688
0.000626769
0.000646669
0.0011877
0.000323467
0.0010915
0.00069679
0.00143343
0.000383447
0.000924348
0.000536807
0.000964607
0.000124733
0.00132359
0.000734257
0.000466671
0.000686812
0.000521749
0.00058154
0.000752077
0.000646669
0.000734257
0.000586721
0.000253586
-0.00018433
0.0012221
0.000889417
0.000944739
0.00140407
0.00140407
0.00182517
0.00108601
0.00060654
0.00115133
0.000904561
0.000531606
0.000378438
0.000576799
0.000591422
0.000941928
0.000298347
0.000676827
0.000854532
0.000601295
0.00093423
0.000854532
0.000749407
0.00058154
0.00069679
0.00082425
0.00188097
0.00044706
0.00109691
8.47669e-05
0.000338385
0.00133884
0.0012737
0.000591422
0.00104155
0.000388382
0.000393465
0.00136382
0.0012737
0.00013479
0.00106102
0.00056113
0.000784118
0.000759177
9.4784e-05
0.0008394
0.000323018
0.000233394
0.000357528
0.000358443
0.000471093
0.0003085
0.000709359
0.000611711
-5.48557e-05
0.000383447
0.000491577
0.000491577
0.00102205
0.000729844
0.00104155
0.000158734
0.00101661
0.000536807
0.000183598
0.000586721
0.00038233
0.000764539
0.000501386
0.000556562
0.00103181
5.97881e-05
0.000754737
-0.00047882
-5.48557e-05
0.00149409
0.000446183
0.000713598
0.00034676
0.00143475
-0.000149836
0.000398401
0.000521749
0.000521749
0.000531606
0.000789471
6.47621e-05
0.000446183
0.000759177
0.000759177
0.000611711
0.0010111
0.000486249
0.000551297
0.00102634
0.000834068
0.000183598
-8.0865e-08
0.000990215
0.00108601
0.000551297
0.000856214
0.000531606
0.000914459
0.000452259
0.000303461
0.000804591
0.000213672
0.000198644
0.000541455
0.000929608
0.000914459
0.000576799
6.97892e-05
0.0023021
0.000313398
0.000516505
0.000566428
3.90945e-05
0.000213672
0.000288434
0.000899291
0.00106651
0.000734257
0.000453613
0.000250095
0.000551297
0.00170052
0.00111208
0.00123751
0.000591827
0.00058154
0.00174029
0.000501386
0.000531606
0.0010915
0.000734257
0.000411565
0.000719088
0.000396427
0.000596635
0.000149851
9.89632e-06
0.000684483
0.0011219
0.00175984
0.000338385
0.000570955
0.000984443
-0.000174265
0.00131428
0.000930764
0.000446183
0.000446183
0.0012279
0.000124733
-0.00013967
0.000946024
0.000551297
0.000625107
-0.000303911
0.000749407
0.000961267
2.47467e-05
0.000728809
0.000223537
0.00121259
0.000258325
0.000656606
0.000621641
7.97821e-05
0.000905892
0.000501386
-0.000313863
0.000506672
0.00049683
0.00049683
0.000961267
-4.49429e-05
0.000328432
-0.000199247
0.000203799
0.000228143
0.00110363
-5.0636e-06
0.000899291
0.000418507
0.000881042
0.000452259
0.000118838
-7.49421e-05
0.000684483
0.000432001
0.000432001
0.00105129
0.000233394
0.000576285
0.000576285
-0.000164209
0.000871457
0.000814425
0.000749407
-0.000219142
0.000283277
0.00184057
0.000353424
0.000173774
0.00112844
0.00082425
0.000153452
0.000818876
0.000694196
0.000432001
0.000566428
0.000421294
-2.49778e-05
-0.000313863
