-0.123425
-0.14477
-0.140613
-0.104479
-0.140891
-0.11939
-0.11496
-0.124218
-0.116808
-0.108241
-0.127698
-0.127066
-0.134123
-0.129229
-0.12035
-0.134786
-0.112845
-0.131113
-0.121522
-0.115883
-0.121304
-0.138417
-0.127074
-0.114541
-0.108259
-0.134938
-0.143814
-0.13477
-0.143596
-0.131287
-0.158089
-0.130203
-0.120246
-0.148678
-0.117172
-0.129792
-0.115543
-0.108264
-0.107131
-0.112591
-0.130675
-0.107769
-0.148414
-0.141282
-0.133989
-0.115194
-0.131305
-0.12351
-0.153277
-0.103873
-0.13764
-0.133933
-0.112613
-0.12578
-0.136236
-0.125977
-0.131633
-0.123921
-0.123138
-0.114963
-0.127431
-0.136532
-0.125638
-0.135537
-0.118436
-0.113635
-0.123564
-0.120711
-0.145756
-0.136896
-0.123912
-0.115707
-0.107572
-0.129942
-0.122042
-0.121821
-0.129854
-0.135049
-0.127036
-0.116046
-0.118366
-0.137998
-0.112802
-0.13291
-0.140991
-0.133595
-0.116987
-0.124681
-0.12421
-0.127418
-0.129179
-0.135703
-0.133671
-0.133863
-0.117328
-0.125584
-0.141327
-0.110175
-0.126302
-0.132748
-0.104778
-0.142407
-0.114873
-0.134265
-0.113651
-0.117161
-0.117825
-0.127704
-0.137296
-0.122426
-0.139516
-0.129045
-0.129306
-0.149813
-0.133228
-0.109931
-0.122168
-0.133601
-0.136097
-0.11507
-0.129164
-0.123742
-0.117044
-0.142056
-0.118998
-0.136957
-0.108759
-0.127766
-0.120823
-0.112482
-0.152946
-0.13162
-0.122626
-0.11994
-0.114303
-0.139893
-0.134295
-0.134898
-0.128726
-0.124403
-0.138202
-0.141106
-0.129183
-0.136883
-0.132923
-0.114262
-0.127028
-0.11892
-0.134717
-0.117777
-0.109708
-0.103987
-0.115736
-0.13294
-0.106717
-0.122628
-0.108924
-0.132944
-0.123162
-0.134657
-0.141
-0.137312
-0.114062
-0.114008
-0.142978
-0.136332
-0.127587
-0.116487
-0.118105
-0.101679
-0.125683
-0.14487
-0.119155
-0.125893
-0.133979
-0.119405
-0.105881
-0.11432
-0.125824
-0.122917
-0.135098
-0.130392
-0.1493
-0.116367
-0.128179
-0.105634
-0.131034
-0.125538
-0.136027
-0.139688
-0.145928
-0.119574
-0.132596
-0.103286
-0.12179
-0.135342
-0.123099
-0.144596
-0.119693
-0.124896
-0.138418
-0.0752722
-0.0607755
-0.0990378
-0.0638186
-0.0226733
-0.00840747
-0.0341473
-0.0353391
-0.00164284
0.0442647
0.225971
0.3784
0.65684
0.782664
0.996566
1.11459
1.23096
1.28488
1.37012
1.62548
1.82348
1.91202
2.00118
1.98329
2.06537
2.20455
2.19167
2.10569
2.1595
2.18112
2.19391
1.79518
1.46017
1.18606
1.09207
1.33769
1.54901
1.6989
1.703
1.68119
1.49354
1.36143
1.39764
1.36494
1.46231
1.43622
1.47043
1.52121
1.47873
1.50756
1.37559
1.29206
1.3246
1.36183
1.43173
1.52053
1.48836
1.44824
1.39871
1.36967
1.42087
1.49018
1.53306
1.51907
1.48724
1.44656
1.43023
1.42885
1.43355
1.42925
1.45561
1.45939
1.42246
1.39405
1.38591
1.41221
1.3875
1.38566
1.37408
1.39001
1.4442
1.39854
1.36023
1.34489
1.39208
1.41259
1.42764
1.46685
1.48232
1.44736
1.45311
1.40337
1.4218
1.4704
1.46886
1.51982
1.46045
1.43653
1.43767
1.40367
1.4354
1.40968
1.41314
1.39273
1.40157
1.40647
1.36698
1.35548
1.49191
1.47493
1.5223
1.45942
1.48148
1.36796
1.48325
1.78038
1.93157
2.04543
1.81704
1.64971
1.53056
1.47445
1.68662
1.7421
1.76575
1.71366
1.69371
1.70371
1.79335
1.79524
1.73246
1.65444
1.53392
1.60348
1.70537
1.75746
1.7873
1.63254
1.57627
1.56604
1.61775
1.70129
1.66025
1.641
1.63285
1.6661
1.67598
1.67932
1.66659
1.66016
1.65986
1.69638
1.68077
1.75368
1.74322
1.71656
1.73191
1.85744
1.74803
1.91357
2.12104
2.26888
2.17251
2.11397
2.03366
2.02096
2.06842
1.83088
1.84257
1.88901
1.96188
2.08258
1.91732
1.93741
1.98479
1.97152
1.92994
1.89221
1.88254
1.95175
1.99896
1.95954
1.93601
1.93102
1.9313
1.93594
1.89381
1.90515
1.91212
1.91725
1.92781
1.88501
1.88116
1.89055
1.87798
1.86858
1.87616
1.87604
1.87388
1.87142
1.89009
1.90715
1.87584
1.86666
1.88095
1.89128
1.91172
1.89975
1.68263
1.82761
1.83299
1.75059
1.57992
1.40483
1.26994
1.27037
1.24041
1.23566
1.01606
1.05646
1.22032
1.40312
1.52542
1.40971
1.22251
1.12131
1.25263
1.27894
1.23002
1.18737
1.2168
1.25501
1.26551
1.22505
1.22251
1.2295
1.20834
1.24725
1.23849
1.31073
1.33327
1.31621
1.27834
1.26415
1.24917
1.29355
1.27655
1.26205
1.23359
1.24758
1.26849
1.22273
1.21795
1.20383
1.20585
1.21741
1.25107
1.25071
1.23321
1.21053
1.203
1.25007
1.24542
1.23874
1.19414
1.25317
1.26777
1.31047
1.28711
1.27688
1.27544
1.27775
1.29882
1.28044
1.28519
1.28533
1.28365
1.28862
1.29364
1.25321
1.23022
1.23985
1.25233
1.24363
1.2368
1.20956
1.22188
1.18314
1.10533
1.05448
1.01949
1.0252
1.07918
1.21237
1.31265
1.38132
1.55858
1.90639
2.07661
2.12186
2.09355
2.08552
2.1129
2.17934
2.28861
2.40748
2.58035
2.68721
2.81485
2.88054
2.92321
2.96588
3.04999
3.16638
3.28987
3.39027
3.39436
3.45272
3.48272
3.56519
3.56494
3.61922
3.77797
3.89333
4.03594
4.02642
4.10929
4.19603
4.26784
4.35977
4.392
4.45147
4.51524
4.57398
4.61299
4.62842
4.58888
4.50885
4.60878
4.69757
4.70927
4.7852
4.85122
4.96047
5.11644
5.14977
5.17004
5.2402
5.37685
5.47655
5.52239
5.56969
5.6634
5.78559
5.91337
5.87045
5.8918
5.95723
5.9548
6.10204
6.13676
6.05362
5.87387
5.92401
6.05201
6.11527
6.13036
6.09376
6.16029
6.24327
6.25286
6.27815
6.31321
6.34428
6.37458
6.4518
6.41502
6.38881
6.37868
6.45324
6.53727
6.52707
6.48497
6.46894
6.50642
6.59097
6.64583
6.65444
6.61883
6.585
6.60502
6.61356
6.66917
6.67143
6.71458
6.73868
6.75651
6.76592
6.69762
6.73445
6.73396
6.67783
6.67756
6.68855
6.71714
6.7313
6.69001
6.60103
6.47569
6.43808
6.5031
6.66364
6.67936
6.73136
6.75203
6.72513
6.73026
6.71412
6.63728
6.71146
6.76741
6.84409
6.86414
6.86747
6.88533
6.8869
6.87418
6.7809
6.73577
6.71544
6.8086
6.81986
6.84656
6.68349
6.53733
6.46454
6.45457
6.41698
6.42204
6.48622
6.48915
6.52889
6.58375
6.67005
6.72035
6.70677
6.76446
6.83495
6.82685
6.86039
6.8637
6.84025
6.79965
6.76589
6.73155
6.73685
6.78428
6.77683
6.75886
6.78746
6.76348
6.77979
6.92377
6.94396
6.89829
6.90318
6.92003
6.91851
6.9138
6.98936
7.02852
6.98811
6.90313
6.74178
6.67785
6.62848
6.57939
6.54307
6.62004
6.62691
6.65765
6.69719
6.72909
6.74898
6.73525
6.73418
6.80426
6.8342
6.81369
6.77472
6.7405
6.72441
6.65106
6.53347
6.53793
6.54444
6.58477
6.5515
6.53252
6.52729
6.47038
6.49564
6.49135
6.53676
6.59932
6.65844
6.69776
6.72531
6.74027
6.73241
6.72725
6.73429
6.68835
6.65321
6.74618
6.84275
6.75958
6.6561
6.65275
6.65276
6.62848
6.58936
6.58598
6.6058
6.59246
6.56926
6.55362
6.48047
6.53343
6.60739
6.74241
6.7682
6.71145
6.66673
6.67355
6.74061
6.79726
6.76977
6.7069
6.67802
6.69307
6.74163
6.76634
6.76962
6.73517
6.72343
6.7719
6.76512
6.75111
6.76387
6.73176
6.67801
6.62894
6.70916
6.75091
6.77383
6.79643
6.74861
6.70229
6.70337
6.79326
6.76053
6.70024
6.63622
6.62827
6.55875
6.53026
6.44368
6.437
6.50578
6.53701
6.51495
6.45866
6.47272
6.55745
6.60553
6.64447
6.66657
6.66855
6.69552
6.76042
6.84803
6.85693
6.78215
6.73987
6.73082
6.75103
6.78141
6.82537
6.78896
6.69003
6.69398
6.77249
6.84581
6.89021
6.93147
6.92552
6.94077
6.87051
6.84568
6.84793
6.87144
6.78508
6.69842
6.71732
6.81908
6.76891
6.71471
6.67757
6.58867
6.48821
6.51713
6.58903
6.70116
6.73112
6.68979
6.64523
6.66903
6.71143
6.75688
6.97034
7.10845
7.05318
6.99464
6.99611
6.9797
6.90005
6.85578
6.73977
6.62511
6.62229
6.65929
6.62033
6.58774
6.80675
6.78652
6.74738
6.81032
6.88832
6.94468
7.08692
7.1384
7.10449
7.03695
7.19394
7.22583
7.23188
7.23522
7.06864
6.94682
6.93693
6.95433
6.89921
6.79586
6.79436
6.78071
6.73194
6.64583
6.71927
6.86693
6.94113
6.97537
6.94331
6.93495
6.98674
7.11053
7.06601
7.00037
6.94968
6.86987
6.9086
6.92861
6.89411
6.80713
6.65077
6.71148
6.80208
6.87024
6.88387
6.9062
6.84799
6.82248
6.85822
7.04365
7.13829
7.16354
7.06172
7.09072
7.25264
7.30311
7.39391
7.39981
7.35012
7.22485
7.17931
7.13898
7.04623
7.01108
6.87247
6.7267
6.70993
6.7298
6.78987
6.93913
7.11471
7.03042
6.92393
6.8545
7.0502
7.06541
7.04109
7.15916
7.17801
7.13213
7.14039
7.33979
7.37037
7.31899
7.1465
6.9136
6.78796
6.87126
6.85391
6.74939
6.59924
6.44781
6.42154
6.45143
6.62484
6.89643
6.80278
6.65798
6.88415
6.98731
7.16556
7.34297
7.26712
7.13252
6.9586
7.16999
7.1937
7.2345
7.27501
7.18192
7.05888
7.09956
7.25099
7.27406
7.1996
6.97761
6.81916
6.69736
6.7593
6.82997
6.78743
6.68048
6.81858
7.00065
7.07332
6.96407
7.01879
6.86794
6.85892
6.99157
7.267
7.20985
7.08556
7.1082
7.04183
7.03182
7.05831
7.13439
7.02646
6.87452
6.93512
6.9365
6.89792
7.10263
6.92386
6.85594
6.74526
6.84494
6.85621
6.82878
6.73049
6.71155
6.67336
6.68061
6.67967
6.73177
6.74212
6.73043
6.61261
6.71949
6.81444
6.90349
7.10373
6.98773
6.87343
6.72223
7.03463
7.05859
7.14342
7.1463
7.1684
7.1061
7.12296
7.34517
7.37339
7.29325
6.95255
6.82898
6.96593
7.01875
6.99843
6.81899
6.89699
6.95403
6.91882
6.64539
6.56074
6.52697
6.49103
6.46383
6.37407
6.33775
6.22298
6.12844
5.94386
5.84733
5.80805
5.7534
5.79774
5.78564
5.69789
5.61609
5.46397
5.3916
5.38181
5.40628
5.41252
5.38962
5.35554
5.35215
5.34682
5.26591
5.17898
5.15124
5.15027
5.18597
5.17707
5.16235
5.13813
5.10902
5.08429
4.99986
5.00786
5.00634
5.00877
5.03848
4.98192
4.96902
4.94481
4.91236
4.90145
4.82912
4.84486
4.88966
4.89143
4.86221
4.83621
4.82099
4.83496
4.97495
5.00409
4.97415
4.87173
4.87503
4.92874
4.93096
4.92362
4.86893
4.85608
4.84769
4.89426
4.85776
4.7836
4.70838
4.75027
4.79864
4.80586
4.7695
4.70154
4.65086
4.66456
4.67531
4.67451
4.64034
4.62152
4.6299
4.62133
4.62436
4.60595
4.58849
4.5287
4.54456
4.55837
4.56402
4.54464
4.51656
4.50998
4.52017
4.53422
4.51493
4.49229
4.48509
4.47434
4.47232
4.43857
4.44841
4.43541
4.42513
4.45723
4.4105
4.44576
4.40936
4.39
4.40186
4.39007
4.36846
4.36559
4.36064
4.34879
4.34545
4.34837
4.32832
4.30576
4.34512
4.34824
4.33592
4.29459
4.31188
4.30621
4.29741
4.26731
4.27205
4.28512
4.26839
4.28021
4.27402
4.27124
4.24822
4.24131
4.27039
4.22908
4.22093
4.23156
4.22824
4.21548
4.22755
4.21748
4.19503
4.19912
4.21563
4.1967
4.18855
4.19119
4.20684
4.19525
4.18857
4.16884
4.17517
4.17884
4.17988
4.14894
4.1825
4.16209
4.15715
4.15622
4.1254
4.13391
4.14529
4.17547
4.12323
4.13499
4.09974
4.1249
4.13562
4.10231
4.10098
4.11244
4.13631
4.13142
4.11864
4.08119
4.06794
4.08815
4.11632
4.08371
4.08194
4.08759
4.10163
4.07922
4.09473
4.06276
4.07435
4.07421
4.05409
4.0627
4.04282
4.0367
4.04655
4.0399
4.06042
4.05125
4.05384
4.04293
4.04719
4.04202
4.05334
4.0481
4.03305
4.03306
4.02255
4.03059
4.02238
4.02347
4.03107
4.03277
4.01529
4.01108
4.03471
4.03377
3.98099
4.00639
4.01652
4.02777
3.99765
3.99385
3.99397
4.00357
4.02029
3.98182
3.98275
3.98678
3.99463
4.01124
3.98642
3.981
3.96688
3.96705
3.96818
3.94783
3.9647
3.98243
4.0087
3.97875
3.96259
3.96632
3.95148
3.9762
3.96471
3.9469
3.95997
3.94086
3.94298
3.94079
3.9323
3.92267
3.96435
3.94329
3.92165
3.91476
3.92774
3.93708
3.92505
3.93318
3.92637
3.92581
3.95564
3.92459
3.89868
3.91144
3.92507
3.92589
3.92884
3.91377
3.91748
3.90556
3.89035
3.89676
3.90774
3.89962
3.9229
3.89603
3.89978
3.90276
3.90827
3.88687
3.88209
3.88126
3.92283
3.88821
3.87085
3.89193
3.89196
3.8731
3.87994
3.85953
3.8664
3.89074
3.90212
3.87912
3.8423
3.87426
3.88083
3.89728
3.88547
3.86237
3.88123
3.88821
3.90066
3.84073
3.85978
3.86814
3.85864
3.87458
3.84083
3.85288
3.85475
3.87381
3.86979
3.86884
3.86509
3.8551
3.85951
3.83832
3.81841
3.83149
3.83467
3.82403
3.85152
3.83192
3.87851
3.84524
3.83769
3.8456
3.82795
3.82553
3.86067
3.83828
3.85796
3.85005
3.83102
3.83127
3.82017
3.83922
3.83304
3.82393
3.83384
3.8302
3.85763
3.81365
3.80854
3.81479
3.82535
3.81562
3.79933
3.79399
3.78758
3.80988
3.82989
3.77892
3.80021
3.81786
3.82641
3.82069
3.80017
3.80635
3.79022
3.80662
3.8082
3.79056
3.81026
3.79569
3.79594
3.82002
3.79852
3.78794
3.7903
3.80462
3.80969
3.79995
3.79195
3.81419
3.79133
3.78881
3.77866
3.76666
3.78755
3.79438
3.79095
3.78869
3.77121
3.76913
3.76065
3.77924
3.7745
4.7198
4.59098
3.49645
1.81757
1.49387
1.31302
1.47261
1.3038
1.12479
1.24693
1.13166
0.683526
0.136845
0.137018
0.0943715
0.108993
0.0902393
0.059257
0.057137
0.0624021
0.0762061
0.0889749
0.0637615
0.0578645
0.0533112
0.054291
0.0550555
0.0585799
0.0593221
0.0497526
0.0691851
0.0425272
0.0572193
0.0580108
0.051956
0.0593614
0.0364319
0.064999
0.0379266
0.00890496
0.0391179
0.033281
0.0399639
0.0338839
0.0358829
0.0458394
0.0151731
0.0207507
0.0317169
0.0412335
0.0183719
0.0243543
0.0193382
0.0079575
0.0299789
-0.00278972
0.0306524
0.0286101
0.0124905
0.0217628
0.00162451
0.026986
0.0150356
0.0269777
0.00612791
-0.00360019
0.0306548
0.00360449
0.01429
0.021654
0.0133297
0.03495
0.0158929
0.0137237
0.00854096
0.00515584
0.00783387
0.036131
0.0167317
0.00916362
0.0246457
0.0183232
0.0285242
0.0244732
0.0175435
0.0105592
0.00676568
-0.00444933
0.00901675
-0.00239956
-0.00986739
-0.00984239
0.0127175
-0.00282006
-0.000787222
-0.0124248
-0.0215109
-0.00364635
0.00070959
0.00446542
-0.0206944
0.00599865
0.00913847
0.000406536
0.00224323
0.0130043
0.00324785
-0.0208828
0.00371626
-0.00291696
-0.0157476
-0.00569252
-0.0176102
-0.019434
-0.00597236
-0.0201589
-0.0111776
0.00431709
-0.00933292
-0.0182148
-0.0350079
-0.00467248
-0.010329
-0.010367
-0.00691314
-0.0102055
-0.00506111
-0.0155431
-0.00391265
-0.00239614
-0.00632123
-0.00623947
-0.0186572
-0.00622433
-0.0148944
-0.00656968
-0.0183886
-0.0110252
-0.0172432
-0.0315943
-0.0113137
-0.0168152
-0.00815349
-0.0115445
-0.0178137
-0.0269517
-0.042917
-0.0221741
-0.0124198
-0.01761
-0.0193307
-0.0177582
-0.0150949
-0.00835919
-0.00688916
-0.0177167
-0.00392641
-0.000478701
-0.0156538
0.00127775
-0.0139776
-0.0119363
-0.0207502
-0.016703
-0.0126936
-0.0209124
0.00179439
-0.0245013
-0.0210803
-0.0306141
-0.038935
-0.0250597
-0.0232202
-0.00991895
-0.00897684
-0.0204768
-0.00514752
-0.0133008
-0.0322767
-0.0167941
-0.0112042
-0.004999
0.000578728
-0.0330625
-0.0326031
-0.0145103
-0.0135174
-0.0303958
-0.0209393
-0.0277265
-0.0212606
-0.0273808
-0.0250532
-0.0353783
-0.00446612
-0.00581833
-0.0292641
-0.0385428
-0.0294796
-0.0254208
-0.0152881
-0.0165318
-0.00904074
-0.0173176
-0.0261234
-0.0313438
