-0.0267099
-0.0266919
-0.0276593
-0.0237741
-0.0304929
-0.0276857
-0.02855
-0.0280061
-0.0270881
-0.025569
-0.0244684
-0.030435
-0.025569
-0.0251847
-0.0295214
-0.0292544
-0.0276229
-0.027681
-0.0326053
-0.0257786
-0.0268526
-0.0283316
-0.0224679
-0.0263308
-0.0245758
-0.0277298
-0.0264961
-0.0276275
-0.0256225
-0.0286034
-0.0276229
-0.0287102
-0.0284829
-0.027681
-0.0275304
-0.0305509
-0.0291429
-0.0294589
-0.0311933
-0.029468
-0.0254767
-0.0282735
-0.0295124
-0.0295124
-0.0295124
-0.0296959
-0.0296959
-0.0277705
-0.0277705
-0.0276764
-0.029677
-0.026603
-0.0252526
-0.0258857
-0.0276229
-0.0265982
-0.0283804
-0.0257877
-0.0254527
-0.029371
-0.0291525
-0.0273509
-0.0273168
-0.027409
-0.0297009
-0.0275114
-0.0247099
-0.0274625
-0.0266517
-0.029468
-0.0275789
-0.0303283
-0.026482
-0.0276229
-0.0272307
-0.0305293
-0.0284786
-0.0257786
-0.0279482
-0.0274535
-0.0284531
-0.0297929
-0.0254527
-0.0266565
-0.0295658
-0.0244909
-0.0271904
-0.0305023
-0.0282782
-0.0243302
-0.0254716
-0.0264866
-0.027472
-0.0281532
-0.0274492
-0.0276634
-0.0236132
-0.0284385
-0.0274672
-0.0274672
-0.0255108
-0.0276719
-0.0283674
-0.0286568
-0.0284874
-0.0291476
-0.0313821
-0.0275789
-0.0314786
-0.0273555
-0.0266384
-0.0265312
-0.0288615
-0.029366
-0.029366
-0.0313579
-0.0266079
-0.0288751
-0.0257786
-0.0264378
-0.0275649
-0.0284829
-0.0269062
-0.0263214
-0.0302794
-0.0243116
-0.0284874
-0.0298025
-0.0289562
-0.0266342
-0.0285988
-0.0256546
-0.0307064
-0.0288038
-0.0285364
-0.0294589
-0.0306486
-0.0276098
-0.0277705
-0.0305909
-0.0276058
-0.0254399
-0.0258321
-0.0245843
-0.0273874
-0.0276676
-0.0235014
-0.0245221
-0.0249596
-0.0275522
-0.0265312
-0.0276764
-0.0295702
-0.0255202
-0.0277298
-0.0253947
-0.0274535
-0.029468
-0.0276141
-0.0294589
-0.0284874
-0.0265848
-0.02855
-0.02855
-0.027516
-0.0283364
-0.0257877
-0.0257164
-0.0295748
-0.0257342
-0.0267498
-0.0283225
-0.0314786
-0.0276229
-0.025846
-0.0277746
-0.0280957
-0.0297304
-0.0246379
-0.0277344
-0.0297929
-0.0308046
-0.0266798
-0.0275741
-0.0295615
-0.0268612
-0.0286522
-0.0307155
-0.0253548
-0.0265229
-0.0277746
-0.0286391
-0.0272929
-0.0287056
-0.0276676
-0.0286034
-0.0284339
-0.0244106
-0.0283716
-0.02941
-0.0274044
-0.027302
-0.025569
-0.0265982
-0.0276634
-0.0245351
-0.0291525
-0.0284385
-0.0296192
-0.0313672
-0.0265401
-0.0257082
-0.0246915
-0.0254083
-0.0243253
-0.029677
-0.0245221
-0.0286034
-0.0267498
-0.0255555
-0.0267587
-0.0235014
-0.0275694
-0.0254572
-0.0267455
-0.0294146
-0.0285943
-0.0297929
-0.0285598
-0.0277298
-0.0263308
-0.0284385
-0.0296727
-0.0263795
-0.0276184
-0.0274625
-0.0263795
-0.0253904
-0.0271464
-0.0255555
-0.0314205
-0.0263795
-0.0266613
-0.0272974
-0.029352
-0.027516
-0.0292593
-0.02855
-0.028528
-0.0291963
-0.0304396
-0.0264426
-0.0264866
-0.0300707
-0.0272974
-0.0273117
-0.0274137
-0.0225796
-0.0296727
-0.0276719
-0.0306622
-0.0272929
-0.0264913
-0.0246469
-0.0304975
-0.0286522
-0.02855
-0.0284481
-0.0296815
-0.0286034
-0.0256628
-0.0314646
-0.029352
-0.0252965
-0.0296328
-0.0254667
-0.0277833
-0.0303862
-0.0255643
-0.0286522
-0.0274
-0.025667
-0.0315713
-0.0295658
-0.0266384
-0.0274672
-0.0305463
-0.0255599
-0.030435
-0.0265806
-0.0273956
-0.0284531
-0.0267542
-0.0277789
-0.0288572
-0.0267542
-0.0306187
-0.025676
-0.0284432
-0.0295261
-0.0265765
-0.0284294
-0.0286477
-0.0285549
-0.0267498
-0.0257122
-0.0245758
-0.0277129
-0.0265356
-0.0296684
-0.0253596
-0.0258278
-0.0284829
-0.028327
-0.025605
-0.0272393
-0.0271951
-0.0291042
-0.0272439
-0.0254483
-0.0281179
-0.0274044
-0.0289149
-0.02855
-0.0287012
-0.0255019
-0.0273603
-0.0297349
-0.0314205
-0.024477
-0.0266517
-0.0274044
-0.0284966
-0.0255108
-0.0275649
-0.0312467
-0.0263705
-0.0285988
-0.027472
-0.0274672
-0.0284966
-0.0245397
-0.0314302
-0.0274186
-0.026482
-0.0254036
-0.0275255
-0.0276058
-0.0287732
-0.0253991
-0.0234522
-0.0284339
-0.0255786
-0.0274579
-0.0263308
-0.0265891
-0.0264913
-0.0263891
-0.0263795
-0.0265312
-0.0284432
-0.0255513
-0.0256715
-0.0276676
-0.0265891
-0.0288081
-0.0276058
-0.0266798
-0.0294589
-0.0284919
-0.025605
-0.0303909
-0.0294827
-0.0302749
-0.0286434
-0.0285856
-0.0263891
-0.0295039
-0.0262237
-0.0255154
-0.0292497
-0.0272974
-0.0283851
-0.028327
-0.0265848
-0.0272929
-0.0267373
-0.0294504
-0.0297795
-0.0277211
-0.0255433
-0.0282247
-0.0267455
-0.0283851
-0.0286522
-0.0263214
-0.029201
-0.0262633
-0.0265936
-0.027516
-0.0265936
-0.0274044
-0.0262633
-0.0271999
-0.029201
-0.026482
-0.0253991
-0.030449
-0.0274579
-0.0313046
-0.0284874
-0.0262633
-0.0276275
-0.0294827
-0.02855
-0.0276676
-0.0249019
-0.0252526
-0.0302407
-0.0292986
-0.0303238
-0.0291917
-0.0274625
-0.0276593
-0.0274137
-0.0272885
-0.0286568
-0.0263705
-0.0285856
-0.0274137
-0.0274044
-0.028162
-0.0235014
-0.0283225
-0.0291963
-0.0263795
-0.0295702
-0.0258366
-0.0267052
-0.0265982
-0.0307155
-0.0262237
-0.0283225
-0.0283138
-0.0286434
-0.0265356
-0.0277254
-0.025667
-0.0272974
-0.0273603
-0.0246336
-0.0272486
-0.0276764
-0.0294827
-0.0285408
-0.0273464
-0.0275649
-0.0285321
-0.0257164
-0.0275838
-0.0271858
-0.0291525
-0.027516
-0.0264198
-0.0264285
-0.0302794
-0.0305556
-0.0284432
-0.0275114
-0.0282397
-0.0251406
-0.0264285
-0.0322953
-0.0266427
-0.0284294
-0.0277211
-0.0265765
-0.029371
-0.0264776
-0.0282735
-0.0254483
-0.0281666
-0.0302214
-0.0273652
-0.0282296
-0.031164
-0.0257206
-0.0295615
-0.0265447
-0.027409
-0.0305952
-0.0287056
-0.0316337
-0.0288125
-0.0274535
-0.0254483
-0.0254399
-0.0274535
-0.0286477
-0.0276141
-0.0287102
-0.0253501
-0.0312655
-0.0246336
-0.0303283
-0.027409
-0.0271999
-0.0284829
-0.0284829
-0.028283
-0.0293032
-0.0250775
-0.0300612
-0.028269
-0.0272439
-0.0260734
-0.0283464
-0.0253991
-0.0262872
-0.0262872
-0.0272439
-0.0259464
-0.0289924
-0.0262678
-0.0263214
-0.027409
-0.0252965
-0.0302214
-0.0280418
-0.0280418
-0.0292544
-0.0262678
-0.031372
-0.0295168
-0.02822
-0.0264241
-0.029201
-0.029201
-0.0263705
-0.0264241
-0.0292899
-0.0284432
-0.0301775
-0.0272393
-0.0273702
-0.0290509
-0.0271464
-0.0281812
-0.029201
-0.0292161
-0.0310523
-0.0274137
-0.0235059
-0.0273956
-0.0263749
-0.0262773
-0.0288709
-0.0283898
-0.030129
-0.0242134
-0.0263662
-0.0293078
-0.026259
-0.0268842
-0.0281812
-0.0250729
-0.0254036
-0.0290895
-0.0281713
-0.0276229
-0.0272439
-0.0263795
-0.028283
-0.0284786
-0.0312606
-0.027409
-0.0291963
-0.0261119
-0.0292544
-0.0272439
-0.0303423
-0.0295124
-0.0275255
-0.0284874
-0.0251406
-0.02822
-0.02822
-0.0291382
-0.0272929
-0.0281575
-0.0263749
-0.0274137
-0.0263126
-0.024419
-0.0274044
-0.026603
-0.0256628
-0.0272974
-0.0283804
-0.0283804
-0.0252383
-0.0280644
-0.0254572
-0.0283225
-0.0271904
-0.0310378
-0.0281179
-0.0262143
-0.032179
-0.0262338
-0.0295214
-0.0265891
-0.0283851
-0.0290992
-0.0274
-0.0280596
-0.0318497
-0.0280644
-0.0303283
-0.0303283
-0.0262053
-0.0228524
-0.0259954
-0.0271416
-0.0264476
-0.0272583
-0.0281179
-0.0301775
-0.0284294
-0.0283759
-0.029969
-0.0290408
-0.031518
-0.0302794
-0.0271999
-0.023394
-0.0243789
-0.0284385
-0.0293032
-0.0291525
-0.0282247
-0.027904
-0.0271858
-0.0291382
-0.0242088
-0.0272439
-0.0300522
-0.0270742
-0.0291872
-0.0252831
-0.0283759
-0.0283716
-0.0313625
-0.0312705
-0.0245351
-0.0284919
-0.0274625
-0.0281762
-0.0254527
-0.0245351
-0.0292544
-0.0246336
-0.0253822
-0.028327
-0.0290895
-0.0264285
-0.0302407
-0.0284385
-0.0253455
-0.0253501
-0.0304975
-0.027409
-0.0287056
-0.0244423
-0.029895
-0.0265312
-0.0244325
-0.0265936
-0.026326
-0.0276098
-0.0293032
-0.0294546
-0.0286132
-0.0302308
-0.0275355
-0.0264913
-0.0304841
-0.0261562
-0.0218236
-0.02855
-0.026326
-0.0292544
-0.0283851
-0.0274535
-0.032121
-0.0294634
-0.0281575
-0.0254527
-0.0281278
-0.0282247
-0.0285408
-0.0273555
-0.0263795
-0.0264285
-0.0294146
-0.0302842
-0.0271904
-0.0272974
-0.0282155
-0.0281713
-0.0270298
-0.0280693
-0.0273464
-0.0325566
-0.0301592
-0.0223647
-0.0253947
-0.0284432
-0.0270787
-0.0273509
-0.0273509
-0.026239
-0.025569
-0.0246029
-0.0281713
-0.0287102
-0.0293032
-0.0283413
-0.0291429
-0.028104
-0.0271904
-0.0293612
-0.0245306
-0.0301775
-0.0292407
-0.0270833
-0.0281762
-0.0287255
-0.0283316
-0.028021
-0.0295893
-0.0244373
-0.0270833
-0.0252383
-0.0281179
-0.0281179
-0.0262773
-0.0291476
-0.0255019
-0.0253326
-0.029531
-0.0291476
-0.0264331
-0.0294146
-0.027477
-0.028327
-0.0301775
-0.0282397
-0.0302794
-0.0268033
-0.0273464
-0.0313139
-0.0333687
-0.0273509
-0.0265848
-0.0291525
-0.0291525
-0.0302749
-0.0256272
-0.027302
-0.0271858
-0.0264866
-0.0251265
-0.0262189
-0.0264331
-0.0293612
-0.0272929
-0.0313672
-0.0301341
-0.0301341
-0.0297883
-0.0295214
-0.0253455
-0.030449
-0.0253111
-0.0330591
-0.0262237
-0.0303816
-0.0266471
-0.028162
-0.0291429
-0.0273117
-0.025341
-0.0251612
-0.0303909
-0.02822
-0.0275206
-0.0312073
-0.0281713
-0.0291628
-0.0244815
-0.0294293
-0.0265447
-0.0323003
-0.0283851
-0.0265222
-0.0264331
-0.0304109
-0.0274625
-0.0295124
-0.0274672
-0.0284786
-0.0301146
-0.026259
-0.0272534
-0.0286434
-0.0303328
-0.0284294
-0.02855
-0.0248076
-0.0292059
-0.0285549
-0.0295214
-0.0272049
-0.0295214
-0.0324409
-0.0264285
-0.0303862
-0.0304396
-0.0274579
-0.0313139
-0.0282983
-0.0295843
-0.0263795
-0.0264331
-0.0273168
-0.0273555
-0.0294634
-0.0301926
-0.0291525
-0.0285549
-0.0264426
-0.0305556
-0.0274044
-0.0248076
-0.0275605
-0.0290992
-0.0263749
-0.0264331
-0.0323876
-0.0284874
-0.0254036
-0.0302308
-0.029201
-0.0274625
-0.0253455
-0.0295843
-0.0273555
-0.030289
-0.026603
-0.0281713
-0.0254181
-0.0275114
-0.0302308
-0.0294194
-0.0294194
-0.0256321
-0.0276184
-0.0256715
-0.0284251
-0.0263749
-0.0224679
-0.030294
-0.0302308
-0.0292109
-0.029531
-0.0291917
-0.027322
-0.0296376
-0.0267498
-0.0283804
-0.0242624
-0.0251265
-0.0264378
-0.0261654
-0.0272439
-0.0274186
-0.0275206
-0.0274625
-0.0290313
-0.0285364
-0.0340212
-0.0276764
-0.0286568
-0.0268168
-0.0264426
-0.0234568
-0.0265356
-0.0216001
-0.0244815
-0.0262678
-0.0276184
-0.0265312
-0.0265312
-0.02577
-0.0282983
-0.027744
-0.028104
-0.0284966
-0.0267542
-0.0236624
-0.0305023
-0.0248076
-0.0275694
-0.0264331
-0.0275255
-0.0254572
-0.0275741
-0.0286434
-0.02855
-0.02941
-0.0284432
-0.0284432
-0.0303957
-0.0272974
-0.0284919
-0.0304975
-0.0276323
-0.0294243
-0.0282397
-0.0302566
-0.034031
-0.028288
-0.0313396
-0.02855
-0.0252477
-0.0291963
-0.0285943
-0.0285943
-0.028327
-0.0304975
-0.033151
-0.0311492
-0.0312512
-0.0352837
-0.033999
-0.0345193
-0.0352889
-0.0323389
-0.0309891
-0.0304975
-0.0301727
-0.0315225
-0.0290895
-0.0313139
-0.0302794
-0.0283947
-0.0293078
-0.0279393
-0.0312467
-0.0324702
-0.0312655
-0.0312958
-0.0322277
-0.0283851
-0.0266565
-0.0332043
-0.0309753
-0.0291429
-0.0282735
-0.0291338
-0.0265982
-0.030994
-0.0303862
-0.0265806
-0.0312025
-0.0294055
-0.0315136
-0.0293032
-0.0302261
-0.0284829
-0.0284786
-0.0332089
-0.0324455
-0.0276676
-0.0313001
-0.0325566
-0.0287056
-0.0284919
-0.0324856
-0.0316916
-0.0287591
-0.032281
-0.0324501
-0.0275694
-0.0257206
-0.0306486
-0.0334751
-0.0305655
-0.0311745
-0.0288081
-0.0306443
-0.0305996
-0.0298864
-0.0287102
-0.029468
-0.0325475
-0.0317597
-0.0314835
-0.0272929
-0.0277344
-0.0302619
-0.0283225
-0.0277254
-0.031518
-0.0314738
-0.0305293
-0.0314691
-0.0306042
-0.0313046
-0.0297443
-0.0267413
-0.0304396
-0.0322856
-0.0313046
-0.0294194
-0.0313579
-0.0313092
-0.0315136
-0.0353219
-0.0344516
-0.0331024
-0.033253
-0.0322277
-0.034292
-0.0307597
-0.0326195
-0.0292643
-0.0321744
-0.0330751
-0.0354282
-0.0334846
-0.0294146
-0.0334706
-0.0306362
-0.0325475
-0.035468
-0.0342437
-0.0353317
-0.0332575
-0.0342342
-0.0325082
-0.0350611
-0.0323876
-0.0323389
-0.0314158
-0.032281
-0.0323876
-0.0375894
-0.0324365
-0.0371695
-0.0323389
-0.0323389
-0.0352688
-0.03435
-0.0344032
-0.0334619
-0.0323343
-0.0335152
-0.0342874
-0.0326053
-0.0296604
-0.035433
-0.0315713
-0.0325475
-0.0344032
-0.0314253
-0.0334047
-0.0316338
-0.0328961
-0.0263736
-0.0169472
-0.0166282
-0.0127741
-0.0158409
-0.0145442
-0.010572
-0.0118299
-0.0125746
-0.0160264
-0.0137194
-0.0148361
-0.0134156
-0.0136456
-0.0107386
-0.010774
-0.0105008
-0.0116172
-0.0146378
-0.0120565
-0.014554
-0.0128613
-0.00990184
-0.00816615
-0.0108729
-0.0100154
-0.0127551
-0.00992743
-0.0118901
-0.00770832
-0.0129819
-0.00882437
-0.00893086
-0.00987413
-0.0121096
-0.00867197
-0.010736
-0.00903734
-0.0119045
-0.0100154
-0.0126417
-0.00695041
-0.0129746
-0.0132543
-0.0100686
-0.0158215
-0.016898
-0.0229561
-0.0206606
-0.0267238
-0.0278408
-0.0258831
-0.0259093
-0.0270401
-0.0238082
-0.0248169
-0.0266663
-0.0268265
-0.0237879
-0.0239583
-0.0278126
-0.0266565
-0.0277974
-0.0247634
-0.0279041
-0.0307835
-0.02657
-0.0295168
-0.0246664
-0.0259145
-0.0229687
-0.0247634
-0.0268216
-0.024832
-0.0279141
-0.0249338
-0.0246613
-0.0287249
-0.0270887
-0.0316432
-0.025744
-0.0275838
-0.0266517
-0.0292694
-0.0254716
-0.0293176
-0.0268703
-0.0288704
-0.0288704
-0.0275941
-0.0256807
-0.0266471
-0.0277541
-0.0284966
-0.0276141
-0.0283364
-0.0275304
-0.025739
-0.0282983
-0.0276906
-0.029536
-0.0285598
-0.0298075
-0.0279528
-0.0266181
-0.0266919
-0.0276422
-0.0297304
-0.0288848
-0.0255786
-0.0277254
-0.0316054
-0.0296476
-0.0266565
-0.0281179
-0.0275304
-0.029615
-0.0275789
-0.0272634
-0.0270497
-0.0273603
-0.0277344
-0.030449
-0.0304589
-0.0249147
-0.0276764
-0.0267148
-0.0286522
-0.0263407
-0.0266565
-0.0303576
-0.0264426
-0.0285549
-0.027681
-0.0266517
-0.0287056
-0.0266079
-0.0266517
-0.0266517
-0.0264913
-0.023589
-0.029895
-0.0296282
-0.0295795
-0.0276956
-0.0304799
-0.0277007
-0.0277007
-0.0274186
-0.028817
-0.0294827
-0.031595
-0.0274625
-0.0286182
-0.0297593
-0.0286568
-0.0313983
-0.0278947
-0.0283364
-0.0255786
-0.0306137
-0.0307155
-0.0265113
-0.0303473
-0.0256272
-0.0283998
-0.0305174
-0.0262924
-0.0295411
-0.0264866
-0.0304539
-0.0256715
-0.0278947
-0.028327
-0.0294293
-0.0276323
-0.0301874
-0.029366
-0.029366
-0.0295944
-0.0284786
-0.0264285
-0.0267197
-0.0293176
-0.0275838
-0.0286716
-0.0285015
-0.0265447
-0.0268216
-0.0285364
-0.0288751
-0.0285065
-0.0273555
-0.0247004
-0.0283947
-0.0273603
-0.0277344
-0.0295518
-0.0267731
-0.0254667
-0.0263843
-0.0273068
-0.0285065
-0.0293127
-0.0314459
-0.0293127
-0.029201
-0.0293032
-0.0273117
-0.0282449
-0.0275649
-0.0303909
-0.0244279
-0.0271514
-0.0293566
-0.0295261
-0.0276229
-0.0267634
-0.0294776
-0.0307203
-0.0281383
-0.0287102
-0.0244325
-0.0292214
-0.0305605
-0.0274236
-0.0264579
-0.0285649
-0.0293032
-0.0284829
-0.0264961
-0.0264961
-0.0302794
-0.0310473
-0.0310473
-0.0301193
-0.028327
-0.027507
-0.0261803
-0.0284481
-0.0295944
-0.0286434
-0.029371
-0.0285649
-0.0264285
-0.0275206
-0.0315318
-0.0256715
-0.0276719
-0.0265806
-0.0283316
-0.0294243
-0.024598
-0.0272686
-0.029352
-0.0281812
-0.0266342
-0.0323639
-0.026501
-0.0292986
-0.0285598
-0.0283851
-0.0283316
-0.0313625
-0.0303283
-0.0303576
-0.0275255
-0.0262287
-0.0284432
-0.0292593
-0.028327
-0.0272974
-0.0294146
-0.024598
-0.0256272
-0.0283898
-0.031164
-0.0283316
-0.0303328
-0.0271323
-0.0286391
-0.027744
-0.0262773
-0.0247495
-0.027472
-0.0304109
-0.0300707
-0.0274535
-0.027507
-0.031372
-0.0255202
-0.0301727
-0.0251991
-0.0286522
-0.0274236
-0.027477
-0.030449
-0.0297929
-0.0264285
-0.0245306
-0.030885
-0.0286616
-0.029536
-0.0265447
-0.0315318
-0.0273464
-0.0273603
-0.0247988
-0.0275694
-0.025739
-0.0294194
-0.0275741
-0.0283804
-0.0285598
-0.02855
-0.0293078
-0.0295261
-0.0254181
-0.029371
-0.025569
-0.0287782
-0.0247148
-0.0246564
-0.0304975
-0.0286132
-0.0294878
-0.0276764
-0.0266517
-0.0293227
-0.0276764
-0.0294931
-0.0294776
-0.0284385
-0.0283998
-0.0277925
-0.025569
-0.0285015
-0.0284531
-0.0312224
-0.029691
-0.0276857
-0.0288125
-0.0305122
-0.024754
-0.0294194
-0.0321939
-0.0277879
-0.0283947
-0.0266565
-0.028715
-0.0276141
-0.0287056
-0.0306042
-0.0306042
-0.0286082
-0.0302357
-0.0286522
-0.0263511
-0.0284531
-0.0286568
-0.0294827
-0.0304539
-0.030294
-0.0265401
-0.0264913
-0.0283364
-0.0255836
-0.0275255
-0.0306137
-0.0274672
-0.0304006
-0.0295702
-0.0277391
-0.0294011
-0.0295843
-0.0284919
-0.0276372
-0.0277746
-0.0243253
-0.02941
-0.0283364
-0.0314302
-0.0265447
-0.0324599
-0.0244958
-0.0266517
-0.0288217
-0.0293227
-0.0236224
-0.0285015
-0.0264776
-0.0294293
-0.0275994
-0.0254667
-0.027434
-0.0315804
-0.0278947
-0.0287249
-0.0307155
-0.0269237
-0.0286821
-0.0296376
-0.0236713
-0.0255108
-0.030289
-0.0286082
-0.0265545
-0.0296328
-0.0286568
-0.0266663
-0.0304057
-0.0285015
-0.0303375
-0.0275255
-0.0285454
-0.0282782
-0.0272974
-0.0282397
-0.0304929
-0.02855
-0.0272486
-0.0291681
-0.0293227
-0.0285988
-0.0247148
-0.0283947
-0.0294776
-0.0255302
-0.0255302
-0.0275563
-0.0275206
-0.028528
-0.0244325
-0.0306042
-0.0294194
-0.0295261
-0.0282782
-0.0265982
-0.0294293
-0.0314353
-0.0276275
-0.0285943
-0.029376
-0.0305952
-0.0312705
-0.0267052
-0.0268033
-0.0287012
-0.0304396
-0.0268122
-0.0285408
-0.0292109
-0.0265982
-0.0305122
-0.0272634
-0.0307203
-0.0295168
-0.0286034
-0.0285015
-0.0263795
-0.027749
-0.0275694
-0.0267052
-0.0276275
-0.0295748
-0.0288125
-0.027516
-0.029468
-0.0331557
-0.027516
-0.0305023
-0.0284385
-0.0296328
-0.0256807
-0.0267052
-0.0305706
-0.0266427
-0.031377
-0.029691
-0.0297304
-0.0276857
-0.0245887
-0.0273117
-0.0294728
-0.029531
-0.0273068
-0.0283464
-0.0282247
-0.0285408
-0.0246613
-0.0248657
-0.0277298
-0.0297261
-0.0276422
-0.0286082
-0.0274874
-0.0294293
-0.0294776
-0.0257831
-0.0305655
-0.0274236
-0.0304539
-0.0296426
-0.0286034
-0.0273464
-0.0285702
-0.0274579
-0.0282782
-0.0293078
-0.0284481
-0.026603
-0.0301979
-0.0272049
-0.0254716
-0.0264866
-0.0300659
-0.0304217
-0.0286477
-0.0294776
-0.02941
-0.0275255
-0.0283316
-0.0298417
-0.0290561
-0.0291429
-0.0284385
-0.0292059
-0.0256321
-0.0265447
-0.0323389
-0.0253501
-0.0302794
-0.0265936
-0.0284874
-0.0284874
-0.0292109
-0.0273509
-0.0291042
-0.0323389
-0.0292942
-0.0285065
-0.0284385
-0.0257831
-0.0281762
-0.0292643
-0.0287636
-0.0277705
-0.0298462
-0.0306977
-0.0286616
-0.0292544
-0.0286434
-0.0286082
-0.0312073
-0.0257206
-0.026875
-0.0266129
-0.02855
-0.0283851
-0.0279141
-0.0288751
-0.0311464
-0.0286034
-0.0283947
-0.0276229
-0.028715
-0.0294634
-0.0305605
-0.0307835
-0.0284966
-0.0285598
-0.0247004
-0.0296376
-0.030363
-0.0305605
-0.0275206
-0.0276184
-0.0255737
-0.0284339
-0.0265936
-0.0265936
-0.0287732
-0.0326297
-0.0285988
-0.0316337
-0.0316337
-0.0255154
-0.0294243
-0.0283804
-0.026603
-0.0305996
-0.0265891
-0.0265891
-0.027516
-0.0305023
-0.0310473
-0.030129
-0.0302794
-0.0274137
-0.0275114
-0.0253111
-0.027516
-0.0283316
-0.0301393
-0.0263407
-0.0273603
-0.0271951
-0.0305072
-0.0282782
-0.02855
-0.0302991
-0.0302842
-0.0283851
-0.0273603
-0.0266565
-0.0274579
-0.0279437
-0.0283851
-0.0277833
-0.0287102
-0.0242718
-0.0313188
-0.027472
-0.0313238
-0.0284481
-0.0276323
-0.0267052
-0.0254132
-0.0302991
-0.0295124
-0.029691
-0.0286568
-0.0274137
-0.0284919
-0.0276275
-0.027445
-0.0295214
-0.0275649
-0.0295748
-0.029371
-0.0257831
-0.0263795
-0.0275255
-0.0283364
-0.0265356
-0.0256856
-0.032281
-0.0292497
-0.0255063
-0.0305996
-0.0253501
-0.0271566
-0.029536
-0.0281278
-0.029201
-0.0253646
-0.0271369
-0.0274535
-0.0263891
-0.0273555
-0.0262189
-0.0273555
-0.0285408
-0.0265891
-0.0274625
-0.0302308
-0.0294728
-0.0283804
-0.029371
-0.0283804
-0.0265356
-0.0264241
-0.0302991
-0.0273509
-0.0311056
-0.0262143
-0.0287546
-0.0304975
-0.0314205
-0.0274625
-0.0262338
-0.0287199
-0.0293227
-0.0294634
-0.0244815
-0.0285598
-0.0271032
-0.0302357
-0.027093
-0.0311056
-0.0250822
-0.0281179
-0.0301775
-0.0292593
-0.0282296
-0.0261517
-0.030294
-0.0275649
-0.0244325
-0.031281
-0.0285454
-0.031372
-0.028283
-0.0293176
-0.0273652
-0.0283316
-0.0272686
-0.0271999
-0.0284966
-0.0236668
-0.0304006
-0.0303423
-0.0281812
-0.0310575
-0.0274579
-0.0295411
-0.0270346
-0.0284531
-0.0282247
-0.0324118
-0.0274625
-0.0255737
-0.0275255
-0.0314738
-0.0292364
-0.0313001
-0.0283759
-0.0294728
-0.0285065
-0.0314738
-0.03159
-0.0314353
-0.028817
-0.0257206
-0.0267148
-0.0303473
-0.0325663
-0.0276323
-0.0286034
-0.029468
-0.0314691
-0.0295795
-0.0285065
-0.0264378
-0.0273117
-0.0266471
-0.0275741
-0.0261654
-0.0283759
-0.0266565
-0.0275304
-0.0314886
-0.0290509
-0.0265061
-0.0283947
-0.029328
-0.0312757
-0.0292161
-0.0266663
-0.0295843
-0.0275889
-0.0295843
-0.0285408
-0.029366
-0.0295795
-0.0284385
-0.0244279
-0.0301241
-0.0263843
-0.0273068
-0.0304109
-0.0314205
-0.0314205
-0.027477
-0.027516
-0.0281713
-0.0273652
-0.0275789
-0.0274625
-0.0305122
-0.0295214
-0.02855
-0.0281762
-0.0257925
-0.0292407
-0.0301447
-0.0324987
-0.0294728
-0.0284481
-0.0284339
-0.0245758
-0.0305509
-0.0276372
-0.0285454
-0.0265595
-0.0296582
-0.027472
-0.0301874
-0.0265356
-0.0302407
-0.0286665
-0.0284829
-0.027409
-0.0303524
-0.0276764
-0.0246029
-0.0282782
-0.028288
-0.0276184
-0.0265595
-0.0303957
-0.0297395
-0.0297395
-0.0296328
-0.0323922
-0.0294194
-0.0324017
-0.0284919
-0.030672
-0.0292694
-0.0284481
-0.0282503
-0.0305556
-0.0279728
-0.0243838
-0.02941
-0.0266471
-0.0252429
-0.0261702
-0.0252429
-0.0275206
-0.0273603
-0.025667
-0.029352
-0.0272152
-0.02941
-0.0323969
-0.0286034
-0.0263407
-0.0292109
-0.0303375
-0.0293612
-0.0255108
-0.028283
-0.0296426
-0.0275741
-0.0323003
-0.027409
-0.0283947
-0.0272534
-0.0295795
-0.0295795
-0.0283804
-0.0265495
-0.0284481
-0.0312122
-0.0293127
-0.0283225
-0.0293612
-0.027472
-0.0296815
-0.0306187
-0.027472
-0.0274186
-0.0314738
-0.0274821
-0.0294146
-0.0281713
-0.0276906
-0.0261167
-0.0262773
-0.0293127
-0.0262338
-0.0293176
-0.0273702
-0.028817
-0.0306089
-0.0286132
-0.0272534
-0.0304539
-0.0295261
-0.0243073
-0.0314353
-0.0282931
-0.0283898
-0.0275694
-0.0325182
-0.0283364
-0.0275789
-0.0262143
-0.0306089
-0.032552
-0.0263993
-0.0280596
-0.0322371
-0.0294293
-0.0286716
-0.0275741
-0.0305463
-0.0317282
-0.0257877
-0.0288125
-0.030667
-0.0280062
-0.0266565
-0.0275694
-0.0258901
-0.0297443
-0.0276857
-0.0294827
-0.0283947
-0.0314937
-0.0256715
-0.02577
-0.0297492
-0.0277879
-0.0265545
-0.0278368
-0.0267006
-0.0292497
-0.0265936
-0.0265447
-0.0265312
-0.031164
-0.0273555
-0.0282449
-0.0302407
-0.0273509
-0.029536
-0.0283947
-0.0253061
-0.0258901
-0.0294243
-0.0287056
-0.0255063
-0.0286665
-0.0287636
-0.0257296
-0.027516
-0.0245351
-0.0284339
-0.0274137
-0.0306042
-0.0315271
-0.0297304
-0.0294293
-0.0294728
-0.0284481
-0.0314738
-0.0279311
-0.0265356
-0.0265982
-0.0322953
-0.0276906
-0.0275649
-0.0285015
-0.0266962
-0.0268122
-0.030294
-0.0267052
-0.028817
-0.0267498
-0.0296376
-0.0275255
-0.0256091
-0.0286616
-0.0317449
-0.0274579
-0.027681
-0.0245397
-0.0270261
-0.0287996
-0.0293612
-0.0305655
-0.0285943
-0.0273555
-0.0313092
-0.0277298
-0.0289727
-0.0276275
-0.0284432
-0.0265447
-0.0313579
-0.0265595
-0.027909
-0.0286034
-0.0295214
-0.0297395
-0.0273702
-0.0266962
-0.0256628
-0.0314205
-0.0275838
-0.0315418
-0.0275741
-0.0256091
-0.0314353
-0.0258025
-0.0315851
-0.0282449
-0.0314835
-0.027749
-0.0254483
-0.027681
-0.0267006
-0.0284919
-0.0265495
-0.0275355
-0.027681
-0.0265936
-0.025846
-0.0303862
-0.027472
-0.0275741
-0.0304539
-0.029691
-0.0256272
-0.0285649
-0.028283
-0.0305556
-0.029691
-0.0295748
-0.0307597
-0.0287199
-0.0312025
-0.0285454
-0.029677
-0.0258947
-0.0295748
-0.0267006
-0.0275206
-0.0303862
-0.0273754
-0.0286082
-0.0283898
-0.0275741
-0.0265495
-0.0264476
-0.0287684
-0.0295944
-0.0325131
-0.0264913
-0.0296862
-0.0276323
-0.0263993
-0.0275605
-0.0284339
-0.0273273
-0.0252429
-0.0296476
-0.0296529
-0.0283998
-0.0294878
-0.0312705
-0.0294827
-0.0247004
-0.0305556
-0.0294589
-0.0256179
-0.0284966
-0.0295843
-0.0278902
-0.0286082
-0.0287591
-0.031377
-0.0276323
-0.0269639
-0.0284432
-0.0263458
-0.0276906
-0.0244233
-0.0275789
-0.0257831
-0.0267148
-0.0295795
-0.0284103
-0.030449
-0.0285988
-0.0296959
-0.0294243
-0.0287636
-0.0284874
-0.0263705
-0.0284481
-0.0307512
-0.0275741
-0.0275741
-0.0294776
-0.0255063
-0.029691
-0.0295168
-0.0256179
-0.027409
-0.0284432
-0.0287591
-0.0264961
-0.0295893
-0.0295893
-0.0244958
-0.0284294
-0.0294728
-0.0283464
-0.027516
-0.0278368
-0.0284874
-0.0303375
-0.025676
-0.0258901
-0.0265936
-0.0283947
-0.0305174
-0.0296529
-0.0295658
-0.028715
-0.0304749
-0.0255108
-0.0295795
-0.0294776
-0.0305072
-0.0246873
-0.0247004
-0.0278413
-0.0267099
-0.0268122
-0.0278413
-0.0304057
-0.0275789
-0.0312122
-0.0297443
-0.0302308
-0.0276906
-0.0275206
-0.0266613
-0.0275741
-0.0295411
-0.0281713
-0.0247099
-0.0293812
-0.0295944
-0.0284966
-0.0276764
-0.0287102
-0.028327
-0.0277879
-0.031372
-0.0303473
-0.0301241
-0.0274044
-0.0275649
-0.0285598
-0.0305509
-0.0271164
-0.0256321
-0.0247495
-0.0294293
-0.0314406
-0.0274821
-0.0287056
-0.0305556
-0.0266471
-0.030667
-0.0324599
-0.02941
-0.0266565
-0.0284966
-0.0294345
-0.0265936
-0.0286477
-0.0276857
-0.0277391
-0.0275206
-0.0287056
-0.0275206
-0.026326
-0.0275649
-0.0295658
-0.0296862
-0.0284481
-0.025725
-0.027516
-0.0296192
-0.0288125
-0.0276372
-0.0284919
-0.0286034
-0.0282346
-0.030449
-0.0266471
-0.0314835
-0.0332238
-0.0277254
-0.02941
-0.027749
-0.0284919
-0.0297304
-0.0265356
-0.0258412
-0.0278074
-0.0266517
-0.0275206
-0.0316533
-0.030672
-0.0265936
-0.02873
-0.0278947
-0.0306622
-0.0270261
-0.0285988
-0.0302308
-0.0278368
-0.0263356
-0.0295518
-0.0222713
-0.0305509
-0.0297883
-0.029677
-0.0259308
-0.0276764
-0.0275206
-0.0265545
-0.0253596
-0.0274672
-0.026482
-0.0287591
-0.0277789
-0.0246423
-0.0264426
-0.030449
-0.0297395
-0.0284919
-0.0296328
-0.0298996
-0.0286665
-0.0288615
-0.0299042
-0.0246469
-0.0278413
-0.0276229
-0.0277879
-0.0296376
-0.0289066
-0.0260064
-0.0258509
-0.0257831
-0.0307355
-0.0258995
-0.0304006
-0.0258857
-0.0276323
-0.0266517
-0.0265891
-0.029691
-0.0307688
-0.0264961
-0.0305122
-0.0237205
-0.0297061
-0.0277298
-0.0248031
-0.0286082
-0.0279041
-0.0275355
-0.0318078
-0.0275255
-0.0286082
-0.0278859
-0.0269682
-0.029944
-0.0267148
-0.0285454
-0.0261087
-0.0278324
-0.0286616
-0.0276422
-0.0315418
-0.0294589
-0.0266767
-0.0275255
-0.0286477
-0.0286235
-0.0270261
-0.0257206
-0.0294194
-0.0266342
-0.0287056
-0.0294243
-0.0306137
-0.027744
-0.026482
-0.0277925
-0.0275304
-0.029677
-0.0277833
-0.0257742
-0.0295748
-0.0307303
-0.0286034
-0.0286034
-0.0265982
-0.0297753
-0.029531
-0.0285649
-0.0264378
-0.0276372
-0.0283804
-0.0303909
-0.0283947
-0.028288
-0.0267731
-0.0298906
-0.0286132
-0.0295748
-0.0265848
-0.0277344
-0.029691
-0.0254527
-0.02855
-0.0286665
-0.0287056
-0.0276857
-0.0285364
-0.0326727
-0.0297443
-0.029531
-0.0297492
-0.0276764
-0.0275741
-0.0276141
-0.0275206
-0.0275206
-0.0275694
-0.025676
-0.0254527
-0.0325663
-0.0255737
-0.0262633
-0.0285649
-0.030449
-0.0296376
-0.0255737
-0.0295261
-0.029531
-0.029328
-0.0275694
-0.0286082
-0.0276323
-0.0285988
-0.0275304
-0.0276857
-0.029909
-0.0278507
-0.0296815
-0.0245843
-0.0256225
-0.0284385
-0.0266613
-0.0267634
-0.0295702
-0.0297492
-0.0269285
-0.0258857
-0.0295168
-0.0295261
-0.0265936
-0.027909
-0.029366
-0.0267634
-0.031687
-0.0315587
-0.0286665
-0.0280642
-0.0312606
-0.0236713
-0.0315271
-0.0259578
-0.0288704
-0.0275649
-0.027744
-0.0266427
-0.030672
-0.0283804
-0.0267498
-0.0284385
-0.029468
-0.0274672
-0.0265595
-0.0282931
-0.0293032
-0.0283364
-0.0254132
-0.0263356
-0.0275694
-0.0257786
-0.0265447
-0.0305122
-0.0296862
-0.0266342
-0.0305463
-0.0304975
-0.0266962
-0.0306771
-0.0327211
-0.0307355
-0.0298509
-0.0267099
-0.0278507
-0.0285015
-0.0296815
-0.0295795
-0.027409
-0.0263843
-0.024924
-0.0286665
-0.0235201
-0.0323485
-0.0284829
-0.0305174
-0.0295411
-0.0334416
-0.0293477
-0.0293477
-0.0274137
-0.0256371
-0.0256371
-0.0295748
-0.0286477
-0.0286034
-0.0255786
-0.0284874
-0.0275255
-0.0276719
-0.0285549
-0.0285549
-0.0323535
-0.0314786
-0.0307109
-0.0286082
-0.0282782
-0.029371
-0.0271566
-0.0263308
-0.0285598
-0.0264913
-0.0305072
-0.0275741
-0.0296862
-0.0295702
-0.0275789
-0.0276764
-0.0284339
-0.0303957
-0.0313188
-0.0292801
-0.0276275
-0.0265356
-0.0281179
-0.0271999
-0.0303473
-0.0266471
-0.0266565
-0.0305556
-0.0284874
-0.0295843
-0.0301824
-0.0293176
-0.0271999
-0.0283464
-0.025667
-0.028817
-0.0277344
-0.0263941
-0.0286034
-0.0276719
-0.0283364
-0.0290992
-0.0275304
-0.0284481
-0.0295124
-0.0261752
-0.029366
-0.0283364
-0.0265848
-0.0293812
-0.0270298
-0.0303423
-0.0264045
-0.0253455
-0.0293176
-0.0273702
-0.0274137
-0.0285408
-0.0303909
-0.0274625
-0.0265982
-0.0264378
-0.0307155
-0.0272843
-0.0265936
-0.0303773
-0.0273555
-0.027472
-0.0263458
-0.0302308
-0.0285015
-0.0302794
-0.0294146
-0.0265545
-0.0283898
-0.0284481
-0.027409
-0.0273509
-0.02855
-0.0290992
-0.0257342
-0.0285988
-0.0297976
-0.0297976
-0.0293866
-0.0283364
-0.0262053
-0.025739
-0.0265806
-0.0268612
-0.0286568
-0.0292161
-0.0265356
-0.027681
-0.0254767
-0.0283316
-0.0335378
-0.0284919
-0.0275027
-0.0272439
-0.0305023
-0.0285454
-0.0305463
-0.0284874
-0.0285015
-0.0283225
-0.0276956
-0.027472
-0.0302357
-0.0294728
-0.0274137
-0.0276906
-0.0266471
-0.0306089
-0.0314991
-0.0276857
-0.0306042
-0.0293032
-0.0315851
-0.026875
-0.0285549
-0.0275206
-0.0303423
-0.0266517
-0.0287056
-0.029371
-0.0283851
-0.0275355
-0.0283464
-0.0284919
-0.0267782
-0.0273509
-0.0313188
-0.0281762
-0.0312558
-0.0293078
-0.0252429
-0.0275206
-0.0303375
-0.0307109
-0.034031
-0.030672
-0.0267682
-0.0246336
-0.0284874
-0.0292643
-0.027507
-0.0276229
-0.0242718
-0.0294398
-0.0279575
-0.0285988
-0.0282931
-0.0312655
-0.0273117
-0.0265356
-0.0266663
-0.0277298
-0.0272486
-0.0295893
-0.0292694
-0.0265891
-0.0285943
-0.027409
-0.0305509
-0.0268077
-0.029531
-0.0276676
-0.0282782
-0.0295748
-0.0276676
-0.0314835
-0.0265356
-0.0272486
-0.0305418
-0.0284874
-0.0275407
-0.0295214
-0.0264776
-0.0274186
-0.0277879
-0.0243789
-0.0265545
-0.0312606
-0.0314738
-0.0246423
-0.0274186
-0.0263458
-0.0275789
-0.0284385
-0.0292593
-0.0256135
-0.029366
-0.0275694
-0.0254036
-0.0284829
-0.029366
-0.027302
-0.0261803
-0.0284385
-0.0283947
-0.0255063
-0.0294146
-0.0287732
-0.0296426
-0.0273068
-0.0282931
-0.0262725
-0.0292643
-0.0284966
-0.0294345
-0.0273555
-0.0293477
-0.0284339
-0.0272439
-0.0252429
-0.0293078
-0.0282735
-0.0291042
-0.0291576
-0.026326
-0.0274874
-0.0314353
-0.0283716
-0.0274044
-0.0275605
-0.0274672
-0.0288704
-0.0286716
-0.0263356
-0.0294776
-0.0284385
-0.026603
-0.0283851
-0.0267498
-0.0274579
-0.0304442
-0.0256715
-0.0294194
-0.0297009
-0.027507
-0.0277298
-0.0296815
-0.0278507
-0.0276275
-0.0308221
-0.0286034
-0.029691
-0.0275304
-0.0245397
-0.0286616
-0.02941
-0.0273509
-0.0254232
-0.025667
-0.0282346
-0.0263749
-0.0273754
-0.0272439
-0.0255555
-0.0274137
-0.0294728
-0.0254132
-0.0264198
-0.0256807
-0.0255786
-0.0306622
-0.0316432
-0.0256225
-0.0278368
-0.0293612
-0.0295124
-0.029468
-0.0283804
-0.0302991
-0.0330111
-0.0291476
-0.0284966
-0.0282782
-0.0271858
-0.0283998
-0.0284919
-0.0254083
-0.0303862
-0.0267099
-0.0300109
-0.0275694
-0.0267455
-0.0282983
-0.0257342
-0.029468
-0.0293176
-0.0333833
-0.0275649
-0.0275649
-0.0267587
-0.0263356
-0.029531
-0.0301874
-0.0301874
-0.0273603
-0.0276906
-0.028283
-0.0311933
-0.0261654
-0.0273068
-0.0256135
-0.0293388
-0.0294931
-0.0277211
-0.0273509
-0.0283851
-0.0306137
-0.0256628
-0.026501
-0.0304929
-0.0276184
-0.0296236
-0.0266181
-0.0293612
-0.0285015
-0.030999
-0.0264378
-0.0294463
-0.0273702
-0.029366
-0.0305072
-0.0277169
-0.0297795
-0.0313046
-0.0283364
-0.0276906
-0.0283364
-0.029531
-0.0294728
-0.0294728
-0.0306622
-0.0262287
-0.0284339
-0.0264476
-0.0274579
-0.0243887
-0.0283804
-0.0272974
-0.0292407
-0.022584
-0.0265891
-0.0305418
-0.0254667
-0.0274186
-0.0273702
-0.0244423
-0.0303909
-0.0295124
-0.0274579
-0.0285598
-0.0302704
-0.0334751
-0.0284531
-0.0277925
-0.028715
-0.0284432
-0.0294243
-0.0283947
-0.0253061
-0.0295168
-0.0275206
-0.0281666
-0.0275941
-0.028162
-0.0275255
-0.0275789
-0.0302407
-0.0311445
-0.0286434
-0.0295843
-0.0242624
-0.028283
-0.02855
-0.0261607
-0.0263214
-0.0292497
-0.0254667
-0.029366
-0.0264426
-0.0274236
-0.0253548
-0.0306089
-0.02941
-0.0303473
-0.0277298
-0.0271618
-0.0286616
-0.0293176
-0.0272929
-0.0282782
-0.0272974
-0.027472
-0.0254667
-0.027516
-0.025676
-0.0266471
-0.0263749
-0.0304641
-0.0292643
-0.0282782
-0.0264426
-0.03159
-0.0283851
-0.0286034
-0.0274044
-0.0312655
-0.027409
-0.0286522
-0.026603
-0.0263308
-0.0302749
-0.0286034
-0.0282247
-0.0286477
-0.0264331
-0.0304109
-0.0286034
-0.0247148
-0.0255888
-0.0293566
-0.0301727
-0.0295464
-0.0305868
-0.0304006
-0.0276676
-0.0260841
-0.0276857
-0.0273603
-0.0255836
-0.0282247
-0.028288
-0.0279969
-0.0283898
-0.0292497
-0.0283413
-0.027516
-0.0282782
-0.0272974
-0.0251847
-0.0263662
-0.0273168
-0.0235105
-0.0290028
-0.0280693
-0.0303283
-0.029531
-0.0274137
-0.0284966
-0.0291429
-0.029352
-0.0244325
-0.0275789
-0.0284432
-0.0285549
-0.0284919
-0.0285899
-0.0272439
-0.0265936
-0.0283898
-0.0267682
-0.0303909
-0.0313821
-0.0294776
-0.0263749
-0.0275694
-0.0294194
-0.0265982
-0.0275838
-0.029376
-0.0302842
-0.0302842
-0.028283
-0.0292544
-0.0311589
-0.0283898
-0.0276323
-0.0302357
-0.0277705
-0.0263891
-0.0295843
-0.0294146
-0.0285549
-0.0295464
-0.027681
-0.0305072
-0.0276764
-0.0267052
-0.0297395
-0.0308367
-0.0279393
-0.0297883
-0.0294504
-0.0274672
-0.0245306
-0.0273603
-0.0268703
-0.0276184
-0.0256179
-0.0268612
-0.0267148
-0.0294827
-0.0284432
-0.0294728
-0.0287012
-0.0263749
-0.025744
-0.0274186
-0.0296328
-0.0287012
-0.0273807
-0.0293566
-0.0286034
-0.0305463
-0.0276141
-0.0282735
-0.0294293
-0.0283464
-0.0294728
-0.0274137
-0.0295702
-0.0275789
-0.0307203
-0.0275838
-0.0314302
-0.0265936
-0.0266565
-0.0293612
-0.0293078
-0.0275838
-0.0304884
-0.0275605
-0.0267498
-0.0283851
-0.0295214
-0.0266962
-0.0285065
-0.0288081
-0.028283
-0.0277344
-0.0266663
-0.0276141
-0.0316384
-0.0285364
-0.0255251
-0.0301727
-0.029371
-0.0315713
-0.0287591
-0.0284103
-0.0285549
-0.0272486
-0.0324987
-0.0298509
-0.0296282
-0.0284829
-0.0296959
-0.026482
-0.0278557
-0.0296282
-0.0255202
-0.0267099
-0.0266663
-0.0256628
-0.0286616
-0.0286616
-0.0285988
-0.0269682
-0.0294728
-0.029531
-0.0295702
-0.0267498
-0.0267006
-0.0277344
-0.0257877
-0.0285988
-0.0297349
-0.0247004
-0.0275206
-0.0297349
-0.0315271
-0.0334315
-0.0286477
-0.0298462
-0.0287199
-0.0296815
-0.0276141
-0.0283364
-0.0299529
-0.0297304
-0.0297304
-0.0287503
-0.025667
-0.0304695
-0.0287732
-0.0296815
-0.0303862
-0.0246516
-0.025676
-0.0269819
-0.0277789
-0.0285943
-0.0286616
-0.027477
-0.0294827
-0.0284339
-0.0315367
-0.0265356
-0.0293227
-0.0297443
-0.0268316
-0.028528
-0.0286235
-0.0297929
-0.0265401
-0.0266565
-0.029371
-0.0275563
-0.0283316
-0.0264285
-0.0296236
-0.0238277
-0.0308801
-0.0295214
-0.0305605
-0.0275649
-0.0287012
-0.027516
-0.0282782
-0.0276184
-0.0266517
-0.0276719
-0.0257206
-0.0285943
-0.030667
-0.0275694
-0.0293612
-0.0286034
-0.0305122
-0.02855
-0.0283364
-0.0266613
-0.0274044
-0.0266427
-0.0277593
-0.027681
-0.0276229
-0.0287684
-0.0285815
-0.0284919
-0.0293566
-0.0267682
-0.0275789
-0.0277298
-0.0304442
-0.0258947
-0.0257342
-0.0284874
-0.0278507
-0.0284385
-0.0295168
-0.0334266
-0.0307155
-0.0294055
-0.0278281
-0.0273603
-0.0266129
-0.0275114
-0.0276229
-0.0295748
-0.0297976
-0.0266962
-0.0285988
-0.0298025
-0.0264241
-0.0294589
-0.0258901
-0.0307252
-0.0283413
-0.029376
-0.0287546
-0.0266129
-0.0275889
-0.0303773
-0.0313821
-0.030289
-0.0306575
-0.0295748
-0.0294194
-0.025569
-0.0255302
-0.0285899
-0.0317449
-0.0297929
-0.030885
-0.0286132
-0.0286616
-0.0324599
-0.0303423
-0.0296192
-0.0287199
-0.0305605
-0.0266919
-0.0306042
-0.0296862
-0.031372
-0.0295748
-0.0320342
-0.0295214
-0.0243743
-0.0277391
-0.0286522
-0.0285454
-0.0314835
-0.0295214
-0.0295168
-0.0237832
-0.0284432
-0.0295702
-0.0277298
-0.0296376
-0.027744
-0.0277833
-0.0267587
-0.0297976
-0.025605
-0.0277298
-0.0295168
-0.0239439
-0.0275838
-0.0282247
-0.0259482
-0.0263941
-0.0284481
-0.0288125
-0.0303375
-0.0269772
-0.0274
-0.0286082
-0.0277391
-0.0285549
-0.0295748
-0.0295518
-0.0275694
-0.0293227
-0.0302308
-0.0265891
-0.0314691
-0.0285856
-0.0285856
-0.0264527
-0.0316432
-0.0257742
-0.028327
-0.025725
-0.0285408
-0.0273754
-0.0287102
-0.03159
-0.0297349
-0.0286616
-0.0303862
-0.0265356
-0.0294146
-0.0294728
-0.0267197
-0.0283759
-0.0272486
-0.0263407
-0.0301146
-0.0296328
-0.0326245
-0.0282155
-0.0283947
-0.0274137
-0.0304307
-0.0293127
-0.030289
-0.027302
-0.0295893
-0.0282735
-0.02941
-0.0285988
-0.0282346
-0.0276229
-0.0267099
-0.0246423
-0.0287684
-0.0266565
-0.0286434
-0.0326631
-0.0297395
-0.0277391
-0.0325082
-0.0275694
-0.0275694
-0.0284874
-0.0267731
-0.0275789
-0.0244861
-0.0314205
-0.0305463
-0.0263993
-0.0303773
-0.0326498
-0.0283316
-0.0275206
-0.0274288
-0.0256225
-0.0287546
-0.029201
-0.027681
-0.0258278
-0.0305509
-0.0314691
-0.0295795
-0.0286391
-0.0288265
-0.028327
-0.0276141
-0.0275741
-0.028817
-0.0303524
-0.0295795
-0.0275605
-0.0273702
-0.02855
-0.031678
-0.0296328
-0.0293078
-0.0257877
-0.030653
-0.0296376
-0.0303473
-0.0275206
-0.0247004
-0.0295748
-0.0284385
-0.0289818
-0.0286665
-0.0292059
-0.0294634
-0.0278023
-0.0296426
-0.0276229
-0.0278947
-0.0275206
-0.0295214
-0.0295214
-0.0276857
-0.0284829
-0.0293127
-0.0286568
-0.0265401
-0.0259392
-0.0288125
-0.0271904
-0.0323922
-0.025846
-0.0273555
-0.0323003
-0.0286716
-0.0277879
-0.0312606
-0.0286568
-0.0324501
-0.0286968
-0.0276857
-0.0293612
-0.0285454
-0.0275255
-0.0313672
-0.0263795
-0.0325566
-0.0268612
-0.029468
-0.0296192
-0.0292643
-0.0286716
-0.0269103
-0.0264913
-0.0305605
-0.0285549
-0.0273914
-0.0279437
-0.0278947
-0.0295411
-0.0267587
-0.0315271
-0.0269103
-0.0275304
-0.0294776
-0.0284786
-0.0296328
-0.0315758
-0.0277344
-0.0286391
-0.0264426
-0.0287056
-0.0287199
-0.0314886
-0.0296376
-0.0306575
-0.0283898
-0.0305122
-0.0284874
-0.0292407
-0.0293612
-0.0266079
-0.0303957
-0.0275741
-0.030129
-0.0275741
-0.0275694
-0.0278413
-0.0307064
-0.0313139
-0.0263795
-0.0256715
-0.0258321
-0.0267148
-0.0295893
-0.0255737
-0.0256272
-0.0274236
-0.0313579
-0.0298417
-0.027507
-0.0306137
-0.0273555
-0.0296426
-0.02855
-0.0245933
-0.02855
-0.029536
-0.0294243
-0.0283851
-0.0283316
-0.0283804
-0.0278368
-0.0263843
-0.0283947
-0.0243789
-0.029531
-0.0284531
-0.0313625
-0.0266517
-0.031372
-0.0294634
-0.0295411
-0.0276857
-0.0295843
-0.0268657
-0.0295168
-0.0284919
-0.0274986
-0.0255154
-0.0307554
-0.0305072
-0.0245008
-0.0267782
-0.0273168
-0.0296727
-0.030653
-0.030168
-0.0314691
-0.0276634
-0.0278994
-0.029531
-0.0277974
-0.031595
-0.0296192
-0.0264378
-0.0305605
-0.0273555
-0.0296959
-0.0253991
-0.0296376
-0.0306575
-0.029531
-0.0274672
-0.0308269
-0.029376
-0.029376
-0.0313874
-0.0295748
-0.0284432
-0.0273068
-0.0260536
-0.027409
-0.0287199
-0.0242868
-0.0274874
-0.0304396
-0.0273117
-0.0275789
-0.0294243
-0.0273702
-0.0274186
-0.025744
-0.0277541
-0.0284432
-0.0265447
-0.0255599
-0.0323535
-0.0294293
-0.0315418
-0.0285454
-0.0238322
-0.0275649
-0.0283364
-0.0244909
-0.0294194
-0.0305072
-0.0256807
-0.0295261
-0.031372
-0.0292452
-0.0272049
-0.028021
-0.02822
-0.0275694
-0.030449
-0.0253991
-0.0272974
-0.0290942
-0.0255251
-0.0293127
-0.0270833
-0.0271904
-0.0302842
-0.0234477
-0.0266181
-0.0267052
-0.0303816
-0.0304975
-0.0284432
-0.0263705
-0.0292268
-0.0303957
-0.0293078
-0.0255202
-0.0264866
-0.0296282
-0.026501
-0.0287199
-0.0282931
-0.0283851
-0.0247099
-0.0263308
-0.0255019
-0.028283
-0.029201
-0.0272634
-0.0311492
-0.0274044
-0.0289975
-0.0275304
-0.0294243
-0.0285899
-0.025569
-0.0275206
-0.0274928
-0.0283898
-0.0280796
-0.0283364
-0.0312864
-0.0291148
-0.0290848
-0.0272049
-0.0273702
-0.0305174
-0.0301979
-0.0284531
-0.0284966
-0.0273464
-0.0303328
-0.027409
-0.0266181
-0.0283413
-0.0264913
-0.0265982
-0.0292497
-0.0273555
-0.0271464
-0.0245351
-0.0284432
-0.0286716
-0.0264426
-0.0275741
-0.0284432
-0.0302842
-0.0358789
-0.038056
-0.0398314
-0.0428225
-0.0427804
-0.0434838
-0.0473923
-0.0447258
-0.0486187
-0.0467196
-0.0395937
-0.0417919
-0.0407994
-0.039013
-0.0400533
-0.0389552
-0.0368461
-0.0371024
-0.0370735
-0.0368992
-0.0423203
-0.0361831
-0.039066
-0.0349889
-0.0351577
-0.0383635
-0.039066
-0.0343452
-0.0353659
-0.0361443
-0.0379779
-0.0369572
-0.0342006
-0.0350514
-0.0371116
-0.0351093
-0.0321744
-0.0359659
-0.038864
-0.0332138
-0.0321839
-0.0370787
-0.0379448
-0.0351625
-0.0323922
-0.0362505
-0.0352205
-0.0360815
-0.0370311
-0.0351093
-0.0303816
-0.0371165
-0.0351045
-0.0350467
-0.0328995
-0.0351486
-0.0351045
-0.0331706
-0.0360723
-0.0341277
-0.0349982
-0.0369623
-0.0369623
-0.034292
-0.0350378
-0.0351443
-0.0332138
-0.0358689
-0.0360433
-0.0342437
-0.0368992
-0.0341857
-0.0351674
-0.0351674
-0.0369042
-0.0353616
-0.032179
-0.0352688
-0.0352641
-0.0322371
-0.0362505
-0.0331557
-0.0349982
-0.0340944
-0.0339246
-0.032112
-0.0349652
-0.0372805
-0.0311979
-0.0332089
-0.035008
-0.0397255
-0.040867
-0.0378235
-0.0389069
-0.0359705
-0.0372663
-0.0362606
-0.0373437
-0.0381813
-0.0370585
-0.039172
-0.0340212
-0.0352688
-0.0361974
-0.0332043
-0.0369092
-0.0301241
-0.0349498
-0.0353127
-0.0340792
-0.0320241
-0.0339196
-0.0340792
-0.0358841
-0.0360912
-0.0334706
-0.0331464
-0.0343069
-0.0300125
-0.0339196
-0.0339196
-0.0351193
-0.0381371
-0.0333251
-0.0352641
-0.0333552
-0.0324281
-0.0354191
-0.0322277
-0.0370585
-0.0340842
-0.033142
-0.0353173
-0.0340892
-0.0354814
-0.032179
-0.0363472
-0.0319077
-0.0362505
-0.0362505
-0.0323922
-0.0352641
-0.0322904
-0.033626
-0.0361494
-0.0341857
-0.0374832
-0.0343893
-0.0335478
-0.0322277
-0.0361925
-0.0345002
-0.0323876
-0.0371744
-0.0341809
-0.0342342
-0.0353848
-0.0352306
-0.0344563
-0.0363518
-0.036458
-0.0359801
-0.0334266
-0.0361878
-0.0401492
-0.0351093
-0.034292
-0.0371214
-0.0341857
-0.0361546
-0.0334266
-0.0343938
-0.0342437
-0.0350611
-0.0345627
-0.0304884
-0.0303909
-0.0354236
-0.0325082
-0.038084
-0.0344612
-0.0372756
-0.0343549
-0.0364146
-0.0343406
-0.0352551
-0.0334129
-0.0353317
-0.0374975
-0.0342296
-0.0344516
-0.0335816
-0.0295261
-0.0324409
-0.0344081
-0.0331024
-0.0350562
-0.0370448
-0.0360236
-0.0324942
-0.0320241
-0.0370538
-0.0352019
-0.0329242
-0.0342874
-0.0342006
-0.0353659
-0.0361878
-0.0354282
-0.0332575
-0.0334315
-0.035932
-0.0340212
-0.0363472
-0.031154
-0.0304442
-0.0314069
-0.0351093
-0.0341764
-0.0313092
-0.0364146
-0.0323389
-0.0351045
-0.0323298
-0.0292986
-0.0390179
-0.0354191
-0.0347854
-0.038056
-0.0340121
-0.0351193
-0.0350999
-0.0302794
-0.034259
-0.0305375
-0.0332138
-0.0341905
-0.0351577
-0.0342701
-0.0351577
-0.0351625
-0.0341231
-0.0332575
-0.0360963
-0.0330977
-0.0343361
-0.0333641
-0.0321744
-0.0380406
-0.0360863
-0.0322232
-0.033253
-0.0352063
-0.0361443
-0.031372
-0.0353267
-0.0353219
-0.0311007
-0.0311007
-0.0340745
-0.0360332
-0.0354191
-0.0320192
-0.0303816
-0.0351486
-0.0338568
-0.032121
-0.0360191
-0.034594
-0.0333019
-0.0345491
-0.0349403
-0.032121
-0.032281
-0.0323922
-0.0323876
-0.0330353
-0.0360283
-0.0313188
-0.0358789
-0.0334577
-0.0302126
-0.0331557
-0.0378139
-0.0371116
-0.0371116
-0.032281
-0.0360283
-0.0330398
-0.035932
-0.0315804
-0.0344662
-0.0359851
-0.0339588
-0.0370787
-0.035008
-0.0340698
-0.0361394
-0.0348967
-0.0333202
-0.0330009
-0.0310425
-0.0322323
-0.0355299
-0.0321698
-0.0332089
-0.0340792
-0.0332238
-0.0339148
-0.03613
-0.0330398
-0.0330931
-0.0320192
-0.0340842
-0.0340892
-0.0332875
-0.0362505
-0.0311213
-0.0341231
-0.0372132
-0.0360332
-0.0331024
-0.0362183
-0.0358363
-0.0361346
-0.0341373
-0.0313625
-0.0350611
-0.0316162
-0.0351625
-0.0361974
-0.0354379
-0.0344032
-0.0322371
-0.0323969
-0.0320144
-0.0369476
-0.0369476
-0.0360815
-0.0400004
-0.0352641
-0.0322232
-0.0330977
-0.0326678
-0.0350514
-0.0332486
-0.0352688
-0.0323922
-0.0368992
-0.0332238
-0.0351142
-0.0350514
-0.0361701
-0.0349121
-0.0332138
-0.0332719
-0.0312705
-0.0350662
-0.0320241
-0.0343361
-0.0342437
-0.0320725
-0.0309358
-0.0315271
-0.0331557
-0.0342829
-0.0321839
-0.03435
-0.0341634
-0.0332043
-0.0363567
-0.0320098
-0.0339544
-0.0362987
-0.0351486
-0.0363914
-0.0370153
-0.035091
-0.0379826
-0.0338615
-0.0361787
-0.0330977
-0.0313139
-0.0302357
-0.034259
-0.0333202
-0.0362606
-0.0332187
-0.0348338
-0.0341277
-0.0358158
-0.0358158
-0.0332138
-0.0310958
-0.0356665
-0.0334266
-0.0351531
-0.0360912
-0.0341857
-0.0296684
-0.0340212
-0.0333108
-0.0350999
-0.0340842
-0.0322232
-0.0332719
-0.0342006
-0.0360191
-0.0359269
-0.0360768
-0.0340792
-0.0378815
-0.0340745
-0.0354282
-0.0330444
-0.0350562
-0.0350562
-0.0361394
-0.0363958
-0.0371214
-0.0332089
-0.0341764
-0.0340212
-0.0352688
-0.0344032
-0.0329959
-0.0331024
-0.0374879
-0.0362409
-0.0333301
-0.0352156
-0.035091
-0.0321698
-0.0332486
-0.0333596
-0.0363567
-0.0342537
-0.0361443
-0.0349935
-0.0362363
-0.0341857
-0.03114
-0.0341809
-0.0339196
-0.0331605
-0.0314158
-0.0362076
-0.0313001
-0.034031
-0.0303328
-0.0351093
-0.0341373
-0.0339728
-0.0332575
-0.0348435
-0.0331073
-0.0331073
-0.0349982
-0.0351625
-0.0340792
-0.0331605
-0.034447
-0.0343406
-0.0312025
-0.0331706
-0.0353219
-0.0332486
-0.0351577
-0.0344958
-0.0371795
-0.0361925
-0.0342296
-0.0351775
-0.039066
-0.0349068
-0.0351531
-0.0311313
-0.0358063
-0.0411417
-0.0393406
-0.0315318
-0.0255643
-0.0228525
-0.0225796
-0.0233496
-0.0253596
-0.0286568
-0.026482
-0.0264378
-0.0275741
-0.027302
-0.0241646
-0.0263356
-0.0262822
-0.0262822
-0.0263511
-0.0281179
-0.0281179
-0.0280596
-0.0244373
-0.0273555
-0.0274137
-0.0292643
-0.0292643
-0.0285943
-0.0281713
-0.0272049
-0.0303283
-0.028327
-0.0226334
-0.0260632
-0.0260632
-0.0262725
-0.0283316
-0.0275255
-0.0303328
-0.0283316
-0.0283316
-0.0272686
-0.0272686
-0.0272686
-0.0264866
-0.0275741
-0.0294194
-0.0253061
-0.0293612
-0.0283947
-0.0274579
-0.0263308
-0.0254977
-0.0283804
-0.026239
-0.0277254
-0.027409
-0.0272486
-0.0275889
-0.0263795
-0.0257206
-0.02855
-0.02855
-0.0264961
-0.0255737
-0.0226871
-0.0265401
-0.0265401
-0.0233644
-0.026326
-0.0275304
-0.0276098
-0.0287056
-0.0264913
-0.0265447
-0.0274137
-0.0273509
-0.0274186
-0.0292593
-0.0243206
-0.0276184
-0.0280693
-0.0263749
-0.0284829
-0.0264866
-0.0273652
-0.0243206
-0.0273509
-0.0294146
-0.0246915
-0.0253501
-0.0243789
-0.02855
-0.0284531
-0.0291382
-0.0252965
-0.0282155
-0.0262678
-0.0244815
-0.0263891
-0.0286132
-0.0285015
-0.030289
-0.0241015
-0.0262725
-0.0252294
-0.0304006
-0.0264476
-0.0252338
-0.0256179
-0.029366
-0.0275206
-0.0302407
-0.0295261
-0.0295214
-0.028283
-0.0273555
-0.0273555
-0.0294776
-0.0274186
-0.026326
-0.0264961
-0.0254572
-0.0244815
-0.0263891
-0.0304539
-0.0275255
-0.0295168
-0.0272929
-0.0272929
-0.0263458
-0.027681
-0.025569
-0.0284339
-0.0265312
-0.0285549
-0.0286522
-0.0227366
-0.0274492
-0.0274535
-0.0265356
-0.0264866
-0.0265545
-0.0266565
-0.0266565
-0.0266565
-0.0284919
-0.0274
-0.0274
-0.0283804
-0.0285015
-0.0256856
-0.0263891
-0.0294243
-0.0285015
-0.0247495
-0.0273464
-0.0276764
-0.0263214
-0.0285549
-0.0301775
-0.0286616
-0.0264913
-0.0244861
-0.0284432
-0.02941
-0.0266427
-0.0294146
-0.0294146
-0.0263795
-0.0285899
-0.0283898
-0.0244726
-0.02855
-0.0261607
-0.0285065
-0.0285065
-0.0262237
-0.0263662
-0.0265167
-0.0285364
-0.0236582
-0.0306089
-0.0264961
-0.0236132
-0.0276857
-0.0275694
-0.0244279
-0.0252526
-0.0273555
-0.0303423
-0.0255108
-0.0297304
-0.0235014
-0.025667
-0.0273956
