0.025939
0.020897
0.0189966
0.0217248
0.0174708
0.021443
0.0196747
0.0190067
0.0177852
0.0360542
0.0222722
0.021292
0.0169562
0.0149041
0.0225443
0.034993
0.0185727
0.0183324
0.00844205
0.0203469
0.00931049
0.0206574
0.0143455
0.0216059
0.0296798
0.0231471
0.0289694
0.0180172
0.0134081
0.0330266
0.0125781
0.0185727
0.0333395
0.0311737
0.0285352
0.0167934
0.022982
0.0268
0.0299571
0.0333395
0.019364
0.0368805
0.0368805
0.0253062
0.0253062
0.0334575
0.0334575
0.0426234
0.0426234
0.0262537
0.034007
0.0331797
0.0331797
0.0165212
0.0221592
0.0125374
0.0177852
0.0114754
0.0168373
0.0136382
0.0114754
0.0227883
0.0202198
0.0173929
0.00844205
0.00776001
0.0228273
0.0247168
0.0261361
0.0196367
0.0152976
0.0196747
0.0170758
0.0236553
0.0205031
0.0171099
0.00721712
0.0336141
0.00970429
0.0124251
0.0255445
0.00859078
0.0193897
0.0169162
0.0102517
0.0233414
0.0123049
0.0079248
0.0158155
0.0188461
0.0269231
0.0165212
0.027313
0.0123049
0.0247586
0.0243229
0.0246275
0.0316851
0.0316851
0.0379824
0.0205031
0.0300714
0.025862
0.0305842
0.0324744
0.0335456
0.0335456
0.0417969
0.0192813
0.0349893
0.0331055
0.0351535
0.0195547
0.033769
0.0308998
0.0234946
0.0119117
0.0327863
0.0284194
0.0306249
0.0334961
0.0360911
0.0337746
0.0195129
0.0385308
0.032394
0.0320793
0.0288075
0.00626365
0.033574
0.0299078
0.0415216
0.0413632
0.0232084
0.0345592
0.0295151
0.0319583
0.02893
0.0320793
0.0346738
0.0297864
0.0275849
0.0322303
0.0415631
0.0308576
0.026409
0.0314013
0.021443
0.0288507
0.0211705
0.0281413
0.0360542
0.0231012
0.0367633
0.0362095
0.0358953
0.0349184
0.022666
0.0401868
0.0210497
0.0210497
0.0195547
0.0160069
0.0170397
0.0327863
0.0395946
0.0222722
0.0107948
0.0245962
0.0183324
0.0152976
0.0216059
0.0185727
0.0300714
0.0092995
0.00848121
0.0156922
0.0265274
0.0351535
0.0079248
0.022591
0.0146308
0.0117479
0.0189679
0.0309418
0.0234946
0.0141779
0.0141779
0.0150247
0.023812
0.0134081
0.0211705
0.0137625
0.0275121
0.0172296
0.0280263
0.0184125
0.0231012
0.0274744
0.0181784
0.0290887
0.0290887
0.0187249
0.0133667
0.0141958
0.0181658
0.0300714
0.0278676
0.0270822
0.0212137
0.0252698
0.0180172
0.0155294
0.0109175
0.0192409
0.0138014
0.0125374
0.0199084
0.031292
0.0250329
0.0264151
0.0244429
0.00260263
0.0300714
0.00942133
0.0129719
0.0340503
0.0401868
0.0173499
0.0193897
0.0405779
0.020897
0.0199478
0.0397966
0.0187249
0.0311357
0.0195547
0.037274
0.0271993
0.0359358
0.034127
0.0218794
0.012699
0.0170758
0.0165212
0.0277485
0.0143455
0.0227088
0.0190067
0.0325124
0.0121421
0.0163589
0.0177446
0.0245962
0.0177852
0.0198271
0.0281413
0.0137625
0.0163997
0.023812
0.0196747
0.0201789
0.0183324
0.0222722
0.00721712
0.0318445
0.0114368
0.00966687
0.0121421
0.0250329
-0.00182226
0.0090278
0.0138014
0.0192813
0.0199478
0.0188154
0.0150247
0.0189679
0.0117479
0.0168817
0.0186044
0.0117479
0.0152976
0.0137625
0.0310175
0.0141958
0.0125374
0.00831912
0.0173499
0.0146308
0.0260604
0.0117479
0.020897
0.026372
0.0248381
0.0274744
0.0299154
0.0169562
0.0128502
0.0217248
0.025698
0.0208841
0.0254251
0.0169562
0.0221193
0.00114035
0.0295221
0.0280215
0.0191626
0.0230608
0.0276299
0.0195547
0.0281856
0.028414
0.0247168
0.0357738
0.0385324
0.0401868
0.0336015
0.0205031
0.0355442
0.0307419
0.0262123
0.0378627
0.0338877
0.0226936
0.0336141
0.0236157
0.0135145
0.0355442
0.0274347
0.0255869
0.0152976
0.027313
0.0240385
0.0250329
0.0352691
0.0334521
0.0299532
0.0295151
0.0295151
0.0382571
0.0269197
0.0289694
0.0308998
0.0309791
0.0222722
0.0288995
0.0249897
0.0357738
0.0130942
0.0255445
0.0362095
0.0331055
0.032394
0.0297572
0.0281856
0.0277485
0.0319615
0.0340503
0.0176229
0.0355442
0.0245962
0.0169562
0.0231012
0.0242036
0.0326712
0.0374753
0.0288507
0.0170646
0.0315681
0.0254251
0.0385308
0.0329473
0.021443
0.028577
0.0301902
0.0270822
0.0434498
0.0301526
0.0313373
0.0303097
0.0417969
0.0252615
0.0421896
0.0341664
0.028577
0.0330591
0.0301902
0.0247586
0.0306249
0.0416797
0.0367221
0.0375832
0.031728
0.0478119
0.0367633
0.039242
0.046984
0.0315655
0.030464
0.0341664
0.0293628
0.0177446
0.0374296
0.0369205
0.0316122
0.021443
0.0368039
0.0242036
0.0296359
0.0248684
0.0352277
0.0426234
0.0355442
0.0214875
0.0225443
0.0233741
0.0316851
0.0249897
0.026372
0.0321197
0.0201101
0.0255869
0.0322375
0.0340503
0.0218794
0.0375906
0.0403484
0.0222722
0.0379824
0.0299532
0.0265274
0.0375906
0.0184522
0.0234946
0.0351535
0.0155695
0.0260907
0.0244321
0.0255869
0.0282934
0.0274744
0.0296359
0.0294053
0.0336141
0.043173
0.024994
0.0152976
0.014863
0.0315242
0.0200691
0.0306249
0.0344418
0.0305086
0.0299532
0.0264845
0.0329061
0.0326671
0.0322303
0.0310175
0.0196747
0.0360542
0.0363721
0.0195547
0.0435652
0.0307419
0.0355442
0.0322375
0.0291297
0.0297973
0.0355442
0.0288135
0.0305842
0.0308576
0.028577
0.021292
0.0230608
0.0209295
0.028414
0.0184125
0.0306962
0.0403031
0.0300714
0.0152976
0.0308576
0.0360963
0.0375906
0.0188461
0.0296798
0.0326712
0.0327863
0.0318861
0.0286856
0.02393
0.0265274
0.02393
0.0181784
0.0172765
0.0337328
0.026766
0.0295151
0.0316122
0.0240486
0.0242036
0.0359358
0.0228273
0.0228273
0.0242036
0.0165212
0.0157339
0.0218794
0.00381242
0.0115968
0.0110408
0.0260965
0.0109175
0.0184522
0.0169562
0.0165635
0.0156922
0.022987
0.0271993
0.0274744
0.0234968
0.00520391
0.0269197
0.0269197
0.0199478
0.0146308
0.0230608
0.0297973
0.0141958
0.0141958
0.0253062
0.0316851
0.0322375
0.0212137
0.0296798
0.0392013
0.0351535
0.0195129
0.0228273
0.0329473
0.0266464
0.02704
0.0377497
0.0329473
0.021999
0.0237671
0.025862
0.0341664
0.035381
0.0410144
0.028577
0.0268
0.0102517
0.033574
0.0290887
0.0290887
0.0336141
0.0271297
0.0273566
0.0255445
0.0206574
0.0345524
0.0260965
0.0375906
0.0132889
0.0385308
0.028695
0.0437254
0.0342087
0.0414052
0.0307828
0.0202198
0.0258182
0.0321197
0.0135145
0.0268
0.031292
0.0240114
0.0147507
0.0296395
0.0291297
0.03389
0.03389
0.0319615
0.0204645
0.0270822
0.0315655
0.030464
0.0417285
0.037311
0.0251511
0.0216059
0.020897
0.00887545
0.00831912
0.00831912
0.0186937
0.0138014
0.0146308
0.00848121
0.00808796
0.0203856
0.0195204
0.0157339
0.0152976
0.024994
0.00243903
0.0134081
0.0293292
0.0217143
0.0290143
0.0294053
0.0091309
0.0247586
0.00670056
0.00670056
0.0125781
0.0128502
0.0100991
0.0151763
0.0228273
0.0281413
0.020897
0.0207769
0.0182982
0.00808796
0.0195129
0.0238889
0.02393
0.0364482
0.0288135
0.0216879
0.0334575
0.0184522
0.0184522
0.0204645
0.0193897
0.0135278
0.0189679
0.027317
0.0207769
0.0206135
0.0206135
0.0130942
0.0158533
0.0112019
0.0190067
0.0155695
0.00863526
0.028577
0.022982
0.0270822
0.0321197
0.034716
0.0319583
0.0289694
0.0333008
0.0300714
0.0236157
0.0292428
0.0210497
0.02704
0.0255869
0.0243229
0.0227088
0.0379824
0.0307368
0.034993
0.0210082
0.0202198
0.0399116
0.0358182
0.0244761
0.0273566
0.0114754
0.0114754
0.0182982
0.0134081
0.0283022
0.0318445
0.0174708
0.0142378
0.0192409
0.0079248
0.025862
0.0192813
0.0359818
0.0233741
0.0196747
0.0243229
0.0140336
0.0368805
0.0180172
0.0217248
0.0122467
0.0122467
0.0336598
0.0171099
0.0235381
0.0322796
0.0411296
0.0247586
0.0207769
0.0184974
0.0241678
0.0193495
0.0274744
0.0195547
0.0245634
0.0336141
0.0228273
0.0409701
0.0375487
0.0188888
0.0162788
0.0162788
0.021292
0.0269197
0.031728
0.0321197
0.0228273
0.0196747
0.0340503
0.0247586
0.0268863
0.0216879
0.0133914
0.0321197
0.0312522
0.0273566
0.0268067
0.0227883
0.031411
0.0107948
0.0154599
0.0154599
0.0229464
0.012699
0.0171099
0.0256646
0.0222722
0.0222722
0.0191253
0.00449465
0.0100868
0.0124578
0.0141958
0.0107948
0.0197181
0.0155786
0.00914892
0.0162887
0.0155695
0.0108916
0.0134081
0.0255445
0.0236157
0.0284194
0.0414
0.0254251
0.0367633
0.0180593
0.0180593
0.0187249
0.0279874
0.0225148
0.0263344
0.00659046
0.0156922
0.0165212
0.0351081
0.0203418
0.0231012
0.0265274
0.0265274
0.0258182
0.0258182
0.021999
0.0266464
0.0116264
0.014863
0.014863
0.0203418
0.0162478
0.0181784
0.0238599
0.0179036
0.0170758
0.0228273
0.0195129
0.0250329
0.0255445
0.0260604
0.025979
0.0345592
0.0229377
0.0274744
0.0199478
0.0251511
0.00831912
0.0332222
0.0216059
0.0326712
0.0343249
0.022591
0.0389683
0.021443
0.0315681
0.0423087
0.0307842
0.0343249
0.0457695
0.0475378
0.0306249
0.0202198
0.0225443
0.0190511
0.0283022
0.030072
0.0194005
0.0336141
0.0277485
0.0331811
0.0297864
0.0337328
0.0243229
0.0234946
0.0103729
0.0198348
0.0202661
0.0243229
0.0224346
0.0185727
0.0252698
0.0252698
0.0121852
0.0151763
0.00449465
0.00927067
0.0201101
0.0201101
0.0293628
0.0194005
0.0218443
0.0151847
0.0260244
0.0187312
0.0234946
0.0234946
0.0278676
0.0166433
0.0244832
0.0310175
0.0164063
0.0164063
0.00844205
0.028695
0.017196
0.0141958
0.0268067
0.0341664
0.0341664
0.0245962
0.0341664
0.0199478
0.00788484
0.00765172
0.0268067
0.0194005
0.0213313
0.0230608
0.0165212
0.0292019
0.0205031
0.0205031
0.0242877
0.00753146
0.000234481
0.0141199
0.0228273
-0.00276316
0.0117552
0.0132531
0.0080464
0.0165635
0.0165635
0.012699
0.00997851
0.00993963
0.00177222
0.00615412
0.00997851
0.00749775
0.006822
0.00848121
0.0092995
0.0115968
0.0217248
0.0102113
0.0102113
0.0102113
0.01187
-0.00276316
0.02393
0.0117552
0.01751
0.0100991
0.0100991
-0.000283806
-0.00221803
0.0164063
0.0164063
0.0172296
0.00958506
0.0054457
0.00493055
0.0138874
0.0125781
0.0125781
0.000234481
0.021999
-0.0039888
0.00243903
0.0188888
-0.000405599
0.0218794
0.0288075
0.0351081
0.0206379
0.024952
0.0188123
0.0188123
0.0239909
0.0239909
0.0287563
0.00995944
0.0388052
0.0617118
0.0709977
0.100523
0.158002
0.24987
0.193576
0.18482
0.0663074
0.0660287
0.035833
0.0218024
0.0415928
0.0431622
0.0595753
0.0388071
0.0370998
0.0370998
0.0346209
0.0389747
0.045315
0.0363644
0.0321721
0.0372698
0.0308112
0.022531
0.0469604
0.015549
0.0317771
0.0317771
0.0343273
0.0387487
0.0326289
0.0347757
0.0330171
0.0254749
0.0324622
0.0239492
0.0341014
0.0169693
0.02588
0.0204277
0.0153787
0.0312166
0.0372768
0.0344962
0.0368198
0.0354747
0.0167371
0.00981338
0.0317771
0.0366512
0.0333149
0.0304154
0.0197445
0.0265655
0.043788
0.0390845
0.0348919
0.0342696
0.032688
0.0358045
0.0295091
0.0448652
0.0358045
0.0337761
0.0431671
0.0138391
0.0360228
0.0294524
0.0371107
0.0248016
0.0246327
0.0274191
0.0291258
0.0299105
0.0337077
0.0271835
0.013392
0.0282056
0.0320029
0.032688
0.032688
0.020149
0.0357987
0.0311501
0.0460119
0.0497214
0.0672068
0.0883501
0.112138
0.10419
0.112119
0.0988587
0.11067
0.11067
0.104791
0.0915768
0.107513
0.102428
0.115476
0.11192
0.0925857
0.105551
0.10896
0.0968014
0.103085
0.09612
0.114227
0.113981
0.0967601
0.0973628
0.0978626
0.0934396
0.110862
0.0978626
0.0919269
0.09907
0.0860585
0.097207
0.0951066
0.0951066
0.11106
0.100579
0.0932045
0.0974167
0.0820759
0.102877
0.096564
0.0932418
0.0917462
0.0890267
0.089224
0.0923887
0.081376
0.0873035
0.138403
0.246943
0.284164
0.357596
0.426487
0.451283
0.438424
0.431302
0.436316
0.433794
0.430982
0.441659
0.43845
0.442335
0.43885
0.444777
0.435399
0.438884
0.429865
0.428744
0.42717
0.434837
0.437756
0.431636
0.44056
0.440172
0.436692
0.445109
0.440817
0.440421
0.443624
0.434922
0.439867
0.445392
0.438659
0.436133
0.439781
0.438853
0.436241
0.442867
0.430429
0.428832
0.433887
0.445586
0.445586
0.430606
0.436515
0.437622
0.430798
0.38576
0.295521
0.238913
0.175741
0.115234
0.082023
0.0578584
0.0536922
0.0542531
0.0521864
0.0465095
0.0511553
0.0445742
0.0489627
0.0580363
0.0578219
0.0557153
0.0595344
0.058292
0.0628515
0.0500357
0.0677041
0.0582114
0.0503897
0.0459579
0.0532187
0.0525344
0.0494346
0.0645663
0.0693022
0.0571771
0.0578219
0.0516394
0.054856
0.0521452
0.0571771
0.0720838
0.0648808
0.0527114
0.044707
0.0476323
0.0537836
0.0504248
0.0491399
0.0468518
0.0533477
0.0569634
0.0603954
0.0550326
0.0474211
0.0560286
0.0580363
0.0482062
0.0497434
0.0497434
0.0438467
0.0567487
0.0523209
0.0497102
0.0463498
0.0824219
0.0472415
0.0517571
0.0586385
0.0655193
0.0558511
0.0554238
0.0520317
0.0578618
0.0578618
0.0584255
0.0588504
0.0651288
0.0579574
0.0531386
0.0529245
0.0529245
0.0606689
0.0577444
0.0616042
0.0586385
0.0536071
0.0679174
0.0619503
0.0647392
0.0647034
0.0633805
0.0611358
0.0613485
0.0647034
0.0592069
0.0592069
0.0604562
0.0611358
0.0607071
0.070123
0.0699443
0.0636325
0.0598109
0.0482458
0.0482458
0.068447
0.0581364
0.0697313
0.0693406
0.0532429
0.0478131
0.0471365
0.0591719
0.0581714
0.0513865
0.055996
0.050528
0.0536756
0.0474211
0.0562092
0.0509607
0.06217
0.0547781
0.0670222
0.0623842
0.0507814
0.0509218
0.0493176
0.0497102
0.0473198
0.0617055
0.0527114
0.06217
0.0353362
0.0501037
0.0467117
0.0467117
0.0551397
0.0397438
0.0492464
0.0648808
0.0599921
0.0599921
0.0581364
0.0469246
0.0515678
0.0454906
0.0619937
0.0578545
0.0465613
0.0545219
0.0545219
0.0566733
0.0501037
0.0676642
0.0522448
0.0437447
0.0640245
0.0534953
0.062347
0.0599921
0.0585293
0.0588157
0.0625231
0.0468174
0.0534532
0.0534532
0.0581364
0.0461372
0.0520317
0.0520317
0.0486722
0.0570315
0.062347
0.0406326
0.0435325
0.0542832
0.0542832
0.0479946
0.0456416
0.047782
0.0563905
0.0484247
0.0552099
0.0544059
0.0517798
0.0471742
0.0452093
0.0627053
0.0449978
0.049825
0.0469246
0.0600645
0.0469812
0.0582502
0.0483595
0.0530012
0.044027
0.0492464
0.0541743
0.0437715
0.0437715
0.0486391
0.0463037
0.0463037
0.0393095
0.0588157
0.0641389
0.0559579
0.0671296
0.0581364
0.0674132
0.059386
0.0661289
0.0712285
0.0650239
0.0694787
0.0522007
0.0624929
0.0644175
0.0507386
0.0579227
0.0497102
0.0607458
0.0555347
0.0512058
0.0625973
0.0675915
0.0612426
0.0629884
0.0570661
0.0570661
0.056459
0.0595658
0.0466734
0.0635615
0.0564952
0.0602037
0.0691262
0.0627337
0.0554238
0.0498899
0.0562401
0.0633805
0.0650947
0.0446312
0.0566034
0.0507105
0.049215
0.0533157
0.0544277
0.0620987
0.0475313
0.0537078
0.0518529
0.0369857
0.0560286
0.043097
0.0505676
0.0456724
0.0446728
0.0359166
0.0533477
0.0435612
0.05731
0.0484167
0.0404033
0.052889
0.0524249
0.0524249
0.0575667
0.0393485
0.0524569
0.0374772
0.0370559
0.0374203
0.0345191
0.0427021
0.0463498
0.037633
0.0517498
0.0467427
0.0582502
0.0582502
0.0606355
0.0473882
0.0416718
0.0454599
0.0397736
0.0397736
0.0536756
0.0342912
0.0431373
0.0484247
0.0437447
0.0490334
0.0448412
0.0330113
0.0610296
0.0422797
0.0501037
0.0482458
0.0592438
0.0441657
0.0321262
0.0445374
0.0383088
0.0486391
0.0494584
0.0504982
0.0491807
0.0551397
0.0581714
0.0577444
0.0554238
0.046067
0.0527797
0.0564214
0.0486391
0.0656024
0.0519908
0.0579574
0.0568866
0.0545659
0.0489261
0.0467427
0.0467427
0.0514248
0.0519625
0.0486002
0.0588534
0.0380292
0.0579227
0.0399566
0.0431676
0.0410267
0.0610613
0.0471365
0.0559306
0.0609589
0.0549261
0.0520317
0.0556025
0.0500373
0.0521742
0.0513165
0.0450983
0.0536756
0.0473882
0.032772
0.0519962
0.0465304
0.0441405
0.0441405
0.0467117
0.0446024
0.0578545
0.0382775
0.0416718
0.0578233
0.0578233
0.0423142
0.0492464
0.0518175
0.0475683
0.0452462
0.0480676
0.0555347
0.0448142
0.0460379
0.0722267
0.0587416
0.0590741
0.0590741
0.048024
0.0676642
0.0486722
0.0524249
0.063418
0.0612426
0.059386
0.048389
0.0603165
0.0579227
0.0743287
0.0520653
0.0520653
0.0486722
0.055286
0.0471365
0.0486002
0.0579227
0.059386
0.0673421
0.0445717
0.0417037
0.0467117
0.0530316
0.0384505
0.0417037
0.0429238
0.0495311
0.0402394
0.0412098
0.0551721
0.047716
0.0515678
0.0359846
0.0372378
0.0429559
0.0462782
0.0475313
0.0551703
0.0428867
0.0469591
0.0488525
0.0526377
0.0452788
0.0476012
0.0460379
0.0452788
0.047782
0.0454599
0.0414218
0.0507105
0.0524249
0.0524249
0.0507105
0.0538888
0.0479946
0.0523848
0.0454599
0.0463498
0.0530012
0.0526377
0.0544277
0.059599
0.0552459
0.0551703
0.0579227
0.0579227
0.0458839
0.0475313
0.0537381
0.0465304
0.0515678
0.0515678
0.0448142
0.0565725
0.0499232
0.0507105
0.0479512
0.041885
0.0627757
0.0523848
0.0530316
0.0566733
0.0427021
0.0511741
0.0675915
0.0502847
0.0545318
0.049825
0.0596353
0.0513865
0.0551397
0.05721
0.0433498
0.0426754
0.0581364
0.0563905
0.0576724
0.0577444
0.0518081
0.0619548
0.0564214
0.0502485
0.0568866
0.0615267
0.0574598
0.0509942
0.063595
0.0479946
0.0503164
0.058316
0.0492464
0.0492464
0.0530316
0.0604562
0.0623114
0.0526057
0.0381273
0.0403525
0.0537078
0.0537078
0.0542832
0.0422494
0.0629884
0.0405638
0.0595658
0.059386
0.0597795
0.0525344
0.0445609
0.0442079
0.0429861
0.0589935
0.0633484
0.0457014
0.0492464
0.0564214
0.0603862
0.0585293
0.0526377
0.047782
0.0534953
0.0552459
0.0635615
0.0547781
0.0431373
0.0401682
0.044326
0.0408723
0.0599252
0.0452788
0.0534953
0.0532144
0.0509607
0.0426754
0.0523582
0.0585636
0.0558161
0.0518081
0.0607813
0.0576724
0.0469538
0.0552099
0.0480676
0.0587103
0.0642377
0.0577017
0.0538888
0.0462782
0.0639846
0.0503164
0.0452788
0.0629546
0.0494287
0.0564214
0.0520317
0.0424914
0.0424914
0.0426754
0.0519962
0.0532429
0.0638103
0.0478131
0.063846
0.0442384
0.0537461
0.0502847
0.0492464
0.052674
0.0499232
0.0579227
0.0428867
0.0457014
0.0405638
0.0481767
0.0509218
0.0516394
0.0595658
0.0503164
0.0532429
0.0589568
0.0532818
0.0592069
0.0555636
0.0429117
0.0524569
0.0476012
0.0459111
0.0597795
0.0435325
0.0602037
0.0473198
0.0475683
0.0512058
0.0422797
0.0450659
0.0379154
0.0379154
0.0474211
0.0694787
0.0384909
0.0556025
0.0642739
0.0443512
0.0557468
0.0587103
0.0606355
0.0589568
0.0416328
0.059386
0.0479946
0.0591351
0.0439557
0.0515678
0.0575304
0.0503164
0.0536756
0.0513865
0.0427021
0.0573534
0.0507105
0.0473473
0.0585605
0.0622795
0.046067
0.0406326
0.0501037
0.0513547
0.0515678
0.0541384
0.0490648
0.0602776
0.0569986
0.0479271
0.055996
0.050528
0.0589232
0.0527114
0.0549586
0.0471365
0.0545318
0.0532144
0.0503164
0.0574909
0.0576413
0.0671606
0.0578839
0.0633805
0.0667359
0.0509218
0.0476012
0.0736883
0.057279
0.0695173
0.0439288
0.0490648
0.0686613
0.0435612
0.0576724
0.0559579
0.0495311
0.0464627
0.0526377
0.0533157
0.0447853
0.0519625
0.0449978
0.044027
0.0360136
0.0484595
0.0484595
0.0454599
0.0429238
0.0559579
0.0334474
0.0390706
0.0464627
0.0464627
0.0475313
0.05721
0.0517798
0.0393485
0.0490648
0.0649166
0.0488525
0.0438145
0.0534264
0.0458153
0.0501037
0.049853
0.0417037
0.047782
0.0533157
0.0502847
0.0414218
0.0590283
0.0427751
0.0610599
0.038731
0.0479946
0.0492464
0.055996
0.0490334
0.0490334
0.0521742
0.0508936
0.0570991
0.0547056
0.0540704
0.046067
0.046067
0.0553215
0.0541009
0.0444201
0.0448142
0.0496414
0.0509218
0.0504982
0.0359846
0.043072
0.049853
0.0479634
0.0343381
0.0395193
0.0446728
0.0384505
0.0501352
0.059386
0.0463171
0.0475313
0.0513547
0.0448142
0.049496
0.0463498
0.0496693
0.0524249
0.0479634
0.0479634
0.0515678
0.0476012
0.0423835
0.0585293
0.0620987
0.060174
0.050528
0.0625231
0.0625618
0.0500635
0.066165
0.0564214
0.0547457
0.0654868
0.0570988
0.0614914
0.0602425
0.0694786
0.0524569
0.0648808
0.0671611
0.0549586
0.0528191
0.0504982
0.0579574
0.0559579
0.0534953
0.0570661
0.0504982
0.0502485
0.0543527
0.0543527
0.0558161
0.0446312
0.0323599
0.0427021
0.0509218
0.0537078
0.0537078
0.0397736
0.0482806
0.0576724
0.0637736
0.0520317
0.0486002
0.0503164
0.048389
0.0522111
0.0387032
0.0642037
0.058316
0.058316
0.058602
0.048389
0.0585293
0.058316
0.0374497
0.0531029
0.0456724
0.0574598
0.0501352
0.0578839
0.0503164
0.0537078
0.0678051
0.052889
0.0370559
0.0526377
0.0663775
0.057279
0.0534953
0.0534953
0.0417037
0.0410267
0.0575304
0.0433498
0.0389874
0.0560669
0.058316
0.0527797
0.0372378
0.0503164
0.0598872
0.0428867
0.0428867
0.0580667
0.0613006
0.0646658
0.0547781
0.0545219
0.0625936
0.0625936
0.0547457
0.0532461
0.0563905
0.0511056
0.0520317
0.0608489
0.057279
0.06217
0.0499989
0.0436009
0.0471365
0.0430305
0.0442079
0.0631681
0.0448142
0.0469538
0.0385609
0.0503164
0.0483463
0.0481767
0.0614546
0.0556367
0.0478131
0.0547457
0.0453537
0.0429559
0.0536756
0.0669842
0.0326173
0.0515678
0.0528191
0.0619937
0.0541384
0.0495311
0.0534264
0.0491032
0.0408442
0.0348712
0.0416718
0.0383827
0.0338427
0.0338427
0.0454906
0.0392833
0.0488525
0.0383088
0.0438145
0.0416718
0.0511406
0.0479634
0.0414218
0.0391676
0.0420971
0.0370559
0.0377353
0.0507105
0.0424253
0.0423498
0.047782
0.0513865
0.0580373
0.0538888
0.0602056
0.0613469
0.0457088
0.0581364
0.0461731
0.0594978
0.0522448
0.059599
0.074401
0.0505089
0.070373
0.0754363
0.0488525
0.0568521
0.0518529
0.0467427
0.0657368
0.0476012
0.049496
0.0589935
0.0482784
0.0633787
0.0608282
0.058316
0.0629856
0.0650947
0.0577801
0.0632023
0.0608489
0.0535304
0.0509942
0.0552856
0.052889
0.0556025
0.051072
0.0605317
0.0489261
0.0604562
0.0537078
0.045531
0.0505676
0.052458
0.0660283
0.0463171
0.0400596
0.0556343
0.0526057
0.0564214
0.0678393
0.0556025
0.0591719
0.0473473
0.0514248
0.0505676
0.0644892
0.0578862
0.052674
0.052674
0.052889
0.0484595
0.0503164
0.046067
0.0570661
0.0570661
0.0476766
0.0476766
0.0389145
0.0501755
0.0521155
0.0646658
0.0589935
0.0676261
0.0646303
0.0604562
0.0589935
0.0579574
0.0718349
0.0670578
0.0598504
0.0561048
0.0611358
0.0541384
0.0687361
0.0681744
0.0642739
0.0404198
0.0633484
0.0463171
0.0478131
0.0478131
0.0513547
0.0538888
0.0465304
0.0549261
0.0520653
0.0497434
0.0423498
0.0469955
0.0379154
0.0362366
0.0465304
0.0320129
0.0471742
0.0439947
0.0463491
0.0409967
0.0600277
0.0463171
0.0497102
0.0499232
0.0410267
0.0482458
0.0562436
0.0467427
0.0429238
0.0573534
0.0572462
0.0538888
0.0625618
0.0581714
0.0373095
0.0543527
0.0436009
0.0482458
0.0462129
0.0433862
0.0490334
0.0461372
0.0520653
0.0417038
0.0673769
0.0566733
0.0444585
0.0450659
0.0416718
0.0526057
0.0475683
0.0512092
0.0549949
0.057139
0.0563905
0.0522409
0.0553878
0.0490334
0.0490334
0.0488103
0.0522448
0.0572462
0.0530672
0.0723001
0.0758628
0.0570661
0.0596738
0.0565329
0.0600995
0.0570661
0.0570661
0.0606355
0.0775391
0.0539607
0.0602425
0.0472865
0.0688687
0.0600645
0.0691585
0.0569193
0.062347
0.0497102
0.0622795
0.0622795
0.0507462
0.0503461
0.0537461
0.0490334
0.0665925
0.057708
0.057708
0.055996
0.0677705
0.0577444
0.0652733
0.0548183
0.0664176
0.0476012
0.0630266
0.0645663
0.0484595
0.0537461
0.0589935
0.0678393
0.043422
0.0577444
0.0513547
0.0644498
0.0592069
0.0501755
0.0501755
0.0499603
0.0501755
0.047782
0.0491032
0.052889
0.0627757
0.0465304
0.0461028
0.0573534
0.0450983
0.0628106
0.0535274
0.0663069
0.0490648
0.0541384
0.0472088
0.047782
0.0441405
0.0472088
0.0585293
0.0712285
0.0655606
0.0535697
0.0410267
0.0699093
0.0675915
0.0642377
0.0522111
0.0575304
0.0526348
0.0510332
0.0568521
0.0652733
0.0506425
0.0652353
0.0587791
0.0476012
0.0484595
0.0549949
0.0450983
0.0522818
0.0446728
0.0515978
0.0567071
0.0563905
0.0684766
0.0508172
0.0446728
0.0471742
0.0640986
0.059419
0.0518175
0.0614914
0.0549949
0.0556025
0.054212
0.0636325
0.0575667
0.0448142
0.0613132
0.0490334
0.0482062
0.0531029
0.0537461
0.0520653
0.0579227
0.0558161
0.0507814
0.0562816
0.052889
0.03938
0.0578862
0.0467427
0.0487113
0.0538565
0.0558161
0.045745
0.0391676
0.0484595
0.0596353
0.0432437
0.0577444
0.0629884
0.0491032
0.0698725
0.0553878
0.0553878
0.0309407
0.045531
0.0539607
0.0469591
0.0542832
0.0482458
0.0458839
0.0324062
0.0427092
0.0483595
0.0469955
0.0446728
0.0522111
0.041885
0.0585636
0.0482062
0.0514248
0.0319658
0.0487113
0.0404198
0.0404198
0.0381273
0.057139
0.0513865
0.0531029
0.0676642
0.0562816
0.0546029
0.0377353
0.0505676
0.0534953
0.0515678
0.0497102
0.0466399
0.0514248
0.0500703
0.052889
0.0511741
0.0541008
0.0541008
0.0735459
0.0560669
0.0558161
0.0537461
0.0587791
0.0587791
0.0552099
0.0497844
0.0527114
0.0560286
0.0448519
0.048389
0.0564209
0.0574333
0.0601002
0.051072
0.0541384
0.048389
0.0429559
0.0417037
0.0408442
0.0537078
0.06217
0.0579227
0.0498899
0.0512481
0.0513547
0.0642739
0.0512058
0.0514248
0.0469246
0.04703
0.0579227
0.0582114
0.0589232
0.0509607
0.0448861
0.0650947
0.0520317
0.0546029
0.049496
0.0590692
0.0438145
0.0591719
0.0490334
0.0490334
0.0532818
0.0562436
0.043422
0.0420669
0.0385609
0.049496
0.049496
0.0408442
0.0478535
0.0594593
0.047782
0.0488876
0.0454599
0.0548183
0.0486002
0.0481767
0.0486722
0.0391676
0.0441405
0.0450659
0.0463171
0.0453159
0.0427021
0.0467811
0.0429238
0.0379154
0.0476383
0.0364503
0.0496751
0.0474621
0.049215
0.0438467
0.0406008
0.0547788
0.0466037
0.0409199
0.0471742
0.0495688
0.0349135
0.0414576
0.0414576
0.0465656
0.0422797
0.0436335
0.0366302
0.0307279
0.0408143
0.0395616
0.048389
0.0488876
0.0456724
0.0494287
0.0431373
0.0469246
0.0452788
0.0628106
0.0277825
0.050528
0.045531
0.0347006
0.0490334
0.0408847
0.0561424
0.0423081
0.0482092
0.0472088
0.0393485
0.0601002
0.0500703
0.0414913
0.0469955
0.056637
0.0474211
0.0490648
0.0509607
0.0353779
0.0598872
0.0644175
0.0570991
0.0512481
0.0446368
0.0484167
0.0526057
0.0398472
0.059386
0.0648808
0.0421355
0.0545659
0.044707
0.0536756
0.0535304
0.0503164
0.0508936
0.043422
0.0325888
0.0604211
0.0604211
0.043422
0.0551397
0.0467427
0.0466037
0.0469246
0.0532818
0.0467117
0.0476383
0.0459236
0.0394192
0.052458
0.0482062
0.0550326
0.0560669
0.049496
0.0482062
0.0484595
0.0629884
0.0558161
0.0558161
0.0454906
0.0454906
0.0480676
0.0495311
0.0579574
0.0391676
0.0391676
0.0471365
0.0438145
0.0587406
0.0596353
0.0602056
0.0602056
0.0487113
0.0594593
0.0520317
0.0391676
0.040206
0.040206
0.0444585
0.0545318
0.0432081
0.0467811
0.0442431
0.0442431
0.0528515
0.0513859
0.0541384
0.0579574
0.0522766
0.0488838
0.0604912
0.0501037
0.0521063
0.0391676
0.0482806
0.0412644
0.046067
0.0410985
0.0501037
0.051536
0.0427751
0.0501755
0.0501755
0.0547781
0.060922
0.0584962
0.0552099
0.0467811
0.0522818
0.0464977
0.0355909
0.055996
0.0498899
0.0579227
0.0386363
0.0503527
0.045531
0.0524971
0.0448861
0.0463889
0.0493176
0.045531
0.0478535
0.0498899
0.0465304
0.0463171
0.0420971
0.0591719
0.0478535
0.0579227
0.0446728
0.0562092
0.0432081
0.0495311
0.0453159
0.0554238
0.0442431
0.0422494
0.0499232
0.059599
0.0484247
0.0509607
0.0642037
0.0522111
0.0518529
0.06217
0.0450659
0.0338714
0.0421355
0.049496
0.0526377
0.0467117
0.0439947
0.045531
0.0488525
0.0471742
0.0377023
0.0528515
0.0545318
0.034026
0.0380961
0.0380961
0.0511741
0.0495311
0.0436349
0.057708
0.0391344
0.0366302
0.0397751
0.0347006
0.0360218
0.0461028
0.0387747
0.0505306
0.0491032
0.0429931
0.0395616
0.0420971
0.038731
0.0424629
0.043422
0.0583872
0.048031
0.0573153
0.0442079
0.0528494
0.0480676
0.0507814
0.0349135
0.0367749
0.0436009
0.0419575
0.0442079
0.033946
0.0400263
0.0441756
0.0471742
0.045531
0.0545659
0.049496
0.0439947
0.0408143
0.0501755
0.0450659
0.035772
0.0383088
0.0423844
0.0469955
0.0286149
0.0378824
0.043097
0.0444585
0.0444585
0.0380961
0.0404198
0.0482092
0.0377023
0.0473882
0.047782
0.047782
0.0512481
0.0456416
0.0541384
0.0420971
0.0490648
0.0507814
0.0562092
0.0610296
0.0490334
0.0512481
0.0564952
0.0547788
0.0560669
0.0516739
0.0459236
0.0534614
0.0583872
0.0473882
0.0451394
0.0612762
0.0671992
0.0532461
0.0452462
0.0476766
0.0476766
0.0428162
0.048031
0.0421355
0.0385204
0.041885
0.0501755
0.0368436
0.0407494
0.0428162
0.0296556
0.0336599
0.0294747
0.0420669
0.0448519
0.0448519
0.0472466
0.0378824
0.0305475
0.0409199
0.0351982
0.0370559
0.0408442
0.0377023
0.0516022
0.042563
0.0389874
0.0456416
0.0456416
0.0366302
0.0429238
0.0577801
0.052889
0.047782
0.0573153
0.0573153
0.0481022
0.0632023
0.0600277
0.0508172
0.0533547
0.0518175
0.0508936
0.0591719
0.0460379
0.0539607
0.0573153
0.0582497
0.0516022
0.0516022
0.0582114
0.0479634
0.0549949
0.0482458
0.0681309
0.0523209
0.0463171
0.0385957
0.0585636
0.0488525
0.0530672
0.0552856
0.0438145
0.047782
0.0484595
0.056459
0.0539607
0.0598118
0.0537461
0.0429931
0.0467811
0.056316
0.0581714
0.0531796
0.0509607
0.0549553
0.0598504
0.044027
0.0503897
0.0583872
0.0649124
0.0619548
0.0533157
0.0613132
0.0573153
0.0444201
0.0391676
0.0545318
0.0545318
0.0473882
0.0606666
0.0586385
0.0465304
0.0501352
0.0441756
0.0513859
0.0589935
0.0400263
0.042743
0.042743
0.0499603
0.0516394
0.0531029
0.0531386
0.0522818
0.0453159
0.0608832
0.0421355
0.0516394
0.0391676
0.0450983
0.0522111
0.0602056
0.0420286
0.0420286
0.0420971
0.0451394
0.0516394
0.0482092
0.0551721
0.0452788
0.0523209
0.0562436
0.0429931
0.0493176
0.0423498
0.0579963
0.0579963
0.0512481
0.0636325
0.0446368
0.0644892
0.0560981
0.0560981
0.0597541
0.0620301
0.0488525
0.0600277
0.0530672
0.0463171
0.0619548
0.0439947
0.0556757
0.0562816
0.0465304
0.0516747
0.0543527
0.0583872
0.0566733
0.0499603
0.0499232
0.0491399
0.0503897
0.0503897
0.0467117
0.0378824
0.0370248
0.0370248
0.0465304
0.0541384
0.0513859
0.0451394
0.0419575
0.0565329
0.0516022
0.0600277
0.0585636
0.042563
0.042563
0.0537067
0.0341256
0.0508172
0.0171908
0.0296872
0.0426008
0.0349849
0.0311565
0.0463171
0.0263179
0.0529215
0.0391344
0.0440267
0.0408476
0.042743
0.042743
0.0393485
0.0376675
0.0433194
0.0250344
0.0473882
0.0446728
0.0511406
0.0408143
0.0408143
0.0480676
0.0441037
0.0463889
0.0451394
0.0429538
0.0362366
0.0370951
0.0429238
0.0559616
0.0472088
0.0508172
0.0448519
0.0448519
0.0517498
0.0507462
0.0488525
0.0461372
0.0503527
0.0469591
0.0387747
0.0537836
0.0332338
0.0368436
0.035844
0.0307279
0.0410985
0.0370248
0.0343058
0.0402773
0.0442808
0.0347705
0.0294747
0.0349488
0.0426008
0.0432081
0.0406326
0.0410267
0.0395616
0.0416718
0.0475683
0.0381685
0.0351639
0.0353779
0.0309407
0.0437804
0.0507462
0.0381273
0.0400263
0.0482092
0.0313349
0.0330531
0.0457816
0.0318004
0.0428162
0.0431373
0.0303343
0.0379916
0.0436747
0.0317666
0.0342389
0.0444585
0.0368436
0.0338714
0.0362366
0.0389145
0.0464977
0.0398121
0.0349135
0.0369918
0.0307279
0.0459236
0.0308445
0.0568521
0.0384909
0.0404926
0.0378824
0.0446024
0.0437804
0.0432081
0.048388
0.0404198
0.0336599
0.053822
0.0446024
0.03938
0.0440661
0.0426008
0.0436009
0.0384909
0.0524249
0.0524249
0.0398121
0.034026
0.0408143
0.0344866
0.0435612
0.0435651
0.0471742
0.0507462
0.0512092
0.0362366
0.0497102
0.0452462
0.0388866
0.0461731
0.0429931
0.0382775
0.0431312
0.0463491
0.0296872
0.0450316
0.0403863
0.0478535
0.0342389
0.0424253
0.0486391
0.0486391
0.043422
0.0476012
0.0338714
0.0442431
0.0393152
0.0453159
0.0374882
0.0343058
0.0410985
0.0389542
0.0416718
0.0330879
0.0330879
0.0397438
0.0406698
0.0402394
0.0428162
0.0355205
0.0448519
0.0414913
0.0509607
0.0484247
0.0518175
0.0471377
0.0474221
0.0556025
0.0552856
0.0489261
0.0474621
0.0543527
0.0343058
0.0393485
0.0488525
0.0406008
0.0449635
0.0409967
0.0281884
0.0404538
0.0482784
0.0482784
0.0465656
0.0472466
0.0387397
0.0446368
0.0240002
0.0240002
0.0319809
0.0378169
0.052458
0.036663
0.0442808
0.0503897
0.0391676
0.0507814
0.0520655
0.0585636
0.0419202
0.0448519
0.0429238
0.0397736
0.0438897
0.045823
0.0469538
0.0447075
0.0528515
0.0552459
0.0589568
0.0429931
0.0553878
0.0413512
0.0452788
0.040206
0.0407825
0.0562436
0.0384595
0.0547788
0.0461028
0.0598829
0.0598829
0.0526057
0.0446728
0.0439947
0.0400263
0.0448519
0.0444585
0.0422797
0.0285835
0.0444585
0.0269005
0.0262577
0.0404198
0.0404198
0.028122
0.0277254
0.0380961
0.0398121
0.0269352
0.0403525
0.0453159
0.033266
0.0298687
0.0135787
0.0484247
0.0285835
0.0250036
0.0359846
0.0303343
0.0374517
0.0436009
0.0339119
0.0432081
0.0372378
0.0459236
0.0379154
0.0341256
0.0448519
0.0467117
0.0393485
0.0393485
0.0370559
0.042777
0.0425292
0.0321621
0.0343058
0.0421355
0.0292612
0.0463491
0.0324811
0.040206
0.0478535
0.0442079
0.0442079
0.0428162
0.0423498
0.0469955
0.0398121
0.0374203
0.0499989
0.0410632
0.0396337
0.0429538
0.0286149
0.0388113
0.0558511
0.0473882
0.0507105
0.0442808
0.0469591
0.0585636
0.0353436
0.0484954
0.0457088
0.0377023
0.0493943
0.0362366
0.0434586
0.0562436
0.0503897
0.0537461
0.0629856
0.0509607
0.0499603
0.0448861
0.0570661
0.0450659
0.0526348
0.0398121
0.0548183
0.0385204
0.0539231
0.058316
0.0503164
0.063493
0.0353779
0.0449635
0.0482458
0.040206
0.038346
0.045531
0.0598504
0.0382775
0.0343058
0.0278957
0.0250036
0.0395968
0.0321941
0.022314
0.0372378
0.03173
0.0404926
0.0404514
0.0492464
0.0389542
0.0405267
0.0332338
0.0393805
0.0309407
0.0421355
0.0421355
0.041885
0.0398121
0.0478152
0.0522818
0.0377023
0.0475683
0.0473535
0.0395616
0.0520655
0.0468559
0.0387397
0.0406698
0.0406698
0.0408143
0.0628106
0.0524971
0.0347313
0.0321941
0.036663
0.036663
0.0543168
0.0511741
0.0501037
0.0373095
0.0409967
0.0577365
0.0440661
0.0512092
0.0438897
0.0311524
0.0463171
0.0404198
0.0404198
0.0463889
0.0426008
0.0456416
0.0439947
0.0364158
0.0408143
0.0408143
0.035309
0.0457088
0.0448861
0.0608832
0.0518175
0.0541008
0.0638103
0.0440661
0.0438897
0.0490648
0.0381685
0.0511406
0.0511406
0.0408847
0.0550326
0.0568819
0.0551721
0.0582114
0.0412423
0.0598118
0.0459977
0.0492809
0.0410632
0.0570991
0.0520317
0.0433498
0.045531
0.0482458
0.0522111
0.0437804
0.0465656
0.0465656
0.047782
0.0401682
0.0428162
0.0450659
0.0595714
0.0534953
0.0534953
0.0531796
0.0550242
0.042171
0.0520317
0.0503527
0.0581714
0.0397438
0.0512092
0.045745
0.0617385
0.0459236
0.0398858
0.049496
0.0516022
0.0622468
0.0585909
0.0472466
0.0581714
0.042743
0.0362701
0.0463889
0.0404198
0.0309089
0.0389874
0.0370951
0.0410985
0.0457088
0.0406008
0.0406326
0.0152986
0.0220301
0.0298687
0.0298687
0.0389192
0.0558096
0.036663
0.0368796
0.0353779
0.0473882
0.032376
0.032376
0.0360581
0.0357393
0.0343058
0.0436009
0.0351639
0.0389874
0.0423142
0.0516394
0.0320129
0.042743
0.042743
0.0543865
0.0514248
0.0556757
0.059419
0.0490052
0.0395968
0.0338427
0.0448519
0.0528515
0.0410985
0.0438467
0.0501755
0.0396337
0.0501368
0.0375229
0.052458
0.0324062
0.0395968
0.0451394
0.0374203
0.0476766
0.0347705
0.0566636
0.0564895
0.0423498
0.0429559
0.0475683
0.0541384
0.0579545
0.0551721
0.0505676
0.0476766
0.0538565
0.0365904
0.0395616
0.0328392
0.0416718
0.0404198
0.0420669
0.0420669
0.0296556
0.0334151
0.0334151
0.0328034
0.0355583
0.0423142
0.0423142
0.0362003
0.0266834
0.0391676
0.0313349
0.0377023
0.0290467
0.0300509
0.0252456
0.0343781
0.0433862
0.0399911
0.026076
0.0351639
0.0404198
0.0355583
0.0336972
0.0355909
0.0482458
0.0450659
0.0277549
0.0364158
0.0368796
0.0376675
0.042777
0.0284022
0.0364158
0.0393152
0.0285456
0.0383075
0.0380961
0.0343781
0.0260085
0.0387747
0.0307279
0.0450998
0.0387747
0.0429931
0.0319809
0.0423844
0.0353779
0.0301201
0.0355238
0.0307279
0.0378824
0.0206678
0.0297272
0.042171
0.0263631
0.0512092
0.030871
0.0457088
0.0266541
0.0428162
0.0328731
0.0483531
0.0328392
0.0368107
0.0307596
0.0410632
0.0285835
0.0357393
0.0439947
0.0395968
0.0224952
0.0362366
0.0496414
0.0431051
0.0385204
0.0516739
0.0296872
0.0362366
0.0482458
0.0375229
0.0391676
0.0448861
0.0417038
0.0429931
0.0395968
0.0372378
0.0450316
0.0337331
0.0338427
0.0384595
0.0330113
0.0311524
0.0409181
0.0345191
0.0303343
0.0290093
0.0262577
0.0269005
0.025682
0.0436009
0.0438504
0.0387397
0.0265052
0.028653
0.0412423
0.0412423
0.0343058
0.0353779
0.0275723
0.0433862
0.0235681
0.0430678
0.0403863
0.0294414
0.0292612
0.0224952
0.0232856
0.0452462
0.0377023
0.0277942
0.0444207
0.0328392
0.0285835
0.0389542
0.0370559
0.0340914
0.0265416
0.0343058
0.0393805
0.0424914
0.0288679
0.0281884
0.0482458
0.0369857
0.0387747
0.0291927
0.0384909
0.041885
0.0454931
0.0353779
0.0336972
0.0336972
0.0500703
0.0500703
0.0408143
0.0269352
0.0374497
0.0381301
0.0492809
0.0395968
0.0165848
0.0305475
0.0324062
0.0273298
0.0360581
0.0442079
0.042743
0.025682
0.0541384
0.0471377
0.0491032
0.0387397
0.0476383
0.0476383
0.0429559
0.0360581
0.0474621
0.0505306
0.0461731
0.0368796
0.0414913
0.0428898
0.0398121
0.0545616
0.03953
0.0406698
0.0406698
0.036487
0.0328392
0.0368436
0.0513859
0.0377023
0.0423142
0.0423142
0.0394192
0.0478535
0.0378475
0.0488193
0.0370951
0.0516394
0.0354105
0.0408847
0.0358028
0.0474221
0.0349135
0.0349135
0.0218464
0.0313047
0.0362711
0.0311224
0.0311224
0.0285122
0.0446368
0.0444207
0.0457088
0.0269352
0.036663
0.030514
0.0336972
0.0439853
0.0398121
0.028797
0.0398121
0.0347705
0.0364158
0.0364158
0.0313349
0.0349488
0.0326242
0.0370951
0.0379533
0.0415272
0.0509607
0.0419575
0.0429931
0.0285835
0.0357393
0.0448826
0.0446368
0.0353436
0.0250036
0.0171631
0.0311937
0.0471742
0.0380551
0.056637
0.0443895
0.0392422
0.0425292
0.042777
0.0332338
0.0439947
0.0367029
0.0475683
0.0419575
0.0314076
0.0387747
0.0391676
0.0459236
0.0347006
0.0946181
0.106853
0.0934268
0.111913
0.107133
0.108725
0.119336
0.103409
0.102593
0.120968
0.0939978
0.0977649
0.081838
0.0692801
0.0627764
0.0649087
0.0612056
0.0653384
0.0615273
0.0733507
0.0523435
0.0740293
0.076343
0.0636395
0.0678992
0.0666498
0.0716704
0.047118
0.0586468
0.065186
0.0605846
0.0549551
0.0683764
0.0576394
0.0578623
0.0656567
0.0570542
0.055362
0.0705105
0.0568745
0.0615058
0.0629802
0.0619082
0.062092
0.0520136
0.0469329
0.0642284
0.062718
0.062718
0.0607039
0.0669872
0.0708199
0.0457566
0.0453183
0.0632015
0.0581232
0.0581232
0.051209
0.0450547
0.0575367
0.0513844
0.0513844
0.0545561
0.0499979
0.0528991
0.0560273
0.0663657
0.0594143
0.0590137
0.0583859
0.0678347
0.0524984
0.0518785
0.0585665
0.0626223
0.0726409
0.0638229
0.0648522
0.0579862
0.063241
0.0681055
0.0613743
0.0529491
0.0560674
0.054403
0.0497381
0.0628516
0.0567374
0.0617729
0.046208
0.0704678
0.0726449
0.0881058
0.092906
0.0730387
0.0863586
0.073854
0.0623116
0.0645936
0.0703976
0.0731203
0.0731203
0.0862214
0.0722017
0.0577553
0.0617729
0.0701506
0.0632788
0.0632788
0.0773778
0.0734912
0.0587866
0.061286
0.0673887
0.0613315
0.0613315
0.0706486
0.0763868
0.0552181
0.0533483
0.0533483
0.0480772
0.0646282
0.0614643
0.0625355
0.0607039
0.0564684
0.0564684
0.0659578
0.0754397
0.0574582
0.0688574
0.0619528
0.0621726
0.0541859
0.0649397
0.0646707
0.0570963
0.0627916
0.0688925
0.0688925
0.0536224
0.0522671
0.0615099
0.070371
0.0651087
0.0411139
0.075891
0.0748227
0.0535679
0.0581561
0.0632498
0.0461228
0.0630215
0.0531176
0.0606576
0.066176
0.0582059
0.059729
0.0733562
0.0733562
0.066229
0.0644898
0.0725159
0.0624443
0.0697932
0.0655582
0.0655963
0.0630609
0.0674766
0.059906
0.0546755
0.0712084
0.0640905
0.0754397
0.0569052
0.0537485
0.0676553
0.0664475
0.0676428
0.072914
0.0590056
0.072914
0.0657386
0.0577903
0.0522993
0.057317
0.0649812
0.0728666
0.0744251
0.0617245
0.066845
0.0527173
0.0803577
0.0590408
0.0634594
0.0699591
0.0590056
0.0680936
0.0611772
0.0754509
0.0649812
0.0740114
0.0779864
0.0618121
0.0565589
0.0651596
0.0682743
0.072726
0.0643203
0.0642594
0.0649397
0.0678837
0.0720666
0.0682743
0.0687242
0.0639116
0.0611417
0.0586581
0.0535513
0.0603045
0.0550366
0.0586053
0.0649397
0.0718892
0.0482948
0.0670256
0.061359
0.066845
0.0635557
0.0653386
0.0668589
0.0696155
0.0754509
0.0522671
0.0721094
0.0666268
0.0769178
0.0769178
0.0697508
0.0643203
0.0573921
0.0590965
0.0637333
0.0689542
0.0710957
0.0722874
0.0592235
0.0655582
0.0592235
0.0681494
0.0695731
0.0695731
0.0482948
0.0615528
0.0543686
0.0582059
0.0617729
0.0558871
0.0558871
0.0644435
0.0460665
0.0536056
0.054458
0.059455
0.0635145
0.0592235
0.0588779
0.0482948
0.047443
0.0447219
0.0453565
0.0583859
0.0571366
0.0487475
0.0494204
0.0512856
0.0449574
0.0539678
0.0518664
0.0436529
0.0369029
0.0558967
0.0686377
0.0499979
0.0499979
0.0424723
0.045538
0.054038
0.0495993
0.0541547
0.0537665
0.0494204
0.0427684
0.066176
0.0406644
0.0609233
0.0661395
0.0661395
0.0379718
0.0495111
0.0350329
0.0420009
0.057175
0.0596351
0.046208
0.0438693
0.061992
0.0554367
0.0554367
0.0381568
0.0495465
0.0510287
0.0310016
0.046661
0.0535679
0.043071
0.0464266
0.0583859
0.0524984
0.0648208
0.0356683
0.0451221
0.051684
0.0420009
0.0429858
0.0472261
0.0392254
0.052536
0.0462462
0.0506151
0.0485288
0.0550908
0.0601261
0.0649812
0.0453068
0.0586053
0.0611964
0.0611964
0.0590965
0.0542395
0.0449053
0.059892
0.0721094
0.0647087
0.0643653
0.0731356
0.0546375
0.052935
0.0704219
0.0744251
0.0603452
0.0521755
0.0586421
0.0611417
0.0636768
0.0792745
0.0682743
0.0773566
0.0525718
0.0682743
0.0680936
0.0506151
0.0792199
0.0730868
0.0730868
0.0614768
0.0618121
0.066176
0.061992
0.0577553
0.0685038
0.0657767
0.0603841
0.0605632
0.0564565
0.0592349
0.0579862
0.0657767
0.0533349
0.0738079
0.0660511
0.0562867
0.0655582
0.0632252
0.0489651
0.0645417
0.0502733
0.0603452
0.0546755
0.0489651
0.0665867
0.0665867
0.0643096
0.064762
0.063692
0.0586053
0.0670621
0.0584245
0.075891
0.0611964
0.0546375
0.0538424
0.0515223
0.0466441
0.0470431
0.0370884
0.0682743
0.0508882
0.0498177
0.0620474
0.068546
0.0624443
0.0588779
0.0623913
0.0605242
0.068546
0.068546
0.0668589
0.0532085
0.0706427
0.0672434
0.0653785
0.065216
0.0555283
0.0683263
0.068546
0.063241
0.0701913
0.0660909
0.0726866
0.0708199
0.0583859
0.0681494
0.0710812
0.0477141
0.0685038
0.0546755
0.0628815
0.0582059
0.0630609
0.0558871
0.0583733
0.0552544
0.061992
0.0601668
0.0601668
0.0687242
0.0700708
0.0490967
0.0580265
0.0566873
0.0613743
0.0520834
0.0563392
0.0657767
0.0733562
0.0733562
0.0502733
0.0787201
0.0636768
0.0593768
0.0601089
0.0550728
0.0681494
0.0620295
0.0647448
0.0502159
0.0634953
0.0691231
0.0666268
0.0734119
0.0622101
0.0588779
0.060743
0.0653386
0.0650696
0.0725167
0.0742925
0.072762
0.0670705
0.0291028
0.0132479
0.0291256
0.0236221
0.0255323
0.031328
0.0274632
0.0293951
0.0383665
0.0347813
0.025018
0.023263
0.0298357
0.0298357
0.035381
0.0374295
0.0374295
0.028577
0.0170646
0.0204485
0.0307368
0.0234946
0.0359236
0.0171099
0.0224232
0.0248972
0.0256785
0.0203418
0.0255869
0.0255869
0.0268863
0.0230608
0.0277333
0.0266809
0.030464
0.0196599
0.0215921
0.0237671
0.0237671
0.0237671
0.00570252
0.0262123
0.0182888
0.0149875
0.034007
0.0111881
0.0315242
0.0091309
0.0185594
0.0241611
0.0311737
0.0165212
0.027313
0.00846776
0.0110408
0.0110408
0.0228153
0.0240486
0.020897
0.0140336
0.0162788
0.0215651
0.0102113
0.0310175
0.0310175
0.0252615
0.0230608
0.0244761
0.0155695
0.0274744
0.0206574
0.0195547
0.0188288
0.0334961
0.0135145
0.0245962
0.0160877
0.0138014
0.0194354
0.0320026
0.0150092
0.0251511
0.0308576
0.031292
0.0217604
0.0217143
0.0201101
0.0234946
0.0224232
0.024556
0.00927067
0.0152976
0.0379744
0.0202198
0.0274744
0.0204908
0.0166818
0.0165212
0.0210497
0.0167934
0.0128502
0.022666
0.00516191
0.0120193
0.0349893
0.017459
0.0310175
0.0262123
0.0179408
0.0243229
0.0240114
0.0211705
0.0236025
0.035381
0.035381
0.00776001
0.0192813
0.0251511
0.0181658
0.0238889
0.0292428
0.0211705
0.0283022
0.0165036
0.0229377
0.0238889
0.0238889
0.0188461
0.01187
0.0199478
0.0199478
0.0189966
0.0175019
0.0175019
0.0211705
0.0229377
0.0293628
0.0338877
0.0338877
0.0204908
0.0241611
0.0203418
0.0203418
0.0138697
0.0180172
0.0180172
0.0103365
0.0147391
0.02704
0.0144413
-0.00238317
0.014468
0.010131
-0.00383869
0.0079248
0.0150247
0.00228957
0.00228957
0.00516191
0.00966687
0.00966687
0.0240486
0.0200537
0.0200537
0.0252615
0.00831912
0.00831912
0.0183324
0.020191
0.0154599
0.0104024
0.00231623
0.0237671
0.031292
0.0152976
0.0319583
0.0149041
0.0155695
0.016127
0.0222722
0.0315655
0.032352
0.02393
0.0244321
0.0206135
0.0120193
0.025698
0.021443
0.0277485
0.0336141
0.0249897
0.0165212
0.0274744
