0.0182831
0.0163751
0.0190075
0.0175355
0.0194807
0.0238351
0.0210545
0.0190075
0.0186082
0.0195689
0.0138384
0.0218033
0.0149648
0.0181065
0.0176844
0.0173729
0.0125909
0.0186964
0.0230858
0.0164497
0.0237467
0.0290144
0.0178469
0.0200416
0.0188589
0.02485
0.0219655
0.0142522
0.0256452
0.0223638
0.0188073
0.0197312
0.0187708
0.0160499
0.0155345
0.017819
0.0130796
0.02073
0.0167223
0.0185338
0.0215526
0.0181065
0.0184457
0.0176324
0.0230681
0.0204794
0.0190213
0.0165459
0.0186082
0.0186082
0.0263222
0.0150118
0.0136755
0.0136755
0.0141642
0.0182831
0.0190587
0.0178605
0.0117386
0.0207831
0.0172237
0.0218626
0.0137504
0.0104787
0.0163967
0.0186686
0.021567
0.0178555
0.0180322
0.0181717
0.0185802
0.0169458
0.01917
0.0228622
0.0140013
0.021567
0.0214493
0.0166203
0.0171084
0.0155345
0.0181342
0.017034
0.016573
0.0197556
0.0174939
0.0169458
0.0152972
0.0143749
0.0143749
0.0187844
0.0178412
0.0197696
0.0194666
0.0185802
0.0144766
0.0203911
0.0168713
0.0220248
0.0250556
0.0167223
0.0221133
0.0214787
0.0198153
0.0154737
0.020878
0.0167334
0.0209804
0.0159619
0.0179955
0.0213902
0.0201403
0.018506
0.0223638
0.0212278
0.0177448
0.0214641
0.0172848
0.0227735
0.0192442
0.0214641
0.0200663
0.0208922
0.0218772
0.0198893
0.0115629
0.0171084
0.0179439
0.0138999
0.0218626
0.0230244
0.0227147
0.0181205
0.0191794
0.0190075
0.0211393
0.0154737
0.0197696
0.015148
0.0182831
0.0216265
0.0182692
0.0177068
0.0136622
0.0131864
0.0220248
0.0122516
0.0194162
0.0201403
0.019282
0.0182087
0.0176324
0.0164575
0.0177812
0.0233488
0.0196814
0.0188169
0.0248354
0.0166063
0.0158944
0.0187427
0.0218626
0.0159828
0.026189
0.0175299
0.0148222
0.0194305
0.0151814
0.0115241
0.0159082
0.0196071
0.0159689
0.0188683
0.0198297
0.014151
0.0180322
0.0177068
0.0173593
0.0240246
0.0197556
0.0153109
0.0181065
0.0231276
0.0228031
0.01586
0.0167831
0.0197556
0.0180322
0.0212166
0.0202287
0.0242018
0.0171967
0.0235846
0.0181717
0.0179578
0.0175218
0.0199922
0.0159005
0.0159964
0.0137504
0.0209174
0.0131864
0.0137504
0.0178695
0.0195931
0.0102899
0.0247468
0.0152089
0.0182692
0.0178695
0.0168713
0.0199321
0.0179578
0.0169458
0.018506
0.0223492
0.0200805
0.0107045
0.0165595
0.021641
0.0217293
0.0216265
0.0155483
0.0202881
0.0163691
0.0138999
0.0169595
0.0181205
0.0189052
0.015399
0.0217149
0.0163085
0.0183575
0.0206274
0.0171222
0.0183575
0.0247766
0.0148086
0.0207404
0.0187569
0.0196814
0.019156
0.0232752
0.015148
0.0209914
0.0180974
0.0192301
0.0150866
0.0151614
0.0156973
0.0191794
0.0148489
0.0149104
0.0154737
0.0187427
0.0213017
0.0177812
0.0199922
0.0183434
0.0216265
0.0213163
0.020317
0.01546
0.0163831
0.015046
0.0199778
0.021951
0.0187427
0.0122779
0.0217149
0.0117134
0.0195931
0.0149851
0.015711
0.0166341
0.0157245
0.017833
0.01852
0.0180322
0.0217003
0.0167968
0.0224046
0.0198439
0.0169595
0.0184318
0.0162947
0.0182692
0.0125028
0.0148768
0.0230538
0.0211393
0.0245847
0.017006
0.0132745
0.018506
0.0202287
0.0224046
0.0185428
0.0179297
0.0160292
0.0152834
0.0168574
0.016885
0.0149851
0.0181949
0.0201256
0.0205779
0.0173313
0.0222016
0.0182831
0.0124279
0.0189332
0.016885
0.0173068
0.0145028
0.0206808
0.0161457
0.0211393
0.0166341
0.0189052
0.0207404
0.0224785
0.0144349
0.0167223
0.0192536
0.0192536
0.0188683
0.0188683
0.0186027
0.0149851
0.0181065
0.0184176
0.0199038
0.0211393
0.0179578
0.0196071
0.0212278
0.0186686
0.0184457
0.0148969
0.0194756
0.0172571
0.0149851
0.0149851
0.015399
0.0219765
0.0169458
0.0147608
0.0144215
0.0148969
0.0153855
0.0177812
0.0149104
0.0197413
0.0213163
0.0121899
0.0183434
0.0188823
0.0169595
0.018255
0.0208289
0.0166477
0.0217003
0.0217003
0.0204935
0.0218772
0.0161457
0.0213163
0.0195046
0.0108051
0.021493
0.0187427
0.0124279
0.0218772
0.0149104
0.0163831
0.0178695
0.0151344
0.0201256
0.0193276
0.0197696
0.0163691
0.0111356
0.0209914
0.0187427
0.0133362
0.0217149
0.0179297
0.019282
0.0164713
0.0206866
0.0230981
0.0209029
0.0181065
0.0199038
0.0134244
0.0186686
0.0180182
0.0214493
0.017544
0.0194756
0.0205182
0.0182692
0.0208289
0.0186686
0.0166947
0.0194162
0.0185802
0.0157587
0.0158468
0.0224785
0.0104532
0.0162339
0.019165
0.0176184
0.0206518
0.0186171
0.0145845
0.0181342
0.0201045
0.0117923
0.0218772
0.0167296
0.0163967
0.0225524
0.00856597
0.0129484
0.0173812
0.0144349
0.0183292
0.0158199
0.0165595
0.0192679
0.0231276
0.0148831
0.0214787
0.0242754
0.0195046
0.0161178
0.0165595
0.0144215
0.0192536
0.0153717
0.0153717
0.0172848
0.0210507
0.0193421
0.0156498
0.0161457
0.018255
0.0218176
0.0141642
0.0191794
0.0145097
0.0157856
0.0193563
0.0191052
0.0180182
0.018506
0.0165459
0.0217888
0.0186686
0.01852
0.0244376
0.0133495
0.0195787
0.0195787
0.0180322
0.0211245
0.0189194
0.0237887
0.021774
0.0190075
0.019282
0.0152362
0.0209914
0.0221537
0.021567
0.0175962
0.0157452
0.0195494
0.0247315
0.0173068
0.0187798
0.0177812
0.0181205
0.0149104
0.0153308
0.0225375
0.0157587
0.0138439
0.0171967
0.0231866
0.0214787
0.0205924
0.0154871
0.0182831
0.0154192
0.0245997
0.0170201
0.0162202
0.0188451
0.0130849
0.0209914
0.0200517
0.0213017
0.0173593
0.0215812
0.0172237
0.0149986
0.0213902
0.0190818
0.0233017
0.0119645
0.0150733
0.0166947
0.0121276
0.018506
0.0153779
0.0200064
0.0134244
0.0213902
0.0149104
0.0115502
0.0198297
0.0199922
0.0152227
0.0118766
0.0138384
0.0153243
0.0151614
0.0167968
0.0180322
0.0222755
0.0186082
0.0228622
0.0169595
0.0193276
0.0231866
0.0191794
0.0162202
0.0187569
0.0186171
0.020257
0.0191936
0.018255
0.0171357
0.0203027
0.0138515
0.0214787
0.0171222
0.0161178
0.0194305
0.0189793
0.0177951
0.023452
0.0201403
0.0147887
0.0177951
0.0172711
0.0201403
0.0156498
0.0132614
0.0144766
0.0191418
0.0168713
0.0183848
0.0143599
0.0185338
0.0195188
0.0199038
0.0139881
0.0173593
0.0186826
0.0136059
0.0195642
0.0171357
0.0198297
0.0149104
0.0154871
0.0217003
0.0140893
0.0137013
0.0137013
0.0134376
0.0153109
0.0190818
0.02239
0.0170201
0.0175218
0.0160227
0.0180322
0.0167223
0.0167968
0.0183575
0.0191273
0.0181065
0.0189936
0.0213163
0.0155618
0.0155618
0.015114
0.0196672
0.0155345
0.0197556
0.018506
0.0193925
0.0193925
0.0193925
0.0133362
0.0210058
0.0200203
0.0144963
0.0144349
0.0127586
0.0229358
0.0135125
0.0188169
0.0161991
0.021951
0.0200805
0.0181665
0.0132614
0.0199038
0.0199321
0.0193421
0.0164849
0.0168713
0.0246733
0.0190909
0.0125205
0.0131244
0.0186027
0.0258652
0.0159082
0.00923435
0.0179955
0.0216265
0.0122204
0.0179297
0.0116421
0.0191936
0.011599
0.017544
0.0212278
0.0129352
0.02239
0.0210507
0.0195931
0.0152972
0.0163085
0.0111485
0.0182406
0.0164849
0.0138384
0.0154737
0.0084906
0.0228622
0.0167831
0.0162202
0.0171687
0.0168713
0.0162947
0.0134992
0.0190168
0.0214641
0.0197268
0.0230981
0.0249089
0.0177951
0.0162202
0.0173068
0.0156569
0.0206664
0.0129352
0.0178555
0.0255854
0.0141836
0.0177812
0.0163831
0.0148086
0.0162063
0.0148222
0.0162063
0.0135125
0.0244226
0.0244226
0.014714
0.0215812
0.0144215
0.0176324
0.0173454
0.0151344
0.0152362
0.0209914
0.0157315
0.0177812
0.0177812
0.0112237
0.0200805
0.0157315
0.0160711
0.0173593
0.0164102
0.0203766
0.0214493
0.0179439
0.0200064
0.0149851
0.0148222
0.0190818
0.0128602
0.019165
0.0158805
0.0166947
0.0213756
0.0213756
0.0205389
0.0182692
0.0221278
0.0181808
0.0167831
0.0216854
0.0144079
0.0194066
0.0185802
0.0187708
0.0153109
0.0153109
0.0192536
0.017767
0.0215526
0.020804
0.0141836
0.0141836
0.0163831
0.0152227
0.0199038
0.0148969
0.0170201
0.0178412
0.0167831
0.0239359
0.018255
0.0164713
0.0171967
0.0171967
0.0148969
0.0138999
0.0138999
0.0165595
0.0119517
0.0119517
0.0208144
0.0162339
0.0179715
0.0232014
0.0122648
0.0175299
0.0156569
0.0179297
0.0124321
0.0179297
0.0117755
0.0115373
0.0115373
0.0175299
0.0176042
0.0205779
0.0174197
0.0158199
0.0240396
0.0240396
0.0129484
0.0146593
0.0148086
0.0182692
0.0142585
0.0176927
0.0193276
0.017544
0.0137691
0.0160434
0.0125909
0.016769
0.0123398
0.0109297
0.0109297
0.00889276
0.0107665
0.0165709
0.0165709
0.0095816
0.0142668
0.0117181
0.0215887
0.00893248
0.0172115
0.0217247
0.0311134
0.0521581
0.0604079
0.0697359
0.0749104
0.0749104
0.0420408
-0.0196218
-0.0429559
-0.0607409
-0.0727256
-0.063022
-0.063927
-0.0526781
-0.0299768
-0.0131607
-0.000319103
-0.00563872
-0.00727334
-0.0107513
-0.0243612
-0.0366227
-0.0387752
-0.0401217
-0.0352234
-0.0352234
-0.0345641
-0.0419955
-0.045005
-0.046464
-0.0455046
-0.0455046
-0.0390857
-0.0346552
-0.0424023
-0.0403746
-0.0361191
-0.0379077
-0.0316322
-0.0369409
-0.0412634
-0.0382472
-0.0430418
-0.0406994
-0.0363563
-0.0353852
-0.0463442
-0.0451715
-0.0445186
-0.040526
-0.0411837
-0.0414297
-0.0420632
-0.0461711
-0.0420632
-0.0449188
-0.0415712
-0.0404393
-0.0375117
-0.0419103
-0.0468951
-0.0468149
-0.0404465
-0.0414984
-0.0419103
-0.0417441
-0.0370064
-0.0379871
-0.0311275
-0.0424091
-0.0377645
-0.0385001
-0.0442064
-0.0405189
-0.0393002
-0.0413571
-0.0424889
-0.0418307
-0.0420697
-0.0346471
-0.0393868
-0.0436272
-0.0344026
-0.0450178
-0.0418238
-0.0426485
-0.0464181
-0.0432945
-0.0457514
-0.0461711
-0.0384775
-0.0396324
-0.0459307
-0.0414118
-0.0442064
-0.0375758
-0.045005
-0.0422499
-0.0432016
-0.0365169
-0.034821
-0.0440018
-0.0385478
-0.0394773
-0.0275211
-0.0296336
-0.0342803
-0.0277455
-0.0319053
-0.0224062
-0.0269943
-0.027983
-0.030857
-0.0305247
-0.03028
-0.0313196
-0.0274042
-0.0309357
-0.0309357
-0.0269067
-0.0304284
-0.0306123
-0.0319842
-0.0388905
-0.0354291
-0.0313281
-0.0293707
-0.0262583
-0.0278238
-0.0280589
-0.0304371
-0.029712
-0.0323431
-0.02896
-0.0311203
-0.0277361
-0.0290476
-0.0269161
-0.027326
-0.0240696
-0.0322554
-0.0260143
-0.0291352
-0.0265846
-0.028628
-0.030271
-0.0204532
-0.00801661
-0.00547435
-0.00259855
-0.00625113
-0.00042912
0.00368503
0.00359706
-0.00205348
0.00235322
-0.00116812
-0.00075231
0.00080658
0.00228663
-0.00212991
0.00482898
-0.00166041
0.00155853
-0.000916269
0.00499256
-0.00116812
-0.00140837
-0.00166041
-0.00592222
0.00313028
0.00313028
0.00614941
-0.00190082
-2.07735e-05
-0.00199462
-0.000165217
0.00482898
-0.00026503
-0.00427522
-0.000341079
0.00138258
0.000554848
0.000490621
-0.00509706
0.00253872
-0.00205348
0.00210141
-0.00280358
0.00343339
0.00211377
-0.00188927
-0.00115012
-0.00026503
-0.000417191
0.00106673
-0.00837139
0.00424975
0.00162232
0.00181022
0.00284134
0.00756697
0.00504202
0.0134969
0.0157802
0.0177907
0.0170146
0.0306188
0.0325336
0.0355094
0.0410872
0.0498717
0.0334734
0.0471979
0.0629196
0.0708056
0.0786411
0.0819327
0.084374
0.0854574
0.0893791
0.0888252
0.0825808
0.074546
0.0746522
0.0880274
0.0929712
0.0854392
0.082331
0.0859936
0.0843845
0.0949491
0.0936442
0.0863003
0.0841717
0.0806844
0.0869933
0.0817864
0.0817864
0.0856243
0.0888611
0.0841996
0.0867718
0.084514
0.0799834
0.0812219
0.0856243
0.085282
0.0820436
0.081499
0.0826457
0.0824234
0.079065
0.0851528
0.0789679
0.0824884
0.0838851
0.0748101
0.0797877
0.0843845
0.0825808
0.0831176
0.0780106
0.079288
0.0831547
0.082331
0.0812493
0.0850128
0.0847357
0.0832472
0.079891
0.0763378
0.0759828
0.0814442
0.0813793
0.0815367
0.0799182
0.0799182
0.0767844
0.0773259
0.079288
0.0818209
0.0805479
0.0813143
0.0796955
0.0770638
0.0775107
0.0789343
0.0812493
0.0790378
0.0772605
0.081636
0.0763378
0.0749022
0.0745336
0.0754154
0.0754154
0.079065
0.0765878
0.0788527
0.0828402
0.0794183
0.0778263
0.074718
0.0792496
0.0823878
0.0761799
0.0808419
0.0784569
0.0780762
0.0772186
0.073704
0.0764956
0.0725065
0.0700555
0.0781683
0.0800374
0.071742
0.07643
0.0737694
0.073704
0.0778794
0.0791574
0.0817214
0.0734539
0.0799452
0.0802331
0.0766267
0.0796683
0.0796683
0.0757045
0.0757045
0.0795379
0.0752576
0.073862
0.0739278
0.0741778
0.0738879
0.077984
0.0750732
0.0750339
0.0758887
0.073572
0.0782993
0.0762722
0.0751918
0.0751654
0.0766921
0.074402
0.0778877
0.0759297
0.0740857
0.0785223
0.0755732
0.0727565
0.076112
0.0751918
0.0746522
0.0757045
0.0752576
0.074876
0.0754417
0.0802331
0.0752576
0.0766799
0.0769954
0.0785876
0.0769033
0.0751388
0.0751388
0.0775994
0.070464
0.0694261
0.0694261
0.0707549
0.0787558
0.0928784
0.0989004
0.0985885
0.0948562
0.0947926
0.107971
0.114586
0.135805
0.146466
0.158492
0.161885
0.172168
0.185181
0.204159
0.216722
0.241487
0.279839
0.32677
0.385163
0.443542
0.494908
0.530164
0.559924
0.567619
0.598163
0.663405
0.700364
0.710138
0.714806
0.723181
0.744446
0.776662
0.795485
0.820348
0.842201
0.864478
0.894118
0.919283
0.94808
0.963102
0.988782
0.999149
1.01499
1.02328
1.03701
1.05772
1.08413
1.10027
1.10917
1.14433
1.163
1.20544
1.2156
1.23267
1.24916
1.25465
1.27452
1.29252
1.29655
1.29383
1.29821
1.30255
1.31128
1.31971
1.33245
1.34576
1.35111
1.34491
1.35217
1.3517
1.35649
1.3505
1.34055
1.3507
1.36095
1.36129
1.35306
1.35795
1.3604
1.35176
1.36114
1.37008
1.37438
1.36298
1.36138
1.38233
1.39357
1.41446
1.4106
1.42732
1.4243
1.4196
1.42983
1.42745
1.42605
1.40797
1.41115
1.42767
1.4369
1.41904
1.41701
1.423
1.43921
1.43752
1.42144
1.43367
1.46271
1.47471
1.46128
1.4552
1.47295
1.4894
1.47117
1.46377
1.46777
1.46426
1.4619
1.46411
1.46681
1.46681
1.47334
1.43413
1.44677
1.46272
1.45963
1.44888
1.45638
1.45829
1.44982
1.44857
1.4469
1.45261
1.45995
1.456
1.48148
1.48287
1.49718
1.51572
1.51572
1.52157
1.50122
1.50869
1.51432
1.49908
1.48591
1.48085
1.50276
1.49612
1.4886
1.48231
1.48996
1.49649
1.50103
1.49163
1.49735
1.49391
1.48516
1.48516
1.52691
1.50808
1.50738
1.51705
1.52024
1.50992
1.50231
1.51873
1.49474
1.48323
1.50193
1.50246
1.50775
1.51142
1.50857
1.50017
1.49253
1.5118
1.50981
1.50952
1.50111
1.50853
1.51895
1.49781
1.50269
1.53053
1.51416
1.49155
1.50092
1.50647
1.50051
1.47965
1.49166
1.50324
1.47633
1.46902
1.48237
1.50508
1.49474
1.49324
1.49436
1.49432
1.49275
1.49751
1.50148
1.49901
1.49391
1.51273
1.50205
1.49864
1.51868
1.52114
1.50617
1.49395
1.50324
1.51404
1.48405
1.47694
1.4995
1.48707
1.47702
1.49845
1.49553
1.48112
1.47866
1.49365
1.49759
1.48699
1.49044
1.49894
1.50766
1.48508
1.52115
1.53321
1.51843
1.51626
1.51297
1.50152
1.50763
1.51642
1.50047
1.48931
1.50021
1.50129
1.50129
1.50156
1.51373
1.51788
1.51649
1.51495
1.53555
1.51816
1.52066
1.54025
1.53159
1.52182
1.53163
1.54079
1.52666
1.50583
1.52444
1.52157
1.51177
1.50425
1.50552
1.49496
1.47834
1.49391
1.50152
1.48684
1.46891
1.46405
1.46677
1.4712
1.46991
1.48495
1.46857
1.46227
1.47269
1.45482
1.48945
1.49495
1.4777
1.50883
1.51321
1.49086
1.48292
1.49367
1.48749
1.46262
1.47884
1.49717
1.47487
1.4577
1.4914
1.46706
1.45355
1.45355
1.46683
1.46108
1.46285
1.47948
1.48088
1.49552
1.50621
1.50245
1.5023
1.50425
1.50406
1.49255
1.49562
1.49083
1.46801
1.47322
1.48061
1.45753
1.44882
1.45199
1.45493
1.4404
1.44484
1.44478
1.42831
1.42398
1.44084
1.44495
1.44056
1.44051
1.47788
1.45497
1.45497
1.49619
1.46547
1.47299
1.48819
1.48261
1.48543
1.49631
1.48404
1.48072
1.47199
1.46767
1.46316
1.47516
1.47516
1.45563
1.47199
1.45409
1.44233
1.46304
1.47796
1.4616
1.47555
1.49739
1.49582
1.4765
1.4765
1.4929
1.48831
1.47968
1.47969
1.46265
1.45846
1.46427
1.45707
1.43901
1.43916
1.45267
1.4418
1.43761
1.43918
1.4347
1.44275
1.44391
1.4498
1.45003
1.43967
1.44844
1.44681
1.44364
1.4395
1.4706
1.44104
1.44713
1.50711
1.45913
1.45642
1.47386
1.45303
1.44402
1.4355
1.44853
1.41678
1.41851
1.43198
1.4022
1.40696
1.41766
1.4088
1.40795
1.42626
1.41869
1.41726
1.42049
1.42314
1.42498
1.41903
1.40377
1.40212
1.40988
1.40988
1.39649
1.39945
1.38233
1.3753
1.39169
1.38292
1.37244
1.37389
1.3558
1.34698
1.35191
1.35798
1.33676
1.33676
1.3455
1.32801
1.34283
1.33847
1.32981
1.32521
1.32793
1.32354
1.32634
1.32639
1.32621
1.3396
1.34576
1.3396
1.33525
1.32617
1.32724
1.32609
1.30496
1.29318
1.30568
1.29479
1.29514
1.29229
1.28284
1.27687
1.29252
1.28621
1.27279
1.28153
1.27079
1.26976
1.28496
1.27894
1.27612
1.28761
1.28585
1.27391
1.28164
1.27721
1.27971
1.27985
1.2849
1.2784
1.27386
1.26003
1.25849
1.24941
1.22667
1.20997
1.20854
1.20459
1.20829
1.22068
1.22656
1.25989
1.281
1.28259
1.28209
1.28209
1.25943
1.27143
1.30167
1.31359
1.31041
1.31175
1.29516
1.31002
1.29553
1.30264
1.29478
1.26991
1.27531
1.26356
1.26043
1.27582
1.28476
1.2893
1.28774
1.29098
1.28939
1.28657
1.28465
1.27252
1.26805
1.26354
1.26371
1.24148
1.24101
1.24749
1.25181
1.24909
1.25167
1.25335
1.26234
1.26274
1.26873
1.26245
1.26051
1.26067
1.25961
1.24725
1.244
1.24014
1.23252
1.23124
1.22137
1.21895
1.22289
1.22751
1.23095
1.23346
1.23086
1.23239
1.23816
1.23544
1.22634
1.22624
1.21884
1.21253
1.21256
1.2079
1.21076
1.20779
1.20962
1.21542
1.21155
1.21253
1.21411
1.21466
1.21242
1.21242
1.21114
1.20808
1.20838
1.20067
1.19763
1.19929
1.19621
1.19616
1.19019
1.19014
1.19603
1.18999
1.19307
1.20052
1.19568
1.19923
1.19561
1.19015
1.19015
1.18546
1.17792
1.17957
1.17786
1.17559
1.17671
1.18225
1.1781
1.18432
1.18417
1.18079
1.17789
1.18227
1.18227
1.17514
1.17394
1.1693
1.16786
1.17367
1.17367
1.16628
1.16588
1.16182
1.1643
1.16575
1.16575
1.16017
1.16457
1.16122
1.16594
1.15833
1.1584
1.16285
1.15867
1.15572
1.15512
1.15545
1.1508
1.15512
1.15394
1.15559
1.15237
1.15231
1.15696
1.15553
1.15046
1.15217
1.14306
1.14594
1.14929
1.14922
1.14949
1.1388
1.14148
1.1451
1.13907
1.14182
1.13598
1.13749
1.13769
1.13729
1.14161
1.13756
1.12975
1.1355
1.1355
1.14305
1.14078
1.12461
1.13256
1.13269
1.13072
1.12351
1.11295
1.11733
1.12377
1.13487
1.1287
1.11336
1.11616
1.11589
1.13105
1.12987
1.13126
1.12988
1.13913
1.13906
1.13125
1.13407
1.1445
1.13743
1.12469
1.12797
1.11316
1.09485
1.09633
1.11065
1.10847
1.09973
1.10916
1.11013
1.11315
1.12967
1.13729
1.12522
1.12817
1.11608
1.11474
1.11018
1.11018
1.11954
1.13131
1.13132
1.12405
1.12857
1.13276
1.12653
1.12542
1.11753
1.10264
1.10993
1.1012
1.09967
1.10708
1.09958
1.09527
1.10724
1.10716
1.10088
1.10213
1.10258
1.09965
1.10726
1.11477
1.10902
1.11478
1.13014
1.12363
1.12253
1.12673
1.12385
1.11625
1.11151
1.10877
1.10704
1.11019
1.09661
1.09691
1.09813
1.09372
1.09699
1.09995
1.09383
1.09646
1.09339
1.09039
1.09154
1.10258
1.09463
1.10709
1.12259
1.11626
1.11033
1.11636
1.11924
1.11419
1.12358
1.12824
1.12488
1.10835
1.11131
1.10534
1.1041
1.09626
1.09356
1.09612
1.09036
1.09185
1.09953
1.09976
1.09028
1.09965
1.10565
1.09673
1.0992
1.11189
1.10718
1.09179
1.11032
1.11307
1.10592
1.12077
1.12536
1.11452
1.11159
1.13093
1.12051
1.11335
1.11186
1.10993
1.09944
1.10909
1.10434
1.09358
1.11348
1.11026
1.10148
1.11027
1.11472
1.11768
1.11788
1.12523
1.11485
1.12124
1.13138
1.12659
1.12693
1.13927
1.12934
1.12502
1.12352
1.12824
1.11642
1.12208
1.10715
1.10251
1.11636
1.11152
1.11809
1.13126
1.13263
1.12502
1.13263
1.14497
1.14162
1.14162
1.14326
1.13689
1.12989
1.13619
1.13551
1.13146
1.14064
1.13907
1.1203
1.13139
1.13874
1.1388
1.12982
1.11164
1.1176
1.13303
1.14661
1.12502
1.12838
1.14785
1.14594
1.1327
1.13873
1.12969
1.13455
1.15353
1.15545
1.16483
1.16647
1.1736
1.17053
1.15504
1.14654
1.14339
1.13435
1.13887
1.14202
1.13277
1.13612
1.13475
1.1316
1.14352
1.12222
1.13703
1.16003
1.1603
1.15512
1.15381
1.1645
1.1799
1.17216
1.13729
1.13887
1.15236
1.14641
1.15093
1.15217
1.14517
1.13572
1.14332
1.14955
1.14614
1.13997
1.15833
1.14771
1.14496
1.15113
1.1508
1.14634
1.14928
1.15709
1.14279
1.13709
1.14758
1.15059
1.14175
1.14889
1.15682
1.14831
1.14996
1.16916
1.16947
1.15434
1.14791
1.14674
1.14208
1.13984
1.12367
1.13914
1.15264
1.14312
1.14654
1.1588
1.16497
1.15756
1.20651
1.26778
1.27498
1.30629
1.27526
1.25788
1.21212
1.21405
1.18038
1.18222
1.19303
1.19475
1.20533
1.1871
1.17669
1.1978
1.1978
1.20224
1.22241
1.21035
1.20741
1.21001
1.2236
1.23253
1.22789
1.22955
1.24134
1.22816
1.22816
1.21938
1.19807
1.19654
1.20446
1.21116
1.21311
1.21907
1.22064
1.21898
1.22037
1.21338
1.20737
1.20273
1.19837
1.19214
1.19244
1.19531
1.2043
1.20746
1.20746
1.2002
1.20409
1.2072
1.20617
1.20098
1.20129
1.19547
1.19393
1.20738
1.19947
1.20097
1.20403
1.1997
1.20405
1.19848
1.194
1.18594
1.19257
1.19473
1.1938
1.20278
1.20579
1.20273
1.20405
1.19816
1.19816
1.19809
1.19809
1.19192
1.19058
1.19058
1.19236
1.19358
1.19377
1.1936
1.19847
1.19854
1.19722
1.19728
1.1922
1.19817
1.19891
1.19547
1.1904
1.19828
1.19559
1.19883
1.19741
1.19858
1.20441
1.20334
1.2093
1.20732
1.20911
1.2184
1.21233
1.21834
1.21834
1.21051
1.21034
1.21361
1.21505
1.21694
1.21537
1.21703
1.21051
1.21063
1.22157
1.21651
1.21079
1.20884
1.20424
1.20618
1.19578
1.20055
1.21405
1.20634
1.21698
1.22154
1.21979
1.21542
1.21542
1.20915
1.21053
1.19706
1.21493
1.20606
1.21249
1.20006
1.2016
1.19573
1.2243
1.20769
1.19867
1.19736
1.20755
1.19267
1.191
1.18982
1.18976
1.18683
1.18683
1.17207
1.18788
1.18788
1.20758
1.20346
1.18369
1.1954
1.19577
1.193
1.19088
1.19313
1.18677
1.19151
1.20159
1.16748
1.18239
1.18684
1.16231
1.17304
1.18305
1.16689
1.17312
1.18212
1.16389
1.17311
1.18689
1.17756
1.19587
1.20377
1.18258
1.17932
1.19279
1.18214
1.17965
1.18092
1.18077
1.17769
1.19142
1.19055
1.16312
1.19157
1.17507
1.15832
1.1716
1.16871
1.15833
1.17534
1.16551
1.16114
1.16114
1.18369
1.17161
1.17031
1.17769
1.17683
1.16107
1.1751
1.16265
1.16441
1.16737
1.16847
1.16847
1.18403
1.15696
1.15821
1.17494
1.14943
1.15245
1.16284
1.15381
1.15395
1.16106
1.1372
1.15932
1.16887
1.16887
1.1823
1.17346
1.18645
1.18645
1.16986
1.18967
1.18117
1.19561
1.16567
1.18259
1.17456
1.19537
1.17913
1.19165
1.18985
1.17038
1.20138
1.17764
1.19144
1.18069
1.16251
1.17591
1.18686
1.17181
1.17489
1.17038
1.16744
1.19412
1.19422
1.18809
1.20155
1.19734
1.18915
1.19417
1.17863
1.17025
1.16254
1.15192
1.14917
1.14877
1.15343
1.14891
1.15919
1.16862
1.16862
1.17465
1.1698
1.17286
1.15487
1.16883
1.15461
1.15376
1.15336
1.14158
1.1398
1.15782
1.15337
1.15337
1.13974
1.13049
1.12604
1.13357
1.12604
1.12472
1.13823
1.11692
1.13542
1.15062
1.13391
1.14727
1.1457
1.13686
1.14131
1.13843
1.13022
1.13063
1.11993
1.11725
1.11349
1.11253
1.10925
1.10604
1.09668
1.09283
1.10074
1.1018
1.10348
1.11236
1.12038
1.12109
1.10765
1.09654
1.09553
1.10509
1.10348
1.08222
1.07583
1.08065
1.08054
1.07746
1.07875
1.08206
1.08186
1.08967
1.08835
1.0958
1.06824
1.08953
1.09101
1.08081
1.0894
1.08589
1.07754
1.06642
1.07105
1.06635
1.05149
1.05925
1.07618
1.114
1.14879
1.08304
1.0176
1.01275
1.03647
1.07916
1.05177
1.03452
1.05214
1.04736
1.03814
1.03761
1.03953
1.04799
1.06063
1.05491
1.03502
1.03322
1.03481
1.03899
1.04229
1.0407
1.04034
1.04209
1.04008
1.03915
1.04037
1.04087
1.03456
1.03487
1.02266
1.01807
1.0243
1.02237
1.02689
1.02537
1.03284
1.03133
1.03595
1.02401
1.0195
1.01061
1.00885
1.00885
1.00818
1.00438
1.01154
1.01054
1.01219
1.01172
1.01035
1.00791
1.00899
1.0044
0.999745
0.994866
0.984454
0.993604
0.99493
0.996413
0.999364
0.996842
0.994978
0.989205
0.993717
0.981515
0.983111
0.981409
0.982683
0.980679
0.980679
0.978124
0.979929
0.97825
0.971706
0.966289
0.967022
0.959762
0.958243
0.959928
0.953487
0.971694
0.985497
0.985497
0.964281
0.960016
0.934931
0.951204
0.955297
0.938307
0.93211
0.935389
0.927633
0.923201
0.919754
0.919867
0.915186
0.91673
0.900187
0.893371
0.895562
0.887483
0.890598
0.889447
0.895367
0.892411
0.895613
0.881281
0.872133
0.872133
0.875406
0.870884
0.870065
0.867359
0.870522
0.8617
0.863554
0.85717
0.860119
0.861397
0.861731
0.85714
0.85714
0.853067
0.840444
0.84507
0.837375
0.843585
0.842865
0.842865
0.835865
0.832653
0.831972
0.83256
0.828928
0.829169
0.831106
0.824834
0.830919
0.823433
0.818843
0.823218
0.817322
0.818515
0.821577
0.818988
0.816898
0.820106
0.815326
0.813949
0.812973
0.812283
0.812378
0.807884
0.815421
0.808266
0.812116
0.807764
0.808904
0.80365
0.811117
0.852149
0.838513
0.840314
0.838568
0.824131
0.824372
0.828683
0.833761
0.829357
0.82945
0.827459
0.825842
0.810738
0.810738
0.81818
0.810332
0.806193
0.804862
0.806625
0.803101
0.796579
0.804382
0.804696
0.810116
0.791848
0.784494
0.78153
0.780182
0.782327
0.770152
0.778462
0.785689
0.781175
0.781175
0.768689
0.772389
0.770885
0.765982
0.773911
0.772231
0.776997
0.767839
0.765171
0.758402
0.752258
0.763549
0.763549
0.761765
0.766391
0.764885
0.758284
0.755223
0.756848
0.757048
0.7506
0.752324
0.761322
0.755206
0.753649
0.750616
0.753682
0.744402
0.746397
0.747785
0.746563
0.747818
0.749477
0.740031
0.73649
0.743095
0.741298
0.739782
0.737257
0.742893
0.744805
0.744402
0.736881
0.735503
0.735342
0.73768
0.73839
0.735488
0.739945
0.742979
0.73152
0.729403
0.729403
0.730506
0.730812
0.731988
0.735778
0.733964
0.735647
0.727544
0.723531
0.721534
0.727599
0.726401
0.726251
0.729622
0.73074
0.727632
0.721739
0.715616
0.724583
0.722176
0.724966
0.720626
0.724583
0.721676
0.720215
0.712373
0.720228
0.718986
0.723264
0.725109
0.72042
0.718265
0.722047
0.717281
0.710641
0.715215
0.710664
0.716934
0.712348
0.712421
0.716959
0.713264
0.713599
0.712293
0.717737
0.709243
0.708827
0.718278
0.707914
0.70663
0.710537
0.706366
0.712385
0.710572
0.706192
0.706274
0.704447
0.706066
0.707937
0.704239
0.701094
0.709439
0.70448
0.70588
0.708816
0.699882
0.702861
0.704447
0.700059
0.707383
0.697937
0.707614
0.701219
0.702536
0.698251
0.700101
0.701512
0.699578
0.697706
0.705869
0.705869
0.698481
0.693759
0.694644
0.697323
0.7003
0.694304
0.698261
0.695439
0.692148
0.7003
0.7003
0.690938
0.692444
0.698795
0.694664
0.696725
0.695694
0.696935
0.695085
0.695075
0.692052
0.692023
0.695924
0.692071
0.692683
0.691726
0.689105
0.693674
0.69374
0.697832
0.697832
0.691832
0.68949
0.687041
0.691937
0.685912
0.685912
0.689078
0.688683
0.681458
0.68997
0.682665
0.684174
0.690296
0.681702
0.685955
0.679522
0.684526
0.688674
0.688674
0.6887
0.68899
0.682665
0.680658
0.683601
0.681343
0.681343
0.684598
0.688674
0.684298
0.681262
0.684615
0.687376
0.682568
0.68495
0.684738
0.67656
0.684429
0.678725
0.681286
0.680144
0.679514
0.6826
0.68495
0.677798
0.676674
0.675019
0.67627
0.677988
0.678087
0.679613
0.680234
0.673429
0.677996
0.671189
0.679841
0.68127
0.68167
0.674949
0.670361
0.67785
0.678132
0.676263
0.676667
0.674934
0.676484
0.676674
0.671895
0.675148
0.677972
0.679727
0.671895
0.673408
0.672102
0.672102
0.668828
0.669035
0.672294
0.67482
0.670782
0.670782
0.671988
0.670368
0.673614
0.671988
0.669035
0.667301
0.671231
0.6687
0.667187
0.672223
0.670475
0.666519
0.673735
0.669249
0.673942
0.665774
0.677881
0.674169
0.669269
0.671988
0.666115
0.667105
0.670682
0.665774
0.666733
0.666733
0.668032
0.667439
0.664564
0.667616
0.666305
0.669029
0.670562
0.664689
0.66689
0.669029
0.669343
0.667288
0.660977
0.662505
0.669062
0.665553
0.658381
0.666102
0.667743
0.664367
0.664367
0.667963
0.669142
0.666102
0.666525
0.66327
0.659893
0.667951
0.661097
0.665755
0.665881
0.65509
0.659348
0.664588
0.665439
0.665792
0.662618
0.659564
0.659477
0.654967
0.661941
0.661068
0.658134
0.659882
0.659569
0.658165
0.660864
0.65783
0.65509
0.657588
0.661176
0.656288
0.665888
0.66242
0.661091
0.658026
0.658904
0.661199
0.657815
0.657815
0.650826
0.658139
0.653558
0.662403
0.65945
0.661205
0.654558
0.659245
0.655179
0.659342
0.653558
0.65783
0.655085
0.655547
0.65509
0.6567
0.653676
0.657143
0.650178
0.655203
0.651606
0.652158
0.664145
0.654992
0.648764
0.657939
0.647777
0.658571
0.659888
0.654194
0.660325
0.656952
0.65671
0.654095
0.650943
0.653775
0.651056
0.65542
0.656947
0.654962
0.653445
0.653445
0.656839
0.652357
0.650382
0.653775
0.65204
0.656401
0.655528
0.652479
0.647135
0.654869
0.656612
0.647018
0.653455
0.648864
0.650517
0.6504
0.647777
0.647353
0.650282
0.650504
0.651488
0.646916
0.650404
0.651501
0.64561
0.655184
0.650174
0.646905
0.654001
0.647551
0.646043
0.651275
0.65345
0.65443
0.652158
0.645701
0.653006
0.653006
0.649965
0.647018
0.64254
0.65093
0.650713
0.648977
0.647777
0.651497
0.647131
0.64701
0.644519
0.650609
0.647881
0.646039
0.647123
0.647458
0.651052
0.649182
0.647216
0.650065
0.646148
0.644078
0.647333
0.648764
0.642988
0.650178
0.650178
0.644406
0.647022
0.647333
0.644068
0.642315
0.646141
0.641444
0.641132
0.647123
0.64363
0.644399
0.642328
0.644068
0.645592
0.642438
0.640561
0.643856
0.645494
0.642334
0.642215
0.645923
0.645599
0.642656
0.642865
0.639601
0.642978
0.63971
0.647454
0.648977
0.643425
0.643517
0.639929
0.647571
0.643955
0.64526
0.639384
0.639381
0.64625
0.64625
0.641338
0.639923
0.639162
0.641122
0.645828
0.636102
0.635564
0.644727
0.64079
0.638081
0.63796
0.637743
0.641125
0.633933
0.636322
0.63928
0.640918
0.637512
0.642653
0.637732
0.638171
0.63928
0.639713
0.640136
0.640136
0.639372
0.636322
0.641447
0.642762
0.642865
0.637748
0.642311
0.637738
0.635017
0.635127
0.642643
0.637856
0.64003
0.636866
0.636979
0.639491
0.633595
0.639823
0.642544
0.639491
0.63621
0.637526
0.63643
0.639595
0.636552
0.636552
0.636322
0.636309
0.636325
0.639488
0.639485
0.640797
0.637853
0.633482
0.632732
0.635227
0.63785
0.638728
0.633374
0.635791
0.632179
0.639274
0.636534
0.635454
0.633266
0.633599
0.630321
0.631852
0.630762
0.629991
0.638064
0.629877
0.629877
0.636757
0.635017
0.636215
0.629236
0.635344
0.635012
0.631957
0.630762
0.635122
0.636647
0.63644
0.634907
0.635122
0.632181
0.63251
0.633046
0.630429
0.636205
0.63098
0.634045
0.629122
0.634043
0.632397
0.632185
0.63262
0.636212
0.633705
0.62868
0.632512
0.628794
0.635559
0.628791
0.628791
0.627263
0.634576
0.632183
0.63021
0.631744
0.627154
0.632715
0.63348
0.6266
0.627152
0.633046
0.627375
0.627375
0.633158
0.624536
0.63251
0.633262
0.630206
0.635021
0.629672
0.627265
0.632069
0.628905
0.633491
0.630756
0.630984
0.633597
0.633372
0.630322
0.631634
0.627265
0.625514
0.627598
0.62998
0.627487
0.62988
0.629233
0.623766
0.626823
0.630431
0.634576
0.633268
0.627486
0.626934
0.627047
0.627043
0.627043
0.625732
0.630425
0.630425
0.627045
0.623876
0.626935
0.632938
0.629346
0.623766
0.628571
0.631628
0.630878
0.629991
0.624651
0.627157
0.622126
0.625847
0.629126
0.619401
0.623988
0.624204
0.626402
0.62738
0.624318
0.625628
0.629346
0.623764
0.623011
0.625847
0.623011
0.62726
0.624207
0.622457
0.625957
0.627593
0.625737
0.628687
0.627269
0.627374
0.625843
0.626067
0.62246
0.621262
0.622571
0.627151
0.621152
0.626291
0.6229
0.624207
0.625954
0.627155
0.618841
0.62507
0.625515
0.626286
0.622234
0.626708
0.625293
0.620819
0.625407
0.630212
0.624094
0.621487
0.62279
0.621042
0.620819
0.623984
0.625406
0.623013
0.624321
0.620931
0.620931
0.627154
0.624322
0.621374
0.624655
0.621375
0.621485
0.619623
0.626822
0.620068
0.6229
0.620178
0.621041
0.621596
0.618208
0.620707
0.623236
0.621263
0.624537
0.620928
0.624431
0.618096
0.622679
0.620706
0.626928
0.621372
0.619735
0.625852
0.624647
0.626709
0.615151
0.619956
0.621041
0.622678
0.620374
0.621042
0.617536
0.619847
0.620817
0.622457
0.622348
0.619514
0.623545
0.627152
0.621374
0.618319
0.620928
0.623012
0.621485
0.616567
0.622678
0.622682
0.624318
0.621486
0.618207
0.612951
0.620929
0.615263
0.619176
0.617984
0.620596
0.622343
0.619066
0.619291
0.618208
0.619845
0.620929
0.61929
0.613623
0.619624
0.619623
0.619399
0.626713
0.614815
0.622678
0.617984
0.616902
0.621152
0.621264
0.622347
0.62104
0.615674
0.617762
0.627489
0.624316
0.621042
0.621042
0.624096
0.61765
0.611759
0.617985
0.616679
0.621152
0.617762
0.61951
0.61951
0.622014
0.619291
0.622458
0.616233
0.62104
0.616344
0.619959
0.616678
0.619512
0.61601
0.612319
0.621376
0.619513
0.619957
0.61765
0.619402
0.616902
0.615262
0.616679
0.617538
0.614928
0.615262
0.616121
0.614928
0.615263
0.618541
0.621374
0.615708
0.621263
0.612654
0.613287
0.613063
0.610343
0.612206
0.616456
0.619956
0.612206
0.617984
0.615151
0.616679
0.616121
0.614592
0.614816
0.617649
0.61929
0.615039
0.616233
0.612728
0.617759
0.617538
0.613288
0.614369
0.610566
0.612319
0.613288
0.616233
0.614816
0.615039
0.613511
0.608926
0.608705
0.608365
0.609894
0.612952
0.611535
0.614369
0.616678
0.6134
0.610679
0.611089
0.611983
0.611759
0.614816
0.617762
0.613735
0.613735
0.617014
0.615151
0.610568
0.613176
0.61929
0.618208
0.620292
0.616456
0.616121
0.610341
0.609263
0.611759
0.612207
0.609262
0.617013
0.611759
0.610231
0.616568
0.611422
0.613063
0.616567
0.615486
0.610792
0.611238
0.605755
0.610456
0.617314
0.61023
0.616791
0.614816
0.616902
0.611871
0.616232
0.614704
0.615151
0.610232
0.610903
0.615597
0.610116
0.605648
0.616679
0.6134
0.613175
0.606948
0.606948
0.608816
0.613399
0.611983
0.608701
0.610118
0.614928
0.610342
0.609262
0.613623
0.613064
0.611535
0.610898
0.609152
0.612729
0.611871
0.609039
0.611871
0.609782
0.610344
0.608703
0.610343
0.613064
0.610343
0.606726
0.618208
0.609672
0.606837
0.611535
0.60542
0.607059
0.60695
0.61176
0.605532
0.61079
0.605756
0.611871
0.610343
0.604905
0.611872
0.609264
0.611983
0.609444
0.611983
0.607173
0.608589
0.605753
0.603894
0.609895
0.605531
0.610121
0.608816
0.607507
0.606321
0.606946
0.610565
0.607174
0.602365
0.606837
0.607397
0.608814
0.607174
0.608253
0.605984
0.611647
0.608816
0.610232
0.611983
0.607172
0.604456
0.607062
0.603889
0.604
0.607511
0.610229
0.614816
0.607846
0.606541
0.607401
0.607401
0.613176
0.609038
0.607173
0.612431
0.613623
0.607734
0.609038
0.602814
0.605868
0.604338
0.605643
0.608701
0.607399
0.600386
0.601395
0.608702
0.604224
0.605531
0.610344
0.610456
0.6087
0.601059
0.602924
0.604116
0.610231
0.605872
0.605869
0.605079
0.607174
0.603267
0.606951
0.607513
0.604115
0.602252
0.602141
0.607286
0.608928
0.606098
0.607282
0.604119
0.605647
0.608476
0.610567
0.604454
0.609149
0.605982
0.605757
0.60542
0.607175
0.60706
0.606945
0.606095
0.611872
0.60378
0.610232
0.601397
0.602479
0.604904
0.604455
0.603035
0.600092
0.60106
0.613064
0.604852
0.606317
0.602702
0.6065
0.605982
0.605193
0.603266
0.610118
0.605982
0.60695
0.605757
0.607287
0.603038
0.605978
0.602919
0.601915
0.601915
0.609037
0.60434
0.602811
0.601619
0.607399
0.60904
0.608924
0.604454
0.608703
0.604231
0.60762
0.605197
0.604345
0.60434
0.599534
0.605868
0.603668
0.60553
0.601057
0.601907
0.605757
0.601173
0.604342
0.605755
0.602478
0.602478
0.602924
0.602811
0.603264
0.601057
0.606612
0.604006
0.605646
0.604005
0.607174
0.605418
0.60378
0.604452
0.602138
0.599645
0.596581
0.598118
0.600486
0.602475
0.598738
0.600612
0.60292
0.604116
0.601062
0.607176
0.600836
0.60576
0.600496
0.604006
0.600948
0.602814
0.600838
0.605532
0.600383
0.599526
0.603665
0.604972
0.599185
0.597438
0.596246
0.601286
0.598512
0.600836
0.59613
0.6074
0.606609
0.605648
0.607512
0.597664
0.599643
0.602475
0.601286
0.597886
0.602362
0.59777
0.603263
0.60259
0.599752
0.598451
0.598233
0.603155
0.602357
0.602357
0.6014
0.598852
0.597324
0.602698
0.599195
0.601622
0.597781
0.59767
0.600948
0.602363
0.594714
0.601397
0.602479
0.600212
0.604006
0.59659
0.600946
0.600099
0.600609
0.596357
0.600494
0.599647
0.594833
0.595573
0.599302
0.601284
0.59953
0.599647
0.598514
0.600386
0.597773
0.596137
0.596019
0.595069
0.597777
0.597777
0.599302
0.600944
0.599535
0.598229
0.602816
0.59953
0.594727
0.597888
0.600492
0.598856
0.597324
0.597777
0.599409
0.597662
0.600724
0.598116
0.600716
0.596253
0.596253
0.595175
0.600494
0.600609
0.600718
0.602478
0.599304
0.594951
0.599308
0.594601
0.596699
0.594613
0.600499
0.602251
0.591778
0.596588
0.598116
0.597997
0.598965
0.595339
0.603668
0.601914
0.598116
0.595908
0.598562
0.595054
0.59732
0.599417
0.594719
0.597894
0.594825
0.600833
0.600838
0.594377
0.599193
0.594717
0.600948
0.601178
0.599085
0.594724
0.601175
0.598229
0.598233
0.598112
0.595509
0.591889
0.597999
0.593298
0.592961
0.599082
0.594255
0.59109
0.59109
0.595904
0.594603
0.598336
0.598336
0.594498
0.600946
0.59285
0.598969
0.59811
0.599417
0.599187
0.593071
0.597997
0.600722
0.597662
0.599413
0.593074
0.596354
0.596354
0.596354
0.590357
0.599191
0.595175
0.600948
0.595403
0.59834
0.59834
0.593188
0.596918
0.597151
0.593865
0.595059
0.600209
0.597602
0.599415
0.590471
0.593409
0.595057
0.598231
0.596583
0.603041
0.596246
0.597775
0.590133
0.593074
0.596251
0.599195
0.596123
0.596246
0.594833
0.588607
0.577683
0.558816
0.550235
0.550235
0.622024
0.622024
0.571115
0.579173
0.525591
0.526276
0.544546
0.498591
0.448028
0.331786
0.310574
0.291477
0.280648
0.250882
0.2186
0.167871
0.146661
0.133992
0.116422
0.0997238
0.0965881
0.0979704
0.0950483
0.0953252
0.0885866
0.0956933
0.0921349
0.101455
0.0980266
0.0954993
0.0980544
0.0938764
0.0913771
0.0907205
0.0953429
0.0952781
0.0908906
0.0894896
0.0902892
0.0936012
0.0940595
0.091691
0.091691
0.0852325
0.092335
0.0912202
0.088482
0.086963
0.0848262
0.0848262
0.0937847
0.0937847
0.0861104
0.086517
0.086517
0.0859938
0.0885079
0.0893327
0.0859024
0.0887306
0.0790626
0.084237
0.0840133
0.0822719
0.0868317
0.0873949
0.0826946
0.0854812
0.090799
0.0824046
0.0846841
0.0856386
0.0900013
0.0835563
0.084618
0.0877091
0.0893587
0.0893587
0.0816163
0.079736
0.0815676
0.0838309
0.082786
0.0872888
0.0857046
0.0786327
0.0840796
0.0824295
0.0857046
0.0840294
0.0865711
0.0845929
0.0813012
0.0817916
0.0817916
0.0799353
0.0799353
0.0828357
0.0819736
0.0819736
0.0784987
0.0784987
0.0784987
0.0809616
0.0825206
0.0824959
0.0763517
0.07868
0.0796028
0.0761936
0.0768018
0.0789
0.0831085
0.0823631
0.082811
0.0779775
0.0754251
0.0827446
0.0824542
0.0809616
0.0787665
0.0770534
0.0754938
0.0801912
0.0838558
0.085024
0.085024
0.0836983
0.0766677
0.0834157
0.0826117
0.0787665
0.080167
0.0785419
0.0832583
0.0756755
0.0785178
0.0810036
0.078451
0.0811193
0.0794936
0.077457
0.08141
0.0795604
0.08141
0.0824457
0.0801003
0.0762607
0.0770963
0.0746781
0.0746781
0.0805551
0.0805551
0.079445
0.079445
0.0814588
0.0843033
0.0777526
0.0773456
0.0744763
0.0805304
0.0781111
0.0792872
0.0810283
0.0777953
0.0740924
0.0736851
0.0773696
0.0735034
0.0789715
0.0738665
0.0779775
0.0837303
0.0753343
0.0718987
0.0767585
0.0767585
0.0754938
0.0712672
0.0777094
0.0812103
0.0819813
0.0800392
0.0792205
0.0746781
0.0755595
0.0782022
0.0737081
0.0794694
0.0726912
0.0795604
0.0805304
0.0775946
0.0768018
0.0761936
0.0765768
0.0806397
0.0751762
0.0794694
0.0763753
0.0767347
0.0819071
0.0819071
0.0819071
0.0711545
0.0829932
0.078451
0.0778002
0.0738666
0.0738666
0.0783409
0.0787711
0.0745871
0.0789481
0.0719685
0.0759445
0.0721925
0.0721925
0.074409
0.0733013
0.0761936
0.0759445
0.0767347
0.0766677
0.0791486
0.0743617
0.0821807
0.0752445
0.0752445
0.0747927
0.0723296
0.0749742
0.0742507
0.0713579
0.0773662
0.0764858
0.0725095
0.069436
0.0756282
0.0757864
0.0719009
0.0718332
0.0759918
0.0759918
0.0759683
0.0730079
0.0787665
0.0754686
0.0754686
0.0762406
0.075652
0.0730986
0.0775946
0.0730986
0.075109
0.075109
0.0709731
0.0709731
0.0717655
0.0754499
0.0745437
0.070093
0.0736172
0.0717425
0.0778436
0.0761027
0.0698893
0.0741598
0.0750182
0.0698893
0.0754028
0.075652
0.073392
0.0705233
0.0719685
0.0768018
0.0760355
0.0711994
0.0718332
0.0750182
0.0750182
0.0752435
0.0752435
0.0695721
0.0747927
0.0750854
0.0761264
0.0761264
0.0795844
0.0768018
0.0750416
0.0714486
0.0730986
0.0765768
0.0765768
0.07486
0.0729172
0.068874
0.0702064
0.0761264
0.0791538
0.0735503
0.0743181
0.0758102
0.0714486
0.0722389
0.0704545
0.075652
0.073934
0.0730958
0.0686473
0.0650303
0.0708592
0.0738431
0.0738431
0.0773696
0.0747927
0.073392
0.0750854
0.07226
0.0745437
0.0807128
0.066294
0.0778864
0.0793116
0.0766677
0.0699119
0.0741362
0.0694134
0.0716071
0.0731195
0.0726444
0.0740015
0.0759683
0.0721499
0.078269
0.0712902
0.0711994
0.0687154
0.0697987
0.072488
0.0747691
0.0767347
0.0733687
0.0718561
0.0761264
0.0732104
0.0737759
0.0780684
0.0712902
0.0699799
0.0731868
0.0718101
0.0764858
0.0715393
0.0745905
0.0735497
0.0702064
0.0737757
0.0746109
0.0746109
0.0654605
0.0761027
0.0711994
0.0735497
0.07868
0.073934
0.073934
0.0743181
0.075109
0.0697758
0.0730755
0.0721727
0.073143
0.0730309
0.0728263
0.0721925
0.0686696
0.068874
0.0703192
0.0703192
0.0693227
0.0728938
0.0695493
0.0744288
0.0680581
0.0734595
0.0728263
0.0735263
0.0683925
0.0728938
0.0749945
0.0776795
0.0741362
0.0676949
0.0692547
0.0733236
0.0729847
0.0707006
0.0705651
0.0691186
0.072351
0.0743854
0.0729172
0.0729172
0.0716071
0.0696401
0.0742945
0.0699344
0.0741123
0.0672023
0.0729172
0.0690732
0.0757192
0.0743181
0.0713129
0.0708823
0.0693227
0.0700022
0.06799
0.0729172
0.0750861
0.0690052
0.0719009
0.066294
0.0714486
0.0762607
0.0714256
0.0715393
0.0681713
0.0745672
0.0747453
0.0698213
0.0775276
0.0702743
0.0709731
0.0693454
0.0693454
0.0726679
0.0728496
0.0711763
0.0741362
0.0677172
0.0726235
0.0726235
0.0659981
0.0728263
0.0672864
0.0708145
0.0689645
0.0689645
0.0711763
0.069164
0.072351
0.0680125
0.0737081
0.0719663
0.0678312
0.0679219
0.0706329
0.0672469
0.0710409
0.0783841
0.0783841
0.0711317
0.0674678
0.0682394
0.0650435
0.0710178
0.0730755
0.0726912
0.0708823
0.0680807
0.067536
0.0710178
0.0703614
0.0714256
0.0629248
0.0705201
0.0678537
0.06799
0.0725095
0.0682618
0.0713348
0.0741362
0.0676949
0.0678312
0.0678993
0.069685
0.069685
0.0707467
0.0694134
0.0683527
0.0671499
0.0711994
0.0724419
0.0724419
0.069685
0.0688464
0.0724185
0.0678537
0.0706329
0.0677631
0.0671499
0.0722809
0.0686876
0.0646216
0.0690504
0.0672864
0.0681878
0.0729156
0.0687784
0.0695721
0.0721249
0.0708145
0.0638577
0.0710638
0.0715137
0.0741362
0.0697987
0.0669909
0.0732338
0.0689372
0.0638916
0.0693907
0.069164
0.0739105
0.0725095
0.067876
0.067066
0.0694585
0.0628343
0.0679608
0.0694134
0.0694134
0.0728028
0.069096
0.0690732
0.0726912
0.0705651
0.0690732
0.0730079
0.0655975
0.0738431
0.0691186
0.0702706
0.0688464
0.0678537
0.0678537
0.0664307
0.0631057
0.0681713
0.0665213
0.0717425
0.0719663
0.068284
0.0695493
0.0704742
0.0704742
0.0709501
0.0739105
0.0691867
0.066294
0.0703155
0.0707467
0.0714486
0.0720573
0.0720573
0.0721925
0.0728028
0.0710409
0.0691867
0.0726912
0.0690732
0.0690732
0.0713129
0.0724419
0.0648491
0.0674678
0.0743181
0.0694134
0.0725095
0.0723743
0.0667484
0.0680125
0.0713115
0.0713115
0.0713348
0.0686195
0.0733912
0.06634
0.0712223
0.0705651
0.0705651
0.0699573
0.0699573
0.0647776
0.0683523
0.0667023
0.0761936
0.0714256
0.0683755
0.068801
0.0732104
0.0673771
0.0642569
0.0729172
0.0727354
0.0709501
0.0685287
0.0641664
0.0710178
0.0704742
0.0695493
0.0686021
0.0665896
0.0681488
0.0669225
0.0753591
0.0753591
0.0699746
0.0738431
0.0687784
0.0722158
0.0678993
0.0678993
0.0713348
0.0722158
0.0679673
0.065666
0.0681031
0.0673771
0.070093
0.0719895
0.0687784
0.0687784
0.066839
0.0717425
0.06901
0.0642349
0.0669978
0.0682618
0.0665896
0.0704742
0.0678312
0.067536
0.0722389
0.0677405
0.0718332
0.0681261
0.0697758
0.0700479
0.0712223
0.0680125
0.0695493
0.0692547
0.0711763
0.0639604
0.0652577
0.0707915
0.065658
0.0761936
0.0698666
0.0672405
0.0728938
0.0685342
0.0720339
0.0773025
0.0713808
0.0652113
0.0695493
0.0672023
0.0713808
0.0662256
0.066839
0.0709731
0.0724419
0.066475
0.0661351
0.069096
0.0667707
0.0712902
0.070093
0.0722158
0.0722158
0.0710638
0.0729403
0.0716977
0.06833
0.0682168
0.0682168
0.0757895
0.0678537
0.0694814
0.0663845
0.0648933
0.0737081
0.0645752
0.0728496
0.0677855
0.0703422
0.0709959
0.0683755
0.0761936
0.0724185
0.0724419
0.0715841
0.0728496
0.0679673
0.0699573
0.0661351
0.0662326
0.0652798
0.0703422
0.0726679
0.0650523
0.066839
0.0654989
0.0647807
0.0682848
0.0702743
0.0698893
0.0698893
0.0697307
0.0695721
0.0645752
0.0722834
0.0647123
0.0672182
0.0672182
0.0694585
0.0718077
0.0709501
0.0695041
0.0654989
0.0654989
0.0661128
0.0667707
0.0659313
0.0659313
0.0660445
0.0690732
0.0651208
0.0644847
0.0708592
0.0680125
0.0679608
0.0667707
0.0633337
0.0669514
0.0663624
0.068942
0.06799
0.0676267
0.0676267
0.0687154
0.0635615
0.0661128
0.0681031
0.0673834
0.0673834
0.0697533
0.0740924
0.0684887
0.0715164
0.0650741
0.0697987
0.0689144
0.0708145
0.0667484
0.0677855
0.0715393
0.0702515
0.0708145
0.0683755
0.0673771
0.0676724
0.069164
0.0682168
0.0665213
0.0698893
0.0698893
0.0702934
0.0666801
0.0665213
0.0734352
0.0642349
0.0726235
0.0655673
0.0726679
0.0669002
0.0654387
0.0680807
0.0687154
0.0673546
0.0711763
0.0680807
0.0680807
0.0642569
0.0642569
0.0667484
0.06833
0.066794
0.067536
0.067536
0.0711086
0.0668611
0.0706107
0.0630153
0.0643346
0.0706787
0.0666118
0.0634024
0.0715164
0.0660666
0.0660666
0.0676267
0.0677631
0.0657486
0.0663845
0.0636987
0.0643475
0.0652712
0.06833
0.0701837
0.0701837
0.0672182
0.0719429
0.0730537
0.0718777
0.0624686
0.0624686
0.0644379
0.0654989
0.0699344
0.0661571
0.0661571
0.0686249
0.0690279
0.0642126
0.0655895
0.0671499
0.0671499
0.0691411
0.0662718
0.066883
0.0606231
0.0698213
0.072351
0.0687154
0.0715841
0.0683755
0.0659538
0.0659981
0.0672182
0.0676267
0.0693907
0.0690279
0.0669909
0.0664307
0.0662718
0.0662718
0.0708823
0.0620709
0.0695721
0.0711763
0.0687608
0.0673089
0.065658
0.0688286
0.0662034
0.0688914
0.0688914
0.0688914
0.0658855
0.0647123
0.064597
0.065658
0.065658
0.0665671
0.0664529
0.069164
0.0702743
0.0633119
0.0676267
0.0659076
0.0650523
0.0660445
0.0652798
0.0658171
0.0676496
0.0697987
0.0722834
0.0692091
0.0701837
0.0646438
0.0674678
0.0695041
0.0695041
0.0672637
0.0631745
0.0652113
0.0614767
0.0706787
0.0693907
0.0669909
0.0656131
0.0694814
0.0620021
0.0693454
0.0649837
0.06799
0.067536
0.0633119
0.0680807
0.0724419
0.0683925
0.0665653
0.0694585
0.0676949
0.0618643
0.0669978
0.0654082
0.0654082
0.0675421
0.0696401
0.0680807
0.0641289
0.0706559
0.0717167
0.0654304
0.0628343
0.074611
0.0709053
0.0629465
0.0691867
0.0691867
0.065521
0.0687103
0.0678537
0.0664307
0.0655673
0.0687328
0.0617525
0.0617525
0.0680348
0.0687784
0.0691685
0.0691685
0.0666578
0.0666801
0.0716517
0.0644847
0.0670199
0.0664529
0.0664529
0.0721481
0.0699573
0.0648028
0.0660666
0.0673834
0.0673834
0.0677631
0.0669072
0.0675877
0.0687608
0.0685967
0.0638011
0.0663624
0.0665896
0.0594379
0.0631745
0.0631745
0.0647343
0.0647343
0.0683755
0.0632432
0.0688233
0.0698213
0.0667707
0.0664989
0.0677631
0.0672182
0.0669684
0.0672182
0.0672182
0.068801
0.06027
0.0670818
0.062628
0.067066
0.0627184
0.0672864
0.0671956
0.0688464
0.0671275
0.0634606
0.0671275
0.0614554
0.0656438
0.0654304
0.0640757
0.0647123
0.0655895
0.0664529
0.0684887
0.0739574
0.0643255
0.0636886
0.0610196
0.067536
0.0645066
0.0664307
0.0677405
0.0647123
0.0679443
0.0690052
0.0694585
0.0682394
0.0675877
0.0638698
0.0666801
0.0648933
0.064394
0.0643475
0.0643475
0.0690504
0.0657722
0.0657722
0.064394
0.0658171
0.0693227
0.0637793
0.0660666
0.0655673
0.0657486
0.0700252
0.061705
0.066294
0.0669294
0.0746347
0.0637106
0.0669909
0.0698213
0.0663624
0.0688464
0.0648713
0.0645752
0.0632214
0.0671956
0.0671956
0.0649306
0.0678993
0.0663845
0.0683243
0.0652027
0.0644379
0.0678312
0.0609082
0.0654166
0.0686876
0.0685057
0.0663624
0.0654989
0.0631057
0.0691186
0.0624686
0.0720573
0.0720573
0.0677631
0.0661351
0.0616714
0.0627656
0.0627656
0.0641442
0.0641442
0.0659313
0.0595764
0.0674454
0.0665213
0.0636301
0.0644625
0.0659761
0.0657264
0.0610676
0.0627872
0.0627872
0.0688464
0.0626968
0.0701119
0.0673546
0.0646438
0.0639482
0.0629248
0.0665213
0.0644625
0.060262
0.0728938
0.0676267
0.0676267
0.0665896
0.0654989
0.069164
0.0695041
0.0652798
0.0628561
0.0659076
0.0690504
0.0646438
0.0678993
0.0620593
0.0619215
0.0619215
0.0707682
0.0685287
0.0659761
0.0659761
0.0679219
0.0679219
0.0693454
0.0678312
0.0666352
0.0607132
0.0657264
0.0663624
0.0680807
0.0680807
0.0629715
0.069164
0.0622403
0.0698391
0.0632214
0.0676042
0.0653857
0.0680581
0.0659761
0.0669225
0.0726679
0.0688464
0.0641664
0.0650081
0.0655895
0.0698622
0.0648933
0.0654304
0.0669909
0.0645532
0.0690502
0.0612745
0.0646438
0.0674454
0.0674454
0.0711086
0.0664989
0.0679443
0.0632432
0.0674454
0.0649699
0.0667484
0.0681713
0.0694814
0.0662718
0.073799
0.0623781
0.065704
0.0672408
0.0637793
0.0579047
0.063985
0.0598262
0.0624469
0.0671956
0.0672182
0.0608177
0.0620375
0.0634024
0.0634024
0.0658855
0.0659761
0.064562
0.0682848
0.0633805
0.0644379
0.0650741
0.0625375
0.0707006
0.0654766
0.0649837
0.0649837
0.0644847
0.0660445
0.0711086
0.0683755
0.061296
0.0654989
0.0645992
0.0648491
0.068801
0.0654387
0.0640071
0.0676724
0.0676724
0.0638011
0.0631057
0.061227
0.0610933
0.0659761
0.0691867
0.0632214
0.0632214
0.067536
0.0581759
0.0661128
0.0661128
0.0640071
0.0647028
0.0627872
0.0639165
0.0658171
0.0618092
0.0643255
0.0616836
0.0684887
0.0728263
0.0604214
0.0657486
0.0657486
0.0640071
0.0630841
0.0630841
0.0632214
0.061662
0.061662
0.0676267
0.0705651
0.0695941
0.0633119
0.0706329
0.059209
0.0640757
0.0678312
0.0709268
0.0726679
0.0599857
0.0602834
0.0626494
0.0626494
0.0663845
0.0654989
0.0693454
0.0666118
0.0673771
0.0671342
0.0680125
0.0658855
0.0665434
0.0641196
0.0661351
0.0681488
0.0677855
0.0666118
0.0672182
0.0659761
0.0636301
0.06634
0.0733013
0.0635293
0.0654304
0.0661128
0.0651671
0.0662034
0.0662034
0.0672405
0.0645752
0.0645752
0.062628
0.0639262
0.0639262
0.0666118
0.0658171
0.066839
0.069164
0.0697987
0.0619332
0.0642788
0.0637422
0.0654387
0.0627872
0.0676267
0.0682394
0.0714933
0.0669002
0.0661351
0.0642126
0.0676724
0.067536
0.067536
0.0632432
0.066294
0.0654166
0.0654166
0.0654166
0.0654166
0.066839
0.0652113
0.061705
0.0613173
0.068942
0.0647343
0.0674454
0.0642349
0.0673771
0.066294
0.0595072
0.0686249
0.0645752
0.0669514
0.0659981
0.0645283
0.0702969
0.0703649
0.0690052
0.0690052
0.0614767
0.0663624
0.0679219
0.0679219
0.0688514
0.0676267
0.0676267
0.0654166
0.0654166
0.0643255
0.0658855
0.0648247
0.0655532
0.0629029
