0.00537365
0.00353069
0.00797982
0.00765043
0.00478472
0.00847954
0.0109177
0.00655563
0.00704611
0.00622163
0.0110846
0.00512846
0.00957248
0.0069729
0.00982314
0.00663637
0.0110024
0.0124288
0.00369821
0.00487638
0.00689211
0.00369535
0.00622536
0.00621614
0.00292878
0.00378058
0.00210574
0.00924276
0.0105862
0.00185932
0.0068036
0.00688441
0.00713077
0.00671527
0.00537127
0.00764772
0.0109185
0.00663637
0.00638856
0.0101553
0.0116668
0.00662894
0.0136896
0.00949134
0.0122624
0.00638301
0.00948958
0.012429
0.00689016
0.00679982
0.012845
0.0127618
0.00705373
0.00831238
0.00831238
0.00990896
0.0127617
0.011334
0.0128449
0.00880991
0.0135238
0.0110838
0.00957162
0.00915573
0.00990708
0.00974015
0.009742
0.00974015
0.0123456
0.0110846
0.00847812
0.00512135
0.0108355
0.00806121
0.011433
0.00814814
0.00504124
0.00663449
0.00487874
0.00915822
0.00899529
0.00302893
0.00781576
0.0109181
0.00940935
0.0150365
0.0136064
0.00546104
0.00940757
0.00940757
0.00781576
0.00882727
0.0121791
0.00764772
0.00613729
0.00336614
0.00655374
0.00454002
0.00479399
0.0124289
0.00965454
0.00545623
0.0096581
0.00822542
0.00915738
0.00671902
0.00949045
0.00528872
0.00201689
0.00764907
0.00655187
0.0138574
0.0112508
0.0043521
0.0100741
0.00855963
0.00965629
0.00504124
0.00965629
0.0125952
0.00847954
0.00553883
0.00595952
0.00805985
0.00847533
0.00562145
0.0110835
0.00697097
0.00478701
0.00704989
0.0123463
0.0111686
0.00797711
0.0125119
0.00528872
0.0101582
0.00814814
0.00554608
0.00688252
0.0106696
0.009405
0.00444629
0.00940585
0.0094067
0.0052911
0.00563117
0.00923934
0.00570171
0.00746988
0.0093256
0.00856389
0.00822678
0.00352502
0.00756376
0.00965629
0.00201027
0.0083096
0.00915908
0.00243128
0.00688252
0.00923934
0.00957516
0.00679982
0.00418419
0.00814262
0.0055317
0.0122629
0.00671342
0.00822816
0.00915738
0.0052911
0.00899023
0.00790126
0.00444045
0.00856103
0.0036925
0.00503192
0.00704799
0.00545623
0.00671714
0.00973925
0.0068036
0.0122623
0.0105041
0.0053689
0.00973749
0.00847954
0.00663263
0.00965541
0.00663263
0.0111677
0.00806121
0.00872551
0.0109181
0.0096581
0.00679982
0.00974015
0.00646741
0.009323
0.00731738
0.00545862
0.0106696
0.0090763
0.00940935
0.00671714
0.00822816
0.00772903
0.0069729
0.00487638
0.00756644
0.0038601
0.00924102
0.00655187
0.00765043
0.00806396
0.00990801
0.00990615
0.00662894
0.00999106
0.00679794
0.009323
0.00773036
0.0141879
0.00529349
0.011334
0.00470928
0.00957425
0.00990708
0.00924102
0.00949224
0.00630601
0.0120964
0.00839384
0.00797577
0.00336331
0.00797711
0.0112497
0.00663078
0.00830824
0.00764772
0.00638485
0.00655187
0.00621978
0.00856103
0.00671714
0.0101572
0.0103235
0.00663263
0.00806258
0.00907545
0.0124289
0.00907461
0.0125951
0.00965719
0.0105866
0.00688064
0.00671902
0.00218793
0.00982499
0.00789847
0.00932385
0.00915655
0.0110016
0.00806258
0.0111681
0.00696524
0.00839384
0.00671902
0.0130948
0.0072174
0.00839808
0.00713267
0.0043696
0.00864683
0.00345126
0.00855963
0.0083096
0.00999012
0.0111669
0.00226678
0.00755478
0.0068017
0.00688441
0.00932385
0.0108355
0.00949045
0.00488349
0.00932385
0.0123457
0.00949134
0.00613913
0.00789573
0.00772903
0.011085
0.00646557
0.00638485
0.00562628
0.00899186
0.00781036
0.0124287
0.00882811
0.00739861
0.00765181
0.0105859
0.000509836
0.00789573
0.00688441
0.00806536
0.00789573
0.0108351
0.0119304
0.00328107
0.00990801
0.00965902
0.0124288
0.00242459
0.00638485
0.00764772
0.0107529
0.00688823
0.00251694
0.00924102
0.00621795
0.00671714
0.00940846
0.00965541
0.00882563
0.00999106
0.0124288
0.012429
0.00562628
0.0125951
0.00949134
0.00579407
0.0112504
0.0079812
0.0096581
0.0107521
0.00789709
0.00663263
0.0068036
0.0165465
0.0165465
0.00528872
0.00915822
0.00814398
0.00562145
0.00479399
0.009323
0.00924102
0.00957516
0.0134399
0.0102548
0.00528872
0.00275721
0.0052911
0.00613547
0.0125117
0.00806258
0.00235576
0.00847533
0.00639044
0.00470696
0.00814398
0.00630415
0.00806258
0.0141896
0.00570171
0.00957425
0.0108359
0.00403364
0.00529349
0.00806396
0.00940757
0.00848242
0.00773036
0.00789709
0.00847533
0.0141056
0.0111665
0.00957248
0.00571138
0.0111673
0.00696336
0.00999106
0.00789439
0.00738309
0.011584
0.0110016
0.00705373
0.0052015
0.00957077
0.00696713
0.00360733
0.0057041
0.0108351
0.0052062
0.00957608
0.00663449
0.0125952
0.00427824
0.00806258
0.00957516
0.00949045
0.00764638
0.00924017
0.00438009
0.00664017
0.00454002
0.0140217
0.00537365
0.0107518
0.00923934
0.00974015
0.00521096
0.00521096
0.0077277
0.00613547
0.00924276
0.00671714
0.00528872
0.00915822
0.00503889
0.0103372
0.00915995
0.00814814
0.00781439
0.00663637
0.0106692
0.0106685
0.00982224
0.00704799
0.0105862
0.009742
0.0038601
0.0110859
0.00940585
0.0100741
0.00998919
0.00881135
0.0115017
0.00704611
0.00814674
0.0063867
0.00401925
0.00898033
0.00544911
0.0126784
0.0077277
0.000923975
0.0120135
0.0150354
0.012429
0.00394252
0.00705373
0.0105866
0.00973837
0.00679794
0.00872693
0.00864975
0.0120964
0.0105862
0.00772903
0.00839665
0.0132763
0.00495645
0.00630047
0.00949045
0.00537365
0.00924188
0.00957516
0.00924365
0.00588815
0.00789986
0.00797846
0.0106692
0.00949224
0.0137723
0.00512608
0.0120132
0.0108347
0.0125121
0.0105033
0.00688823
0.014105
0.00663263
0.00948787
0.00831665
0.00377771
0.00529349
0.0127617
0.00587433
0.0093256
0.00790126
0.00839384
0.0122625
0.00907545
0.00765043
0.0113344
0.00512846
0.0108351
0.0106704
0.0105033
0.00789709
0.00654816
0.0117642
0.00646927
0.00479399
0.00369821
0.00907461
0.00932832
0.00932832
0.00572162
0.00572162
0.00789573
0.00872551
0.0122626
0.0090763
0.00512608
0.00814535
0.0152834
0.00487874
0.00823095
0.0106699
0.00370398
0.00957425
0.0101713
0.00655753
0.0121793
0.00646927
0.00781304
0.00537846
0.00781439
0.011085
0.0063023
0.00345126
0.0105866
0.00512371
0.0022769
0.00671714
0.0093274
0.00479399
0.00899355
0.00982314
0.00932385
0.00344557
0.00982135
0.0105855
0.00478701
0.0107518
0.00773308
0.00731872
0.00940585
0.00789847
0.0090763
0.00915738
0.0122625
0.00621795
0.00949045
0.015201
0.0110016
0.00487171
0.00823237
0.00990801
0.0107521
0.0109181
0.0112513
0.00773036
0.00537127
0.00588997
0.0107518
0.0104204
0.00940935
0.00671902
0.00957425
0.00529349
0.00965629
0.0068017
0.00814674
0.00814814
0.00789573
0.00974107
0.00806258
0.00806258
0.00882563
0.00915822
0.00537365
0.0068017
0.00965719
0.00370398
0.00990801
0.00889728
0.00831238
0.00974107
0.00789709
0.00377771
0.00521096
0.0068036
0.00781439
0.00781439
0.0068036
0.00630415
0.0068036
0.0108347
0.0068017
0.0107521
0.0107521
0.0072389
0.0063023
0.00814535
0.00924102
0.00513327
0.0142703
0.011085
0.00663637
0.0116697
0.0070518
0.00663263
0.00982406
0.00932472
0.0109185
0.00982406
0.00814535
0.00864683
0.00974107
0.0114171
0.00613913
0.00411905
0.0150354
0.00554365
0.00823095
0.00957516
0.00680552
0.00663449
0.00570651
0.0110835
0.0110012
0.00982224
0.00822816
0.00823237
0.00764506
0.00924017
0.0052062
0.00797711
0.00554608
0.0109185
0.00654451
0.00830824
0.0124286
0.00831379
0.0115836
0.00965719
0.00973925
0.00496116
0.00512846
0.00982224
0.00881573
0.0124286
0.00974015
0.00814674
0.00781439
0.0053689
0.00814398
0.009323
0.00538088
0.0111681
0.00965719
0.0110016
0.00764907
0.00328107
0.00891168
0.0075678
0.0105874
0.00630415
0.0108355
0.00504124
0.0108363
0.00899529
0.0074825
0.00613913
0.00797982
0.0104208
0.011085
0.00781304
0.0093256
0.012013
0.00781576
0.0142724
0.0111665
0.00957797
0.0052062
0.00907545
0.00184935
0.0136884
0.00622349
0.0094067
0.00764638
0.00630415
0.0105866
0.006053
0.00361587
0.0079812
0.0110016
0.00781169
0.0108351
0.00638301
0.00512846
0.00899104
0.00924276
0.0107525
0.0031083
0.00655753
0.0122624
0.00764907
0.00773308
0.00773308
0.0052062
0.0052062
0.0071537
0.00949224
0.0079812
0.00495645
0.0152834
0.00949134
0.00748117
0.00949045
0.0110846
0.00798259
0.0106688
0.0052959
0.00638856
0.00564107
0.00521096
0.00924017
0.00378346
0.0090763
0.00210238
0.0110864
0.00822816
0.00588997
0.00789709
0.00899023
0.00647302
0.00528872
0.00789573
0.0110842
0.00798259
0.00344557
0.00764907
0.012861
0.00915822
0.0100751
0.0100751
0.00806396
0.0075651
0.00806121
0.00882727
0.00957336
0.0112508
0.00646375
0.00487404
0.00781715
0.00638485
0.00655187
0.00655187
0.0100732
0.011085
0.00873273
0.00521096
0.0125123
0.0110842
0.00831238
0.00789709
0.00814674
0.00403074
0.00974015
0.00990801
0.0123455
0.0063867
0.00521337
0.00731607
0.00520858
0.00394252
0.00655374
0.00630601
0.0063023
0.00646927
0.00646927
-0.000331829
-0.0130077
-0.0130077
-0.000918622
-0.0113435
-0.0149287
-0.0295915
-0.0456745
-0.124704
-0.182496
-0.208222
-0.250689
-0.27008
-0.286764
-0.336634
-0.370338
-0.364994
-0.355288
-0.33908
-0.320371
-0.291323
-0.256161
-0.226891
-0.21385
-0.18421
-0.166605
-0.152272
-0.107069
-0.113168
-0.112582
-0.133251
-0.135283
-0.111131
-0.13542
-0.135005
-0.142811
-0.128576
-0.126387
-0.139582
-0.133629
-0.133104
-0.13952
-0.138202
-0.142087
-0.131557
-0.144033
-0.14017
-0.131351
-0.143534
-0.134308
-0.137058
-0.139845
-0.139801
-0.138571
-0.141512
-0.134117
-0.135957
-0.136168
-0.142431
-0.141293
-0.133822
-0.137036
-0.135463
-0.139845
-0.131146
-0.133775
-0.136886
-0.13443
-0.138375
-0.135201
-0.134834
-0.136364
-0.133822
-0.132633
-0.134276
-0.135306
-0.133662
-0.138419
-0.133751
-0.139452
-0.138071
-0.135827
-0.136755
-0.136068
-0.138115
-0.134187
-0.139757
-0.135568
-0.131746
-0.134121
-0.137449
-0.134322
-0.138462
-0.134556
-0.13669
-0.138939
-0.132574
-0.13428
-0.135332
-0.134411
-0.13592
-0.134172
-0.132854
-0.133845
-0.134037
-0.137037
-0.138179
-0.135702
-0.129898
-0.140193
-0.140972
-0.144462
-0.146275
-0.148423
-0.155431
-0.135986
-0.132756
-0.134082
-0.126416
-0.130427
-0.12983
-0.131291
-0.124677
-0.1291
-0.128872
-0.126852
-0.128462
-0.130451
-0.121086
-0.122895
-0.123337
-0.128192
-0.123771
-0.12666
-0.121047
-0.122436
-0.127096
-0.127365
-0.128856
-0.126002
-0.124624
-0.125516
-0.125678
-0.127204
-0.129939
-0.127099
-0.125597
-0.122771
-0.127085
-0.124244
-0.126124
-0.124798
-0.130317
-0.129074
-0.12607
-0.12461
-0.128436
-0.146886
-0.135023
-0.130456
-0.128249
-0.105886
-0.102426
-0.118806
-0.104548
-0.0953575
-0.112415
-0.0999548
-0.105154
-0.10379
-0.0970682
-0.10288
-0.0916566
-0.0931813
-0.0999727
-0.0986454
-0.0984027
-0.099671
-0.0930902
-0.094412
-0.0948899
-0.0942333
-0.0991548
-0.0991782
-0.0966379
-0.0963401
-0.0994922
-0.102326
-0.0997033
-0.093951
-0.0949299
-0.0964573
-0.0962927
-0.0973723
-0.0989666
-0.0932116
-0.0904235
-0.0945755
-0.0912291
-0.0958598
-0.0935665
-0.0911877
-0.0958761
-0.0989785
-0.093222
-0.090197
-0.0951023
-0.0946865
-0.111513
-0.100488
-0.128783
-0.178258
-0.168079
-0.206869
-0.2444
-0.24507
-0.276363
-0.307753
-0.298048
-0.320346
-0.316176
-0.306267
-0.304564
-0.282867
-0.271504
-0.228278
-0.215428
-0.194425
-0.181678
-0.179941
-0.158779
-0.181858
-0.178046
-0.188763
-0.189672
-0.184738
-0.193262
-0.178625
-0.194439
-0.190767
-0.192608
-0.19
-0.18678
-0.191183
-0.187928
-0.189014
-0.199224
-0.192648
-0.195761
-0.195851
-0.200376
-0.194008
-0.199193
-0.199059
-0.195323
-0.198907
-0.197446
-0.198539
-0.198248
-0.196894
-0.19535
-0.200531
-0.196676
-0.198163
-0.196496
-0.195917
-0.197023
-0.198259
-0.198213
-0.205074
-0.198656
-0.198685
-0.201573
-0.198174
-0.201486
-0.20305
-0.201379
-0.194938
-0.203235
-0.201622
-0.201564
-0.202982
-0.196357
-0.209275
-0.199523
-0.202874
-0.19791
-0.203128
-0.202904
-0.202865
-0.205992
-0.197888
-0.197988
-0.19474
-0.197792
-0.194874
-0.202347
-0.194578
-0.199151
-0.204205
-0.199533
-0.197921
-0.204088
-0.200802
-0.208737
-0.205628
-0.197706
-0.200645
-0.205729
-0.204291
-0.203819
-0.202356
-0.197785
-0.205636
-0.207298
-0.203896
-0.208821
-0.202512
-0.205984
-0.205589
-0.207151
-0.199376
-0.205177
-0.199122
-0.204191
-0.195821
-0.202551
-0.203727
-0.199161
-0.19923
-0.199513
-0.200713
-0.198885
-0.203632
-0.203888
-0.20371
-0.20354
-0.205527
-0.205279
-0.200635
-0.205457
-0.200497
-0.207119
-0.200605
-0.205232
-0.206887
-0.206862
-0.201931
-0.207042
-0.206675
-0.2067
-0.203601
-0.209859
-0.205263
-0.206707
-0.205162
-0.208557
-0.198896
-0.202079
-0.206785
-0.201801
-0.205045
-0.20694
-0.19874
-0.201813
-0.203484
-0.2021
-0.20333
-0.20347
-0.201444
-0.200536
-0.209827
-0.203866
-0.206894
-0.200359
-0.208125
-0.203383
-0.203296
-0.210129
-0.209859
-0.204787
-0.209568
-0.209916
-0.209586
-0.206541
-0.21004
-0.205581
-0.203391
-0.200555
-0.210146
-0.206961
-0.209081
-0.2087
-0.195307
-0.20167
-0.194885
-0.199219
-0.204835
-0.207722
-0.209416
-0.217602
-0.217776
-0.227182
-0.222816
-0.217616
-0.232263
-0.243159
-0.272576
-0.291844
-0.301926
-0.319325
-0.309345
-0.318086
-0.323288
-0.313929
-0.285679
-0.287154
-0.280054
-0.260466
-0.248595
-0.252468
-0.236476
-0.243867
-0.257206
-0.262887
-0.272172
-0.277475
-0.283912
-0.292169
-0.310233
-0.335295
-0.331275
-0.351414
-0.356365
-0.362827
-0.371266
-0.36047
-0.373941
-0.368633
-0.38239
-0.39038
-0.389518
-0.409396
-0.408294
-0.422165
-0.402741
-0.415389
-0.418123
-0.425439
-0.450134
-0.439851
-0.442225
-0.435316
-0.437095
-0.433676
-0.44605
-0.435709
-0.429477
-0.420003
-0.409954
-0.411035
-0.410775
-0.411733
-0.411258
-0.417535
-0.409483
-0.398852
-0.398744
-0.405151
-0.383313
-0.375065
-0.393211
-0.404294
-0.416769
-0.436836
-0.450815
-0.475521
-0.492124
-0.509867
-0.500463
-0.519855
-0.526155
-0.511992
-0.496686
-0.486981
-0.472396
-0.452629
-0.441024
-0.436414
-0.431921
-0.422598
-0.400205
-0.406016
-0.391671
-0.376817
-0.363963
-0.346394
-0.332801
-0.329025
-0.307363
-0.307219
-0.292292
-0.280253
-0.285981
-0.286622
-0.286622
-0.272159
-0.298133
-0.284322
-0.297373
-0.307727
-0.302135
-0.315943
-0.308997
-0.300476
-0.296979
-0.30201
-0.31715
-0.317647
-0.3055
-0.298444
-0.299108
-0.277121
-0.275595
-0.275727
-0.261414
-0.256994
-0.244866
-0.257235
-0.263236
-0.260967
-0.262852
-0.249009
-0.255322
-0.257311
-0.259269
-0.255333
-0.247435
-0.253651
-0.25368
-0.264033
-0.258015
-0.274375
-0.276474
-0.268598
-0.281132
-0.254138
-0.281237
-0.272927
-0.287227
-0.27912
-0.281111
-0.291331
-0.282933
-0.289151
-0.289188
-0.283043
-0.278864
-0.289368
-0.283033
-0.282885
-0.27472
-0.287393
-0.281002
-0.283104
-0.274771
-0.289484
-0.293689
-0.285278
-0.279027
-0.293918
-0.293649
-0.287313
-0.291553
-0.293696
-0.29772
-0.29135
-0.293557
-0.297623
-0.312131
-0.303879
-0.31031
-0.318636
-0.31656
-0.324988
-0.320725
-0.32297
-0.320723
-0.331621
-0.320944
-0.337736
-0.316771
-0.3296
-0.329344
-0.333591
-0.335944
-0.337881
-0.335677
-0.329184
-0.331492
-0.343989
-0.341475
-0.333208
-0.331192
-0.328798
-0.329119
-0.331401
-0.339678
-0.341746
-0.341746
-0.352483
-0.362903
-0.360707
-0.369522
-0.372055
-0.386461
-0.363376
-0.383467
-0.379035
-0.383209
-0.38952
-0.382685
-0.374115
-0.387072
-0.37841
-0.384373
-0.375739
-0.38214
-0.38214
-0.382091
-0.393056
-0.388895
-0.390682
-0.394992
-0.401657
-0.407734
-0.401079
-0.408034
-0.397313
-0.398975
-0.350363
-0.329834
-0.340274
-0.333582
-0.32512
-0.331827
-0.323263
-0.316923
-0.314826
-0.310595
-0.316834
-0.304211
-0.293889
-0.302287
-0.293723
-0.29578
-0.297877
-0.299926
-0.295787
-0.302249
-0.297946
-0.297859
-0.279118
-0.302222
-0.28544
-0.29618
-0.293955
-0.294164
-0.285649
-0.294091
-0.294052
-0.298254
-0.283374
-0.296147
-0.287544
-0.287635
-0.291844
-0.295984
-0.291799
-0.302329
-0.308462
-0.308462
-0.312815
-0.314874
-0.302266
-0.300253
-0.313057
-0.308909
-0.302563
-0.32197
-0.319857
-0.319888
-0.330683
-0.330559
-0.332814
-0.328322
-0.323857
-0.319475
-0.325941
-0.323737
-0.321557
-0.319342
-0.319292
-0.327921
-0.310545
-0.310528
-0.314769
-0.308175
-0.3102
-0.305872
-0.316676
-0.312377
-0.325489
-0.331883
-0.301155
-0.313992
-0.32493
-0.320586
-0.317963
-0.320011
-0.333653
-0.331297
-0.328873
-0.3377
-0.333292
-0.326555
-0.335485
-0.328844
-0.319708
-0.330993
-0.333299
-0.326473
-0.322021
-0.330946
-0.313002
-0.321962
-0.315259
-0.319548
-0.323564
-0.323871
-0.325851
-0.318619
-0.338758
-0.329472
-0.320195
-0.32912
-0.322348
-0.324336
-0.326459
-0.317537
-0.317326
-0.317326
-0.310205
-0.310205
-0.307817
-0.298556
-0.30529
-0.30529
-0.29583
-0.29333
-0.300236
-0.301987
-0.301987
-0.310982
-0.306314
-0.308326
-0.303427
-0.290169
-0.3006
-0.297373
-0.305718
-0.304712
-0.302345
-0.312336
-0.309896
-0.312116
-0.321701
-0.315079
-0.307888
-0.324097
-0.317789
-0.305831
-0.310567
-0.308725
-0.303879
-0.301676
-0.310997
-0.308919
-0.31112
-0.304112
-0.304135
-0.315575
-0.313496
-0.315805
-0.315588
-0.313985
-0.313804
-0.325501
-0.318896
-0.30961
-0.321125
-0.323479
-0.307619
-0.325958
-0.312467
-0.303515
-0.307907
-0.303851
-0.301585
-0.294613
-0.310841
-0.301605
-0.299442
-0.301803
-0.306507
-0.310988
-0.310978
-0.30863
-0.304037
-0.30866
-0.306227
-0.310765
-0.31094
-0.31306
-0.31537
-0.324302
-0.315393
-0.320209
-0.329227
-0.315659
-0.309067
-0.313784
-0.31156
-0.309388
-0.307249
-0.296165
-0.313946
-0.307478
-0.305276
-0.303039
-0.3144
-0.2985
-0.294118
-0.307669
-0.305367
-0.314319
-0.309753
-0.316577
-0.316431
-0.325415
-0.309839
-0.31649
-0.318733
-0.316566
-0.334498
-0.33893
-0.343405
-0.341175
-0.347927
-0.343469
-0.328091
-0.301775
-0.295222
-0.303947
-0.301681
-0.323821
-0.294633
-0.308009
-0.308009
-0.31921
-0.314652
-0.327919
-0.334399
-0.338787
-0.332014
-0.334112
-0.331991
-0.32071
-0.318402
-0.334059
-0.32284
-0.334383
-0.332181
-0.332157
-0.323608
-0.316963
-0.31247
-0.308024
-0.308108
-0.299176
-0.306006
-0.312625
-0.310421
-0.319516
-0.319568
-0.321857
-0.333015
-0.324187
-0.335317
-0.330988
-0.328689
-0.333203
-0.326648
-0.320038
-0.31785
-0.320011
-0.322254
-0.326781
-0.320092
-0.322213
-0.317889
-0.32015
-0.320231
-0.322492
-0.326788
-0.329031
-0.324642
-0.324597
-0.33123
-0.337931
-0.340188
-0.336094
-0.327096
-0.329456
-0.329354
-0.329417
-0.333784
-0.331558
-0.335941
-0.337921
-0.344658
-0.340323
-0.342491
-0.333715
-0.338083
-0.327353
-0.325052
-0.329532
-0.32515
-0.32523
-0.331708
-0.323041
-0.329515
-0.338312
-0.333901
-0.333936
-0.333936
-0.336086
-0.33609
-0.32727
-0.329519
-0.340317
-0.331754
-0.342597
-0.340417
-0.327405
-0.338316
-0.336197
-0.336117
-0.338319
-0.338321
-0.338203
-0.33603
-0.338182
-0.34037
-0.331632
-0.342602
-0.333993
-0.333974
-0.333936
-0.336165
-0.334125
-0.329782
-0.336221
-0.336181
-0.334047
-0.338339
-0.336096
-0.334023
-0.340533
-0.336108
-0.338203
-0.346987
-0.342667
-0.342717
-0.346943
-0.342749
-0.346888
-0.349134
-0.347009
-0.340469
-0.344848
-0.344731
-0.342552
-0.338284
-0.338274
-0.344838
-0.340371
-0.344695
-0.34903
-0.340501
-0.340548
-0.338317
-0.342579
-0.338276
-0.342445
-0.333985
-0.344683
-0.340418
-0.340319
-0.342492
-0.342521
-0.342519
-0.342465
-0.342484
-0.348915
-0.351088
-0.351106
-0.342413
-0.344539
-0.344575
-0.342343
-0.342436
-0.353038
-0.348766
-0.348766
-0.342468
-0.353187
-0.357418
-0.35312
-0.346788
-0.348868
-0.353028
-0.3594
-0.346507
-0.342248
-0.346729
-0.346729
-0.348717
-0.350766
-0.348672
-0.342247
-0.34025
-0.344476
-0.346519
-0.340292
-0.333985
-0.33608
-0.340391
-0.353396
-0.353233
-0.361763
-0.361689
-0.357296
-0.350697
-0.337852
-0.333591
-0.335768
-0.339903
-0.337795
-0.350634
-0.361217
-0.346569
-0.34035
-0.346741
-0.353042
-0.352865
-0.354985
-0.354896
-0.342167
-0.350849
-0.342365
-0.34452
-0.353049
-0.351012
-0.35534
-0.344591
-0.344526
-0.350833
-0.346465
-0.346345
-0.344188
-0.346266
-0.339959
-0.335688
-0.339727
-0.341971
-0.356946
-0.354836
-0.361105
-0.356946
-0.352599
-0.348319
-0.350755
-0.344289
-0.342247
-0.333815
-0.346705
-0.338133
-0.352888
-0.352999
-0.357127
-0.354936
-0.359186
-0.352681
-0.350584
-0.346243
-0.339882
-0.337819
-0.344058
-0.337683
-0.339813
-0.348294
-0.346154
-0.346074
-0.362893
-0.35229
-0.35039
-0.350384
-0.339805
-0.333611
-0.339996
-0.339884
-0.354688
-0.352739
-0.354782
-0.350668
-0.350731
-0.350688
-0.356878
-0.363227
-0.352496
-0.358783
-0.356554
-0.352274
-0.345871
-0.343795
-0.337455
-0.337509
-0.346132
-0.34595
-0.350098
-0.350333
-0.350204
-0.350124
-0.352485
-0.343989
-0.33751
-0.346048
-0.346224
-0.350272
-0.350384
-0.350521
-0.346211
-0.361033
-0.367554
-0.361111
-0.36724
-0.3629
-0.350295
-0.350189
-0.345957
-0.345902
-0.339519
-0.348028
-0.33963
-0.35223
-0.358571
-0.350238
-0.362924
-0.360849
-0.350388
-0.354567
-0.348112
-0.34396
-0.341892
-0.337602
-0.339911
-0.342072
-0.346095
-0.343864
-0.343991
-0.34384
-0.346031
-0.350057
-0.347717
-0.349942
-0.341528
-0.339415
-0.339537
-0.343964
-0.360855
-0.354448
-0.350306
-0.354583
-0.354583
-0.356734
-0.350291
-0.350106
-0.337498
-0.335475
-0.341675
-0.337463
-0.343902
-0.352187
-0.343721
-0.34587
-0.343816
-0.333165
-0.328807
-0.33709
-0.324643
-0.314231
-0.3289
-0.339309
-0.326771
-0.333267
-0.343724
-0.339377
-0.337357
-0.333049
-0.331063
-0.331206
-0.324891
-0.327187
-0.327182
-0.325038
-0.335415
-0.333165
-0.337218
-0.339355
-0.324583
-0.332972
-0.328756
-0.326503
-0.32243
-0.33489
-0.330761
-0.326518
-0.326349
-0.31837
-0.318472
-0.3206
-0.312162
-0.316314
-0.312252
-0.310064
-0.322475
-0.326437
-0.318204
-0.318159
-0.309792
-0.322316
-0.318199
-0.3201
-0.313837
-0.311788
-0.326378
-0.324227
-0.320084
-0.303529
-0.307574
-0.315927
-0.303413
-0.309646
-0.315908
-0.317943
-0.317765
-0.315584
-0.311597
-0.319923
-0.307385
-0.315699
-0.315802
-0.305364
-0.305368
-0.303421
-0.290979
-0.309602
-0.311536
-0.309445
-0.301038
-0.305181
-0.313167
-0.30704
-0.299031
-0.296969
-0.294788
-0.290706
-0.290823
-0.286613
-0.29309
-0.268406
-0.264107
-0.268185
-0.285136
-0.295724
-0.297607
-0.295255
-0.305572
-0.298948
-0.303432
-0.286677
-0.278577
-0.27639
-0.282481
-0.274342
-0.266124
-0.266124
-0.249626
-0.247616
-0.247593
-0.255892
-0.260039
-0.258032
-0.25802
-0.260089
-0.256011
-0.253898
-0.249743
-0.255941
-0.260057
-0.260002
-0.270286
-0.26212
-0.262118
-0.274514
-0.26627
-0.264215
-0.264253
-0.258033
-0.260049
-0.266185
-0.262017
-0.257872
-0.259859
-0.26597
-0.259903
-0.259906
-0.259906
-0.257839
-0.263953
-0.257838
-0.257815
-0.259825
-0.261829
-0.257748
-0.25162
-0.247545
-0.255682
-0.243483
-0.247526
-0.24751
-0.251542
-0.247445
-0.247404
-0.261485
-0.255416
-0.247344
-0.255426
-0.251414
-0.249399
-0.253421
-0.243269
-0.243269
-0.243269
-0.243234
-0.251285
-0.251285
-0.253216
-0.253216
-0.247149
-0.251142
-0.249093
-0.249089
-0.24507
-0.247088
-0.247071
-0.242979
-0.248964
-0.246944
-0.244894
-0.238847
-0.248907
-0.244899
-0.250899
-0.242923
-0.248965
-0.240997
-0.24902
-0.243004
-0.255115
-0.259196
-0.261218
-0.263195
-0.26522
-0.275311
-0.275326
-0.277285
-0.281333
-0.289384
-0.291441
-0.295492
-0.291389
-0.297445
-0.293356
-0.297452
-0.299524
-0.299495
-0.301254
-0.295247
-0.30724
-0.307085
-0.315028
-0.320666
-0.31306
-0.315011
-0.311193
-0.315395
-0.313307
-0.315061
-0.321238
-0.325063
-0.323127
-0.330617
-0.32875
-0.328779
-0.324594
-0.328727
-0.322345
-0.334939
-0.335052
-0.335052
-0.336632
-0.336276
-0.330287
-0.340195
-0.334206
-0.342017
-0.337758
-0.333697
-0.341919
-0.335603
-0.331575
-0.329754
-0.328078
-0.33619
-0.331631
-0.327484
-0.332147
-0.329783
-0.331665
-0.337407
-0.33934
-0.329292
-0.338106
-0.338809
-0.340768
-0.343338
-0.348634
-0.348208
-0.348775
-0.348492
-0.342386
-0.348847
-0.340421
-0.340245
-0.345097
-0.334608
-0.332946
-0.32921
-0.336693
-0.332209
-0.334301
-0.328532
-0.334062
-0.338207
-0.336081
-0.341927
-0.32823
-0.334558
-0.337155
-0.341745
-0.340039
-0.332875
-0.335141
-0.337487
-0.340901
-0.349035
-0.343278
-0.342307
-0.342307
-0.341695
-0.331302
-0.335682
-0.333594
-0.33564
-0.330859
-0.337192
-0.344889
-0.338598
-0.334765
-0.335074
-0.330524
-0.330795
-0.343049
-0.32803
-0.329061
-0.332245
-0.331684
-0.340097
-0.336275
-0.335491
-0.336178
-0.329545
-0.333766
-0.332575
-0.326123
-0.318485
-0.320524
-0.323069
-0.330898
-0.326422
-0.317621
-0.323312
-0.331514
-0.311385
-0.324827
-0.32164
-0.327865
-0.321833
-0.31938
-0.332392
-0.322999
-0.324491
-0.323621
-0.321388
-0.332232
-0.327213
-0.325548
-0.321862
-0.317564
-0.321172
-0.317553
-0.308987
-0.314051
-0.306053
-0.30185
-0.310202
-0.308234
-0.307943
-0.314004
-0.311748
-0.311361
-0.309185
-0.316796
-0.310543
-0.310551
-0.312614
-0.306569
-0.302726
-0.307015
-0.295218
-0.299323
-0.305458
-0.311507
-0.29699
-0.297393
-0.301012
-0.298861
-0.292844
-0.298588
-0.292556
-0.290734
-0.299243
-0.292366
-0.293083
-0.290272
-0.293951
-0.298172
-0.29421
-0.289757
-0.286297
-0.279928
-0.280062
-0.280826
-0.278521
-0.276634
-0.27882
-0.276605
-0.274506
-0.282587
-0.278285
-0.278186
-0.280056
-0.279781
-0.274149
-0.276068
-0.269871
-0.271807
-0.273582
-0.271535
-0.26374
-0.267878
-0.259894
-0.260096
-0.256494
-0.254361
-0.262145
-0.259859
-0.263797
-0.257994
-0.25408
-0.247943
-0.257439
-0.261572
-0.265341
-0.245739
-0.257333
-0.243948
-0.236087
-0.241908
-0.244135
-0.244198
-0.239776
-0.247617
-0.242119
-0.24416
-0.248021
-0.250024
-0.249776
-0.253494
-0.253614
-0.241873
-0.23979
-0.231858
-0.228715
-0.221575
-0.231539
-0.231539
-0.25022
-0.241266
-0.241266
-0.233206
-0.228592
-0.239697
-0.232041
-0.230379
-0.228312
-0.228017
-0.222239
-0.216469
-0.212789
-0.206834
-0.214539
-0.222108
-0.220254
-0.212559
-0.220489
-0.222416
-0.222466
-0.218553
-0.216539
-0.214483
-0.204706
-0.200864
-0.202771
-0.202822
-0.208486
-0.204512
-0.218245
-0.206612
-0.204692
-0.206798
-0.202682
-0.194976
-0.191049
-0.192967
-0.188921
-0.202445
-0.198627
-0.194731
-0.190802
-0.192808
-0.196705
-0.196773
-0.188952
-0.189049
-0.188899
-0.192737
-0.183012
-0.181054
-0.186868
-0.18881
-0.188712
-0.188811
-0.177144
-0.180913
-0.18098
-0.184942
-0.179097
-0.175174
-0.175182
-0.181107
-0.177196
-0.169306
-0.175177
-0.17911
-0.169311
-0.177138
-0.177094
-0.169226
-0.167262
-0.171145
-0.182808
-0.178955
-0.171009
-0.172876
-0.169042
-0.173127
-0.167404
-0.159618
-0.159618
-0.167552
-0.165298
-0.169195
-0.15365
-0.153524
-0.15952
-0.157498
-0.155438
-0.159186
-0.159142
-0.153358
-0.153486
-0.151464
-0.159123
-0.157203
-0.151302
-0.155134
-0.155226
-0.151332
-0.153238
-0.14934
-0.149404
-0.147371
-0.151169
-0.151169
-0.154954
-0.149329
-0.151013
-0.147274
-0.155038
-0.156928
-0.14339
-0.151127
-0.149101
-0.141345
-0.141336
-0.14528
-0.14715
-0.14715
-0.14515
-0.141248
-0.141166
-0.146939
-0.14127
-0.1471
-0.139213
-0.139258
-0.146939
-0.137286
-0.145003
-0.141209
-0.13329
-0.13725
-0.133395
-0.141091
-0.137118
-0.137178
-0.135331
-0.135298
-0.133486
-0.125663
-0.133413
-0.129396
-0.131414
-0.12748
-0.13337
-0.123805
-0.125688
-0.137294
-0.133185
-0.135185
-0.127417
-0.127597
-0.129372
-0.129487
-0.127386
-0.119926
-0.118072
-0.114186
-0.11401
-0.114082
-0.117933
-0.117994
-0.114196
-0.114042
-0.115951
-0.116042
-0.119893
-0.119914
-0.115992
-0.11812
-0.110192
-0.113985
-0.119855
-0.121859
-0.113924
-0.116002
-0.113913
-0.115968
-0.113955
-0.117802
-0.117757
-0.113856
-0.115861
-0.117545
-0.113779
-0.117673
-0.119671
-0.110009
-0.115779
-0.115927
-0.119589
-0.115927
-0.115854
-0.115774
-0.119748
-0.111979
-0.117806
-0.106054
-0.113718
-0.117622
-0.110042
-0.108063
-0.117575
-0.106133
-0.115744
-0.111856
-0.108026
-0.113819
-0.110092
-0.110022
-0.117726
-0.108131
-0.117751
-0.115763
-0.108117
-0.111907
-0.107947
-0.108044
-0.111927
-0.110018
-0.104059
-0.111824
-0.106016
-0.11176
-0.113728
-0.111812
-0.109768
-0.109937
-0.107953
-0.104133
-0.107805
-0.105958
-0.104261
-0.102174
-0.111823
-0.106123
-0.109926
-0.108079
-0.104163
-0.10029
-0.106052
-0.106052
-0.102026
-0.109765
-0.109884
-0.107998
-0.104232
-0.102237
-0.10207
-0.103894
-0.105913
-0.104078
-0.102126
-0.10406
-0.107927
-0.107942
-0.104107
-0.107879
-0.100292
-0.10401
-0.102056
-0.105924
-0.101982
-0.0982203
-0.102046
-0.0981831
-0.10597
-0.100213
-0.102068
-0.106022
-0.0983183
-0.102025
-0.105939
-0.102178
-0.0905658
-0.104136
-0.100248
-0.0964817
-0.101953
-0.104027
-0.100089
-0.104053
-0.0943992
-0.0963913
-0.102022
-0.102032
-0.100195
-0.0982349
-0.0963913
-0.0984533
-0.0964297
-0.100173
-0.0982856
-0.105737
-0.0964782
-0.0984953
-0.0942503
-0.0963415
-0.0961382
-0.100068
-0.102113
-0.0980713
-0.0924411
-0.092465
-0.094425
-0.0982681
-0.09238
-0.09613
-0.101815
-0.0982899
-0.0944358
-0.0924345
-0.0906092
-0.096184
-0.103941
-0.0942895
-0.0962753
-0.0982368
-0.0925701
-0.0980399
-0.10018
-0.0980576
-0.0961714
-0.0923934
-0.092335
-0.0943942
-0.0962398
-0.0982099
-0.0942698
-0.0999288
-0.100107
-0.0925773
-0.0943516
-0.0942425
-0.102018
-0.0904478
-0.0905271
-0.0884477
-0.0924682
-0.0923512
-0.0904202
-0.0943436
-0.0942971
-0.103825
-0.0942616
-0.0980016
-0.0885804
-0.086677
-0.096145
-0.0847094
-0.0944173
-0.0885835
-0.0903787
-0.0885119
-0.0923711
-0.0903196
-0.0941434
-0.0866186
-0.0866186
-0.0922251
-0.0942806
-0.0885741
-0.0885677
-0.0922597
-0.0867163
-0.0905342
-0.0886543
-0.0886725
-0.0904788
-0.0942314
-0.090236
-0.090236
-0.0979161
-0.0864574
-0.0903956
-0.0864192
-0.0884175
-0.0921654
-0.0884771
-0.0884456
-0.090527
-0.08652
-0.0923665
-0.0903486
-0.0941896
-0.0941069
-0.0885955
-0.0884526
-0.0846491
-0.0961442
-0.0903765
-0.0921761
-0.0904881
-0.0886512
-0.0807824
-0.0847991
-0.0885154
-0.0865952
-0.0846578
-0.0886066
-0.092311
-0.0886346
-0.0826586
-0.0846833
-0.0960593
-0.0902564
-0.0807869
-0.0866571
-0.0903965
-0.0790487
-0.0904764
-0.0903005
-0.0886556
-0.0866039
-0.0847087
-0.0847537
-0.0866604
-0.09239
-0.0827184
-0.084643
-0.088508
-0.0848445
-0.0885751
-0.0828532
-0.0847851
-0.086487
-0.0867201
-0.0884722
-0.0884799
-0.0846461
-0.0771086
-0.0808543
-0.0864265
-0.0827307
-0.0903956
-0.0846938
-0.0826474
-0.084529
-0.0847507
-0.0828425
-0.0865579
-0.0806755
-0.084649
-0.0827565
-0.088444
-0.0845731
-0.0883913
-0.0865331
-0.0789791
-0.0769941
-0.088553
-0.0848075
-0.086597
-0.0886449
-0.0886299
-0.0885774
-0.084681
-0.084681
-0.084681
-0.0865367
-0.0847761
-0.0848582
-0.0847445
-0.0827477
-0.0826293
-0.0828139
-0.0866396
-0.084716
-0.0847445
-0.0903717
-0.0884157
-0.0864285
-0.084556
-0.0789143
-0.0808518
-0.0866148
-0.0885049
-0.0847413
-0.0828368
-0.0828368
-0.0866892
-0.0847381
-0.0866038
-0.0903972
-0.0865715
-0.0807678
-0.0885292
-0.0827735
-0.0845595
-0.0846996
-0.0866644
-0.0865367
-0.0789212
-0.0846996
-0.0904345
-0.0866571
-0.0806961
-0.0789095
-0.0865479
-0.0789387
-0.0903643
-0.0771305
-0.0790212
-0.0883057
-0.0788537
-0.0807717
-0.0826965
-0.0769468
-0.0788779
-0.0808066
-0.0826807
-0.0827189
-0.0806518
-0.0787821
-0.0846242
-0.0788512
-0.0844545
-0.0806902
-0.0846316
-0.0845235
-0.0809515
-0.0884553
-0.0807455
-0.0807223
-0.0771184
-0.0846352
-0.0846028
-0.0845337
-0.0750477
-0.0769762
-0.0807134
-0.0789312
-0.0864532
-0.0845487
-0.0806747
-0.0788993
-0.0787848
-0.0787821
-0.0768562
-0.0751306
-0.0827989
-0.0882262
-0.0806715
-0.0788059
-0.0769375
-0.0826243
-0.0825732
-0.0788059
-0.0807455
-0.0845337
-0.0844797
-0.0826132
-0.0827801
-0.0807687
-0.0806747
-0.082617
-0.088407
-0.0827128
-0.0732003
-0.0770282
-0.0770282
-0.0826418
-0.08058
-0.0769988
-0.0866586
-0.0789149
-0.0749419
-0.0862659
-0.0826571
-0.0807886
-0.0827699
-0.0769029
-0.0768759
-0.086333
-0.0864777
-0.0844679
-0.0844223
-0.0787942
-0.075061
-0.078747
-0.084522
-0.0768488
-0.0826279
-0.0825915
-0.0749508
-0.0863149
-0.0787441
-0.0768463
-0.0825292
-0.0826243
-0.0825622
-0.0824117
-0.0806388
-0.0823901
-0.0825469
-0.0788296
-0.0827373
-0.0786494
-0.0786494
-0.0767492
-0.080632
-0.0824332
-0.0768598
-0.0770029
-0.0788767
-0.0786992
-0.0750266
-0.0863393
-0.0788441
-0.0711177
-0.0789356
-0.0787849
-0.0807529
-0.0786494
-0.0770083
-0.0750243
-0.0729446
-0.0823915
-0.0825175
-0.0748773
-0.0748747
-0.0824372
-0.0767136
-0.0730652
-0.0770161
-0.0770161
-0.0768626
-0.0844723
-0.080606
-0.0786332
-0.0805624
-0.0807324
-0.0768839
-0.0806438
-0.0730952
-0.0788016
-0.0751411
-0.0748747
-0.0766808
-0.0788378
-0.0731209
-0.0787353
-0.0770353
-0.0712916
-0.0731893
-0.0750063
-0.0711426
-0.0786695
-0.078686
-0.0787785
-0.0750493
-0.0788378
-0.0749022
-0.074927
-0.0749243
-0.0767914
-0.0843622
-0.0731253
-0.0807134
-0.0788016
-0.0805512
-0.0788674
-0.0788313
-0.0805694
-0.0805733
-0.0786597
-0.075099
-0.0770029
-0.0787353
-0.078828
-0.0711389
-0.0808172
-0.0806068
-0.071224
-0.0750637
-0.0788247
-0.0807769
-0.0768451
-0.0767852
-0.0729121
-0.0768689
-0.0786422
-0.0748256
-0.0786195
-0.082438
-0.0750336
-0.0710984
-0.0825644
-0.0748341
-0.0769317
-0.0786159
-0.0768657
-0.0767553
-0.0729577
-0.0786649
-0.0787617
-0.0748586
-0.0769317
-0.0844707
-0.0786792
-0.0766251
-0.0729931
-0.0786386
-0.0767155
-0.0691811
-0.0711571
-0.0690552
-0.0729881
-0.0748859
-0.0730209
-0.0748285
-0.0749132
-0.0823998
-0.07323
-0.0768451
-0.0768451
-0.0787247
-0.0748614
-0.0767389
-0.0767691
-0.071033
-0.0863935
-0.0729855
-0.0748256
-0.0749103
-0.0709852
-0.0823865
-0.0805833
-0.0730132
-0.0787617
-0.072811
-0.0709619
-0.0749706
-0.0749044
-0.0750193
-0.0692082
-0.0692255
-0.0729497
-0.0711809
-0.0768292
-0.0787247
-0.0729524
-0.0729524
-0.0768593
-0.0727971
-0.0766414
-0.0805873
-0.0691087
-0.0768225
-0.0767355
-0.0731395
-0.0749376
-0.071094
-0.071054
-0.0786721
-0.0710564
-0.0768225
-0.0767188
-0.0749648
-0.076789
-0.0823773
-0.0730383
-0.0823016
-0.0728333
-0.0728887
-0.0691288
-0.0710894
-0.0748136
-0.0728305
-0.0767122
-0.0749346
-0.0748648
-0.0786419
-0.0767178
-0.071054
-0.071054
-0.0767623
-0.0805324
-0.0728582
-0.0672068
-0.0729774
-0.0767286
-0.0749014
-0.073015
-0.0730078
-0.0730078
-0.0727606
-0.0729164
-0.0766305
-0.0728771
-0.0691681
-0.0747497
-0.0730105
-0.0690694
-0.0748008
-0.0728859
-0.0748888
-0.0728859
-0.0729077
-0.0728859
-0.0691243
-0.0729136
-0.0747432
-0.0747094
-0.0729746
-0.0728771
-0.0707939
-0.0727544
-0.0747331
-0.0746483
-0.0690671
-0.0766608
-0.0766305
-0.0728128
-0.0746684
-0.0728679
-0.0785776
-0.0766191
-0.0710437
-0.0748616
-0.0748212
-0.0748888
-0.0748888
-0.0767444
-0.0709593
-0.0709593
-0.0671467
-0.0710129
-0.0690314
-0.0785391
-0.0729107
-0.0728741
-0.0747907
-0.0728801
-0.0729412
-0.076805
-0.073015
-0.0746071
-0.0709204
-0.0728403
-0.0728128
-0.0729568
-0.0785391
-0.0748108
-0.0804936
-0.0730241
-0.0785694
-0.0747496
-0.0729262
-0.0748178
-0.0690934
-0.0710182
-0.072871
-0.0728434
-0.0747766
-0.073015
-0.0690498
-0.0708587
-0.0766799
-0.0673289
-0.0766378
-0.0764013
-0.0690575
-0.0709428
-0.069029
-0.069148
-0.0803033
-0.0728647
-0.0710074
-0.0691814
-0.069029
-0.0710017
-0.0708189
-0.0727481
-0.0803144
-0.0689252
-0.0709765
-0.0653756
-0.0729166
-0.0710717
-0.0767597
-0.0689537
-0.0709428
-0.0749364
-0.0690835
-0.0729844
-0.069148
-0.065127
-0.0710074
-0.0728615
-0.0729262
-0.0708499
-0.0765421
-0.0728825
-0.0747567
-0.0746071
-0.0729844
-0.0729781
-0.06906
-0.0728825
-0.069179
-0.0690783
-0.0766113
-0.0710182
-0.0748108
-0.0727966
-0.0710238
-0.0711503
-0.0710606
-0.0691352
-0.0749225
-0.0672609
-0.0691431
-0.0691431
-0.0690835
-0.0712454
-0.0709708
-0.0636111
-0.0710208
-0.0748576
-0.0729599
-0.0749189
-0.0728207
-0.0710354
-0.0711251
-0.0767704
-0.0747655
-0.0748449
-0.0730732
-0.0693026
-0.0673189
-0.0693311
-0.0787081
-0.0730023
-0.0728482
-0.0747348
-0.0731038
-0.0785219
-0.0709988
-0.0709587
-0.0728651
-0.0744919
-0.0670933
-0.0728482
-0.0672499
-0.0766438
-0.0691041
-0.0710886
-0.0728516
-0.0691241
-0.0692
-0.0690756
-0.0731589
-0.0710146
-0.0730976
-0.0727684
-0.0709679
-0.0767398
-0.069169
-0.0690133
-0.0691379
-0.0728241
-0.0730056
-0.0692
-0.0652369
-0.0728722
-0.0709958
-0.0765825
-0.0767174
-0.0729065
-0.0710238
-0.0729374
-0.0728961
-0.067274
-0.0708376
-0.0786304
-0.0728173
-0.0728413
-0.0671271
-0.0691041
-0.0691041
-0.0767214
-0.0693499
-0.0710577
-0.0711754
-0.0709898
-0.0748809
-0.0767133
-0.069112
-0.0709898
-0.0653333
-0.0710577
-0.0690445
-0.0729748
-0.0748576
-0.0710425
-0.0709958
-0.0690105
-0.0728722
-0.0748194
-0.0710177
-0.0746501
-0.0710857
-0.0748194
-0.0690417
-0.074704
-0.0691379
-0.0728791
-0.078516
-0.0691041
-0.0729614
-0.0653039
-0.0691405
-0.0691405
-0.0729235
-0.0691352
-0.0691269
-0.0748425
-0.0710518
-0.0691636
-0.0767093
-0.071036
-0.0747112
-0.0690332
-0.0652155
-0.0729374
-0.0690673
-0.0708655
-0.0747887
-0.0728341
-0.0709114
-0.0804063
-0.0690645
-0.0708835
-0.0691013
-0.070755
-0.0708869
-0.070918
-0.0672063
-0.0691241
-0.0690986
-0.0728541
-0.0710456
-0.0745914
-0.0784336
-0.0690303
-0.065325
-0.0691581
-0.0728578
-0.0767231
-0.0690869
-0.0709524
-0.0671119
-0.0690928
-0.072741
-0.0728067
-0.0709867
-0.0652597
-0.0671536
-0.0671748
-0.0709704
-0.0709459
-0.0709492
-0.0746761
-0.0765518
-0.0708311
-0.0729305
-0.0691325
-0.0710114
-0.0747461
-0.0653666
-0.0652913
-0.0671536
-0.0709245
-0.0710393
-0.0710393
-0.0690332
-0.0785677
-0.067138
-0.0691893
-0.0729957
-0.0710114
-0.0671825
-0.074773
-0.0672665
-0.0709704
-0.0633107
-0.0729709
-0.0746574
-0.0728961
-0.0690839
-0.0748884
-0.0728193
-0.0728814
-0.0710572
-0.0692716
-0.0691212
-0.0710982
-0.0690586
-0.0728541
-0.0727451
-0.0655075
-0.0710538
-0.0672451
-0.0691182
-0.0655117
-0.0728193
-0.0671352
-0.0690586
-0.0728814
-0.0726712
-0.0708141
-0.070901
-0.0689897
-0.0633425
-0.0689897
-0.0673503
-0.0690463
-0.0652233
-0.0692687
-0.0728852
-0.0708106
-0.0691405
-0.0691525
-0.0728466
-0.0708384
-0.0689929
-0.0689203
-0.0690494
-0.0746366
-0.0672298
-0.0653476
-0.0747029
-0.0710226
-0.0652477
-0.0728193
-0.0670461
-0.0689519
-0.0726321
-0.0689236
-0.0745476
-0.0670663
-0.0709288
-0.0689519
-0.0670088
-0.0671352
-0.0613618
-0.0689236
-0.0653061
-0.070908
-0.0746012
-0.0690777
-0.070901
-0.0690928
-0.0709288
-0.0708419
-0.0747126
-0.0689866
-0.0727297
-0.0691779
-0.0652867
-0.0688572
-0.0651574
-0.0632405
-0.0708034
-0.0670979
-0.0706106
-0.0727683
-0.0672271
-0.0689834
-0.0708384
-0.0710156
-0.0708034
-0.0708828
-0.0745121
-0.0670029
-0.074414
-0.0708625
-0.0670979
-0.0709216
-0.0745389
-0.0745389
-0.0707568
-0.070807
-0.0728388
-0.0708311
-0.0728349
-0.0708348
-0.070953
-0.070953
-0.0729982
-0.0689137
-0.0747212
-0.072757
-0.0727491
-0.0726785
-0.063268
-0.0708903
-0.070772
-0.0669968
-0.0707213
-0.0783891
-0.0726866
-0.0689236
-0.0708625
-0.0672243
-0.0746413
-0.0690148
-0.0727139
-0.0727683
-0.0709143
-0.065289
-0.070942
-0.0671927
-0.0691122
-0.0709734
-0.0671983
-0.0671324
-0.0670116
-0.072643
-0.072783
-0.0670633
-0.0765157
-0.0690713
-0.0746101
-0.0747037
-0.0690777
-0.0709636
-0.0708034
-0.0707645
-0.0633341
-0.067253
-0.0651815
-0.0670859
-0.0689137
-0.0726513
-0.0764489
-0.0706699
-0.0689701
-0.0651762
-0.0708828
-0.0652769
-0.0690746
-0.0690366
-0.0708625
-0.0710226
-0.068868
-0.0633273
-0.0689913
-0.0654938
-0.0689768
-0.0671463
-0.0670509
-0.0686452
-0.0726158
-0.0726115
-0.0708199
-0.0708398
-0.0709067
-0.0784457
-0.074677
-0.0689206
-0.0708082
-0.0633177
-0.063357
-0.0708398
-0.0651067
-0.0652425
-0.0727559
-0.0727559
-0.0708625
-0.0690963
-0.0689453
-0.0653353
-0.0688751
-0.0727473
-0.0670285
-0.0708713
-0.0707884
-0.0651067
-0.0632186
-0.0669521
-0.0650776
-0.066965
-0.0746588
-0.069058
-0.0729165
-0.0653301
-0.0744802
-0.0727516
-0.0688434
-0.0672097
-0.0690545
-0.0689453
-0.0709344
-0.0690366
-0.0651734
-0.063357
-0.0653246
-0.0745334
-0.0708437
-0.0671524
-0.0728893
-0.0670509
-0.0728144
-0.0745115
-0.0727683
-0.0727115
-0.0688961
-0.0727516
-0.0710601
-0.0672414
-0.0709067
-0.0633681
-0.0689524
-0.0708437
-0.0710048
-0.0728499
-0.0651329
-0.0652289
-0.0746084
-0.0651998
-0.0669773
-0.0707051
-0.0651299
-0.0727955
-0.0687933
-0.0633202
-0.0669905
-0.0706581
-0.0765897
-0.0671432
-0.0689243
-0.066984
-0.0689054
-0.0688925
-0.0726573
-0.069058
-0.0707766
-0.0689314
-0.0614449
-0.0631967
-0.0688008
-0.0726573
-0.063189
-0.0706416
-0.0652026
-0.0688213
-0.0651329
-0.0668848
-0.0633099
-0.0707644
-0.0669384
-0.0670412
-0.0688997
-0.0670445
-0.0727159
-0.0689631
-0.0707529
-0.0670698
-0.0727071
-0.0726485
-0.0633177
-0.0633742
-0.0689841
-0.0726258
-0.0669634
-0.0725853
-0.0707603
-0.068868
-0.06124
-0.0668848
-0.0632508
-0.0802382
-0.0707961
-0.0631514
-0.0687933
-0.0745695
-0.0671368
-0.0612447
-0.0706563
-0.0707726
-0.0669133
-0.0686936
-0.0725808
-0.0726573
-0.0688888
-0.0687216
-0.0667886
-0.0688532
-0.0688888
-0.0670059
-0.0669313
-0.0746446
-0.066984
-0.0704736
-0.0648661
-0.0687933
-0.072462
-0.0706968
-0.0706374
-0.0725352
-0.0707051
-0.0688774
-0.070895
-0.0707409
-0.0706734
-0.0651238
-0.065185
-0.0707726
-0.0613483
-0.0687933
-0.0687933
-0.0669349
-0.0687816
-0.0687575
-0.0651299
-0.072644
-0.0651529
-0.0632455
-0.0688416
-0.0669453
-0.0688888
-0.0708554
-0.0689169
-0.0708278
-0.0670344
-0.0707961
-0.0669099
-0.0670664
-0.0652171
-0.0670025
-0.0670275
-0.0651969
-0.0652171
-0.0668813
-0.0669453
-0.0631245
-0.0708398
-0.0708429
-0.0705694
-0.0706776
-0.0650336
-0.0745238
-0.0669562
-0.0726256
-0.0688532
-0.0706925
-0.0669883
-0.0725762
-0.0689131
-0.0650596
-0.0688735
-0.0650466
-0.0631429
-0.0707243
-0.0631162
-0.063072
-0.0744706
-0.0669064
-0.0631514
-0.0611647
-0.066999
-0.0631541
-0.0688774
-0.0706882
-0.0689015
-0.0686536
-0.0650532
-0.0726395
-0.0650209
-0.0744193
-0.0708068
-0.0688136
-0.0669453
-0.0650532
-0.0687375
-0.0669277
-0.072689
-0.0707644
-0.065156
-0.0688455
-0.0725034
-0.0688416
-0.0687696
-0.0668955
-0.0744408
-0.0668955
-0.0650789
-0.0744673
-0.0631664
-0.0706475
-0.0595177
-0.0686047
-0.0724301
-0.0687696
-0.0687777
-0.0687095
-0.070643
-0.0689175
-0.0744408
-0.066759
-0.0725844
-0.0725986
-0.0633635
-0.0706838
-0.0670344
-0.0744193
-0.0649564
-0.0668559
-0.0706385
-0.0706979
-0.0633017
-0.0669028
-0.065188
-0.0651144
-0.0444217
-0.029251
-0.00828162
-0.00828162
0.0454688
0.0839337
0.139833
0.187862
0.312076
0.302953
0.362656
0.455381
0.532319
0.597035
0.626921
0.566502
0.502869
0.381369
0.231755
-0.239801
-0.477957
-0.607458
-0.736288
-0.646969
-0.433638
-0.476888
-0.459097
-0.368436
-0.359435
-0.187262
-0.107512
-0.0349227
-0.0045802
0.000919237
-0.000915698
0.00248699
0.00430074
0.00200941
0.00682493
0.00808397
0.00596369
0.00722046
0.00801631
0.00785906
0.00659641
0.00974798
0.0105281
0.00723964
0.00541694
0.00982906
0.00982142
0.0105249
0.00848517
0.00848517
0.00242152
0.00242152
0.0125629
0.0112364
0.0112364
0.00322648
0.0120296
0.0103011
0.00770791
0.00637973
0.0128781
0.0077093
0.011951
0.00936252
0.0126713
0.010533
0.00976945
0.0119423
0.012353
0.00819234
0.0143222
0.0121026
0.0137557
0.0129111
0.0128348
0.0116632
0.00944571
0.00944571
0.00891852
0.0124234
0.0133998
0.0115748
0.0102497
0.0107348
0.0141551
0.0130721
0.0114159
0.0104913
0.0133151
0.0091608
0.0131458
0.0101647
0.0147195
0.00609525
0.0115726
0.0116544
0.0104862
0.0142306
0.0136325
0.00948286
0.00758515
0.00758515
0.00758515
0.0106465
0.010977
0.0089161
0.00783024
0.014789
0.010568
0.0151147
0.00791048
0.0161109
0.0151178
0.0133018
0.00807362
0.0117296
0.0113015
0.0106432
0.0133838
0.0110525
0.0108085
0.0108133
0.011973
0.0174395
0.012791
0.0107235
0.00666379
0.00666379
0.0111298
0.0107266
0.0122125
0.0122986
0.0112968
0.0108903
0.0124606
0.0151147
0.0140253
0.00731643
0.00988651
0.00758387
0.0108022
0.0124545
0.00980673
0.013712
0.0112148
0.0131117
0.00872343
0.0102132
0.0141923
0.0111313
0.0112922
0.00839737
0.0102132
0.0102132
0.0102132
0.0130295
0.0128671
0.00988858
0.0115429
0.0100473
0.011704
0.0174126
0.0102112
0.0145117
0.00913289
0.0097218
0.0127809
0.0147566
0.0135155
0.011704
0.0117026
0.0117862
0.0102142
0.0107055
0.0105413
0.0103782
0.00780722
0.0107867
0.013192
0.0121106
0.00640014
0.0117818
0.0135213
0.0117011
0.0159175
0.0121915
0.00640071
0.0160826
0.0107858
0.0135136
0.01319
0.0105413
0.0135174
0.0151693
0.0110342
0.00615401
0.0151669
0.0163334
0.00788909
0.00921485
0.0139241
0.0148367
0.0148367
0.0121078
0.0121078
0.0132665
0.0135155
0.0140873
0.0122683
0.0122683
0.0119433
0.0163334
0.0133489
0.00829885
0.0122724
0.0167412
0.0109483
0.0110305
0.0118625
0.0121901
0.0124371
0.0122724
0.0111925
0.0129278
0.0139241
0.0112748
0.0126033
0.0122738
0.0135155
0.0138434
0.00946136
0.0139185
0.0138416
0.0109474
0.00838099
0.0137609
0.0095413
0.0149994
0.0124357
0.0100343
0.0141681
0.0164131
0.0151693
0.0166555
0.0109457
0.0110263
0.00978733
0.0129278
0.0129278
0.0126005
0.0136785
0.0112765
0.0112765
0.0121092
0.0144107
0.0144107
0.0144107
0.0153298
0.0120255
0.0141681
0.00945921
0.0137572
0.0121023
0.0153322
0.00954091
0.00986883
0.00640248
0.0149994
0.0149947
0.0147424
0.00764381
0.00954091
0.00788928
0.0147447
0.0147447
0.00805324
0.0138434
0.0177926
0.0162391
0.0120241
0.0136729
0.0136729
0.00995139
0.0113563
0.0109465
0.00929398
0.0123506
0.0107813
0.0107813
0.0167297
0.0123533
0.0123533
0.0152355
0.00995139
0.00995139
0.0115203
0.0123479
0.0176403
0.0121873
0.016242
0.0108643
0.0164016
0.00962266
0.0150796
0.0125154
0.012105
0.0130865
0.0106161
0.0111061
0.0136747
0.0167269
0.0138397
0.0156492
0.0168898
0.00829921
0.0140029
0.0142471
0.0138324
0.0121023
0.011274
0.0115211
0.0105331
0.0109448
0.0151599
0.012105
0.0115203
0.0125939
0.0151599
0.0113547
0.0153205
0.0186321
0.0100324
0.0124303
0.0112724
0.00862848
0.0154055
0.0137535
0.0111917
0.0109448
0.0182934
0.0142401
0.01705
0.0108609
0.0107018
0.0110254
0.0125939
0.0126776
0.0152402
0.0122669
0.00970381
0.0156469
0.0153252
0.0130865
0.0147518
0.0124303
0.0141627
0.0098682
0.0153964
0.0168014
0.0164016
0.0176403
0.0128413
0.0165585
0.01119
0.0122724
0.0168014
0.0125141
0.0125141
0.00870983
0.0140765
0.0126763
0.0155664
0.0155687
0.0106907
0.00995043
0.0127601
0.0182901
0.0126763
0.0128401
0.0187022
0.0125167
0.0170528
0.0111077
0.0158976
0.0102793
0.0153205
0.0143316
0.0144072
0.0150749
0.0140837
0.0114363
0.0156424
0.0153228
0.0117647
0.0182869
0.0115195
0.00912209
0.00912209
0.0140029
0.0130027
0.0169671
0.0116012
0.0116012
0.00846383
0.00846383
0.0156514
0.0112732
0.0125939
0.0129213
0.0172104
0.0145727
0.0104441
0.015976
0.0129189
0.0116844
0.0112716
0.0101147
0.0156492
0.0140819
0.01119
0.0115203
0.0171329
0.0115187
0.0122643
0.0146572
0.0143245
0.00962166
0.0156424
0.0158976
0.00978569
0.013089
0.0156492
0.0101973
0.0130878
0.0146555
0.0130027
0.0133345
0.0162204
0.0162204
0.0112708
0.0187789
0.0153252
0.0154836
0.015808
0.0104434
0.0104434
0.012675
0.0104436
0.01119
0.0133345
0.0133345
0.0158999
0.0135814
0.011602
0.01267
0.0140765
0.010197
0.0160545
0.0147348
0.0111892
0.0158954
0.0155664
0.0117647
0.0117647
0.0130865
0.012675
0.014402
0.0124264
0.0134159
0.014328
0.013253
0.0087926
0.0113524
0.0131716
0.0116814
0.0130014
0.0131655
0.0129239
0.0138342
0.0173792
0.0140801
0.00763432
0.00995043
0.0134135
0.0144125
0.0104438
0.0158909
0.0158976
0.0116822
0.0134159
0.0133332
0.0117654
0.0127588
0.0186062
0.0117669
0.0158909
0.0158909
0.0158931
0.0103614
0.0156424
0.0173737
0.0120109
0.0114348
0.0130878
0.0136607
0.0140801
0.0159738
0.0146555
0.0131667
0.0115997
0.0184529
0.0131655
0.0104436
0.0106905
0.0135839
0.0163842
0.0158887
0.0130039
0.0187757
0.0103612
0.00879389
0.0158954
0.0157252
0.00747387
0.0149801
0.0131691
0.0143262
0.0149005
0.0131667
0.0186925
0.0127588
0.0136642
0.00871042
0.0120949
0.0162182
0.0130052
0.0147365
0.0161419
0.0162204
0.0136607
0.0162161
0.0145744
0.014816
0.0145727
0.0117632
0.0115997
0.0161419
0.0175372
0.0172907
0.0172907
0.0117647
0.0162204
0.0144037
0.014816
0.0159672
0.0152257
0.00978631
0.0128401
0.00648035
0.0113547
0.0134975
0.0126738
0.010608
0.0117647
0.0160545
0.0174595
0.015976
0.00763657
0.0136642
0.0105258
0.0122595
0.0134975
0.0148194
0.0135779
0.0135779
0.0172934
0.0121761
0.0175372
0.0132493
0.0162969
0.014652
0.0121761
0.01474
0.00887529
0.0143245
0.0178618
0.0178618
0.0175345
0.0129239
0.0172934
0.0109378
0.0144089
0.0189484
0.0134147
0.0177115
0.0177115
0.0164673
0.00780093
0.0117647
0.0178724
0.016706
0.0148143
0.0144055
0.0120109
0.011518
0.0160589
0.0161353
0.0121742
0.0102788
0.00747081
0.0165504
0.0101147
0.0148177
0.0129239
0.0129239
0.0163864
0.0173764
0.0134951
0.0136666
0.0136666
0.0193616
0.0162969
0.0163821
0.0106909
0.0175372
0.0132518
0.0134135
0.0148972
0.0190253
0.014816
0.0148143
0.0187789
0.0150663
0.0134963
0.0120109
0.0120109
0.0128351
0.015146
0.0160567
0.0173737
0.0104438
0.0117625
0.0134112
0.0133308
0.0115989
0.0101962
0.0144882
0.0130828
0.0157252
0.0158887
0.0162139
0.0106089
0.0132481
0.0182781
0.0194386
0.0146555
0.0121761
0.0160567
0.0153087
0.0190285
0.0120949
0.0134963
0.0148989
0.0135779
0.0173737
0.0119263
0.0190317
0.0174488
0.0163799
0.0134963
0.0149817
0.0117647
0.0150565
0.00912296
0.0178644
0.0146503
0.0158887
0.0206667
0.0164673
0.0126738
0.0162948
0.012755
0.0123402
0.015976
0.0102788
0.0205071
0.0148228
0.0137435
0.0133285
0.0160567
0.0153119
0.0162161
0.0177892
0.0148989
0.0172934
0.0158058
0.0145692
0.00780334
0.0136595
0.0172907
0.0121761
0.0135756
0.0119269
0.0119283
0.0137435
0.0118472
0.0160545
0.010608
0.0183615
0.0149801
0.0148211
0.0125056
0.0151443
0.0108554
0.00928866
0.00953423
0.0147348
0.0136595
0.0108552
0.0137458
0.014652
0.0178644
0.0178644
0.01168
0.0122581
0.0125063
0.0149801
0.0149784
0.0097005
0.0097005
0.0151476
0.0125063
0.0124242
0.0107722
0.0194386
0.0194386
0.0106902
0.0163864
0.0166356
0.0138275
0.0195189
0.0163864
0.0108556
0.0140739
0.013663
0.0207574
0.0153901
0.0136618
0.0151395
0.0148939
0.0148972
0.0181948
0.0163799
0.00961732
0.0166313
0.0166313
0.0138218
0.010608
0.0130002
0.0158014
0.013332
0.0106902
0.0135779
0.0134112
0.0129176
0.0162991
0.0119276
0.0174488
0.0123408
0.0115982
0.0144797
0.0165418
0.0132493
0.0146453
0.0146503
0.0135779
0.0178671
0.0149752
0.0118444
0.0105252
0.0106903
0.0108551
0.013991
0.0175292
0.0119256
0.0189389
0.0125872
0.00780417
0.0171247
0.0118444
0.0190189
0.013247
0.0106902
0.0148989
0.0134939
0.0134089
0.0150614
0.0161331
0.00928797
0.0174541
0.0149801
0.0121742
0.0123377
0.0150614
0.0186893
0.0148939
0.0119269
0.0165461
0.0155578
0.0160523
0.0112683
0.00953486
0.0149768
0.0139058
0.0161396
0.0161396
0.0120082
0.0123408
0.0134928
0.0164651
0.0138229
0.0122575
0.0165482
0.0121755
0.0137423
0.0149768
0.0158887
0.0158887
0.0202534
0.0122581
0.0199203
0.0162948
0.0124216
0.0078864
0.0134939
0.0163842
0.0134917
0.012421
0.0177034
0.0149784
0.0101962
0.0110202
0.0110202
0.0106903
0.0219798
0.0120102
0.0137401
0.0133285
0.0144865
0.0130793
0.0160501
0.0124229
0.0138263
0.0133251
0.0131631
0.0156394
0.0156394
0.0123389
0.0137423
0.0121748
0.0133296
0.0108554
0.0108554
0.0122581
0.0139898
0.013991
0.0124229
0.0127528
0.0154764
0.0167934
0.0136561
0.00986484
0.00986484
0.011268
0.0148194
0.0153103
0.0125069
0.0152289
0.011268
0.0139898
0.0121761
0.0139887
0.0111854
0.0119283
0.0123377
0.0137412
0.0173684
0.0121755
0.0133262
0.0177007
0.0137401
0.0131667
0.0153087
0.0136618
0.0120935
0.0166271
0.0140717
0.0132458
0.0132458
0.0122575
0.0148972
0.0181089
0.0134928
0.0166271
0.0162139
0.0181089
0.0162118
0.0165461
0.0103608
0.014816
0.0162161
0.0148078
0.0153039
0.0168745
0.0141592
0.0208193
0.015063
0.0120922
0.0150614
0.0132458
0.0138252
0.011929
0.0151411
0.0150614
0.0153023
0.0133296
0.0160458
0.0160458
0.00961766
0.0118457
0.017945
0.00928797
0.00928797
0.0120095
0.0138197
0.0130805
0.0130805
0.0134089
0.0122581
0.0123395
0.0121742
0.0121742
0.0137412
0.0148078
0.0148078
0.0150597
0.0181089
0.012255
0.0120116
0.0139866
0.01547
0.0163778
0.0174541
0.0129179
0.0096998
0.0121768
0.0148939
0.0162118
0.0162118
0.0122568
0.0163821
0.0120082
0.0148094
0.0123408
0.0181974
0.0124222
0.0110202
0.0137423
0.0148907
0.0146486
0.0193397
0.0154732
0.0154732
0.013332
0.016463
0.00961876
0.0152273
0.0163736
0.0139866
0.016463
0.0138218
0.0180205
0.0146453
0.0136573
0.0124222
0.0148955
0.0139069
0.0158014
0.0181089
0.0120089
0.0133273
0.0134112
0.0153055
0.0139887
0.0116817
0.0125872
0.00846452
0.0125866
0.0129168
0.0162991
0.0163799
0.0128339
0.017615
0.0132446
0.01341
0.0123402
0.0121729
0.0109378
0.0107727
0.0183589
0.0128356
0.0153917
0.0152273
0.0172075
0.01267
0.0158873
0.0125063
0.0111854
0.0194324
0.0153103
0.0139069
0.012255
0.0123402
0.0113508
0.0113505
0.0113505
0.01267
0.0125872
0.0165461
0.0165461
0.0157194
0.0151395
0.0153917
0.0141546
0.0125878
0.0166292
0.0169577
0.0140717
0.0121761
0.0135744
0.0110207
0.0179424
0.00920529
0.0153885
0.0108548
0.0150597
0.0139898
0.01341
0.0167913
0.0121735
0.01547
0.01547
0.0125038
0.00961838
0.0124216
0.0109374
0.0153885
0.0112682
0.00961838
0.0153869
0.0138218
0.019593
0.0130008
0.0115161
0.012505
0.0111853
0.0153103
0.0181871
0.0139058
0.0139058
0.0100324
0.0162948
0.0152289
0.0161288
0.0161288
0.0124216
0.0124216
0.0140706
0.012586
0.0153885
0.0112679
0.0145625
0.0163799
0.0152241
0.0162969
0.0162991
0.0167102
0.0152241
0.0195096
0.0141504
0.0163778
0.0153039
0.0152257
0.0124216
0.01069
0.0108554
0.0107721
0.0120089
0.0106077
0.0153885
0.0153885
0.0192625
0.0127534
0.0139898
0.0164567
0.0164567
0.0148989
0.0181922
0.0125063
0.0124204
0.0195126
0.0157194
0.0157194
0.0129174
0.0155547
0.0139092
0.016706
0.0139887
0.0139887
0.0129163
0.0127528
0.0167102
0.0150581
0.0163821
0.0153917
0.0125056
0.0125032
0.0125032
0.0140674
0.0144815
0.011103
0.0108551
0.0153885
0.0138241
0.0109381
0.0170388
0.0151363
0.0111029
0.0154716
0.0139887
0.0169577
0.00970088
0.0125872
0.0152209
0.0126682
0.0167871
0.0140717
0.0125032
0.0155515
0.0169535
0.0167892
0.0167892
0.0182704
0.0139876
0.0112681
0.0123377
0.0197568
0.0143185
0.0142387
0.0153055
0.016463
0.0139069
0.0137412
0.0142398
0.0144036
0.0164609
0.0101141
0.0154716
0.0167934
0.0155531
0.0139081
0.0111023
0.00986634
0.0157178
0.0181038
0.0196795
0.0196795
0.0156378
0.0141535
0.0128351
0.0113509
0.0126694
0.016544
0.0143195
0.0155562
0.0127528
0.0130838
0.0113508
0.0140717
0.017116
0.0153933
0.0163715
0.0151427
0.0138208
0.0167081
0.0116816
0.0138241
0.0172887
0.0107723
0.0141546
0.0129997
0.0129997
0.00813499
0.0137401
0.0141557
0.013739
0.00821733
0.017118
0.0193336
0.0193336
0.0107724
0.0135744
0.0127522
0.014647
0.0143206
0.0130008
0.0165397
0.0175328
0.0114332
0.0153071
0.0182781
0.0111025
0.0153869
0.0153901
0.0149752
0.0112681
0.0112681
0.0111026
0.0168765
0.0168765
0.0145642
0.0153885
0.0101146
0.0149768
0.0140695
0.0169556
0.012505
0.0133262
0.0142376
0.0156362
0.0140695
0.0175318
0.0123383
0.00937105
0.0109374
0.0176097
0.0176097
0.0170368
0.0182781
0.0171242
0.0117645
0.0153917
0.015969
0.0115988
0.0158857
0.0188544
0.0126682
0.0126682
0.0149815
0.0130003
0.0130003
0.0156347
0.0183641
0.0170388
0.0129179
0.0203269
0.0203269
0.0184371
0.0167892
0.0185231
0.0158842
0.0155547
0.0182653
0.0155562
0.0144015
0.0133322
0.0158842
0.00994891
0.0144015
0.0180257
0.00978379
0.0127516
0.014811
0.0184371
0.0196734
0.0170388
0.0137401
0.0164588
0.0116816
0.0170327
0.0153901
0.0180205
0.0115989
0.012421
0.0126694
0.0162948
0.0164567
0.0143185
0.0183487
0.0151395
0.0151395
0.0151395
0.0149704
0.0194293
0.0194293
0.016625
0.0156347
0.0167892
0.0149784
0.0181871
0.0191792
0.0140695
0.0111026
0.0129168
0.0123365
0.0141535
0.0141535
0.00970088
0.0121735
0.0166187
0.0142355
0.0141514
0.0152209
0.0218164
0.0218164
0.017368
0.0129158
0.0129158
0.01555
0.01555
0.0156378
0.014811
0.0181012
0.0153869
0.0142365
0.0129174
0.00986675
