0.00476807
0.00325414
-0.00709052
0.00272159
-0.00409487
0.00500412
0.000962853
0.00310044
0.0068904
0.00135713
0.0119552
-0.000212522
0.00515764
0.00491574
0.00492737
0.00169061
0.00515175
0.005075
-0.00243111
-0.00092455
0.00161355
-0.000611904
0.00854618
0.00143905
-0.00014007
0.00324878
-0.000135361
0.00152615
0.00135713
0.00333643
-0.000380636
0.00674343
-0.00195953
0.00112627
0.0010542
0.00514591
0.00317729
-0.0042386
0.00256794
0.00848965
0.00421994
0.00808108
0.00310044
-0.000688981
0.00626552
0.00429105
0.00153129
0.00270585
0.00256794
0.00135713
0.00626552
0.00626552
-0.000607406
0.00285943
0.00285943
0.00817048
0.0010542
-0.000761585
0.00467993
0.00104932
0.00104932
0.00278264
-0.000997227
0.00286465
-0.0021995
0.00324878
0.00324878
-0.00368525
0.00310582
0.0011411
0.00634206
-0.000308037
-0.000448615
0.00113115
0.00477389
-0.000443968
0.00247045
0.00460325
0.00287526
-0.00188647
0.00429659
0.00467993
0.00332563
0.00332563
0.00300784
-0.000766051
0.000573819
0.00825352
-0.00242707
0.00423117
0.0010542
0.00436218
0.00112627
-0.000439264
0.00239371
-0.000607406
-0.000607406
0.0039134
0.00435674
0.00390253
0.00390253
-0.00194661
0.00817048
0.0012951
0.00301829
0.00460325
0.00112627
-0.000616343
-0.000135361
0.00499826
0.00343
0.00256794
0.00666681
-0.00432324
0.00618899
0.00343
0.00264476
0.000732175
0.00800468
0.0011411
0.0011411
0.00436768
-0.00219128
-0.000693404
0.00333643
-0.00242298
0.00135713
0.00286465
0.0077755
-0.00448484
-0.00091574
0.00459764
0.00461464
-0.00258942
0.0023887
-0.00242298
0.00626552
0.00254217
0.00270073
0.000655294
-0.000761585
0.00611847
0.00231197
0.00239877
0.00641861
0.00390253
0.00240908
0.000818534
0.00120322
0.00412693
-0.0010829
0.00431358
-0.00336816
0.00240908
0.000905196
-0.000693404
-0.000697769
0.00167003
0.00287526
0.00469715
1.89797e-05
0.00255746
0.00444991
0.00255746
0.00113115
-0.00470973
0.000818534
0.00248067
0.00239371
0.00769912
-0.000920175
0.00421441
0.00982032
0.000977244
-0.0021995
0.00420894
-0.000693404
-0.000693404
0.00469135
-0.00242707
-0.001878
0.00475662
-0.000611904
0.00287526
0.00287526
0.00065997
0.00065997
0.0025523
-0.000376091
-0.00755952
0.00650739
0.00436768
0.0025472
0.00428556
0.00648913
0.00626552
0.00452098
-0.000521105
0.00325955
0.00474539
0.005075
0.00278784
0.00316666
0.00332563
0.00128509
-0.000448615
0.00341331
0.00324878
0.00484479
0.00144406
-0.000212522
0.00128509
0.00142921
-0.00234986
0.0027931
0.00491574
0.00120812
0.0118717
0.00468561
0.00279842
0.00468561
0.00468561
0.00444991
0.00475098
0.00475098
0.00270585
0.00618302
0.0080176
-0.00092455
0.00491001
0.00421441
0.00129007
0.00446124
0.00453223
-0.000530307
0.00136207
0.0100561
0.00255746
0.00128509
0.00128017
0.00580052
0.00460892
0.00650124
0.00800468
0.00800468
-0.000688981
0.00318268
0.00231697
0.00309511
0.00309511
0.0025472
0.00277241
0.00430219
0.00581236
0.00421441
0.00120812
-0.00164176
-0.00164176
-0.000838666
0.00263947
0.00420353
0.00278264
-0.00574765
0.00286993
-0.000144721
0.00461464
0.00332032
0.00656567
0.00286465
0.00318268
0.00104451
0.00112144
0.00286993
0.00477389
0.00286465
-0.00361572
0.00128017
-0.000856116
0.00341331
0.00334192
0.00453223
0.00286465
-0.000453202
-0.000539276
0.00476807
0.00128509
0.0101255
0.0101255
-0.00385177
0.00445554
-0.000135361
-0.00234986
0.00482765
0.00272695
0.00112627
0.00333643
0.00406116
0.00406116
0.00278784
-0.000376091
-0.000530307
0.00816396
0.00152106
-0.000534821
0.00483902
0.00492737
-0.00273983
0.00833666
0.00618899
0.00129007
-0.0023579
0.00294147
0.0014341
0.00112627
0.00862265
0.00864267
-0.00243111
0.00650124
-0.000607406
-0.00416125
0.00619501
0.00135226
0.00459764
0.00318268
0.00310044
0.00633606
0.00120812
-0.000534821
-5.81936e-05
0.00137211
0.00839984
0.00492152
0.00318268
0.00484479
0.00515175
-0.00242298
-0.000838666
-0.000838666
0.00302896
0.00499246
-0.00219128
-0.00281699
0.00832338
0.00666681
0.00111667
0.0079477
0.00444433
0.000885954
0.00285943
0.000813768
0.00128017
0.00460325
0.00136207
0.00451545
0.00318268
0.00325955
0.00475662
0.00625954
0.00467993
0.00104932
-0.00227671
0.00286993
0.00105913
0.00105913
0.00492152
0.0027775
0.00128509
0.00128017
0.00256267
0.00144406
0.00627156
0.00119837
0.00144913
0.00113115
0.00309511
0.0066544
0.00831034
0.00285427
-0.00211404
0.00255746
0.00437325
-0.00100159
0.00264476
-0.000766051
0.00476231
0.00310044
0.00308985
0.00142921
-0.000380636
-0.000607406
0.00255746
0.00406116
-0.00258148
-0.000298974
0.00483902
0.00626552
0.00460892
0.00324878
0.00324878
0.00159807
0.00459764
0.00151604
0.00310044
0.00112627
0.00794117
0.00648316
0.00135713
0.00286993
0.00302896
0.00711401
0.00711401
0.00294676
0.00349572
0.00137211
0.00120322
0.00268569
0.00293623
0.000809061
0.00261891
0.0014341
0.00499246
0.0012181
0.000732175
0.00317195
0.000967591
0.00167509
0.00673718
0.00491001
0.0030236
-0.00385924
0.0100492
0.00498671
0.00325955
-0.000221851
-0.000457731
-0.000149314
-0.00060285
-0.000376091
0.0014341
0.0034902
0.00295211
0.00119359
-0.000298974
0.0030236
0.00444433
-0.00392534
0.00264476
0.000962853
0.000977244
0.00588291
0.00452658
0.000506196
0.00272695
0.00112627
0.00308985
0.00469135
0.00144406
0.00144406
0.000573819
0.00499246
0.00444991
0.0027775
0.00286993
0.00111667
-0.00179638
0.00295752
-0.00092455
-0.00384406
0.00491574
0.00127051
0.00460325
0.00501004
0.00705634
-0.00234986
-0.000298974
-0.0023579
0.00506342
0.00294147
0.00309511
-0.00258148
0.00310044
-0.00060285
0.0106189
9.55613e-06
-0.00370453
0.00309511
-0.00511331
0.00104451
0.00871244
0.00816396
0.00816396
0.00831683
-0.000543672
0.00460325
-0.00195953
0.00136706
0.00476807
0.00476807
0.0045437
0.00106411
0.00319366
0.00516961
0.00453223
-0.000620723
0.00838677
0.00285943
0.00436218
0.00159807
0.00467993
0.00215854
0.00239371
0.00406666
0.00285943
-0.00251616
0.00263947
0.000890677
0.00303439
0.0027931
0.00310044
-0.000693404
0.00666058
0.00603594
0.00310044
0.00119359
0.0010542
0.00105913
0.00309511
-0.000616343
-0.000920175
0.00648913
0.000905196
0.00627766
0.00238375
0.00300784
0.00483331
0.00263947
0.00491574
0.00491574
0.00476807
0.00476807
-0.000616343
-0.000847508
0.005075
0.00262907
0.00271629
0.00626552
-0.000611904
0.00476807
0.00287526
-0.00115991
-0.00115991
-0.000530307
1.89797e-05
0.00649516
0.00128017
0.00294147
0.00603594
0.00271104
0.00634206
0.00152106
0.00641861
0.00239371
0.00112627
0.00761645
0.000809061
-0.000684499
-0.00203678
-0.00092455
-0.00613502
-0.00235391
0.0011411
0.00263947
0.00120812
0.0041545
0.00610062
0.00120812
0.00120812
0.0063604
0.00119837
0.00469135
0.00819039
-0.000530307
0.00104932
-0.00234575
0.00460892
-0.000688981
0.0011361
0.00580052
0.00485063
-0.00234575
0.00104932
0.00800468
0.0030236
-0.00416125
0.00317729
0.00286993
0.0012181
0.0100423
0.00341331
0.00169061
0.00152106
-0.000303535
-0.000607406
0.00269566
0.00628382
-0.000530307
0.00428556
0.00752772
0.000655294
0.00152106
0.00121308
0.00295211
0.00429105
0.00452658
-0.000130593
-0.000843116
-0.000693404
0.00421994
0.00469135
0.00642468
0.000818534
-0.00234986
0.00120812
0.00120812
-0.00256912
-0.000688981
-0.00582181
0.00239371
-0.000611904
-0.000611904
-0.000607406
-0.00067536
0.00467993
0.00316666
0.00628382
0.00318814
-0.000125767
0.00414887
0.00483902
0.000736866
0.00239877
0.00325414
0.00247045
0.006437
0.00278784
0.00406116
0.0059535
-0.000752478
0.00295752
0.00611246
0.00239877
0.00905789
0.00453223
0.00232201
-0.00281304
-0.000920175
0.00406116
-0.00416125
-0.00100589
-0.00447427
0.00452658
0.00272159
0.00272159
-0.000530307
0.00413778
0.00240908
0.00295211
0.00437325
0.00635423
0.00469135
0.00233229
0.00382594
0.00270585
0.00209178
0.00260897
0.000972388
0.00271104
0.000429318
0.00042469
0.00042469
0.00469135
-0.000448615
0.00468561
0.00286993
-0.00234159
0.0027931
0.00460892
0.00279842
0.0066544
0.00657782
-0.00241883
0.00611246
-0.00462529
0.0010542
0.000890677
0.00919708
0.00919708
0.00280924
0.00430786
-0.00115991
0.00429105
0.00272695
-0.00590262
0.00286465
0.00310582
0.00438454
0.0013002
0.00270073
0.00801111
0.00619501
-0.00091574
0.00452098
0.00240389
0.00399003
-0.000928868
-0.000525735
-0.000525735
-0.00115991
0.00113115
0.00643081
0.000895458
0.0027931
0.000823358
0.00264476
0.0011361
0.00603594
0.00815109
0.0027931
0.00104451
0.00792192
0.00399003
-0.000611904
-0.000607406
0.000977244
0.00429105
0.00075129
0.00075129
-0.00265463
0.00517568
0.00128509
0.00620109
-0.000843116
0.00248067
0.00286465
0.00453223
-0.0018693
-0.0021995
-0.000212522
0.00241432
0.00241432
-0.00225144
0.00619501
-0.000448615
-0.000448615
0.00248067
-0.00249187
-0.0025002
0.00128509
0.00042012
0.00620109
0.00451545
-0.0032103
0.000804413
-0.00203678
0.00302896
0.00294676
-0.00234986
-0.00259331
-0.00259331
0.00459764
0.00104451
-0.00219128
-0.00408761
0.00128509
0.00269566
0.00269566
0.00269566
0.00269566
-0.00258942
-0.00258942
0.000741616
0.000741616
0.00105913
0.000982158
-0.00771477
0.00444991
-0.00243111
0.00286993
0.00445554
0.00491001
0.00633606
-0.000448615
-0.00234986
0.00617711
-0.000620723
0.00308985
0.000818534
0.00467431
0.00435135
0.00435135
0.00484479
-0.0056668
0.00295211
0.000977244
0.000501552
0.000501552
0.00104932
0.00462042
-0.00115131
-0.00115131
0.000905196
-0.00447063
0.00982032
0.0316246
0.0290348
0.0433797
0.0465633
0.0669089
0.0740555
0.0740555
0.18205
0.185033
0.14515
0.0599008
0.0391134
0.0210339
0.0284271
0.0426677
0.0609522
0.0609522
0.0543702
0.0489698
0.0396231
0.0395066
0.0523696
0.0504034
0.046306
0.0446042
0.034216
0.0373434
0.0356474
0.033842
0.0359243
0.0341905
0.0333433
0.0374654
0.0427115
0.0429785
0.0391485
0.0430229
0.0430229
0.0320112
0.0376416
0.0376416
0.0409815
0.0391625
0.0391625
0.0413984
0.0377162
0.0412786
0.0376553
0.0447392
0.0432306
0.0395025
0.0325356
0.0325356
0.0345282
0.043112
0.0376145
0.0359329
0.0414273
0.0374386
0.0374386
0.0391952
0.039019
0.037452
0.0371407
0.0409386
0.0304181
0.0304181
0.0360339
0.0353229
0.030193
0.0371142
0.030343
0.039595
0.0392229
0.0340536
0.0395346
0.0411899
0.0377162
0.0376755
0.0327483
0.0398324
0.0340792
0.0407018
0.0395206
0.044872
0.0424005
0.034041
0.0391814
0.0396835
0.0394322
0.0509867
0.0709206
0.100133
0.110815
0.123322
0.086682
0.0896292
0.0859844
0.0770539
0.0770539
0.0985351
0.0878799
0.0932881
0.0928098
0.104111
0.102446
0.0896746
0.0797121
0.0876865
0.0953579
0.0989145
0.102219
0.102219
0.090161
0.09209
0.0866567
0.0953579
0.100172
0.0984774
0.0984774
0.0937769
0.0898949
0.0971511
0.0862526
0.0913525
0.0919029
0.0866567
0.0969821
0.100708
0.0913339
0.0898367
0.0897913
0.0878086
0.0708274
0.0830411
0.0842611
0.0917607
0.0954996
0.0900827
0.0900827
0.170216
0.199019
0.213757
0.193167
0.172291
0.179735
0.161473
0.163559
0.168648
0.15957
0.164858
0.166771
0.165136
0.165136
0.166664
0.166664
0.149132
0.14914
0.153953
0.151356
0.161154
0.166528
0.157738
0.163199
0.151499
0.147497
0.144263
0.150947
0.153069
0.159888
0.147215
0.151632
0.151632
0.150738
0.15481
0.158055
0.151632
0.154732
0.154783
0.153201
0.153201
0.145973
0.149311
0.149578
0.163346
0.155036
0.155036
0.156948
0.147646
0.151366
0.151366
0.178683
0.162164
0.128678
0.0748781
0.0484411
0.0407528
0.0245394
0.0288215
0.0301
0.0372499
0.0480147
0.0573144
0.0434531
0.0394927
0.0317024
0.0427128
0.0501004
0.0397159
0.0375265
0.0355082
0.0413529
0.051714
0.051714
0.0467765
0.0342653
0.0374997
0.0359945
0.0484783
0.049249
0.0447674
0.0550054
0.0412956
0.0444851
0.0504771
0.0435572
0.0435572
0.0488548
0.0519512
0.0464071
0.0413098
0.0481935
0.0481935
0.0484305
0.0435572
0.0500106
0.039595
0.0382246
0.0413241
0.0413241
0.0451812
0.045092
0.0377366
0.0345153
0.0429192
0.0429192
0.0380482
0.0448851
0.0397439
0.0398927
0.0379736
0.0438693
0.0438996
0.0450331
0.0470566
0.0470139
0.0417555
0.0505012
0.0490112
0.0453446
0.0450331
0.0468504
0.0436165
0.0470295
0.0436757
0.0438693
0.0436165
0.0467921
0.0469399
0.050133
0.0411756
0.0432603
0.0432603
0.0360207
0.0412356
0.0400097
0.0448851
0.0419331
0.0430081
0.0430081
0.0416502
0.0432011
0.0434531
0.04487
0.0375876
0.0375876
0.0483885
0.0448549
0.0467765
0.0470295
0.0448851
0.0470295
0.0468234
0.0450331
0.04329
0.0434531
0.0484623
0.0503869
0.0503869
0.0472672
0.0463025
0.044781
0.044781
0.0413098
0.0465394
0.0412499
0.044648
0.0394322
0.0398927
0.0377771
0.0433938
0.0433938
0.0363327
0.0449155
0.0410447
0.0451224
0.0484464
0.0432011
0.0464226
0.0396835
0.0468504
0.045018
0.0448851
0.0430675
0.0419172
0.0468392
0.0483885
0.0399068
0.0469556
0.0469556
0.0434088
0.0486836
0.0414418
0.0462594
0.046481
0.0451072
0.0461548
0.0465549
0.0415327
0.0432306
0.0361218
0.0416197
0.0416197
0.0452117
0.0431269
0.0461856
0.0453907
0.0398043
0.0414727
0.0451964
0.045018
0.0454803
0.047003
0.0444261
0.0451224
0.0448851
0.0435422
0.0453011
0.0398927
0.0398927
0.051714
0.0466599
0.048241
0.0469556
0.0523526
0.0449289
0.0466871
0.0451964
0.050133
0.0415614
0.0446193
0.0481514
0.0393578
0.0429934
0.0415759
0.0413241
0.04007
0.039921
0.0428159
0.0378111
0.0472091
0.0435273
0.0449003
0.0468974
0.0416956
0.0416956
0.0418281
0.0418281
0.0346031
0.0488635
0.0488635
0.0449743
0.046244
0.046244
0.0464226
0.0471351
0.0471193
0.0469871
0.0469871
0.0429787
0.0381363
0.0417391
0.0416502
0.0392557
0.0469556
0.0462594
0.0418443
0.0426822
0.0426822
0.044781
0.0445591
0.0464501
0.044722
0.0415016
0.044574
0.046761
0.0539679
0.0628443
0.0686952
0.0666682
0.0773926
0.0766642
0.0785119
0.0918442
0.0925876
0.0936926
0.0798789
0.0907204
0.08815
0.0819877
0.0904031
0.0833082
0.0757611
0.0687984
0.0721054
0.0721054
0.0737241
0.0678361
0.0483567
0.0553502
0.0626602
0.0622967
0.0555671
0.0515671
0.0427418
0.0405817
0.0423714
0.0425341
0.0533121
0.0445891
0.0439528
0.0373641
0.0404652
0.0458879
0.0583298
0.0508246
0.0515103
0.0475884
0.0499695
0.0585852
0.0602216
0.0585485
0.0529851
0.0480884
0.0441597
0.0475696
0.0564228
0.0651657
0.0651657
0.0704754
0.0548078
0.0548078
0.0475848
0.0558434
0.0437033
0.0437033
0.0647657
0.0682172
0.0757644
0.0827987
0.0862682
0.0881316
0.0958882
0.0995573
0.0996816
0.101527
0.0914635
0.0825203
0.0825203
0.0682198
0.0637787
0.0604566
0.0604566
0.057971
0.065031
0.065031
0.0624736
0.0646481
0.0658109
0.0592797
0.0665146
0.0620772
0.0589207
0.0593347
0.0607703
0.0698466
0.0673896
0.0730521
0.0730521
0.0716268
0.0694171
0.0621493
0.0696318
0.0638895
0.0642675
0.0642675
0.0554409
0.0589931
0.0590623
0.0584865
0.0605516
0.0605516
0.052317
0.0538714
0.0539443
0.0663945
0.0631436
0.0610933
0.0610933
0.0609301
0.0575494
0.0627098
0.0665442
0.0651798
0.0703419
0.0649631
0.0666493
0.0701888
0.0668129
0.0613832
0.0598391
0.0598391
0.0613465
0.0652328
0.082515
0.0878739
0.104302
0.104302
0.128821
0.130945
0.135264
0.144251
0.130824
0.118408
0.121814
0.117899
0.117487
0.113389
0.103249
0.120191
0.129057
0.137218
0.144316
0.154784
0.155124
0.155098
0.144515
0.144515
0.143375
0.131315
0.119402
0.108031
0.0993322
0.0841712
0.0841712
0.0339416
0.01109
0.01109
0.0177059
0.0190223
0.0190223
0.0263472
0.011699
0.016736
0.0136817
0.0209164
0.0172956
0.0172956
0.0154631
0.0162057
0.0173951
0.0141443
0.0212622
0.0174548
0.0191143
0.0135159
0.0152506
0.0175384
0.0190223
0.0174627
0.01728
0.0135918
0.0105865
0.0135918
0.0222935
0.0210181
0.019257
0.0159703
0.0156517
0.0192821
0.0136058
0.0122714
0.0153337
0.0171366
0.0207657
0.017001
0.0170533
0.0121055
0.0232534
0.0159626
0.0172358
0.0202968
0.0244619
0.0167065
0.0223597
0.0223597
0.0188879
0.0188879
0.0189633
0.0188553
0.0193748
0.023477
0.01898
0.0173275
0.0173275
0.0167511
0.0203138
0.0105166
0.0154926
0.0238145
0.020615
0.0221162
0.0172358
0.0122714
0.0191143
0.0191143
0.0169855
0.0166832
0.0154244
0.0205483
0.0157275
0.0225192
0.0201889
0.0166077
0.0151065
0.0209427
0.0206818
0.0175464
0.0154926
0.0134611
0.0170089
0.0199874
0.0210269
0.0222003
0.0173275
0.0219659
0.0188042
0.0256825
0.0221431
0.0202968
0.020598
0.018829
0.0173114
0.0174113
0.0170688
0.018586
0.0192653
0.0195173
0.0207165
0.0191311
0.0168191
0.0189884
0.013537
0.0121055
0.0121055
0.0189716
0.020699
0.0149406
0.0133782
0.0221251
0.0153486
0.0103074
0.0187619
0.0135229
0.0241522
0.0169855
0.0171602
0.0222003
0.0226606
0.0257574
0.0204559
0.0164566
0.0223597
0.018527
0.018527
0.0188879
0.0192151
0.017001
0.0188124
0.0169778
0.0171366
0.0151214
0.0169333
0.0189716
0.0173275
0.0167665
0.0207831
0.0170766
0.0150382
0.0155001
0.018268
0.0167665
0.0155231
0.0121193
0.0172358
0.01728
0.0207744
0.0139925
0.0221074
0.0191982
0.0172358
0.0192151
0.0151214
0.0204559
0.0132954
0.01722
0.0154244
0.0155001
0.0169333
0.0172358
0.0223417
0.0241054
0.0188879
0.0188879
0.0171523
0.0222845
0.0185187
0.0140684
0.0171761
0.0191395
0.0191395
0.0174627
0.0173114
0.0191982
0.0191311
0.0139094
0.0191395
0.00863602
0.0138264
0.0191227
0.0137576
0.0141663
0.0208673
0.0208673
0.0208585
0.0188879
0.0193408
0.0210181
0.0191395
0.0223597
0.0237113
0.0172878
0.0188796
0.0196102
0.0177141
0.0189551
0.0243596
0.017001
0.0174548
0.0159781
0.0155835
0.0155001
0.0120988
0.0175146
0.020331
0.0159626
0.0137576
0.0209515
0.0150162
0.0150162
0.0192821
0.0137505
0.0122023
0.0171523
0.0224531
0.0213952
0.0225945
0.0192906
0.0206904
0.0189045
0.0175545
0.0189045
0.0189045
0.0223027
0.0172358
0.024425
0.0192821
0.0188042
0.0173275
0.0189045
0.0242556
0.0227542
0.0207919
0.0207831
0.0143869
0.0175464
0.0173951
0.0239458
0.0211113
0.0119535
0.0209427
0.017001
0.017001
0.020331
0.0134401
0.0153486
0.0189214
0.0190223
0.0136607
0.0205312
0.0120161
0.0237863
0.0138478
0.0173712
0.0153263
0.0153263
0.0155609
0.0210846
0.0180171
0.0189716
0.0223597
0.0186451
0.0194164
0.0203977
0.0174627
0.0189469
0.0137576
0.0188714
0.0192992
0.0191982
0.0143943
0.0156366
0.0162737
0.0162136
0.0162136
0.0139853
0.0190472
0.0155609
0.0136746
0.0157957
0.0157957
0.0188961
0.0173871
0.0104469
0.0154244
0.0209251
0.0222845
0.0155535
0.0190725
0.0294553
0.0172438
0.0191227
0.0191227
0.0192066
0.0173712
0.0221341
0.0173871
0.0176141
0.0188207
0.0188207
0.0174627
0.0166154
0.0124167
0.0209338
0.0157199
0.0157199
0.0157049
0.0157049
0.015402
0.0207744
0.0159703
0.0178656
0.0206065
0.0227542
0.0230647
0.0193408
0.0176141
0.0142962
0.0157428
0.0157428
0.0176061
0.0140684
0.015258
0.0176978
0.0225854
0.0159473
0.0159473
0.0248761
0.0158109
0.0209251
0.020699
0.0193492
0.0195088
0.0188124
0.0175225
0.0211113
0.0191898
0.0138952
0.0138952
0.0207744
0.0170766
0.0210846
0.0134401
0.0192906
0.0157199
0.0150235
0.0173791
0.0173791
0.0172438
0.0168343
0.0173114
0.0173114
0.0139925
0.0148506
0.0152729
0.0210935
0.015402
0.0173951
0.0158715
0.0174548
0.0193577
0.0190388
0.0172647
0.0176061
0.0172122
0.0139925
0.0193492
0.0136817
0.0176061
0.0106754
0.0229616
0.0166611
0.0176738
0.0143109
0.0157807
0.0141299
0.0246312
0.0174548
0.0174548
0.0198111
0.0189633
0.0160307
0.0189551
0.0154631
0.0121055
0.0229048
0.0158033
0.0123201
0.0143035
0.0176302
0.0101995
0.0227358
0.0210759
0.0173712
0.0177574
0.0199796
0.0194164
0.0176302
0.0247063
0.019643
0.0143722
0.0141516
0.0121748
0.0298503
0.0158186
0.0175384
0.0195088
0.01722
0.0191982
0.0109239
0.0176978
0.0208585
0.0209604
0.0195844
0.0171444
0.0188207
0.020885
0.020885
0.0154169
0.0101358
0.0185536
0.0137647
0.0176141
0.0175464
0.0171602
0.0229234
0.0225101
0.0209515
0.0191898
0.0140684
0.0281559
0.0156441
0.0194332
0.0196946
0.0223507
0.0176897
0.0156292
0.0158033
0.0158033
0.0225284
0.0158186
0.0189633
0.0124859
0.0124859
0.0169778
0.0154244
0.0225192
0.0141516
0.0152654
0.0152654
0.0156517
0.0186614
0.0135159
0.0172358
0.0155609
0.0168343
0.0168343
0.0193748
0.020699
0.0136129
0.0191311
0.0157351
0.0159626
0.0188124
0.0175384
0.017958
0.0123201
0.0189551
0.0281241
0.0138624
0.0242461
0.0242461
0.0140144
0.024425
0.0192151
0.0185697
0.0139781
0.0141516
0.0174788
0.0173035
0.0153263
0.0158715
0.0176141
0.0138193
0.0159703
0.0104533
0.0119334
0.0105103
0.0090056
0.0137228
0.0174032
0.0173556
0.0228202
0.0209078
0.0121748
0.0121748
0.0122374
0.0154777
0.0143109
0.0228955
0.0171602
0.0154169
0.0120028
0.0158564
0.015849
0.0160989
0.0122374
0.0279329
0.0172279
0.0195759
0.0174788
0.0213197
0.015319
0.0140757
0.0140757
0.0170688
0.0203721
0.0209164
0.0142203
0.0141663
0.0225011
0.0191227
0.0239458
0.0191815
0.0211512
0.019257
0.0154631
0.0155684
0.0177494
0.0195674
0.0173951
0.0211024
0.0212354
0.0204644
0.0153411
0.0191227
0.0158715
0.0210092
0.0158791
0.0134263
0.0212354
0.0191395
0.0132884
0.0159626
0.0156593
0.0139853
0.0172956
0.0172956
0.0136746
0.0155759
0.0191227
0.0134541
0.0155609
0.0157957
0.0170533
0.0188714
0.0239271
0.0140904
0.0172358
0.0215916
0.0168498
0.0168498
0.0223507
0.0229141
0.0176141
0.0142818
0.0211689
0.0139853
0.0191982
0.0206818
0.0206818
0.0177735
0.0187287
0.0194332
0.0194332
0.0210759
0.0176141
0.0155609
0.0241522
0.0170089
0.015667
0.0225284
0.0157351
0.0139925
0.0132747
0.0193492
0.020557
0.0172956
0.0173871
0.0155684
0.0178492
0.0141371
0.0226789
0.0209338
0.0191982
0.0207919
0.0207831
0.0176061
0.0156975
0.0188714
0.0168343
0.0169333
0.0190388
0.0223507
0.0173114
0.0225011
0.0184783
0.0187206
0.0121548
0.02116
0.0158033
0.0156366
0.0191898
0.0138478
0.0137719
0.0207657
0.0123545
0.0156517
0.0152654
0.0157351
0.020699
0.0136058
0.0175545
0.0141663
0.0173712
0.0187206
0.0123545
0.022802
0.0224169
0.0193492
0.0192653
0.0177735
0.015849
0.0140612
0.0243117
0.0192821
0.0136817
0.0215461
0.0226789
0.0209918
0.0173871
0.01722
0.0156517
0.0230461
0.0154851
0.0176384
0.0159703
0.0159703
0.0180845
0.0175384
0.0169701
0.0121614
0.0157351
0.0210181
0.0160307
0.0155535
0.0161142
0.0158639
0.0207657
0.0207657
0.0174548
0.0123406
0.0136817
0.0224259
0.0207831
0.0106819
0.0168421
0.0210092
0.014213
0.0210759
0.0206904
0.0188042
0.0225854
0.0173194
0.0173194
0.0178906
0.0210005
0.0155077
0.0188796
0.0138406
0.0121055
0.00910636
0.0155759
0.017061
0.0157506
0.012652
0.0159023
0.0136746
0.0224349
0.0175545
0.0207077
0.0135299
0.0172358
0.0154926
0.0154926
0.0229894
0.0154169
0.0205483
0.0170688
0.0136746
0.0191227
0.0163136
0.0157351
0.024171
0.0158715
0.0243499
0.01722
0.0191395
0.0173114
0.0156441
0.0188879
0.0238707
0.0211024
0.0212713
0.0225101
0.0225101
0.0223417
0.0173871
0.0189551
0.0136817
0.0245561
0.0139853
0.0172358
0.0175464
0.0120161
0.0159549
0.018796
0.0195844
0.0208411
0.0176978
0.0159473
0.0172279
0.0172279
0.0209164
0.0174312
0.0189469
0.0192653
0.0175627
0.0191143
0.0242367
0.0187879
0.024425
0.0206904
0.0158868
0.0196685
0.0206065
0.0229328
0.0174627
0.0209515
0.0223417
0.0211689
0.0191143
0.0191143
0.0174548
0.0172438
0.0227267
0.0210846
0.0176141
0.0226515
0.0188042
0.014054
0.0157049
0.0191898
0.0138406
0.0158715
0.0228388
0.0209918
0.0155461
0.0157882
0.0190978
0.0109041
0.0210671
0.0159549
0.0197355
0.0175627
0.0228863
0.0139165
0.0205312
0.0154777
0.0208585
0.0175384
0.0225763
0.0189469
0.0209515
0.017439
0.0175304
0.0194332
0.0149478
0.0190472
0.0244809
0.0159703
0.0228111
0.0194248
0.0177059
0.0127072
0.0174788
0.0190388
0.0157049
0.0124722
0.0178492
0.017061
0.0171523
0.0225101
0.0120228
0.017439
0.0192906
0.0190388
0.0242367
0.0154244
0.0252066
0.0175981
0.0177574
0.0205312
0.0140612
0.019257
0.0179496
0.0197941
0.0172045
0.0210181
0.0209918
0.0154169
0.0157882
0.0294447
0.0151749
0.0208761
0.0205397
0.0157275
0.0208497
0.0189307
0.0194332
0.0132884
0.0157351
0.0157351
0.0172279
0.0170688
0.0176978
0.0124167
0.0139853
0.0157807
0.0159023
0.0214886
0.0176817
0.0162816
0.0176061
0.0209918
0.0209918
0.0191898
0.0156366
0.0196514
0.0175304
0.0194332
0.0118641
0.0127211
0.0190223
0.0156593
0.019408
0.0211778
0.0210759
0.0157733
0.0143795
0.0141589
0.014213
0.0191982
0.0173114
0.0195929
0.0175384
0.0158033
0.0243212
0.0171289
0.0194248
0.0162057
0.0179249
0.0214132
0.0145463
0.0188714
0.0173712
0.0206237
0.0173035
0.0178492
0.0175384
0.0192151
0.0173712
0.0121748
0.0175981
0.0194919
0.0158791
0.0191982
0.0190223
0.0147594
0.0222845
0.0125619
0.0155077
0.0107018
0.0174627
0.0214528
0.0227929
0.0157199
0.01722
0.0140757
0.0177141
0.0212179
0.0179413
0.0192737
0.0232059
0.0192906
0.0231306
0.0163575
0.0103707
0.0207657
0.0135229
0.0157957
0.0176817
0.0160307
0.017439
0.0194164
0.0177494
0.0176738
0.017833
0.0157199
0.0184108
0.0143795
0.0192653
0.0174548
0.0196514
0.0196514
0.015319
0.0223417
0.0193325
0.0160989
0.0179925
0.0159549
0.0209831
0.0232153
0.0183959
0.0176897
0.0159549
0.0106626
0.0161142
0.0191227
0.0212846
0.0142059
0.0189716
0.0212933
0.0174469
0.0178492
0.0160462
0.0195003
0.0212354
0.014782
0.0159473
0.0208239
0.0193325
0.0128874
0.0155461
0.0173194
0.0159322
0.0189551
0.0158639
0.017061
0.0226882
0.0176221
0.0158639
0.0176817
0.0206324
0.0245657
0.0156366
0.0192737
0.0189469
0.0158186
0.0212354
0.0212354
0.0175304
0.0211252
0.0196685
0.0209164
0.0214706
0.0189551
0.0142059
0.0211778
0.0171212
0.0171212
0.0171212
0.0157199
0.0195674
0.0193325
0.0153947
0.0137647
0.0173951
0.0163418
0.0193997
0.0145314
0.0194418
0.0142059
0.0174548
0.0137435
0.0137435
0.0173114
0.0175902
0.0191982
0.0191982
0.015402
0.0245933
0.0245933
0.0123962
0.0195844
0.0124029
0.0214706
0.0214706
0.0175384
0.0157199
0.0156441
0.0173712
0.0173712
0.0195003
0.012638
0.0162737
0.0158109
0.0193325
0.0192737
0.0192737
0.0162816
0.0157199
0.0153337
0.0157275
0.0153486
0.0188124
0.0190306
0.0193577
0.0210359
0.0140684
0.0140904
0.0158868
0.0139853
0.014289
0.0207571
