0.00191489
0.0034184
-0.00227056
0.000321574
-0.000172807
-0.00307251
0.00271661
-0.00525557
-0.00576314
0.00351549
-0.00136969
-0.00266511
0.000123119
0.000826758
0.00132179
-0.00476301
-0.000271865
0.000824774
-0.00376253
-0.00207317
-0.000776676
-0.00525603
0.00112178
-0.00386198
-0.00376376
0.00102359
-0.000271429
0.00212032
0.00102359
0.00202114
2.54054e-05
0.00151983
-7.44733e-05
0.000923828
-7.4136e-05
-7.44733e-05
0.000620186
-0.0045656
-0.00217168
-0.00127072
-0.0036651
0.000529314
0.00291492
-0.00306014
-0.00306038
-0.0016666
-0.000667994
-0.00296174
-0.00256699
0.00241849
-7.4136e-05
-0.00405947
-0.00256699
0.00302074
-0.0026654
0.00172568
0.00172568
-0.00176418
-0.00156777
-0.00156777
-0.00246832
-0.00246832
-0.00156719
-0.00107343
0.00141959
0.000421645
-0.0016666
-0.000677903
0.00112327
-0.00366511
0.0036154
-0.00286269
-0.00156678
0.000726604
-0.00166639
2.54054e-05
-0.00286306
-0.00376376
0.00082572
0.000726239
-7.44733e-05
-0.000974905
-0.00256539
0.000520899
-0.000272684
-0.00446746
0.00202231
-0.00276435
-0.00196231
0.00151884
-0.00376376
-0.00137044
-0.000963014
0.00212066
0.000726604
0.00182435
0.00112277
-0.000973631
-0.00137045
-0.000668139
-0.00296177
0.00182345
0.00013259
-0.000371453
0.000231796
-0.00166571
0.00102359
-0.00256699
2.54054e-05
-0.00286239
0.00251783
-0.00166639
0.00072705
-0.000667459
-0.00415809
-0.00415809
0.00312078
-0.00335607
-0.000271865
-0.000371613
0.000123119
-0.00236947
0.00231877
-0.000470172
-0.00276417
0.00142178
0.000825008
0.00251783
2.45855e-05
0.000924441
-0.00127107
0.00122155
-0.000370485
0.00192307
0.00172431
0.00202184
0.00112327
-0.000271865
0.000728186
-0.0024674
-0.0016666
0.00052885
0.0028221
-0.00196295
-0.00116083
0.00112384
0.00122199
-0.00107343
0.00151884
-0.000173194
-0.000667459
-0.00146826
0.00162647
-0.00246775
-0.00186418
-0.00476347
-0.00276392
-0.00176522
0.00072705
0.00112178
0.00122118
-0.00176551
-0.000272493
0.00122118
0.00102291
-0.00146729
0.00142111
0.00491127
-0.0014689
0.000420397
-0.00256587
0.000619145
0.000519922
0.000825008
0.00251783
0.00331827
0.00142052
0.000519922
0.00142111
0.00271722
-0.00266561
0.00231966
0.000826758
0.000826758
0.00072705
-0.00246821
-0.0012703
-0.000875399
0.00600917
0.00122199
-0.00425652
0.0012209
0.000322423
-0.00137023
0.0033177
0.00271722
-0.00127151
-0.00137038
-0.0014689
-0.00146826
-0.00146826
0.00112178
0.00102522
0.00102522
0.00212158
-0.00327018
-0.00227056
-0.00256587
0.000223749
-0.000774153
-0.00207246
-0.00146782
-0.00226997
-0.00315861
-0.000578512
2.59375e-05
0.000223234
0.002815
-0.0014689
-0.00207301
0.000420732
0.000124561
-0.000875008
-0.00376368
0.003119
0.00271792
0.000826758
-0.000569099
-0.000578512
0.000223234
-0.00187516
-0.00307182
-7.37174e-05
0.00351717
0.00111519
0.00122251
0.00261778
0.00122199
-0.0014689
0.00142178
-0.000173499
-0.0036648
-0.0011721
0.000420732
0.00142052
0.0026172
-0.000676781
-0.00117127
0.00242028
-7.32173e-05
0.00241849
0.00112384
-0.00197411
-0.000776676
-0.000974431
0.00122251
-0.00246697
-0.00236918
0.00281605
-0.00067761
-0.0014689
-0.00236888
0.00411239
-0.000776676
-0.000173499
-0.00217168
0.00281823
0.00351154
-0.000974072
0.000827399
0.0026172
-0.00576328
0.000321272
-0.00236888
0.00521086
0.00142001
-0.000974431
0.00182711
-0.000172339
-0.0021714
-0.000477823
-0.000973631
-0.00187448
-0.00496046
0.000620186
0.00171743
0.00181949
-0.00297363
-0.000875008
0.00132179
0.00171795
0.00142253
0.000126497
-0.00177586
-0.00177661
-0.00226997
-0.00405947
0.000818859
-0.000676245
0.00071797
0.00142178
-0.000676781
-0.00187402
-0.000578512
0.00142111
-0.00366452
0.000125125
-0.00456612
-0.00397349
0.000322423
-0.00187448
0.000223234
0.00052037
-0.000875937
0.00161918
0.00231966
0.000223234
-0.0011721
-0.00297407
-0.00236918
-0.000974431
-0.00267761
2.54054e-05
-0.00146729
-0.00107269
0.00252051
0.000519556
2.59375e-05
0.000421645
0.000322423
-0.00256627
-0.00217103
-0.00117173
0.000123677
-0.00336896
-0.00326993
0.00281669
0.000620186
-0.00496055
-0.00346782
-0.0012703
-0.00067761
0.00222298
-0.0014689
0.000321272
0.000718401
0.00281669
0.00391277
0.00151846
-0.00137038
-0.000479738
0.00201767
0.000322423
2.42977e-05
-0.000875008
0.00401109
-0.000369433
-0.00207278
0.0033214
-0.0012703
-0.00217189
-0.00346771
0.00222151
-0.00236918
-0.00427041
-0.000864953
-7.44733e-05
-0.00127133
-0.00197195
0.00161812
0.00122155
0.00122251
-0.00276417
-0.00107384
-0.000470172
0.00291492
0.000421148
0.00142178
-0.00496046
-0.000568079
-0.000776936
2.49548e-05
0.000123677
-0.000875399
0.00271661
-0.000173723
0.00112327
0.00182345
-0.00266561
0.00132124
-0.00456626
0.00032297
-0.00217168
-0.00176522
0.000519556
0.00192227
0.00241849
0.00321833
0.000924441
-0.000974709
-0.00127107
-0.00276358
-0.000272493
0.0013283
0.00282119
-0.00227082
-0.0014689
-0.000371212
-0.00286306
-0.000568501
-0.000667994
0.00162554
-0.00236918
-0.0023694
-0.0010731
2.45855e-05
0.000924441
-0.00266574
-0.00315882
-0.00466491
0.00321887
0.00102321
-0.00266573
-0.00217201
-0.00186379
-0.00206078
-0.00176496
0.00042945
-0.000469881
0.00351549
0.0022199
-0.000875008
0.00122118
-0.000271865
-0.000271865
2.42977e-05
0.0024196
-0.00346771
0.00351717
0.00132243
-0.00266511
-0.00266511
0.000123119
-7.4136e-05
-0.00137023
-0.00156794
-0.00067761
-0.00127072
-0.00127072
-0.000678114
-0.000678114
-0.00327018
-0.00207317
-0.000568841
0.000726239
-0.00236954
0.00102359
0.0031139
0.00122155
0.00142111
-0.00336846
0.00132076
0.00132076
-0.000183114
-0.000468521
0.00122251
-0.00566477
-0.00296143
0.00122155
-0.0012692
-0.000676781
-0.000676781
-0.000578106
-0.00136882
0.000816846
-0.000676245
-0.00476325
-0.00476325
-0.000479738
-0.000479738
-0.00436891
-0.000875008
0.00102405
0.00122251
0.00122251
-0.00246697
0.00201458
-0.0011724
-0.0036648
-7.32173e-05
0.000224345
-0.00386233
-0.000379748
-0.00226997
0.00161861
-0.00256627
-0.00157885
-0.00346651
0.000421148
0.000223749
-0.000974431
0.000421645
0.000421645
-0.00117127
0.000421148
0.000421148
-0.000775911
-0.000874535
0.000421148
-0.0014689
0.00281742
2.42977e-05
-0.000973631
-0.000973631
-0.00356628
0.00171795
0.00112277
-0.00376376
0.00271607
-0.000172339
-0.000974431
0.000824774
-0.00476321
-0.00286292
0.000528468
-0.00256706
-0.00136969
-0.00306014
-0.00256659
0.00231918
-0.000973631
0.000133179
-0.0011721
-0.00396091
-0.000875399
-0.00276435
-0.00396067
-0.00236954
0.00301439
-0.0039604
-0.00476325
0.000825324
-0.00256659
-0.00146862
0.000630404
0.000630404
0.00371549
-0.00566504
-0.00387556
-0.00227031
-0.00236918
0.00231918
-0.00405909
-0.00067761
2.42977e-05
-0.00167767
-0.000975006
-0.00147993
-0.000282215
0.00211356
0.000816846
0.00360945
0.000511158
-0.00118295
0.00210644
0.00530462
0.00391232
0.00081619
0.0012133
-0.00338123
0.00560276
-0.00058693
-0.00118107
0.000610705
0.00270844
0.00270844
0.00240468
-0.00308485
-0.00347923
-0.000579238
-0.00227073
-0.0030603
-0.00864945
-0.00864945
-0.00984597
-0.0181844
-0.0195235
-0.0159617
-0.016917
-0.012008
-0.00878764
-0.00583031
-0.00394675
-0.00276438
-0.00345454
-0.00514246
-0.000755206
-0.00682884
-0.00434059
-0.00604308
-0.00414352
-0.00622284
-0.0105121
-0.00643603
-0.00155607
0.00152643
-0.00365103
-0.00514209
-0.00284954
-0.00633792
-0.00116083
-0.00365153
-0.00553557
-0.00404543
-0.0021601
-0.00325703
-0.00415745
-0.00415745
-0.00206036
-0.00304644
-6.43387e-05
-0.0045509
-0.00384844
-0.00364966
-0.00364966
-0.0063364
-0.00255419
-0.00353885
-0.00543725
-0.00514181
-0.00394675
-0.00524078
-0.00155572
-0.00175369
-0.00315634
-0.00543679
-0.00116083
-0.00692698
-0.0028501
-0.00255419
-0.0039471
-0.00355238
-0.00245468
-0.00225799
-0.00543738
-0.00563373
-0.00563373
-0.010218
-0.00374989
-0.00414352
-0.00882708
-0.00533904
-0.00524077
-0.00265308
-0.0043395
-0.00434021
-0.0101206
-0.00692688
-0.00445348
-0.0107075
-0.00394675
4.52668e-05
-0.00434059
-0.0038479
-0.00435493
-0.0053389
-0.00553564
-0.00453725
-0.00353885
-0.0130942
-0.0132896
-0.0145756
-0.0096973
-0.0169306
-0.0183222
-0.0140378
-0.0193872
-0.0169306
-0.0196076
-0.0131364
-0.0154297
-0.0194801
-0.0151302
-0.0140644
-0.0182257
-0.0175852
-0.0194817
-0.0159385
-0.0118512
-0.0131377
-0.0148374
-0.0156186
-0.0111695
-0.0168102
-0.0163275
-0.0167137
-0.0169037
-0.0178045
-0.0188053
-0.0170303
-0.0186127
-0.0171335
-0.0174206
-0.0182257
-0.0134576
-0.0149407
-0.0170345
-0.0178103
-0.016325
-0.0166185
-0.0146513
-0.014846
-0.013941
-0.0151316
-0.0146468
-0.0196124
-0.0136534
-0.0301457
-0.0280054
-0.0380957
-0.0510009
-0.0435773
-0.047291
-0.0510594
-0.0458205
-0.0444564
-0.0455372
-0.047013
-0.0448399
-0.0492496
-0.0441199
-0.0477952
-0.0417612
-0.0441572
-0.0422998
-0.0459215
-0.0415292
-0.0425187
-0.0410074
-0.0421989
-0.0450866
-0.0426253
-0.0455372
-0.0443653
-0.0461182
-0.0414021
-0.0469973
-0.0429189
-0.0429189
-0.0441343
-0.0445718
-0.0470881
-0.0441877
-0.0424919
-0.0441925
-0.043467
-0.0408436
-0.0423767
-0.0411229
-0.04537
-0.0461893
-0.0458305
-0.0450278
-0.0402256
-0.0439377
-0.0413197
-0.0546598
-0.0702693
-0.0828404
-0.090783
-0.0834264
-0.0873371
-0.0877794
-0.0809626
-0.0751045
-0.0843506
-0.10317
-0.112784
-0.108274
-0.109919
-0.109919
-0.125529
-0.125529
-0.136309
-0.143595
-0.159585
-0.146151
-0.15236
-0.151466
-0.15477
-0.151345
-0.15155
-0.151655
-0.148357
-0.147312
-0.148321
-0.149601
-0.139741
-0.142415
-0.141578
-0.146073
-0.140823
-0.140497
-0.139707
-0.138458
-0.136576
-0.137193
-0.141709
-0.136334
-0.137042
-0.13737
-0.142012
-0.136865
-0.134718
-0.137194
-0.131238
-0.136977
-0.136229
-0.1359
-0.134383
-0.131464
-0.134721
-0.139811
-0.131952
-0.139379
-0.137213
-0.132843
-0.135177
-0.135882
-0.13445
-0.13445
-0.13607
-0.133608
-0.131515
-0.134684
-0.133807
-0.12966
-0.13226
-0.135281
-0.134554
-0.129762
-0.135393
-0.13339
-0.129762
-0.131238
-0.135518
-0.134849
-0.134136
-0.129578
-0.131022
-0.129313
-0.134684
-0.133795
-0.132903
-0.131149
-0.133574
-0.130296
-0.133538
-0.131939
-0.131517
-0.13259
-0.133627
-0.133155
-0.129946
-0.130112
-0.127779
-0.135852
-0.130204
-0.129818
-0.130875
-0.128504
-0.130746
-0.133351
-0.131859
-0.129504
-0.130166
-0.129221
-0.128688
-0.12765
-0.12765
-0.127907
-0.127337
-0.130967
-0.129019
-0.129708
-0.132957
-0.129745
-0.130278
-0.13026
-0.129432
-0.127448
-0.133467
-0.133778
-0.132886
-0.134216
-0.137185
-0.139914
-0.145812
-0.148035
-0.146007
-0.15617
-0.157327
-0.15545
-0.157783
-0.165793
-0.162212
-0.16505
-0.163912
-0.160723
-0.168558
-0.159197
-0.154396
-0.158449
-0.149186
-0.157408
-0.168543
-0.168348
-0.166495
-0.166495
-0.17302
-0.167071
-0.162807
-0.172373
-0.171281
-0.168745
-0.165734
-0.170818
-0.169527
-0.161264
-0.159344
-0.157427
-0.153422
-0.154768
-0.157021
-0.148967
-0.148967
-0.138177
-0.138177
-0.127157
-0.124444
-0.120212
-0.117158
-0.110819
-0.110819
-0.107372
-0.106007
-0.104889
-0.105771
-0.105849
-0.103604
-0.100723
-0.0939213
-0.0988043
-0.0942432
-0.0949739
-0.0935321
-0.0923316
-0.0918478
-0.0972864
-0.0960005
-0.0924203
-0.0923376
-0.0938607
-0.094262
-0.0899364
-0.0936179
-0.0895514
-0.0930624
-0.0925847
-0.0903587
-0.0901169
-0.0894816
-0.088453
-0.0864586
-0.0892441
-0.091313
-0.0957716
-0.0949746
-0.095764
-0.0988634
-0.0945366
-0.0971778
-0.0890836
-0.0842811
-0.0834019
-0.0858101
-0.0791625
-0.0769271
-0.0806191
-0.0777474
-0.0757437
-0.0795284
-0.0741284
-0.0747065
-0.0754502
-0.0729745
-0.0729745
-0.0739727
-0.0720194
-0.0676252
-0.0775577
-0.0729452
-0.0690719
-0.0696982
-0.0746905
-0.0712396
-0.0714138
-0.0766824
-0.0726776
-0.0726274
-0.0727747
-0.0720578
-0.071294
-0.0761307
-0.0769619
-0.0728775
-0.0760829
-0.0731887
-0.0727536
-0.074077
-0.0725004
-0.0748243
-0.0746584
-0.070903
-0.0713163
-0.0719422
-0.075229
-0.0688353
-0.0732379
-0.0754559
-0.0792654
-0.0795621
-0.0818719
-0.0779316
-0.079878
-0.079878
-0.0720976
-0.0682269
-0.066988
-0.066988
-0.066988
-0.0648267
-0.063573
-0.0574601
-0.0619519
-0.0619519
-0.0619519
-0.0627837
-0.062548
-0.0586484
-0.0633687
-0.0633687
-0.0625594
-0.060599
-0.0591452
-0.0656481
-0.0595715
-0.058208
-0.0609674
-0.0614862
-0.0587795
-0.0629644
-0.0591898
-0.0582641
-0.0637663
-0.0615986
-0.0644139
-0.0646515
-0.0613821
-0.0596851
-0.0596851
-0.0613154
-0.0661678
-0.0630925
-0.0644649
-0.0677796
-0.0632369
-0.063889
-0.0606617
-0.0627692
-0.062605
-0.0622857
-0.0638139
-0.0665043
-0.0633213
-0.0677199
-0.0710325
-0.0688367
-0.0652979
-0.0606338
-0.0645721
-0.0602859
-0.0578261
-0.0587929
-0.0562555
-0.0546736
-0.0534675
-0.049737
-0.052166
-0.0527964
-0.0491676
-0.0496567
-0.0515289
-0.0502803
-0.0542245
-0.0506761
-0.0542817
-0.0535196
-0.0501001
-0.0582832
-0.0553473
-0.057261
-0.0503549
-0.055902
-0.0560557
-0.0530957
-0.0512054
-0.0537656
-0.0576797
-0.0540055
-0.0561865
-0.0537315
-0.0582641
-0.0591951
-0.0538682
-0.057388
-0.0570675
-0.0563999
-0.0545935
-0.0550206
-0.0570675
-0.0539593
-0.0518876
-0.0563355
-0.0570074
-0.0574627
-0.0574884
-0.0623464
-0.0592276
-0.0660756
-0.063841
-0.0551778
-0.0594673
-0.054616
-0.044405
-0.050895
-0.0513432
-0.05177
-0.0486144
-0.0470294
-0.0456533
-0.0468093
-0.0476395
-0.0471443
-0.0470771
-0.047955
-0.0478292
-0.042114
-0.0438257
-0.045415
-0.0501445
-0.0469819
-0.045206
-0.0458701
-0.0491318
-0.0521142
-0.0508487
-0.0495327
-0.0477971
-0.0476502
-0.0486136
-0.0493233
-0.046137
-0.0522127
-0.0501506
-0.0499963
-0.051829
-0.0519313
-0.0507977
-0.0569277
-0.0546872
-0.0570133
-0.0540229
-0.0516241
-0.0516182
-0.0548708
-0.0563456
-0.0532676
-0.0525629
-0.0611242
-0.060856
-0.0558126
-0.0588071
-0.0513954
-0.0497105
-0.0479901
-0.0459267
-0.047277
-0.0470495
-0.0424043
-0.0452517
-0.0428568
-0.0440813
-0.0443217
-0.0442715
-0.0372473
-0.0458488
-0.0474225
-0.0431412
-0.0423592
-0.0417005
-0.0421022
-0.039703
-0.0443106
-0.0505167
-0.0496836
-0.0453139
-0.047479
-0.0483943
-0.0459544
-0.0464555
-0.0497521
-0.0487863
-0.0501122
-0.0468396
-0.0485078
-0.0495194
-0.0545154
-0.0500121
-0.0481965
-0.0535042
-0.053359
-0.0482762
-0.0546686
-0.0495073
-0.0520279
-0.0525133
-0.0528317
-0.0569769
-0.053611
-0.0551777
-0.054379
-0.0538245
-0.0636685
-0.0587436
-0.0499161
-0.0565045
-0.051882
-0.0410131
-0.046065
-0.0431094
-0.0398056
-0.0366027
-0.0399167
-0.0369025
-0.0422705
-0.0431513
-0.03844
-0.0398964
-0.0397054
-0.0397054
-0.0404387
-0.0415566
-0.0413978
-0.0358077
-0.0413592
-0.0456889
-0.0414759
-0.0490478
-0.0466316
-0.0481124
-0.0432963
-0.0396644
-0.0463457
-0.0438757
-0.0434632
-0.0451667
-0.0409814
-0.0471698
-0.0480333
-0.0458475
-0.0474439
-0.0474191
-0.0495793
-0.0468839
-0.0510789
-0.0453648
-0.0453648
-0.0468127
-0.0478069
-0.0491071
-0.0497526
-0.0502161
-0.0477546
-0.0537556
-0.0551869
-0.0492211
-0.0454922
-0.0402234
-0.0402234
-0.043495
-0.0353774
-0.0408958
-0.0394347
-0.033764
-0.0329833
-0.0377106
-0.0334783
-0.0334558
-0.0322313
-0.0369562
-0.0395244
-0.0384348
-0.0345818
-0.0361316
-0.0335157
-0.0357095
-0.0348176
-0.035384
-0.0370301
-0.0342327
-0.0379624
-0.0390248
-0.0410519
-0.0410133
-0.0382957
-0.0419095
-0.0417075
-0.037148
-0.0421516
-0.0389174
-0.0397042
-0.0414863
-0.0401734
-0.0413116
-0.0430783
-0.0412939
-0.0459292
-0.0459292
-0.0432401
-0.0470047
-0.0466899
-0.0497
-0.0462143
-0.0520969
-0.0482203
-0.0469498
-0.0466865
-0.0421489
-0.0436316
-0.0441677
-0.0329543
-0.0348619
-0.0356806
-0.0340207
-0.0308994
-0.0298821
-0.0324888
-0.0324888
-0.0338007
-0.0353708
-0.0311629
-0.0317377
-0.0315419
-0.0278536
-0.0358162
-0.0372714
-0.0345908
-0.0314022
-0.0347667
-0.0366318
-0.0342386
-0.0378153
-0.0371496
-0.0327993
-0.0350216
-0.0390057
-0.03841
-0.0402046
-0.0391274
-0.0404747
-0.0434692
-0.0415942
-0.0385414
-0.0424611
-0.0431309
-0.0397739
-0.0417513
-0.0446675
-0.0474708
-0.0451789
-0.0463364
-0.045132
-0.0471884
-0.0453756
-0.0422807
-0.0486053
-0.0489719
-0.0493713
-0.0485897
-0.0502312
-0.046878
-0.0458108
-0.0495675
-0.0423385
-0.0437904
-0.0432498
-0.0374432
-0.0324788
-0.0357334
-0.0348501
-0.0294916
-0.0292443
-0.0326636
-0.0335997
-0.0281051
-0.0304384
-0.0347218
-0.0349337
-0.0285079
-0.0328185
-0.0348229
-0.0273712
-0.0364151
-0.0304058
-0.0346999
-0.0347293
-0.0344752
-0.0344752
-0.0316311
-0.0375083
-0.0326064
-0.0352615
-0.0379893
-0.0405572
-0.0395513
-0.03776
-0.0377174
-0.0399934
-0.0377056
-0.0407473
-0.0402997
-0.0367631
-0.0394132
-0.0421549
-0.0414403
-0.0392946
-0.0422337
-0.0418957
-0.0438366
-0.0420676
-0.044431
-0.0461157
-0.0449445
-0.0440721
-0.0474141
-0.0460182
-0.0400478
-0.0354613
-0.0385497
-0.0289483
-0.0283675
-0.0292949
-0.0264758
-0.0229584
-0.0305911
-0.0255336
-0.0255336
-0.0313135
-0.0232897
-0.0275774
-0.028319
-0.028536
-0.0254804
-0.0269887
-0.0246471
-0.0307127
-0.0292312
-0.0286334
-0.0254342
-0.028847
-0.0263291
-0.0308966
-0.034571
-0.0304896
-0.0301391
-0.0313263
-0.0320843
-0.0313508
-0.0329072
-0.0329025
-0.0325692
-0.0278927
-0.0278927
-0.0347266
-0.0319965
-0.0311507
-0.0334946
-0.0322795
-0.0363568
-0.0321366
-0.0341398
-0.0333357
-0.0341041
-0.0355855
-0.0343803
-0.0282483
-0.0304283
-0.024702
-0.0227745
-0.0189457
-0.0169231
-0.0226319
-0.018088
-0.0146212
-0.016761
-0.0188146
-0.0166535
-0.0180941
-0.0162771
-0.0162771
-0.0179145
-0.0185759
-0.0152658
-0.0215574
-0.020545
-0.0184236
-0.0156502
-0.0189772
-0.0232694
-0.0193237
-0.0195578
-0.0258809
-0.0187842
-0.0203957
-0.01886
-0.0231981
-0.0189447
-0.0224437
-0.0222026
-0.022299
-0.0213676
-0.0242657
-0.0237927
-0.0260718
-0.0260718
-0.0244877
-0.0247545
-0.02425
-0.0243615
-0.0288125
-0.0257053
-0.0263269
-0.0254515
-0.0226765
-0.0193553
-0.0186359
-0.00898169
-0.0113327
-0.0127165
-0.0135802
-0.0113791
-0.00967883
-0.00967883
-0.00759953
-0.0110487
-0.0170642
-0.0123779
-0.011635
-0.013668
-0.013668
-0.0125742
-0.00947881
-0.0133943
-0.0137266
-0.0163113
-0.0157202
-0.0166679
-0.0142051
-0.0133799
-0.0164327
-0.0203752
-0.0141828
-0.0141828
-0.013632
-0.0160919
-0.0154617
-0.0220651
-0.0242823
-0.0179872
-0.0193624
-0.0255442
-0.0197435
-0.0230272
-0.0232694
-0.024627
-0.0213103
-0.0232388
-0.0290143
-0.0256547
-0.0260373
-0.0260373
-0.0271898
-0.0228435
-0.0162956
-0.017012
-0.0135224
-0.0119683
-0.0164369
-0.0151208
-0.00882884
-0.0115047
-0.0165105
-0.0126264
-0.0137958
-0.0132786
-0.0152795
-0.0107443
-0.0143136
-0.0174129
-0.0176296
-0.0180941
-0.0151029
-0.012523
-0.0156209
-0.0182229
-0.0136032
-0.0194957
-0.0196734
-0.0198275
-0.0242362
-0.0208971
-0.0226742
-0.0193316
-0.020872
-0.0211378
-0.0243046
-0.0282052
-0.0212338
-0.0227011
-0.0235463
-0.025664
-0.0219743
-0.0292926
-0.0301539
-0.0270154
-0.027517
-0.0318685
-0.023856
-0.0264013
-0.0236544
-0.022914
-0.0210115
-0.0177742
-0.0187914
-0.0179369
-0.0160408
-0.0142445
-0.0151149
-0.0180528
-0.0151184
-0.0136124
-0.0184753
-0.0155485
-0.0168093
-0.0182401
-0.015663
-0.0187601
-0.016868
-0.0217659
-0.0224615
-0.0203263
-0.0157809
-0.0198232
-0.0240494
-0.0229906
-0.0226937
-0.0200166
-0.0203585
-0.0267969
-0.0267969
-0.0276816
-0.0292511
-0.0225579
-0.027689
-0.0296479
-0.0255978
-0.0264516
-0.032847
-0.0271798
-0.0249736
-0.0276297
-0.0326309
-0.0330545
-0.0290765
-0.0259681
-0.0250884
-0.0222746
-0.0225029
-0.0181248
-0.0195238
-0.017864
-0.0152776
-0.0205169
-0.0128878
-0.0163491
-0.0161898
-0.0173773
-0.0213458
-0.01769
-0.0197182
-0.0152389
-0.0204904
-0.0196217
-0.0196057
-0.0241302
-0.0227743
-0.0261142
-0.0246397
-0.0246993
-0.0249723
-0.0202881
-0.0279192
-0.0320328
-0.0299445
-0.0232458
-0.0232458
-0.0320471
-0.0288113
-0.0276034
-0.0294909
-0.0313063
-0.0321548
-0.0294268
-0.0307808
-0.0333046
-0.027443
-0.0262519
-0.0253453
-0.0251684
-0.0204931
-0.0156501
-0.0166854
-0.0148398
-0.0159385
-0.0172102
-0.0157067
-0.0200607
-0.0134317
-0.015332
-0.0170569
-0.0179453
-0.0164875
-0.014085
-0.0173523
-0.0167573
-0.019052
-0.01748
-0.0201278
-0.0212926
-0.021742
-0.0228436
-0.0201177
-0.022353
-0.0230297
-0.0218343
-0.0225153
-0.0251303
-0.0253966
-0.0224135
-0.0291776
-0.0280957
-0.0251784
-0.0266124
-0.0291124
-0.0288629
-0.0280957
-0.0251281
-0.0269173
-0.0269173
-0.0289842
-0.0228081
-0.0171015
-0.0213797
-0.0141043
-0.0157067
-0.0137966
-0.0123071
-0.0173539
-0.0126692
-0.0147277
-0.0106115
-0.011723
-0.0139314
-0.0162932
-0.0139917
-0.0175961
-0.0109553
-0.0138787
-0.0129984
-0.0168961
-0.0148791
-0.0152305
-0.0209044
-0.0180188
-0.0179548
-0.0225963
-0.0225963
-0.0220901
-0.0146529
-0.0169864
-0.0209905
-0.0200099
-0.0225996
-0.0243157
-0.0249692
-0.0206813
-0.0240178
-0.0261861
-0.02442
-0.0262824
-0.0238813
-0.0235996
-0.0242235
-0.0231647
-0.016528
-0.0181246
-0.0110818
-0.0113965
-0.0147956
-0.00998533
-0.00863472
-0.0122442
-0.0111288
-0.0105113
-0.01138
-0.0109553
-0.0127689
-0.0127597
-0.0142893
-0.0130079
-0.0191602
-0.0163039
-0.0127927
-0.0161061
-0.0155469
-0.0169925
-0.0173449
-0.0216871
-0.0180444
-0.023623
-0.015046
-0.0179017
-0.0251383
-0.021301
-0.0205921
-0.0205114
-0.0205114
-0.0233664
-0.0230515
-0.0229388
-0.0305081
-0.0251784
-0.0224244
-0.0286776
-0.0267086
-0.0230325
-0.0263394
-0.0162885
-0.017153
-0.0151676
-0.0107279
-0.00931432
-0.0119091
-0.00621144
-0.00673011
-0.00543199
-0.00617192
-0.00717629
-0.00629597
-0.0039444
-0.00610316
-0.00976907
-0.0159621
-0.0134823
-0.0154488
-0.0136537
-0.0109185
-0.0118509
-0.0132435
-0.0129457
-0.0140863
-0.0140052
-0.0163215
-0.0128107
-0.0171655
-0.0193369
-0.0209527
-0.0195968
-0.0197333
-0.0179625
-0.022141
-0.0194163
-0.0181252
-0.0208204
-0.0248241
-0.0234372
-0.0239538
-0.0210745
-0.0214955
-0.0269338
-0.0250245
-0.0247913
-0.0249706
-0.019641
-0.0172101
-0.0147841
-0.0147841
-0.0110382
-0.0123694
-0.00945864
-0.0049126
-0.00845383
-0.00914273
-0.0108741
-0.007874
-0.00908041
-0.0121509
-0.0130937
-0.0107656
-0.00805454
-0.0104639
-0.0117878
-0.0138694
-0.0139781
-0.0167171
-0.0154424
-0.0174517
-0.0172552
-0.0207261
-0.0178007
-0.0154779
-0.0196498
-0.0153812
-0.0206424
-0.0213571
-0.01647
-0.0179157
-0.0226803
-0.0236623
-0.022106
-0.0226235
-0.0261055
-0.0216406
-0.022801
-0.0225996
-0.0226231
-0.0231295
-0.0137237
-0.0122507
-0.012063
-0.0037628
-0.00493203
-0.00503304
-0.0034039
-0.00398952
-0.00908002
-0.00700975
-0.00767411
-0.00985038
-0.00799271
-0.0103219
-0.00887098
-0.0105846
-0.0104762
-0.00729582
-0.0111365
-0.0144423
-0.0140906
-0.0140906
-0.0161399
-0.0135683
-0.0165405
-0.00973319
-0.0202522
-0.0199928
-0.0172639
-0.018117
-0.0192802
-0.019532
-0.0182644
-0.0229018
-0.0216112
-0.021936
-0.021847
-0.0248398
-0.021758
-0.0254592
-0.0206745
-0.0186113
-0.0122129
-0.00496263
-0.0101187
-0.00605203
-0.00698146
-0.0070004
-0.00625872
-0.00625872
-0.00547431
-0.00821681
-0.00576626
-0.00663225
-0.00430825
-0.00755626
-0.00834384
-0.0106655
-0.00920454
-0.00724604
-0.0102313
-0.005992
-0.00523149
-0.0102719
-0.00992969
-0.00985595
-0.0120689
-0.0127403
-0.00950531
-0.0158629
-0.0158469
-0.0121331
-0.0151406
-0.0126671
-0.0121837
-0.0121837
-0.0129379
-0.0215825
-0.0184339
-0.0178151
-0.0172303
-0.0142964
-0.0152255
-0.0163193
-0.0105113
-0.00316614
-0.00316614
-0.00128722
-0.00128722
0.000697161
0.00427579
-0.000260924
0.00212232
0.00136383
0.00136383
0.00136383
-0.00170925
-0.00207721
-0.00230383
-0.00329606
-0.00206807
-0.00206807
-0.00401026
-0.00590653
-0.004907
-0.00715984
-0.00574104
-0.00602361
-0.00887048
-0.00732329
-0.0094915
-0.00983047
-0.011014
-0.00969375
-0.00969375
-0.00816594
-0.00785931
-0.00997099
-0.0100944
-0.014143
-0.0109938
-0.0146725
-0.0145994
-0.0130111
-0.0132495
-0.0184635
-0.0147099
-0.0166217
-0.0189584
-0.0190329
-0.0156856
-0.0209071
-0.0145015
-0.014801
-0.00796644
-0.0100191
-0.00095178
0.000600765
0.0011786
-0.00120823
6.41081e-05
0.00664951
0.00330631
0.0053712
0.000898233
0.00275264
-0.000145316
0.00476847
0.00438122
0.0015471
0.000704183
0.00173201
-0.000928187
-0.00450286
-0.00450286
-0.0020234
-0.00156885
-0.00605412
-0.00577079
-0.00673338
-0.00519002
-0.00797746
-0.00583047
-0.00274012
-0.0092461
-0.00839202
-0.00759533
-0.0143167
-0.0138073
-0.00883915
-0.00934542
-0.0136566
-0.0141916
-0.0152199
-0.0148585
-0.0127934
-0.0191753
-0.014349
-0.0118316
-0.0110014
-0.0176594
-0.017932
-0.00901104
-0.00305511
-0.00556053
-0.00556053
0.00523158
0.00913837
0.00310757
0.0032485
0.00385554
0.00330118
0.015581
0.00832974
0.0071433
0.00650889
0.00237256
0.00342891
0.000657452
0.00255806
0.00286399
0.00465329
-0.000419087
-0.00179959
-0.00541326
-0.000446955
0.00563631
-0.00626169
0.00179766
-0.00123528
-0.00588093
-0.00340053
-0.00452154
-0.00701209
-0.00434657
-0.00301361
-0.00952809
-0.00835814
-0.0118054
-0.0114649
-0.00570578
-0.0106515
-0.0136886
-0.00856391
-0.00856391
-0.0122159
-0.0105914
-0.0142994
-0.00957074
-0.0169164
-0.00992746
-0.0123661
-0.0136059
-0.016943
-0.014118
-0.014118
-0.0184271
-0.0174279
-0.0164807
-0.0132086
-0.0107654
0.00672749
0.00465599
0.00465599
0.0106472
0.0129747
0.0120373
0.00797352
0.0094068
0.0106078
0.0106078
0.0108732
0.00611357
0.007054
0.00696019
0.00583506
0.00363055
0.00363055
0.00234725
0.000507327
0.00184553
0.00232733
-0.00207543
0.00250396
-0.000561505
-0.00299441
0.00158454
0.00161193
-0.00123894
-0.00487735
-0.00435407
-0.00349518
-0.00565012
-0.00425854
-0.00393368
-0.00906385
-0.00892948
-0.00798061
-0.00775821
-0.00314365
-0.00872332
-0.0057978
-0.00774053
-0.0115484
-0.0115765
-0.0144515
-0.00896371
-0.0143366
-0.00940514
-0.0166648
-0.0123314
-0.00932135
-0.0196098
-0.0108025
-0.0172241
-0.0163427
-0.017547
-0.0142564
-0.0170275
-0.0155677
-0.0155677
-0.0152703
-0.0160654
-0.00772963
-0.00330859
0.000583555
0.00675502
0.0131839
0.012457
0.0117612
0.014452
0.0141028
0.0210707
0.0142067
0.012741
0.0150812
0.00976016
0.0107176
0.00780228
0.00462752
0.010836
0.0112781
0.0038035
0.00911008
0.00538568
0.00952351
0.00746535
0.00212602
0.00477199
-0.000116657
0.00128921
0.00359744
0.000498056
0.000720642
0.000376338
0.00386515
0.00386515
-0.000553708
-0.00505666
-0.00112045
-0.00525068
-0.00196792
-0.00144691
-0.00621197
-0.00532731
-0.00982521
-0.00671915
-0.0120291
-0.00883697
-0.012152
-0.00650337
-0.0066074
-0.0126497
-0.0105505
-0.0142038
-0.0105953
-0.0113027
-0.0103288
-0.00658072
-0.00658072
-0.0161032
-0.0129106
-0.0118005
-0.0109345
-0.0178625
-0.0177049
-0.0188118
-0.0193144
-0.0150707
-0.0172674
-0.0168715
-0.0163335
-0.0170693
-0.0138813
-0.0152776
-0.0164318
-0.0137249
-0.00787842
-0.00232878
0.000868682
0.00892653
0.0130271
0.0100621
0.00711758
0.00993741
0.0104956
0.0119505
0.00734346
0.00820877
0.00802508
0.0117731
0.00319412
0.00945652
0.00294781
0.00406517
0.000423505
0.00675502
0.00804222
0.00495754
0.00495754
0.00346798
-0.00459365
-0.000572438
0.00125173
-0.00187513
0.00278963
-0.00142851
-0.000293426
0.000292691
-0.00305533
-0.00304584
-0.00661691
-0.00512325
-0.00644234
-0.00871039
-0.00700084
-0.00394007
-0.00610119
-0.00996252
-0.00859935
-0.00785255
-0.00993517
-0.00782458
-0.00922486
-0.0121749
-0.00837803
-0.00707813
-0.0133167
-0.0129893
-0.0102753
-0.0115825
-0.0105594
-0.0159041
-0.0170534
-0.0149625
-0.0142123
-0.0105683
-0.0144426
-0.0176303
-0.0176303
-0.0138475
-0.0141211
-0.0174002
-0.016632
-0.0207706
-0.0207543
-0.0135331
-0.0157886
-0.0144856
-0.0168137
-0.0262297
-0.0233783
-0.0201901
-0.0180586
-0.0219532
-0.0224036
-0.0190007
-0.0279245
-0.016931
-0.00859059
0.000427459
0.000121238
0.00801943
0.00832552
0.0119182
0.015169
0.0096618
0.0113595
0.00904224
0.00947257
0.013258
0.00403011
0.00709097
0.00866029
0.00408256
0.0038108
0.00387279
0.00222438
-0.00115587
0.00105763
0.00192353
0.0042901
-0.00181128
0.00386265
0.00135793
-0.00126892
0.00177571
-0.00483405
-0.00155792
-0.00440158
-0.00446474
-0.00446474
-0.00602429
-0.00676446
-0.00308019
-0.0071883
-0.00697421
-0.00745569
-0.0103064
-0.00927316
-0.00644234
-0.00663626
-0.0118909
-0.00842445
-0.0109128
-0.012386
-0.0109221
-0.0115462
-0.0138674
-0.0117387
-0.0121478
-0.0147714
-0.0150275
-0.0153385
-0.0157596
-0.0160602
-0.0145619
-0.0150006
-0.0150006
-0.0137851
-0.0190645
-0.019319
-0.022662
-0.0182402
-0.0169456
-0.0187538
-0.0151188
-0.0191817
-0.019173
-0.0149177
-0.0257236
-0.0282723
-0.0198544
-0.0222147
-0.0189267
-0.0224521
-0.0254757
-0.0235828
-0.020856
-0.0187671
-0.0228464
-0.0194754
-0.0174367
-0.0172922
-0.00855826
-0.00418253
0.00343623
0.0087628
0.00406053
0.00171918
0.00140729
0.00711261
0.0127219
0.011401
0.0100755
0.00831215
0.00765073
0.0120178
0.00369643
0.00610709
0.00391418
0.00369643
0.000475517
0.00156961
0.00166328
0.000983447
0.000339132
-0.00341061
0.00159122
0.000785626
-0.0053951
-0.00234794
-0.0056819
-0.0045872
-0.00368003
-0.00159607
-0.00409125
-0.00720735
-0.00592893
-0.00696092
-0.00682658
-0.00752872
-0.00870107
-0.00765913
-0.00747433
-0.0108771
-0.00656615
-0.0105207
-0.00957132
-0.00923371
-0.0130324
-0.0129306
-0.0109288
-0.0079258
-0.0111838
-0.0107148
-0.0126238
-0.0146744
-0.0110518
-0.00808825
-0.00808825
-0.0168769
-0.0159992
-0.013144
-0.0124496
-0.0152636
-0.0115822
-0.0148421
-0.0148149
-0.0203161
-0.0158265
-0.0139279
-0.0154564
-0.0190325
-0.0154463
-0.0211036
-0.0209726
-0.0188509
-0.0222526
-0.0169235
-0.0181089
-0.0202059
-0.021782
-0.021782
-0.0170003
-0.0215182
-0.0258064
-0.0258064
-0.0195044
-0.0223313
-0.0220736
-0.017821
-0.0141662
-0.00670768
-0.00894949
0.00547592
0.00967824
0.0155222
0.0104955
0.0174162
0.0149532
0.0105073
0.0157711
0.0132212
0.0127616
0.0156869
0.0124148
0.0108988
0.0133498
0.00769135
0.00739748
0.00968041
0.0095628
0.00692511
0.00690824
0.00427768
0.00242851
0.000532821
0.00271049
0.00633778
0.00341397
0.00247551
0.00248704
0.00200867
0.00121452
-0.000528811
3.41118e-05
-0.000152066
0.000606624
-0.00228835
-0.00222399
-0.00349325
-0.00482366
-0.000989386
-0.00633815
-0.00277336
-0.00377134
-0.00235738
-0.00241701
-0.00552825
-0.0059433
-0.0072704
-0.00817401
-0.00893724
-0.00480243
-0.0073192
-0.0073192
-0.0113836
-0.0113027
-0.0116477
-0.0124041
-0.0106196
-0.0106196
-0.0101458
-0.0128403
-0.0112067
-0.0103443
-0.0149267
-0.0149267
-0.0138875
-0.0128591
-0.0108838
-0.0160363
-0.0159781
-0.0175507
-0.00928858
-0.0135473
-0.012439
-0.0126324
-0.0159078
-0.0133367
-0.0129333
-0.0195182
-0.0157166
-0.0163621
-0.0138317
-0.0145158
-0.0201883
-0.0138533
-0.00762808
-0.00151007
0.00387842
0.0174476
0.0200357
0.0189946
0.0189946
0.019426
0.0185581
0.0235799
0.0228246
0.0230164
0.0214865
0.0139457
0.014356
0.022953
0.0178185
0.0148499
0.015846
0.0127598
0.01523
0.0173811
0.0137913
0.01468
0.00952844
0.00828268
0.00750824
0.00848944
0.0132066
0.00944665
0.00715675
0.00857128
0.00759249
0.00473138
0.00955031
0.00341962
0.00106597
0.00467488
0.0017661
-0.000321062
0.00526543
0.000548424
0.00256276
0.00293547
0.00173579
0.000158506
-0.00060643
-0.00248419
-0.00524084
-0.0031441
-0.00479124
-0.00226869
-0.00360482
-0.00821427
-0.00609394
-0.00487324
-0.00722231
-0.00186409
-0.00768575
-0.00942347
-0.00556441
-0.0035134
-0.00479253
-0.00815277
-0.00549478
-0.00623235
-0.0121472
-0.00867582
-0.00681824
-0.00969822
-0.0138036
-0.0101496
-0.0119021
-0.0115482
-0.0123776
-0.0114864
-0.0131514
-0.0110353
-0.00933817
-0.00945209
-0.00945209
-0.0118776
-0.0118776
-0.0134512
-0.0134512
-0.00879854
-0.00357376
0.0074534
0.0074534
0.0241644
0.023326
0.0215031
0.0255656
0.0243702
0.0273205
0.0263649
0.0214869
0.0231281
0.0231109
0.0222779
0.022538
0.0198777
0.0172528
0.0198777
0.0185376
0.0133984
0.0195619
0.0180886
0.0188405
0.0117261
0.00981004
0.0146116
0.0097036
0.0126443
0.0126443
0.00854125
0.0110068
0.0117608
0.0084651
0.00511352
0.0054142
0.0064843
0.00235276
0.00291248
0.00567024
0.00668184
0.00233332
0.00130949
-0.00120149
0.00196208
0.00465961
0.00249521
0.00542612
0.000672562
-0.00147865
-0.00204083
0.000961691
-0.00120149
-0.00395245
-0.00602347
-0.00513607
-0.00151308
-0.00200613
-0.0029051
-0.00483746
-0.00813641
-0.0117894
-0.0065627
-0.00267627
-0.0071702
-0.00496341
-0.00437686
-0.00996307
-0.00710106
-0.00513557
-0.0058254
-0.00952388
-0.00797459
-0.00769655
-0.00929055
-0.0105181
-0.0154853
-0.0117635
-0.0126857
-0.0106202
-0.0036671
-0.0036671
0.00506297
0.0126741
0.0134027
0.0218827
0.0278295
0.0220603
0.0282622
0.0202301
0.0269712
0.0303961
0.0233414
0.0267388
0.0260414
0.0218817
0.0242417
0.0194282
0.019183
0.019183
0.016148
0.016148
0.0150083
0.0150083
0.0209162
0.0209162
0.0138858
0.0138858
0.015688
0.0122295
0.0111029
0.0185187
0.0116285
0.0130023
0.00823598
0.00865478
0.00842738
0.00813544
0.00235977
-0.000270147
0.00556793
0.00035744
-0.000608586
-0.00189433
0.00211245
0.00237811
-0.00349269
-0.00586906
-0.00442297
-0.00442297
0.000927148
-0.00210271
-0.00444408
-0.00462736
-0.0064984
-0.00395165
-0.00740488
-0.00849584
-0.00672627
-0.0104744
-0.0115308
-0.0115422
-0.00805641
-0.0131299
-0.011996
-0.0140718
-0.0150351
-0.00966765
-0.0127895
-0.0130824
-0.0116553
-0.0170531
-0.0125858
-0.0125858
-0.0141721
-0.00903187
0.00282013
0.00576104
0.0100819
0.0204022
0.0234088
0.0214747
0.02469
0.0260511
0.0249744
0.0279876
0.0221426
0.0178331
0.0221992
0.0177659
0.0192879
0.0213389
0.0189356
0.0167452
0.0164752
0.0155489
0.0142586
0.0181247
0.0146466
0.0116534
0.0116534
0.0144077
0.00774582
0.00682244
0.00852845
0.00664867
0.00914396
0.00691949
0.00359252
0.00547771
0.00205979
0.00155748
9.92445e-05
0.00683202
-0.0025624
0.00146207
-0.00281418
-0.00164567
-0.00516499
-0.00651643
-0.00557588
-0.00498203
-0.00438448
-0.00292956
-0.00569398
-0.00624233
-0.0048789
-0.0063453
-0.00555562
-0.0114959
-0.0044991
-0.0118478
-0.0120867
-0.00859185
-0.0102265
-0.00681298
-0.0143296
-0.0173626
-0.0136117
-0.0117683
-0.0152444
-0.0151055
-0.0114131
-0.0119133
-0.0127843
-0.00891345
-0.00915821
-0.0123804
-0.00148887
0.00379998
0.0079124
0.00821076
0.0163317
0.0161792
0.0145068
0.0154546
0.0183357
0.0200409
0.020068
0.0142576
0.0118561
0.0128078
0.0181851
0.0130376
0.0146009
0.0105204
0.0085594
0.0130355
0.0115754
0.0101016
0.0101016
0.00408238
0.00713128
0.00707429
0.00186307
0.00279049
0.000144076
0.00277855
0.00277855
0.00159825
-0.00122164
-0.0036276
-0.00494452
-0.00383545
-0.00275715
0.000255605
-0.00631074
-0.00223073
-0.00228805
-0.0116205
-0.00380983
-0.00909021
-0.0110999
-0.00798505
-0.015119
-0.00968193
-0.00695939
-0.0083318
-0.00945293
-0.0122319
-0.0113242
-0.0126352
-0.0109354
-0.0163752
-0.0162018
-0.0144017
-0.0144017
-0.0183609
-0.0146816
-0.015172
-0.0188164
-0.0164708
-0.0198151
-0.0156311
-0.0135848
-0.0123616
0.000834774
0.00765389
0.00942194
0.0192323
0.0199226
0.0197587
0.01609
0.0159462
0.0159462
0.0185395
0.0124798
0.0186247
0.0178346
0.0124759
0.0123267
0.0113386
0.00793202
0.00841799
0.0112209
0.0109655
0.00841825
0.00903372
-0.00274402
-8.88772e-05
0.00568458
0.00418931
0.00548723
0.00280799
0.00243931
-8.59104e-05
0.000290436
-0.00093696
0.00182376
-0.00243447
-0.00351155
-0.0101599
-0.00471576
-0.00554889
-0.00340036
-0.00354143
-0.00929282
-0.00929282
-0.00797331
-0.00398132
-0.00521508
-0.00942367
-0.0104206
-0.0120615
-0.0156543
-0.010103
-0.0113842
-0.0145045
-0.0115154
-0.0138548
-0.0167832
-0.0108554
-0.0180621
-0.0152304
-0.017855
-0.0183027
-0.0120264
-0.0046846
0.00113528
-0.00107314
0.00310711
0.0101451
0.0129998
0.0122927
0.014047
0.0142629
0.0105695
0.0117621
0.0117621
0.0114692
0.0104126
0.0100276
0.0100276
0.00488261
0.00891548
0.00891548
0.00801084
0.00848688
0.00508175
0.00186307
0.00207634
-0.000304499
-0.00171478
-0.0026994
-0.00105059
-0.0062636
-0.00174823
-0.00205883
-0.00519553
-0.00629468
-0.00668164
-0.00892358
-0.00465768
-0.00989134
-0.00682041
-0.00736432
-0.0101317
-0.0116633
-0.0132248
-0.0105528
-0.0124921
-0.0113823
-0.0154243
-0.0132654
-0.0187148
-0.0174257
-0.0140953
-0.0168238
-0.013405
-0.016754
-0.0165944
-0.0190529
-0.0195594
-0.0194799
-0.0218761
-0.023302
-0.023302
-0.0156345
-0.0202613
-0.0202613
-0.0111666
-0.0111666
-4.18644e-05
0.00736021
0.0111081
0.0165957
0.0232648
0.0187389
0.0187389
0.0229754
0.0222827
0.0185625
0.0172474
0.0120367
0.0187717
0.0162888
0.0144629
0.00935662
0.00615734
0.00615734
0.00803456
0.00803456
0.010934
0.00325044
0.00265103
-0.00202454
-0.00174923
-7.73137e-05
-0.00368591
-0.0037295
0.00108445
-0.00276818
-0.00350218
-0.00327277
-0.00562933
-0.00818653
-0.0061137
-0.00849171
-0.0124937
-0.0100335
-0.00841178
-0.0124847
-0.0136247
-0.0077107
-0.0077107
-0.015604
-0.0123647
-0.0123647
-0.0187648
-0.0131053
-0.0131053
-0.0179339
-0.0219459
-0.0183806
-0.0165455
-0.0137527
-0.0200635
-0.0153226
-0.0195884
-0.0259333
-0.024024
-0.025706
-0.0230716
-0.0177295
-0.0124908
-0.00295546
-0.00151974
0.0116556
0.0156571
0.0166864
0.0207533
0.0133698
0.0165706
0.0188094
0.0172639
0.0143567
0.0124634
0.0129627
0.00934466
0.00758242
0.00139465
0.00606471
0.00328602
0.00494079
0.00164321
-0.00258449
-0.00185224
-0.00349079
-0.0034768
-0.0034768
-0.0020553
-0.00544721
-0.0106433
-0.00801136
-0.00999222
-0.00963409
-0.00963409
-0.00963409
-0.0056608
-0.00753618
-0.0140543
-0.0146959
-0.0146959
-0.0136653
-0.0149656
-0.0155646
-0.0130549
-0.019865
-0.015922
-0.0195691
-0.0167441
-0.0202613
-0.0222133
-0.0192603
-0.0215582
-0.0222322
-0.0283103
-0.0265033
-0.0234307
-0.0232897
-0.03015
-0.0229057
-0.0229057
-0.0235266
-0.0284689
-0.0277127
-0.024656
-0.0314082
-0.0287835
-0.0311085
-0.0243266
-0.0199459
-0.0134517
-0.010364
0.000441773
0.0048982
0.0114431
0.0120245
0.0133312
0.0146325
0.013635
0.013834
0.0181866
0.0170849
0.0100659
0.011388
0.00848967
0.0109688
0.00423237
0.00490585
-0.00258316
0.00120492
0.00168422
0.000992486
0.000992486
-0.00199868
-0.00646912
-0.008673
-0.0097555
-0.00754124
-0.00727864
-0.0085016
-0.00988091
-0.0125029
-0.0162335
-0.016857
-0.015357
-0.0169297
-0.0126825
-0.0207027
-0.0199579
-0.0199447
-0.0202307
-0.0133721
-0.0133721
-0.0190685
-0.0181078
-0.0206066
-0.0183861
-0.0214495
-0.025066
-0.0226944
-0.0231477
-0.0235299
-0.0223396
-0.0212287
-0.0249243
-0.0300437
-0.02867
-0.0299301
-0.0302734
-0.0301767
-0.0263707
-0.0289878
-0.032079
-0.0280071
-0.0336392
-0.0293735
-0.0291092
-0.0314264
-0.0314264
-0.0293818
-0.0313468
-0.0315236
-0.0289312
-0.0221704
-0.0117571
-0.00624882
-0.000533595
0.00598377
0.0095498
0.0120851
0.0115814
0.00706351
0.00914148
0.00964305
0.00835
0.00679612
0.0068075
0.00550738
0.00388275
-0.00192451
0.000586328
-0.00130324
0.00119383
-0.00361531
-0.00682061
-0.00717483
-0.00840018
-0.00935209
-0.0125697
-0.00846337
-0.007502
-0.0117693
-0.0123313
-0.0121606
-0.0154282
-0.011447
-0.00978546
-0.0165605
-0.0169302
-0.021617
-0.0188459
-0.0227099
-0.0210997
-0.0201664
-0.017913
-0.0232259
-0.022569
-0.0242153
-0.0190543
-0.0224891
-0.0256198
-0.0272737
-0.0266393
-0.0273443
-0.0294349
-0.0303701
-0.0302819
-0.0280838
-0.0295401
-0.031129
-0.0334473
-0.0312964
-0.0318599
-0.0331634
-0.0337645
-0.0345861
-0.0305029
-0.035217
-0.0315571
-0.0297803
-0.0146278
-0.0120407
-0.00863065
-0.00181535
-0.00181535
0.00212806
0.00333342
0.00129058
-0.000320855
-0.00422716
-0.00152961
0.000378919
-0.00257437
-0.00711987
-0.00466312
-0.00950679
-0.00899149
-0.00827006
-0.00827716
-0.00613125
-0.011472
-0.0169199
-0.0130176
-0.0169891
-0.0156374
-0.0158696
-0.0154482
-0.0150469
-0.0181016
-0.01834
-0.0207338
-0.0152051
-0.0132524
-0.022343
-0.0202674
-0.0247651
-0.0227604
-0.0286184
-0.0252128
-0.0291999
-0.023989
-0.0252319
-0.0313732
-0.0289038
-0.031234
-0.0293203
-0.0295766
-0.0326886
-0.0275734
-0.0311641
-0.0342027
-0.0283661
-0.0362822
-0.0315776
-0.0351378
-0.0373921
-0.0302422
-0.0219986
-0.0200981
-0.0167388
-0.00848756
-0.00469568
-0.00469568
-0.00462941
-0.00462941
-0.00204638
-0.00390864
-0.00621353
-0.00480196
-0.00592032
-0.0100863
-0.0117012
-0.0125976
-0.0130857
-0.00912326
-0.00965847
-0.013403
-0.0185828
-0.015446
-0.01186
-0.0173649
-0.0169522
-0.0208034
-0.0183909
-0.0211296
-0.0210292
-0.0200648
-0.0204015
-0.020749
-0.023979
-0.0266445
-0.0275767
-0.0251002
-0.0261429
-0.0260856
-0.0304278
-0.030416
-0.0354373
-0.0348628
-0.0276188
-0.0327225
-0.035972
-0.0354373
-0.0362252
-0.0363128
-0.0395423
-0.0353695
-0.0315149
-0.0408446
-0.0364976
-0.0373514
-0.0330523
-0.030596
-0.0228578
-0.019666
-0.0201289
-0.00896515
-0.00768523
-0.00517651
-0.00807532
-0.00645462
-0.0075415
-0.00849496
-0.0103643
-0.0118013
-0.0122958
-0.00947351
-0.00947351
-0.0151166
-0.0150847
-0.012866
-0.0159355
-0.0146695
-0.0153802
-0.017844
-0.0162664
-0.0162969
-0.0115729
-0.0256868
-0.0108392
-0.00308896
-0.00380263
-0.00399648
0.00139618
0.00697989
0.00792727
0.00723793
0.0072848
0.0113765
0.0242012
0.0278401
0.0285865
0.0348206
0.0403006
0.0339159
0.0311591
0.0294037
0.0337639
0.0318282
0.0330017
0.0365494
0.0275908
0.0266821
0.0307892
0.0314263
0.0307396
0.0352238
0.0342905
0.0315797
0.0340008
0.030361
0.0319487
0.0298827
0.0309173
0.0289479
0.0337129
0.0286701
0.0305624
0.0361643
0.0287637
0.0340077
0.0321403
0.0297015
0.0342942
0.0317676
0.0311979
0.0292494
0.0286846
0.0339245
0.0382223
0.0356132
0.0330017
0.0330017
0.0330017
0.0390594
0.0356297
0.0356297
0.0318965
0.0312464
0.0354493
0.0354493
0.0338646
0.0353504
0.0327435
0.0353636
0.0333209
0.0355575
0.0340827
0.0365977
0.0337996
0.0323367
0.0371908
0.0300964
0.0300964
0.0300964
0.0300964
0.0358971
0.0358971
0.0344875
0.0344875
0.0344875
0.0344875
0.0332836
0.0493231
0.0240571
0.0497145
0.0404314
0.0371588
0.0536097
0.035769
0.0111165
0.0217821
0.00325206
-0.000139407
0.00365756
0.00343085
0.0052923
0.00755242
0.013573
0.0139685
0.0182191
0.0160461
0.019804
0.0187206
0.0153515
0.0153515
0.012782
0.012782
0.0107045
-0.0152512
-0.0123886
-0.00465073
-0.00465073
-0.00237112
-0.00186718
-0.00821654
-0.00821654
-0.00821654
-0.00821654
-0.00535196
-0.00535196
-0.00622905
-0.00622905
-0.00593687
-0.00593687
-0.00486354
-0.00486354
-0.00821618
-0.0106899
-0.00515656
-0.00852989
-0.00743785
-0.00743785
-0.00525421
-0.00802199
-0.00544942
-0.00685298
-0.00605343
-0.00872442
-0.00833523
-0.00833523
-0.0121954
-0.0071454
-0.0071454
-0.00566305
-0.00437518
-0.0071455
-0.00457059
-0.00248505
-0.00576065
-0.00537006
-0.00378858
-0.0072426
-0.00386991
-0.00496161
-0.00714522
-0.00585806
-0.00110015
-0.00755547
-0.00357668
-0.00527221
-0.00536999
-0.0070675
-0.0070675
-0.0070675
-0.00408211
-0.00199586
-0.00417985
-0.00913562
-0.00726263
-0.00457059
-0.00468527
-0.00527233
-0.00417969
-0.00417969
-0.00259816
-0.00279403
-0.00111342
-0.00536997
-0.010228
-0.00626741
-0.00636479
-0.00298967
-0.00279337
-0.00359282
-0.00388647
-0.00388647
0.000176341
-0.00646233
-0.00101497
-0.00111321
-0.00320103
-0.00716522
-0.00259804
-0.00626735
-0.0036905
-0.00250015
-0.00388647
-0.00199539
-0.00497911
-0.00279396
-0.00298982
-0.00160392
-0.00577881
-0.00577881
-0.00537006
-0.00140784
-0.00537007
-0.00101465
-0.0058766
-0.00011874
-0.00577881
-0.00329903
-0.00320096
-0.000916706
-0.00220492
-0.0033967
-0.00439204
-0.00577886
-0.00488125
-0.00250021
-0.00736041
-0.00339697
-0.00339697
-0.00130936
-0.00398403
-0.00339688
-0.00201004
-0.00201004
7.79477e-05
-0.0024021
-0.0024021
-0.00220591
-0.00388647
-0.00289198
-0.00249976
0.000777055
0.000777055
-0.00130958
0.000568908
-0.00308774
-0.00825858
-0.0039843
-0.00220533
-0.0063833
-0.00289195
-0.00130958
-0.00478338
-0.00210777
-0.00130978
-0.00210797
-0.00130973
-0.0025
-0.0025
-0.00240221
-0.004979
-0.00130958
-0.00359245
-0.00101522
-0.00240221
-0.00130978
-0.00240223
-0.00191138
0.000273989
-0.00200982
-0.00388627
-0.00150591
0.000175393
-0.00320095
-0.0022061
-0.0024021
-0.00320103
-0.00181378
-0.00339698
-0.00429423
7.70959e-05
-0.00448999
-0.00200982
-0.00161751
0.000470231
-0.00181378
-0.000720664
0.000765862
-0.00121039
-0.00320104
-0.00468565
-0.000819139
-0.000819139
-0.00320103
-0.00132295
-0.00499549
0.00414166
-0.00310302
-0.00400036
-0.00400036
-0.000622072
0.000568309
-0.00667652
-0.003005
-0.000720839
-0.000413527
-0.00419575
-0.00419575
0.00305009
-0.00201004
0.000273434
-0.00448999
-0.00528979
-0.00360833
-0.00081871
-0.00241647
-0.00538681
-0.00220617
0.00116933
-0.0034949
-0.00449002
-0.00191189
-0.0012117
-0.000720407
-0.00280888
-0.00290698
0.000568627
-0.00111355
-0.00230416
-0.00400036
-0.00400039
-0.000621703
-0.00310302
-0.00210797
-0.00151936
-0.000818934
-0.00538765
0.000863367
-0.00200959
-0.00429405
-0.00201003
-0.00201003
-0.00101545
0.000765253
-0.00409814
0.00245832
0.000176341
-0.000426226
-0.00191193
-0.00409834
-0.00290697
-0.00320103
-0.00091635
-0.00091635
-0.00171569
0.00047048
-0.00310302
0.00076507
-0.00122471
-0.00409835
-0.000229583
-0.000327957
-0.00122471
-0.00370631
-0.00370631
0.000666823
0.000863315
-0.000426226
-0.00241647
-0.0013229
-0.0013229
-0.00390231
-0.00191183
-0.00390215
-0.00390215
-0.00528962
-0.00261261
-0.00320103
-0.000622072
-0.00171569
-0.0015193
-0.00409835
-0.00171569
-0.00339697
-0.000917313
-0.00409814
-0.00181378
-0.00439204
-0.00271084
0.000568627
-0.00171569
-0.00171561
-0.00241638
-0.00171561
-0.00400036
-0.00290688
-3.28093e-05
0.00156279
-0.00181365
0.000371732
-0.00251462
-0.00151935
-0.00429405
-0.00320078
0.000175168
-0.000524422
-0.00360757
-0.0059919
-0.00261242
-0.00251443
-0.00458745
-0.00400036
-0.00400036
0.00166128
0.000372085
0.000568908
-0.00548534
-0.00548513
-0.00548513
-0.00222006
-0.000720664
-0.00122471
-0.000131377
-0.00280888
-0.00509382
-0.00558308
-0.00618795
-3.28093e-05
-0.000229583
-0.00112643
6.62449e-05
0.00125711
0.00125711
-0.00191183
-0.00351026
-0.0024164
-0.00161739
-0.00161739
-0.000131213
-0.00618784
-0.0046043
-0.00151935
-0.000229411
-0.00251443
-0.00251443
-0.00409824
-0.00450613
-0.00102818
-0.000524264
-0.000524264
0.00125711
-0.00241647
-0.00142087
-0.00112612
6.58951e-05
-0.00102812
0.000961798
-0.00400039
-0.00122446
-3.28093e-05
-0.000131213
-0.00251456
-0.00261274
-0.00261274
-0.00351026
0.00225211
-0.00161754
-0.00419575
-0.00419575
-0.000819139
0.00106074
0.00373972
-0.00280892
-0.00370637
-0.00271061
-0.000622568
0.000360646
-0.00351026
0.000360848
0.00215469
0.000666604
0.00174965
0.00174965
-0.00212187
-0.00182716
-0.00231828
-0.00341208
0.000666823
-0.00171544
-0.00122471
-0.00351026
6.56267e-05
-0.00370547
0.000863715
0.000863715
-0.00329899
0.000262346
0.000262346
-0.00351023
-3.28093e-05
-0.00231828
-0.00231828
-0.00271083
-0.00400039
-0.00251449
0.0025478
0.0025478
-0.000819077
0.00354297
0.00354297
0.000470231
-0.00300502
-0.00300502
-0.00300502
-3.28093e-05
-3.28093e-05
-0.000131336
-0.000131336
-0.000831395
-0.000130722
-0.00400005
-0.00351011
-0.00231816
-0.0058944
0.000273989
0.000273989
-0.00280888
6.56267e-05
-0.0045063
-0.0045063
0.00244945
0.00244945
-0.00301948
-0.00112643
-0.00112643
-0.00122422
-0.00331367
-0.00112643
-0.00390191
-0.00311757
-0.00132295
0.00165142
0.00135585
-0.00409761
-0.00409761
0.000262346
-0.000929867
-0.00311773
-0.00132292
-0.00311778
-0.000130722
-0.00102797
-3.25729e-05
-0.000733222
-0.00231796
0.00125755
-0.000733219
0.00155279
0.00264652
0.00145404
0.0015526
-0.00360822
0.00076507
0.00076507
0.0015526
-0.00241647
-0.00310302
-0.00222006
-0.00212191
0.00175134
-0.00202311
-0.00212181
-0.000733219
0.00145444
0.00125755
0.00125755
-0.0040159
-0.00151861
-0.00381891
-0.00331407
-0.00112632
-0.00470216
-0.00331393
0.00145395
-0.00331407
0.00235009
