-0.0451937
-0.0423233
-0.0296811
-0.0307839
-0.0474008
-0.0406505
-0.0292896
-0.0463127
-0.0333949
-0.0390364
-0.0419057
-0.0401019
-0.0460316
-0.0358689
-0.0393039
-0.0305279
-0.043962
-0.0485041
-0.0361335
-0.0445278
-0.0395713
-0.0130988
-0.0342042
-0.039015
-0.0257144
-0.0454718
-0.0372475
-0.0246265
-0.039989
-0.0458905
-0.0430167
-0.0381891
-0.0365527
-0.0625243
-0.0365527
-0.0412207
-0.0401286
-0.0322739
-0.0454718
-0.0556432
-0.0377838
-0.041499
-0.0362945
-0.0229635
-0.0382025
-0.0326961
-0.0323042
-0.0401179
-0.0571546
-0.0305181
-0.0322918
-0.0340705
-0.0343472
-0.0445109
-0.0409281
-0.0409281
-0.0443676
-0.0446465
-0.0446465
-0.0579807
-0.0579807
-0.05084
-0.0496017
-0.0397114
-0.036413
-0.0413616
-0.0550901
-0.0530289
-0.0523403
-0.0564695
-0.0487753
-0.0502712
-0.0497367
-0.0349038
-0.0409435
-0.0391648
-0.0403959
-0.0474089
-0.0396977
-0.0534352
-0.0509788
-0.0368389
-0.0458905
-0.0402676
-0.0458905
-0.0495887
-0.0526216
-0.0512477
-0.0439845
-0.048226
-0.0608691
-0.0458905
-0.0292896
-0.0461488
-0.0449365
-0.056612
-0.0450515
-0.0450515
-0.0474008
-0.048226
-0.0515189
-0.0443806
-0.0552353
-0.0506921
-0.0438336
-0.0384794
-0.0533061
-0.0435554
-0.0380618
-0.0380618
-0.0421854
-0.0409281
-0.0406749
-0.0388721
-0.0388721
-0.0305181
-0.0346249
-0.0475413
-0.0533061
-0.0424661
-0.0420458
-0.0480866
-0.0426018
-0.0485041
-0.0396977
-0.0478075
-0.0413495
-0.0431366
-0.0333949
-0.0327109
-0.0425914
-0.0328507
-0.041638
-0.0443676
-0.039851
-0.0557726
-0.0542748
-0.0461686
-0.043962
-0.0502518
-0.0409435
-0.0283241
-0.0527648
-0.0478075
-0.0467158
-0.0475294
-0.0331167
-0.043962
-0.0491825
-0.0479491
-0.0365527
-0.0464255
-0.0522022
-0.0544167
-0.031592
-0.04602
-0.0392926
-0.0373775
-0.0417783
-0.0261446
-0.0417693
-0.0373775
-0.0327253
-0.0377838
-0.0410812
-0.0395713
-0.0517954
-0.0380618
-0.0327253
-0.0508216
-0.0339544
-0.02831
-0.02831
-0.043962
-0.043962
-0.0384674
-0.0384674
-0.0328601
-0.0323042
-0.0239404
-0.0239404
-0.0413616
-0.036703
-0.036703
-0.0340909
-0.0310621
-0.0224192
-0.0224192
-0.0392926
-0.0457604
-0.0402569
-0.0480956
-0.0383409
-0.0427304
-0.0396977
-0.0362945
-0.0366808
-0.0248903
-0.0377838
-0.045751
-0.0462974
-0.0412207
-0.0462974
-0.0462974
-0.0501436
-0.0497235
-0.0372475
-0.0517954
-0.0454718
-0.0454718
-0.0454718
-0.0454718
-0.0369585
-0.0263979
-0.0393039
-0.0310621
-0.0461686
-0.0266773
-0.0358551
-0.0338127
-0.036538
-0.0355777
-0.0327109
-0.0424368
-0.0322918
-0.0305181
-0.0410913
-0.0419057
-0.0324179
-0.0428815
-0.0428815
-0.0356005
-0.0380618
-0.0376425
-0.0435554
-0.0432783
-0.0472524
-0.0429857
-0.0376551
-0.050562
-0.035044
-0.0344978
-0.0431366
-0.0292896
-0.0322918
-0.0335215
-0.0369585
-0.0303632
-0.0463075
-0.0347514
-0.0313414
-0.0362875
-0.0410913
-0.0379118
-0.0357281
-0.0168134
-0.047818
-0.0294142
-0.0428584
-0.0263979
-0.0339544
-0.0420458
-0.0259925
-0.0259925
-0.031467
-0.0239404
-0.0281962
-0.0356005
-0.0512477
-0.0515189
-0.0349038
-0.0366808
-0.0328601
-0.0412207
-0.0405235
-0.0468464
-0.0388865
-0.0509788
-0.030393
-0.023523
-0.0384674
-0.0314801
-0.0475294
-0.0340909
-0.0447876
-0.039015
-0.0309352
-0.0309352
-0.0391519
-0.0449303
-0.046982
-0.0431366
-0.0408018
-0.0295711
-0.0362753
-0.0421934
-0.0360157
-0.0442405
-0.0357281
-0.0431366
-0.060188
-0.0583879
-0.0552353
-0.0552353
-0.0485041
-0.0553661
-0.0469932
-0.049459
-0.0540013
-0.044658
-0.0506921
-0.0486332
-0.0427304
-0.0493288
-0.0445201
-0.0537242
-0.0515271
-0.0420458
-0.0436962
-0.0531764
-0.0539913
-0.0350473
-0.0325543
-0.049191
-0.0484927
-0.0500154
-0.0501436
-0.0421934
-0.0428584
-0.0474008
-0.0588072
-0.0485041
-0.0436845
-0.03545
-0.0353088
-0.0309229
-0.0294261
-0.0357281
-0.0431366
-0.0564695
-0.0538558
-0.0371106
-0.0365688
-0.0524802
-0.0365527
-0.0498656
-0.0457436
-0.0524912
-0.0449365
-0.049459
-0.0456134
-0.0365527
-0.0247631
-0.0307839
-0.0366939
-0.0340909
-0.0266773
-0.0384674
-0.032165
-0.0408018
-0.0313414
-0.0366936
-0.0269266
-0.0408018
-0.0395811
-0.0424526
-0.0235339
-0.0373775
-0.0342193
-0.0342193
-0.0328601
-0.0284515
-0.0458773
-0.049318
-0.0510982
-0.0399768
-0.0383409
-0.0384674
-0.0461686
-0.0475294
-0.0442496
-0.0501537
-0.0405474
-0.046982
-0.030238
-0.0513758
-0.0350296
-0.0397247
-0.0507028
-0.0417545
-0.0432783
-0.0426018
-0.0409433
-0.0432783
-0.0533061
-0.0542625
-0.0450654
-0.0382137
-0.0449166
-0.0403813
-0.0501537
-0.0501537
-0.0550961
-0.0566082
-0.05084
-0.05084
-0.0658229
-0.0402676
-0.0423233
-0.0688483
-0.057296
-0.0582557
-0.0571546
-0.0483744
-0.0483744
-0.0592147
-0.0401319
-0.0292896
-0.0431478
-0.0449365
-0.0449365
-0.0449365
-0.050829
-0.0443676
-0.0427304
-0.0409435
-0.0523516
-0.0483558
-0.0483558
-0.0441128
-0.0526081
-0.0504313
-0.026833
-0.026833
-0.0386276
-0.0394502
-0.041499
-0.0417783
-0.0360157
-0.0373775
-0.0458905
-0.0458905
-0.0388865
-0.041499
-0.0395811
-0.0493288
-0.0530289
-0.0509694
-0.0497235
-0.0553825
-0.0507028
-0.0556432
-0.05071
-0.0460313
-0.0544167
-0.0540013
-0.051119
-0.0578504
-0.0568872
-0.0519431
-0.0519431
-0.044658
-0.044658
-0.050576
-0.0579807
-0.0416271
-0.0516544
-0.0468464
-0.0473983
-0.0487616
-0.0546938
-0.0408018
-0.0497367
-0.0550961
-0.0563382
-0.0401179
-0.0309229
-0.0538636
-0.0538636
-0.0513876
-0.0431366
-0.0424368
-0.040955
-0.0550961
-0.0461686
-0.0469932
-0.0489115
-0.0464478
-0.0460392
-0.0460392
-0.0483744
-0.0453443
-0.0475294
-0.0476796
-0.0571546
-0.0432632
-0.0368178
-0.0360073
-0.0480956
-0.0480956
-0.062799
-0.052073
-0.0482132
-0.0570204
-0.041499
-0.0496071
-0.0615531
-0.0575613
-0.0472619
-0.0436962
-0.0612599
-0.0427304
-0.0544097
-0.0544097
-0.0454718
-0.0424661
-0.0688483
-0.0531657
-0.0438336
-0.0621045
-0.0533203
-0.0533203
-0.0564695
-0.0416271
-0.0476796
-0.0590845
-0.0552236
-0.0447723
-0.0464395
-0.0410537
-0.0410537
-0.0447975
-0.0462974
-0.0394442
-0.0301123
-0.036703
-0.0566001
-0.0431366
-0.0423297
-0.0542748
-0.0450654
-0.0443676
-0.0361458
-0.0290091
-0.0435554
-0.0406617
-0.0368389
-0.0420628
-0.0460392
-0.0390364
-0.0461749
-0.0461643
-0.0637665
-0.0479579
-0.042885
-0.0553834
-0.0669297
-0.0629458
-0.0629458
-0.051527
-0.0741266
-0.0759216
-0.0737331
-0.0912278
-0.0718303
-0.0718303
-0.0738399
-0.0612561
-0.0474085
-0.059312
-0.0468453
-0.0419834
-0.0264329
-0.0112647
0.00766352
0.0477879
0.102132
0.124281
0.0832809
0.0233166
0.011056
-0.00405832
-0.0128411
-0.0128411
-0.00230618
0.0137307
0.0142215
0.015704
-0.0161041
-0.0350311
-0.0482878
-0.0472182
-0.0647905
-0.0596016
-0.0612511
-0.0616515
-0.0557228
-0.0524204
-0.0579165
-0.0601458
-0.0562212
-0.0514399
-0.0541966
-0.0610705
-0.0656261
-0.0635815
-0.0623232
-0.0676971
-0.0573705
-0.0621778
-0.0619073
-0.0678028
-0.051982
-0.059169
-0.0563896
-0.0638505
-0.0638505
-0.0594392
-0.0642485
-0.071146
-0.0636828
-0.0636828
-0.0656261
-0.0656261
-0.0722418
-0.0691026
-0.0559928
-0.0683662
-0.0632683
-0.059963
-0.0507891
-0.0557228
-0.0695012
-0.0621778
-0.0617797
-0.0547596
-0.0601345
-0.0564205
-0.0575357
-0.0628468
-0.0765308
-0.0646872
-0.0634515
-0.0612404
-0.0679971
-0.0679971
-0.0594392
-0.062216
-0.0576224
-0.0589801
-0.0708761
-0.0639791
-0.047033
-0.0473047
-0.0616378
-0.0762636
-0.0762636
-0.0586037
-0.0625749
-0.0561192
-0.0565596
-0.0551569
-0.0603585
-0.0603585
-0.0542198
-0.0608003
-0.0663209
-0.0578934
-0.0554068
-0.0658979
-0.0525283
-0.0522818
-0.0528352
-0.0429022
-0.044881
-0.056661
-0.0451169
-0.0533623
-0.0547442
-0.0525657
-0.0404431
-0.0543213
-0.0448358
-0.0453916
-0.051849
-0.055031
-0.0500817
-0.0500817
-0.050067
-0.0404431
-0.0404431
-0.050067
-0.050067
-0.050067
-0.0413906
-0.0526919
-0.0526919
-0.0545938
-0.0410031
-0.0430681
-0.046499
-0.0514201
-0.0558254
-0.0544297
-0.0373949
-0.0662036
-0.052131
-0.0719432
-0.0396104
-0.0690361
-0.0518576
-0.0587498
-0.0573705
-0.0473309
-0.048163
-0.0611756
-0.0611756
-0.0398445
-0.0274217
-0.014098
-6.43899e-05
-0.00403375
6.13146e-05
-0.0072897
-0.0146373
-0.0146373
-0.0160342
-0.0177211
-0.0260482
-0.0260482
-0.0280638
-0.0254712
-0.0191064
-0.0243953
-0.0466199
-0.0356502
-0.0316791
-0.0211254
-0.0286639
-0.0319039
-0.0330487
-0.026594
-0.026594
-0.0335952
-0.0226066
-0.026594
-0.0186544
-0.0284964
-0.0284964
-0.0385008
-0.0128848
-0.0261629
-0.0283306
-0.0375538
-0.0380654
-0.0109502
-0.0349389
-0.0227206
-0.0202369
-0.030945
-0.0422256
-0.0302696
-0.0383831
-0.0423786
-0.0411161
-0.0411161
-0.0292869
-0.0130275
0.0179537
0.0224023
0.0302689
0.016933
0.0236177
0.0148577
0.0442454
0.0617372
0.0756353
0.056561
0.0456158
0.0378185
0.0378185
0.0633617
0.0734081
0.0672227
0.0664876
0.0932894
0.0534464
0.0553478
0.0704576
0.0822619
0.0720774
0.0747611
0.0667218
0.0668735
0.0577036
0.052835
0.0523218
0.0475961
0.038959
0.0514803
0.0384987
0.0330748
0.0369303
0.0254606
0.0225326
0.0433734
0.0417708
0.0533457
0.0443527
0.0452852
0.0418613
0.0512816
0.0345294
0.0345294
0.0225326
0.0412718
0.0283864
0.0394421
0.0410204
0.0584456
0.0403293
0.0333923
0.0444427
0.0397862
0.0292789
0.0388496
0.0424126
0.0443974
0.046225
0.052223
0.0511756
0.0380517
0.040084
0.040084
0.0370544
0.0275409
0.0363623
0.0349274
0.0322517
0.0469149
0.0467703
0.031956
0.0359165
0.0302675
0.0416171
0.0245034
0.0380517
0.0337375
0.0399317
0.0454795
0.038742
0.0345213
0.0244144
0.0294234
0.0448346
0.0235694
0.0317537
0.0365199
0.0547362
0.0328422
0.0252093
0.0321545
0.0285263
0.0215853
0.0422097
0.0405738
0.036413
0.0140348
0.0215853
0.0354256
0.0450849
0.0290264
0.0290264
0.0397305
0.0273872
0.0413655
0.0304136
0.0379505
0.0331874
0.0331874
0.0361563
0.0385392
0.0136861
0.0384856
0.0279883
0.0294576
0.0238635
0.0327919
0.0327919
0.0187009
0.0284901
0.0187576
0.0254909
0.0272962
0.0276272
0.0302502
0.0334284
0.0295122
0.0295122
0.0237793
0.0222428
0.020825
0.026119
0.00823724
0.014613
-0.00100971
-0.0109912
0.00686552
0.010624
0.00293658
0.00388893
-0.00845777
-0.0162852
-0.0135786
-0.000612084
-0.010922
0.000844998
-0.0127186
-0.0127186
-0.00489377
0.00795414
-0.00434488
-0.00423877
-0.00755451
0.00471464
0.00471464
-0.00785026
-0.0100795
-0.0101587
-0.0222944
-0.00294263
-0.0152843
-0.00330161
0.00262656
-0.0109322
-0.00428578
0.00517263
0.00869394
-0.00340867
-0.0102196
-0.00241105
-0.00750065
-0.0151002
-0.00997598
-0.0106369
0.000492928
-0.010636
-0.00120337
-0.00905841
0.00770037
0.000892695
-0.0118102
-0.00434571
-0.00735587
-0.0038206
0.0020742
-0.000282942
-0.000282942
0.00860518
-0.00552517
-0.00028539
-0.00892265
-0.0108888
0.0032506
0.0032506
-0.00145703
0.00351439
0.0172214
-0.00225687
-0.000812787
-0.00198893
0.00326683
0.00053159
0.00732699
-0.0098076
0.000365056
0.0104344
0.00875531
0.00940585
-0.0111667
-0.00792249
-0.0117126
-0.0138194
-0.0167047
-0.0153497
7.16924e-05
-0.010124
-0.00658357
-0.00902987
-0.00902987
-0.0143408
-0.00877355
0.00679088
-0.0245492
-0.01543
0.00224392
0.00224392
-0.0120694
-0.0158696
-0.00986603
-0.00760544
0.0144976
0.00730433
0.00730433
-0.0177188
0.00259207
-0.00473951
-0.0188992
0.0142564
0.0178987
-0.00801965
-0.00709822
0.0109823
0.0129295
-0.00106198
-0.00172033
0.0167216
0.00494911
0.0129295
0.00979293
0.0101806
0.0117541
0.00495603
0.0146327
0.00430421
0.0181626
0.0128237
0.00639728
0.00691376
0.00141646
-0.00591881
0.0105761
0.00899679
-0.00190707
-0.00297133
-0.00297133
-0.00103845
-0.0126096
0.00429367
0.00429367
0.00429367
0.00739908
-0.0249825
-0.0249825
-0.0112939
-0.0108003
-0.0108003
-0.0188232
-0.0118002
0.00850715
0.00757399
1.08312e-07
-0.000680257
-0.0141628
0.0101786
-0.00279162
-0.00397122
-0.00683744
0.0040284
0.00704946
0.0167337
-0.0080203
0.00259284
-0.00919969
-0.00370883
0.00925726
0.00965979
0.00468778
0.00403018
-0.0013385
-0.0013385
-0.000810843
0.00861026
0.00977359
-0.00985019
0.00782944
0.00442644
0.0219485
0.00664702
0.0042916
0.00573393
0.00782604
0.0135895
0.0104475
0.00836518
0.00480675
-0.00909961
-0.00125417
-0.0115178
-0.0115178
-0.013508
-0.0253095
-0.0124222
-0.00863345
-0.00533353
-0.00533353
-0.00439983
-0.00390094
-0.0149788
-0.00843817
-0.00675588
-0.00725802
-0.0105515
-0.00110816
-0.0143445
-0.0124825
-0.0155244
-0.0155244
0.00269231
-0.00607067
0.00874257
0.00125831
-0.00952175
-0.0185585
-0.0249701
-0.00833789
-0.00176507
-0.00177058
-0.0102915
-0.00700428
-0.0062141
-0.00241105
0.00531764
-0.0105351
0.00153145
0.0186761
0.00255503
-0.00475817
0.00061194
-0.00946204
-0.0052765
-0.00802317
0.00532406
0.00440459
0.00440459
-0.000562513
0.0152841
-0.00333188
0.00061194
-0.00742562
-0.011807
-0.0136785
-0.00349619
-0.00373795
-0.0293122
-0.0156999
-0.0322631
-0.00696894
-0.02396
-0.0111739
-0.0123663
-0.0161693
-0.0220833
-0.00744667
-0.00651349
-0.00980122
-0.00700651
-0.00928076
0.000138647
0.000138647
-0.00905684
-0.00930239
-0.0170335
-0.00431348
-0.00151909
-0.0194977
-0.0194977
-0.00743108
-0.00700428
-0.00453599
-0.0137231
-0.0097563
-0.0308842
-0.013699
-0.0262909
-0.00475817
-0.0181397
-0.0118201
-0.0118201
-0.0127763
-0.0193698
0.00164488
-0.00542553
-0.0110623
-0.00567794
-0.00567794
-0.000419631
0.00166909
0.0129218
0.0030464
-0.00609568
-0.0206479
-0.011206
-0.0238133
-0.0302049
-0.0165673
-0.0180195
-0.0180195
-0.0294026
-0.0182777
-0.0279536
-0.0279939
-0.0123733
-0.0225518
-0.019184
-0.00525095
-0.00525095
-0.0126647
-0.0124142
-0.00861851
-0.00811201
-0.00811201
-0.013508
-0.0125692
-0.0116324
-0.0053112
-0.0053112
-0.0165937
-0.0231795
-0.0267295
-0.0297886
-0.0203908
-0.0198684
-0.0269659
-0.00948445
-0.0129214
-0.0108266
-0.00047219
-0.0109314
-0.0218274
-0.0123837
-0.0174834
-0.0313999
-0.013017
-0.0189218
-0.0131219
-0.0131219
-0.0187944
-0.00592007
-0.00330904
0.00468711
-0.0116641
-0.0153762
-0.0135738
-0.00779568
-0.00590136
-0.0225862
-0.0181115
-0.0179358
-0.0301341
-0.0365049
-0.0274846
-0.0274846
-0.0345932
-0.0345932
-0.0246632
-0.0135935
-0.0135935
-0.0338575
-0.0331725
-0.0331725
-0.0310553
-0.02304
-0.0303813
-0.0303813
-0.028434
-0.01333
-0.00178335
-0.00556764
-0.00806893
0.00269646
-0.00884079
0.00310466
-0.0109627
-0.0127979
-0.0043764
-0.00674035
-0.00176507
0.00885395
-0.00476841
-0.00476841
0.00597261
-0.00725454
-0.0165937
-0.00645953
0.00440459
0.00350437
0.00350437
-0.0194182
-0.0200832
-0.0149739
0.00205718
-0.00645086
-0.00645086
0.0151473
-0.0142506
-0.0142506
-0.00777059
-0.0224529
-0.0224529
-0.0113455
-0.0159278
-0.00651429
-0.00651429
-0.00883809
-0.0173539
-0.0173539
-0.024442
-0.0192637
-0.00651349
-0.00371529
-0.00843931
-0.00843931
-0.0157033
-0.0183226
-0.018573
-0.0216133
-0.023289
0.000495394
0.000495394
0.00243105
-0.00482254
0.00403486
-0.0178848
-0.0122321
-0.00725669
-0.0110495
-0.00150602
7.79654e-05
0.007406
-0.00268117
-0.0204223
-0.0173697
0.00741838
0.00125565
-0.0119773
-0.0043764
-0.0134074
-0.0134074
-0.00684053
0.0025912
-0.0279625
-0.00265543
-0.00554648
-0.0159036
-0.00764267
-0.0121524
0.0011112
-0.0202789
-0.0269787
-0.019965
-0.0220462
-0.018761
-0.0131188
-0.0263731
-0.0138459
-0.0206984
-0.0223701
-0.0223701
-0.017848
-0.0261185
-0.0086877
-0.0134079
-0.0202521
-0.0202521
-0.0159668
-0.0119809
-0.0183185
-0.0134134
-0.0240481
-0.022613
-0.0256619
-0.0155255
-0.016027
-0.00700428
-0.0183086
-0.0145949
-0.0110513
-0.000936716
-0.00776313
-0.00211485
-0.00161181
-0.00094177
0.010594
-0.00110658
0.00823707
-0.00228306
-0.00751098
-0.0157709
-0.0134119
-0.00591599
-0.00591599
-0.0199834
-0.00489277
0.00377242
-0.000176089
0.0120169
-0.0194576
-0.0101219
-0.00396742
-0.00684024
-0.0145915
-0.0410434
-0.00962043
-0.0258493
-0.0327188
-0.0215866
-0.0154482
-0.032284
-0.0140739
-0.0334782
-0.0216405
-0.0242484
-0.0244876
-0.00087379
-0.0308968
-0.0148173
-0.0100948
-0.00892178
-0.0216791
-0.0180885
-0.0297137
-0.0297137
-0.00493823
-0.0136569
-0.0134104
-0.0155764
-0.0155764
0.00380788
-0.00302911
-0.00160427
-0.0178882
0.00547141
0.0124864
0.00708449
-0.000428332
-0.00682431
-0.00708134
0.00800624
0.00335931
0.00850715
0.00547141
0.00243108
0.0101812
0.006646
0.00733085
0.00335931
0.00478995
0.00478995
0.000750318
0.0108594
0.00782366
0.0120304
-0.00110485
-0.000919076
-0.00632332
-0.00558054
-0.00272743
-0.00815111
-0.0145435
-0.0209251
-0.00815157
0.00226089
-0.0143098
-0.0143098
-0.00319512
-0.00345189
-0.00345189
-0.00581478
-0.00322715
-0.00087379
-0.0018042
-0.000413863
0.0175338
-0.00748456
-0.000656722
-0.0105834
-0.0105834
-0.0164982
-0.00869806
-0.00869806
-0.00302417
-0.0183774
-0.0091642
-0.0025762
0.00828421
-0.0202521
-0.000662947
0.00808826
0.0160521
0.0134281
-0.0127276
0.0044719
0.0044719
-0.0139109
-0.00472041
-0.00869078
0.0122995
0.00567278
0.0101977
-0.0124854
-0.00447146
-0.00446754
-0.00472041
-0.0226414
-0.00395809
-0.0133563
-0.00366539
-0.0166674
-0.0249588
-0.0247136
-0.0173574
-0.0119112
-0.0144972
-0.0107326
-0.0130993
-0.0140683
-0.0190366
-0.0247073
-0.0247073
-0.0216584
-0.00628612
-0.0173788
-0.000393993
-0.00251019
0.00952338
0.0151981
-0.000379759
-0.00392237
0.0139698
0.00711831
0.00477798
-0.00747847
-0.00113128
-0.00607422
-0.00134723
0.00902631
-0.00892288
0.00310381
-0.00822795
0.00328158
0.00328158
-0.0110728
-0.00686003
0.0101495
0.0101495
-0.00493823
0.00591188
0.00922738
-0.000204849
0.00730848
-0.00659624
-0.00911256
-0.0154896
-0.00908334
-0.0157035
-0.00718645
-0.0192622
-0.00551395
0.00446086
-0.00831032
-0.0125213
-0.00359618
0.00726309
-0.00119479
-0.0137736
-0.00784751
-0.00451131
-0.00149052
-0.00340007
-0.00340007
0.00814454
-0.00907827
-0.00218719
0.00132993
0.00673251
0.0060178
-0.00390382
-0.00296006
0.0116643
0.0128526
0.00626573
0.00626573
0.00626573
-0.00487816
0.0109354
0.0118941
-0.00153932
0.0189764
0.0144335
0.015388
0.0121249
-0.00110907
0.0104339
0.00267672
0.0253081
0.0123317
0.00763399
0.0130101
0.0097816
-0.00929364
-0.00929364
-0.00107587
-0.00550946
-0.00503404
-0.00526873
-0.0184949
-0.0110923
-0.0153106
-0.0103339
-0.0134771
-0.00680907
-0.0134574
-0.0177003
-0.0179382
-0.00357907
0.00687412
0.0136602
-0.00875973
-0.00354295
-0.00563938
-0.0153568
-0.0200966
0.0103595
0.0063302
-0.0076578
-0.000292777
-0.00714457
-0.00714457
-0.00243344
0.000678567
0.00355009
-0.00856346
0.00466143
0.0100382
0.00558445
-0.00153059
-0.000563882
-0.00437288
-0.00506788
-0.000358855
-0.000358855
-0.00295154
0.00819428
0.00866826
0.0135937
0.00817393
0.00983712
0.0033408
-0.0100403
-0.0153665
-0.00424021
-0.0225018
-0.0157991
-0.028328
-0.0178337
-0.0329985
-0.0318003
-0.0208909
-0.0192667
-0.0194305
-0.0140126
-0.0254465
-0.0108077
-0.0105469
-0.0145904
-0.0223526
-0.0233348
-0.0102342
-0.0304749
-0.0140895
-0.0124594
-0.021929
-0.0131583
-0.0131583
-0.00846987
-0.00566767
-0.00141657
-0.0237912
-0.00767975
-0.00767975
-0.00778846
-0.00283321
-0.0151355
-0.0129649
-0.000905866
-0.00471803
0.00140488
-0.00487734
-0.0162596
-0.0144041
-0.00566767
0.0017353
-0.0135331
-0.0112159
-0.00837175
-0.0174452
0.0157903
-0.0151582
-0.00638209
-0.00722548
-0.0240185
-0.0128101
-0.00599258
-0.000114759
-0.0231606
-0.0231606
-0.0026895
-0.0037188
-0.000756845
-0.00168306
0.00380472
-0.00536672
-0.0150604
-0.00880124
-0.00773757
-0.00264969
0.0187533
0.0139468
0.0139468
-0.00450565
-0.00450565
-0.0167467
-0.000393516
-0.000256287
0.00130392
0.00130392
-0.00828758
-0.0211031
-0.00576944
-0.0106905
-0.000787905
-0.000787905
-0.0154004
-0.00315625
-0.014132
-0.0044728
-0.0348534
-0.0155449
-0.0330669
-0.017634
-0.0391483
-0.0275112
-0.0162886
-0.0290484
-0.0244866
-0.0204979
-0.0139474
-0.0226055
-0.0277997
-0.0258799
-0.0105758
-0.0105758
-0.0202314
-0.00926634
-0.0154834
-0.00539262
-0.00636226
-0.0202339
-0.0202339
-0.00353598
-0.00659762
-0.0037367
-0.0106903
-0.00381577
0.00164537
-0.00553843
-0.0116184
-3.73471e-05
-0.0160024
-0.00594599
-0.00220444
-0.00220444
-0.00184813
0.00188861
0.00109073
0.0085092
-0.00248286
-0.0231452
-0.0231452
-0.0139147
-0.00422527
-0.0150493
-0.0112386
-0.017651
-0.00777564
-0.0139252
-0.0112818
-0.00978577
-0.0233598
-0.00959122
-0.0259273
-0.0259273
-0.00852647
-0.00349005
-0.0177956
0.00237478
-0.0112204
-0.0158881
-0.00404927
-0.00693505
-0.011539
0.0137397
-0.00187078
0.0123675
0.00889441
0.00659981
0.00659981
0.0162742
0.015163
0.000604475
0.00771278
0.00771278
0.0105603
0.0110055
0.0120607
0.01433
0.00678909
0.00837909
0.0234287
0.0169063
0.00572467
0.00121803
-0.0171434
-0.0250252
-0.0255501
-0.0260125
-0.0115531
-0.0115531
-0.00579482
-0.00579482
-0.012692
-0.030178
-0.00762637
-0.0179955
-0.01333
-0.00807411
-0.00807411
-0.00569434
-0.00865572
-0.0149315
-0.00650455
-0.000636922
0.0027237
-0.000815004
-0.0152111
-0.0105186
0.000475997
0.0262784
0.0109062
0.0109062
0.0179214
0.00300474
0.0115847
0.0166868
0.0119399
0.00220857
0.00220857
0.0093081
0.0157496
0.0183019
0.0283285
0.0155127
0.0105703
0.0218313
0.016042
0.00416692
-0.00402335
0.000347287
0.0111902
0.0111902
-0.00924482
0.00559716
0.0110189
0.0074797
0.00439163
0.00426802
0.0100222
0.00117579
0.00299615
-0.0161104
0.000725589
0.0065908
0.0198466
0.0171989
-0.000604292
0.0102481
0.00321749
0.0117896
0.0203393
0.0203393
0.02707
0.0235794
0.0224234
0.033136
0.0374856
0.0239367
0.0160568
0.0268779
0.0198188
0.00579152
0.018265
0.0284501
0.023246
0.0321429
0.0164552
0.0111369
0.0169173
0.0248954
0.0254276
0.0121259
0.0169808
-0.000920114
0.0185606
0.00775034
-0.00530913
0.0201044
0.0201044
0.0147216
0.00880539
0.0112759
-0.00151765
0.00672944
0.00107385
0.00402338
0.00542187
0.0025396
0.00410901
0.0144114
0.0178961
0.0232288
0.0221964
0.0182544
0.00911673
0.0203408
0.0141876
0.0210992
0.0210992
0.0171975
0.0310832
0.0310832
0.0287811
0.00858175
0.0173418
0.0255679
0.0365179
0.0264912
0.0126201
0.0221969
0.0233507
0.0206088
0.0221284
0.0106026
0.0223426
0.0200537
0.028938
0.00488954
0.00488954
0.00865427
0.0175639
0.0065761
0.010669
-0.00114211
0.00356287
0.0120279
0.00842042
0.0162189
0.00813052
0.00416187
-0.00523432
-0.000611617
0.00602738
0.00855774
0.00978516
0.0102242
0.00985853
0.00357198
0.0104232
0.0173439
0.00248938
0.0194997
0.0234894
0.0272441
0.0237724
0.00320534
0.0110866
0.00565824
0.0202663
0.0169619
0.0201708
0.0250235
0.0260238
0.0260238
0.0305315
0.041137
0.0228036
0.0174887
0.0232485
0.00518794
0.0203437
0.0178156
0.0313603
0.018588
0.0100285
-0.00122143
0.00199823
0.00464953
0.00464953
0.0169225
0.00265866
0.0177561
-6.34398e-05
0.0144076
0.0287303
0.0287303
0.0295454
0.0220113
0.0198455
0.0168914
0.0234931
0.0304195
0.0381306
0.0309626
0.0334637
0.0183982
0.034307
0.0388058
0.0295652
0.0325923
0.0341854
0.0219577
0.0212176
0.0441713
0.0441713
0.0488363
0.0336009
0.0348341
0.0250586
0.0342951
0.0422815
0.0422815
0.042284
0.0298637
0.0312669
0.0256472
0.0363668
0.0425354
0.0287693
0.00617429
0.0324786
0.0421186
0.0305354
0.0305354
0.0305354
0.0457966
0.0290214
0.0506119
0.0550014
0.0293262
0.0293262
0.0459125
0.0482691
0.0529909
0.0401268
0.0500012
0.0417408
0.0486932
0.043077
0.0637227
0.0513298
0.0366975
0.0386074
0.0386074
0.0431666
0.057671
0.0589713
0.0670147
0.0693362
0.063868
0.0841146
0.0558907
0.0526306
0.0563724
0.0535136
0.0585886
0.0585886
0.0601914
0.0661796
0.0619114
0.0498992
0.0393591
0.0727775
0.0552008
0.0564919
0.0487747
0.0505562
0.0541141
0.040753
0.040753
0.050803
0.0367222
0.0532054
0.0412876
0.0431381
0.0423089
0.0423089
0.0708903
0.0622899
0.0563996
0.0454713
0.0599041
0.0579265
0.0579265
0.0803676
0.0431505
0.0636862
0.0635688
0.0759422
0.0759422
0.0784179
0.0688118
0.0641579
0.0730066
0.0736826
0.0635841
0.0635841
0.0683417
0.0740158
0.10036
0.0776506
0.0855604
0.0966318
0.0822818
0.0891729
0.0748314
0.0759662
0.0876086
0.0876086
0.075757
0.0853716
0.0812104
0.0652069
0.0769965
0.0769965
0.0750409
0.0616479
0.0754522
0.066143
0.0707999
0.0699673
0.0700726
0.068829
0.0602624
0.0522671
0.0638598
0.0855786
0.102486
0.0822383
0.0936847
0.0920709
0.0832759
0.0727553
0.0823733
0.0851035
0.0932382
0.0987971
0.0987971
0.104081
0.0909771
0.0906622
0.0825199
0.0812609
0.0812609
0.0915851
0.0985743
0.090193
0.107495
0.122013
0.0947166
0.0947166
0.0892903
0.0892903
0.100031
0.084337
0.0904204
0.0858001
0.101816
0.0975338
0.10733
0.0882765
0.0869188
0.100929
0.100929
0.0871552
0.0912195
0.091661
0.100458
0.0637027
0.0794354
0.0668769
0.067807
0.078268
0.0949235
0.0702497
0.0703379
0.0769076
0.0804837
0.0887865
0.0887865
0.0558235
0.0786222
0.0856663
0.096716
0.106575
0.106575
0.0830192
0.104821
0.0972164
0.0953433
0.0745033
0.0745033
0.10124
0.117527
0.0973842
0.0967397
0.0974835
0.0954517
0.0836167
0.0950662
0.0967008
0.118066
0.105661
0.121236
0.126043
0.114523
0.109606
0.115114
0.106387
0.116464
0.103012
0.11435
0.126866
0.136042
0.136042
0.116208
0.124437
0.129989
0.114625
0.126603
0.111949
0.124234
0.12499
0.122725
0.133342
0.129725
0.113504
0.121065
0.121814
0.121814
0.0953608
0.0997872
0.0973564
0.107474
0.0739481
0.100047
0.100047
0.112521
0.105993
0.0991245
0.0899184
0.0902644
0.0728726
0.0882643
0.0741533
0.0979019
0.103478
0.119751
0.111886
0.107896
0.115694
0.113586
0.097466
0.111866
0.0982679
0.109014
0.125369
0.124549
0.112968
0.134722
0.140246
0.122239
0.113908
0.113908
0.114253
0.114253
0.117916
0.130061
0.118855
0.137864
0.127445
0.124318
0.110536
0.0999903
0.113725
0.123252
0.13438
0.143858
0.135899
0.151185
0.129499
0.129499
0.14169
0.131641
0.139495
0.139495
0.137354
0.152406
0.152406
0.144512
0.153641
0.150023
0.150023
0.162579
0.150761
0.150761
0.154715
0.144365
0.144271
0.145754
0.14464
0.1516
0.146404
0.155865
0.124984
0.117287
0.131378
0.136182
0.124688
0.13888
0.135853
0.145801
0.134601
0.10771
0.111083
0.121656
0.121656
0.125466
0.118089
0.110405
0.125045
0.136852
0.142408
0.133347
0.149128
0.134679
0.122459
0.136079
0.136079
0.143665
0.144711
0.146567
0.161603
0.182791
0.179419
0.162529
0.171239
0.166872
0.176606
0.164285
0.160045
0.155901
0.167069
0.177769
0.192889
0.171139
0.180231
0.164927
0.164927
0.171046
0.172232
0.167959
0.166017
0.180509
0.181089
0.181089
0.166915
0.159029
0.176431
0.170533
0.173624
0.166625
0.177468
0.1738
0.170706
0.162273
0.159116
0.167411
0.167411
0.167411
0.165084
0.183969
0.173332
0.182301
0.178487
0.19335
0.194842
0.192209
0.198025
0.188899
0.190289
0.187773
0.174294
0.180178
0.186768
0.200267
0.171061
0.138788
0.146571
0.164606
0.167399
0.179801
0.193636
0.186496
0.149846
0.159484
0.127745
0.160657
0.148939
0.159039
0.162961
0.164245
0.168764
0.182401
0.164533
0.173103
0.177415
0.186006
0.173644
0.173499
0.177352
0.18762
0.186435
0.181411
0.185113
0.202208
0.19608
0.181497
0.180678
0.186211
0.186211
0.186063
0.205821
0.194175
0.201826
0.194293
0.199621
0.213542
0.19838
0.200361
0.189677
0.209554
0.201936
0.211207
0.200279
0.192271
0.206732
0.198703
0.192709
0.192709
0.193165
0.191134
0.209023
0.203899
0.20566
0.216542
0.216542
0.218044
0.206523
0.206974
0.192928
0.208762
0.228818
0.219941
0.215053
0.2116
0.20046
0.189893
0.189893
0.191528
0.176089
0.197181
0.20789
0.190616
0.193058
0.204583
0.196323
0.212197
0.221744
0.220647
0.182538
0.195802
0.184752
0.190311
0.19767
0.177232
0.185966
0.195311
0.178136
0.178136
0.161816
0.172903
0.178772
0.15857
0.176175
0.176175
0.168374
0.180885
0.175896
0.184467
0.181637
0.169756
0.160156
0.171928
0.169096
0.191103
0.188066
0.197923
0.197923
0.191331
0.16983
0.18207
0.180127
0.171606
0.166655
0.166655
0.172449
0.183228
0.191783
0.212313
0.200407
0.199137
0.199137
0.215729
0.183088
0.194688
0.187709
0.198476
0.200454
0.195374
0.195699
0.193441
0.195602
0.203104
0.19979
0.19979
0.214909
0.214909
0.211367
0.229888
0.21181
0.185523
0.192893
0.195285
0.190437
0.185727
0.190274
0.19328
0.209111
0.197081
0.197081
0.203385
0.184134
0.18736
0.18736
0.186978
0.185321
0.203745
0.216141
0.208527
0.201814
0.187143
0.192105
0.200568
0.192554
0.189561
0.189561
0.190026
0.1931
0.186456
0.186456
0.179239
0.140754
0.167896
0.145294
0.190174
0.172736
0.19052
0.179445
0.148034
0.160913
0.145503
0.162778
0.136224
0.131109
0.152921
0.149709
0.140625
0.16298
0.164132
0.169654
0.163818
0.163818
0.16397
0.16359
0.149469
0.16769
0.171916
0.186001
0.18429
0.18429
0.169888
0.162508
0.170117
0.154927
0.183847
0.183847
0.192863
0.203599
0.183315
0.166677
0.166834
0.166834
0.165223
0.171561
0.169617
0.180027
0.182163
0.184568
0.186408
0.175618
0.175246
0.173746
0.173746
0.176749
0.176749
0.18577
0.179953
0.198767
0.203927
0.179939
0.179939
0.181195
0.169889
0.199857
0.199857
0.201697
0.188585
0.199839
0.197239
0.195024
0.180295
0.188739
0.200193
0.200193
0.185994
0.177451
0.185119
0.178323
0.19871
0.188724
0.176847
0.192531
0.192142
0.186107
0.179918
0.170024
0.142582
0.162838
0.157147
0.156704
0.155516
0.16139
0.168213
0.168213
0.148629
0.148629
0.136999
0.153337
0.13833
0.127745
0.127745
0.152478
0.152577
0.152577
0.146366
0.142749
0.161308
0.161308
0.149507
0.134861
0.139261
0.1516
0.150464
0.150464
0.16332
0.153001
0.154126
0.159073
0.155182
0.145743
0.145743
0.13199
0.147652
0.172745
0.178317
0.182035
0.168161
0.162457
0.164311
0.155757
0.156396
0.164817
0.156509
0.161831
0.163951
0.160728
0.168041
0.173741
0.160974
0.153905
0.158126
0.158379
0.172002
0.167434
0.164963
0.16842
0.164567
0.170651
0.167315
0.158403
0.165072
0.162109
0.181178
0.176427
0.175012
0.16385
0.164846
0.161585
0.165697
0.145604
0.164542
0.17298
0.181994
0.180375
0.193414
0.16808
0.16867
0.152036
0.163871
0.176988
0.166616
0.164829
0.141024
0.134792
0.157499
0.148125
0.148255
0.165117
0.152855
0.135764
0.110497
0.129799
0.123488
0.1416
0.122031
0.118883
0.130252
0.135644
0.152482
0.158593
0.138318
0.139083
0.132897
0.14173
0.141465
0.129665
0.139255
0.139903
0.154532
0.151432
0.155407
0.146357
0.142492
0.141139
0.147966
0.119819
0.134711
0.170933
0.162397
0.153833
0.153833
0.136868
0.142176
0.143008
0.147274
0.145903
0.133277
0.146543
0.160797
0.156422
0.15307
0.13404
0.135305
0.141976
0.14831
0.141722
0.153551
0.155188
0.152541
0.153075
0.153075
0.157638
0.1506
0.146522
0.15166
0.152779
0.153607
0.153607
0.140206
0.154087
0.140436
0.150169
0.150169
0.148604
0.153153
0.145173
0.140581
0.145622
0.158555
0.158555
0.168622
0.147671
0.147671
0.107754
0.130988
0.139606
0.122453
0.156847
0.156847
0.130289
0.143082
0.11392
0.11392
0.119612
0.119612
0.11302
0.0969355
0.110817
0.114104
0.13051
0.119483
0.107009
0.107009
0.120307
0.120307
0.119592
0.119592
0.11479
0.11479
0.120055
0.108137
0.131004
0.122362
0.140522
0.140522
0.1211
0.121346
0.113111
0.11968
0.146994
0.141498
0.144383
0.130372
0.132628
0.119894
0.119064
0.128471
0.128625
0.142892
0.148495
0.148495
0.138858
0.130674
0.127195
0.132922
0.129079
0.14151
0.139455
0.144651
0.14118
0.132867
0.132451
0.129788
0.13368
0.14241
0.120264
0.125895
0.144191
0.144191
0.137068
0.13685
0.154256
0.137806
0.130961
0.113821
0.108586
0.110577
0.0994115
0.0999176
0.0889515
0.0880946
0.107605
0.101861
0.0893927
0.0989947
0.0900159
0.0916961
0.0940062
0.0764956
0.0755978
0.0879987
0.0882658
0.0855996
0.0924507
0.10844
0.10844
0.096638
0.0920548
0.0854029
0.0870288
0.0735731
0.0977555
0.0977555
0.095294
0.101975
0.104989
0.102227
0.100743
0.0928334
0.0895896
0.0773649
0.107059
0.111979
0.093151
0.0920733
0.0947458
0.0958711
0.0909984
0.093204
0.101827
0.095622
0.103316
0.103316
0.0950087
0.106645
0.0995693
0.0918379
0.0999859
0.0999859
0.12663
0.121762
0.118928
0.109219
0.101627
0.125287
0.11331
0.120476
0.122185
0.114741
0.115826
0.11336
0.107671
0.107671
0.136696
0.111421
0.131035
0.136062
0.109436
0.103831
0.109158
0.0887306
0.100944
0.0703756
0.0834555
0.0895256
0.0944191
0.102638
0.110059
0.098106
0.062976
0.0762628
0.0858433
0.0894475
0.0733795
0.0839797
0.0839239
0.0839239
0.112079
0.106545
0.0752297
0.0857328
0.0926637
0.10602
0.107929
0.106041
0.114804
0.106545
0.100192
0.103683
0.108926
0.0913781
0.0913781
0.100511
0.0939926
0.091123
0.0967865
0.121546
0.100791
0.108349
0.105321
0.099751
0.098762
0.099474
0.0972996
0.10722
0.11093
0.11093
0.107089
0.101559
0.113176
0.113176
0.0992026
0.0992026
0.115167
0.121699
0.116467
0.118743
0.10402
0.1007
0.102774
0.105829
0.113079
0.113079
0.104094
0.114547
0.101205
0.0689144
0.0858313
0.0785332
0.0785332
0.0795368
0.0929577
0.094094
0.0924755
0.0950276
0.0660794
0.069874
0.0886575
0.0931341
0.0761066
0.0672906
0.0866146
0.0734977
0.0789502
0.0928704
0.0883126
0.0906705
0.0785332
0.0778094
0.0761888
0.0738118
0.0748654
0.0929892
0.085826
0.0950042
0.0907992
0.0873889
0.103977
0.0986728
0.0792538
0.0817849
0.0941346
0.0680732
0.0872566
0.0860037
0.106175
0.0930934
0.107222
0.0937817
0.0937817
0.0784049
0.0930767
0.0984206
0.094051
0.102244
0.0914253
0.0864625
0.109434
0.107741
0.0947446
0.0819268
0.0819268
0.0993786
0.0930243
0.0966685
0.103303
0.0943992
0.0871546
0.0871546
0.0776807
0.0795341
0.0676676
0.0768839
0.084424
0.084424
0.0809994
0.0955556
0.0569457
0.0670492
0.0565219
0.0579142
0.0467297
0.0547511
0.0640608
0.0793996
0.0809881
0.0771139
0.0580389
0.06829
0.0686667
0.072068
0.072068
0.0752211
0.0752211
0.0823237
0.0762863
0.0730857
0.0866098
0.0963252
0.0597892
0.0597892
0.0678083
0.0678083
0.0719256
0.0725942
0.0949288
0.0773914
0.100539
0.0975626
0.0848283
0.0914905
0.0761685
0.0627142
0.0627142
0.0855575
0.0832018
0.0873875
0.0666407
0.0697659
0.0676651
0.0668883
0.0704619
0.0742228
0.061856
0.0795565
0.0557826
0.0679153
0.0679153
0.0787497
0.0763675
0.0763675
0.0730084
0.0614742
0.0406255
0.0527261
0.0569838
0.0333862
0.0398004
0.0616326
0.0591669
0.0624346
0.0331484
0.0260982
0.0400806
0.0493877
0.0347908
0.0490493
0.0461999
0.0498335
0.0419447
0.0552788
0.0437973
0.0426767
0.0426767
0.0427436
0.0436437
0.0568296
0.0518057
0.0457476
0.047311
0.0559874
0.0455737
0.0573328
0.0621733
0.0621733
0.0552136
0.0604565
0.0566306
0.0617379
0.0669644
0.0304195
0.0543323
0.0768998
0.0768998
0.0556143
0.0775992
0.0775992
0.0552891
0.0406653
0.0406653
0.0641491
0.0555543
0.0601534
0.0586061
0.0400986
0.056645
0.0733133
0.0778175
0.0513441
0.0526372
0.0592903
0.0613028
0.0559842
0.0600772
0.0530409
0.0335283
0.0551669
0.0416315
0.0534801
0.0184564
0.0541466
0.0372811
0.0415282
0.0356396
0.0191111
0.0324305
0.0222338
0.025086
0.0251394
0.0367628
0.034207
0.035706
0.037106
0.0457629
0.0369366
0.03028
0.0110548
0.0214541
0.0259912
0.0327274
0.0327274
0.0341582
0.0393329
0.0331685
0.0423206
0.039582
0.0407897
0.0292657
0.0292657
0.0292657
0.0403844
0.0449623
0.0572737
0.066034
0.066034
0.0480807
0.0388315
0.044555
0.0361596
0.0432473
0.0299762
0.0347035
0.0461102
0.0398794
0.0546464
0.0481171
0.051385
0.0414389
0.0431409
0.0430044
0.0515768
0.0482152
0.0457565
0.0463149
0.0463149
0.0459064
0.0390283
0.0448563
0.0424964
0.0591628
0.0405517
0.0227445
0.00164537
0.043554
0.0235296
0.021546
9.50805e-05
0.0101585
0.00669799
0.0168443
0.0341179
0.0378242
0.0183747
0.0227907
0.0108236
0.00730867
0.0175505
0.0173863
0.00930462
-0.00344542
0.00520006
0.0146874
0.0182106
0.0169938
0.010091
0.000319144
0.000319144
0.0174848
0.0104865
0.0190805
0.0161448
0.0114082
0.00944094
0.0192775
0.0157486
0.00960466
0.00931183
0.0147844
0.0298563
0.0160177
0.0277618
0.0205054
0.0307225
0.0145268
0.0207506
0.0107331
0.0107331
0.0128568
0.0269299
0.0181392
0.0167313
0.0200116
0.0159874
0.0099607
0.0328597
0.00958721
0.032242
0.0217895
0.0220838
0.0336494
0.0388316
0.0342003
0.0275149
0.0147329
0.0132829
0.0203798
0.0156895
0.0170202
0.0308732
0.00934809
0.0108771
0.0311632
0.0311632
0.0254852
0.0177662
0.00550968
-0.0183935
0.000681494
0.00476481
-0.00585469
-0.00585469
0.00227128
0.0137828
0.0083414
-0.0212864
0.003449
-0.0147135
-0.00785131
-0.0173545
-0.0173545
0.00203695
0.0129209
0.0129209
0.0146676
0.0173437
0.00844069
-0.0114668
0.0167561
0.00969028
-0.00559154
0.00128654
0.0024518
0.00594689
0.00631213
0.00357683
0.00357683
-0.00147965
-0.00634962
-0.0182979
0.000203332
0.0136204
0.0136204
-0.00566837
0.00582933
0.00112863
0.00233288
-0.00199987
0.00129594
-0.0112117
-0.00172684
-0.00172684
0.00074916
-0.00632845
-0.00632845
0.000603966
0.00795491
0.00205197
-0.00787843
0.013815
0.00105345
0.00472492
0.00999945
-0.0139235
0.00695681
0.00695681
-0.00537799
-0.00654451
-0.00152201
0.00101679
-0.00375764
0.00671271
-0.00822018
-0.0135844
-0.0318449
-0.0317845
-0.0161225
-0.0176877
0.00343796
0.00343796
-0.0195374
-0.00652452
0.000595423
-0.0230168
-0.0111306
-0.00204684
-0.00197167
-0.0139635
-0.0177775
-0.0251411
0.00397795
0.00397795
-0.00527667
-0.00519218
-0.0125115
-0.0290335
-0.00880021
-0.0230337
-0.0162163
-0.0105364
0.000849168
-0.0092083
-0.00835991
-0.0126344
-0.0162545
-0.0162545
-0.00980423
-0.0135159
0.00514598
-0.0038234
-0.00446332
-0.011858
-0.00136507
-0.0191439
-0.016127
-0.0101753
-0.0141172
-0.00598355
-0.00828006
-0.00646844
-0.00756101
0.00740608
0.00205197
-0.00282089
-0.00224083
-0.00852047
-0.0144834
0.00333604
0.000300157
-0.00254948
-0.0139917
-0.0139917
-0.0279399
-0.00585469
-0.0194382
-0.012976
-0.012248
-0.011504
-0.0257271
-0.0107998
-0.0175099
-0.0232813
-0.0317793
-0.0348454
-0.0412695
-0.0129462
-0.0159039
-0.00795457
-0.00795457
-0.0077209
0.018977
-0.00710573
-0.000831313
-0.00655929
-0.000840203
-0.0111923
-0.0111923
0.0177695
0.0111773
0.0154001
-0.00056721
-0.00150197
0.012552
-0.0119686
0.011437
0.00117439
0.00499121
0.0118676
0.0155498
0.0245428
0.0150707
0.00442788
-0.0121386
-0.00727505
-0.0110547
-0.0090352
-0.0170244
0.00578895
-0.00171958
0.0113439
0.000411361
-0.0108542
0.00144598
0.000765044
0.0045415
-0.0149493
-0.0302213
-0.0302213
-0.0192164
-0.003814
-0.00415364
-0.0144507
-0.0382563
-0.0267917
-0.0105432
-0.0105432
-0.0321037
-0.0301595
-0.0354746
-0.0270166
-0.0313877
-0.0109464
-0.0109464
-0.0230658
-0.0173934
-0.0167825
-0.0253603
-0.00651197
-0.00651197
-0.0143032
-0.0177956
-0.0177956
-0.00196058
0.0307195
0.00253808
0.00253808
0.00263363
0.0334453
0.0438503
0.0290679
0.0194535
0.0263066
0.0467639
0.0254456
0.0392816
0.0588181
0.0800383
0.0764175
0.0933544
0.0600092
0.0752555
0.0643204
0.0835284
0.0721215
0.0793346
0.0762385
0.0860297
0.0755314
0.089676
0.0844503
0.0844503
0.0942317
0.112599
0.0949424
0.0906218
0.0893031
0.0893031
0.110566
0.0990128
0.0975022
0.100748
0.104022
0.104022
0.0907586
0.101655
0.0957962
0.0853987
0.0940069
0.0937327
0.0925762
0.0839662
0.0823298
0.0925501
0.087949
0.0960984
0.0893529
0.0987108
0.0874593
0.0874593
0.0900737
0.0900737
0.0924146
0.0947551
0.100778
0.0781777
0.0851775
0.0816782
0.0866053
0.0910804
0.0860175
0.0828652
0.0794277
0.0639229
0.0831975
0.0858848
0.0776979
0.0845642
0.0698069
0.0698069
0.0698069
0.0779423
0.08038
0.0719169
0.0735487
0.0735487
0.0816258
0.0816258
0.0798043
0.0564222
0.0564222
0.0649635
0.0179362
-0.00408461
-0.026235
-0.026235
-0.0225386
-0.0439178
-0.0403056
-0.048905
-0.0548921
-0.0435788
-0.0435788
-0.0623269
-0.0439662
-0.0339292
-0.0284512
-0.0251363
-0.0549206
-0.0392178
-0.0209994
-0.0209994
-0.0136083
-0.000713413
0.00774285
0.009201
0.0161824
0.0161824
-0.0066604
-0.00983573
-0.0160814
-0.00779304
-0.00779304
-0.00779304
-0.00779304
-0.00779304
-0.0132291
-0.00928905
-0.00928905
-0.00928905
-0.0205238
-0.0205238
-0.0129555
-0.0110751
-0.00451426
-0.0165117
-0.00817887
-0.0355334
-0.0107855
-0.00740622
-0.00806713
-0.0181707
-0.0175718
-0.00417507
-0.00367998
-0.0143402
-0.00985204
-0.00229488
-0.00491638
-0.0217914
-0.0212473
-0.0113477
-0.0105111
-0.00518842
-0.0100116
-0.00800258
-0.0147902
-0.0102378
-0.0147902
-0.00962318
-0.00823063
-0.020352
-0.0271434
-0.0136805
-0.0158998
-0.0158998
-0.00940064
-0.0269626
-0.0178445
-0.00319172
-0.00319172
-0.00329296
-0.00723206
-0.00896085
-0.0131788
-0.00190901
-0.0166736
-0.0115088
-0.0199054
-0.0140141
-0.0141165
-0.00756625
-0.0113477
-0.00973793
-0.00657084
-0.000745482
-0.00973793
-0.010031
-0.0171826
-0.0123996
0.00580516
-0.0205669
-0.0107855
-0.0299064
-0.00800998
-0.0267345
-0.023016
-0.00989756
-0.0231751
-0.0164633
-0.0167923
-0.0104577
-0.00966761
-0.022065
-0.022065
-0.0130063
-0.0105737
-0.0105737
-0.00362348
-0.00307543
-0.00307543
-0.0302953
-0.0103412
-0.00917683
-0.00545377
-0.0131788
-0.0115088
-0.000962717
-0.0123996
-0.0131788
-0.0131788
-0.0133378
-0.00906398
-0.00989756
-0.0165036
-0.0162872
-0.00723206
-0.0190055
-0.0188546
-0.00606891
0.00452967
-0.00367998
-0.00496086
-0.00496086
0.00253255
-0.0147902
-0.00562364
-0.00562364
0.0110126
0.00618949
-0.00484614
-0.00041373
-0.00506658
-0.00506658
0.0133958
0.0101279
0.00397162
-0.00662964
0.00202934
-0.00107411
-0.00740622
0.00297556
0.00707491
-0.00329296
-0.00235682
0.00220044
0.00220044
0.00829605
0.0122878
0.00846458
0.0149517
0.0107923
0.0107923
-0.00512137
-0.00790549
0.00275107
0.0143382
-0.0104577
-0.0041821
-0.0041821
0.0032507
-0.00152215
-0.00839991
-0.00451426
-0.00657084
0.0032507
-0.0117368
-0.00950781
0.00175459
0.00435853
-0.00828439
0.00763258
-0.00701842
-0.00484614
-0.0127897
-0.00101905
-0.00606891
-0.0153956
-0.0129471
-0.0129471
-0.00496086
-0.00196854
0.00408371
0.00408371
-0.00195927
-0.00862907
0.00214308
-0.00746436
-0.017899
-0.00851481
-0.00851481
0.00918682
0.00231095
-0.000903166
-0.00661966
-1.83935e-05
-0.00496086
-0.00496086
-0.0107314
-0.0193425
-0.0137277
-0.00828439
-0.00828439
-0.0122293
-0.0173973
-0.0191254
-0.0104577
-0.00684533
-0.00817983
-0.0072918
-0.0240647
-0.0193425
-0.0193425
-0.0189459
-0.0108466
-0.0108466
-0.00828439
-0.00406471
-0.00195927
-0.01662
-0.0149508
-0.0277292
-0.00634375
-0.0215607
-0.0126728
-0.00745191
-0.0251199
-0.0107314
-0.0107314
-0.010224
-0.0135065
-0.021116
-0.021116
-0.0227856
-0.022512
-0.0133378
-0.00878886
-0.0170643
-0.0108909
-0.0108909
-0.0197309
-0.0163469
-0.00656458
-0.00395636
-0.00878886
-0.0142873
-0.0217914
-0.00401326
-0.00428924
-0.00800998
0.000646392
-0.0128426
-0.0124574
-0.0124574
-0.0106155
-0.011955
-0.011955
-0.00884343
-0.0183931
-0.0092338
-0.011006
-0.00251596
-0.017748
-0.00047298
-0.0034645
-0.0034645
-0.0125715
0.00502801
0.011569
0.0100726
0.0100726
0.0196547
-0.00113431
-0.0101165
-0.00279127
-0.00478989
-0.00478989
-0.0038991
0.000646392
-0.0129471
-0.00500673
-0.0113956
-0.00661966
-0.0158306
-0.000850695
-0.00195927
-0.015339
-0.00678628
-0.0004616
-0.0113956
-0.0113956
-0.00678628
-0.0046874
-0.00961742
-0.0184447
-0.0192272
-0.011606
-0.011606
-0.00218364
-0.0168941
-0.0168941
0.000759902
-0.0104495
-0.0122293
-0.00484614
-0.0115654
-0.0004616
-0.0171693
-0.0127218
-0.010173
-0.00290495
-0.0231751
-0.0235512
-0.0171693
-0.0205044
-0.0207777
-0.0149508
-0.0141712
-0.010173
-0.0153956
-0.0211697
-0.0173374
-0.0178867
-0.00883641
-0.0275708
-0.020896
-0.0136135
-0.0126728
-0.0126728
0.00901558
-0.0112925
-0.0146762
-0.00706108
-0.0097829
-0.0004616
-0.0148368
-0.0224451
-7.15221e-05
-0.0157853
-0.0046874
-0.0092338
-0.00595372
-0.0055627
-0.0213387
-0.0135065
-0.0222777
-0.00512137
-0.0067328
-0.00567923
-0.00451426
-0.0191254
-0.000186219
0.00931049
0.00931049
-0.016826
-0.00140823
8.80965e-05
-0.00129368
-0.00645761
-0.00645761
-0.0107314
-0.0107314
0.0127891
0.00486116
-0.0055627
-0.000850695
-0.00867468
-0.000186219
0.00220044
0.0055795
0.0136731
0.0136731
0.00680037
0.00269936
0.00874061
-0.0055627
-0.0055627
-0.00279127
0.00951707
0.00292301
0.00292301
-0.00307543
-0.00367998
-0.0036689
-0.0036689
0.00214308
0.00929635
-0.00606891
-0.00528857
-0.00761907
-0.000237745
-0.000237745
0.000203503
-0.00295851
-0.00334892
0.00147878
-0.0144597
-0.0144597
-0.00579514
0.0114559
0.0114559
0.00474641
0.00474641
-0.00284096
-0.00284096
-0.00284096
-0.00284096
-0.00362348
-0.00717676
0.00258751
0.00530429
-0.00224172
-0.00224172
-0.00789312
-0.022512
-0.022512
-0.0222777
-0.0222777
0.00497655
-0.0190055
-0.0190055
-0.00651255
-0.0203359
-0.0203359
-0.00728639
-0.0115654
-0.00501551
-0.0262789
-0.00906398
-0.00401326
0.00280659
-0.00828439
-0.00756625
-0.0123382
-0.0109022
0.00186763
-0.00173503
-0.00512137
0.00569307
-0.00207177
-0.00212599
-0.0143404
0.000759902
0.00336459
0.00186763
-0.0100116
0.00735623
0.0043024
0.0255231
-0.00567923
0.00336459
0.00131038
0.00391982
-0.00334892
-0.00334892
0.00541715
0.00541715
-0.00240094
0.00491649
0.00281183
-0.00750087
0.00896536
0.00297556
-0.00334892
0.00115052
0.0223155
0.0223155
0.00668727
-0.00828439
-0.00168322
0.00924175
0.00458599
0.0086852
0.00746352
0.00774512
-0.00884343
0.00214308
