0.100071
0.122202
0.135224
0.104053
0.114608
0.125998
0.128413
0.122347
0.105089
0.101115
0.108368
0.120448
0.109155
0.117291
0.115361
0.116244
0.127323
0.101253
0.113368
0.106955
0.109902
0.128089
0.0936333
0.0909921
0.106016
0.117623
0.101522
0.115632
0.103482
0.111204
0.111574
0.124677
0.106892
0.11315
0.107254
0.102027
0.0960143
0.115733
0.119354
0.119781
0.131741
0.109427
0.112502
0.103056
0.113599
0.124151
0.116796
0.112367
0.121729
0.115005
0.119082
0.127966
0.11159
0.113363
0.0989614
0.103487
0.120006
0.121491
0.121586
0.101735
0.126385
0.133554
0.119218
0.114195
0.111108
0.106444
0.114241
0.111848
0.116583
0.112204
0.10826
0.1123
0.127861
0.106398
0.117173
0.116489
0.11277
0.11552
0.108516
0.0975185
0.0973288
0.097084
0.112778
0.112368
0.109256
0.098819
0.104407
0.0901249
0.0977372
0.101991
0.0896936
0.112294
0.0884711
0.0909082
0.106388
0.0976482
0.103647
0.0969488
0.081593
0.10221
0.102801
0.108927
0.0965694
0.109234
0.10268
0.0887466
0.101214
0.093087
0.0997991
0.0930527
0.0982505
0.0992146
0.0802638
0.0852538
0.0828215
0.0845628
0.107879
0.0942162
0.0907871
0.098506
0.0972182
0.0974865
0.10225
0.0992199
0.0959637
0.0892728
0.108196
0.0916323
0.0962272
0.100804
0.0900188
0.0959318
0.0940066
0.103827
0.106732
0.0802287
0.0935479
0.0804002
0.102944
0.0940983
0.0874963
0.101807
0.0939099
0.0847345
0.0888499
0.104955
0.0996552
0.0932943
0.0972589
0.10087
0.0982894
0.0810422
0.0992544
0.0898991
0.102378
0.0859206
0.102391
0.0823985
0.082389
0.0912369
0.094114
0.0984708
0.0951448
0.089084
0.101195
0.0791832
0.0801222
0.108848
0.0981834
0.104512
0.104604
0.0939785
0.0795881
0.0819745
0.0908723
0.0935488
0.0833409
0.0893381
0.102011
0.0834526
0.0842809
0.0902502
0.090128
0.0930252
0.0879877
0.0874846
0.0791411
0.0966162
0.0875463
0.0975164
0.0918587
0.104565
0.0811596
0.0971818
0.0956311
0.100735
0.11783
0.100161
0.115533
0.134129
0.142663
0.138525
0.118209
0.133781
0.154491
0.112331
0.0620076
-0.0279867
-0.114605
-0.22093
-0.3764
-0.566114
-0.716149
-0.790637
-0.875931
-0.98735
-0.801348
-0.822792
-0.634157
-0.628557
-0.544256
-0.513508
-0.478683
-0.514261
-0.53282
-0.560177
-0.527707
-0.461863
-0.514974
-0.563233
-0.527223
-0.465459
-0.497034
-0.525797
-0.558832
-0.530986
-0.453322
-0.476176
-0.536259
-0.551937
-0.510567
-0.466282
-0.480602
-0.510282
-0.520278
-0.498927
-0.474604
-0.482277
-0.495106
-0.494602
-0.477694
-0.464028
-0.502787
-0.513509
-0.500944
-0.480808
-0.475742
-0.486318
-0.487408
-0.482254
-0.480678
-0.504195
-0.499131
-0.511084
-0.49073
-0.475978
-0.483152
-0.503608
-0.499154
-0.489863
-0.481206
-0.478611
-0.481515
-0.489958
-0.492122
-0.486368
-0.502729
-0.485013
-0.500307
-0.468533
-0.465358
-0.47613
-0.486167
-0.486312
-0.474013
-0.468229
-0.459117
-0.468591
-0.49141
-0.480231
-0.481927
-0.483547
-0.468932
-0.487406
-0.47846
-0.470603
-0.471817
-0.46249
-0.478847
-0.599867
-0.571136
-0.702581
-0.758921
-0.72714
-0.701479
-0.809157
-0.781192
-0.72636
-0.719154
-0.770752
-0.795554
-0.719582
-0.722308
-0.728782
-0.774977
-0.781124
-0.738578
-0.704201
-0.720996
-0.767577
-0.736221
-0.704106
-0.704578
-0.742382
-0.753375
-0.743623
-0.71745
-0.730562
-0.738805
-0.732343
-0.728086
-0.728458
-0.71004
-0.724128
-0.717265
-0.727114
-0.709792
-0.708141
-0.728276
-0.745743
-0.737493
-0.703274
-0.735047
-0.728864
-0.721464
-0.739128
-0.711185
-0.715689
-0.729062
-0.920255
-0.932635
-0.980746
-1.16465
-1.31876
-1.27261
-1.19276
-1.26046
-1.3087
-1.22253
-1.16045
-1.17145
-1.21447
-1.23254
-1.16055
-1.15493
-1.18064
-1.23648
-1.15369
-1.12623
-1.15275
-1.20715
-1.17294
-1.15906
-1.14292
-1.18029
-1.15034
-1.14241
-1.12477
-1.1522
-1.15519
-1.15255
-1.14231
-1.145
-1.15245
-1.14735
-1.14395
-1.11666
-1.12199
-1.10342
-1.12823
-1.12551
-1.10722
-1.12587
-1.09497
-1.13753
-1.10068
-1.10201
-1.11111
-1.10886
-1.11705
-1.07802
-0.934948
-0.922065
-0.816617
-0.653236
-0.508348
-0.476661
-0.327062
-0.218627
-0.276096
-0.237773
-0.205567
-0.220671
-0.291924
-0.293152
-0.216972
-0.240849
-0.235366
-0.279975
-0.258519
-0.238246
-0.200664
-0.297971
-0.293945
-0.248682
-0.200362
-0.243976
-0.277691
-0.257328
-0.237359
-0.21728
-0.259859
-0.269427
-0.268821
-0.240639
-0.237863
-0.273643
-0.272838
-0.253114
-0.257532
-0.277474
-0.277377
-0.272764
-0.259921
-0.266542
-0.24887
-0.273063
-0.263125
-0.252896
-0.267115
-0.255384
-0.277573
-0.279119
-0.255729
-0.282056
-0.2797
-0.285332
-0.259648
-0.265776
-0.257777
-0.261601
-0.285069
-0.270168
-0.26947
-0.273659
-0.274372
-0.24779
-0.239052
-0.255395
-0.28242
-0.273913
-0.26303
-0.253788
-0.27808
-0.250561
-0.278211
-0.278449
-0.284909
-0.282421
-0.276684
-0.285448
-0.278811
-0.206886
-0.173904
-0.191811
-0.213279
-0.154803
-0.133217
-0.163623
-0.215901
-0.210708
-0.194957
-0.189325
-0.187702
-0.224351
-0.22301
-0.209682
-0.227561
-0.237331
-0.23223
-0.220032
-0.168121
-0.200973
-0.206573
-0.208862
-0.237095
-0.188361
-0.213522
-0.221124
-0.224172
-0.231837
-0.232062
-0.2319
-0.238504
-0.255352
-0.241834
-0.247168
-0.25613
-0.257786
-0.243453
-0.242643
-0.27916
-0.234492
-0.170251
-0.168693
-0.209711
-0.262252
-0.204245
-0.169207
-0.173701
-0.231618
-0.245787
-0.242736
-0.249228
-0.250229
-0.278705
-0.299777
-0.333771
-0.327225
-0.340595
-0.406016
-0.45737
-0.466119
-0.478576
-0.476749
-0.474927
-0.509814
-0.547822
-0.576534
-0.572972
-0.612472
-0.619437
-0.643947
-0.671653
-0.679755
-0.703038
-0.744348
-0.756499
-0.783677
-0.772608
-0.774586
-0.838989
-0.854939
-0.836786
-0.848551
-0.86794
-0.878478
-0.874617
-0.882068
-0.897301
-0.885805
-0.885742
-0.874306
-0.903243
-0.867843
-0.817524
-0.849316
-0.881401
-0.813889
-0.819152
-0.844702
-0.847701
-0.828955
-0.833419
-0.855645
-0.841459
-0.840519
-0.866299
-0.853765
-0.861534
-0.86175
-0.858966
-0.845041
-0.830052
-0.836318
-0.834195
-0.818661
-0.835743
-0.840242
-0.816883
-0.814887
-0.823562
-0.809636
-0.794036
-0.818797
-0.827379
-0.859345
-0.832811
-0.821605
-0.851831
-0.841734
-0.817702
-0.811119
-0.835082
-0.769633
-0.744885
-0.736455
-0.739783
-0.723119
-0.745163
-0.776836
-0.745975
-0.754566
-0.75051
-0.771958
-0.803786
-0.790615
-0.768041
-0.7743
-0.782337
-0.771034
-0.74351
-0.776588
-0.764823
-0.716137
-0.703695
-0.718887
-0.707497
-0.701278
-0.715784
-0.733039
-0.697389
-0.654078
-0.680222
-0.692108
-0.688724
-0.735638
-0.717103
-0.687129
-0.697263
-0.687364
-0.722874
-0.722015
-0.727711
-0.707907
-0.679835
-0.700143
-0.760658
-0.751649
-0.729301
-0.715731
-0.752691
-0.713402
-0.67749
-0.666624
-0.714615
-0.682525
-0.621092
-0.623749
-0.623962
-0.641687
-0.700571
-0.751512
-0.66786
-0.629532
-0.694399
-0.690462
-0.671682
-0.656686
-0.736925
-0.682427
-0.636133
-0.651982
-0.670936
-0.744584
-0.74853
-0.654884
-0.668517
-0.687638
-0.685318
-0.654175
-0.697661
-0.719177
-0.672759
-0.605611
-0.679628
-0.649948
-0.698129
-0.735277
-0.636172
-0.591969
-0.617096
-0.645032
-0.60826
-0.558654
-0.700285
-0.652589
-0.513376
-0.552907
-0.586419
-0.552743
-0.539679
-0.585255
-0.660269
-0.571946
-0.513059
-0.569008
-0.655223
-0.656222
-0.628184
-0.572129
-0.63681
-0.618514
-0.57492
-0.576957
-0.657314
-0.57948
-0.522884
-0.582021
-0.593807
-0.532751
-0.543838
-0.675833
-0.663886
-0.544097
-0.572331
-0.662133
-0.636763
-0.628161
-0.629496
-0.622164
-0.564769
-0.546381
-0.556429
-0.563893
-0.665224
-0.570681
-0.481504
-0.517043
-0.557159
-0.480435
-0.4608
-0.455498
-0.597422
-0.562634
-0.482245
-0.502827
-0.609862
-0.499053
-0.546388
-0.628059
-0.542577
-0.477101
-0.519319
-0.5684
-0.622537
-0.589792
-0.473014
-0.523089
-0.622168
-0.562306
-0.460214
-0.526995
-0.589964
-0.515907
-0.458544
-0.509046
-0.529252
-0.577346
-0.570334
-0.497871
-0.535411
-0.550277
-0.548855
-0.564103
-0.568603
-0.5677
-0.570646
-0.569215
-0.529128
-0.549245
-0.568304
-0.531874
-0.519858
-0.49928
-0.501775
-0.473635
-0.44922
-0.506593
-0.606059
-0.481375
-0.393901
-0.504471
-0.603409
-0.546514
-0.498148
-0.571238
-0.549855
-0.486812
-0.494632
-0.565809
-0.542282
-0.507306
-0.530928
-0.539883
-0.449182
-0.456315
-0.492625
-0.568103
-0.491771
-0.404936
-0.457767
-0.507114
-0.568409
-0.532549
-0.416472
-0.496561
-0.540996
-0.482964
-0.474033
-0.604503
-0.550665
-0.449487
-0.46467
-0.53356
-0.452188
-0.447456
-0.565194
-0.530244
-0.398258
-0.434553
-0.468814
-0.424587
-0.4238
-0.56614
-0.569277
-0.43925
-0.421967
-0.471817
-0.462632
-0.51538
-0.548003
-0.457907
-0.452699
-0.506048
-0.456313
-0.451431
-0.601219
-0.538425
-0.344709
-0.423576
-0.497607
-0.451968
-0.326041
-0.46335
-0.481146
-0.299483
-0.329649
-0.406509
-0.339405
-0.401112
-0.523501
-0.374919
-0.285882
-0.390895
-0.405108
-0.372786
-0.458818
-0.503653
-0.385914
-0.362198
-0.429761
-0.439809
-0.390518
-0.484408
-0.497995
-0.381157
-0.365171
-0.430928
-0.419897
-0.395413
-0.502445
-0.4553
-0.346153
-0.387323
-0.441087
-0.391556
-0.427714
-0.520563
-0.451224
-0.346445
-0.400287
-0.456461
-0.394659
-0.501441
-0.460506
-0.336703
-0.382953
-0.425254
-0.369348
-0.28294
-0.31313
-0.43246
-0.452834
-0.3069
-0.301946
-0.475954
-0.401851
-0.281969
-0.300009
-0.404674
-0.382152
-0.316666
-0.407076
-0.438692
-0.349285
-0.299917
-0.373734
-0.444349
-0.41334
-0.309838
-0.316023
-0.364265
-0.339132
-0.319906
-0.39533
-0.389675
-0.310475
-0.294541
-0.351419
-0.304213
-0.247464
-0.445344
-0.379463
-0.257587
-0.298147
-0.420067
-0.398395
-0.33497
-0.294402
-0.350705
-0.335215
-0.273315
-0.260348
-0.346531
-0.436385
-0.263363
-0.230127
-0.301773
-0.283308
-0.228167
-0.300842
-0.387286
-0.347839
-0.234733
-0.32484
-0.390358
-0.341086
-0.285425
-0.321969
-0.348973
-0.277923
-0.225637
-0.254592
-0.426134
-0.334075
-0.151592
-0.275038
-0.339955
-0.271605
-0.285931
-0.316797
-0.30411
-0.284682
-0.320013
-0.38243
-0.384902
-0.353117
-0.352696
-0.369339
-0.342717
-0.299252
-0.33984
-0.35624
-0.285064
-0.270399
-0.315127
-0.270031
-0.220137
-0.228204
-0.353387
-0.317462
-0.193638
-0.218291
-0.349172
-0.349259
-0.277816
-0.279593
-0.314804
-0.307732
-0.264714
-0.341995
-0.390669
-0.290496
-0.242246
-0.347645
-0.329734
-0.251302
-0.265087
-0.290683
-0.312996
-0.256413
-0.245191
-0.246347
-0.237077
-0.20304
-0.244857
-0.228777
-0.201854
-0.17859
-0.200971
-0.201641
-0.180597
-0.144724
-0.154502
-0.154691
-0.151851
-0.170771
-0.145043
-0.132607
-0.128264
-0.138052
-0.149673
-0.124248
-0.154779
-0.129065
-0.138556
-0.109147
-0.130649
-0.123872
-0.107766
-0.117965
-0.109999
-0.130242
-0.132227
-0.123625
-0.120635
-0.102498
-0.123378
-0.105827
-0.102676
-0.0929467
-0.109747
-0.0949231
-0.091944
-0.0986786
-0.127569
-0.0914091
-0.0981201
-0.096283
-0.0705378
-0.0906884
-0.0683761
-0.0860516
-0.0976906
-0.0952339
-0.0747458
-0.0838067
-0.0849792
-0.0986179
-0.088904
-0.0610299
-0.138725
-0.153014
-0.120241
-0.0665869
-0.131758
-0.114784
-0.0787217
-0.0692503
-0.130458
-0.146121
-0.111851
-0.0874269
-0.0731924
-0.116158
-0.105939
-0.0792526
-0.0908152
-0.0810095
-0.106866
-0.0995278
-0.0739044
-0.0754944
-0.0904452
-0.096732
-0.0818393
-0.0689426
-0.0756562
-0.062899
-0.0915449
-0.0702052
-0.0768694
-0.0717651
-0.0880559
-0.0739066
-0.0676114
-0.0648715
-0.0751958
-0.0748651
-0.0812473
-0.045933
-0.0537736
-0.05817
-0.0779561
-0.0682851
-0.0554903
-0.0528252
-0.0607165
-0.0672402
-0.0494505
-0.0675515
-0.0435258
-0.0617914
-0.042347
-0.0437686
-0.0427046
-0.0432745
-0.0377403
-0.0589649
-0.0459725
-0.0478204
-0.0548541
-0.0582907
-0.0409485
-0.0566178
-0.0390963
-0.0494864
-0.0594995
-0.0504522
-0.0471885
-0.0382733
-0.0339665
-0.0548244
-0.0356936
-0.0199101
-0.0410016
-0.038472
-0.0518289
-0.046184
-0.0249799
-0.0318044
-0.0361884
-0.044504
-0.0416593
-0.0239608
-0.0322695
-0.0186925
-0.0373484
-0.0378577
-0.0383349
-0.0474438
-0.0326655
-0.0202536
-0.0200831
-0.043588
-0.0232347
-0.0233379
-0.0384166
-0.0271453
-0.0181568
-0.0239513
-0.0372373
-0.033325
-0.0349899
-0.0334459
-0.0314194
-0.00900189
-0.0430215
-0.0192152
-0.0356566
-0.0216816
-0.0259835
-0.0240082
-0.0240502
-0.0232323
-0.0233009
-0.0275773
-0.039087
-0.0271197
-0.0291223
-0.0389951
-0.0374161
-0.0318958
-0.0172068
-0.014312
-0.025888
-0.0225231
-0.0108427
-0.0383275
-0.00578021
-0.0187146
-0.019767
-0.0295575
-0.00983891
-0.0304232
-0.0265633
-0.0234982
-0.0188672
-0.0126203
-0.0211545
-0.0298479
-0.0199845
-0.0195898
-0.0296993
-0.0330611
-0.0282973
-0.0264171
-0.0260802
-0.0179778
-0.00830453
-0.0299095
-0.0141199
-0.0181492
-0.0195851
-0.033553
-0.0296148
-0.0114673
-0.0310137
-0.0122113
-0.0313939
-0.017004
-0.0290276
-0.0336606
-0.0115766
-0.00619887
-0.0149842
-0.0249482
-0.00582101
-0.0176027
-0.00671737
-0.0285585
-0.0277505
-0.000481864
-0.0247716
-0.00966451
-0.0142498
-0.0239116
-0.0268776
-0.0199045
-0.00512705
0.00306987
-0.0120605
-0.0193924
-9.75216e-05
-0.0165135
-0.0181538
-0.00768526
-0.0361552
-0.00633059
-0.0205647
-0.0315451
-0.00581813
-0.0111773
-0.0171688
-0.0112131
-0.0219988
-0.00642135
-0.0189718
6.80962e-05
-0.0188553
0.00245989
-0.0304423
-0.0113033
-0.011434
-0.00653598
0.00550786
-0.0185691
-0.0259488
-0.00920648
-0.0146308
-0.00900113
-0.0198013
-0.0135203
-0.00714015
-0.0133509
-0.0132444
-0.0164607
-0.00571654
-0.0211133
-0.00146321
-0.0181373
-0.000504811
-0.00500434
0.00832078
-0.00764764
-0.0136264
0.00109114
-0.00636151
-0.0203304
-0.0170003
-0.0238925
-0.0225452
-0.0110228
-0.00868774
0.00547984
-0.0210913
-0.0261414
0.00458463
0.00121179
-0.00908402
-0.00438311
-0.0130853
-0.0180064
0.014388
-0.0240262
0.00230678
0.00307721
0.00134387
-0.00389459
-0.00610585
0.00325378
-0.00130979
-0.0207495
0.00865908
-0.00332202
-0.0115278
-0.00301925
-0.0158658
-0.00245409
-0.0187982
-0.0174364
-0.0162636
-0.0164848
-0.0132312
-0.012676
-0.00948488
0.00520837
-0.0178077
0.00552636
-0.00994432
0.00895988
-0.0114231
-0.0167351
-0.00256507
-0.00868743
0.00285523
0.0058883
-0.0178125
-0.0127422
-0.0188156
-0.00673695
-0.025045
-0.00488983
-0.00799103
-0.00365391
-0.00920583
-0.00833159
0.00641658
-0.0241124
-0.00650215
0.00590146
-0.00257144
-0.00187828
-0.00744282
0.00112025
-0.0174062
-0.00963444
-0.00932037
-0.00920439
-0.0102124
-0.00893397
-0.0161187
0.00661355
-0.0305289
0.00553763
0.00640602
-0.00644026
-0.0175727
-0.00584876
-0.00338292
-0.0114608
-0.0302888
0.00394024
-0.0161721
-0.00536801
-0.0341484
0.00545275
-0.0154752
-0.021076
-0.0220309
-0.0223776
0.147443
0.436695
0.308084
0.088877
0.0136233
0.0851987
0.0812925
0.0508354
0.169803
0.100065
0.0954197
0.113562
0.135009
0.105741
0.0747285
0.046836
0.0521049
0.0470942
0.0701146
0.0578973
0.0545612
0.0538953
0.0729797
0.0544418
0.0362867
0.0573461
0.0563128
0.0696918
0.0452736
0.0562829
0.0637301
0.0494471
0.0529637
0.0460359
0.0624745
0.0649283
0.0681199
0.0675875
0.0574215
0.0865157
0.0536577
0.0528939
0.0646299
0.0755485
0.0780994
0.056186
0.0506494
0.0669873
0.063373
0.0848764
0.0470418
0.048399
0.0623649
0.0582967
0.0577989
0.0685376
0.0537878
0.0511051
0.0471211
0.0436166
0.0798827
0.0699906
0.0677549
0.0590184
0.0683292
0.0636993
0.078053
0.063231
0.0664666
0.056348
0.0597822
0.0462834
0.0625489
0.0497836
0.0500539
0.0586833
0.0626757
0.064202
0.0644669
0.060651
0.0688352
0.060197
0.0654371
0.076301
0.0632341
0.0480072
0.0542337
0.0504258
0.0639475
0.063034
0.0745391
0.0532266
0.0500453
0.0518657
0.0525005
0.0550918
0.0650549
0.055769
0.0672685
0.0665513
0.0467599
0.042273
0.0676066
0.0681958
0.0619972
0.0590646
0.0660045
0.0627193
0.0569171
0.0686142
0.0540707
0.0618074
0.0732864
0.0659104
0.0563947
0.0591112
0.0625633
0.0452784
0.0630141
0.0758863
0.085816
0.0700398
0.0799355
0.0675018
0.0692289
0.0603999
0.0738152
0.0478294
0.0689077
0.0753977
0.0577038
0.0612042
0.0646218
0.072812
0.0677765
0.0464804
0.0742685
0.0685433
0.0610935
0.0907652
0.0807857
0.0676394
0.0722992
0.0760663
0.0677316
0.0718788
0.0813956
0.0801637
0.0769555
0.0659205
0.0717514
0.0912559
0.101413
0.0773678
0.0771535
0.0836823
0.0725277
0.0550287
0.0637136
0.069002
0.0692201
0.0917103
0.0919505
0.0744144
0.0627555
0.0730663
0.0754732
0.0774454
0.0900829
0.0728428
0.0591368
0.068934
0.0811926
0.0566322
0.0565146
0.0720031
0.087536
0.0697597
0.0831955
0.0765488
0.068213
0.0700194
0.0605073
0.0855347
0.0753566
0.0613733
0.0722666
0.0677716
0.073324
0.0783376
0.0713875
0.0676364
0.0779628
0.0786299
0.0560888
0.0737834
0.0760734
0.0720924
0.0733254
0.0738751
0.0805799
0.0749022
0.0802444
0.0678237
0.088866
0.0743825
0.0843966
0.098017
0.0800285
0.0865
0.0760249
0.0907169
0.0661188
0.0895894
0.0750673
0.0832527
0.0798631
0.0750313
0.0700343
0.0635394
0.0574342
0.0788802
0.0723175
0.0658141
0.0768239
0.0828762
0.0612327
0.0735472
0.0718816
0.0856448
0.0872841
0.0921012
0.0744903
0.0784405
0.0719545
0.0666605
0.0684136
0.059303
0.0764514
0.0779631
0.0971847
0.0616222
0.0717432
0.0677359
0.0595719
0.0708613
0.0789078
0.0717739
0.055849
0.0720167
0.0849634
0.0673972
0.06554
0.084974
0.0751644
0.0762903
0.0773519
0.073226
0.0647535
0.0735749
0.0635861
0.0824917
0.0803249
0.0556064
0.0663531
0.0774742
0.0575593
0.0749052
0.091289
0.0811162
0.0790887
0.0869179
0.0592468
0.0523205
0.0789636
0.0925251
0.0727418
0.0609728
0.093587
0.0716867
0.0880212
0.08188
0.0750254
0.0727849
0.072049
0.0686038
0.0726692
0.0763198
0.0628143
0.0739519
0.0765592
0.0628575
0.0732289
0.0758113
0.0662694
0.0676593
0.069099
0.0662251
0.0758595
0.0807843
0.0677417
0.0809393
0.0653414
0.0695742
0.071804
0.0797288
0.0693503
0.0767121
0.083912
0.0732254
0.0785163
0.0659194
0.0704008
0.082659
0.0821551
0.0870317
0.0842562
0.0774373
0.070979
0.0644841
0.0787024
0.0621586
0.0719611
0.0787312
0.0728678
0.0791269
0.0718847
0.0725494
0.071586
0.0834804
0.0772498
0.0819903
0.0616009
0.07408
0.0935173
0.100665
0.0709362
0.0879593
0.104364
0.0731057
0.0937531
0.0758226
0.0763163
0.0704469
0.092911
0.0726147
0.0773766
0.0674635
0.0851197
0.0771149
0.0711932
0.0871059
0.08003
0.0673531
0.0766144
0.0890446
0.0732343
0.0837329
0.0726053
0.086166
0.0626254
0.0881856
0.0567575
0.0741744
0.0809911
0.0647819
0.0719895
0.0796509
0.0710888
0.0927129
0.0762344
0.0624333
0.078617
0.0749806
0.0800397
0.071297
0.0777992
0.0713765
0.0803894
0.0755682
0.0767938
0.0853777
0.0839131
0.0815091
0.0620779
0.074179
0.0755093
0.0660324
0.0777712
0.0916579
0.0820727
0.0653961
0.0629445
0.0661894
0.0746444
0.0700808
0.066778
0.0789244
0.0842879
0.074561
0.0751825
0.0762747
0.0834531
0.0541314
0.0836314
0.0731455
0.0881372
0.0692072
0.0709882
0.0674932
0.0852421
0.0784789
0.0831544
0.0682613
0.0607883
0.0614585
0.0762952
0.0533069
0.0714825
0.0684049
0.0747725
0.0710684
0.0631027
0.0756214
0.0746351
0.0656639
0.0563083
0.067014
0.0805141
0.0658016
0.0700859
0.0731557
0.0690037
0.0838712
0.0737056
0.0686265
0.080729
0.0728847
0.0785522
0.0784902
0.0722151
0.0816206
0.0599302
0.0635156
0.0604388
0.0919821
0.0720938
0.0781985
0.0888633
0.0698349
0.0746827
0.0805409
0.0765414
0.0824449
0.0875719
0.0636187
0.0755997
0.0913201
0.0706243
0.0861932
0.078697
0.0723984
0.0771603
0.0833189
0.0779737
0.0620055
0.0749788
0.0827585
0.0623154
0.0810199
0.083364
0.0751897
0.0756221
0.0773505
0.0836327
0.0834119
0.0721866
0.0792438
0.0804624
0.0817518
0.0698728
0.0813129
0.0516583
0.0831178
0.100117
0.0840316
0.0729809
0.0838566
0.0648912
0.0857818
0.0824496
0.0633508
0.0813032
0.0924652
0.0872201
0.0759452
0.0793258
0.0710225
0.0772831
0.0706889
0.0772645
0.0820995
0.0663434
0.0820754
0.0781795
0.0828363
0.0815224
0.0699034
0.0871499
0.079265
0.0828409
0.0697696
0.0688948
0.0783662
0.0717565
0.0629372
0.0614185
0.0828537
0.0781901
0.0661742
0.0834042
0.0701091
0.0708293
0.0710573
0.0835249
0.0746208
0.0691524
0.0697416
0.0842024
0.0712123
0.0921296
0.0862804
0.0709506
0.0879481
0.0813039
0.063237
0.0606663
0.0669665
0.0758546
0.0754314
0.0859894
0.0867277
0.0540813
0.0559432
0.0735018
0.0838609
0.079239
0.0588893
0.0764216
0.0835312
0.0761909
0.0656669
0.0869976
0.0692618
0.0816366
0.0720344
0.0668484
0.0963265
0.069888
0.0804746
0.0742023
0.0749692
0.0688577
0.074129
0.074136
0.0859399
0.065431
0.0706431
0.0616699
0.0874551
0.0763707
0.0766286
0.0704002
0.0817519
0.0592457
0.0828971
0.083567
0.0871029
0.0660351
0.0633938
0.0707813
0.0994176
0.0763071
0.0597408
0.0852067
0.0724699
0.0814811
0.0845675
0.0838052
0.0799093
0.076957
0.0617302
0.0756636
0.0800795
0.0854973
0.0716567
0.0780169
0.0837583
0.063385
0.0552778
0.0625626
0.0596802
0.0777555
0.0776283
0.0681463
0.0887549
0.0731744
0.0595251
0.0787163
0.0761951
0.0757726
0.0665297
0.0722983
0.0720125
0.0759076
0.0803393
0.0799021
0.0826109
0.0729843
0.0882882
0.0694022
0.0841129
0.0782073
0.0642965
0.0709601
0.101075
0.0663421
0.0609829
0.0807042
0.0766847
0.0685709
0.0778023
0.0766636
0.080728
0.0742662
0.0657327
0.0608655
0.0883804
0.0657775
0.0629906
0.0687682
0.0839642
0.0769317
0.0669532
0.0900684
0.0752149
0.080815
0.077443
0.0765964
0.0758616
0.0928741
0.0487335
0.0692795
0.0664983
0.0612091
0.0818291
0.0747027
0.0698457
0.0635928
0.0660936
0.0546638
0.0684313
0.0786977
0.0911315
0.0628467
0.0703606
0.0763605
0.081338
0.0687982
0.0931909
0.0715929
0.0730734
0.0617614
0.0723631
0.0719193
0.0634337
0.0658015
0.0755844
0.0589301
0.0921871
0.0925658
0.0926486
0.0732617
0.07613
0.0698198
0.0646411
0.0761151
0.0775959
0.0721686
0.0664821
0.086177
0.0562557
0.0776916
0.077162
0.0649641
0.0776089
0.0730068
0.0707596
0.0701139
0.0744587
0.0721266
0.0595271
0.0626622
0.066343
0.0750557
0.065744
0.0800385
0.072474
0.0679547
0.0712555
0.0807336
0.0882727
0.06604
0.0758813
0.0652709
0.0657577
0.0785573
0.0896486
0.0842353
0.0875043
0.0569504
0.0672013
0.0943136
0.0760346
0.0858757
0.0609693
0.0707068
0.0752649
0.077863
0.0842962
0.0645365
0.0802332
0.0694716
0.0774432
0.0829624
0.0706998
0.0879863
0.0773172
0.0804818
0.0822209
0.0783828
0.0706839
0.0745815
0.0765566
0.0638888
0.068511
0.0661192
0.0655869
0.081236
0.0763262
0.0788691
0.0767124
0.0766908
0.0613783
0.0822076
0.0701965
0.076863
0.0746388
0.0837786
0.0630392
0.0767173
0.0701724
0.0975918
0.0787676
0.0660494
0.0578058
0.0660853
0.0767683
0.0695142
0.0719974
0.0781291
0.080897
0.0626268
0.0788652
0.076204
0.080155
0.0743124
0.0780569
0.0862981
0.0711202
0.0846248
0.0742253
0.0695634
0.0826029
0.0869716
0.0658613
0.0727422
0.084964
0.0779076
0.0859711
0.0826054
0.0836323
0.090697
0.0830863
0.0727606
0.0704948
0.0868568
0.0796613
0.0786628
0.0814451
0.075935
0.0692408
0.0721699
0.0620654
0.0813156
0.0708327
0.0768285
0.0655168
0.0607573
0.0938402
0.0839068
0.0811946
0.0761275
0.0691168
0.0729598
0.0784958
0.0709003
0.0745036
0.0857824
0.0718926
0.0817577
0.076821
0.0682869
0.0678479
0.0585829
0.0716251
0.0855082
0.0818437
0.0595334
0.0678756
0.081915
0.0723012
0.0858658
0.065839
0.0814995
0.0863947
0.0641612
0.0792436
0.0853828
0.0770377
0.0688031
0.0687938
0.0811875
0.0806304
0.0741066
0.0896588
0.0760117
0.0671573
0.0862001
0.0749351
0.0691525
0.0792317
0.0742737
0.0838139
0.0676682
0.0758723
0.0761803
0.0651051
0.0726787
0.0783854
0.0640679
0.0716701
0.0827665
0.0780852
0.0758931
0.0629534
0.0630583
0.100396
0.0734018
0.0685581
0.0872628
0.0858513
0.0805839
0.0769696
0.0665812
0.075198
0.0694723
0.085884
0.0784683
0.0610245
0.0643636
0.0645963
0.0657848
0.0787212
0.0751639
0.0736647
0.060627
0.0780326
0.0820358
0.0710407
0.0886444
0.062583
0.0782376
0.0755424
0.0743404
0.0816389
0.0810166
0.0931952
0.0773209
0.0939081
0.0534628
0.0707034
0.0705171
0.0796115
0.0657146
0.0708466
0.0695603
0.086093
0.0796557
0.0905197
0.083732
0.0865931
0.0933817
0.0686496
0.0692567
0.0788627
0.082987
0.0741612
0.0814305
0.0794562
0.0702401
0.0838115
0.0761643
0.0675576
0.0865721
0.0710994
0.0931198
0.0768505
0.0877655
0.0716651
0.0746144
0.0856007
0.0706942
0.078596
0.0869766
0.0756449
0.0756181
0.0727883
0.0787405
0.0784813
0.0741207
0.0712166
0.0756805
0.0865763
0.0981718
0.0658067
0.0881688
0.0682165
0.0774988
0.0918043
0.067661
0.0805823
0.0851085
0.094535
0.0849621
0.0888865
0.0906728
0.0790153
0.0825728
0.0675291
0.0593801
0.0807198
0.0735967
0.0777932
0.0656764
0.0925593
0.0940107
0.0624938
0.0646087
0.0651168
0.0774133
0.0776334
0.0658349
0.0765908
0.0727808
0.078065
0.0691504
0.0906111
0.084713
0.0594712
0.0829723
0.0762827
0.0772014
0.081936
0.0888616
0.091733
0.0750092
0.0758289
0.091438
0.0807465
0.0770185
0.0798789
0.0766691
0.0638081
0.0777979
0.0935644
0.0862975
0.0802788
0.0573832
0.0669078
0.0882352
0.0756892
0.0652776
0.0831483
0.0558318
0.0615477
0.0520346
0.0803911
0.0851089
0.0820603
0.067909
0.082416
0.0758046
0.0815952
0.0786006
0.0774087
0.0789527
0.0556372
0.0772085
0.0746047
0.0687515
0.0640255
0.0733474
0.0754602
0.0716565
0.0786144
0.0775021
0.0757455
0.0597954
0.0651595
0.0791016
0.0791289
0.0972518
0.072313
0.0522361
0.0856405
0.0707604
0.0675137
0.0745246
0.0757985
0.067177
0.0713095
0.0748014
0.0983388
0.0746786
0.0781711
0.0549433
0.0777122
0.0644957
0.0835067
0.0670311
0.072955
0.0908167
0.072408
0.0600507
0.0859297
0.0660641
0.0799531
0.0829784
0.0911013
0.0643353
0.073528
0.0717205
0.082567
0.0922937
0.0720661
0.083718
0.0726215
0.0744483
0.0807454
0.080032
0.0759028
0.0784114
0.0983294
0.078852
0.0773433
0.0755778
0.0792349
0.0712589
0.0727138
0.0892962
0.100768
0.072984
0.0742279
0.0868577
0.0609997
0.0920954
0.0829939
0.0808427
0.0830223
0.0741052
0.0860005
0.0954361
0.0997011
0.0832532
0.0789124
0.0727813
0.0891142
0.0871266
0.0912967
0.0775537
0.0848556
0.0836291
0.0852177
0.0722234
0.0937922
0.0708027
0.0709733
0.0757537
0.0775106
0.0801172
0.07755
0.0801973
0.0944713
0.0938989
0.0845952
0.0651824
0.082417
0.100626
0.0831307
0.0617243
0.0955823
0.0661275
0.0820918
0.0691273
0.0693313
0.0748665
0.0744446
0.083558
0.0660825
0.0777986
0.100748
0.0736017
0.08005
0.0831229
0.0825803
0.0755329
0.0885579
0.0747809
0.0875225
0.0737938
0.072807
0.086771
0.0835172
0.0791819
0.0704282
0.0779368
0.0603369
0.0745443
0.082442
0.0607117
0.0676135
0.0824356
0.0870841
0.0816594
0.069879
0.0687973
0.0891493
0.0545343
0.0798736
0.0660423
0.0667914
0.0724603
0.0563029
0.0826194
0.0755545
0.0798297
0.0900352
0.0728128
0.0871855
0.0714507
0.0719808
0.0781214
0.0708005
0.0842736
0.0730158
0.0758585
0.087198
0.0785953
0.0857
0.070281
0.0618965
0.0943809
0.0793052
0.0717418
0.0778624
0.0825576
0.083218
0.0873144
0.0798888
0.0666519
0.0854774
0.0748535
0.0759756
0.0818513
0.0768915
0.0718739
0.073196
0.0830793
0.0573888
0.0780699
0.0770493
0.0701668
0.092233
0.071546
0.0744926
0.0808708
0.0694305
0.0804855
0.0695207
0.0716234
0.0748781
0.0760408
0.0661319
0.0665043
0.0513989
0.067278
0.0861309
0.0736312
0.0820179
0.0772713
0.0678178
0.0852614
0.069704
0.074673
0.0797608
0.0790333
0.0888017
0.0860775
0.0980473
0.0825482
0.0930125
0.0780579
0.0936549
0.077233
0.0750653
0.0734855
0.0945201
0.0653747
0.0855017
0.065894
0.0673509
0.0749315
0.0755261
0.0840459
0.0822024
0.0777974
0.0968743
0.0918627
0.0900016
0.0759669
0.0775931
0.0702915
0.0654531
0.0697531
0.0791764
0.0708754
0.0630794
0.0651617
0.0749719
0.0543448
0.0706797
0.0722234
0.0951928
0.0949803
0.073842
0.0729854
0.0865153
0.0631172
0.0849331
0.0975396
0.0764164
0.106008
0.0613002
0.0728563
0.0793597
0.0844468
0.0975834
0.0800716
0.0686087
0.0944017
0.0731869
0.091118
0.0904233
0.0796872
0.0786987
0.0879021
0.0735451
0.0754596
0.0748212
0.0976613
0.0958868
0.0827266
0.0904489
0.0915949
0.0699337
0.0812645
0.0785863
0.0838913
0.0899285
0.106775
0.0742701
0.0872066
0.0804959
0.0913293
0.0836292
0.096063
0.0967352
0.0815682
0.0904101
0.0823747
0.0932926
0.0772551
0.108296
0.0777296
0.0704117
0.0563569
0.0701148
0.0838272
0.0818075
0.0910888
0.086393
0.08898
0.0785192
0.0921005
0.0743062
0.0712506
0.0658348
0.079999
0.0882411
0.0812815
0.0881357
0.0893676
0.0902232
0.0916979
0.0806785
0.0796866
0.0950681
0.0813296
0.0867659
0.0661651
0.0924916
0.0903878
0.0853392
0.0806695
0.0864431
0.0800767
0.0879105
0.0740698
0.0830645
0.0536726
0.0920618
0.085579
0.062924
0.0724421
0.0754662
0.0885721
0.0964826
0.0886753
0.0856173
0.0851319
0.0842754
0.0964339
0.0756682
0.0739534
0.0930828
0.0762023
0.0868448
0.0802985
0.0616038
0.0876105
0.084156
0.0747527
0.0874336
0.0830198
0.0783759
0.0937583
0.0824436
0.0979028
0.0778533
0.0890629
0.0682572
0.0949044
0.0942141
0.0859044
0.075308
0.0959437
0.0883047
0.0700476
0.0921229
0.0958702
0.0551217
0.0878969
0.0847178
0.0761055
0.0676926
0.0735616
0.0836069
0.0650024
0.0707078
0.0937248
0.0771498
0.0695096
0.0751477
0.0757832
0.0830334
0.0777241
0.0968515
