0.0112819
0.00806342
-0.00099056
0.0111534
0.0174128
0.00429406
0.00870524
0.00150415
0.00806342
0.00757798
0.00297358
0.00976904
0.000605789
0.00297358
-0.00591838
-0.0002474
0.00732064
0.00627652
-0.00468022
0.000395064
0.00567907
0.000587252
-0.00395466
-0.00414707
0.00851404
0.00904579
0.00442274
0.00218406
0.00653204
0.00838451
0.00798078
0.000686913
0.00456886
0.0016522
0.00237679
0.000927677
0.00237679
0.00429406
0.00348629
0.00785328
0.0105102
0.0139021
0.00395466
0.0103005
0.00510109
0.000459517
0.0014593
-0.00184375
-0.00487282
0.00442387
0.00408271
0.000118681
0.00163232
0.00363377
0.0116659
-0.00203536
0.00953636
0.00678832
-0.00469954
0.00184542
0.00376204
0.00113816
0.00323066
0.00983306
0.00448658
0.00429406
-0.00286472
0.00555144
0.00476549
0.00580776
0.00896261
0.00733866
0.00086312
0.00853046
-0.000181977
0.0054677
0.0031837
0.00442387
0.00896168
0.008173
0.0100255
7.60374e-05
0.0126015
0.00687134
0.00173681
0.00870524
0.00542488
0.00631997
0.0127939
0.0127939
0.00580881
0.0128762
0.00612796
0.012326
0.000202797
0.00355001
5.46308e-05
0.00521119
0.00455092
-0.00316593
0.00139595
0.0014615
-0.00455203
-0.00337788
0.00199126
-0.00171574
0.00218406
0.00382614
-0.000649623
0.000395064
-0.00363428
0.00086312
-0.00342127
-0.00210076
0.00216477
0.000735945
0.00310143
-0.00290923
0.00764109
0.00133089
0.00297358
-0.00099056
0.00600051
0.00527575
0.000266674
0.00331437
0.00348629
0.00489163
0.00331229
0.00152354
0.00640375
0.008173
0.00667871
0.00678832
0.00344132
0.00278128
0.00559565
0.00448658
0.0070639
0.00685251
0.0101078
0.00363377
0.00101107
0.0032939
-0.00495617
0.0025889
0.0054677
0.00382614
-0.00258816
0.000459997
0.00269755
0.00152354
-0.00156767
0.000310559
0.00994167
0.00810933
0.00653204
-0.00218412
0.00224853
-0.000330018
-0.000522461
0.000310559
0.00156913
0.000605789
0.00708098
0.00725638
0.000798615
0.00474303
0.00376204
0.0032939
0.00565956
-0.00203536
0.00550742
-0.00203536
0.00152354
0.00593586
-0.00638597
0.0072111
0.00224853
0.00376204
-0.0017602
-0.00365494
0.00197268
0.00263324
0.00672461
-0.00144035
0.00382614
0.000395064
0.00667871
0.00497421
0.000587252
0.00218406
0.00086312
0.0149199
0.00898068
0.00744877
0.00744877
0.000412884
0.00976904
0.00917304
0.0117505
0.00910875
0.0102178
0.0064686
-0.00210076
0.00898068
0.00725638
0.00461574
0.00382614
0.00237679
0.00825603
0.00955752
0.00363377
0.0058263
0.00870524
0.0077688
0.00086312
-0.00150172
0.00310143
0.00210231
0.00124788
0.00278128
0.0016535
-0.000567067
0.0032939
0.00197268
-0.0062591
0.00423193
0.00740364
0.00553242
0.00522904
0.00501884
0.00631997
-8.92763e-06
0.00344132
-0.00395466
0.00587157
-0.00448771
0.00853046
0.00335794
0.00105554
0.00621134
0.00838451
-0.000330018
0.00178052
0.00461552
0.00448658
0.00574369
0.00942977
0.00435872
0.00891607
-0.00179988
0.00744877
0.00224853
-0.000330018
0.00197268
-0.000714983
0.00476549
0.00604304
0.00751271
0.00674395
-0.00421228
-0.000330018
0.00493507
0.008173
0.00282548
0.000991362
0.00244093
0.00753145
0.00444374
0.000670621
0.00482642
0.000202797
0.00310143
0.00263324
0.00408271
0.0054677
-0.000330018
0.00612796
0.0101727
-0.00265278
0.00105554
0.00382614
-0.001651
-0.00252465
-7.32762e-05
0.000779361
-0.000330018
-0.0062591
-0.00322903
0.000605789
0.000395064
-0.00216566
0.00282548
-0.00474487
0.00276199
0.0069998
-0.00521304
-0.00152336
0.000266674
-0.00726035
-0.000967745
-0.000522461
-5.46463e-05
0.000395064
-0.00201892
-0.00726035
0.00310143
-0.00719546
-0.00218412
-0.00561696
0.00131222
0.000543695
-0.00646964
-0.00474487
0.00086312
-0.0052968
-0.000862497
0.00335794
-0.00864693
-0.00310164
0.00188778
0.00171611
0.00144014
0.00118403
0.00469746
-0.00476396
0.00540346
-0.00190821
-0.00237635
-0.00779322
-0.00210076
-0.00184314
0.00463391
0.00501884
0.00335794
0.00216477
0.00403696
0.00290889
-0.00423079
0.00565956
0.00736457
0.00376204
0.00508373
0.00197268
0.00139595
-0.00124766
0.00335794
0.00455092
-0.00838983
0.00218406
0.00740364
0.00621134
-0.00646964
0.000779361
0.0075961
0.008173
0.008173
0.00904579
0.00593586
0.00231349
0.00821757
0.00501884
0.00448658
0.00540346
-0.00256867
0.00178052
0.00798078
0.00614665
0.00621134
0.00218406
0.00390878
0.00237679
0.0116848
0.00774383
0.0102178
-0.000714983
0.000670621
0.00284468
0.00917304
0.00442387
0.00989758
0.00410146
1.04497e-05
0.000202797
0.0116021
0.00444132
0.00474303
0.0116848
0.00356934
0.00744877
0.00455092
-0.00118285
0.00798078
0.00218406
0.00278128
0.00203725
0.00184542
0.00376204
0.00482642
0.00606399
0.00435872
0.000798615
0.00489163
0.0070639
0.00252355
0.0105574
0.00553242
0.00231349
0.00989758
0.0113468
0.00561493
0.00640375
0.00974963
0.0132615
0.0105574
0.00804527
0.00812863
0.00778848
0.0102178
0.00898068
0.00303877
0.00548649
0.00621134
0.00593586
0.01207
0.01207
0.00527575
0.00719357
0.00382614
0.00297358
0.00435872
-0.00548911
-0.000587002
0.00382614
0.00955752
0.0100255
0.0031658
0.00345769
0.0070639
-0.000330018
-0.00482789
0.00382614
0.000330623
0.00212134
0.00964055
0.00764109
0.00489163
0.00859573
0.00580776
0.008173
0.00192696
0.00276199
0.0114739
0.00936532
0.00674395
-5.46463e-05
-0.00448771
0.000493618
0.00732064
0.00996179
0.00955752
0.00751271
-0.000522461
-0.000522461
0.00190861
0.0143903
0.00823716
0.0069172
0.011557
0.0159461
0.00199126
0.00640375
0.00825603
0.00152354
-0.000907585
0.00942977
0.00640375
0.00712849
0.00600065
0.00395466
0.00678832
0.00930136
0.000478043
0.00310143
-0.00256867
0.00631997
0.00631997
-0.00401953
0.00864102
0.0102817
0.000118681
-0.0013096
0.00655157
0.00427459
0.00640375
-0.00333872
0.0108783
0.00996179
0.00838629
0.00928114
0.0128762
0.00297358
0.00587157
-0.00184314
0.00086312
0.00278128
0.00883339
0.00764109
0.00376411
0.00902569
0.00674395
0.00983306
0.00197268
0.00540346
0.00342248
0.0097054
0.00461574
0.00753145
0.00857728
0.00653204
0.00917304
0.0107497
0.00224853
0.00838451
0.00864102
0.00495734
0.00930136
0.00224853
0.00712849
0.000651858
0.0135179
0.00996179
0.0106023
0.0107497
0.0150939
0.00798078
0.00376204
0.0124091
0.00674395
0.0104302
0.00778848
0.0122816
0.00653204
0.0103005
0.0112819
0.0124549
0.00621134
0.00323066
0.00862071
0.00832091
0.00719357
0.00167087
0.00290889
0.00727417
-0.000779852
0.00355001
0.00885194
0.00112021
0.000138028
-0.00534081
0.000605789
0.00178052
0.00600051
0.00501884
0.00501884
0.00625633
0.00152354
0.00361571
0.00435872
0.00527575
0.00574369
0.000928117
0.00120355
0.00838629
0.00917304
0.0054677
0.00955752
0.0014615
0.00269755
0.00904579
0.0063841
-0.000457428
0.00751271
0.00678832
-0.00190821
-0.00099056
0.000138028
0.00521119
0.00212134
0.00983306
0.0128601
0.0128601
0.00323066
-0.00433957
0.00625633
0.00974963
0.00301764
0.00105554
-0.00421228
0.00574369
0.00356934
0.00514712
0.00390878
0.00118403
-0.00216566
-0.00796488
-0.00903218
0.00625633
0.000907932
0.00712849
-0.000844228
0.00389074
-0.00414707
0.00363377
-0.00144035
0.00493507
0.0036987
0.000928117
0.00621134
0.00936532
0.0102817
1.04497e-05
0.00482642
0.00171611
1.04497e-05
0.000798615
-0.00263351
-0.00401953
0.0028468
0.00244093
-0.00506549
-0.00448771
-0.00719546
0.00144014
0.00387083
-0.00410292
0.00463391
0.00126632
-0.00401953
0.00224853
0.00224853
0.00086312
0.000523139
0.0063841
0.00344132
-0.00184314
-0.00277984
0.00137705
-0.00376232
0.00567907
0.00416645
0.0108783
0.00608437
0.00844857
0.00467903
0.00210102
-0.00201892
0.000330623
-0.00179988
-0.00322903
0.0036987
-0.00184375
-0.00282623
0.00348629
-0.00732474
0.00344132
-0.000714983
-0.00137522
-0.00137522
-0.00113882
0.000798615
-0.000374482
0.00355001
0.00401844
0.00840314
0.00448658
-0.00237635
-0.00289091
0.00678832
-5.46463e-05
0.00231349
0.00382614
0.00495445
0.000735945
0.000523139
0.0116848
0.00131222
0.00310143
0.00086312
0.0064686
0.0031658
0.0114098
-0.000330018
0.000202797
0.00514712
0.00210102
0.00455092
0.00744877
0.0025889
0.00403696
0.00212134
0.00131222
0.00855721
0.00791678
-5.46463e-05
0.00356934
-0.00344014
-0.00659937
7.60374e-05
0.00597979
0.00237679
-0.00448771
-0.00369728
-0.00331242
0.00395466
0.00395466
0.00301764
0.00342248
0.00704696
0.00218406
-0.00171574
-0.00171574
0.00631997
-0.00118285
-0.000137654
0.00467903
-0.00551703
-0.00551703
-0.00195281
0.00744877
0.00224853
0.0115388
0.0016535
0.0031837
0.00469945
0.00178052
0.00218406
0.00527575
0.00917304
0.00205606
0.00205606
0.000587252
0.00435872
0.00269755
0.00640375
0.00448658
0.00659607
0.00659607
-0.000714983
-0.00401953
0.00152354
0.00112021
0.00139595
0.00521119
0.00493507
0.000928117
0.000928117
0.00199522
0.0014615
0.00678832
0.00356934
0.0025487
0.00150415
0.00229335
0.00389074
0.00593586
0.00766032
-0.00276106
0.00501884
0.00244093
-0.00527541
0.000202797
0.0086615
-0.000583772
-0.0022483
0.0036987
-0.00163313
-0.00244087
-0.00244087
-0.00393157
0.00263324
0.00672461
-0.000457428
0.00323066
0.000523139
0.00269755
0.00269755
0.00158827
0.00501884
-0.000457428
-0.00355164
-0.000649623
0.000779361
0.000779361
-0.00107506
-0.00231135
0.00290889
-0.000844228
-0.00401953
0.00395466
7.60374e-05
0.00680692
0.0045043
0.0045043
-0.00105504
-0.00105504
-0.00289091
0.00178052
0.00263324
0.00263324
0.00667871
0.00482642
-0.000265313
-0.00190821
-0.00156767
0.00290889
-0.00527541
-0.00331349
-0.000798348
0.0031658
0.00344132
0.00344132
-0.00196947
0.00190861
0.00244093
0.0077047
0.0069171
0.00350657
0.00521119
-0.00448771
0.00216477
-0.00357006
0.00263324
0.00178052
-0.00156767
-0.00237635
-0.00099056
0.0036987
-0.00561696
-0.00186277
-0.00448771
-0.00792123
0.00199522
0.00631997
0.000651858
-0.000522461
-0.00284478
-0.0095003
-0.00126696
0.000395064
-0.00256867
-0.000457428
0.00789661
-0.000733706
-0.00553326
0.000928117
-0.00190821
0.00112021
0.00355001
-0.00331349
-0.00508337
0.0032939
-0.00514845
-0.00118285
0.00269755
0.00442274
-0.00205582
-0.00205582
0.00139595
0.00600065
-0.00659577
0.00086312
-0.00430269
0.00693442
0.00693442
-0.00678758
-0.00496206
-0.00109756
0.00399744
-0.00275983
-0.00275983
-0.00729103
0.000821687
-0.000461439
-0.00893113
-0.00118583
-0.00751804
-0.0033222
-0.0033222
-0.0053688
-0.00615291
-0.004645
-0.0122884
-0.0153512
-0.0248985
-0.0229503
-0.0295224
-0.0254273
-0.0120328
-0.0148461
-0.00876691
-0.00769458
-0.0136676
-0.0201142
-0.0131331
-0.005023
-0.00907204
-0.000378971
-0.00965793
-0.00838276
-0.0062648
-0.00771258
-0.00753814
-0.0115218
-0.00392186
-0.00994389
-0.007475
-0.00735492
-0.0213924
-0.0159693
-0.0136337
-0.0181526
-0.0152131
-0.0106771
-0.00687658
-0.0104228
-0.00409567
-0.00409567
-0.00409567
-0.0112676
-0.0125416
-0.00357302
-0.00404237
-0.00156724
-0.0076008
-0.00801654
-0.00428858
-0.00969855
-0.00808828
-0.0122379
-0.0111471
-0.0154902
-0.0129145
-0.00681369
-0.0174905
-0.00593187
-0.0129723
-0.00608918
-0.00362721
-0.00308658
-0.000856575
-0.00881319
-0.000435912
-0.000435912
-0.00524493
-0.0104937
-0.00929089
-0.0091705
-0.00187482
-0.00778442
-0.00833578
-0.0100642
-0.0103731
-0.0115218
-0.0122471
-0.0141753
-0.016702
-0.00428858
-0.013203
-0.00549079
-0.0136245
-0.00789582
-0.013745
-0.0168853
-0.00699682
-0.000793773
0.00372693
-0.00139671
-0.00567422
-0.00362721
-0.00897997
-0.006979
-0.0208841
-0.00220337
-0.00256926
-0.00599348
-0.00793093
-0.00741313
-0.00793093
-0.00453614
-0.00911045
-0.00536908
-0.0114274
-0.00436933
-0.0112222
-0.00436231
-0.000248663
-0.00395332
-0.00101025
-0.00706594
-0.0104959
-0.0036368
-0.0133732
-0.00152667
-0.00491382
-0.00322381
-0.00523227
-0.00966307
-0.00748019
-0.00357023
-0.00994289
-0.00772514
-0.00959162
-0.0118143
-0.00966307
-0.0143066
-0.00911045
-0.00277328
-0.00360564
-0.00429597
-0.00568087
-0.00422507
-0.00370288
-0.00997837
-0.0036368
-0.00280381
-0.00800255
-0.00211454
-0.00749
0.0123269
0.022232
0.0528419
0.116171
0.147614
0.151922
0.143128
0.13994
0.156492
0.146037
0.141213
0.149885
0.139183
0.146613
0.144188
0.144367
0.138846
0.140484
0.145461
0.144004
0.144004
0.142425
0.142425
0.138634
0.143875
0.142425
0.137483
0.131289
0.133747
0.148798
0.148798
0.142027
0.145547
0.145608
0.138167
0.148093
0.134138
0.145455
0.1457
0.141996
0.148184
0.138451
0.13839
0.13872
0.139532
0.139203
0.143185
0.133102
0.134507
0.147036
0.349918
0.560505
0.725286
0.921712
1.11379
1.11379
1.25506
1.25919
1.23832
1.22458
1.20792
1.20101
1.19398
1.18798
1.17585
1.16995
1.16031
1.15625
1.15977
1.15924
1.14842
1.13473
1.13639
1.12857
1.12665
1.12323
1.11837
1.12482
1.11716
1.11523
1.10693
1.10392
1.10046
1.09393
1.09086
1.09537
1.09233
1.08519
1.08406
1.08216
1.0773
1.08312
1.08011
1.07625
1.07742
1.0775
1.07651
1.06878
1.06491
1.06523
1.06441
1.05454
1.05938
1.05174
1.06133
1.05853
1.05163
1.05504
1.04721
1.05352
1.04751
1.04618
1.04044
1.05444
1.0388
1.0388
1.03843
1.0421
1.02894
1.02359
1.02359
1.02848
1.03178
1.03366
1.03135
1.02517
1.01925
1.00791
1.00417
1.00807
1.00224
0.999722
0.999461
0.99638
0.994642
0.979866
0.97274
0.979433
0.971268
0.966394
0.96442
0.96306
0.966146
0.964265
0.961568
0.965159
0.967445
0.965261
0.961911
0.956755
0.956313
0.956313
0.956996
0.956957
0.958221
0.952417
0.952519
0.948888
0.946976
0.945166
0.948823
0.955213
0.953442
0.953163
0.954086
0.948343
0.947077
0.938416
0.947723
0.944304
0.939785
0.942631
0.939958
0.937389
0.941837
0.937149
0.941634
0.946836
0.936669
0.940912
0.936326
0.934686
0.935677
0.936807
0.938655
0.939277
0.934789
0.928823
0.927997
0.929337
0.923887
0.927415
0.932662
0.92687
0.925739
0.918845
0.922791
0.924608
0.916716
0.923887
0.922618
0.918911
0.91706
0.919704
0.91857
0.925053
0.925362
0.917678
0.923578
0.917471
0.924505
0.919633
0.918948
0.922343
0.916854
0.910024
0.916958
0.91833
0.920287
0.921142
0.913148
0.912461
0.917301
0.912597
0.908033
0.908033
0.912014
0.915411
0.908339
0.901812
0.912255
0.908613
0.905692
0.909815
0.908546
0.905284
0.902424
0.902564
0.902567
0.902293
0.907447
0.901259
0.9005
0.905763
0.905763
0.90026
0.903283
0.89909
0.896069
0.900814
0.899541
0.905619
0.894451
0.892458
0.899839
0.895379
0.888053
0.8971
0.902702
0.901085
0.891978
0.895516
0.898851
0.902591
0.895406
0.895724
0.896098
0.898988
0.896443
0.895858
0.893283
0.886227
0.891318
0.891378
0.891215
0.894479
0.894927
0.887259
0.890184
0.886385
0.88636
0.881817
0.884947
0.884158
0.880575
0.886839
0.887186
0.886146
0.886151
0.888083
0.87954
0.888592
0.881396
0.884847
0.880441
0.882778
0.879912
0.878265
0.872518
0.881473
0.889387
0.88477
0.881953
0.879028
0.880253
0.883155
0.886151
0.882958
0.874167
0.881867
0.885907
0.880649
0.882192
0.879433
0.874435
0.873238
0.870684
0.884662
0.879086
0.876326
0.881738
0.880092
0.879264
0.879296
0.876957
0.878921
0.87361
0.875999
0.879749
0.877313
0.866883
0.874964
0.872715
0.874703
0.881217
0.867893
0.875789
0.873746
0.871542
0.872067
0.869913
0.870129
0.875096
0.872788
0.873713
0.867546
0.876057
0.861912
0.866877
0.869332
0.869196
0.873638
0.870711
0.862123
0.866747
0.873985
0.870187
0.860846
0.872123
0.864459
0.858764
0.860526
0.864916
0.863053
0.861644
0.854218
0.86691
0.859912
0.863612
0.858183
0.859564
0.859912
0.849314
0.845398
0.856447
0.853447
0.861106
0.859479
0.853736
0.851766
0.85666
0.85666
0.856774
0.861564
0.860635
0.864329
0.859646
0.851523
0.855073
0.864807
0.856666
0.854218
0.847976
0.852955
0.852955
0.855518
0.861672
0.855361
0.85877
0.84817
0.856323
0.850056
0.849391
0.850006
0.851548
0.858558
0.847737
0.861672
0.861428
0.855176
0.850514
0.857596
0.853152
0.852832
0.852832
0.849584
0.855383
0.856427
0.853071
0.848035
0.851548
0.852613
0.85424
0.848618
0.853994
0.85411
0.853871
0.85424
0.856215
0.849921
0.845607
0.84897
0.856242
0.852955
0.852697
0.849927
0.85304
0.85378
0.845393
0.850966
0.845607
0.845607
0.841093
0.844785
0.844915
0.844915
0.84784
0.847046
0.852613
0.851075
0.848811
0.850063
0.854001
0.84972
0.845393
0.848803
0.843771
0.850862
0.850405
0.847847
0.842356
0.847498
0.840359
0.846865
0.843502
0.846799
0.840862
0.836969
0.844571
0.852025
0.849483
0.846347
0.845393
0.838494
0.842142
0.842142
0.845024
0.844462
0.836679
0.847634
0.842007
0.833762
0.849126
0.841332
0.83808
0.839901
0.831542
0.837119
0.838034
0.8386
0.834279
0.841076
0.836188
0.837795
0.834651
0.838399
0.839146
0.839472
0.83598
0.838621
0.841253
0.834342
0.832673
0.834914
0.83773
0.838229
0.834111
0.833025
0.83318
0.836458
0.832481
0.832218
0.834431
0.830244
0.824441
0.832727
0.829178
0.829072
0.830244
0.828294
0.827698
0.830134
0.827117
0.839122
0.831653
0.826901
0.832138
0.833284
0.829202
0.829202
0.827764
0.830993
0.827117
0.8214
0.821534
0.825013
0.825508
0.827698
0.830857
0.822793
0.829895
0.823523
0.828772
0.824879
0.82792
0.829591
0.823542
0.832958
0.822443
0.822443
0.823353
0.821534
0.821288
0.827548
0.814374
0.819654
0.821534
0.830827
0.822291
0.828525
0.825701
0.827221
0.821138
0.822338
0.823957
0.824896
0.821981
0.824868
0.828391
0.825939
0.829672
0.82792
0.82249
0.827936
0.825223
0.822682
0.824635
0.824635
0.822809
0.823137
0.827221
0.824671
0.827482
0.817963
0.817874
0.821154
0.826871
0.823957
0.822682
0.818701
0.825939
0.827347
0.821154
0.823137
0.819395
0.828375
0.827845
0.82468
0.825572
0.817874
0.820803
0.82465
0.823004
0.819395
0.819312
0.817656
0.823964
0.821981
0.820094
0.818133
0.821021
0.824203
0.824069
0.824069
0.823375
0.820228
0.820706
0.820833
0.813807
0.813807
0.812874
0.81838
0.809367
0.81204
0.818141
0.820333
0.824918
0.821989
0.817895
0.816366
0.81744
0.820699
0.815216
0.806686
0.810174
0.820222
0.816499
0.814284
0.809346
0.814873
0.811219
0.818642
0.818506
0.8095
0.818484
0.817895
0.814151
0.810062
0.813197
0.814635
0.815058
0.82011
0.820945
0.813562
0.813436
0.814985
0.807865
0.809985
0.813537
0.818259
0.807752
0.811842
0.815069
0.806819
0.805613
0.811584
0.814024
0.810784
0.808694
0.811977
0.805844
0.807732
0.805865
0.806915
0.80468
0.811604
0.812068
0.809949
0.817762
0.810995
0.815785
0.813786
0.814369
0.816624
0.806915
0.799653
0.807343
0.799064
0.805878
0.803773
0.807712
0.804223
0.811478
0.80623
0.80562
0.798731
0.797559
0.805382
0.810055
0.80484
0.803282
0.807143
0.813449
0.809493
0.80797
0.806686
0.809149
0.80739
0.804137
0.809585
0.80656
0.796054
0.810651
0.805163
0.802427
0.805971
0.809739
0.801547
0.804925
0.798845
0.804593
0.807162
0.8074
0.802229
0.802355
0.806944
0.801453
0.803289
0.80703
0.802004
0.806792
0.801463
0.798731
0.800964
0.799918
0.80051
0.800272
0.806782
0.806782
0.799902
0.804774
0.804117
0.795816
0.795456
0.796883
0.801442
0.801453
0.80364
0.80327
0.794988
0.804109
0.79453
0.794273
0.803985
0.801397
0.798713
0.799805
0.805382
0.80856
0.799083
0.809969
0.805898
0.804442
0.807514
0.799672
0.797102
0.801635
0.804223
0.796618
0.791492
0.795909
0.795446
0.80013
0.802604
0.799559
0.795904
0.800712
0.800254
0.804232
0.805296
0.802336
0.799635
0.800606
0.799462
0.799692
0.800237
0.79638
0.800729
0.800967
0.798845
0.805402
0.805402
0.800712
0.802376
0.794267
0.798124
0.801309
0.799911
0.793922
0.798606
0.802604
0.79032
0.796976
0.791474
0.795588
0.801215
0.790426
0.800044
0.789474
0.79453
0.798617
0.800933
0.793927
0.79394
0.796178
0.7901
0.796732
0.796618
0.794988
0.792064
0.796636
0.798017
0.794381
0.803204
0.799224
0.803519
0.796386
0.796849
0.792064
0.791376
0.79675
0.796962
0.79313
0.799207
0.7963
0.790188
0.792177
0.793809
0.794787
0.794997
0.787598
0.784786
0.792196
0.786895
0.797711
0.79514
0.788443
0.791597
0.788098
0.791712
0.789843
0.795578
0.793482
0.79616
0.794381
0.788282
0.79077
0.791597
0.789967
0.785041
0.798606
0.786451
0.794064
0.795684
0.794619
0.794874
0.789747
0.79594
0.783039
0.791588
0.788909
0.786716
0.787841
0.793112
0.793815
0.792409
0.79616
0.782704
0.790057
0.789729
0.782454
0.789479
0.782721
0.788443
0.78081
0.79254
0.790074
0.786478
0.782351
0.786566
0.791122
0.782114
0.785132
0.793479
0.788328
0.789015
0.78809
0.788919
0.784484
0.789139
0.789122
0.793016
0.788197
0.795315
0.784213
0.787728
0.787615
0.785869
0.786821
0.794416
0.783731
0.782704
0.78213
0.785992
0.788533
0.781746
0.785639
0.783639
0.788434
0.787621
0.787025
0.790426
0.784352
0.788443
0.780826
0.789729
0.785538
0.786978
0.785851
0.781523
0.782211
0.780949
0.784803
0.782609
0.784558
0.78035
0.782811
0.780388
0.786936
0.783039
0.780605
0.781999
0.789862
0.778228
0.788538
0.7772
0.778234
0.782324
0.781876
0.779414
0.780588
0.782211
0.78668
0.783524
0.783302
0.786895
0.777446
0.781408
0.781097
0.776847
0.77555
0.77555
0.77825
0.781302
0.77766
0.786203
0.784803
0.781892
0.78012
0.780711
0.778343
0.776242
0.780719
0.780473
0.780473
0.777307
0.786566
0.779891
0.77953
0.781746
0.773075
0.781064
0.779891
0.781876
0.778954
0.769575
0.782025
0.778479
0.784917
0.780826
0.782811
0.777307
0.779322
0.781654
0.787722
0.778382
0.784467
0.78527
0.780014
0.784336
0.781523
0.779792
0.778726
0.777767
0.787844
0.781777
0.780358
0.779883
0.77437
0.7855
0.782933
0.777438
0.781523
0.776248
0.776248
0.780004
0.774248
0.771792
0.775414
0.772023
0.774629
0.779177
0.781999
0.777446
0.773209
0.781529
0.780343
0.782206
0.77753
0.783746
0.772851
0.781868
0.782562
0.780014
0.775089
0.782803
0.784098
0.781769
0.779544
0.782357
0.782817
0.781746
0.777774
0.777322
0.776978
0.782558
0.773299
0.777062
0.773932
0.775666
0.780106
0.777184
0.778382
0.772997
0.774255
0.772
0.774493
0.778848
0.771087
0.76908
0.76908
0.775062
0.773665
0.778373
0.776019
0.780588
0.77427
0.771814
0.771455
0.771549
0.776377
0.764878
0.770389
0.772982
0.770389
0.772485
0.773902
0.775674
0.772637
0.772023
0.775408
0.772628
0.772153
0.770735
0.770036
0.773902
0.773902
0.77694
0.773304
0.775912
0.770972
0.770972
0.772628
0.773536
0.768163
0.780138
0.773089
0.768971
0.76923
0.775321
0.779408
0.774003
0.776134
0.770419
0.775666
0.768855
0.773536
0.770274
0.773902
0.773563
0.766982
0.772015
0.770166
0.775436
0.768862
0.76969
0.771915
0.767472
0.776118
0.780451
0.772144
0.771209
0.772744
0.772614
0.772144
0.771117
0.76242
0.765707
0.771562
0.767096
0.766996
0.771087
0.772369
0.774615
0.774017
0.77026
0.773312
0.777415
0.76804
0.771102
0.771915
0.778948
0.770022
0.767803
0.776465
0.779753
0.774852
0.770144
0.773075
0.777767
0.774709
0.775191
0.772735
0.778113
0.776832
0.767795
0.770288
0.770735
0.772506
0.771209
0.766751
0.769813
0.763209
0.762516
0.769663
0.759947
0.77193
0.769459
0.773665
0.778595
0.774126
0.770727
0.772144
0.770619
0.773433
0.772132
0.770036
0.774017
0.770864
0.771325
0.766514
0.769445
0.77812
0.769342
0.772709
0.773219
0.771433
0.772498
0.773541
0.765686
0.772376
0.7691
0.7691
0.766514
0.765353
0.755947
0.763343
0.766148
0.764505
0.766629
0.762066
0.761232
0.773536
0.764274
0.767342
0.769696
0.772037
0.768502
0.770144
0.768028
0.768624
0.768502
0.768048
0.774615
0.768148
0.768747
0.769445
0.768509
0.774011
0.767091
0.768877
0.772491
0.765944
0.762774
0.767091
0.765923
0.769105
0.759127
0.761945
0.76405
0.759011
0.761932
0.760642
0.769208
0.759114
0.762522
0.76219
0.763242
0.763588
0.763562
0.756538
0.757117
0.760655
0.763235
0.773573
0.763575
0.769683
0.764396
0.76405
0.76405
0.761237
0.756666
0.758061
0.762061
0.762998
0.76147
0.75361
0.760193
0.759826
0.759942
0.756163
0.757708
0.761689
0.762528
0.760751
0.753719
0.755242
0.754773
0.754773
0.755832
0.760526
0.751015
0.755138
0.757708
0.750308
0.765935
0.763094
0.754426
0.759236
0.766039
0.759364
0.758991
0.756549
0.759461
0.757599
0.753963
0.753228
0.756666
0.761585
0.756301
0.75431
0.759485
0.753256
0.75772
0.763806
0.752544
0.762516
0.75571
0.754656
0.759473
0.764755
0.760655
0.762742
0.757366
0.765116
0.760064
0.764043
0.754547
0.7564
0.757828
0.752781
0.75571
0.754298
0.758981
0.758991
0.756417
0.762644
0.757258
0.755352
0.762644
0.758536
0.757957
0.752653
0.75772
0.755838
0.758189
0.762651
0.757603
0.757945
0.758194
0.757129
0.757129
0.751019
0.763934
0.752891
0.749381
0.758657
0.756429
0.758427
0.758986
0.757248
0.757021
0.761463
0.752774
0.756654
0.751015
0.756083
0.753945
0.752434
0.749273
0.766514
0.759127
0.751953
0.755119
0.753847
0.75361
0.754214
0.74784
0.747377
0.748669
0.751482
0.7503
0.750899
0.758204
0.756184
0.754773
0.753001
0.750899
0.749253
0.758651
0.74948
0.757238
0.753128
0.757354
0.757238
0.757021
0.75371
0.750545
0.750081
0.753007
0.754061
0.758054
0.744776
0.752081
0.75501
0.753365
0.75361
0.757354
0.754535
0.743967
0.751739
0.751137
0.746754
0.758075
0.756643
0.760172
0.760989
0.758638
0.762066
0.758298
0.754882
0.759935
0.756057
0.755021
0.759935
0.755473
0.762998
0.750334
0.752544
0.748889
0.750308
0.752053
0.754524
0.749121
0.755242
0.757817
0.749827
0.754882
0.752429
0.752774
0.757338
0.762753
0.747844
0.749264
0.757008
0.761463
0.760763
0.757701
0.755947
0.755936
0.754298
0.763818
0.759012
0.760514
0.757933
0.754901
0.750782
0.757238
0.756643
0.757106
0.757945
0.75431
0.751008
0.75443
0.752764
0.750645
0.75642
0.751245
0.755225
0.759698
0.746542
0.758882
0.74948
0.752073
0.755021
0.746896
0.747961
0.746184
0.754065
0.752427
0.746062
0.756282
0.749596
0.755829
0.755002
0.756417
0.750287
0.749954
0.751374
0.753001
0.755589
0.750525
0.751147
0.750664
0.748998
0.755346
0.747598
0.749833
0.745372
0.746548
0.746659
0.74572
0.750777
0.739023
0.743632
0.754903
0.74937
0.745367
0.742902
0.740089
0.747951
0.748194
0.746659
0.744652
0.753001
0.747829
0.745957
0.749156
0.749499
0.742792
0.74019
0.750413
0.751364
0.746896
0.748182
0.739368
0.742573
0.745369
0.744068
0.752532
0.745594
0.744676
0.744796
0.749954
0.751831
0.745487
0.750545
0.745268
0.749607
0.738419
0.742211
0.744201
0.744786
0.745132
0.747735
0.744195
0.744559
0.75229
0.741616
0.747718
0.737019
0.743493
0.74784
0.745957
0.747961
0.735025
0.741252
0.740419
0.740671
0.743146
0.745023
0.742311
0.749372
0.738903
0.742555
0.747498
0.742909
0.745715
0.74748
0.743967
0.740553
0.740661
0.748188
0.745715
0.749126
0.747607
0.740908
0.740908
0.74101
0.746889
0.746188
0.742191
0.739484
0.752755
0.744559
0.748425
0.743122
0.745597
0.746315
0.749035
0.745715
0.741252
0.734906
0.740089
0.740553
0.743241
0.743241
0.745372
0.743493
0.746073
0.741242
0.738429
0.746315
0.745479
0.743019
0.741262
0.734205
0.739725
0.744665
0.741372
0.733841
0.741262
0.737499
0.740898
0.740787
0.742201
0.735136
0.738543
0.738429
0.742191
0.738786
0.744659
0.734197
0.740665
0.740898
0.746197
0.745141
0.743612
0.740312
0.734536
0.734536
0.743249
0.742784
0.736195
0.741135
0.739851
0.74384
0.74313
0.742782
0.739368
0.735609
0.735609
0.73478
0.733953
0.73515
0.741491
0.748779
0.743612
0.739829
0.736889
0.738897
0.738439
0.744999
0.741015
0.735498
0.735254
0.739363
0.737958
0.738903
0.73926
0.744085
0.745851
0.739829
0.738549
0.737368
0.743595
0.739959
0.744186
0.743241
0.741489
0.746305
0.742665
0.741247
0.740316
0.742317
0.741018
0.739954
0.742185
0.745715
0.743603
0.740302
0.748535
0.739848
0.737479
0.738418
0.738424
0.739009
0.737841
0.738543
0.738424
0.735837
0.751001
0.740885
0.737247
0.743721
0.735609
0.738077
0.736186
0.734078
0.731262
0.730433
0.741489
0.736179
0.739252
0.746533
0.734544
0.740071
0.742885
0.735595
0.730662
0.742191
0.734204
0.73243
0.731727
0.738769
0.738299
0.73407
0.741489
0.741382
0.734889
0.732312
0.734789
0.737125
0.735251
0.73665
0.73303
0.73855
0.73419
0.733716
0.735129
0.746659
0.737256
0.732193
0.734773
0.737974
0.739023
0.740419
0.73572
0.734663
0.731945
0.731136
0.737713
0.73501
0.733724
0.739607
0.739962
0.73725
0.730426
0.743832
0.73149
0.729722
0.733005
0.733367
0.748071
0.743603
0.730064
0.734536
0.739837
0.736902
0.738549
0.742438
0.735239
0.742548
0.737248
0.736548
0.73572
0.737486
0.737958
0.736311
0.744068
0.739006
0.744177
0.744177
0.741483
0.741846
0.738653
0.737119
0.741837
0.747003
0.740203
0.735014
0.729593
0.741718
0.736548
0.741942
0.739834
0.741129
0.742651
0.742058
0.738424
0.735483
0.734776
0.743019
0.741601
0.740892
0.747472
0.731254
0.737021
0.743012
0.734536
0.742887
0.738779
0.7356
0.735945
0.741126
0.737361
0.739015
0.734773
0.739126
0.738299
0.742894
0.746542
0.738897
0.743367
0.738772
0.732659
0.736889
0.740892
0.740661
0.738654
0.732772
0.739141
0.730184
0.735609
0.738182
0.738182
0.744061
0.738187
0.738187
0.729959
0.738063
0.738063
0.737946
0.739009
0.735359
0.734544
0.734072
0.73501
0.742178
0.73855
0.741122
0.737838
0.734892
0.734544
0.734544
0.734419
0.735365
0.734656
0.733606
0.737006
0.734183
0.736659
0.741136
0.738669
0.738779
0.738063
0.737006
0.730426
0.732911
0.737114
0.737256
0.735595
0.729126
0.733495
0.735016
0.732423
0.729834
0.731596
0.737013
0.735123
0.73572
0.73572
0.735005
0.743484
0.733487
0.737367
0.74618
0.740065
0.73807
0.733239
0.738424
0.736657
0.737722
0.739954
0.733369
0.733369
0.732305
0.731354
0.73419
0.736303
0.740065
0.740065
0.740656
0.739119
0.736657
0.729132
0.734183
0.734536
0.733953
0.731005
0.738778
0.729951
0.733126
0.729829
0.734544
0.737368
0.739126
0.737479
0.735372
0.73807
0.733709
0.728889
0.724532
0.737604
0.738661
0.731825
0.731825
0.733711
0.73019
0.738536
0.744061
0.737125
0.734774
0.734065
0.735359
0.738064
0.724189
0.732659
0.727472
0.721599
0.729593
0.73325
0.734656
0.720763
0.738897
0.730891
0.724656
0.73654
0.7362
0.736066
0.729953
0.733129
0.730425
0.73654
0.729829
0.727712
0.726059
0.733828
0.728068
0.726075
0.72501
0.737368
0.729841
0.727719
0.729717
0.726648
0.730891
0.734302
0.732064
0.730884
0.73006
0.731602
0.732652
0.73501
0.736416
0.734663
0.739481
0.733132
0.735129
0.735247
0.728771
0.731948
0.730769
0.73195
0.727836
0.726413
0.731956
0.73172
0.728412
0.733475
0.733362
0.733008
0.728777
0.730891
0.735239
0.724183
0.720291
0.731582
0.732896
0.729007
0.727482
0.733244
0.726879
0.730662
0.732312
0.726535
0.735002
0.72982
0.726182
0.731235
0.731359
0.730531
0.734176
0.73419
0.737493
0.735017
0.731128
0.727826
0.728303
0.731839
0.732885
0.73419
0.720404
0.723356
0.726543
0.735372
0.735365
0.732178
0.729942
0.721119
0.724409
0.731247
0.734656
0.735241
0.728081
0.72959
0.727477
0.725946
0.728884
0.736533
0.729356
0.733481
0.731123
0.721706
0.732068
0.731241
0.727231
0.734419
0.730662
0.729475
0.727467
0.726531
0.72371
0.732185
0.725944
0.728073
0.727831
0.733835
0.734891
0.730297
0.732415
0.719583
0.733021
0.72288
0.724873
0.724409
0.72536
0.724302
0.720526
0.730525
0.732903
0.730889
0.72996
0.719938
0.732772
0.720524
0.732179
0.720059
0.727122
0.730651
0.724292
0.725714
0.721351
0.730654
0.720761
0.727004
0.727944
0.724183
0.727122
0.728073
0.732304
0.737603
0.737236
0.728884
0.723705
0.729475
0.718517
0.727358
0.730533
0.730533
0.727831
0.736186
0.736186
0.725596
0.726768
0.723356
0.727477
0.731358
0.720878
0.723824
0.727712
0.72241
0.72276
0.722174
0.725944
0.730525
0.725236
0.725946
0.726413
0.727706
0.72041
0.718521
0.728296
0.724994
0.730196
0.72689
0.721711
0.727826
0.726413
0.721583
0.715221
0.714868
0.716519
0.723705
0.728429
0.721111
0.725
0.726058
0.723131
0.723587
0.721357
0.724528
0.727358
0.72607
0.723356
0.72147
0.719115
0.727004
0.728533
0.724409
0.723356
0.718055
0.721238
0.719582
0.721819
0.72536
0.726654
0.716637
0.716637
0.725709
0.717583
0.71993
0.716988
0.716637
0.722296
0.725355
0.725355
0.726173
0.719819
0.726177
0.718402
0.726999
0.720756
0.722297
0.728062
0.726763
0.730297
0.724662
0.722992
0.719107
0.718756
0.722178
0.72325
0.723598
0.723941
0.719588
0.720653
0.716755
0.711925
0.722288
0.718411
0.720524
0.723114
0.721588
0.720524
0.725
0.727949
0.728535
0.718061
0.722529
0.720761
0.725946
0.718879
0.716168
0.712984
0.70791
0.715104
0.718766
0.725123
0.715459
0.714173
0.714173
0.715227
0.717819
0.720415
0.718051
0.717228
0.715456
0.710035
0.713931
0.717701
0.718406
0.720529
0.719239
0.718756
0.716752
0.709564
0.719829
0.71664
0.722658
0.708744
0.712271
0.718169
0.710624
0.718044
0.718061
0.708153
0.715227
0.712863
0.720887
0.710278
0.722061
0.721583
0.716878
0.718051
0.716401
0.714286
0.709564
0.713927
0.713222
0.716996
0.717106
0.71711
0.718406
0.715812
0.715932
0.715459
0.713812
0.712635
0.711574
0.72041
0.718411
0.714403
0.714523
0.713813
0.71405
0.710281
0.720647
0.720292
0.7144
0.719251
0.721458
0.711225
0.70921
0.714636
0.711801
0.713687
0.708504
0.715104
0.718287
0.707441
0.711338
0.717468
0.718766
0.711449
0.718879
0.717339
0.715578
0.722055
0.719711
0.720534
0.708035
0.713695
0.71676
0.724656
0.722178
0.71676
0.722765
0.715344
0.71133
0.711807
0.717224
0.71405
0.716401
0.720174
0.714286
0.713925
0.713215
0.711921
0.714521
0.712043
0.716296
0.719343
0.71475
0.711685
0.712751
0.717115
0.710388
0.720647
0.723125
0.721238
0.716164
0.716164
0.717583
0.725832
0.720761
0.716992
0.719819
0.718168
0.714872
0.713691
0.715223
0.711801
0.713453
0.721702
0.712744
0.717342
0.71876
0.713099
0.710397
0.714523
0.714516
0.710269
0.701779
0.71475
0.713217
0.710041
0.717577
0.714167
0.715227
0.714044
0.719235
0.720998
0.717815
0.714394
0.710983
0.713576
0.713695
0.715221
0.712748
0.716992
0.715102
0.70874
0.715341
0.713695
0.708974
0.714868
0.712276
0.709682
0.712631
0.710983
0.715573
0.711921
0.707916
0.708858
0.708858
0.71051
0.718055
0.711807
0.704017
0.710743
0.708858
0.706969
0.702841
0.713469
0.712516
0.715105
0.710037
0.708622
0.706967
0.720166
0.711682
0.710033
0.710633
0.713805
0.708153
0.705085
0.709327
0.711921
0.707561
0.706623
0.706616
0.709206
0.701543
0.7065
0.706142
0.713691
0.713336
0.706027
0.704964
0.706378
0.714045
0.704371
0.710627
0.707561
0.706146
0.7144
0.716401
0.71087
0.706611
0.716401
0.712157
0.70921
0.710622
0.716642
0.713931
0.711096
0.708977
0.71711
0.710861
0.717341
0.720761
0.718642
0.701305
0.707909
0.717701
0.712748
0.713808
0.717342
0.712871
0.708622
0.708858
0.711213
0.705436
0.706031
0.704489
0.706619
0.713451
0.708851
0.714983
0.710388
0.704843
0.703902
0.713336
0.711449
0.709446
0.713222
0.715932
0.711689
0.716411
0.712279
0.708153
0.711457
0.712387
0.71746
0.71428
0.715102
0.710392
0.705672
0.715812
0.711685
0.708981
0.712512
0.709205
0.71051
0.714167
0.718883
0.711685
0.705791
0.7006
0.705673
0.713576
0.71228
0.713454
0.706144
0.719233
0.716287
0.704376
0.708619
0.712864
0.708266
0.707211
0.715105
0.706612
0.708858
0.705436
0.705436
0.70555
0.706025
0.702013
0.698941
0.698355
0.712509
0.70744
0.707916
0.707211
0.701422
0.708386
0.703082
0.711817
0.716519
0.711564
0.708149
0.71133
0.707207
0.7131
0.706383
0.708504
0.713103
0.709919
0.712871
0.712981
0.711219
0.71428
0.708972
0.708619
0.70591
0.702132
0.704136
0.706025
0.699417
0.70838
0.709213
0.709213
0.714048
0.712394
0.710031
0.717583
0.713808
0.71204
0.710031
0.71121
0.706966
0.708264
0.713451
0.716045
0.716045
0.712043
0.712162
0.710979
0.710388
0.70933
0.706027
0.700367
0.707909
0.711213
0.707441
0.708267
0.708737
0.718635
0.716051
0.716634
0.707558
0.713222
0.702721
0.718051
0.713336
0.721229
0.712153
0.712276
0.71581
0.713451
0.710979
0.706969
0.710629
0.706497
0.711092
0.710031
0.702374
0.711803
0.704607
0.710624
0.71027
0.708622
0.707088
0.701893
0.71062
0.704257
0.702485
0.704138
0.706847
0.711094
0.708381
0.706492
0.712509
0.709325
0.701779
0.71239
0.7118
0.704491
0.713212
0.71781
0.714513
0.706139
0.706021
0.713102
0.713223
0.702717
0.716046
0.71157
0.708502
0.705667
0.709795
0.71239
0.710506
0.712867
0.707558
0.704959
0.711685
0.705198
0.710033
0.716752
0.710976
0.708145
0.710503
0.707909
0.70968
0.718756
0.703075
0.70508
0.707789
0.710278
0.716991
0.715105
0.714872
0.7118
0.71687
0.713569
0.713569
0.708502
0.718637
0.703311
0.715695
0.714872
0.706259
0.711213
0.704136
0.719111
0.714752
0.717813
0.709089
0.711918
0.708028
0.70791
0.718043
0.708977
0.709563
0.715569
0.708145
0.701538
0.700834
0.712862
0.712279
0.709792
0.709792
0.710388
0.708973
0.710033
0.708617
0.723465
0.707207
0.704962
0.712748
0.705078
0.711567
0.7065
0.710152
0.709325
0.712979
0.705079
0.70555
0.704491
0.706619
0.715105
0.711687
0.707433
0.703193
0.702135
0.709913
0.707909
0.704491
0.717693
0.707669
0.702723
0.701305
0.695166
0.706852
0.706259
0.697881
0.70543
0.708269
0.704021
0.707675
0.710743
0.708616
0.707443
0.704017
0.707558
0.701187
0.707433
0.706376
0.701074
0.704607
0.700245
0.7006
0.704018
0.703781
0.709436
0.707673
0.706613
0.704966
0.706142
0.704136
0.695046
0.707086
0.698711
0.705791
0.703783
0.709208
0.712631
0.702135
0.708264
0.70968
0.705077
0.701302
0.706378
0.7026
0.705668
0.703783
0.706731
0.712626
0.709671
0.703541
0.711682
0.70614
0.713339
0.71086
0.709441
0.710386
0.705673
0.700007
0.707673
0.709442
0.710624
0.706729
0.706378
0.71133
0.701541
0.705316
0.700716
0.706146
0.710739
0.70803
0.711564
0.70201
0.708153
0.706612
0.693751
0.700831
0.70897
0.708851
0.709086
0.70614
0.704484
0.701887
0.707083
0.707437
0.706964
0.700475
0.703902
0.705082
0.703073
0.710622
0.710622
0.705785
0.704609
0.702955
0.707439
0.706612
0.706492
0.705552
0.700359
0.707789
0.702955
0.70343
0.704843
0.708386
0.708615
0.709561
0.712035
0.704136
0.706613
0.713687
0.700479
0.704372
0.701068
0.702601
0.702249
0.711803
0.704017
0.703662
0.70543
0.706142
0.706027
0.703311
0.699062
0.705901
0.702841
0.703781
0.707439
0.704016
0.701539
0.704607
0.697645
0.698711
0.702839
0.697408
0.705555
0.705316
0.706616
0.707436
0.702368
0.710857
0.702484
0.711565
0.706966
0.700007
0.701777
0.702364
0.707789
0.710152
0.697176
0.698941
0.704839
0.703902
0.697528
0.698002
0.702481
0.707318
0.706729
0.707908
0.704609
0.699889
0.700946
0.70343
0.699884
0.706967
0.703428
0.703428
0.707554
0.699651
0.702012
0.711681
0.702719
0.703662
0.706256
0.703073
0.70838
0.706616
0.702248
0.700123
0.70744
0.6993
0.706022
0.702836
0.711803
0.701071
0.705318
0.702484
0.704372
0.70319
0.701657
0.708263
0.704136
0.707086
0.700715
0.699409
0.703781
0.704844
0.705314
0.705314
0.704138
0.704252
0.701657
0.704372
0.698711
0.693635
0.699066
0.699066
0.698822
0.69859
0.704133
0.701066
0.701302
0.703547
0.698587
0.70095
0.702247
0.705666
0.701071
0.699297
0.700123
0.699768
0.697524
0.699648
0.706492
0.704136
0.708263
0.698941
0.699534
0.701066
0.701186
0.706963
0.710035
0.711564
0.704252
0.706967
0.700715
0.705901
0.700243
0.703071
0.698826
0.700124
0.701066
0.698706
0.699649
0.700359
0.704017
0.704017
0.694575
0.696938
0.704257
0.703897
0.708619
0.695637
0.701537
0.703662
0.709682
0.698354
0.707908
0.710386
0.712624
0.702954
0.700005
0.702124
0.707318
0.699177
0.697408
0.697408
0.701186
0.70272
0.705314
0.701182
0.702013
0.700356
0.710504
0.697879
0.704253
0.698234
0.707792
0.707792
0.707792
0.701541
0.698826
0.69859
0.699884
0.704839
0.700831
0.701421
0.70272
0.705078
0.700124
0.705431
0.70319
0.710973
0.698119
0.695873
0.699177
0.699533
0.706139
0.696109
0.708734
0.708734
0.710743
0.703664
0.704959
0.704959
0.707908
0.69859
0.699768
0.698709
0.704257
0.697763
0.701539
0.699768
0.698593
0.703075
0.697291
0.702366
0.706847
0.693748
0.700004
0.696819
0.696465
0.696818
0.703781
0.705785
0.698945
0.697403
0.704488
0.697645
0.698931
0.741412
0.74255
0.715008
0.613288
0.449136
0.311599
0.195155
0.113169
0.112719
0.104638
0.0945301
0.0911851
0.0877714
0.0846461
0.0817394
0.0711882
0.0725709
0.0481397
0.0457655
0.0480912
0.0741734
0.0703075
0.0558216
0.0437824
0.0402763
0.0406111
0.0406111
0.0448783
0.0384345
0.0332443
0.0385553
0.0448761
0.0326421
0.0346257
0.0296842
0.029024
0.0388231
0.0348194
0.0379732
0.0353357
0.0301423
0.0321107
0.0246132
0.0283533
0.0233754
0.0281748
0.0314545
0.0255885
0.0322303
0.0269859
0.0236928
0.0258725
0.0258725
0.0282782
0.0261708
0.0336802
0.0290033
0.0298042
0.0233548
0.0243443
0.0253882
0.030067
0.0329552
0.0282979
0.0271093
0.0272337
0.0175459
0.0264399
0.029998
0.0323565
0.0280164
0.0246626
0.035987
0.0253882
0.0384803
0.0228383
0.0229419
0.0299218
0.0291293
0.0263142
0.0270328
0.0292727
0.0207763
0.0178163
0.0182797
0.0181558
0.0234736
0.0248006
0.0258513
0.0265586
0.026577
0.0319811
0.0237354
0.0222844
0.029998
0.0290033
0.0346564
0.0262388
0.0305788
0.0305788
0.0198483
0.0264324
0.0267706
0.035255
0.0328787
0.0281529
0.0317671
0.0313037
0.0309232
0.0272834
0.0301917
0.0226803
0.0220138
0.0254369
0.0216755
0.0297771
0.0251181
0.0285883
0.0230686
0.0280082
0.0222071
0.0203697
0.0251181
0.0273509
0.0282691
0.0320286
0.0253113
0.0253113
0.0348501
0.0189293
0.0189293
0.0282017
0.0282017
0.0262388
0.0208241
0.0306468
0.0258435
0.0245184
0.0253113
0.0249823
0.0296511
0.0325407
0.0258905
0.025901
0.0255817
0.027864
0.0302412
0.0260366
0.0283464
0.0283464
0.0236574
0.0261708
0.0261708
0.0281903
0.0288592
0.0272729
0.028076
0.0248471
0.0253113
0.0262762
0.0310423
0.0235327
0.0257073
0.0255724
0.026808
0.0210951
0.0241693
0.0312733
0.0210951
0.0291969
0.0289864
0.0258237
0.0270128
0.0227983
0.0293126
0.0293126
0.0232517
0.028994
0.0328612
0.0210951
0.0306281
0.0317503
0.0224003
0.0230584
0.024508
0.0269461
0.0232033
0.0235899
0.0218098
0.0230783
0.0304227
0.028337
0.0236574
0.0285883
0.0224003
0.0229322
0.0274103
0.0306281
0.0320099
0.0289264
0.0267413
0.028522
0.0224003
0.0262882
0.0296328
0.0297105
0.028909
0.0268868
0.0268868
0.0241033
0.027477
0.0318166
0.0211441
0.0267413
0.0254256
0.0258109
0.0313522
0.023997
0.0350437
0.0261619
0.0293796
0.033265
0.0263551
0.0289264
0.0270799
0.0299703
0.0344361
0.0351595
0.0341642
0.0370054
0.031497
0.0337175
0.0348394
0.0318166
0.0287815
0.0348394
0.0258905
0.0253589
0.0318045
0.0318045
0.0272729
0.0224003
0.0325896
0.0341821
0.0329134
0.0257448
0.0310925
0.0273993
0.0328006
0.0275924
0.0291195
0.0248471
0.0313522
0.0293126
0.0237039
0.0249726
0.0249726
0.0263665
0.0263665
0.0314189
0.0306281
0.0230422
0.0304347
0.0301043
0.0218554
0.022865
0.0231253
0.0293126
0.0289746
0.0248276
0.0295057
0.032721
0.0308214
0.0227865
0.0376018
0.0279975
0.0258237
0.0307425
0.0307425
0.0225935
0.0229795
0.0261619
0.0208241
0.0288479
0.0288479
0.0288479
0.0256852
0.0316729
0.0257448
0.0308214
0.0196342
0.0175928
0.0250207
0.0295723
0.0264225
0.031871
0.026469
0.028655
0.0338438
0.0319314
0.0282017
0.0315454
0.0344533
0.0344533
0.0284439
0.0284439
0.0271933
0.0303566
0.0303566
0.0231124
0.0231124
0.0250865
0.02732
0.0314861
0.0257448
0.0205524
0.0385797
0.0267413
0.0368781
0.0246344
0.033458
0.0170607
0.0247009
0.0281903
