0.0959199
0.109491
0.112231
0.10055
0.10669
0.102637
0.110049
0.107717
0.107236
0.0978699
0.104957
0.103169
0.102871
0.102861
0.109405
0.100296
0.109566
0.107694
0.102318
0.102318
0.105128
0.107236
0.109888
0.098336
0.0998278
0.102488
0.102243
0.10483
0.104745
0.104745
0.10235
0.102254
0.0976462
0.104808
0.107408
0.102019
0.102339
0.0996038
0.10715
0.11131
0.100072
0.104734
0.105043
0.105043
0.106788
0.0949978
0.104595
0.105139
0.0999872
0.0999872
0.102722
0.102722
0.102776
0.10499
0.10499
0.100509
0.109876
0.104659
0.109664
0.10731
0.102659
0.0973284
0.102478
0.112106
0.100062
0.105043
0.107408
0.0931228
0.105374
0.102584
0.0999025
0.104532
0.109664
0.102786
0.0997736
0.100191
0.107098
0.100529
0.106949
0.0999025
0.103201
0.109428
0.100266
0.104499
0.114661
0.0998482
0.0954546
0.102627
0.0980481
0.107419
0.100062
0.102254
0.0923331
0.0955201
0.0954546
0.0998379
0.0976559
0.0997432
0.0995291
0.10467
0.0975716
0.108744
0.0976559
0.107023
0.105214
0.09538
0.102786
0.104446
0.10483
0.102797
0.101774
0.103504
0.104435
0.106937
0.0951656
0.106937
0.100773
0.10467
0.0977953
0.10483
0.10669
0.0925744
0.0976559
0.104275
0.104819
0.109837
0.097179
0.097179
0.097562
0.097562
0.102254
0.102393
0.104349
0.105065
0.106713
0.106851
0.106765
0.104211
0.106241
0.107172
0.106926
0.0996785
0.106391
0.10436
0.102627
0.100594
0.102637
0.0981872
0.0981872
0.100221
0.0923503
0.107247
0.102414
0.10451
0.10451
0.103053
0.107172
0.0998379
0.107419
0.111609
0.0975716
0.102552
0.102083
0.0971042
0.107086
0.101635
0.109452
0.102403
0.104767
0.104905
0.102073
0.105054
0.102009
0.104808
0.0953147
0.0996684
0.102243
0.106615
0.104521
0.104734
0.104883
0.102403
0.102712
0.0998278
0.107098
0.0998178
0.102403
0.112144
0.102308
0.0978795
0.100126
0.104338
0.104681
0.101784
0.102393
0.0951562
0.111609
0.100201
0.102179
0.0998178
0.10035
0.0999872
0.0999872
0.107247
0.104424
0.0997432
0.0924997
0.0924997
0.107247
0.099614
0.100231
0.0946806
0.102861
0.102563
0.111858
0.0979444
0.104681
0.105694
0.104894
0.100296
0.109181
0.102467
0.107012
0.107952
0.111845
0.107322
0.10219
0.0979444
0.0978699
0.109106
0.109342
0.104819
0.104979
0.0978699
0.098019
0.0974031
0.097338
0.104894
0.104114
0.102552
0.105299
0.102094
0.0999974
0.109503
0.111758
0.109342
0.100052
0.0894242
0.109491
0.104979
0.102169
0.102115
0.098103
0.10467
0.107568
0.104532
0.10436
0.102861
0.107631
0.102243
0.104745
0.108894
0.107109
0.0971237
0.102009
0.102009
0.106765
0.102318
0.106701
0.111597
0.102712
0.102712
0.10301
0.109578
0.107545
0.107545
0.102403
0.102403
0.102691
0.0999872
0.109589
0.0950633
0.102115
0.107098
0.107098
0.107
0.107
0.0949324
0.097954
0.106874
0.106949
0.101945
0.104521
0.10187
0.107482
0.102179
0.100221
0.106914
0.0999126
0.113177
0.102808
0.102808
0.0885083
0.106862
0.106862
0.107506
0.107161
0.107161
0.102871
0.102563
0.102925
0.104819
0.102648
0.109801
0.109801
0.102009
0.10499
0.100688
0.109192
0.107333
0.109491
0.0998925
0.102414
0.104745
0.10038
0.109416
0.104905
0.104905
0.104584
0.104595
0.107396
0.102233
0.110849
0.102179
0.104659
0.102488
0.104264
0.109503
0.107545
0.102328
0.111696
0.10467
0.104819
0.0977953
0.104681
0.095091
0.107086
0.102393
0.102318
0.109589
0.10436
0.106241
0.111547
0.0973284
0.102339
0.0929563
0.109503
0.0952873
0.101795
0.0956128
0.100136
0.0996785
0.0972633
0.102264
0.100146
0.109751
0.102233
0.102233
0.102083
0.104595
0.104916
0.104338
0.112553
0.107545
0.0946717
0.102637
0.106851
0.109539
0.0991451
0.104968
0.102105
0.104349
0.102403
0.101859
0.102786
0.095771
0.106701
0.106701
0.107086
0.0976559
0.0955383
0.100062
0.0972442
0.0981127
0.109043
0.10731
0.105139
0.100211
0.102637
0.0955291
0.104767
0.095771
0.100146
0.0984299
0.102478
0.102083
0.104606
0.0976462
0.109106
0.104573
0.0977858
0.0999025
0.107259
0.109204
0.102403
0.0983457
0.097954
0.100285
0.107
0.101955
0.108783
0.106776
0.104767
0.107172
0.104275
0.106862
0.100136
0.0993049
0.112479
0.1099
0.102179
0.106926
0.10219
0.10038
0.100699
0.114437
0.0949231
0.100296
0.104563
0.10684
0.10762
0.102478
0.102648
0.102318
0.0999025
0.101444
0.0998278
0.111833
0.111198
0.106615
0.104659
0.104659
0.111696
0.104584
0.106207
0.106391
0.0980286
0.0997983
0.108831
0.112069
0.112069
0.101934
0.0971042
0.102403
0.101764
0.102637
0.105054
0.0931228
0.109118
0.109727
0.106765
0.0977208
0.109515
0.104883
0.104328
0.104189
0.0974223
0.102403
0.107012
0.104211
0.102946
0.097954
0.105437
0.101859
0.102563
0.10038
0.10038
0.107259
0.102009
0.0979444
0.106564
0.104136
0.0999126
0.0998482
0.104383
0.111621
0.107086
0.0998379
0.106092
0.101934
0.102009
0.0974778
0.104446
0.10038
0.101859
0.099519
0.099519
0.0999872
0.10638
0.0992947
0.0992947
0.0978893
0.107184
0.106241
0.104286
0.106391
0.0993695
0.094522
0.108744
0.10436
0.097497
0.113327
0.106638
0.109216
0.104222
0.109503
0.101817
0.10405
0.104039
0.0993595
0.10451
0.101945
0.0950724
0.106638
0.109118
0.104136
0.1042
0.0970295
0.104532
0.0998379
0.100994
0.108744
0.103493
0.103815
0.101229
0.101229
0.0990402
0.105758
0.108334
0.108259
0.112376
0.110885
0.117229
0.108812
0.104886
0.104898
0.100192
0.112477
0.105435
0.10816
0.10816
0.109851
0.107837
0.105799
0.117144
0.117144
0.102915
0.103558
0.103161
0.104297
0.112351
0.105424
0.110251
0.102946
0.10286
0.103
0.110037
0.107288
0.100438
0.105371
0.103397
0.0986458
0.102549
0.0985708
0.103151
0.103151
0.107363
0.112514
0.112852
0.114451
0.114464
0.103418
0.103418
0.105413
0.101049
0.105187
0.101434
0.0981104
0.110326
0.0980255
0.107612
0.105833
0.103472
0.103322
0.103386
0.103386
0.105885
0.105198
0.114363
0.115153
0.105649
0.103086
0.103086
0.110425
0.103397
0.108149
0.1098
0.116666
0.116666
0.115042
0.109875
0.114791
0.1102
0.112351
0.107363
0.105349
0.105165
0.104253
0.105574
0.110788
0.107664
0.103397
0.107612
0.109752
0.109039
0.117229
0.114115
0.127089
0.122064
0.120172
0.111033
0.122601
0.122575
0.129067
0.122332
0.123991
0.123991
0.131408
0.125721
0.131287
0.122319
0.121987
0.124735
0.129374
0.124375
0.122409
0.124902
0.128822
0.124785
0.122102
0.121846
0.122486
0.120083
0.126559
0.127138
0.131499
0.12223
0.126908
0.124478
0.126908
0.124171
0.131287
0.133258
0.124248
0.124248
0.126831
0.119254
0.124478
0.131196
0.128346
0.126922
0.131148
0.148125
0.1413
0.140265
0.143893
0.122533
0.112727
0.10762
0.0959454
0.110106
0.107458
0.10329
0.117441
0.107458
0.107329
0.117114
0.112378
0.116876
0.122116
0.110268
0.109955
0.110042
0.110042
0.114766
0.117278
0.116561
0.109891
0.110117
0.115028
0.112442
0.110268
0.112117
0.114615
0.110407
0.110279
0.114326
0.107157
0.112065
0.105381
0.110042
0.103345
0.105219
0.103195
0.110204
0.112204
0.10706
0.107157
0.109567
0.1031
0.122684
0.114175
0.114648
0.116654
0.122615
0.123
0.114909
0.11548
0.120614
0.128621
0.121759
0.138398
0.122132
0.122132
0.116099
0.150863
0.170026
0.16024
0.159754
0.157233
0.169269
0.172153
0.168884
0.165038
0.139366
0.129943
0.129387
0.144028
0.148902
0.148489
0.149296
0.141332
0.148471
0.146205
0.160866
0.160222
0.161401
0.141968
0.148508
0.143412
0.143412
0.148169
0.14431
0.13955
0.143749
0.146822
0.139366
0.139441
0.139141
0.1368
0.155119
0.143917
0.143448
0.143448
0.139684
0.140938
0.132584
0.13925
0.139418
0.146728
0.134218
0.139274
0.127678
0.129763
0.136525
0.13955
0.13132
0.141014
0.139458
0.134067
0.139517
0.136633
0.137133
0.137133
0.138916
0.133567
0.141633
0.134642
0.136375
0.134642
0.1366
0.143731
0.143373
0.131364
0.134851
0.137417
0.127183
0.134717
0.124633
0.136758
0.138823
0.127288
0.141893
0.129793
0.136283
0.136483
0.131229
0.134609
0.127288
0.127259
0.127259
0.136875
0.129312
0.136817
0.127288
0.133583
0.129297
0.129462
0.134717
0.126987
0.126973
0.120419
0.129447
0.129734
0.127499
0.127048
0.127393
0.129056
0.127828
0.122116
0.122116
0.129868
0.131787
0.132632
0.133992
0.14669
0.14669
0.162835
0.167848
0.167623
0.174462
0.177257
0.183646
0.186095
0.186144
0.192933
0.190819
0.199692
0.203828
0.213725
0.229553
0.23899
0.245436
0.254418
0.25465
0.261699
0.26805
0.284827
0.307324
0.309575
0.343934
0.362477
0.366481
0.378406
0.387929
0.39814
0.419221
0.418851
0.42878
0.432061
0.434886
0.443702
0.447164
0.46627
0.471225
0.48206
0.499318
0.506565
0.517649
0.519922
0.5161
0.522786
0.529537
0.542298
0.535102
0.546365
0.53829
0.549261
0.543549
0.536788
0.550677
0.557297
0.551599
0.549657
0.554069
0.560913
0.556423
0.561583
0.559229
0.559151
0.563999
0.56661
0.563642
0.561624
0.568785
0.561881
0.551914
0.563978
0.559131
0.568369
0.568369
0.561997
0.567996
0.568727
0.550479
0.54472
0.559131
0.563742
0.575279
0.566274
0.568985
0.564649
0.57609
0.567874
0.561288
0.565858
0.568491
0.568491
0.57045
0.558264
0.570967
0.564214
0.566474
0.578025
0.576113
0.576113
0.573241
0.570507
0.575335
0.575515
0.571046
0.570945
0.568233
0.575436
0.566589
0.572903
0.580053
0.578151
0.578151
0.577733
0.580108
0.585068
0.573422
0.582745
0.567759
0.580448
0.589246
0.587395
0.582199
0.589746
0.587578
0.596059
0.580866
0.596718
0.599809
0.6015
0.591648
0.579508
0.584416
0.604883
0.58528
0.592753
0.594446
0.606228
0.610639
0.603743
0.6062
0.624611
0.61839
0.615257
0.617616
0.617616
0.617775
0.623261
0.620739
0.610689
0.627371
0.629956
0.629956
0.627022
0.619695
0.633664
0.626878
0.623311
0.633856
0.616059
0.60572
0.619067
0.626767
0.640926
0.640141
0.640141
0.641119
0.643802
0.63079
0.640573
0.640187
0.636979
0.634729
0.634729
0.621553
0.6153
0.625226
0.63672
0.632592
0.639641
0.632129
0.637264
0.62784
0.629722
0.632624
0.636959
0.625385
0.631026
0.619619
0.607272
0.611485
0.611485
0.613347
0.611139
0.608072
0.60506
0.59832
0.605967
0.615778
0.603089
0.610792
0.606205
0.610206
0.610365
0.605621
0.603621
0.601301
0.591656
0.57878
0.589205
0.593977
0.590546
0.589022
0.593763
0.593499
0.588942
0.583757
0.579928
0.582173
0.577252
0.567719
0.576412
0.571003
0.567519
0.568712
0.561049
0.56433
0.573034
0.575346
0.570468
0.573755
0.568316
0.572976
0.580507
0.553159
0.574963
0.563775
0.565688
0.560296
0.567998
0.575686
0.563399
0.55724
0.563676
0.563676
0.559866
0.56091
0.556984
0.554615
0.559115
0.554377
0.554377
0.545332
0.57338
0.566504
0.556923
0.562
0.565828
0.558601
0.561802
0.56192
0.568933
0.571247
0.563537
0.559154
0.56551
0.5726
0.565749
0.573878
0.568219
0.568219
0.567621
0.565769
0.57234
0.562554
0.5806
0.580156
0.561901
0.569314
0.566862
0.561901
0.563857
0.563498
0.563498
0.560775
0.557297
0.562891
0.562891
0.554926
0.563836
0.571911
0.565227
0.563505
0.555517
0.564194
0.56886
0.558303
0.560261
0.55589
0.553164
0.560538
0.562396
0.568601
0.566984
0.555103
0.565385
0.562575
0.558028
0.570349
0.564748
0.57372
0.566625
0.564748
0.558224
0.558224
0.547577
0.558185
0.55781
0.559272
0.551381
0.557652
0.564869
0.564611
0.552908
0.570112
0.566725
0.561327
0.558462
0.562238
0.563816
0.549437
0.564373
0.559529
0.556606
0.546461
0.546461
0.557613
0.557395
0.549948
0.543171
0.559253
0.548403
0.548657
0.550361
0.554609
0.545603
0.553048
0.540452
0.552987
0.547718
0.543582
0.547894
0.556344
0.546601
0.536882
0.543819
0.543312
0.550598
0.550361
0.548561
0.537831
0.54088
0.537246
0.538178
0.540057
0.536126
0.543487
0.53581
0.53581
0.530742
0.530742
0.531468
0.530979
0.544365
0.535305
0.537593
0.529591
0.53262
0.517274
0.524035
0.515715
0.519708
0.511787
0.509344
0.510657
0.506407
0.509017
0.50691
0.50691
0.506989
0.51325
0.507058
0.502733
0.504545
0.502663
0.50414
0.511213
0.513567
0.507058
0.503639
0.504615
0.504615
0.502164
0.492956
0.499484
0.487763
0.480667
0.488479
0.4884
0.492001
0.490277
0.484315
0.49653
0.48327
0.48442
0.483522
0.471064
0.481553
0.477147
0.473588
0.469904
0.478801
0.475784
0.473749
0.471788
0.48107
0.485474
0.467621
0.483758
0.478958
0.469902
0.474701
0.469109
0.472507
0.471391
0.467303
0.466984
0.462262
0.471306
0.469503
0.469503
0.465176
0.460061
0.458645
0.457385
0.462819
0.459903
0.459903
0.463607
0.456048
0.458094
0.455419
0.458408
0.458408
0.457858
0.457542
0.448887
0.446214
0.458726
0.453844
0.456756
0.454393
0.460536
0.455655
0.451482
0.448258
0.456362
0.456362
0.453137
0.458331
0.458567
0.45534
0.453294
0.453687
0.448416
0.447071
0.460377
0.456598
0.45109
0.463212
0.453608
0.460299
0.451404
0.455733
0.447149
0.446134
0.456048
0.446837
0.451795
0.459824
0.456049
0.461482
0.450933
0.450462
0.453137
0.459197
0.463293
0.455891
0.46022
0.462658
0.460141
0.462662
0.472192
0.469986
0.469671
0.472582
0.472582
0.46258
0.456677
0.458488
0.458725
0.46605
0.460455
0.458488
0.462344
0.465182
0.467699
0.460061
0.452823
0.452823
0.464236
0.460693
0.460535
0.462582
0.467621
0.467859
0.467859
0.471867
0.475027
0.462818
0.464702
0.470143
0.475716
0.471713
0.470539
0.469663
0.47211
0.464942
0.463054
0.472503
0.479273
0.465019
0.46502
0.483769
0.492561
0.479195
0.479037
0.483995
0.490935
0.484315
0.484315
0.469505
0.469505
0.488807
0.479436
0.483275
0.47487
0.474465
0.474465
0.484147
0.485479
0.497611
0.492647
0.501935
0.494845
0.494845
0.486201
0.490849
0.492245
0.493371
0.499895
0.493219
0.493219
0.496805
0.497524
0.490205
0.499247
0.482707
0.494924
0.5029
0.497114
0.503964
0.496718
0.496221
0.501681
0.500951
0.49394
0.50371
0.501118
0.500047
0.501839
0.503877
0.502478
0.51324
0.496149
0.507852
0.50061
0.50061
0.495804
0.503718
0.501914
0.501914
0.505332
0.505403
0.50069
0.507198
0.505165
0.505817
0.506871
0.500698
0.502884
0.503297
0.507772
0.509559
0.512416
0.505641
0.507525
0.51437
0.497846
0.504751
0.505252
0.507357
0.516053
0.516053
0.511999
0.519491
0.513524
0.520773
0.511662
0.511989
0.519151
0.526076
0.523703
0.523703
0.532485
0.528426
0.524821
0.527763
0.538034
0.537354
0.53786
0.543689
0.537007
0.543704
0.53862
0.548236
0.546306
0.55818
0.54653
0.549067
0.562665
0.571719
0.553792
0.563146
0.567533
0.578192
0.584219
0.584744
0.576646
0.586847
0.586481
0.591417
0.607582
0.61336
0.614762
0.622295
0.620328
0.618526
0.632473
0.62937
0.632202
0.640291
0.634892
0.632954
0.643417
0.655363
0.655363
0.660584
0.662726
0.680156
0.68757
0.684349
0.689869
0.689869
0.69483
0.709024
0.708067
0.720877
0.716313
0.725886
0.742563
0.760406
0.755276
0.738476
0.745313
0.729234
0.729234
0.758972
0.762454
0.753467
0.753284
0.766316
0.775743
0.775743
0.783013
0.783269
0.795161
0.784676
0.780249
0.796658
0.784238
0.786522
0.797933
0.808606
0.812224
0.820726
0.820726
0.812513
0.811638
0.819003
0.824434
0.811638
0.807505
0.824209
0.834451
0.831581
0.830014
0.827076
0.825654
0.825429
0.825205
0.813831
0.810679
0.816385
0.823167
0.824384
0.835373
0.841176
0.825879
0.833032
0.826259
0.825283
0.840615
0.839463
0.836238
0.830649
0.85549
0.843251
0.833746
0.840603
0.841825
0.834267
0.837141
0.830503
0.836089
0.836089
0.836095
0.826641
0.830122
0.846073
0.84146
0.835792
0.845156
0.835787
0.838662
0.853637
0.853637
0.8426
0.851596
0.852362
0.851904
0.871899
0.91974
0.910334
0.915741
0.915741
0.901468
0.93875
0.943184
0.923988
0.940258
0.940258
0.932387
0.940502
0.946737
0.940182
0.941294
0.939114
0.94791
0.924545
0.934311
0.945316
0.944845
0.935736
0.934463
0.934463
0.930689
0.934232
0.899816
0.823027
0.750943
0.720605
0.739889
0.772139
0.750276
0.730319
0.748863
0.748863
0.759149
0.74486
0.684796
0.659651
0.637633
0.620513
0.620513
0.578653
0.580233
0.5822
0.58102
0.59457
0.592961
0.584644
0.543633
0.514433
0.501906
0.49452
0.489773
0.49684
0.499524
0.495071
0.492607
0.479862
0.479786
0.458622
0.458622
0.462386
0.451419
0.45549
0.458925
0.45685
0.451117
0.429753
0.439092
0.429532
0.424863
0.432423
0.430121
0.434499
0.424706
0.41574
0.412849
0.403453
0.403453
0.396184
0.393601
0.400707
0.400394
0.39447
0.38671
0.388299
0.388299
0.383979
0.398553
0.39345
0.396539
0.402718
0.40603
0.40603
0.398704
0.39684
0.400491
0.4013
0.411065
0.400988
0.402643
0.401591
0.400772
0.403716
0.402653
0.402653
0.400707
0.418981
0.407815
0.408543
0.406322
0.410621
0.410621
0.413805
0.406839
0.413361
0.41522
0.412698
0.415944
0.418023
0.417735
0.415363
0.418543
0.41321
0.418468
0.417372
0.413278
0.420265
0.41744
0.424927
0.420923
0.425374
0.415446
0.42263
0.421894
0.421894
0.420484
0.420327
0.420327
0.427823
0.432197
0.432197
0.423597
0.417961
0.424788
0.427596
0.425229
0.421005
0.432712
0.42351
0.42596
0.425444
0.434575
0.430126
0.435689
0.424187
0.428194
0.430639
0.428269
0.427973
0.430126
0.426261
0.429975
0.430643
0.42582
0.430931
0.432942
0.432494
0.43101
0.426255
0.427893
0.426336
0.416696
0.432787
0.432787
0.439988
0.424031
0.427893
0.430931
0.428043
0.428043
0.435761
0.432863
0.428635
0.428936
0.42611
0.423158
0.423158
0.430342
0.428485
0.434797
0.437764
0.437465
0.432415
0.433611
0.435686
0.428189
0.43316
0.432197
0.43316
0.426626
0.428546
0.431156
0.431302
0.426551
0.428711
0.43331
0.431519
0.428335
0.425137
0.430931
0.428701
0.428701
0.42632
0.426551
0.42618
0.426396
0.432712
0.433821
0.427893
0.427893
0.428851
0.430187
0.429673
0.430559
0.433897
0.43101
0.428184
0.430705
0.433972
0.428631
0.432037
0.425804
0.433009
0.429372
0.431152
0.431152
0.433979
0.433975
0.433457
0.439174
0.431081
0.426836
0.435679
0.425734
0.428405
0.426325
0.42477
0.431528
0.433818
0.429963
0.428405
0.422089
0.429138
0.431452
0.430187
0.431002
0.435829
0.42128
0.434561
0.431298
0.431519
0.429218
0.429072
0.427651
0.431962
0.429879
0.434493
0.434639
0.433453
0.429297
0.422452
0.431823
0.429147
0.434568
0.427211
0.436502
0.438582
0.434343
0.429738
0.434568
0.433378
0.432261
0.43598
0.431969
0.426325
0.42402
0.414684
0.424106
0.431006
0.429077
0.429077
0.422901
0.429222
0.435381
0.427211
0.431594
0.426245
0.430104
0.419282
0.434193
0.429443
0.429443
0.432037
0.429147
0.427506
0.427356
0.431444
0.434861
0.432037
0.424904
0.428997
0.424909
0.431965
0.429592
0.436421
0.427871
0.434343
0.424904
0.439247
0.433897
0.433897
0.433897
0.429001
0.431812
0.427216
0.417419
0.430478
0.427511
0.424834
0.427511
0.435082
0.422677
0.435898
0.427286
0.431669
0.431669
0.432927
0.432037
0.422971
0.424465
0.420225
0.424979
0.423184
0.424465
0.420006
0.422383
0.430025
0.422522
0.422522
0.422388
0.425418
0.427431
0.424754
0.427211
0.42469
0.42958
0.430104
0.429363
0.427427
0.427286
0.422607
0.422607
0.431523
0.427722
0.425717
0.432407
0.434708
0.434708
0.427506
0.425119
0.422682
0.430021
0.43025
0.432115
0.432628
0.429884
0.430033
0.427352
0.434487
0.430175
0.42446
0.434643
0.428931
0.432557
0.432778
0.435157
0.423339
0.424979
0.427281
0.429958
0.425268
0.422377
0.432625
0.425423
0.425567
0.425567
0.435381
0.432554
0.420593
0.420593
0.425708
0.426147
0.418067
0.422458
0.425787
0.425787
0.437977
0.428091
0.424535
0.430246
0.421248
0.425857
0.424909
0.422308
0.428166
0.417842
0.426907
0.425273
0.424684
0.424684
0.423045
0.430541
0.428315
0.424139
0.427436
0.432856
0.428385
0.427506
0.430989
0.421248
0.428161
0.425268
0.423702
0.420812
0.425782
0.425273
0.419392
0.416132
0.428315
0.427651
0.423776
0.42103
0.424984
0.430911
0.423334
0.423334
0.425712
0.41656
0.427441
0.423189
0.428095
0.420875
0.421168
0.428012
0.420513
0.420225
0.42392
0.420662
0.420288
0.419926
0.418646
0.425857
0.43025
0.42392
0.423846
0.42637
0.416417
0.425194
0.423334
0.420961
0.422811
0.422811
0.421611
0.428091
0.423637
0.425194
0.418876
0.425124
0.425124
0.420812
0.425852
0.425852
0.427871
0.423771
0.436871
0.418353
0.418353
0.419013
0.416573
0.423995
0.423995
0.414039
0.423553
0.42111
0.421616
0.413748
0.417556
0.424219
0.418721
0.418727
0.41887
0.414032
0.415758
0.415758
0.413971
0.410937
0.414568
0.416349
0.42846
0.418646
0.418646
0.413971
0.413463
0.418721
0.423115
0.415758
0.42802
0.42169
0.421392
0.420144
0.422741
0.413965
0.425498
0.425498
0.423259
0.420513
0.413388
0.419157
0.418801
0.418652
0.420432
0.414318
0.414318
0.421168
0.419174
0.417001
0.423702
0.423702
0.417287
0.423189
0.416492
0.418216
0.415833
0.413014
0.408703
0.42289
0.421978
0.411012
0.416343
0.42311
0.423478
0.41605
0.413605
0.414405
0.421392
0.425637
0.411363
0.411363
0.420875
0.420006
0.418945
0.4162
0.411587
0.411587
0.416336
0.419013
0.417001
0.41656
0.42095
0.414622
0.414622
0.413965
0.421472
0.417069
0.404894
0.413381
0.423916
0.423771
0.416573
0.41887
0.420518
0.418572
0.416566
0.416566
0.42103
0.41513
0.419019
0.415989
0.409076
0.411952
0.416784
0.416641
0.414331
0.421616
0.412459
0.412392
0.411885
0.421248
0.418801
0.411594
0.413822
0.421536
0.421536
0.415833
0.417287
0.42392
0.409508
0.411303
0.408486
0.408486
0.411803
0.412027
0.42169
0.421403
0.422821
0.413538
0.423334
0.413883
0.418795
0.416492
0.414703
0.417292
0.417292
0.422126
0.409865
0.418503
0.420593
0.42103
0.418067
0.418067
0.413965
0.414405
0.424288
0.421392
0.41715
0.416709
0.418285
0.417218
0.412318
0.414839
0.41275
0.409441
0.419317
0.417373
0.414405
0.414405
0.417367
0.420182
0.421552
0.421036
0.414405
0.414839
0.421392
0.419013
0.41448
0.41989
0.41989
0.418864
0.417287
0.41656
0.411952
0.409217
0.416933
0.413748
0.41751
0.417578
0.419454
0.415982
0.412318
0.411803
0.41989
0.407056
0.414263
0.419523
0.416858
0.420801
0.407702
0.419019
0.416417
0.414331
0.414331
0.422126
0.411878
0.424581
0.424432
0.417287
0.421611
0.421611
0.416784
0.414987
0.416709
0.416132
0.412034
0.412034
0.412034
0.412258
0.416715
0.416864
0.417373
0.417373
0.414859
0.414859
0.41448
0.410244
0.409739
0.415285
0.415285
0.414994
0.411587
0.411729
0.412311
0.421621
0.412838
0.41046
0.411811
0.410735
0.415353
0.419317
0.414764
0.419964
0.419964
0.415563
0.412176
0.419523
0.411952
0.419237
0.419237
0.414764
0.414256
0.417075
0.417069
0.408347
0.411594
0.410088
0.407495
0.414913
0.420044
0.424358
0.419237
0.412243
0.412243
0.417875
0.410445
0.413128
0.41715
0.421536
0.419603
0.417367
0.412453
0.415489
0.41759
0.416858
0.416274
0.420182
0.41692
0.419959
0.411661
0.421174
0.411885
0.411885
0.416349
0.417732
0.412027
0.410006
0.419157
0.419454
0.419454
0.414839
0.422191
0.409723
0.412304
0.414839
0.414839
0.416417
0.415204
0.417584
0.422126
0.410319
0.417658
0.407991
0.411878
0.412527
0.419827
0.411871
0.402945
0.401152
0.415501
0.416492
0.420113
0.412243
0.409731
0.414913
0.418658
0.420399
0.412743
0.422132
0.418018
0.414981
0.407263
0.407263
0.41275
0.42169
0.415136
0.421685
0.405893
0.41715
0.419741
0.410155
0.407495
0.414405
0.41715
0.412466
0.412601
0.410728
0.412541
0.415198
0.407271
0.415198
0.414839
0.41751
0.413466
0.419231
0.419587
0.406609
0.410452
0.410795
0.411885
0.411885
0.416777
0.407925
0.414839
0.420187
0.411024
0.41095
0.417522
0.409798
0.410237
0.41275
0.415272
0.41824
0.414696
0.412824
0.410162
0.412527
0.420336
0.414764
0.418012
0.415637
0.413189
0.407635
0.414839
0.421627
0.415123
0.41759
0.410378
0.410809
0.406264
0.410735
0.412459
0.411233
0.414913
0.407925
0.412243
0.414256
0.414256
0.412541
0.415427
0.415278
0.41852
0.410371
0.414913
0.412973
0.417237
0.402954
0.414771
0.410088
0.410088
0.410445
0.417088
0.41304
0.41304
0.403457
0.415711
0.412541
0.41997
0.415792
0.408644
0.417367
0.409932
0.415204
0.414764
0.408355
0.417224
0.416628
0.414832
0.413047
0.414547
0.414913
0.409716
0.410809
0.420404
0.411381
0.410296
0.410749
0.407925
0.412392
0.417732
0.410452
0.405249
0.413115
0.409649
0.419884
0.410445
0.410073
0.407397
0.410222
0.415569
0.416858
0.405472
0.414845
0.412332
0.415068
0.415068
0.413769
0.406042
0.410378
0.411024
0.405398
0.407064
0.418309
0.411871
0.41066
0.41542
0.408785
0.414987
0.407776
0.411388
0.408214
0.413189
0.408429
0.410742
0.410809
0.410809
0.415204
0.410452
0.407933
0.415934
0.407991
0.424293
0.410438
0.410809
0.414913
0.409007
0.410014
0.41565
0.408941
0.408941
0.41066
0.410728
0.41513
0.415055
0.410371
0.413189
0.405257
0.412912
0.410014
0.418166
0.417881
0.410021
0.40619
0.414771
0.405703
0.411031
0.411039
0.411039
0.417522
0.407917
0.41304
0.409433
0.405695
0.415278
0.410728
0.419895
0.410371
0.41252
0.417801
0.410296
0.398635
0.41225
0.410883
0.40771
0.408132
0.41333
0.408207
0.406759
0.407917
0.406479
0.410229
0.415495
0.405827
0.410721
0.406206
0.413115
0.412534
0.410526
0.403596
0.415637
0.410378
0.412392
0.41275
0.417875
0.407843
0.405761
0.405761
0.405612
0.408207
0.415489
0.413836
0.4051
0.402805
0.402805
0.408422
0.40344
0.408496
0.408718
0.407487
0.409574
0.408058
0.412676
0.41333
0.410148
0.413034
0.405612
0.413769
0.41275
0.412824
0.405538
0.413102
0.415117
0.412392
0.41095
0.403522
0.403959
0.405761
0.415346
0.413115
0.405761
0.412453
0.405034
0.41066
0.407843
0.411522
0.410943
0.410943
0.39883
0.40302
0.405612
0.410957
0.406256
0.405918
0.410586
0.413189
0.406627
0.410155
0.410668
0.401143
0.413984
0.406487
0.405109
0.407503
0.412831
0.404255
0.403177
0.408503
0.413324
0.40605
0.40771
0.403679
0.408933
0.408933
0.413398
0.403539
0.410311
0.415136
0.42033
0.405043
0.405043
0.41095
0.408792
0.405332
0.408355
0.402508
0.413263
0.411462
0.413627
0.409081
0.404107
0.408355
0.401227
0.408726
0.408792
0.410237
0.401505
0.408718
0.413263
0.410728
0.403596
0.413843
0.41095
0.418457
0.408214
0.409
0.416366
0.416366
0.411892
0.40979
0.409947
0.399117
0.410883
0.410883
0.41095
0.408118
0.410014
0.405901
0.409148
0.413608
0.411085
0.40106
0.408578
0.415563
0.405827
0.401784
0.410229
0.41333
0.404885
0.410883
0.399117
0.409007
0.415582
0.403736
0.405827
0.410229
0.403085
0.406042
0.405901
0.406405
0.411455
0.408273
0.412899
0.398394
0.410735
0.401274
0.411173
0.410438
0.406182
0.413182
0.40791
0.415859
0.403876
0.400939
0.399478
0.413115
0.407471
0.407471
0.418891
0.411017
0.413182
0.413182
0.405117
0.408347
0.39883
0.403671
0.405753
0.406256
0.409716
0.409716
0.415272
0.405323
0.404024
0.41124
0.401357
0.408132
0.40619
0.411024
0.415637
0.419157
0.398413
0.403374
0.411024
0.408214
0.403736
0.409289
0.409289
0.407991
0.408288
0.408288
0.405555
0.411825
0.406182
0.406693
0.413485
0.403531
0.408718
0.399996
0.406561
0.410601
0.406412
0.40106
0.410371
0.415934
0.408652
0.404024
0.406974
0.396821
0.405472
0.411603
0.410371
0.413688
0.408874
0.406412
0.40006
0.405257
0.403382
0.411173
0.413189
0.403885
0.41275
0.413263
0.408503
0.4046
0.411098
0.410876
0.416218
0.406841
0.404033
0.403671
0.403671
0.399209
0.412824
0.406561
0.407784
0.408852
0.404534
0.408058
0.408058
0.398987
0.399839
0.408792
0.409303
0.410668
0.408644
0.41304
0.409
0.410675
0.404666
0.406124
0.409007
0.409007
0.398487
0.400651
0.410809
0.40381
0.410586
0.404024
0.404024
0.401366
0.401375
0.41066
0.408718
0.403736
0.406116
0.413997
0.416366
0.410742
0.405546
0.410593
0.4142
0.403967
0.401702
0.40395
0.4142
0.413411
0.413047
0.403531
0.409067
0.410162
0.399339
0.413102
0.406826
0.408785
0.409007
0.410735
0.410653
0.403736
0.401793
0.403876
0.40144
0.397532
0.399274
0.406553
0.411024
0.404189
0.408718
0.413189
0.403094
0.405671
0.405827
0.401357
0.406066
0.411529
0.406701
0.405901
0.408933
0.413546
0.408792
0.407351
0.407351
0.411906
0.413843
0.405984
0.398765
0.411758
0.40302
0.40302
0.401932
0.401932
0.4088
0.4088
0.4088
0.406264
0.406264
0.404238
0.404238
0.402359
0.402293
0.404822
0.401366
0.40642
0.40633
0.406198
0.406412
0.396747
0.396747
0.407055
0.401422
0.411098
0.411953
0.399691
0.403876
0.406907
0.404238
0.398755
0.406685
0.406685
0.406627
0.400865
0.40553
0.40358
0.41607
0.405976
0.406116
0.405687
0.401357
0.408429
0.408718
0.403168
0.410869
0.406915
0.403745
0.406619
0.406841
0.411374
0.404247
0.404247
0.409067
0.409577
0.409577
0.412453
0.406412
0.400716
0.401645
0.41095
0.406619
0.404312
0.396831
0.410883
0.409577
0.408652
0.413688
0.413337
0.403605
0.404452
0.405909
0.405909
0.406198
0.397301
0.401793
0.408214
0.408859
0.413627
0.408785
0.403753
0.403959
0.399487
0.401793
0.403876
0.415711
0.403745
0.403457
0.409155
0.404238
0.406849
0.406495
0.40144
0.40144
0.4088
0.409377
0.3997
0.3997
0.403959
0.401227
0.394665
0.413405
0.416656
0.416656
0.41095
0.401013
0.4046
0.401301
0.401727
0.401867
0.403522
0.408637
0.399635
0.408429
0.399478
0.409651
0.408644
0.399052
0.406627
0.405168
0.40395
0.406405
0.411233
0.399126
0.403671
0.399348
0.404312
0.403094
0.403374
0.403531
0.3992
0.40381
0.399978
0.398468
0.398468
0.406405
0.409222
0.402219
0.402219
0.406693
0.406693
0.406249
0.397098
0.402351
0.400865
0.410445
0.406264
0.406264
0.406471
0.399626
0.406412
0.420553
0.398913
0.401505
0.406915
0.404024
0.411024
0.411024
0.408644
0.408644
0.408644
0.405827
0.408503
0.408503
0.40344
0.408652
0.396738
0.396228
0.40633
0.405745
0.401719
0.40395
0.405753
0.406907
0.408718
0.405538
0.404016
0.40195
0.40488
0.401514
0.401357
0.405761
0.399691
0.405604
0.404099
0.405249
0.403868
0.397366
0.410721
0.408273
0.401227
0.393924
0.40316
0.40834
0.401702
0.404024
0.409577
0.403217
0.401126
0.393924
0.399126
0.404016
0.408132
0.406116
0.400986
0.400986
0.413466
0.409644
0.401636
0.401422
0.398913
0.403802
0.406256
0.404238
0.396821
0.398969
0.405679
0.405968
0.406471
0.403942
0.413256
0.399256
0.407107
0.405323
0.401628
0.398394
0.401571
0.406397
0.401636
0.399682
0.403003
0.399395
0.403308
0.408066
0.406249
0.399608
0.408993
0.406256
0.407329
0.408414
0.407122
0.406182
0.401348
0.404304
0.399395
0.40633
0.40302
0.394487
0.406907
0.397385
0.396738
0.404238
0.404386
0.401431
0.408488
0.396747
0.412181
0.40395
0.396886
0.399709
0.394305
0.403317
0.3997
0.408778
0.401858
0.407055
0.404511
0.402805
0.401431
0.412811
0.403671
0.394665
0.397514
0.406767
0.406182
0.40208
0.398468
0.401209
0.401209
0.401793
0.403382
0.397375
0.401636
0.405901
0.401645
0.401645
0.399052
0.399108
0.413978
0.401292
0.403662
0.405827
0.406256
0.406256
0.406479
0.403728
0.400921
0.397108
0.396812
0.406759
0.403308
0.408718
0.39494
0.401069
0.401069
0.401645
0.401422
0.406042
0.401571
0.401505
0.396332
0.396332
0.406116
0.409215
0.406833
0.4113
0.404518
0.397024
0.404173
0.411892
0.406693
0.396738
0.404452
0.400191
0.400191
0.399543
0.409007
0.402071
0.404024
0.401636
0.394783
0.394783
0.401597
0.404099
0.405035
0.395374
0.396174
0.408652
0.408652
0.400986
0.398913
0.404238
0.404732
0.399265
0.399265
0.399191
0.397301
0.399404
0.401209
0.404033
0.394655
0.404321
0.403308
0.400117
0.404238
0.404024
0.413479
0.394792
0.401431
0.394803
0.399922
0.400199
0.409148
0.398104
0.398104
0.404238
0.398987
0.401636
0.401867
0.401719
0.40144
0.40446
0.400199
0.402145
0.406767
0.398969
0.397163
0.397163
0.401366
0.40171
0.396738
0.40605
0.399978
0.406693
0.406693
0.409
0.409
0.407196
0.401858
0.396599
0.399052
0.399191
0.402638
0.397246
0.407129
0.399839
0.404107
0.406833
0.406833
0.397671
0.404082
0.408845
0.404526
0.397191
0.397191
0.399339
0.409067
0.408281
0.392413
0.399561
0.406907
0.400847
0.401727
0.40395
0.406116
0.399413
0.399413
0.404296
0.3992
0.40437
0.401218
0.409141
0.399478
0.404247
0.406553
0.402145
0.399626
0.409296
0.397108
0.402154
0.393934
0.402646
0.401645
0.400052
0.402498
0.399617
0.401422
0.396812
0.404896
0.399413
0.409511
0.40208
0.396525
0.396525
0.403374
0.40272
0.401357
0.401357
0.394517
0.404386
0.401801
0.406338
0.406471
0.394699
0.396248
0.402006
0.395428
0.399348
0.399987
0.396831
0.396747
0.402015
0.405909
0.398987
0.406553
0.398487
0.407343
0.394432
0.397227
0.399765
0.399765
0.404666
0.401562
0.405901
0.400264
0.404099
0.399561
0.398904
0.394866
0.394231
0.402145
0.398839
0.396886
0.396886
0.396006
0.397375
0.397024
0.404592
0.399348
0.400256
0.397246
0.397818
0.3953
0.401357
0.401571
0.399395
0.401941
0.401941
0.403588
0.402006
0.403736
0.392212
0.399422
0.40195
0.397735
0.394581
0.401645
0.39647
0.400412
0.40171
0.402285
0.411812
0.399265
0.409377
0.404321
0.402728
0.395502
0.400707
0.404395
0.399774
0.402654
0.402228
0.402228
0.396831
0.402006
0.397828
0.396812
0.401867
0.399487
0.399487
0.396886
0.396969
0.404962
0.401867
0.402367
0.402367
0.399617
0.406849
0.3992
0.39033
0.39696
0.40114
0.406915
0.396821
0.401636
0.396886
0.399256
0.395024
0.397246
0.397246
0.404386
0.399469
0.397542
0.399552
0.392625
0.394349
0.400486
0.397616
0.399682
0.394931
0.401932
0.394517
0.394294
0.397532
0.399061
0.397163
0.407771
0.406116
0.394719
0.401941
0.397542
0.40272
0.40446
0.404008
0.401924
0.399339
0.398487
0.399561
0.398021
0.399395
0.399395
0.40185
0.401941
0.400273
0.402515
0.402515
0.40208
0.39695
0.397246
0.397385
0.396905
0.409437
0.40497
0.402219
0.401719
0.401719
0.403736
0.399265
0.404024
0.40272
0.40272
0.394792
0.397404
0.407063
0.394709
0.397163
0.402071
0.402071
0.409437
0.397625
0.397892
0.394876
0.401867
0.402859
0.397385
0.402663
0.397015
0.394866
0.3997
0.398178
0.398178
0.392846
0.402071
0.397458
0.397246
0.401645
0.407122
0.407122
0.3929
0.402071
0.400624
0.396599
0.397172
0.399404
0.399839
0.401523
0.395364
0.397745
0.397809
0.403736
0.395723
0.399635
0.407137
0.3997
0.400403
0.402006
0.397043
0.39696
0.394857
0.399691
0.401431
0.407114
0.402006
0.402006
0.394931
0.399626
0.397163
0.402498
0.401069
0.401069
0.406323
0.402006
0.40474
0.401998
0.399182
0.400681
0.395004
0.396728
0.401496
0.396006
0.40943
0.396589
0.396589
0.397163
0.397237
0.399321
0.404164
0.401357
0.401645
0.401645
0.400052
0.399265
0.404806
0.3992
0.394847
0.404156
0.406966
0.39883
0.39883
0.401702
0.401143
0.401143
0.390456
0.405028
0.402285
0.39494
0.408704
0.404748
0.404748
0.394655
0.394792
0.401283
0.396386
0.397385
0.393057
0.393057
0.399691
0.396248
0.392487
0.392138
0.401784
0.4069
0.394857
0.397227
0.407262
0.407262
0.407048
0.405661
0.405374
0.411085
0.404952
0.393339
0.365308
0.365308
0.33409
0.307561
0.307561
0.295092
0.312055
0.342717
0.303985
0.303985
0.281909
0.281909
0.277204
0.17279
0.129641
0.10147
0.0997606
0.125577
0.121121
0.114089
0.108093
0.118781
0.109957
0.121508
0.111163
0.116304
0.11435
0.11175
0.111739
0.110289
0.11481
0.11481
0.111762
0.111762
0.10656
0.111699
0.113403
0.112021
0.11694
0.10498
0.107468
0.107628
0.107308
0.104915
0.109123
0.107169
0.109669
0.109841
0.112159
0.0997698
0.105085
0.10483
0.116553
0.116553
0.107105
0.115145
0.108974
0.112096
0.107351
0.106934
0.109273
0.111388
0.102725
0.105214
0.105214
0.11175
0.107799
0.107799
0.112084
0.114499
0.10499
0.102323
0.102323
0.105692
0.105608
0.109434
0.107575
0.107575
0.104756
0.10482
0.10718
0.114263
0.107255
0.107255
0.107255
0.10733
0.109681
0.096016
0.109572
0.109572
0.109681
0.107426
0.10533
0.102875
0.105139
0.102631
0.102437
0.102417
0.101021
0.106859
0.106859
0.0984208
0.110002
0.110002
0.112394
0.104766
0.102745
0.105096
0.105096
0.114511
0.103521
0.107564
0.105235
0.10734
0.106945
0.109359
0.109658
0.102979
0.102979
0.10749
0.10749
0.105523
0.105384
0.102735
0.107799
0.103118
0.112021
0.10952
0.107415
0.102566
0.104531
0.104841
0.104841
0.102969
0.102417
0.102427
0.100713
0.102596
0.102596
0.111895
0.11405
0.102735
0.107095
0.0998446
0.104776
0.104776
0.112009
0.109209
0.115083
0.104926
0.104905
0.105757
0.114499
0.10281
0.104915
0.104915
0.109445
0.10733
0.10498
0.104606
0.104915
0.109187
0.109187
0.102979
0.105713
0.101021
0.105309
0.106624
0.11186
0.11186
0.112182
0.100302
0.104542
0.109819
0.109468
0.102566
0.102427
0.103054
0.104712
0.107255
0.105245
0.101948
0.102894
0.103511
0.103511
0.100321
0.107266
0.10734
0.10983
0.107169
0.113038
0.0954851
0.100658
0.105235
0.102362
0.097758
0.097758
0.10516
0.105374
0.102651
0.104915
0.104915
0.102979
0.105458
0.100246
0.107031
0.105374
0.097806
0.105139
0.112182
0.100713
0.101318
0.10515
0.10515
0.102661
0.11217
0.102904
0.105384
0.111462
0.111462
0.105458
0.100377
0.10765
0.103332
0.103332
0.103332
0.100788
0.101095
0.102716
0.107788
0.10733
0.102885
0.102885
0.0981312
0.0933709
0.105533
0.11014
0.107959
0.0983639
0.10765
0.10765
0.100536
0.100704
0.0952697
0.0952697
0.104542
0.104542
0.102332
0.10076
0.102856
0.102427
0.100937
0.103203
0.101002
0.102716
0.1028
0.100639
0.100639
0.10733
0.107661
0.102885
0.103128
0.102586
0.100778
0.100778
0.108182
0.105448
0.102949
0.107394
0.10047
0.110032
0.107479
0.107873
0.110128
0.105289
0.103118
0.0987277
0.107937
0.107234
0.114747
0.107479
0.098355
0.098811
0.107703
0.0964884
0.0958668
0.105214
0.108033
0.102894
0.103362
0.107799
0.110128
0.10282
0.103099
0.105384
0.107873
0.107873
0.110128
0.106001
0.107852
0.107852
0.100461
0.103213
0.102979
0.100554
0.105405
0.109767
0.109767
0.10282
0.0936107
0.107735
0.105309
0.105309
0.103034
0.101318
0.100386
0.100386
0.0999287
