0.0248968
0.0287702
0.0266084
0.0315615
0.0261466
0.0294565
0.0288833
0.0267776
0.0295697
0.028657
0.0326989
0.0277465
0.0286015
0.0315051
0.0258634
0.0297955
0.0288273
0.0270037
0.0280271
0.027171
0.0248977
0.0306496
0.0317316
0.027915
0.0289397
0.0287142
0.0287147
0.0278575
0.0268902
0.0301337
0.0240965
0.0280817
0.0270028
0.0271147
0.0256973
0.0286006
0.0287147
0.0268328
0.0279154
0.0297384
0.0317881
0.028884
0.0317316
0.027972
0.0258662
0.028884
0.0279713
0.0297957
0.0260912
0.026778
0.0297392
0.0288839
0.0308203
0.0259224
0.027745
0.0269472
0.0329259
0.0270032
0.0270028
0.0267783
0.0297955
0.0266655
0.0285443
0.0283762
0.0278026
0.0297957
0.0264966
0.0288839
0.0327558
0.0309327
0.0249538
0.0286582
0.0288265
0.0287147
0.0275738
0.0278581
0.0289397
0.0297391
0.0258086
0.0319577
0.0319577
0.0268339
0.0268339
0.0259204
0.031618
0.0260308
0.0260308
0.0288265
0.0275773
0.0250097
0.0317316
0.0298506
0.0299084
0.027972
0.027915
0.0298519
0.0279717
0.0268339
0.0305375
0.0270028
0.0279713
0.0286575
0.027688
0.0287711
0.0297391
0.0258099
0.029908
0.0270595
0.0287138
0.0299084
0.0269472
0.0316745
0.0238706
0.0279707
0.0278005
0.0259779
0.0279701
0.0259783
0.0267217
0.0266088
0.0279721
0.0269465
0.0249524
0.0289969
0.0281412
0.0289401
0.0305936
0.0296256
0.0250659
0.0275762
0.0270037
0.0278581
0.0307633
0.0288833
0.031618
0.0307637
0.0278581
0.0277455
0.0287696
0.0270599
0.0260346
0.0278581
0.0268339
0.0260889
0.0289961
0.0279721
0.0284213
0.0280834
0.029682
0.0250078
0.0326429
0.0288833
0.0260912
0.0281952
0.0300216
0.028084
0.0303043
0.0248977
0.0299648
0.0286575
0.0257529
0.0279713
0.0301332
0.0270022
0.0271162
0.0250085
0.0318448
0.0279713
0.030706
0.0278586
0.0290519
0.0280281
0.0280834
0.0258092
0.0248972
0.0281389
0.0299651
0.0249516
0.0279707
0.0251778
0.0270015
0.0309892
0.0275774
0.0280281
0.0297952
0.0288265
0.0268345
0.0251783
0.0307624
0.028827
0.0282535
0.0256972
0.0280844
0.0297948
0.0316748
0.0288806
0.0268902
0.0276317
0.0277463
0.0251771
0.0276329
0.0259211
0.0280281
0.0256956
0.0307069
0.0265516
0.0297957
0.0316748
0.0268897
0.0307065
0.0297935
0.0279154
0.027915
0.0278581
0.0269459
0.0280263
0.0279154
0.0279144
0.0258661
0.0279717
0.0260904
0.0289969
0.0269465
0.0309327
0.0258642
0.0251221
0.0296826
0.0289378
0.025808
0.0256949
0.026778
0.0280826
0.0274644
0.0260335
0.0268334
0.0260909
0.028827
0.0288259
0.0285453
0.0249524
0.0290534
0.0248962
0.0280284
0.0300773
0.0279717
0.0297378
0.0279717
0.0248968
0.0320134
0.0287702
0.0307624
0.0289397
0.0260346
0.0270028
0.0278581
0.0272285
0.0226791
0.0289401
0.0270032
0.0288833
0.0280844
0.0289404
0.0287711
0.028084
0.0278592
0.0260349
0.0270006
0.0286015
0.0270584
0.0297957
0.0289956
0.0280271
0.0296824
0.0257518
0.0288829
0.0297391
0.0275209
0.0305375
0.0278567
0.0307624
0.0278023
0.028196
0.0261459
0.0269452
0.0296251
0.0249534
0.0299084
0.0242667
0.0280271
0.0304812
0.0289965
0.0300197
0.0287138
0.0297392
0.0300213
0.0320143
0.0290525
0.0301332
0.0289378
0.0297392
0.0305375
0.0271716
0.0278593
0.0262013
0.0297378
0.0318446
0.029964
0.0280807
0.0297955
0.0260341
0.0270028
0.0281397
0.0281403
0.0263716
0.0284204
0.0259766
0.0278023
0.028827
0.0295682
0.0266646
0.0287145
0.0281389
0.0287709
0.0266654
0.0307636
0.0260889
0.0288829
0.0289961
0.0279707
0.0279144
0.0290525
0.0259195
0.0299084
0.0297957
0.0269444
0.0270591
0.0289397
0.0278586
0.0262597
0.0270022
0.0294472
0.0281972
0.0274538
0.0281389
0.0308766
0.0283668
0.0322405
0.0259783
0.0291657
0.0241511
0.0309322
0.029964
0.0280271
0.0301896
0.0289385
0.0311026
0.0262029
0.0271702
0.0271164
0.0271158
0.0291657
0.0260909
0.0280284
0.029964
0.0268328
0.0269469
0.0270558
0.0250647
0.0272285
0.0250085
0.025235
0.0264279
0.0321842
0.0268906
0.0281952
0.0252885
0.0287706
0.0297384
0.028084
0.0308768
0.0290519
0.0271147
0.0307071
0.0290512
0.0269472
0.0280263
0.0299087
0.0263137
0.0240979
0.0272806
0.0309887
0.029221
0.0263716
0.0250069
0.0288822
0.0288265
0.0279701
0.0280286
0.028884
0.0291089
0.0319004
0.0271726
0.0264286
0.0262575
0.0270028
0.0270032
0.0280844
0.0297388
0.029626
0.0286563
0.028084
0.0301907
0.0261466
0.0301902
0.0270591
0.0291653
0.0281397
0.0289385
0.026316
0.0275086
0.0250654
0.0260915
0.0272285
0.0262584
0.0300204
0.0243172
0.0279701
0.028884
0.0279144
0.0287706
0.0270037
0.0300777
0.028253
0.0289949
0.0318998
0.0260335
0.0280281
0.0260912
0.0297948
0.0264262
0.0262565
0.0281412
0.0280286
0.028365
0.0290512
0.0271722
0.0283057
0.0262575
0.0281978
0.0274532
0.0271716
0.0309896
0.0252894
0.0262029
0.0242102
0.0251778
0.0264842
0.0290519
0.0302476
0.0262597
0.0262597
0.0243773
0.0271139
0.0300213
0.0273411
0.0272289
0.0262039
0.0271153
0.0301306
0.0311586
0.0283078
0.0263731
0.0271702
0.0224388
0.0291639
0.026317
0.0293337
0.0311009
0.0291653
0.0282535
0.0308766
0.0264279
0.0264842
0.0262022
0.0293319
0.0274543
0.0271702
0.0302466
0.0291089
0.0283668
0.0276784
0.028422
0.0304735
0.0302466
0.0281952
0.0243212
0.0243212
0.0270584
0.0321257
0.0260327
0.0281966
0.0281966
0.0280848
0.0273398
0.026316
0.0251783
0.0301907
0.0289965
0.0254588
0.0291093
0.0279144
0.0272817
0.0320143
0.0252333
0.0321249
0.0270601
0.0303016
0.0292765
0.0263716
0.0281966
0.0272817
0.0272817
0.0293892
0.0239836
0.0293337
0.0300773
0.0293308
0.0292228
0.0257962
0.0273398
0.0263699
0.0252314
0.0270035
0.0283093
0.0271692
0.0283099
0.0282544
0.0274514
0.0260341
0.0270584
0.0299076
0.0260335
0.0309331
0.029335
0.0280271
0.0289969
0.0301332
0.0289965
0.0271153
0.0310457
0.0319574
0.0320139
0.0266654
0.0260327
0.0262022
0.0300204
0.027915
0.027859
0.0288273
0.0305355
0.0305355
0.0305355
0.0279144
0.0318427
0.0299076
0.0270035
0.0248972
0.0261466
0.0290504
0.0262029
0.0280281
0.0259779
0.0309316
0.0280807
0.0281403
0.0279156
0.0262034
0.0279144
0.0309322
0.0272279
0.0266655
0.0288829
0.0261475
0.0290525
0.0289941
0.0260341
0.029682
0.0262034
0.0262013
0.0299084
0.0281397
0.028084
0.0271164
0.0299069
0.0279154
0.0270032
0.0251788
0.0262013
0.0280817
0.0300773
0.0288275
0.0249516
0.0260897
0.0279717
0.0231843
0.0271164
0.0272289
0.027972
0.0289956
0.0285448
0.0288275
0.0270584
0.0269444
0.0281972
0.0296815
0.0279721
0.0260349
0.0282515
0.0310451
0.0279713
0.025063
0.0287702
0.0271162
0.0270022
0.0280284
0.0291083
0.0289961
0.0270599
0.0262029
0.0271726
0.027746
0.0260897
0.0271162
0.0290534
0.0299053
0.0269996
0.0270584
0.0280817
0.0273405
0.028084
0.0239847
0.0261471
0.0298521
0.0308188
0.0280281
0.0288265
0.0288839
0.0251209
0.0301345
0.0262597
0.0271682
0.0253464
0.0259783
0.0240958
0.0270037
0.0270599
0.0271162
0.0272272
0.0231268
0.0280271
0.0268897
0.026317
0.0287689
0.0260909
0.0300782
0.0271108
0.0251209
0.0288833
0.0260909
0.0271728
0.0288275
0.0279717
0.027915
0.027915
0.0281943
0.0269465
0.0260889
0.0278581
0.0279157
0.0270022
0.027915
0.0251771
0.0281403
0.0273398
0.0262029
0.0260335
0.0280817
0.0262004
0.0271726
0.028084
0.0299616
0.0289392
0.0278581
0.026889
0.0279713
0.0281972
0.0292774
0.0292774
0.0252314
0.0283619
0.027171
0.0268343
0.0251762
0.0249524
0.0298516
0.0268902
0.0268902
0.0276324
0.0268343
0.0248406
0.0316748
0.0258662
0.0261459
0.0279721
0.0289956
0.0269465
0.0267783
0.0289956
0.0289956
0.027171
0.026778
0.0231281
0.0260349
0.0281972
0.0280844
0.0280234
0.0280276
0.0278567
0.0240975
0.0290519
0.026087
0.0271692
0.0301337
0.0271158
0.0260904
0.0273398
0.0270558
0.0259225
0.0271164
0.0280284
0.0279138
0.026891
0.0250654
0.0250654
0.0282535
0.0303605
0.0292225
0.0273389
0.0273389
0.0270591
0.0260341
0.0263146
0.0267771
0.0290519
0.028084
0.028084
0.0231851
0.0231851
0.0288829
0.0270022
0.0273405
0.0281952
0.0251191
0.0287145
0.0276317
0.0309327
0.0287689
0.0287706
0.0287706
0.0258649
0.0308198
0.0251762
0.0289392
0.0240409
0.0291646
0.0320128
0.0270595
0.0291639
0.0243194
0.0262554
0.0280834
0.0281976
0.0282535
0.0281397
0.0280844
0.0240904
0.0377369
0.0643809
0.0591087
0.05805
0.0584928
0.0549792
0.0509638
0.0428365
0.0231302
0.0231302
-0.0238052
-0.0595664
-0.0841522
-0.0872062
-0.0836986
-0.0880572
-0.101922
-0.109835
-0.126742
-0.142203
-0.133264
-0.133264
-0.124792
-0.111939
-0.114337
-0.131831
-0.151648
-0.177432
-0.202899
-0.215932
-0.204728
-0.177534
-0.161762
-0.139093
-0.12057
-0.104978
-0.0945552
-0.0805635
-0.057684
-0.0313297
0.00704077
0.012095
0.030153
0.0467976
0.0665222
0.0684729
0.0710409
0.048118
0.0325646
-0.0027072
-0.0105796
-0.00698069
-0.00875328
0.000160045
0.00616641
0.00888498
0.0081559
0.00566357
0.00357952
0.00160883
0.00533908
0.00444794
0.00625954
0.00562098
0.00545517
0.000647383
-0.00223682
-0.00324194
-0.0105148
-0.0126582
-0.00596347
-0.00605516
-0.00130225
-0.000990385
0.000730067
-7.12377e-05
0.00274215
-0.0014282
-0.0014282
0.00459533
0.00435567
0.00539149
0.00541113
0.00635463
0.00753253
0.010368
0.0148951
0.0179392
0.0169938
0.0200379
0.0151014
0.0102359
0.0102527
0.00941258
0.0112761
0.0132691
0.0139043
0.0141539
0.0121603
0.0113654
0.00843364
0.00755057
0.00834627
0.00747068
0.0103242
0.0103242
0.00762858
0.00829355
0.00486271
0.0103152
0.011163
0.00956365
0.0112866
0.0124076
0.00846937
0.0162563
0.0130694
0.0170093
0.016237
0.0198471
0.0188098
0.0227576
0.0227438
0.0199465
0.0218368
0.0301013
0.0260958
0.0421518
0.0630151
0.0746709
0.0820202
0.0771561
0.0635717
0.0581036
0.0572302
0.0691519
0.071878
0.0680301
0.0589974
0.0590641
0.0691425
0.069428
0.0693655
0.0615157
0.0590906
0.0610252
0.0664544
0.0729894
0.0719523
0.0692605
0.0652342
0.0672518
0.0745777
0.0756966
0.0682695
0.0730832
0.0717974
0.0738051
0.0738672
0.0735314
0.0755458
0.0727376
0.0717915
0.0706206
0.0746433
0.0709589
0.0738029
0.0738029
0.0690529
0.0663615
0.0688781
0.067196
0.0693223
0.0693583
0.0693583
0.0691547
0.0819777
0.0891714
0.107319
0.132333
0.148632
0.134824
0.134824
0.121035
0.132254
0.13895
0.139997
0.138137
0.136444
0.144381
0.153169
0.145417
0.137067
0.135275
0.135149
0.143474
0.151413
0.145271
0.144162
0.138983
0.141569
0.140751
0.141742
0.137661
0.138894
0.140876
0.138958
0.133239
0.139079
0.13458
0.136163
0.137967
0.140818
0.140012
0.138958
0.140881
0.137852
0.1442
0.142805
0.144115
0.149137
0.149078
0.147074
0.149
0.159901
0.19436
0.224088
0.234664
0.239335
0.242139
0.258663
0.290789
0.315565
0.334336
0.354837
0.38116
0.411212
0.413097
0.437188
0.477768
0.50792
0.518096
0.529152
0.529152
0.573672
0.625097
0.645382
0.663491
0.678014
0.69783
0.722836
0.747104
0.77363
0.800457
0.827076
0.852496
0.880118
0.905519
0.897782
0.907556
0.94508
0.979353
1.032
1.05216
1.07888
1.09348
1.1092
1.13114
1.15527
1.17978
1.2051
1.21769
1.23876
1.23843
1.24595
1.23631
1.22603
1.23163
1.24583
1.25065
1.24557
1.24249
1.24515
1.25199
1.24839
1.24291
1.24209
1.24719
1.24543
1.24518
1.24049
1.24144
1.24194
1.24572
1.23953
1.2409
1.23739
1.24275
1.24823
1.25613
1.258
1.26564
1.27191
1.28468
1.28937
1.30056
1.30351
1.31223
1.31956
1.31814
1.30346
1.29907
1.30968
1.31142
1.30503
1.31312
1.33112
1.33153
1.32809
1.33735
1.35484
1.36795
1.37521
1.34747
1.33533
1.36517
1.379
1.35541
1.35662
1.3794
1.39433
1.3915
1.38931
1.39647
1.41359
1.41991
1.41912
1.40609
1.40582
1.42474
1.43323
1.42447
1.43439
1.45127
1.46223
1.45259
1.46357
1.4826
1.49016
1.49178
1.49531
1.49874
1.51874
1.52663
1.53461
1.54741
1.55933
1.5705
1.57998
1.59149
1.60908
1.63022
1.6449
1.66171
1.67782
1.69387
1.70718
1.72304
1.73541
1.75281
1.77468
1.79714
1.82077
1.83331
1.8357
1.84045
1.84479
1.84442
1.84591
1.85119
1.85646
1.85329
1.85493
1.85851
1.86177
1.85833
1.85935
1.86556
1.86277
1.86063
1.8634
1.87237
1.8737
1.8737
1.8655
1.87128
1.8825
1.88181
1.87738
1.88221
1.88221
1.90096
1.89941
1.89436
1.89328
1.89562
1.89928
1.89433
1.89404
1.89654
1.89735
1.89943
1.90709
1.90648
1.90444
1.90145
1.90617
1.91374
1.91584
1.90972
1.90972
1.9016
1.91112
1.91834
1.91093
1.9087
1.91234
1.92401
1.9256
1.91911
1.91744
1.91851
1.92042
1.91389
1.91318
1.91374
1.9209
1.92979
1.93014
1.9297
1.92855
1.9371
1.93491
1.93378
1.93106
1.92892
1.93325
1.93288
1.92732
1.92975
1.9298
1.92894
1.92894
1.92855
1.92788
1.93184
1.93086
1.93395
1.93251
1.93565
1.93304
1.93423
1.93576
1.94212
1.94285
1.93801
1.93474
1.93999
1.94707
1.95014
1.94768
1.94107
1.93742
1.94313
1.94509
1.94024
1.93628
1.93613
1.94233
1.94546
1.94237
1.93874
1.93998
1.94891
1.95004
1.94685
1.94255
1.9405
1.94186
1.94398
1.94736
1.94088
1.94322
1.94681
1.94901
1.95041
1.9552
1.95592
1.95441
1.95148
1.95307
1.95481
1.94964
1.94724
1.95001
1.94312
1.93739
1.93981
1.94343
1.94889
1.95063
1.95047
1.95468
1.95818
1.95515
1.95632
1.95641
1.95789
1.95301
1.94903
1.95025
1.95583
1.95455
1.95191
1.94814
1.94817
1.95502
1.96016
1.95689
1.95111
1.94875
1.95172
1.95172
1.94852
1.94259
1.9472
1.95384
1.95568
1.95648
1.95242
1.95341
1.96048
1.9643
1.96238
1.95804
1.95906
1.95746
1.95359
1.95015
1.95267
1.95195
1.95289
1.95046
1.95549
1.95441
1.9594
1.96016
1.95628
1.96391
1.97
1.96057
1.95426
1.95336
1.95885
1.96144
1.959
1.95126
1.94943
1.95471
1.95717
1.95328
1.95156
1.95591
1.96253
1.96
1.95635
1.95357
1.95844
1.96228
1.96131
1.95578
1.954
1.95523
1.96072
1.96166
1.96033
1.96114
1.96139
1.96395
1.96274
1.96025
1.96141
1.95619
1.9554
1.95382
1.95622
1.9621
1.96287
1.96026
1.9603
1.96089
1.96427
1.96386
1.95918
1.95721
1.96179
1.96461
1.95865
1.95313
1.95171
1.96345
1.97092
1.96203
1.95616
1.95661
1.96182
1.96486
1.9589
1.95252
1.95056
1.96227
1.96763
1.96656
1.95868
1.95609
1.96077
1.97047
1.97211
1.96481
1.95861
1.96153
1.96868
1.96404
1.95862
1.96161
1.96509
1.96574
1.96312
1.96191
1.96108
1.96213
1.95375
1.9503
1.95609
1.96036
1.95928
1.95317
1.96544
1.9747
1.97359
1.95901
1.95994
1.96522
1.97072
1.96588
1.96377
1.96301
1.96182
1.96483
1.96673
1.96356
1.9539
1.95189
1.96548
1.9755
1.96568
1.95469
1.95806
1.9687
1.97106
1.96033
1.95087
1.95663
1.96427
1.96826
1.95946
1.95122
1.95205
1.96657
1.97461
1.96859
1.96612
1.9689
1.97431
1.97431
1.96497
1.96296
1.96588
1.9653
1.96264
1.95897
1.96082
1.96437
1.96338
1.95893
1.95931
1.9645
1.96753
1.96195
1.95941
1.96143
1.96095
1.95946
1.95862
1.95961
1.96295
1.96689
1.96847
1.96514
1.96304
1.96795
1.97465
1.97485
1.96773
1.96143
1.96342
1.96714
1.96136
1.95601
1.95408
1.95908
1.96374
1.96394
1.96294
1.96065
1.96519
1.97322
1.97185
1.96507
1.95942
1.96414
1.96955
1.96952
1.96466
1.96591
1.96376
1.9625
1.96325
1.96433
1.96327
1.96399
1.96484
1.96432
1.96317
1.96205
1.96409
1.96617
1.96537
1.96364
1.96272
1.96348
1.9653
1.96161
1.96568
1.96438
1.96025
1.95929
1.96346
1.97474
1.9748
1.9624
1.95596
1.96029
1.96602
1.96944
1.96407
1.96323
1.96105
1.96583
1.97354
1.97247
1.96665
1.95975
1.96047
1.95735
1.96026
1.9621
1.96185
1.96113
1.96816
1.96791
1.96826
1.96876
1.97069
1.97035
1.96671
1.96875
1.96687
1.96395
1.9606
1.96186
1.96138
1.96314
1.9617
1.96119
1.96577
1.97337
1.9756
1.96801
1.95988
1.95972
1.9679
1.96939
1.96625
1.95758
1.95722
1.96414
1.97249
1.97247
1.96602
1.96655
1.97198
1.97508
1.96752
1.96154
1.96381
1.96448
1.9582
1.95506
1.95917
1.96655
1.96898
1.96523
1.96523
1.95773
1.96687
1.97168
1.97422
1.96905
1.96369
1.96159
1.96619
1.96691
1.96374
1.96307
1.96465
1.96607
1.96442
1.96788
1.96973
1.96791
1.96399
1.96241
1.9665
1.96771
1.96426
1.95596
1.95937
1.96213
1.96213
1.96448
1.96069
1.96795
1.97383
1.96585
1.95715
1.9597
1.96802
1.97663
1.9725
1.96412
1.95788
1.96296
1.97389
1.97319
1.96365
1.9581
1.96141
1.96463
1.96914
1.96417
1.95986
1.96386
1.96901
1.9686
1.96332
1.96332
1.95779
1.96118
1.96067
1.96305
1.96352
1.9657
1.96523
1.97114
1.97006
1.9692
1.96967
1.96637
1.96563
1.96558
1.96803
1.96655
1.96296
1.959
1.96205
1.96559
1.96808
1.96269
1.95903
1.96073
1.96669
1.96548
1.9536
1.96246
1.97497
1.97519
1.96143
1.95483
1.9651
1.97709
1.97551
1.96689
1.96015
1.96053
1.96779
1.97006
1.95465
1.95824
1.97168
1.97168
1.97254
1.96346
1.96487
1.97116
1.96396
1.95784
1.95876
1.95876
1.95744
1.95839
1.96273
1.96995
1.96785
1.96179
1.96239
1.96474
1.97303
1.97562
1.96718
1.96473
1.96516
1.96989
1.97114
1.97044
1.96453
1.95302
1.95848
1.97132
1.96849
1.95614
1.95118
1.96639
1.9752
1.96875
1.95818
1.96282
1.97501
1.97184
1.95948
1.9541
1.9627
1.97008
1.97139
1.97062
1.9666
1.96179
1.97031
1.97071
1.96455
1.95866
1.96165
1.96365
1.96077
1.9604
1.96673
1.96749
1.96302
1.96269
1.96469
1.96689
1.96949
1.96839
1.96882
1.96904
1.96723
1.96689
1.96597
1.96905
1.97037
1.96956
1.96572
1.96653
1.97075
1.97392
1.97131
1.96016
1.95703
1.96338
1.96678
1.96415
1.95298
1.95421
1.96149
1.9661
1.9661
1.97249
1.97276
1.96752
1.96457
1.96578
1.96471
1.96477
1.96823
1.97296
1.96887
1.96756
1.96797
1.96386
1.95848
1.95795
1.96581
1.96801
1.96732
1.95973
1.96161
1.96709
1.97224
1.96911
1.962
1.95947
1.9681
1.96887
1.9626
1.95695
1.95869
1.96631
1.96958
1.96936
1.96518
1.96186
1.96396
1.96985
1.97114
1.95884
1.95563
1.96188
1.96741
1.967
1.96206
1.95751
1.96168
1.97429
1.97962
1.96584
1.95531
1.95941
1.96855
1.97294
1.96619
1.96209
1.95923
1.96547
1.97006
1.96455
1.95625
1.95727
1.9632
1.96194
1.96086
1.96442
1.96314
1.96464
1.96188
1.9646
1.96302
1.96226
1.96342
1.97053
1.97015
1.97058
1.97424
1.96736
1.96427
1.96259
1.96669
1.97017
1.96804
1.96013
1.95943
1.96385
1.96768
1.96419
1.95859
1.95768
1.96626
1.97528
1.96831
1.96033
1.954
1.96478
1.97078
1.96594
1.96003
1.95979
1.96266
1.96592
1.96898
1.96297
1.96089
1.96738
1.97026
1.97254
1.96608
1.96539
1.96465
1.95919
1.95959
1.96131
1.96189
1.96008
1.96043
1.96367
1.96739
1.97207
1.9817
1.98089
1.96934
1.96603
1.96995
1.97326
1.96607
1.95478
1.95674
1.96518
1.96606
1.96073
1.95422
1.95422
1.95586
1.96797
1.96087
1.95845
1.96279
1.96422
1.97326
1.97366
1.97366
1.96597
1.97157
1.96991
1.96991
1.96383
1.97205
1.97056
1.96613
1.96613
1.96028
1.96529
1.97184
1.97187
1.96231
1.95916
1.96647
1.96709
1.96549
1.96267
1.96565
1.96353
1.96651
1.96361
1.96475
1.96756
1.97193
1.9678
1.96369
1.96883
1.97361
1.96662
1.958
1.96233
1.97229
1.97297
1.96459
1.95976
1.96435
1.97133
1.97311
1.96675
1.96336
1.96411
1.96411
1.9696
1.96589
1.95966
1.96128
1.96768
1.97502
1.97326
1.96471
1.96317
1.96787
1.97452
1.97265
1.96373
1.96203
1.96637
1.97069
1.96797
1.96273
1.95909
1.96437
1.97018
1.96523
1.96363
1.96063
1.9613
1.95869
1.96231
1.96756
1.96797
1.96459
1.9615
1.96457
1.97479
1.97479
1.97551
1.96988
1.96633
1.96709
1.97244
1.96809
1.9625
1.96435
1.96924
1.96813
1.96309
1.95886
1.96043
1.96507
1.96768
1.96351
1.96285
1.96431
1.96531
1.96696
1.96764
1.96818
1.96586
1.97259
1.97
1.96421
1.96189
1.96591
1.96884
1.9709
1.96549
1.96295
1.96423
1.96908
1.96918
1.96214
1.95947
1.96503
1.96974
1.96332
1.96124
1.96549
1.97183
1.97509
1.97509
1.96301
1.97331
1.97279
1.96491
1.96084
1.96461
1.97045
1.96714
1.96036
1.95952
1.96717
1.96717
1.9727
1.96191
1.9566
1.96599
1.96968
1.96968
1.9627
1.96026
1.96663
1.97266
1.96619
1.96214
1.96214
1.96855
1.97044
1.96972
1.97006
1.96483
1.96707
1.96915
1.97006
1.96561
1.96711
1.96884
1.96884
1.96423
1.96082
1.96836
1.97374
1.9708
1.96162
1.9628
1.96743
1.96755
1.96641
1.96599
1.97172
1.97028
1.96322
1.95748
1.96212
1.96715
1.96535
1.96226
1.96264
1.96923
1.96945
1.96701
1.96349
1.96465
1.96633
1.96721
1.96849
1.97242
1.97212
1.97146
1.97018
1.97182
1.97076
1.96509
1.96264
1.96655
1.96888
1.96949
1.96473
1.96473
1.96253
1.96729
1.96988
1.96785
1.96465
1.96595
1.96366
1.96879
1.96795
1.9699
1.96966
1.97228
1.96914
1.96988
1.97276
1.96871
1.96775
1.96942
1.97064
1.96499
1.96058
1.96607
1.96927
1.96114
1.96421
1.98061
1.9835
1.96491
1.95616
1.97066
1.9852
1.97769
1.96137
1.95812
1.96659
1.97558
1.97521
1.96209
1.95552
1.96447
1.9795
1.97176
1.96164
1.9633
1.96876
1.97018
1.96851
1.96723
1.96296
1.96509
1.97926
1.99084
1.984
1.96707
1.96552
1.97507
1.97587
1.96563
1.95987
1.96389
1.96791
1.96483
1.96631
1.96409
1.96501
1.97012
1.97599
1.97485
1.96611
1.96085
1.96423
1.96449
1.96575
1.97659
1.9881
1.9801
1.96222
1.96823
1.9789
1.98556
1.976
1.96797
1.95983
1.96411
1.97904
1.96951
1.95848
1.96484
1.9742
1.97102
1.96402
1.96768
1.97343
1.97309
1.96644
1.96518
1.97304
1.97633
1.97208
1.97275
1.97561
1.97414
1.97166
1.97215
1.97505
1.97473
1.97296
1.97268
1.9715
1.96512
1.96501
1.97117
1.97793
1.97791
1.97406
1.96705
1.96709
1.97387
1.97638
1.97032
1.96862
1.97529
1.98241
1.97886
1.96873
1.96998
1.97507
1.97774
1.97154
1.96748
1.96299
1.9652
1.97068
1.97244
1.96736
1.96628
1.96819
1.97358
1.98025
1.97734
1.97193
1.97005
1.97541
1.98119
1.97625
1.97113
1.97287
1.977
1.97786
1.97211
1.97209
1.97331
1.97253
1.97381
1.97448
1.97117
1.96747
1.96864
1.96651
1.96884
1.96859
1.97339
1.97576
1.97522
1.97522
1.97001
1.97535
1.97745
1.97724
1.97584
1.97692
1.97399
1.97486
1.97491
1.97123
1.97173
1.97587
1.97319
1.96656
1.96308
1.96879
1.97788
1.98036
1.96754
1.96927
1.97535
1.97643
1.96987
1.96283
1.96603
1.97298
1.97505
1.97151
1.97005
1.97173
1.97636
1.97569
1.97345
1.97021
1.97103
1.97437
1.97509
1.96642
1.9625
1.96785
1.9728
1.97515
1.97197
1.96949
1.97826
1.98482
1.97999
1.97006
1.97296
1.97804
1.97822
1.96873
1.96391
1.96463
1.97055
1.97628
1.97066
1.96586
1.96593
1.97688
1.97401
1.96405
1.9636
1.97439
1.98027
1.97612
1.96514
1.96523
1.97168
1.97609
1.97621
1.97243
1.97019
1.97571
1.97083
1.96532
1.96938
1.96938
1.97525
1.96498
1.96706
1.97943
1.97735
1.97258
1.97462
1.96951
1.97588
1.97141
1.96448
1.96604
1.96705
1.97158
1.96796
1.97552
1.98017
1.98307
1.97548
1.97018
1.98
1.97708
1.97164
1.9653
1.96768
1.96922
1.97038
1.97243
1.97263
1.97111
1.96862
1.97512
1.97103
1.97299
1.9754
1.9802
1.97807
1.97453
1.97052
1.97312
1.97859
1.9773
1.9703
1.96418
1.96862
1.97314
1.97122
1.96891
1.96904
1.96895
1.97766
1.98261
1.97925
1.97406
1.9742
1.97913
1.97965
1.97672
1.97453
1.97424
1.9737
1.97101
1.97032
1.97047
1.97428
1.97668
1.97124
1.96927
1.97348
1.97903
1.97835
1.97406
1.96967
1.97149
1.97833
1.98579
1.98278
1.97389
1.97263
1.98149
1.97881
1.97059
1.97364
1.97728
1.97598
1.97093
1.96484
1.96506
1.97265
1.97199
1.96563
1.96387
1.97425
1.98005
1.9731
1.97035
1.9767
1.98258
1.98423
1.97869
1.97372
1.97478
1.97781
1.97233
1.97185
1.96631
1.96746
1.96918
1.97059
1.97106
1.97084
1.97436
1.9774
1.97456
1.97176
1.97527
1.9791
1.97937
1.97565
1.9692
1.97135
1.97666
1.97928
1.97364
1.96797
1.96302
1.97123
1.97897
1.97837
1.97202
1.97129
1.97393
1.97736
1.97348
1.97068
1.96676
1.97209
1.97538
1.97724
1.97458
1.97465
1.97628
1.98142
1.97981
1.97576
1.97462
1.97292
1.97294
1.9748
1.97431
1.96985
1.96988
1.97043
1.97598
1.97419
1.97536
1.97424
1.97328
1.9686
1.97412
1.9768
1.97623
1.97623
1.97023
1.97699
1.97714
1.98144
1.9727
1.96587
1.96705
1.97735
1.98258
1.98154
1.97312
1.96847
1.97488
1.98353
1.97777
1.96822
1.96997
1.9771
1.9767
1.97444
1.96477
1.96969
1.97439
1.976
1.97046
1.96967
1.97267
1.97587
1.97404
1.97199
1.97243
1.97468
1.97882
1.97826
1.97701
1.97475
1.97012
1.9643
1.96386
1.96596
1.97135
1.96643
1.9643
1.96913
1.97235
1.97768
1.97594
1.97335
1.96992
1.97312
1.97871
1.97645
1.97397
1.97189
1.97428
1.97215
1.97372
1.97664
1.97707
1.97695
1.97679
1.97511
1.96996
1.9747
1.97426
1.97422
1.97762
1.98124
1.97815
1.97108
1.96577
1.96907
1.97422
1.97442
1.97442
1.97702
1.97742
1.97742
1.97547
1.9729
1.97603
1.97619
1.97162
1.96943
1.96432
1.96672
1.96804
1.96878
1.96992
1.97444
1.97444
1.98258
1.98052
1.97395
1.97455
1.98021
1.9833
1.97288
1.96761
1.96949
1.97594
1.97522
1.97542
1.9705
1.97158
1.97299
1.97222
1.97368
1.97158
1.97641
1.98165
1.97525
1.96396
1.96683
1.98392
1.98674
1.97243
1.9632
1.97102
1.98164
1.98191
1.97371
1.96842
1.97046
1.97783
1.97648
1.97053
1.97207
1.97541
1.97522
1.97585
1.97422
1.97545
1.97442
1.97921
1.97715
1.97514
1.97802
1.97861
1.97359
1.97147
1.97021
1.97337
1.97643
1.9705
1.968
1.96907
1.97869
1.98286
1.98094
1.98026
1.97923
1.97751
1.97954
1.97601
1.97675
1.97478
1.97934
1.97762
1.97243
1.97196
1.97458
1.96938
1.97014
1.97339
1.97672
1.96781
1.97063
1.97757
1.98299
1.97668
1.97451
1.97158
1.97374
1.97757
1.97493
1.9741
1.97954
1.98342
1.98097
1.97786
1.97852
1.98006
1.97928
1.97093
1.96974
1.974
1.97324
1.97102
1.96965
1.97205
1.97753
1.98082
1.97692
1.97641
1.97803
1.98993
1.99287
1.98263
1.97014
1.96898
1.96898
1.97769
1.96132
1.95916
1.96813
1.97347
1.97768
1.98068
1.97869
1.97585
1.98574
1.99416
1.99343
1.97643
1.97075
1.98094
1.98848
1.9833
1.9748
1.965
1.96452
1.97171
1.97799
1.97688
1.97196
1.96835
1.97366
1.97797
1.97691
1.97549
1.97677
1.98731
1.99026
1.98307
1.97308
1.97581
1.98331
1.98382
1.98115
1.97786
1.97109
1.96383
1.96858
1.98393
1.97986
1.97187
1.97108
1.97617
1.97897
1.97561
1.98023
1.98269
1.9777
1.9777
1.97598
1.97846
1.97836
1.9733
1.9729
1.97882
1.97919
1.97913
1.97619
1.98044
1.98496
1.98771
1.98218
1.96945
1.9695
1.9762
1.98104
1.97561
1.97272
1.97404
1.97397
1.97627
1.98014
1.97587
1.97686
1.98115
1.98267
1.98532
1.98352
1.97909
1.97632
1.97545
1.97852
1.97174
1.96694
1.96343
1.97611
1.98612
1.98032
1.97471
1.97424
1.98908
1.98908
1.98481
1.97131
1.96954
1.97645
1.9787
1.9727
1.97281
1.97684
1.9844
1.98721
1.99075
1.98073
1.97285
1.97583
1.98417
1.98318
1.97437
1.97608
1.98229
1.97493
1.96963
1.97414
1.98211
1.98271
1.97418
1.9684
1.9737
1.97922
1.98125
1.98603
1.98577
1.97911
1.97676
1.98184
1.98409
1.97498
1.96578
1.96629
1.97544
1.97596
1.97348
1.97356
1.97825
1.97514
1.97545
1.98177
1.98175
1.98073
1.98155
1.98599
1.98615
1.97668
1.9756
1.97583
1.97871
1.98456
1.98223
1.97086
1.96994
1.98095
1.98539
1.97939
1.97444
1.97718
1.97982
1.97707
1.97591
1.97471
1.97142
1.97482
1.98089
1.98147
1.98373
1.98482
1.98003
1.97904
1.98057
1.97985
1.97739
1.97348
1.96997
1.96994
1.97596
1.97958
1.97502
1.97494
1.97786
1.97951
1.98034
1.98187
1.98003
1.97831
1.98258
1.98677
1.98356
1.97654
1.97663
1.97835
1.98026
1.98026
1.97831
1.96818
1.96135
1.97454
1.98519
1.966
1.96948
1.97752
1.98139
1.98428
1.98302
1.98308
1.9733
1.98057
1.98789
1.98462
1.9784
1.97674
1.98132
1.97507
1.98204
1.98083
1.9763
1.96952
1.97453
1.97884
1.97469
1.97498
1.97677
1.97976
1.97755
1.9795
1.97413
1.97358
1.97238
1.97209
1.97702
1.98096
1.97562
1.97075
1.97625
1.98579
1.98145
1.97684
1.97684
1.98306
1.9791
1.97668
1.97623
1.97411
1.97982
1.98844
1.98849
1.97563
1.97026
1.9735
1.9839
1.98728
1.98459
1.97451
1.97335
1.9729
1.97184
1.97363
1.97675
1.9758
1.96683
1.9705
1.9798
1.98017
1.97555
1.97503
1.98447
1.98862
1.98837
1.98206
1.97837
1.98295
1.98174
1.97713
1.97325
1.97656
1.97568
1.97659
1.97473
1.97945
1.98007
1.98746
1.98452
1.96766
1.96505
1.98073
1.98844
1.97379
1.96496
1.97265
1.97978
1.9753
1.97531
1.97674
1.97931
1.98413
1.98702
1.98358
1.98065
1.98074
1.98636
1.9838
1.97767
1.97754
1.97955
1.98451
1.97868
1.96251
1.97569
1.98293
1.9809
1.9703
1.97216
1.97216
1.97605
1.97379
1.97363
1.97605
1.9821
1.98562
1.98833
1.98022
1.97683
1.98223
1.98729
1.97829
1.96482
1.96921
1.98264
1.98101
1.96999
1.96773
1.97846
1.98288
1.98218
1.98482
1.98299
1.97744
1.97923
1.98117
1.971
1.96986
1.97493
1.97976
1.97365
1.97426
1.97415
1.97705
1.98031
1.98096
1.97446
1.97334
1.97683
1.97895
1.97765
1.97319
1.97908
1.98675
1.98337
1.97884
1.97647
1.97524
1.97574
1.97945
1.98501
1.98369
1.97728
1.97611
1.98331
1.98683
1.97763
1.96894
1.96554
1.97133
1.97499
1.9715
1.9746
1.97299
1.97712
1.97725
1.98166
1.98373
1.98707
1.98365
1.98087
1.9794
1.98004
1.98002
1.98002
1.97872
1.98087
1.98253
1.9766
1.97725
1.97895
1.9775
1.97377
1.97433
1.97586
1.97433
1.97472
1.97602
1.97903
1.97933
1.97289
1.97719
1.97879
1.97951
1.98405
1.97906
1.97893
1.97859
1.98446
1.98677
1.98349
1.9788
1.97889
1.9765
1.97729
1.97839
1.97705
1.97245
1.97221
1.97486
1.97873
1.98337
1.98186
1.97786
1.9793
1.98024
1.98132
1.97793
1.97292
1.97676
1.98281
1.98629
1.97835
1.97238
1.97401
1.98299
1.98761
1.97817
1.96925
1.97312
1.98671
1.98828
1.98828
1.97408
1.97524
1.98035
1.98354
1.98179
1.98328
1.98127
1.97643
1.9758
1.9814
1.98695
1.98551
1.97466
1.97028
1.96972
1.97481
1.98096
1.98209
1.97321
1.97106
1.97973
1.98001
1.97772
1.97539
1.98073
1.98321
1.98874
1.98874
1.98438
1.97377
1.97737
1.98633
1.98633
1.97632
1.97502
1.98053
1.98365
1.97703
1.97035
1.97185
1.97895
1.9828
1.97767
1.97529
1.97854
1.97705
1.97857
1.98508
1.98718
1.97775
1.9724
1.97957
1.98828
1.98138
1.97131
1.97334
1.97833
1.98482
1.98711
1.98711
1.98044
1.97793
1.98326
1.97801
1.96615
1.97012
1.98507
1.97964
1.96599
1.97216
1.98563
1.98742
1.98478
1.98353
1.98011
1.97996
1.98683
1.98418
1.9727
1.97343
1.98138
1.98346
1.97747
1.97908
1.98819
1.9848
1.97893
1.9758
1.98173
1.98731
1.98059
1.96939
1.97399
1.98458
1.99023
1.98221
1.97453
1.9754
1.98036
1.97901
1.97809
1.97424
1.97158
1.98188
1.98279
1.98302
1.98243
1.97926
1.98483
1.98711
1.98601
1.97921
1.97779
1.98102
1.98012
1.9831
1.97888
1.97692
1.97823
1.97859
1.97869
1.98142
1.98239
1.98041
1.98278
1.98236
1.98668
1.98925
1.99489
1.9895
1.98265
1.97528
1.983
1.98318
1.97372
1.95927
1.9625
1.98061
1.9877
1.97732
1.97144
1.98071
1.98744
1.98426
1.97971
1.98382
1.98759
1.98418
1.97964
1.98238
1.98276
1.98593
1.98794
1.98937
1.98471
1.97734
1.98055
1.98859
1.98492
1.97752
1.97663
1.97691
1.97816
1.97709
1.97899
1.98245
1.98035
1.98238
1.98178
1.98019
1.98455
1.98144
1.97798
1.9796
1.98579
1.98427
1.98159
1.97772
1.97921
1.98683
1.98477
1.98237
1.97874
1.97803
1.98245
1.98373
1.97892
1.97783
1.97667
1.98489
1.98325
1.97866
1.97819
1.9816
1.98622
1.98852
1.98232
1.97966
1.9778
1.98556
1.98881
1.98254
1.98279
1.97899
1.98054
1.98258
1.98388
1.98007
1.97936
1.97844
1.97942
1.98141
1.98245
1.98047
1.97848
1.97777
1.98152
1.98444
1.98306
1.9794
1.98225
1.98254
1.98574
1.98891
1.98714
1.98447
1.98062
1.98644
1.98815
1.98225
1.96948
1.96657
1.97705
1.98937
1.9868
1.9783
1.9783
1.98813
1.99357
1.98221
1.98646
1.99161
1.98603
1.9802
1.97444
1.97111
1.97775
1.98557
1.98102
1.97044
1.98857
1.99572
1.9806
1.9806
1.98843
1.99205
1.98655
1.98506
1.98179
1.97959
1.98425
1.99143
1.98734
1.9785
1.98321
1.98823
1.98307
1.97479
1.98467
1.98753
1.97888
1.97611
1.98118
1.98441
1.98644
1.98322
1.98196
1.97347
1.97296
1.98243
1.98831
1.98332
1.976
1.98234
1.99403
1.99184
1.98588
1.98752
1.99298
1.98655
1.98248
1.98049
1.9816
1.97734
1.9835
1.98666
1.98496
1.97995
1.98256
1.9823
1.98125
1.98372
1.98739
1.97578
1.97021
1.97562
1.98877
1.98625
1.97564
1.97664
1.98882
1.99443
1.9977
1.99207
1.98218
1.98135
1.98864
1.98605
1.98122
1.97895
1.98532
1.98498
1.98421
1.98553
1.98381
1.97988
1.97997
1.9879
1.98311
1.96896
1.96943
1.98609
1.99258
1.98415
1.9762
1.97932
1.98603
1.9927
1.99512
1.99309
1.97975
1.97604
1.98385
1.98734
1.9841
1.98213
1.98525
1.98398
1.98274
1.98248
1.98667
1.98631
1.97604
1.98012
1.98279
1.98145
1.97445
1.97544
1.98171
1.98717
1.98619
1.98549
1.98193
1.98144
1.99293
1.99612
1.98976
1.98039
1.98403
1.98853
1.97966
1.98148
1.98883
1.98994
1.98792
1.9774
1.97312
1.97932
1.98814
1.98594
1.98183
1.97504
1.98031
1.98685
1.99071
1.98615
1.98223
1.98434
1.98219
1.98219
1.98257
1.98711
1.99135
1.99066
1.98737
1.99398
1.99429
1.98897
1.98336
1.98491
1.98569
1.97888
1.9745
1.97242
1.97577
1.98023
1.98912
1.98742
1.97839
1.98057
1.98867
1.98924
1.98881
1.98307
1.98491
1.98972
1.98979
1.98655
1.97921
1.98061
1.99566
1.996
1.98628
1.98169
1.98882
1.98696
1.98672
1.98543
1.97745
1.97535
1.98253
1.99187
1.98177
1.9763
1.97875
1.98723
1.98577
1.98305
1.9873
1.99209
1.98909
1.9838
1.98345
1.98704
1.98919
1.98306
1.98413
1.98088
1.9842
1.98366
1.98366
1.98313
1.98807
1.99266
1.98615
1.98367
1.98185
1.98499
1.98602
1.98475
1.98236
1.98111
1.98286
1.98845
1.98766
1.98309
1.981
1.98576
1.99673
1.99083
1.9858
1.98373
1.98175
1.97738
1.98224
1.98924
1.98993
1.98601
1.98601
1.987
1.98403
1.98152
1.98326
1.98271
1.98341
1.98535
1.98578
1.98565
1.98543
1.98696
1.98969
1.98455
1.99051
1.99459
1.99292
1.98568
1.98634
1.99292
1.98572
1.98351
1.97622
1.97622
1.97869
1.98225
1.9857
1.98346
1.98248
1.98691
1.98816
1.98634
1.99059
1.98933
1.98854
1.98092
1.98684
1.99695
1.99302
1.98338
1.98126
1.98588
1.99085
1.99176
1.98729
1.98282
1.98571
1.99268
1.993
1.98834
1.98346
1.97359
1.97588
1.98539
1.99207
1.98161
1.97764
1.98415
1.99361
1.9931
1.9931
1.99239
1.9933
1.98598
1.98548
1.99057
1.98555
1.9799
1.97666
1.98221
1.98867
1.99085
1.9886
1.99119
1.99411
1.99613
1.98947
1.98574
1.99265
1.98836
1.98836
1.97894
1.98246
1.98566
1.98566
1.98875
1.9872
1.98586
1.99207
1.99535
1.99051
1.98476
1.98822
1.99174
1.98981
1.98958
1.98954
1.98896
1.98912
1.98888
1.99318
1.99186
1.98327
1.98078
1.98073
1.9784
1.98406
1.98897
1.98159
1.9803
1.98547
1.98547
1.98922
1.98918
1.9966
1.99308
1.99307
1.99446
1.99572
1.97978
1.98508
1.9892
1.98281
1.9824
1.98923
1.99355
1.99126
1.98957
1.98794
1.99308
1.99554
1.99278
1.97919
1.97628
1.98285
1.99316
1.98378
1.98049
1.98164
1.98663
1.99302
1.99305
1.98995
1.98915
1.99284
1.98953
1.98456
1.98635
1.9906
1.99148
1.98906
1.98913
1.9941
1.98832
1.98604
1.98871
1.98973
1.9913
1.98594
1.97835
1.97549
1.98226
1.99092
1.98967
1.98307
1.98882
1.99415
1.9908
1.98728
1.9821
1.98766
1.99178
1.99031
1.98752
1.98941
1.99243
1.991
1.98774
1.99051
1.99148
1.99026
1.98699
1.98266
1.9833
1.98918
1.98861
1.98788
1.98788
1.98676
1.98508
1.98728
1.98568
1.98764
1.98917
1.98821
1.99154
1.99724
1.99836
1.99031
1.9905
1.99056
1.99113
1.98975
1.98546
1.98482
1.98536
1.98173
1.98349
1.98854
1.9925
1.99248
1.98875
1.98489
1.99488
1.99394
1.98979
1.98129
1.98505
1.98802
1.98744
1.98399
1.98211
1.98929
1.99415
1.99683
1.99132
1.99026
1.99594
1.99469
1.98851
1.98666
1.99231
1.99541
1.99167
1.98481
1.98136
1.98372
1.98974
1.99378
1.9907
1.98724
1.98526
1.98425
1.98685
1.98349
1.98513
1.98917
1.98943
1.99027
1.99389
1.99343
1.99078
1.98949
1.98867
1.99077
1.99456
1.99256
1.99222
1.99435
1.99512
1.99165
1.99138
1.98865
1.98639
1.98252
1.98281
1.98379
1.9849
1.98234
1.98798
1.99102
1.99052
1.98536
1.98695
1.9952
1.99937
1.99277
1.98521
1.98476
1.99313
1.99522
1.98756
1.98946
1.99353
1.99375
1.99183
1.99183
1.9804
1.98064
1.99359
1.98245
1.98626
1.98626
1.96079
1.96075
1.94366
1.93062
1.92369
1.87395
1.86992
1.86903
1.86142
1.86417
1.90731
1.85061
1.75848
1.65712
1.54369
1.4776
1.38643
1.28731
1.17459
1.13919
1.18916
0.892893
0.694495
0.633445
0.619561
0.552487
0.446231
0.446231
0.408742
0.404593
0.405563
0.365567
0.365567
0.311956
0.239609
0.104442
0.0697933
0.0697933
0.03974
0.0276273
0.0882259
-0.0303927
-0.0810358
-0.0810358
-0.185365
-0.255001
-0.259083
-0.249424
-0.209729
-0.200277
-0.152653
-0.0470082
0.0164309
0.0164309
0.0418774
0.0415618
0.0415618
0.039518
0.0417914
0.0400504
0.0417044
0.0428811
0.0449285
0.0420407
0.0401114
0.0427704
0.0428351
0.0440843
0.0421015
0.0453727
0.0413068
0.0422225
0.04329
0.0401185
0.0409198
0.0410309
0.0393931
0.0431754
0.0394555
0.0396091
0.0397167
0.0375679
0.0404075
0.0397326
0.0396595
0.0396595
0.0386489
0.0375876
0.0368829
0.0330982
0.0330982
0.0341762
0.0370121
0.0386603
0.0384837
0.0356406
0.0367215
0.0358146
0.0338325
0.0366135
0.0348506
0.0349551
0.0339489
0.0337159
0.0339489
0.0339973
0.0329791
0.0344059
0.0349131
0.0337243
0.0330955
0.0348444
0.0337243
0.0319067
0.0319067
0.0351921
0.0329278
0.0340599
0.0309368
0.0291237
0.0349014
0.0342818
0.0347994
0.030773
0.0313284
0.0322987
0.0314525
0.0313284
0.03229
0.0312148
0.0312848
0.0294093
0.0285525
0.0326342
0.0322391
0.0320769
0.0294016
0.0284876
0.0306528
0.031053
0.0321793
0.0313908
0.0295176
0.0275282
0.0296824
0.0304285
0.029515
0.0276414
0.0300167
0.0283175
0.0256047
0.028272
0.0293959
0.0287199
0.0283742
0.0283772
0.0264524
0.0290048
0.0262801
0.0272505
0.0290585
0.0281505
0.0321823
0.0271939
0.0263393
0.0267351
0.0252637
0.0275873
0.0285443
0.0292287
0.0283261
0.0295122
0.0312653
0.0284876
0.0284876
0.0267374
0.0277005
0.0286606
0.0266244
0.0246832
0.0246832
0.0304204
0.026614
0.0275873
0.0272989
0.027592
0.0284339
0.025541
0.0227547
0.0236101
0.0266677
0.025202
0.0244088
0.0266111
0.0255892
0.0265036
0.0267839
0.0253177
0.0244006
0.0256993
0.0255949
0.0244088
0.0256566
0.0256541
0.0257618
0.0274629
0.0275792
0.0278
0.024691
0.0286039
0.0275821
0.0285413
0.0256458
0.0266195
0.0256487
0.0246208
0.0256612
0.0236665
0.0226898
0.0246832
0.0227997
0.0236075
0.0227547
0.0262773
0.0246321
0.0268914
0.0256487
0.0256487
0.0245673
0.025479
0.0244062
0.0255921
0.0271795
0.024296
0.0233758
0.026438
0.0207641
0.0247339
0.0247339
0.0246832
0.024858
0.0245217
0.0207129
0.027803
0.0238333
0.0253766
0.0218478
0.0278678
0.0226469
0.0256487
0.0246886
0.0216735
0.0247398
0.0236047
0.0234408
0.0252962
0.0206514
0.0228136
0.0217938
0.0216762
0.0227033
0.0205358
0.0215607
0.0234353
0.0236101
0.0226983
0.0215097
0.0255355
0.0207613
0.0217397
0.0221164
0.0248528
0.0227596
0.023551
0.0244571
0.020654
0.0238333
0.0207715
0.0207715
0.0197418
0.0208793
0.0275254
0.0275254
0.0217863
0.0199157
0.021107
0.0197418
0.0225388
0.0236101
0.0218478
0.0176383
0.0216171
0.0196319
0.0204823
0.0216198
0.0207613
0.0207613
0.0180203
0.017973
0.0225881
0.0170682
0.0234918
0.0192846
0.0218478
0.0216081
0.0236612
0.0230368
0.0207667
0.0238844
0.0216707
0.0209331
0.0209811
0.0216198
0.0227492
0.0221272
0.0221272
0.0217271
0.0209357
0.0199081
0.0237177
0.0200234
0.0210432
0.0210432
0.0210432
0.0199107
0.0181445
0.0219649
0.022752
0.0210432
0.0228746
0.0208818
0.0212196
0.0220119
0.0189517
0.0191182
0.020474
0.0190009
0.020823
0.0226392
0.0234381
0.0196882
0.0216171
0.0211504
0.0200715
0.020136
0.0209944
0.0182008
0.020984
0.0188768
0.0228057
0.0208768
0.0207641
0.0239946
0.018147
0.0179247
0.0199644
0.0191182
0.0198517
0.0211022
0.0211022
0.0180955
0.0181495
0.0184282
0.0211022
0.017927
0.0201871
0.0191697
0.0179671
0.0201992
0.0192822
0.0202377
0.0174615
0.0160992
0.0212097
0.0212196
0.0164283
0.0161017
0.0191721
0.0174153
0.0191671
0.0162677
0.0189983
0.0189983
0.0191721
0.0212068
0.0212068
0.0163239
0.0200234
0.0200234
0.0171829
0.0203096
0.0189955
0.0183133
0.0162185
0.0222939
0.0204199
0.0165486
0.020305
0.0209895
0.0173514
0.0180908
0.0192822
0.0171219
0.0184346
0.0200845
0.0200845
0.021837
0.021837
0.0212149
0.0171244
0.0183157
0.0201279
0.0166653
0.0172317
0.0203096
0.0184845
0.0144439
0.0152473
0.0192715
0.021161
0.0184305
0.020474
0.0170682
0.0221193
0.018139
0.0154199
0.0180908
0.0189392
0.0172368
0.0172391
0.018257
0.0191671
0.0182544
0.0180977
0.019226
0.0192822
0.0171892
0.0180883
0.0193385
0.0193385
0.0190699
0.0163824
0.0176254
0.0151351
0.0171244
0.01821
0.0155255
0.0175692
0.01638
0.0144529
0.016607
0.0201307
0.0205866
0.0184796
0.0156961
0.0176863
0.0205279
0.0190057
0.0154779
0.0164969
0.0149028
0.0137078
0.0164924
0.0153617
0.0163186
0.0163186
0.0163186
0.0163186
0.0193385
0.0185429
0.0177379
0.0164899
0.0155231
0.0145047
0.0175761
0.0165461
0.0125704
0.0154156
0.0154156
0.0185868
0.0161624
0.0143878
0.0172343
0.0185384
0.0185384
0.0175199
0.0202554
0.0156939
0.0193971
0.0164254
0.0174004
0.017857
0.017857
0.0147379
0.0163847
0.0145649
0.0172391
0.0152496
