-0.0142261
-0.0447238
-0.0690171
-0.0379298
-0.0187988
-0.05487
-0.0463709
-0.0225211
0.0152869
0.0317587
0.00492579
0.00304725
-0.0139301
-0.0212565
-0.0318943
-0.0121983
0.00749866
0.0127886
0.00622175
0.0110961
-0.0185392
-0.0148
-0.0450018
0.0054708
0.0403664
0.0226071
-0.0221075
-0.00626027
-0.013288
0.00024147
0.00613077
0.0410259
0.00423345
0.0238149
0.0120417
0.0355453
0.0396566
0.0664125
0.0595402
0.0289833
0.00758568
0.0314175
0.0454248
0.0840009
0.088519
0.0530008
-0.0153015
-0.053202
-0.0787403
-0.0671064
-0.0742175
-0.0637736
-0.0290601
-0.0126273
0.0196832
0.041243
0.0370331
0.0800204
0.0710782
0.0613729
0.0253632
0.0327492
0.0558569
0.066779
0.0432606
0.00996355
-0.0118924
-0.0583441
-0.0812112
-0.0966165
-0.109571
-0.117086
-0.0757504
-0.0604136
0.00598456
0.0143914
0.0200247
0.0601933
0.0210606
0.038109
0.0239426
0.0434302
0.00699849
0.0222704
0.00756566
0.010029
0.0259978
0.0195728
-0.0088937
-0.0475937
-0.0475539
-0.05322
-0.0573107
-0.0410264
-0.0197687
-0.0101158
-0.00338754
0.0218448
-0.00123921
-0.00376119
0.00291287
0.0270224
0.00112975
0.00353121
0.00276016
-0.0117873
0.00919946
0.0355545
0.0355186
0.0314066
0.0430626
0.0200572
0.00584333
0.00372187
0.0212465
0.032219
0.0314087
0.0226641
-0.0101921
-0.0216706
-0.0340771
-0.0571247
-0.0359933
-0.0276092
-0.0268499
-0.0724115
-0.0563058
-0.0151527
0.00467598
0.00159465
-0.01609
-0.0340791
-0.0161636
-0.0402765
-0.0180607
0.0137376
0.0465176
0.0498639
0.0135188
-0.00110381
-0.0185999
-0.0708632
-0.0959425
-0.0506651
-0.0547277
-0.0523141
-0.0405875
0.0102965
0.0377061
0.0262868
-0.005207
0.0464939
0.0697138
0.0315145
0.0254586
0.0313419
0.0643537
0.0511089
0.0429317
0.0379582
0.0241498
-0.0160577
-0.0450269
-0.0252652
-0.0252461
-0.0321081
-0.015187
-0.00480197
-0.00553676
-0.0123738
-0.0445341
-0.00445075
0.00908316
-0.0224616
-0.0123503
-0.0260268
0.00718501
0.0160608
0.0302944
0.0474518
0.0584864
0.0129921
-0.000433452
0.0137682
0.0389338
0.0419106
0.0725732
0.0696661
0.0910536
0.12649
0.109915
0.0756322
0.063906
0.0214702
0.00580072
-0.0328632
-0.0219555
-0.0180918
-0.015237
-0.00479353
0.0107115
-0.0296911
-0.0477933
-0.0509711
-0.0743789
-0.0491532
-0.0491404
-0.0449508
-0.0408349
-0.012337
-0.0157586
-0.0515902
-0.0211214
-0.0255119
-0.0357435
-0.067043
-0.0821748
-0.0616439
-0.0337063
-0.0389562
-0.0213337
0.00956018
0.0186486
0.0178181
-0.0108336
0.0314172
0.038807
0.0625582
0.0404911
0.0463039
0.0588078
0.02573
0.0671981
0.0501179
0.0437534
0.00618401
0.00659838
0.003775
0.0244245
0.025227
0.0119999
0.0347141
0.0313854
0.0367522
0.00650042
0.0105467
-0.00486676
-0.0207945
-0.0346343
-0.0179833
0.0125478
-0.00273196
0.00289286
-0.0192739
-0.0154094
-0.0143048
0.0225046
0.0183731
0.0343245
0.0316867
0.00606781
-0.0180497
-0.0395313
-0.0137367
-0.0255837
-0.047662
-0.030142
-0.0707277
-0.0694661
-0.0475475
-0.0549472
-0.0878679
-0.061682
-0.0597408
-0.0254309
-0.00165055
0.0159367
0.0243019
0.057231
0.0386651
0.0347984
0.00050449
0.000382468
-0.00316062
-0.0219656
-0.0463753
-0.0213803
-0.0646716
-0.0672653
-0.0543358
-0.0589681
-0.0762845
-0.0333457
-0.00701759
-0.00948573
0.023364
0.027541
0.0288219
0.0384877
0.0312425
0.0395422
0.0379215
0.0685484
0.0762481
0.0447861
0.0467715
-0.000127668
-0.010323
-0.0154341
-0.0119499
-0.0223703
-0.00728741
0.0210308
0.0411374
-0.00320102
0.0464065
0.0527315
0.0447346
0.0214899
0.0166489
0.00831939
0.00500652
-0.0144885
0.00519214
-0.0148318
0.00191281
-0.066038
-0.0265317
-0.00547702
0.00933902
-0.00285518
0.000795786
0.0131954
-0.0205892
-0.0197445
0.0255945
0.0617757
0.0328861
0.0211562
0.0194552
0.032013
0.00803028
-0.0336544
-0.0301345
-0.0448224
-0.0244738
-0.0625112
-0.0346908
0.00849868
0.0406744
0.0261055
0.0369825
0.0171971
-0.00913173
-0.0184625
0.00558281
-0.00314283
-0.0176923
-0.0334884
-0.042957
-0.0130121
-0.019385
-0.0324312
-0.0396799
-0.047271
-0.039802
-0.033528
-0.0343972
-0.0279294
0.015943
0.0102962
0.0424232
0.0339262
0.0330986
0.00124424
0.0134791
-0.00470751
0.0040817
-0.00880197
-0.00682856
0.00288018
0.0245677
0.00465711
-0.00905606
-0.00926421
-0.00872232
-0.0171624
-0.0301005
-0.0359432
0.000761917
0.0187692
0.00581264
0.0181101
0.0216573
-0.0113705
-0.0334664
-0.0130975
0.000737389
-0.0178272
0.00921154
0.024866
0.030347
0.0131724
0.00626608
-0.00187281
0.0108732
0.00304956
-0.0283155
-0.0111129
-0.00407164
0.016177
-0.00300644
0.0265104
0.0577543
0.055056
0.0385856
0.0553097
0.0479962
0.00124457
0.0131327
-0.00703166
-0.0226467
-0.032176
-0.0312489
-0.0390845
-0.0357728
-0.0260146
-0.0333939
-0.0119859
-0.0147238
-0.0483355
-0.0486025
-0.0540507
-0.0380019
-0.0120083
0.0450503
0.0757034
0.0729525
0.0792008
0.0754736
0.0513683
0.0430733
0.020129
0.0310922
0.0205982
0.0265895
0.0459092
0.0609167
0.0642801
0.0789506
0.0296258
0.0153217
-0.0201568
-0.0453381
-0.0444101
-0.0315959
-0.0134274
-0.00101186
0.00908462
-0.00046988
-0.0162096
-0.0268341
-0.0326648
-0.0604068
-0.0569388
-0.0439514
-0.0282892
-0.031093
-0.0465219
-0.0465034
-0.0172091
-0.0214999
-0.0250424
-0.0366233
-0.0544175
-0.0566217
-0.055817
-0.0254964
0.00191449
0.04254
0.0134676
0.0221267
0.0326579
-0.00757782
0.0574736
0.0600101
0.0628273
0.0406297
0.0462201
0.0471958
0.0708229
0.0613271
0.0574309
0.0443772
0.024172
0.0318153
0.0012621
0.00684577
0.0163487
0.0614064
0.0268954
-0.000240495
-0.0202489
-0.0387569
-0.0110104
-0.0181772
-0.0463308
-0.07352
-0.0803502
-0.0692637
-0.0673906
-0.0646938
-0.0443741
-0.0521884
-0.0450833
-0.0474338
-0.0443708
-0.0241962
-0.0460037
0.0142088
-0.00545674
0.00501776
0.0285231
0.0464589
0.0416953
0.0302092
-0.0105665
-0.0574105
-0.0728759
-0.0587628
-0.0198246
-0.0216302
0.0471843
0.0729138
0.0844348
0.0688526
0.0713018
0.0906286
0.0493572
0.0579199
-0.00172286
-0.0035937
0.00561745
0.00762396
0.00551329
-0.0145675
-0.0134748
-0.0609751
-0.0682381
-0.0795273
-0.0328233
-0.0498138
-0.00609634
0.0114532
0.0219457
0.0225425
0.0392801
0.0468438
0.0205108
0.0453118
0.0247102
-0.0101017
-0.0077619
-0.0238862
-0.0541651
-0.069294
-0.0451713
-0.0353841
-0.0318594
-0.0227357
-0.00389537
-0.0010841
0.0142463
-0.0123244
0.00497864
0.0267322
0.0444336
0.0793181
0.029398
0.0511812
0.0864849
0.0744347
0.079628
0.0853228
0.0554933
0.0181601
-0.00897117
-0.00494023
-0.0490053
-0.0266572
-0.0353059
-0.0571791
-0.0488934
-0.104481
-0.0951814
-0.0799568
-0.0486915
-0.00925354
-0.00619573
-0.00397487
0.0169928
0.0198297
0.00158758
0.0518524
0.0543865
0.0234451
0.00694143
0.00243298
-0.00864042
-0.00206697
-0.0239573
-0.0176495
0.00246899
-0.0240298
-0.0169498
0.0095109
0.042175
0.0483522
0.0747297
0.0399185
0.044868
0.0401492
0.0260243
0.0548343
0.0359586
-0.00981277
-0.036309
-0.0433272
-0.0357641
-0.042395
-0.0715677
-0.0415436
-0.0229852
-0.00285792
-0.0150531
-0.00559834
0.0178595
0.0648414
0.080041
0.0290079
0.047492
0.0392447
0.0384474
0.0329359
0.0201488
-0.00310893
-0.0199385
-0.0310766
-0.0872707
-0.0878333
-0.0612213
-0.0424374
-0.0467407
-0.0153266
-0.0287162
-0.0497461
-0.0265319
0.00264783
0.00467243
0.0142163
0.0252794
0.0624536
0.0382346
0.00301826
0.0118988
0.00151305
0.0320123
0.0442715
-0.016626
6.86804e-05
0.016503
0.0132212
-0.00911001
-0.043855
-0.0368108
-0.039978
0.00390646
-0.00518444
0.00685636
0.0281868
0.0134559
0.0601609
0.0431694
0.00155657
0.00489375
0.00623963
0.0048116
0.0111129
-0.0318675
-0.0107042
-0.0139143
-0.022512
-0.0294419
-0.0476615
-0.0582732
-0.0665433
-0.0451988
-0.038361
0.0110742
0.0334508
0.0161331
0.0115128
0.00518477
-0.006288
-0.0226524
-0.00269182
0.00711615
-0.031769
-0.0502999
-0.077464
-0.0706588
-0.0777101
-0.0619192
-0.0296144
-0.0548621
-0.0528109
-0.0396185
-0.0119446
0.0415374
0.063164
0.0791346
0.063479
0.0585043
0.0613005
0.0748426
0.0476252
0.0496081
0.0113835
0.0347737
0.0196773
0.0235906
0.0161756
0.00714621
0.0276939
-0.0186548
-0.0396587
-0.0193807
-0.00711949
0.037756
0.060101
0.0799397
0.0641964
0.0443065
0.0529398
0.0772762
0.0292078
0.00200652
-0.0107446
-0.0127142
-0.00938736
-0.0187801
-0.0250274
-0.027857
-0.0302485
-0.0471218
-0.0759779
-0.0992835
-0.0732397
-0.0461265
-0.0322988
-0.0239815
-0.0197649
-0.0366509
-0.00220335
0.0239406
-0.0165348
-0.00901469
0.0278352
0.010683
0.0444229
0.00963442
0.0164876
0.0653834
0.0505659
0.0424215
0.0421751
0.0390961
0.0420873
0.0547282
0.0419842
0.0113395
0.0180125
0.0186092
0.0275576
0.0664348
0.0624309
0.0704959
0.0638181
0.0594627
0.0795266
0.0577243
0.0408185
0.083578
0.0558349
-0.00763001
-0.0490381
-0.055731
-0.0614701
-0.0386483
-0.0677314
-0.124124
-0.15056
-0.116952
-0.12466
-0.114884
-0.079756
-0.0409975
-0.0428217
-0.0204876
-0.00905387
0.0340386
0.0238396
0.0486595
0.0457196
0.0195655
-0.00753768
-0.00495235
0.0338312
0.0354074
0.0114979
0.0131771
0.0109018
0.0157377
0.0367896
0.0219322
0.0262166
0.0372608
0.0677698
0.0563626
0.0635432
0.0434037
0.01188
-0.0155719
-0.0175273
-0.0409787
-0.0381526
-0.0436294
-0.0298265
-0.0594349
-0.0649347
-0.0363459
0.00246694
-0.0170575
0.00725945
0.00973748
0.00421301
-0.0038608
0.035443
0.0376581
0.0539441
0.0243304
0.0349099
-0.022252
-0.0414775
-0.0450149
-0.0487922
-0.0543582
-0.0422049
-0.0376812
-0.0338598
0.010349
-0.00426118
-0.0381453
-0.00170323
-0.00507629
-0.0161411
-0.0114822
0.000605409
-0.0161632
-0.0123167
-0.00232921
0.0390362
-0.0200999
-0.0400067
-0.0392776
-0.0409751
-0.0177864
0.0063935
0.00919184
0.0190131
0.0534468
0.0361072
-0.0284451
-0.0244458
-0.0515951
-0.0445
-0.00228656
0.00703479
0.00451802
0.0392282
0.025672
0.00681413
-0.00326114
-0.0108285
-0.0297323
-0.0252789
-0.0213788
-0.0063804
-0.0105616
-0.0206099
-0.012816
0.0149255
-0.0117911
-0.0236312
-0.0294692
-0.0146399
0.038029
0.0599306
0.0869443
0.130871
0.125365
0.109817
0.100196
0.106915
0.111773
0.0922949
0.0398567
0.048914
0.0459668
-0.0185587
-0.0557678
-0.0489417
-0.0821746
-0.0623902
-0.0684292
-0.0720661
-0.0786356
-0.0590168
-0.0261575
0.00978639
0.0129964
0.034219
0.00996763
0.0108444
0.00327521
-0.00138294
-0.0273707
-0.00240211
0.0259038
0.0193723
-0.0141758
0.022181
-0.0147548
0.0224141
0.0253575
-0.00452409
-0.0424155
-0.0398132
-0.041326
-0.00220023
-0.00350335
0.02664
0.043294
0.0489453
0.0304715
0.00329229
0.0110134
-0.00439406
-0.00514378
0.0026657
-0.0211883
0.0332159
0.0155299
0.0435825
0.0373998
0.0179343
-0.0110637
0.00616706
-0.0401161
-0.0529419
-0.0493634
-0.0359109
-0.0744635
-0.0557928
-0.0178838
-0.0101
-0.00113833
0.0125782
-0.00684016
0.00208122
-0.0151898
-0.00143868
0.0427362
0.0540101
0.0581626
0.0701997
0.0676216
0.0817214
0.0694835
0.0657098
0.0777189
0.0853161
0.0245679
-0.0179798
0.0286889
0.0174115
0.0100964
