0.0864529
0.0760016
0.0878174
0.0752896
0.0752896
0.0815096
0.0815096
0.0929549
0.0895243
0.0889861
0.0778944
0.0838682
0.0862809
0.0788841
0.0879801
0.0879801
0.0898759
0.0897079
0.0897079
0.0828609
0.0923962
0.0813238
0.0790781
0.0842055
0.0862768
0.0840259
0.0910509
0.0880006
0.0840311
0.0840311
0.0893544
0.0929461
0.0855468
0.0797838
0.0948444
0.084394
0.0828725
0.0891757
0.0804278
0.0759976
0.0821509
0.0821509
0.0879801
0.0891602
0.0934818
0.0914108
0.0914108
0.0759976
0.092937
0.0893496
0.0842198
0.0811404
0.0819609
0.0951924
0.077544
0.0824887
0.0897079
0.0897079
0.0756427
0.0968993
0.0876478
0.094652
0.0876336
0.0861059
0.0845609
0.0862727
0.0862727
0.0855636
0.0876524
0.0861015
0.084569
0.0796147
0.0862809
0.0881758
0.0874695
0.0929505
0.0980766
0.0874385
0.0963712
0.0912441
0.0963667
0.0877902
0.0859124
0.0891654
0.0853844
0.0889748
0.0889748
0.0807716
0.086088
0.084565
0.0794196
0.08664
0.087804
0.0896956
0.0876431
0.0876431
0.087813
0.0891602
0.0933054
0.0929415
0.0929415
0.091423
0.0893351
0.0809695
0.0878174
0.0777188
0.0796074
0.0868105
0.0821345
0.0859124
0.0912217
0.094472
0.0980533
0.0932978
0.0861015
0.0857376
0.0824838
0.0824838
0.0987932
0.094292
0.0842103
0.0842103
0.095016
0.0989652
0.0977065
0.0862643
0.0862643
0.0849247
0.0893544
0.0912217
0.0828569
0.0819667
0.0891602
0.0891602
0.094472
0.094472
0.0861059
0.0861059
0.0842007
0.0842007
0.0870717
0.0802488
0.0847557
0.0891706
0.0891706
0.0859075
0.0754735
0.084569
0.0862889
0.0861059
0.0824983
0.0948279
0.0794397
0.0813164
0.0845609
0.095016
0.0843897
0.0912441
0.0891706
0.0761918
0.0787207
0.0787207
0.085758
0.0741173
0.0897079
0.0897079
0.0879843
0.0946474
0.0946474
0.0821454
0.0941233
0.0941233
0.0946565
0.0807954
0.0807954
0.0881683
0.085558
0.0836669
0.0794237
0.0876239
0.083219
0.083219
0.0788943
0.0912441
0.0830505
0.0823191
0.0811364
0.0809519
0.0908815
0.0809427
0.0853961
0.0853961
0.0897039
0.0807716
0.0880006
0.0893448
0.0864529
0.0912441
0.0912441
0.0861015
0.0825077
0.0821454
0.094661
0.0756475
0.0756475
0.0828528
0.0804111
0.0843984
0.0895198
0.0895198
0.0788788
0.0931298
0.0823293
0.0849178
0.0925869
0.0925869
0.0860834
0.0963667
0.0963667
0.0963529
0.0883307
0.0739479
0.0876288
0.0847557
0.08934
0.0862727
0.0927808
0.098248
0.0923962
0.0878218
0.0843807
0.0807716
0.0881758
0.084565
0.0859173
0.0855468
0.0826819
0.0861102
0.0861102
0.0895243
0.0864491
0.0881683
0.0862889
0.0809781
0.087813
0.103205
0.0925921
0.0790687
0.0826819
0.0857479
0.0859269
0.0927616
0.0960074
0.0980675
0.0845567
0.0830289
0.0876239
0.0840101
0.0840101
0.0792438
0.087804
0.0864604
0.0876384
0.0809781
0.0824983
0.0876288
0.0876288
0.0931338
0.0872859
0.0872859
0.084741
0.0967186
0.0967186
0.0912217
0.0912217
0.091041
0.0876288
0.0796074
0.0891706
0.0866366
0.0845609
0.0853785
0.091046
0.0910558
0.0811485
0.0961771
0.0790734
0.092571
0.0887058
0.0929415
0.0878218
0.0878218
0.0843762
0.0948362
0.0948362
0.0912398
0.0840154
0.0840154
0.0893351
0.0847448
0.0898908
0.0869885
0.0876288
0.0946428
0.0933017
0.0965381
0.0861102
0.0843897
0.091423
0.0881721
0.0897079
0.0897079
0.0891706
0.0842151
0.0941233
0.0963529
0.0879801
0.0879801
0.0862809
0.0857479
0.094467
0.0794278
0.0944865
0.087804
0.0824887
0.0843807
0.0828404
0.0828404
0.0889748
0.091041
0.0876524
0.0876524
0.0859269
0.0862643
0.0811151
0.0788841
0.086097
0.0807764
0.074296
0.0874745
0.0862685
0.0754583
0.0896956
0.0895107
0.0830363
0.0879925
0.0881721
0.0931216
0.0828569
0.0828569
0.0796074
0.0754634
0.0931216
0.0879758
0.0984364
0.0946474
0.0807954
0.0931174
0.0872749
0.0823191
0.0805965
0.0860925
0.0965206
0.0821345
0.0824838
0.0879843
0.0826732
0.0912353
0.0824789
0.0876431
0.0804386
0.0804386
0.092424
0.0893251
0.0862643
0.0775482
0.0859221
0.0864491
0.0864491
0.0874645
0.0807716
0.0807716
0.0864677
0.0710433
0.0806069
0.0787098
0.0806017
0.0806017
0.0984439
0.0849178
0.087813
0.0897039
0.086097
0.0897119
0.0929593
0.0796111
0.0813238
0.0933092
0.0933092
0.0796147
0.0879843
0.0751107
0.0751107
0.0809652
0.0924075
0.0832124
0.0931131
0.0845731
0.0796074
0.082503
0.079059
0.0807764
0.0824983
0.0908658
0.0797999
0.0797999
0.0862727
0.0825077
0.0826687
0.0893351
0.0950005
0.0843762
0.0950198
0.0982647
0.0946474
0.0917675
0.0862809
0.0948279
0.087804
0.0984401
0.091427
0.091427
0.0929415
0.0891496
0.0898561
0.0895061
0.086097
0.0809564
0.0809564
0.0857324
0.091036
0.0859173
0.0824983
0.0809652
0.0792482
0.0910509
0.083219
0.0910558
0.0881683
0.0862727
0.0895287
0.0859221
0.0891654
0.084741
0.091419
0.0826642
0.0927713
0.0896914
0.0859124
0.0843852
0.0843852
0.0912308
0.0864641
0.0874542
0.0874542
0.0824983
0.094472
0.0927713
0.0809652
0.0809608
0.0917842
0.081763
0.0794112
0.0912308
0.0725822
0.0893544
0.0893544
0.0933128
0.094472
0.094472
0.0809608
0.0857428
0.0895198
0.0808
0.0808
0.0913981
0.0796
0.0860925
0.0777148
0.0924018
0.084741
0.0931216
0.0809519
0.0794154
0.0876336
0.080051
0.0881683
0.0888185
0.0821289
0.0881794
0.082314
0.082314
0.0950122
0.075295
0.0773314
0.0773314
0.0816884
0.0891602
0.0830289
0.0916019
0.0941178
0.0895153
0.0891706
0.0920424
0.0804055
0.080786
0.080786
0.0821289
0.0840311
0.0910558
0.0754583
0.086088
0.086088
0.0896914
0.0897119
0.0842007
0.0874438
0.0771608
0.0878086
0.0826596
0.0842055
0.0876239
0.087614
0.0804332
0.0756427
0.0859173
0.0859173
0.0813274
0.0813274
0.0886338
0.0807764
0.0861059
0.0874385
0.0891706
0.082314
0.093286
0.0872581
0.087614
0.0929324
0.0889748
0.0910509
0.0706896
0.0706896
0.0828528
0.0828528
0.0828528
0.086097
0.0878086
0.0756427
0.0828609
0.0828609
0.0798843
0.0931298
0.0931298
0.0893351
0.0889916
0.0811364
0.0771713
0.0775397
0.0819491
0.0790734
0.0790687
0.0896956
0.0896956
0.0826905
0.0826905
0.087813
0.0840311
0.0838464
0.0838464
0.085541
0.084394
0.0792482
0.0889916
0.0778944
0.0881683
0.0792438
0.0843897
0.0773413
0.091041
0.0828528
0.0843852
0.0794397
0.0787207
0.08934
0.0819667
0.0895243
0.082314
0.0836669
0.0794237
0.0942973
0.0895198
0.0773558
0.0773558
0.0944519
0.089359
0.0891757
0.0804278
0.0854018
0.0842007
0.0857679
0.0910509
0.087614
0.0889691
0.0817694
0.0817694
0.0817694
0.0785364
0.0828569
0.087449
0.0809519
0.0797735
0.0895061
0.094472
0.082314
0.0788994
0.084394
0.0847372
0.0898797
0.0823035
0.0889634
0.0908711
0.0806017
0.0879884
0.0895243
0.0895243
0.091587
0.092571
0.0876288
0.0787043
0.082655
0.082655
0.0910558
0.0859173
0.0905466
0.0802546
0.0996015
0.0996015
0.0996015
0.0996015
0.0843897
0.0843897
0.080786
0.0809652
0.0737552
0.0874542
0.0897079
0.0838574
0.0889861
0.0889861
0.0840101
0.0840101
0.0824935
0.0874542
0.0927517
0.0897159
0.076986
0.0842151
0.0773745
0.0889971
0.0789094
0.0908551
0.0876239
0.0948236
0.0865584
0.0785305
0.0853961
0.0853961
0.0855691
0.0879843
0.0925869
0.0954938
0.0862385
0.0881265
0.0970321
0.0970321
0.0930804
0.0984007
0.0939899
0.0980473
0.101634
0.101634
0.0939501
0.0906799
0.0855295
0.0932566
0.0920885
0.0791209
0.0928833
0.0970834
0.117743
0.190303
0.235637
0.289147
0.361063
0.44144
0.515412
0.598397
0.615803
0.564776
0.564776
0.289475
0.229556
0.160273
0.15197
0.157469
0.156238
0.156817
0.159791
0.161959
0.168985
0.170208
0.168322
0.164071
0.16024
0.162141
0.163947
0.168416
0.168349
0.16497
0.166886
0.165182
0.165182
0.156396
0.172192
0.154296
0.154296
0.157496
0.158353
0.162185
0.165182
0.161563
0.164101
0.166687
0.164101
0.158325
0.16707
0.158565
0.16203
0.16203
0.165182
0.159444
0.160269
0.164071
0.168124
0.168124
0.164984
0.163253
0.167055
0.158747
0.153705
0.16051
0.16051
0.160043
0.160283
0.164526
0.161747
0.156817
0.173655
0.160071
0.166422
0.163648
0.162609
0.156437
0.158325
0.158325
0.168151
0.155097
0.155184
0.16372
0.162397
0.150886
0.161959
0.160029
0.165182
0.15962
0.167952
0.182042
0.199469
0.199469
0.229451
0.350452
0.324398
0.325147
0.325501
0.323374
0.314586
0.320155
0.307853
0.303179
0.303179
0.312631
0.305625
0.308967
0.305404
0.305523
0.314288
0.314288
0.294533
0.306768
0.307046
0.312088
0.307013
0.307284
0.307284
0.304083
0.303814
0.309213
0.305329
0.301809
0.307452
0.309817
0.310135
0.310135
0.307013
0.303301
0.302886
0.307861
0.30457
0.304522
0.298271
0.303106
0.301154
0.305229
0.300636
0.308134
0.51245
0.51245
0.662882
0.662882
0.751184
0.774353
0.82582
0.757775
0.757694
0.757694
0.750664
0.742218
0.735425
0.734509
0.738689
0.727429
0.72398
0.718585
0.71888
0.708993
0.710912
0.706106
0.700778
0.71053
0.71283
0.70236
0.695943
0.705769
0.705769
0.710733
0.705611
0.702563
0.700353
0.695473
0.695473
0.703225
0.697852
0.692552
0.701092
0.693176
0.689255
0.693467
0.699885
0.687917
0.690678
0.683545
0.688075
0.594694
0.512062
0.428647
0.367973
0.37041
0.36764
0.372837
0.372837
0.379332
0.373385
0.373385
0.384984
0.38008
0.376261
0.3819
0.390579
0.391072
0.391072
0.385868
0.384254
0.384254
0.378929
0.388718
0.382799
0.383511
0.391191
0.388862
0.381126
0.387322
0.389519
0.395869
0.388689
0.389707
0.388878
0.387658
0.392309
0.386015
0.387264
0.393141
0.39302
0.390884
0.389638
0.389053
0.38264
0.388528
0.395898
0.395898
0.396205
0.397816
0.387847
0.395213
0.395213
0.395461
0.395461
0.387205
0.387944
0.39209
0.386145
0.396176
0.396176
0.384532
0.39398
0.397935
0.392279
0.395622
0.395928
0.396855
0.39738
0.395928
0.395898
0.390637
0.39039
0.39039
0.392396
0.392119
0.39844
0.399269
0.383919
0.396423
0.394909
0.389212
0.396423
0.396608
0.398963
0.399517
0.393951
0.393951
0.398312
0.392615
0.394125
0.393457
0.389707
0.389707
0.395593
0.389798
0.385431
0.39568
0.386608
0.384412
0.384412
0.387847
0.391132
0.387877
0.387877
0.396353
0.396353
0.373167
0.390579
0.390724
0.381374
0.390695
0.392338
0.391042
0.391042
0.395432
0.394475
0.387758
0.396205
0.396333
0.388035
0.388035
0.397628
0.398807
0.386828
0.378929
0.395709
0.388357
0.388357
0.395622
0.398034
0.390884
0.388936
0.39844
0.390695
0.397816
0.397816
0.392585
0.389212
0.389212
0.392743
0.392526
0.394257
0.387205
0.382217
0.395651
0.395404
0.38757
0.388936
0.400443
0.395738
0.387511
0.387511
0.38998
0.387017
0.387264
0.38754
0.38866
0.394782
0.38472
0.398525
0.390795
0.396176
0.394109
0.401157
0.401157
0.393761
0.384195
0.389271
0.396116
0.387481
0.394853
0.394853
0.385868
0.389767
0.390884
0.390855
0.394475
0.389954
0.388168
0.388689
0.381186
0.381186
0.391102
0.390884
0.380269
0.392773
0.390695
0.386799
0.386145
0.387658
0.389053
0.389053
0.396016
0.39398
0.39398
0.390579
0.39039
0.397322
0.392004
0.386959
0.386959
0.388471
0.390143
0.394564
0.389242
0.389242
0.393951
0.383759
0.3885
0.392585
0.382246
0.382246
0.389094
0.380661
0.397947
0.387381
0.388386
0.39039
0.39039
0.388718
0.392803
0.392803
0.389868
0.389183
0.389183
0.396333
0.383527
0.397103
0.383644
0.376459
0.378595
0.378595
0.395241
0.392467
0.398222
0.398222
0.389128
0.393646
0.387293
0.391102
0.390332
0.383066
0.384382
0.402027
0.383426
0.400299
0.373848
0.401314
0.390086
0.389024
0.392467
0.392526
0.384633
0.389212
0.391153
0.395317
0.392367
0.396112
0.396112
0.396112
0.393514
0.386742
0.391871
0.390795
0.390795
0.389646
0.378624
0.378624
0.385316
0.384606
0.390086
0.382933
0.387974
0.391292
0.380544
0.387235
0.38795
0.38795
0.392497
0.392497
0.385749
0.397205
0.397205
0.388878
0.388878
0.39568
0.38507
0.397292
0.388747
0.387264
0.387264
0.391757
0.391757
0.38373
0.388878
0.393182
0.390991
0.390991
0.386771
0.39209
0.382
0.394853
0.385345
0.385345
0.39225
0.388907
0.385041
0.385258
0.386959
0.394257
0.391455
0.396146
0.387788
0.391539
0.395317
0.388632
0.388632
0.393761
0.386799
0.390171
0.38943
0.389896
0.389896
0.383397
0.38984
0.382822
0.395593
0.38318
0.392963
0.386799
0.385374
0.382714
0.386714
0.383236
0.390447
0.391455
0.39321
0.39039
0.392033
0.39052
0.387362
0.383644
0.387235
0.38507
0.393921
0.386988
0.387205
0.381066
0.381066
0.387788
0.381667
0.38611
0.381696
0.387264
0.383369
0.383369
0.378595
0.38021
0.382029
0.387293
0.384908
0.379014
0.383615
0.391672
0.370945
0.389538
0.395346
0.384767
0.385041
0.386988
0.391539
0.386468
0.38866
0.386524
0.385562
0.398383
0.396031
0.393154
0.395071
0.387176
0.392004
0.395651
0.395651
0.379615
0.380687
0.382905
0.383672
0.39321
0.39321
0.38984
0.38984
0.390579
0.391292
0.392635
0.383397
0.393182
0.38145
0.391946
0.390447
0.384767
0.390361
0.390361
0.387838
0.386241
0.385316
0.385316
0.388224
0.388224
0.385345
0.387205
0.387205
0.378841
0.382217
0.381535
0.382877
0.388878
0.388878
0.392497
0.397947
0.383672
0.383672
0.38565
0.38814
0.380876
0.390332
0.387422
0.394768
0.381942
0.387205
0.386552
0.386222
0.382632
0.382632
0.381563
0.379476
0.380876
0.380876
0.390736
0.386988
0.388386
0.388386
0.385779
0.392004
0.392004
0.383016
0.383016
0.385812
0.385812
0.387621
0.389375
0.394985
0.390608
0.390245
0.387676
0.387894
0.386166
0.38984
0.38984
0.386305
0.391455
0.391455
0.383426
0.383311
0.388357
0.392033
0.397263
0.397263
0.389237
0.393646
0.382604
0.388328
0.380023
0.3917
0.3917
0.383426
0.376402
0.376402
0.38021
0.37659
0.384249
0.378378
0.383369
0.387264
0.387866
0.38644
0.38644
0.38644
0.38644
0.386714
0.383672
0.383672
0.389783
0.389783
0.379588
0.378841
0.378841
0.38693
0.379834
0.381121
0.380544
0.388083
0.386468
0.385127
0.386771
