-0.0110053
-0.0126977
-0.0104898
-0.0163985
-0.0179903
-0.0117902
-0.0177953
-0.0162998
-0.0137989
-0.0144872
-0.01309
-0.0150011
-0.0187999
-0.0118894
-0.0153938
-0.0131884
-0.0129931
-0.0126972
-0.0127964
-0.0134067
-0.0157859
-0.0169858
-0.0102952
-0.0160063
-0.0143893
-0.0156134
-0.0137995
-0.0128941
-0.0108865
-0.0142907
-0.0142911
-0.0127957
-0.0139966
-0.0163985
-0.0153941
-0.0181863
-0.0141932
-0.0158835
-0.0131888
-0.0141934
-0.0134837
-0.0129921
-0.0129916
-0.0126972
-0.0119884
-0.0132875
-0.0121843
-0.0163001
-0.0117914
-0.0167899
-0.0153932
-0.0146828
-0.0181863
-0.0138009
-0.0122836
-0.0188004
-0.0190936
-0.0139962
-0.00889786
-0.0125988
-0.0115937
-0.00978486
-0.0164965
-0.0140952
-0.0155901
-0.0149019
-0.0149028
-0.0163979
-0.0160063
-0.0115943
-0.0163004
-0.0101976
-0.0140941
-0.0164967
-0.0164708
-0.0137999
-0.0137023
-0.0138968
-0.0160063
-0.0168875
-0.017795
-0.0168884
-0.0139966
-0.0145834
-0.0129921
-0.0127947
-0.0153918
-0.0129921
-0.0111997
-0.0156879
-0.0106893
-0.0117919
-0.0139957
-0.00999896
-0.0142911
-0.0141936
-0.0139966
-0.0153932
-0.0137995
-0.0141924
-0.0129921
-0.00859783
-0.0135051
-0.00948736
-0.0144858
-0.0146828
-0.0140952
-0.0137995
-0.0157851
-0.0143885
-0.0144872
-0.0126968
-0.0126955
-0.0135047
-0.00999962
-0.0119884
-0.0117887
-0.0110029
-0.0123025
-0.0117919
-0.0138983
-0.0140952
-0.0179909
-0.0129925
-0.0110819
-0.0150014
-0.0185771
-0.0125992
-0.0111798
-0.0133857
-0.0167901
-0.017795
-0.0152961
-0.0156881
-0.0118899
-0.0126972
-0.016496
-0.0156879
-0.0117919
-0.0156879
-0.0170841
-0.0155898
-0.0169862
-0.014684
-0.0150993
-0.0148798
-0.0142907
-0.0147817
-0.0129925
-0.0135055
-0.0132871
-0.0125982
-0.0175995
-0.0100984
-0.015394
-0.0163001
-0.0152959
-0.0154914
-0.0193868
-0.0152951
-0.0140949
-0.0130895
-0.0193867
-0.0138986
-0.0186048
-0.0144879
-0.0153936
-0.0160793
-0.0127952
-0.0115953
-0.0152954
-0.0125996
-0.0108846
-0.0131894
-0.0115937
-0.0177944
-0.0151978
-0.0147072
-0.0127947
-0.0129925
-0.0142914
-0.0157857
-0.0170828
-0.0138983
-0.012698
-0.0117923
-0.0133846
-0.0120863
-0.0138983
-0.0188002
-0.0179909
-0.0144877
-0.0118903
-0.0128941
-0.0160799
-0.0123816
-0.0156879
-0.0130908
-0.0139966
-0.0108821
-0.0140952
-0.0127952
-0.0163975
-0.0159083
-0.0178919
-0.0142911
-0.0124017
-0.0121852
-0.0133854
-0.00818861
-0.014389
-0.0138983
-0.0127964
-0.0138968
-0.0132868
-0.0133846
-0.012991
-0.0141928
-0.016496
-0.0168879
-0.0149019
-0.0151968
-0.014389
-0.0137999
-0.0149028
-0.00909356
-0.0138989
-0.0143893
-0.0142911
-0.0151975
-0.0139962
-0.0139962
-0.0127952
-0.0143898
-0.0112003
-0.0137999
-0.0122836
-0.0161042
-0.0127952
-0.0126968
-0.0152954
-0.0111989
-0.015099
-0.0122832
-0.0121078
-0.0163007
-0.016496
-0.0160065
-0.0136036
-0.0125988
-0.016006
-0.0156873
-0.0128941
-0.0125007
-0.0089961
-0.0142911
-0.0189959
-0.0138974
-0.0142911
-0.0118899
-0.0115943
-0.0130908
-0.0131879
-0.0193868
-0.0160798
-0.0125999
-0.0124997
-0.0134067
-0.0154921
-0.0135812
-0.0143874
-0.0148045
-0.0142914
-0.0161046
-0.0132868
-0.0151968
-0.0122051
-0.0139969
-0.0143893
-0.0135055
-0.0132868
-0.0100963
-0.0132868
-0.0135812
-0.0179909
-0.0178931
-0.0149034
-0.0135812
-0.0116923
-0.00999896
-0.0166925
-0.0119873
-0.0161777
-0.0108865
-0.0171812
-0.0113956
-0.0139971
-0.0169856
-0.0129916
-0.0208798
-0.0093912
-0.0120863
-0.0133835
-0.0167905
-0.00939166
-0.0162752
-0.014585
-0.0155888
-0.0134834
-0.0125982
-0.01309
-0.0141919
-0.0116938
-0.0165944
-0.0158839
-0.00919165
-0.0150996
-0.0140949
-0.0142903
-0.0158835
-0.0116938
-0.0126948
-0.017893
-0.0108846
-0.017599
-0.0152959
-0.012698
-0.0154917
-0.0133851
-0.0161034
-0.0107843
-0.0122822
-0.0139962
-0.0154919
-0.014388
-0.0145854
-0.0167905
-0.0127952
-0.0121852
-0.0106906
-0.0155895
-0.0144877
-0.0178929
-0.018409
-0.0125774
-0.011495
-0.0186046
-0.0153936
-0.0162998
-0.0136798
-0.0134834
-0.0168881
-0.0135051
-0.0177952
-0.0155895
-0.0127941
-0.0151975
-0.0146832
-0.0129916
-0.0100994
-0.0181864
-0.0174033
-0.0161038
-0.0150003
-0.0150003
-0.0162016
-0.0162016
-0.013602
-0.0148045
-0.0148045
-0.0120852
-0.0141928
-0.0140945
-0.0131888
-0.0128947
-0.0120875
-0.0153941
-0.016496
-0.0128937
-0.0144872
-0.0178931
-0.0150003
-0.0113976
-0.01309
-0.0144863
-0.0141924
-0.013701
-0.0150754
-0.0167905
-0.0151972
-0.00808877
-0.0122045
-0.0129904
-0.0133082
-0.012499
-0.0117914
-0.0176974
-0.0136031
-0.0136039
-0.0151968
-0.00688682
-0.00909595
-0.0112976
-0.0112976
-0.0142903
-0.0153928
-0.0137989
-0.0117902
-0.0119859
-0.0142911
-0.0107879
-0.0128947
-0.015786
-0.0119884
-0.0157857
-0.0119888
-0.0128937
-0.0139957
-0.0140941
-0.020099
-0.0164963
-0.0164965
-0.0166924
-0.0138983
-0.0115937
-0.0128937
-0.0147066
-0.0120858
-0.0125007
-0.0105907
-0.0131888
-0.0122045
-0.0177947
-0.00948736
-0.0111022
-0.0104926
-0.0152957
-0.0155895
-0.0161042
-0.0136036
-0.0149019
-0.0155901
-0.0101971
-0.0162023
-0.0138968
-0.0150993
-0.0137983
-0.0127952
-0.0119884
-0.0118894
-0.012698
-0.0127961
-0.0124022
-0.0127952
-0.0131105
-0.0138983
-0.0121059
-0.0163004
-0.0166914
-0.0111997
-0.00879835
-0.0125992
-0.0129921
-0.0129921
-0.0178931
-0.0155888
-0.0150993
-0.0129921
-0.0129928
-0.0165941
-0.0137015
-0.0142903
-0.011397
-0.0139957
-0.0140941
-0.012991
-0.0137023
-0.0136031
-0.0129916
-0.0138979
-0.0187025
-0.015491
-0.0165941
-0.017599
-0.0143896
-0.0165938
-0.0138968
-0.0138968
-0.0135055
-0.0154914
-0.0169862
-0.0177953
-0.0177953
-0.0124795
-0.0116923
-0.0116923
-0.0138983
-0.0127952
-0.0137019
-0.0137019
-0.0186044
-0.0112022
-0.0176967
-0.0179909
-0.0166925
-0.0159069
-0.0162011
-0.0151972
-0.0136026
-0.0152951
-0.0163985
-0.0125976
-0.0150993
-0.0129921
-0.0138979
-0.0202942
-0.0130905
-0.0152946
-0.0202944
-0.0161038
-0.0149034
-0.0123031
-0.0123031
-0.0163975
-0.012991
-0.0141928
-0.0141928
-0.0125011
-0.0125011
-0.0140949
-0.0173058
-0.0162025
-0.0152954
-0.0152954
-0.0140941
-0.0122051
-0.0120078
-0.0147066
-0.0179908
-0.0179908
-0.0139957
-0.0761866
-0.0525495
-0.0559615
-0.0573513
-0.0586385
-0.0586385
-0.0672424
-0.0766625
-0.154037
-0.218831
-0.29607
-0.405784
-0.405784
-0.46671
-0.541548
-0.520763
-0.458834
-0.374088
-0.374088
-0.185305
-0.204115
-0.324283
-0.400613
-0.451516
-0.451516
-0.443
-0.421314
-0.427857
-0.444032
-0.438657
-0.445864
-0.433972
-0.43294
-0.437169
-0.433726
-0.442081
-0.437258
-0.429112
-0.431168
-0.427404
-0.438017
-0.434245
-0.434811
-0.425745
-0.427264
-0.431346
-0.4356
-0.430523
-0.423999
-0.427
-0.424885
-0.429921
-0.432096
-0.427772
-0.425331
-0.43044
-0.429156
-0.432004
-0.42987
-0.42987
-0.423697
-0.427115
-0.433396
-0.426651
-0.425805
-0.424535
-0.423805
-0.431378
-0.429271
-0.428128
-0.425082
-0.423682
-0.426121
-0.429082
-0.425905
-0.427289
-0.427289
-0.429338
-0.426915
-0.422764
-0.428358
-0.42496
-0.424885
-0.426021
-0.426021
-0.42366
-0.425972
-0.427
-0.424662
-0.42622
-0.424646
-0.425756
-0.424829
-0.427015
-0.423675
-0.421778
-0.422614
-0.422614
-0.422209
-0.396908
-0.36225
-0.301306
-0.260107
-0.260107
-0.257889
-0.256909
-0.242936
-0.263147
-0.252712
-0.249907
-0.255708
-0.252237
-0.249619
-0.248185
-0.249749
-0.247972
-0.25525
-0.25463
-0.250927
-0.252103
-0.252478
-0.249068
-0.251337
-0.251145
-0.251699
-0.252587
-0.24989
-0.252105
-0.250026
-0.252846
-0.250901
-0.247888
-0.252208
-0.247042
-0.251778
-0.249888
-0.250793
-0.250046
-0.246829
-0.252346
-0.25175
-0.248796
-0.252295
-0.247758
-0.251278
-0.248877
-0.240195
-0.179449
-0.0881478
-0.070172
-0.0686772
-0.0423707
-0.0254621
-0.0295355
-0.0221559
-0.01826
-0.0221963
-0.0169667
-0.0226061
-0.0186265
-0.0167797
-0.0174372
-0.0188532
-0.0189388
-0.0144856
-0.016383
-0.0153991
-0.0119263
-0.0094515
-0.0167564
-0.0156717
-0.0150865
-0.0162933
-0.0145332
-0.0144897
-0.0144897
-0.0163869
-0.0135171
-0.0129975
-0.0150989
-0.01253
-0.0147167
-0.0149888
-0.0131975
-0.0138996
-0.0162856
-0.0149118
-0.0134319
-0.0111515
-0.0136274
-0.0132405
-0.0171803
-0.0143105
-0.0153914
-0.0121046
-0.0129212
-0.00915697
0.0115708
0.00996444
0.0268666
0.000259151
-0.0889524
-0.171718
-0.235743
-0.283952
-0.314218
-0.316836
-0.309951
-0.317786
-0.306904
-0.303133
-0.317651
-0.324488
-0.328872
-0.321782
-0.312208
-0.318572
-0.326829
-0.331351
-0.328252
-0.321801
-0.318251
-0.316015
-0.328197
-0.330875
-0.321517
-0.31587
-0.314934
-0.317508
-0.327912
-0.319065
-0.320664
-0.316288
-0.317777
-0.322883
-0.322883
-0.3237
-0.318804
-0.320387
-0.31992
-0.324325
-0.324574
-0.324574
-0.321336
-0.321576
-0.322216
-0.325914
-0.329459
-0.327755
-0.32226
-0.323637
-0.324007
-0.325925
-0.32483
-0.325238
-0.325747
-0.321064
-0.322216
-0.324597
-0.327609
-0.325713
-0.323412
-0.322351
-0.324517
-0.32243
-0.319285
-0.320446
-0.321518
-0.31989
-0.319376
-0.323808
-0.324642
-0.322737
-0.322861
-0.321609
-0.324483
-0.326875
-0.323514
-0.323763
-0.329063
-0.325905
-0.325736
-0.324551
-0.32446
-0.322374
-0.328771
-0.325916
-0.330068
-0.325939
-0.327044
-0.325453
-0.328113
-0.324359
-0.324721
-0.324721
-0.326018
-0.322431
-0.322386
-0.326051
-0.323615
-0.32704
-0.324079
-0.321995
-0.325139
-0.322884
-0.323684
-0.327099
-0.32417
-0.328395
-0.326299
-0.325995
-0.326975
-0.322941
-0.330053
-0.329454
-0.326761
-0.329052
-0.326085
-0.315061
-0.31817
-0.31817
-0.320357
-0.307775
-0.318625
-0.315816
-0.304829
-0.306866
-0.308156
-0.306064
-0.308555
-0.309582
-0.314916
-0.310878
-0.306094
-0.311248
-0.316008
-0.302904
-0.29834
-0.290792
-0.283171
-0.283171
-0.268322
-0.265064
-0.264514
-0.257986
-0.251751
-0.250001
-0.246742
-0.246255
-0.254109
-0.255927
-0.257441
-0.257527
-0.258718
-0.263818
-0.268546
-0.270306
-0.262421
-0.26538
-0.269518
-0.271469
-0.271189
-0.27024
-0.269559
-0.265614
-0.265889
-0.268038
-0.263437
-0.260765
-0.25415
-0.253677
-0.251214
-0.251214
-0.249738
-0.240786
-0.23991
-0.241909
-0.243295
-0.24293
-0.243344
-0.241749
-0.235888
-0.235312
-0.238167
-0.232207
-0.223671
-0.220323
-0.210941
-0.211501
-0.210264
-0.211033
-0.207301
-0.201552
-0.204123
-0.196834
-0.200648
-0.196697
-0.198428
-0.196558
-0.195865
-0.19343
-0.199964
-0.197524
-0.190292
-0.190912
-0.189986
-0.189159
-0.193139
-0.195647
-0.193421
-0.192377
-0.195646
-0.193769
-0.193279
-0.189864
-0.19022
-0.186945
-0.190134
-0.195904
-0.195904
-0.194716
-0.195215
-0.197857
-0.19116
-0.196119
-0.19116
-0.187763
-0.191514
-0.194509
-0.19332
-0.193532
-0.187669
-0.187669
-0.187239
-0.187239
-0.189496
-0.192702
-0.194721
-0.188025
-0.194099
-0.192487
-0.184178
-0.191229
-0.192131
-0.193745
-0.194649
-0.198969
-0.202877
-0.199444
-0.198328
-0.195952
-0.195479
-0.196308
-0.200696
-0.198867
-0.191271
-0.196923
-0.199773
-0.195235
-0.19336
-0.189614
-0.192271
-0.195539
-0.193023
-0.195404
-0.195615
-0.190322
-0.197366
-0.197437
-0.192908
-0.201065
-0.198627
-0.202522
-0.198965
-0.200551
-0.201942
-0.198251
-0.200743
-0.203613
-0.200275
-0.199582
-0.199651
-0.202711
-0.197843
-0.20043
-0.199107
-0.202457
-0.197559
-0.199301
-0.192603
-0.193713
-0.192023
-0.189029
-0.186875
-0.190578
-0.190445
-0.190182
-0.188283
-0.185721
-0.18781
-0.187954
-0.190894
-0.188856
-0.189471
-0.185616
-0.193432
-0.19091
-0.189576
-0.186876
-0.188752
-0.192649
-0.191672
-0.190509
-0.193171
-0.193084
-0.19282
-0.187856
-0.19002
-0.194625
-0.191743
-0.191814
-0.197047
-0.19481
-0.194122
-0.189799
-0.19369
-0.187339
-0.187818
-0.189362
-0.185865
-0.185512
-0.18057
-0.177078
-0.181106
-0.181033
-0.179184
-0.178362
-0.179239
-0.177362
-0.181471
-0.181472
-0.176787
-0.179386
-0.175061
-0.178266
-0.180386
-0.178823
-0.174786
-0.175251
-0.175022
-0.169585
-0.174589
-0.174589
-0.170479
-0.170182
-0.170182
-0.169065
-0.161376
-0.168243
-0.161378
-0.162866
-0.156528
-0.162348
-0.162646
-0.156678
-0.157349
-0.155262
-0.154368
-0.159364
-0.158543
-0.157573
-0.156603
-0.14951
-0.152944
-0.156526
-0.156303
-0.154514
-0.156753
-0.160483
-0.15593
-0.150026
-0.155854
-0.153538
-0.15772
-0.152125
-0.155855
-0.151891
-0.152493
-0.150921
-0.149875
-0.15063
-0.148915
-0.154813
-0.153618
-0.149218
-0.152267
-0.145394
-0.14391
-0.136304
-0.137704
-0.139793
-0.132996
-0.135772
-0.13345
-0.141594
-0.137575
-0.136071
-0.136071
-0.130785
-0.135765
-0.140172
-0.143892
-0.135307
-0.136508
-0.136201
-0.137932
-0.139205
-0.135691
-0.136534
-0.13167
-0.136527
-0.136527
-0.143095
-0.143095
-0.140702
-0.142355
-0.138484
-0.139281
-0.135006
-0.135926
-0.140553
-0.141824
-0.139277
-0.144589
-0.143472
-0.146533
-0.146533
-0.148916
-0.149068
-0.146075
-0.142866
-0.147271
-0.152794
-0.152944
-0.157424
-0.157947
-0.154813
-0.156155
-0.158021
-0.158843
-0.15899
-0.160188
-0.160486
-0.163402
-0.165041
-0.17027
-0.164216
-0.16519
-0.16519
-0.166839
-0.165935
-0.164072
-0.167049
-0.164361
-0.164286
-0.163398
-0.167802
-0.16907
-0.162351
-0.167951
-0.16549
-0.16459
-0.167656
-0.166088
-0.172674
-0.165341
-0.169745
-0.170051
-0.168846
-0.168032
-0.168698
-0.174445
-0.169671
-0.167728
-0.164516
-0.165562
-0.165708
-0.168023
-0.157796
-0.159811
-0.165931
-0.158987
-0.159885
-0.158167
-0.159513
-0.157798
-0.160855
-0.157573
-0.156081
-0.16324
-0.162344
-0.164137
-0.158617
-0.156454
-0.16264
-0.16673
-0.170813
-0.164114
-0.165009
-0.16576
-0.170759
-0.167186
-0.171199
-0.171879
-0.168653
-0.170813
-0.173945
-0.171053
-0.168818
-0.170614
-0.167847
-0.164788
-0.171492
-0.167847
-0.165392
-0.164201
-0.167847
-0.169275
-0.172464
-0.171054
-0.166362
-0.168964
-0.173822
-0.167793
-0.168624
-0.168624
-0.167346
-0.166313
-0.165781
-0.167716
-0.170849
-0.170996
-0.173897
-0.172099
-0.169789
-0.172025
-0.172868
-0.171836
-0.16518
-0.165851
-0.165859
-0.165409
-0.166003
-0.164506
-0.166078
-0.166078
-0.16167
-0.159583
-0.159513
-0.161077
-0.160779
-0.156377
-0.158243
-0.15988
-0.164365
-0.161675
-0.159515
-0.163175
-0.162647
-0.163396
-0.167273
-0.168628
-0.16997
-0.170942
-0.17228
-0.168029
-0.175381
-0.171032
-0.169381
-0.165322
-0.160912
-0.155331
-0.159545
-0.153302
-0.150071
-0.146963
-0.146496
-0.141074
-0.144828
-0.144243
-0.145273
-0.146484
-0.140307
-0.14021
-0.139821
-0.144284
-0.14045
-0.14121
-0.141601
-0.140103
-0.142195
-0.140514
-0.145125
-0.140439
-0.141904
-0.142369
-0.143672
-0.14455
-0.14455
-0.142246
-0.139686
-0.143373
-0.144475
-0.145328
-0.145015
-0.143974
-0.141617
-0.144739
-0.145278
-0.143724
-0.140112
-0.140615
-0.14093
-0.140301
-0.140049
-0.140515
-0.136241
-0.144977
-0.142935
-0.143334
-0.13901
-0.14114
-0.138095
-0.139262
-0.140352
-0.142218
-0.140989
-0.14218
-0.140176
-0.144589
-0.144902
-0.143308
-0.140964
-0.144224
-0.142919
-0.143033
-0.142706
-0.143472
-0.145153
-0.142206
-0.137986
-0.141387
-0.14145
-0.140725
-0.139571
-0.140308
-0.139343
-0.139646
-0.139065
-0.138353
-0.139027
-0.140623
-0.13687
-0.13687
-0.140737
-0.139027
-0.137873
-0.141538
-0.139659
-0.140535
-0.139865
-0.138825
-0.142189
-0.139575
-0.142742
-0.13936
-0.14465
-0.141985
-0.14299
-0.141949
-0.141847
-0.143955
-0.140958
-0.144824
-0.137923
-0.142477
-0.138065
-0.136109
-0.142977
-0.142477
-0.14102
-0.138597
-0.138229
-0.137277
-0.139411
-0.138825
-0.137062
-0.137581
-0.139436
-0.133697
-0.140313
-0.136046
-0.137391
-0.137379
-0.138904
-0.130851
-0.146302
-0.142978
-0.140423
-0.139665
-0.142245
-0.141075
-0.143348
-0.144504
-0.142779
-0.143046
-0.141484
-0.143635
-0.141751
-0.140416
-0.14001
-0.143683
-0.139437
-0.144101
-0.141395
-0.142806
-0.137404
-0.141738
-0.143423
-0.137391
-0.138535
-0.14395
-0.140924
-0.141226
-0.140518
-0.141787
-0.139299
-0.141649
-0.142205
-0.138472
-0.143286
-0.146688
-0.144279
-0.142177
-0.142177
-0.144916
-0.14054
-0.14054
-0.14204
-0.143218
-0.148423
-0.142615
-0.141814
-0.141876
-0.142156
-0.140554
-0.141711
-0.139107
-0.136756
-0.137774
-0.139285
-0.14249
-0.142553
-0.141168
-0.140554
-0.144052
-0.139872
-0.136425
-0.142717
-0.140175
-0.140772
-0.140113
-0.142415
-0.144601
-0.141422
-0.141395
-0.145231
-0.142161
-0.14221
-0.146965
-0.142223
-0.144855
-0.143621
-0.142112
-0.143833
-0.142237
-0.139759
-0.137506
-0.139948
-0.138842
-0.140878
-0.141333
-0.139948
-0.139107
-0.141484
-0.136438
-0.14156
-0.140215
-0.142161
-0.142401
-0.139961
-0.13879
-0.141279
-0.138002
-0.143203
-0.141524
-0.135267
-0.13972
-0.139997
-0.141395
-0.14099
-0.142553
-0.146623
-0.139644
-0.139644
-0.143141
-0.14299
-0.139987
-0.137989
-0.139657
-0.137632
-0.140038
-0.14127
-0.139478
-0.143038
-0.140037
-0.139934
-0.143292
-0.141168
-0.141983
-0.14127
-0.142525
-0.143279
-0.14249
-0.142312
-0.13748
-0.140851
-0.144663
-0.141818
-0.143217
-0.142333
-0.147632
-0.138879
-0.142882
-0.142168
-0.142949
-0.140914
-0.141306
-0.142148
-0.141425
-0.138141
-0.137238
-0.141969
-0.136819
-0.140686
-0.140851
-0.141398
-0.140624
-0.140811
-0.143265
-0.14343
-0.13963
-0.138866
-0.142963
-0.140927
-0.141612
-0.134948
-0.141729
-0.139376
-0.1379
-0.138638
-0.142374
-0.140024
-0.142237
-0.142704
-0.141653
-0.144724
-0.142784
-0.140735
-0.141956
-0.138307
-0.143703
-0.144019
-0.138267
-0.144471
-0.139782
-0.1431
-0.142874
-0.138942
-0.139872
-0.14212
-0.142333
-0.141996
-0.139384
-0.141818
-0.141956
-0.137569
-0.140762
-0.139796
-0.142976
-0.142477
-0.144059
-0.142709
-0.141818
-0.143003
-0.140749
-0.139514
-0.141983
-0.13959
-0.140976
-0.14168
-0.141804
-0.141907
-0.139184
-0.13959
-0.139349
-0.144066
-0.145102
-0.138574
-0.138892
-0.141052
-0.14504
-0.143038
-0.138736
-0.139563
-0.139769
-0.139858
-0.137125
-0.139983
-0.139067
-0.143203
-0.143327
-0.14192
-0.139121
-0.140329
-0.136004
-0.142963
-0.144601
-0.143038
-0.138598
-0.135914
-0.144684
-0.138866
-0.142825
-0.141336
-0.142647
-0.142647
-0.145506
-0.143716
-0.141626
-0.139452
-0.14019
-0.141363
-0.141363
-0.141412
-0.141398
-0.138168
-0.140659
-0.138486
-0.139617
-0.140177
-0.139514
-0.139693
-0.140797
-0.139322
-0.1409
-0.138396
-0.139362
-0.137188
-0.14127
-0.137417
-0.13879
-0.13874
-0.136613
-0.140508
-0.140749
-0.137873
-0.14221
-0.141349
-0.144334
-0.143114
-0.140025
-0.140025
-0.142539
-0.138177
-0.138177
-0.138356
-0.138727
-0.136853
-0.142976
-0.140382
-0.140797
-0.141052
-0.141742
-0.139411
-0.142134
-0.141956
-0.139438
-0.143567
-0.142258
-0.14245
-0.139425
-0.141782
-0.1409
-0.142148
-0.142148
-0.14057
-0.139438
-0.144574
-0.140618
-0.139349
-0.144566
-0.140432
-0.14266
-0.140534
-0.14168
-0.13921
-0.144896
-0.143155
-0.141626
-0.140762
-0.143265
-0.144231
-0.142512
-0.14101
-0.140824
-0.143203
-0.137798
-0.137238
-0.140521
-0.138231
-0.138115
-0.139438
-0.14099
-0.138915
-0.139742
-0.14384
-0.142811
-0.138356
-0.140377
-0.142771
-0.140342
-0.14397
-0.141715
-0.14223
-0.143949
-0.142969
-0.142258
-0.141701
-0.14057
-0.143223
-0.140694
-0.13837
-0.136219
-0.138356
-0.140797
-0.142379
-0.135824
-0.135824
-0.138154
-0.140432
-0.143065
-0.139693
-0.13599
-0.139197
-0.140797
-0.140659
-0.140775
-0.137632
-0.141488
-0.140811
-0.138267
-0.143265
-0.142606
-0.143265
-0.13963
-0.13959
-0.141563
-0.140329
-0.137211
-0.139742
-0.14155
-0.143943
-0.143011
-0.140797
-0.146144
-0.140012
-0.141563
-0.140012
-0.138459
-0.140556
-0.140585
-0.139425
-0.141715
-0.139425
-0.138499
-0.138141
-0.141016
-0.135698
-0.144019
-0.139487
-0.137095
-0.143916
-0.141501
-0.139465
-0.140074
-0.141398
-0.142784
-0.138982
-0.141336
-0.140432
-0.137886
-0.139094
-0.14233
-0.142709
-0.139349
-0.142544
-0.139389
-0.143132
-0.140646
-0.13861
-0.138128
-0.142544
-0.141653
-0.135851
-0.142058
-0.140597
-0.141639
-0.139349
-0.138727
-0.142509
-0.13926
-0.144032
-0.136969
-0.140722
-0.140329
-0.141742
-0.139273
-0.140315
-0.141804
-0.138115
-0.142709
-0.1436
-0.140583
-0.140583
-0.137734
-0.142151
-0.140722
-0.140418
-0.138052
-0.142695
-0.140012
-0.142303
-0.141501
-0.137962
-0.141371
-0.139541
-0.13837
-0.139438
-0.142887
-0.141536
-0.141447
-0.141412
-0.137288
-0.139886
-0.136767
-0.142825
-0.144622
-0.139232
-0.140521
-0.139962
-0.141398
-0.136601
-0.139452
-0.137734
-0.142757
-0.142045
-0.138687
-0.140329
-0.141219
-0.141412
-0.139197
-0.136561
-0.140253
-0.139474
-0.142468
-0.141715
-0.139197
-0.138217
-0.141653
-0.142798
-0.140976
-0.142757
-0.139604
-0.13959
-0.140391
-0.142771
-0.142771
-0.139411
-0.136143
-0.138446
-0.138396
-0.140025
-0.141763
-0.137707
-0.138763
-0.139998
-0.139617
-0.139721
-0.136651
-0.138025
-0.14613
-0.137783
-0.141956
-0.138906
-0.13981
-0.141068
-0.137935
-0.138597
-0.139998
-0.142365
-0.136588
-0.14155
-0.141295
-0.143297
-0.143689
-0.141309
-0.148271
-0.141563
-0.134463
-0.141233
-0.142151
-0.137926
-0.13908
-0.139232
-0.137238
-0.137962
-0.13917
-0.142223
-0.141866
-0.137671
-0.142969
-0.142969
-0.145047
-0.13921
-0.139756
-0.13772
-0.143881
-0.142468
-0.139949
-0.141206
-0.139729
-0.140405
-0.138101
-0.140163
-0.140163
-0.143052
-0.138015
-0.142846
-0.143203
-0.142722
-0.141095
-0.140163
-0.139514
-0.138879
-0.13837
-0.142633
-0.140453
-0.141563
-0.141563
-0.137211
-0.135901
-0.140329
-0.138011
-0.140632
-0.141371
-0.140694
-0.138879
-0.139639
-0.139018
-0.13489
-0.141818
-0.140481
-0.14598
-0.137657
-0.13688
-0.13917
-0.140425
-0.136866
-0.140342
-0.141398
-0.139273
-0.136229
-0.137072
-0.137072
-0.135465
-0.136004
-0.139156
-0.140481
-0.142653
-0.142653
-0.138128
-0.140391
-0.140529
-0.140618
-0.139653
-0.135901
-0.143045
-0.141914
-0.14015
-0.142681
-0.143106
-0.141598
-0.139384
-0.14015
-0.141825
-0.141054
-0.142454
-0.141267
-0.136143
-0.140288
-0.141536
-0.142798
-0.139045
-0.137846
-0.135964
-0.138253
-0.138432
-0.1409
-0.141536
-0.141292
-0.138253
-0.140481
-0.138101
-0.134563
-0.142846
-0.140811
-0.138598
-0.13908
-0.14146
-0.136624
-0.140521
-0.13908
-0.142045
-0.142681
-0.141385
-0.138991
-0.142722
-0.143854
-0.14113
-0.139336
-0.140723
-0.143586
-0.141818
-0.140329
-0.139411
-0.135569
-0.140122
-0.144882
-0.144882
-0.141522
-0.140735
-0.137962
-0.140735
-0.139143
-0.139563
-0.139563
-0.14124
-0.138597
-0.134819
-0.137846
-0.139563
-0.139563
-0.138776
-0.13768
-0.138177
-0.138177
-0.142695
-0.13768
-0.139067
-0.138991
-0.14613
-0.141729
-0.139031
-0.13688
-0.128839
-0.128839
-0.139094
-0.138087
-0.143737
-0.140467
-0.139308
-0.139308
-0.143792
-0.139246
-0.139246
-0.140315
-0.137935
-0.139514
-0.139514
-0.139563
-0.140467
-0.14212
-0.138508
-0.14188
-0.139487
-0.138191
-0.142681
-0.139536
-0.142997
-0.138571
-0.14146
-0.141164
-0.139129
-0.139536
-0.142804
-0.139563
-0.142592
-0.14006
-0.139031
-0.139832
-0.142818
-0.137922
-0.138115
-0.136929
-0.140226
-0.138191
-0.138356
-0.13955
-0.140722
-0.140302
-0.143874
-0.138267
-0.141398
-0.133661
-0.141972
-0.137693
-0.140136
-0.140494
-0.140494
-0.141398
-0.14015
-0.138673
-0.139935
-0.138507
-0.137998
-0.140136
-0.140978
-0.140315
-0.139957
-0.139949
-0.140453
-0.138673
-0.141474
-0.138074
-0.138405
-0.137873
-0.137198
-0.139577
-0.140646
-0.135874
-0.141811
-0.135582
-0.142832
-0.138087
-0.140481
-0.136907
-0.13828
-0.140177
-0.139232
-0.141793
-0.135555
-0.139487
-0.142017
-0.141385
-0.140094
-0.142894
-0.139219
-0.143675
-0.142653
-0.139895
-0.138991
-0.139156
-0.138128
-0.14057
-0.139156
-0.141687
-0.140163
-0.140288
-0.140074
-0.139156
-0.142619
-0.139487
-0.138038
-0.140212
-0.139625
-0.142413
-0.140329
-0.139067
-0.142606
-0.138839
-0.135582
-0.141054
-0.139156
-0.13917
-0.141729
-0.141419
-0.140114
-0.141433
-0.142983
-0.138866
-0.138915
-0.143991
-0.14155
-0.142289
-0.140212
-0.14015
-0.140405
-0.139577
-0.141687
-0.143751
-0.139819
-0.141322
-0.139411
-0.134756
-0.138445
-0.137998
-0.137108
-0.138025
-0.138025
-0.13459
-0.141233
-0.139474
-0.139563
-0.137135
-0.139232
-0.13879
-0.14211
-0.140226
-0.139004
-0.13908
-0.138328
-0.143765
-0.142379
-0.140315
-0.142544
-0.141322
-0.140923
-0.13815
-0.136624
-0.140046
-0.141116
-0.139819
-0.142124
-0.14113
-0.141267
-0.137361
-0.140329
-0.136548
-0.137859
-0.144957
-0.135658
-0.135645
-0.137032
-0.140391
-0.138074
-0.14015
-0.140253
-0.141653
-0.141825
-0.139446
-0.140921
-0.140163
-0.143251
-0.141419
-0.141447
-0.141447
-0.141447
-0.142502
-0.139336
-0.138204
-0.13806
-0.140163
-0.139197
-0.137617
-0.140494
-0.140943
-0.141536
-0.139881
-0.139881
-0.139156
-0.140735
-0.138101
-0.13968
-0.142227
-0.136422
-0.140659
-0.142323
-0.139121
-0.140274
-0.13772
-0.13908
-0.140239
-0.136969
-0.138141
-0.140198
-0.140391
-0.14211
-0.141281
-0.138776
-0.138915
-0.137631
-0.137922
-0.143482
-0.135299
-0.145286
-0.139108
-0.143482
-0.135632
-0.136888
-0.140591
-0.137818
-0.137261
-0.135708
-0.138928
-0.138928
-0.142186
-0.141639
-0.138253
-0.139115
-0.137005
-0.136714
-0.137886
-0.139384
-0.140824
-0.137617
-0.139184
-0.143613
-0.145183
-0.140302
-0.137059
-0.140708
-0.141322
-0.13926
-0.142248
-0.138239
-0.141254
-0.139791
-0.139295
-0.139536
-0.140666
-0.141254
-0.141433
-0.139031
-0.139031
-0.141749
-0.139446
-0.138226
-0.141914
-0.13955
-0.137198
-0.139928
-0.140563
-0.140618
-0.138253
-0.13877
-0.13926
-0.139018
-0.140315
-0.138239
-0.134716
-0.136624
-0.14057
-0.138212
-0.138212
-0.141494
-0.140487
-0.141701
-0.139384
-0.141962
-0.138391
-0.14199
-0.140632
-0.140831
-0.141508
-0.138619
-0.139508
-0.141225
-0.140411
-0.142784
-0.140136
-0.140921
-0.139536
-0.137219
-0.140288
-0.13608
-0.140226
-0.141749
-0.140742
-0.138087
-0.139687
-0.140529
-0.143002
-0.13908
-0.139446
-0.141749
-0.14103
-0.145108
-0.142337
-0.142399
-0.139232
-0.141763
-0.137922
-0.14015
-0.144142
-0.141839
-0.139984
-0.14166
-0.143148
-0.141522
-0.142757
-0.140212
-0.136825
-0.138343
-0.140487
-0.137185
-0.139446
-0.144457
-0.141357
-0.139398
-0.138598
-0.142488
-0.13886
-0.13886
-0.139115
-0.136116
-0.136638
-0.14148
-0.140605
-0.143949
-0.140618
-0.140274
-0.141494
-0.139031
-0.142516
-0.141631
-0.138074
-0.138302
-0.141914
-0.141598
-0.138253
-0.139791
-0.141928
-0.136421
-0.136687
-0.14166
-0.139763
-0.141405
-0.139853
-0.140391
-0.141508
-0.137399
-0.139053
-0.142079
-0.137019
-0.13735
-0.140632
-0.141563
-0.136673
-0.138557
-0.140742
-0.140183
-0.140183
-0.140742
-0.138633
-0.139446
-0.14068
-0.138467
-0.13797
-0.141646
-0.139219
-0.136749
-0.144024
-0.143963
-0.139143
-0.142244
-0.141398
-0.141825
-0.14077
-0.139418
-0.141735
-0.141086
-0.13955
-0.139143
-0.139536
-0.142004
-0.140618
-0.139336
-0.140377
-0.140302
-0.139666
-0.138011
-0.13861
-0.136749
-0.141522
-0.135901
-0.137399
-0.138038
-0.135658
-0.138343
-0.138977
-0.140785
-0.140397
-0.137095
-0.143888
-0.141281
-0.140889
-0.139129
-0.140873
-0.139487
-0.136817
-0.141206
-0.13405
-0.141178
-0.136714
-0.140902
-0.141267
-0.14166
-0.140302
-0.140797
-0.141281
-0.136613
-0.137171
-0.140019
-0.138735
-0.141315
-0.13955
-0.138191
-0.138163
-0.140439
-0.141088
-0.137728
-0.141068
-0.140453
-0.141556
-0.140501
-0.141749
-0.142093
-0.141254
-0.142955
-0.141701
-0.140033
-0.141674
-0.141054
-0.141012
-0.139067
-0.141811
-0.138074
-0.13837
-0.136929
-0.140336
-0.142592
-0.136839
-0.141612
-0.135964
-0.135964
-0.138329
-0.137998
-0.13815
-0.139143
-0.138267
-0.136179
-0.133355
-0.141749
-0.140964
-0.14015
-0.138032
-0.139322
-0.13704
-0.141433
-0.139067
-0.138378
-0.137984
-0.135937
-0.139281
-0.143675
-0.136282
-0.137005
-0.141536
-0.142337
-0.140198
-0.133431
-0.138011
-0.136839
-0.139929
-0.13844
-0.140708
-0.13917
-0.138935
-0.137108
-0.138391
-0.14057
-0.138302
-0.138302
-0.138378
-0.137654
-0.142941
-0.136991
-0.140983
-0.137206
-0.14035
-0.138246
-0.140605
-0.139522
-0.141584
-0.141956
-0.141825
-0.142564
-0.142564
-0.14449
-0.141749
-0.135985
-0.14026
-0.138633
-0.138274
-0.141735
-0.14068
-0.139577
-0.141508
-0.138771
-0.137399
-0.142141
-0.137944
-0.139942
-0.140997
-0.142715
-0.139928
-0.136116
-0.1419
-0.138122
-0.13772
-0.142771
-0.141329
-0.142983
-0.139446
-0.140605
-0.141522
-0.139881
-0.141281
-0.139653
-0.138239
-0.141329
-0.139398
-0.144203
-0.139087
-0.141433
-0.138879
-0.139246
-0.136943
-0.138074
-0.14026
-0.139598
-0.13937
-0.13937
-0.141371
-0.135757
-0.138239
-0.135376
-0.138446
-0.136825
-0.136825
-0.140198
-0.142564
-0.14035
-0.14035
-0.14146
-0.139067
-0.138074
-0.142261
-0.141357
-0.142367
-0.138101
-0.138633
-0.141598
-0.141419
-0.137337
-0.142832
-0.142474
-0.138046
-0.137716
-0.141852
-0.137516
-0.140652
-0.13362
-0.137413
-0.143209
-0.136812
-0.139474
-0.139673
-0.139398
-0.143059
-0.13937
-0.143756
-0.140845
-0.139522
-0.140037
-0.138405
-0.141134
-0.141749
-0.139598
-0.142681
-0.140336
-0.142743
-0.135048
-0.139749
-0.138949
-0.140859
-0.136929
-0.136749
-0.141866
-0.142653
-0.137067
-0.137019
-0.140108
-0.140638
-0.14006
-0.137364
-0.141777
-0.140666
-0.139522
-0.139418
-0.138212
-0.140274
-0.143011
-0.141494
-0.137617
-0.139749
-0.139914
-0.140288
-0.138378
-0.13815
-0.13797
-0.141072
-0.137516
-0.141556
-0.139522
-0.1441
-0.140302
-0.137081
-0.137081
-0.13955
-0.141528
-0.138094
-0.138618
-0.136597
-0.133085
-0.139853
-0.143374
-0.139687
-0.139308
-0.138949
-0.138302
-0.139446
-0.136929
-0.142182
-0.141508
-0.139501
-0.138108
-0.139205
-0.141584
-0.137067
-0.139115
-0.138226
-0.140122
-0.138991
-0.13908
-0.142186
-0.142564
-0.141508
-0.139308
-0.140515
-0.137247
-0.140893
-0.140638
-0.140638
-0.140666
-0.136013
-0.13389
-0.139474
-0.140163
-0.140831
-0.138888
-0.13946
-0.140425
-0.140632
-0.136943
-0.136053
-0.138329
-0.140556
-0.142776
-0.134909
-0.138977
-0.141928
-0.138302
-0.140184
-0.135999
-0.138212
-0.135874
-0.140935
-0.138378
-0.139625
-0.142894
-0.138543
-0.142686
-0.141542
-0.139398
-0.141721
-0.139432
-0.134806
-0.140066
-0.142639
-0.140666
-0.136013
-0.140694
-0.138949
-0.13797
-0.137894
-0.139777
-0.140831
-0.138315
-0.139281
-0.139432
-0.140184
-0.138288
-0.136026
-0.143285
-0.136586
-0.138557
-0.142536
-0.141735
-0.13946
-0.140439
-0.138364
-0.137171
-0.14166
-0.13797
-0.143092
-0.139205
-0.13815
-0.139281
-0.140487
-0.140391
-0.138949
-0.14026
-0.142564
-0.13815
-0.137247
-0.140845
-0.140411
-0.138453
-0.139432
-0.137998
-0.141646
-0.137426
-0.13797
-0.14015
-0.139219
-0.140274
-0.136103
-0.14157
-0.140997
-0.141852
-0.139295
-0.142578
-0.139219
-0.137742
-0.139101
-0.137769
-0.140529
-0.14008
-0.140907
-0.142653
-0.14148
-0.139701
-0.134855
-0.135874
-0.135874
-0.140515
-0.138543
-0.143723
-0.138108
-0.142158
-0.13797
-0.140529
-0.141254
-0.137756
-0.137796
-0.138122
-0.14124
-0.139143
-0.139763
-0.138391
-0.139308
-0.139205
-0.14077
-0.139625
-0.137413
-0.135771
-0.14199
-0.135743
-0.137309
-0.139598
-0.141646
-0.140336
-0.141962
-0.139328
-0.137984
-0.141612
-0.138453
-0.139219
-0.143996
-0.135895
-0.139384
-0.139536
-0.138046
-0.142112
-0.141976
-0.140079
-0.139281
-0.14077
-0.138074
-0.135999
-0.139894
-0.14288
-0.138846
-0.140591
-0.141254
-0.139432
-0.139957
-0.139957
-0.141405
-0.140708
-0.142894
-0.142894
-0.138798
-0.132981
-0.140998
-0.137157
-0.13815
-0.140425
-0.137371
-0.135923
-0.14035
-0.141626
-0.141976
-0.139205
-0.138915
-0.139598
-0.141357
-0.141811
-0.136497
-0.141433
-0.140315
-0.140122
-0.139612
-0.140605
-0.140302
-0.141598
-0.140033
-0.140831
-0.141508
-0.14244
-0.141419
-0.138391
-0.138646
-0.13955
-0.13781
-0.137274
-0.134743
-0.141433
-0.139308
-0.14035
-0.13868
-0.139971
-0.138619
-0.141735
-0.139474
-0.138122
-0.136116
-0.139115
-0.13704
-0.138038
-0.135119
-0.14006
-0.137337
-0.139191
-0.140425
-0.136749
-0.140605
-0.139536
-0.137233
-0.143299
-0.140515
-0.139205
-0.139232
-0.140817
-0.140079
-0.140556
-0.136089
-0.139522
-0.139356
-0.134536
-0.141447
-0.1419
-0.142427
-0.138198
-0.140935
-0.136013
-0.135964
-0.138391
-0.136192
-0.138481
-0.140638
-0.137984
-0.136825
-0.13595
-0.138032
-0.137804
-0.138378
-0.137295
-0.137413
-0.141466
-0.137689
-0.141976
-0.142729
-0.137475
-0.138426
-0.140714
-0.137447
-0.140439
-0.142729
-0.136075
-0.143435
-0.14068
-0.14068
-0.137399
-0.142969
-0.138667
-0.142866
-0.140618
-0.14157
-0.140411
-0.136448
-0.143539
-0.140997
-0.141494
-0.137424
-0.138267
-0.140907
-0.135111
-0.139612
-0.136026
-0.139522
-0.141178
-0.135021
-0.138419
-0.138695
-0.140288
-0.138212
-0.135708
-0.140515
-0.138584
-0.138481
-0.136278
-0.137756
-0.136736
-0.139598
-0.140563
-0.136853
-0.136659
-0.142564
-0.139267
-0.139474
-0.138391
-0.141598
-0.138811
-0.139129
-0.144189
-0.144189
-0.141782
-0.140481
-0.141144
-0.138046
-0.139639
-0.138302
-0.140481
-0.139281
-0.140212
-0.13955
-0.13797
-0.140439
-0.139418
-0.138757
-0.139701
-0.13797
-0.14148
-0.142894
-0.139281
-0.140605
-0.138136
-0.140756
-0.139598
-0.137846
-0.13735
-0.141886
-0.143002
-0.139446
-0.137157
-0.138453
-0.140529
-0.136331
-0.139825
-0.137838
-0.138315
-0.137565
-0.140742
-0.142065
-0.139267
-0.141768
-0.141797
-0.139129
-0.141494
-0.143162
-0.13713
-0.137846
-0.139432
-0.140274
-0.138633
-0.139143
-0.140274
-0.14377
-0.138949
-0.14244
-0.138074
-0.140066
-0.139398
-0.141405
-0.142729
-0.141914
-0.138646
-0.138087
-0.14279
-0.13759
-0.138874
-0.138583
-0.139729
-0.133584
-0.140453
-0.139205
-0.14253
-0.1345
-0.139895
-0.140391
-0.13806
-0.140184
-0.135694
-0.137908
-0.141508
-0.13886
-0.139508
-0.14253
-0.136103
-0.13797
-0.140397
-0.141377
-0.139129
-0.140094
-0.14237
-0.139143
-0.137299
-0.138763
-0.136561
-0.13595
-0.137171
-0.137514
-0.139398
-0.140652
-0.137005
-0.141852
-0.138239
-0.139791
-0.138315
-0.140501
-0.14166
-0.139267
-0.141329
-0.136943
-0.134778
-0.13604
-0.137261
-0.142955
-0.137399
-0.140501
-0.137323
-0.139398
-0.140969
-0.138087
-0.145319
-0.137309
-0.140907
-0.14288
-0.138122
-0.137067
-0.13917
-0.138226
-0.141797
-0.13844
-0.137095
-0.140108
-0.135999
-0.141825
-0.136358
-0.134792
-0.142776
-0.137143
-0.142983
-0.13946
-0.13988
-0.140122
-0.138419
-0.140605
-0.141584
-0.142606
-0.144217
-0.140949
-0.142818
-0.139143
-0.141419
-0.141584
-0.13759
-0.141598
-0.139018
-0.136839
-0.140364
-0.136749
-0.141522
-0.141522
-0.142715
-0.140246
-0.140302
-0.14068
-0.140005
-0.142837
-0.138529
-0.138239
-0.138467
-0.140659
-0.138378
-0.132872
-0.13768
-0.141584
-0.139398
-0.140756
-0.139129
-0.142248
-0.137894
-0.140501
-0.140666
-0.140577
-0.141598
-0.138163
-0.139432
-0.140728
-0.139191
-0.136673
-0.139191
-0.14068
-0.139631
-0.138681
-0.139735
-0.13713
-0.140652
-0.138094
-0.138543
-0.138302
-0.137461
-0.137461
-0.138605
-0.141886
-0.137143
-0.137261
-0.141947
-0.141839
-0.138302
-0.138557
-0.138846
-0.139446
-0.140045
-0.139115
-0.14288
-0.142955
-0.141494
-0.141494
-0.141617
-0.139563
-0.140951
-0.139384
-0.138997
-0.139011
-0.138226
-0.139701
-0.142578
-0.136964
-0.140501
-0.137095
-0.138115
-0.140232
-0.141086
-0.140364
-0.137005
-0.140666
-0.138419
-0.138481
-0.136026
-0.136839
-0.141556
-0.14077
-0.14077
-0.140831
-0.140784
-0.141058
-0.140831
-0.139432
-0.139825
-0.139501
-0.139522
-0.140501
-0.138543
-0.142174
-0.138302
-0.1367
-0.138508
-0.140742
-0.137309
-0.141391
-0.135771
-0.138405
-0.140005
-0.139322
-0.135577
-0.13759
-0.144142
-0.136915
-0.137143
-0.140453
-0.14166
-0.133967
-0.142715
-0.13806
-0.137853
-0.141947
-0.138329
-0.140998
-0.136943
-0.140453
-0.139281
-0.137005
-0.142762
-0.141797
-0.138391
-0.140439
-0.135847
-0.140923
-0.141329
-0.140666
-0.145258
-0.138681
-0.140274
-0.14199
-0.140591
-0.140246
-0.141721
-0.142672
-0.138798
-0.135999
-0.136991
-0.136991
-0.13815
-0.139025
-0.132376
-0.14303
-0.140377
-0.140591
-0.135653
-0.139205
-0.134167
-0.142564
-0.135506
-0.14384
-0.139219
-0.141371
-0.142564
-0.137666
-0.142653
-0.14008
-0.14026
-0.139971
-0.14288
-0.139101
-0.140108
-0.138963
-0.14068
-0.13946
-0.14255
-0.140108
-0.137693
-0.140529
-0.13828
-0.135618
-0.142667
-0.136188
-0.137465
-0.138163
-0.139101
-0.139246
-0.14166
-0.141192
-0.137233
-0.135771
-0.135771
-0.145122
-0.138364
-0.142804
-0.140094
-0.145018
-0.141612
-0.139253
-0.136853
-0.138288
-0.137323
-0.13806
-0.139411
-0.138046
-0.143148
-0.139446
-0.139053
-0.141674
-0.136407
-0.137157
-0.141646
-0.140515
-0.142776
-0.140859
-0.139281
-0.137716
-0.139487
-0.134549
-0.138226
-0.138556
-0.137375
-0.137998
-0.138839
-0.142729
-0.136498
-0.139687
-0.139432
-0.136964
-0.139295
-0.143045
-0.141749
-0.13946
-0.138977
-0.139432
-0.139356
-0.142625
-0.143237
-0.141542
-0.136013
-0.141343
-0.136673
-0.136673
-0.141735
-0.143935
-0.141825
-0.13988
-0.140646
-0.136714
-0.136103
-0.139971
-0.136902
-0.141674
-0.138239
-0.139205
-0.138046
-0.140606
-0.139219
-0.139336
-0.137233
-0.137804
-0.139343
-0.137956
-0.137157
-0.142912
-0.140556
-0.138963
-0.138163
-0.141136
-0.135362
-0.138315
-0.138198
-0.138949
-0.138302
-0.137908
-0.140467
-0.140122
-0.139156
-0.137475
-0.13806
-0.141206
-0.137171
-0.13806
-0.140012
-0.139612
-0.137599
-0.139804
-0.140019
-0.138364
-0.134716
-0.140439
-0.142804
-0.14104
-0.136915
-0.137081
-0.138136
-0.138391
-0.140577
-0.140624
-0.139501
-0.136853
-0.140288
-0.139129
-0.13797
-0.139295
-0.136434
-0.138901
-0.140652
-0.137859
-0.136812
-0.136013
-0.142399
-0.138736
-0.141598
-0.13946
-0.138467
-0.136749
-0.1367
-0.136777
-0.140784
-0.138302
-0.138543
-0.138543
-0.138543
-0.140122
-0.139356
-0.139384
-0.135708
-0.140232
-0.140046
-0.139343
-0.139115
-0.138426
-0.136165
-0.138784
-0.138935
-0.13868
-0.134473
-0.138405
-0.139205
-0.141494
-0.136839
-0.137247
-0.139039
-0.140666
-0.139508
-0.136317
-0.135833
-0.139101
-0.138901
-0.136991
-0.141178
-0.142365
-0.13586
-0.140019
-0.136763
-0.138122
-0.139191
-0.136915
-0.136714
-0.13806
-0.139039
-0.13688
-0.141343
-0.138226
-0.141886
-0.141646
-0.138915
-0.138798
-0.138163
-0.140322
-0.139246
-0.140307
-0.138136
-0.141528
-0.141528
-0.13788
-0.141612
-0.139295
-0.13806
-0.137984
-0.144024
-0.138136
-0.142323
-0.140983
-0.140453
-0.136991
-0.135555
-0.135743
-0.137295
-0.135964
-0.136268
-0.139336
-0.135847
-0.140983
-0.135173
-0.143002
-0.139645
-0.140032
-0.138557
-0.135909
-0.141385
-0.137956
-0.137956
-0.135438
-0.140425
-0.138378
-0.134328
-0.156934
-0.126605
-0.098188
-0.0481722
-0.0551675
-0.0587563
-0.0646408
-0.0653508
-0.0722594
-0.0735216
-0.0677794
-0.047373
-0.0287446
-0.0302695
-0.0257012
-0.02532
-0.0226492
-0.0271791
-0.0232235
-0.0264101
-0.0251263
-0.0226482
-0.0235495
-0.0225501
-0.02136
-0.0262218
-0.0262218
-0.0214561
-0.0235527
-0.0218794
-0.0208773
-0.022165
-0.021455
-0.021455
-0.0232617
-0.022167
-0.0255495
-0.0185921
-0.0202977
-0.0229754
-0.0230686
-0.0194929
-0.021491
-0.0236486
-0.0199772
-0.0247443
-0.0204913
-0.0228765
-0.020977
-0.0145305
-0.0194937
-0.0242617
-0.0209744
-0.0209762
-0.0168177
-0.0186899
-0.0169152
-0.0206865
-0.0206865
-0.0220689
-0.0233597
-0.020104
-0.0219738
-0.0240698
-0.0240698
-0.0175259
-0.0175259
-0.0203967
-0.0203959
-0.0251682
-0.0197199
-0.0212993
-0.0191071
-0.0191071
-0.0230707
-0.0239717
-0.0178181
-0.0219756
-0.0199129
-0.0223928
-0.0193008
-0.019332
-0.0227794
-0.0219728
-0.019205
-0.0226852
-0.0231676
-0.0203967
-0.021491
-0.021491
-0.020493
-0.0193001
-0.0202003
-0.0183031
-0.018301
-0.0225872
-0.0237797
-0.0183018
-0.0212002
-0.021491
-0.0155281
-0.0207836
-0.0146561
-0.0146561
-0.0216234
-0.0201066
-0.0215861
-0.0215861
-0.0203974
-0.0202022
-0.0196218
-0.0234915
-0.021589
-0.0248751
-0.0208148
-0.0188167
-0.0197205
-0.0204272
-0.0194294
-0.0194294
-0.0207154
-0.0161407
-0.0167234
-0.0187201
-0.0190112
-0.0193965
-0.0193965
-0.0192354
-0.0206235
-0.018236
-0.019009
-0.0176256
-0.0171382
-0.0186241
-0.0185283
-0.0183328
-0.0188151
-0.0185268
-0.022106
-0.0179456
-0.0168493
-0.0195278
-0.0169446
-0.0202022
-0.0185261
-0.0222995
-0.019526
-0.0199129
-0.0182354
-0.0220079
-0.0183328
-0.0181386
-0.0231026
-0.020429
-0.0188131
-0.0143633
-0.018819
-0.0222004
-0.0201368
-0.0223957
-0.0209121
-0.0217212
-0.0191363
-0.0196233
-0.0184287
-0.0184287
-0.0174299
-0.0176233
-0.01943
-0.0184307
-0.0219141
-0.0195273
-0.0195273
-0.0182366
-0.0182366
-0.0163624
-0.0144614
-0.0225279
-0.0161407
-0.01943
-0.0207207
-0.0185274
-0.0201392
-0.0177514
-0.0166556
-0.0232971
-0.0214297
-0.0229124
-0.0238778
-0.0200108
-0.0209137
-0.0209137
-0.0190112
-0.0182366
-0.0168483
-0.0172357
-0.0129753
-0.0146564
-0.0149484
-0.0199445
-0.0197164
-0.0151689
-0.0196233
-0.0191387
-0.0168489
-0.0176518
-0.0200432
-0.0227207
-0.0203343
-0.018236
-0.0157523
-0.0165579
-0.0188485
-0.017557
-0.0180434
-0.0204281
-0.0185268
-0.015265
-0.0169458
-0.0163634
-0.014851
-0.0169467
-0.0158504
-0.0209121
-0.0209121
-0.019332
-0.0185274
-0.013073
-0.0152672
-0.0207193
-0.0207193
-0.0196551
-0.0196551
-0.0168781
-0.0213315
-0.0177523
-0.0194294
-0.0174601
-0.0174606
-0.0128783
-0.0219125
-0.0161416
-0.0162654
-0.0162654
-0.0214304
-0.0202342
-0.0164605
-0.0220424
-0.0163358
-0.0196233
-0.0196233
-0.0139752
-0.0165564
-0.0166553
-0.015267
-0.0192354
-0.0192354
-0.016363
-0.0154611
-0.0226226
-0.0173332
-0.0205269
-0.0205269
-0.0149748
-0.0180425
-0.0193313
-0.0212341
-0.0190426
-0.0159463
-0.0170427
-0.0195278
-0.0172364
-0.0156557
-0.0201409
-0.0176539
-0.0195534
-0.0201385
-0.0196537
-0.0159458
-0.016335
-0.022429
-0.016363
-0.0189146
-0.0171389
-0.0211401
-0.0151673
-0.0187522
-0.021042
-0.021042
-0.017557
-0.0198492
-0.0191394
-0.0201385
-0.0200426
-0.017557
-0.0159458
-0.0153636
-0.0187497
-0.0142666
-0.0158498
-0.0163624
-0.0229142
-0.0152661
-0.0177508
-0.0166549
-0.0207522
-0.0189459
-0.0168493
-0.0165579
-0.0203343
-0.0197518
-0.0184618
-0.0165564
-0.0153636
-0.0156549
-0.0156549
-0.0215269
-0.0178482
-0.0155573
-0.0155582
-0.0178488
-0.018043
-0.019042
-0.0189439
-0.0180419
-0.0191387
-0.0177501
-0.0177501
-0.0193334
-0.0175583
-0.0150721
-0.0170716
-0.0194294
-0.0192346
-0.0139749
-0.0206252
-0.0179461
-0.0183645
-0.0187511
-0.0151685
-0.0137799
-0.0160717
-0.0189453
-0.0204297
-0.0187504
-0.0187504
-0.015364
-0.0170716
-0.016557
-0.0148769
-0.0187517
-0.0174606
-0.0160713
-0.0160713
-0.0150717
-0.0192354
-0.0164314
-0.0148769
-0.0165564
-0.0165564
-0.0164605
-0.0167502
-0.0173626
-0.0169745
-0.0176539
-0.0176539
-0.0209462
-0.0214279
-0.0214279
-0.017557
-0.0208496
-0.0178476
-0.0207522
-0.0161692
-0.0221406
-0.0183631
-0.0168774
-0.0163634
-0.0174613
-0.0191704
-0.0191704
-0.0169735
-0.0199445
-0.0148775
-0.0160717
-0.0160717
-0.012391
-0.012391
-0.0214304
-0.0187497
-0.0206211
-0.0206211
-0.0196544
-0.0173642
-0.0196551
-0.0136829
-0.014293
-0.0198485
-0.0198485
-0.0179753
-0.016363
-0.0194609
-0.0157531
-0.019557
-0.0185591
-0.0205589
-0.0190413
-0.0177508
-0.0198492
-0.0209446
-0.0192354
-0.0178488
-0.0210441
-0.0140725
-0.0202342
-0.0202342
-0.0140722
-0.0184611
-0.0163618
-0.0190729
-0.0170724
-0.0170724
-0.0159745
-0.0187497
-0.0200432
-0.0149741
-0.0171686
-0.018558
-0.0140004
-0.0150723
-0.0150723
-0.0184611
-0.0184611
-0.0161678
-0.0159737
-0.0149748
-0.0147802
-0.0223351
-0.0148779
-0.0126835
-0.0135849
-0.0135849
-0.0185569
-0.0194602
-0.0135852
-0.0161692
-0.0168774
-0.0207535
-0.017072
-0.0176549
-0.0196556
-0.014292
-0.014292
-0.0193641
-0.0193641
-0.0157804
-0.0157804
-0.014682
-0.0180712
-0.0172666
-0.0172666
-0.0184606
-0.0153901
-0.0157801
-0.0204637
-0.0168758
-0.0173636
-0.0133906
-0.0195588
-0.0199452
-0.0169741
-0.0172656
-0.0133904
-0.021235
-0.0175564
-0.0158765
-0.0199465
-0.0135855
-0.017557
-0.0170724
-0.0170727
-0.0180728
-0.0129757
-0.0148765
-0.0195583
-0.0166823
-0.0115119
-0.0138781
-0.0192678
-0.0192678
-0.0172954
-0.0170724
