0.00452122
0.00209222
0.001901
0.00435903
0.00246377
0.00476207
0.00275087
0.00386779
0.00216647
0.00175276
0.00246377
0.00322812
0.00362595
0.00257175
0.00137831
0.00464484
0.00405945
0.00478304
0.00357125
0.00716656
0.00445394
0.00458858
0.0044819
0.00684011
0.00557923
0.00817367
0.00325598
0.00612398
0.00386779
0.00413048
0.00627659
0.00570194
0.00230128
0.00556825
0.00698271
0.00445
0.00804137
0.00431957
0.00351933
0.00431727
0.00499569
0.00410755
0.00295823
0.00325151
0.00567388
0.00295823
0.00378489
0.00333028
0.00322393
0.00476207
0.00158985
0.00129291
0.00331836
0.00453376
0.00218172
0.00153535
0.00438672
0.0054915
0.00337007
0.00305338
0.00386779
0.00354725
0.00281883
0.00262688
0.00355877
0.00554024
0.00495348
0.00390178
0.00349166
0.00373299
0.00411854
0.00302559
0.00433158
0.00349166
0.00305338
0.00490574
0.00418548
0.00195622
0.00195622
0.00390178
0.00312084
0.00494459
0.0051739
0.00494459
0.00494459
0.00261517
0.00302559
0.00355877
0.00199643
0.00314601
0.00356705
0.00332365
0.00171123
0.0036478
0.00377715
0.00196892
0.00456082
0.00521293
0.00521293
0.000718202
0.00184676
0.0038279
0.0030785
0.00192849
0.00421335
0.00137993
0.00309303
0.00298423
0.00425249
0.0054911
0.00259919
0.00194165
0.00389535
0.00254456
0.00428978
0.00373299
0.00213251
0.0027349
0.00362595
0.00305338
0.00242378
0.00424146
0.00543483
0.00380562
0.00559651
0.00481084
0.00191462
0.00437564
0.00400286
0.00355877
0.00569187
0.00388372
0.00309303
0.00437564
0.0044819
0.00184844
0.00242378
0.00209916
0.00305165
0.00263955
0.00306547
0.00218679
0.00396288
0.00328408
0.00523094
0.00257175
0.00354725
0.0044819
0.00129651
0.00333028
0.00295823
0.00370983
0.00296677
0.00354725
0.00415786
0.00180594
0.00397549
0.00443874
0.00409752
0.00184844
0.00188833
0.00302559
0.0028764
0.00222131
0.00163004
0.00294665
0.00243638
0.00413586
0.00102479
0.00182051
0.00349166
0.00378828
0.00563506
0.00313295
0.0049626
0.00239617
0.00381628
0.00349166
0.00318838
0.00409094
0.00168508
0.000378296
0.00421335
0.00344126
0.00193778
0.00223384
0.00359848
0.00367101
0.00194165
0.00304225
0.00297075
0.00299805
0.00235622
0.00527378
0.00163004
0.00386333
0.00136462
0.00395122
0.00184844
0.00389535
0.00409814
0.00242378
0.00316054
0.00401267
-0.000729394
0.00524111
0.0031056
0.00430851
0.00329076
0.0031489
0.00349166
0.00339139
0.00195576
0.00359848
0.00201243
0.00201243
0.00232863
0.00326341
0.00247686
0.00232863
0.0038279
0.00265007
0.00359848
0.00433689
0.00128333
0.00242378
0.00510675
0.00510675
0.00246377
0.00487768
0.00227418
0.00387303
0.00570194
0.00191462
0.00125602
0.00125602
0.00212644
0.0032005
0.00513513
0.00408643
0.000767668
0.00378828
0.00385569
0.00291689
0.00461659
0.00390795
0.00335177
0.00118803
0.00298599
0.0033357
0.00391199
0.00202374
0.00160289
0.00317313
0.00445394
0.0042373
0.0032005
0.00308142
0.00358646
0.00250403
0.00431957
0.00198256
0.00357125
0.00351933
0.00399829
0.00192849
0.00373299
0.00373299
0.00228873
0.00281217
0.00424146
0.00471629
0.00346424
0.0042919
0.00253145
0.00368163
0.00331836
0.0046387
0.00342463
0.00234167
0.00245164
0.00403047
0.00168508
0.00259919
0.00303814
0.00384454
0.00329577
0.00329577
0.00431957
0.00133728
0.00475549
0.00430851
0.0042028
0.00390795
0.00299805
0.00336348
0.00131018
0.00199643
0.00362325
0.00378828
0.00390795
0.00173819
0.00268016
0.0029437
0.00173819
0.00355877
0.00312084
0.000269053
0.00188785
0.00310969
0.00101161
0.00314601
0.00378828
0.0032363
0.00363845
0.00103837
-9.35276e-05
0.00287938
0.00171123
0.0038279
0.00358646
0.00199643
0.00490574
0.00490574
0.00435903
0.00411854
0.00385569
0.00484986
0.00316054
0.00454921
0.00309303
0.00118803
0.00362595
0.0029437
0.0045101
0.00360381
0.00410755
0.00314578
0.00305338
0.00266701
0.00220676
0.00159045
-0.000839689
0.00180594
0.00230128
0.00409814
0.00397952
0.00397952
0.00184676
0.0036144
0.00421335
0.00413048
0.00090288
0.0012692
0.00114733
0.000242517
0.00403648
0.00205057
0.00333028
0.00374892
0.0038279
0.00303814
0.00215396
0.00224732
0.00332365
0.00303814
0.00239617
0.00285861
0.00378828
0.00492446
0.00299805
0.00298599
0.00195622
0.00253145
0.00309303
0.000325863
0.00290343
0.00415786
0.00486716
0.00339139
0.00124213
0.00103275
0.00456082
0.00316054
0.00394051
0.00329577
0.0016705
0.0016705
0.00551247
0.0031489
0.00442622
0.00226116
0.00494459
0.00250403
0.00316054
0.00102479
0.00373299
0.00325598
-6.68255e-05
0.00414639
0.00414639
0.00470208
0.00321646
0.000499748
0.00510675
0.00208603
0.00104257
0.00349166
0.00249141
0.0028764
0.00250403
0.00103837
0.00210089
0.00295823
0.000174732
0.00118803
0.00244993
0.00254456
0.00346424
0.00399677
0.00234167
0.00117414
0.00293071
0.00270188
0.00246377
0.00355877
0.00355877
0.00442622
0.00222131
0.00028225
0.00365367
0.00250403
0.000943857
0.00287087
0.00242325
0.00303814
0.0029437
0.00255911
0.00271527
0.00335766
0.00338528
0.00168508
0.00243413
0.00222071
0.00335766
0.00335766
0.0036637
0.000350129
0.00132019
0.00201946
0.00230128
0.00341315
0.00341315
0.00391814
0.00205057
0.00261233
0.00228873
0.00175223
0.00407647
0.000741006
0.00341012
0.00286343
0.00272909
0.00329076
-0.000119985
0.00263484
0.00248859
0.00160289
0.00203193
0.00192536
0.00109309
0.00255547
0.00160289
0.00286343
0.00271527
0.000363735
0.00275589
0.00122848
0.00161689
0.00354725
0.00374892
9.69343e-05
0.00262688
0.00145488
0.00156248
0.0016705
0.00365367
0.00148183
0.00148183
0.00169768
0.00154933
0.00154933
0.000943857
0.000704288
0.000704288
0.0044819
0.00160289
0.0028237
0.000119501
0.000419927
0.00254742
0.00148245
-0.000339522
0.0001467
0.00232863
0.000714589
0.00126588
0.00126588
0.000418078
0.00279622
0.000107016
0.00230128
0.0031966
0.00213941
0.00180594
0.00114733
0.00114733
0.00150847
0.00137364
0.000700167
0.000943857
0.000943857
0.00407647
0.00118803
0.00156248
0.00184399
0.00163004
0.0010645
0.00109262
0.00156248
0.000659595
0.00153535
0.000216225
0.00205918
0.0018707
0.00197815
0.00318281
0.00145488
0.00156248
0.00180594
0.00180594
0.00309303
0.000985102
0.00133314
0.00138804
0.00138804
0.00207213
0.00337614
0.00286343
0.000865127
0.00156248
0.00156248
0.00012244
-1.57231e-05
-1.57231e-05
-0.000350613
0.000284056
0.000821726
0.000729965
0.000729965
0.00262688
0.00353132
0.0018707
0.0018707
0.00217993
0.00217993
0.000472234
0.00160289
0.00122736
0.00254095
0.00291867
0.000659595
0.00195232
0.000767668
0.00060612
0.0031966
0.00109147
0.00109147
0.00315717
0.000929834
0.00355877
0.000891126
0.00407949
0.000686699
0.00320943
0.00343706
-8.32307e-05
0.00060612
0.00149498
0.00149498
0.00142755
0.00207213
0.00230128
0.00117414
0.00266202
0.00151026
1.31496e-05
0.00176538
0.00232773
0.00235622
0.0021126
-8.03557e-05
-0.000427571
8.84371e-05
0.00272909
0.00190192
0.0033462
0.00215396
0.00226116
0.00101161
0.00271712
0.00357541
-0.000460446
0.000107016
0.00163004
-0.000444486
0.00137364
-0.000611105
0.0012946
0.00130633
0.00205918
-0.000308465
0.00251428
0.00278241
0.000808554
0.000688416
0.000782113
0.00153535
0.00153535
0.000943857
0.000943857
0.000553624
0.00247407
0.00133314
0.000714589
0.00407949
-0.000705317
-0.000502014
-0.000918365
-0.000934455
0.000431707
0.000431707
0.00213941
0.00297075
-0.000895462
0.00117192
-0.000271453
-0.000271453
0.00247975
0.00188525
-0.000502014
0.0012838
0.00222131
-0.00131366
-0.00131366
0.000686699
0.00012244
0.00123909
-0.000434107
0.00257213
0.00469553
0.00424384
0.00310501
0.00521865
0.00825295
0.00875654
0.010894
0.010894
0.0166191
0.0281063
0.0462082
0.0616454
0.0736496
0.0884946
0.0884946
0.0884946
0.106889
0.112989
0.123142
0.123142
0.123142
0.127801
0.124196
0.119039
0.117673
0.1163
0.116356
0.116738
0.115966
0.11453
0.11453
0.115014
0.114776
0.115498
0.115548
0.115286
0.114562
0.114684
0.114684
0.113921
0.114975
0.114204
0.114183
0.114183
0.114506
0.114763
0.114506
0.114136
0.113726
0.11384
0.114315
0.114293
0.114067
0.114068
0.11358
0.114089
0.111972
0.11376
0.113355
0.114385
0.113868
0.113587
0.113276
0.113276
0.112752
0.113333
0.112606
0.113157
0.112675
0.112675
0.1131
0.112774
0.112527
0.112482
0.113204
0.11199
0.112264
0.11283
0.112195
0.112083
0.111988
0.112444
0.112117
0.112207
0.112058
0.112011
0.111994
0.111492
0.111492
0.111945
0.112412
0.111559
0.111746
0.111113
0.11142
0.11142
0.112243
0.110974
0.114505
0.116273
0.117165
0.117493
0.119498
0.12197
0.122535
0.122522
0.123405
0.122363
0.12225
0.122221
0.121951
0.122576
0.122394
0.12226
0.121644
0.121644
0.121748
0.121565
0.121562
0.121562
0.121946
0.121589
0.121771
0.121514
0.121317
0.121014
0.121784
0.121474
0.121474
0.121042
0.121837
0.120718
0.121068
0.120813
0.120541
0.120698
0.120282
0.121021
0.120368
0.120455
0.12011
0.121074
0.120914
0.120658
0.121888
0.123543
0.126021
0.128741
0.128741
0.128741
0.133771
0.137273
0.138829
0.138458
0.138442
0.138166
0.138443
0.138392
0.138597
0.138348
0.138123
0.138014
0.138065
0.137691
0.137855
0.137966
0.137522
0.137513
0.137513
0.137523
0.137403
0.137466
0.137517
0.137289
0.137349
0.137349
0.136882
0.137185
0.13695
0.137077
0.136692
0.136903
0.137075
0.136747
0.137068
0.137123
0.137004
0.13676
0.137178
0.136583
0.137174
0.136903
0.136752
0.136645
0.136713
0.136713
0.136472
0.136233
0.136277
0.136364
0.135941
0.136493
0.136279
0.136218
0.135954
0.135809
0.136133
0.136039
0.136039
0.13601
0.136291
0.136092
0.136015
0.13602
0.135989
0.135647
0.136077
0.136035
0.135713
0.135544
0.135544
0.13606
0.13606
0.135659
0.135274
0.13586
0.135715
0.135904
0.135955
0.135436
0.136011
0.135837
0.135934
0.135934
0.135523
0.135671
0.135573
0.135776
0.135546
0.135546
0.135659
0.135576
0.134934
0.135444
0.135748
0.135329
0.135329
0.135496
0.135074
0.135304
0.1353
0.135304
0.135413
0.135469
0.135386
0.135304
0.135511
0.134725
0.135527
0.135199
0.135199
0.135078
0.134709
0.134973
0.13488
0.134818
0.134965
0.135076
0.135107
0.13537
0.135261
0.134824
0.135
0.135
0.135367
0.134888
0.134911
0.13486
0.134676
0.135112
0.135006
0.135233
0.134933
0.134944
0.134907
0.134907
0.134968
0.134886
0.134859
0.134904
0.134776
0.1345
0.134698
0.134867
0.134494
0.134937
0.134808
0.134339
0.134416
0.13462
0.134607
0.134333
0.134687
0.134247
0.134375
0.134741
0.134693
0.134218
0.134631
0.134341
0.134546
0.13475
0.135133
0.134974
0.135242
0.13547
0.135421
0.135421
0.135787
0.135665
0.13596
0.13596
0.135639
0.135639
0.136022
0.135664
0.13568
0.135653
0.135687
0.135862
0.135862
0.135777
0.135479
0.135562
0.135598
0.13553
0.13553
0.135602
0.135784
0.135803
0.13573
0.135612
0.135929
0.135768
0.135498
0.13597
0.135991
0.135767
0.135588
0.136114
0.135495
0.135695
0.135857
0.135717
0.135891
0.135789
0.135789
0.135839
0.135592
0.135707
0.135286
0.135626
0.135763
0.135763
0.135425
0.13586
0.13588
0.135445
0.135912
0.135439
0.135439
0.135868
0.135865
0.135382
0.135775
0.135198
0.135478
0.135592
0.135436
0.135689
0.135436
0.135473
0.135237
0.135237
0.135612
0.135469
0.135831
0.135098
0.135354
0.135766
0.135324
0.135172
0.135436
0.135447
0.135174
0.13536
0.135484
0.135533
0.135198
0.13526
0.135112
0.135176
0.135411
0.135411
0.135411
0.135123
0.135453
0.135468
0.135732
0.135089
0.135434
0.135175
0.135409
0.135472
0.135011
0.135284
0.13536
0.13521
0.135106
0.134986
0.135198
0.135404
0.135484
0.135086
0.135346
0.135458
0.134979
0.1353
0.135483
0.135302
0.135302
0.135717
0.135348
0.135518
0.135518
0.13526
0.135062
0.135235
0.135411
0.135273
0.135297
0.135543
0.135519
0.135519
0.135246
0.135176
0.135021
0.135246
0.135247
0.13536
0.135405
0.135156
0.134988
0.135369
0.135274
0.13536
0.135455
0.135455
0.135285
0.135338
0.135357
0.135386
0.135386
0.13525
0.135372
0.135667
0.135235
0.135519
0.13537
0.135315
0.135026
0.135286
0.135322
0.135112
0.134983
0.135534
0.135534
0.13487
0.134839
0.135038
0.135035
0.135035
0.135221
0.135297
0.135146
0.134962
0.134629
0.135021
0.135191
0.134788
0.135161
0.134936
0.134969
0.13561
0.135314
0.134915
0.135587
0.135135
0.135049
0.135121
0.135121
0.135064
0.135181
0.135235
0.134912
0.134905
0.13505
0.134879
0.135056
0.135146
0.135021
0.135384
0.134879
0.135213
0.135062
0.134861
0.134821
0.134886
0.134678
0.134905
0.135055
0.13503
0.135272
0.135226
0.134847
0.134942
0.13497
0.134854
0.135126
0.135096
0.135621
0.134775
0.134804
0.134793
0.134793
0.134095
0.1351
0.134945
0.135062
0.134818
0.134973
0.134851
0.134704
0.134788
0.134775
0.134625
0.135021
0.13506
0.135161
0.135176
0.135131
0.13533
0.134865
0.1352
0.135146
0.13492
0.134862
0.134524
0.135185
0.134912
0.134912
0.134764
0.134947
0.134586
0.134586
0.134554
0.134804
0.13451
0.134642
0.134911
0.13484
0.134771
0.134681
0.134679
0.134873
0.134723
0.134515
0.135124
0.13487
0.134723
0.134681
0.135099
0.135005
0.134845
0.134632
0.134629
0.134818
0.134485
0.134485
0.134713
0.134677
0.135029
0.134923
0.134658
0.134596
0.134697
0.134852
0.134712
0.134822
0.134631
0.134631
0.134423
0.134522
0.134837
0.135287
0.134501
0.134599
0.134599
0.134462
0.134585
0.13492
0.134729
0.134815
0.134652
0.134515
0.134999
0.135174
0.134538
0.134423
0.134423
0.13456
0.134856
0.134873
0.134485
0.13455
0.134712
0.134712
0.135018
0.134704
0.134529
0.134647
0.134575
0.134473
0.134491
0.134604
0.134468
0.134974
0.133792
0.134838
0.134838
0.134469
0.134903
0.13483
0.134465
0.134369
0.134317
0.134841
0.134593
0.134673
0.134629
0.134488
0.134644
0.134712
0.134448
0.13441
0.134686
0.134572
0.134145
0.134377
0.134498
0.134686
0.134686
0.134663
0.134654
0.134466
0.134438
0.134749
0.134687
0.134873
0.134596
0.134737
0.134679
0.134841
0.13439
0.134246
0.134319
0.134622
0.134423
0.13451
0.13429
0.134138
0.134142
0.134593
0.134414
0.134481
0.134165
0.134466
0.134192
0.134391
0.134754
0.13437
0.134197
0.13429
0.134294
0.134311
0.134221
0.134609
0.134526
0.134205
0.134265
0.134462
0.133944
0.134293
0.13444
0.134265
0.13422
0.13436
0.134118
0.134554
0.134094
0.133948
0.134268
0.134119
0.134093
0.134221
0.13414
0.133968
0.134298
0.133921
0.134344
0.134216
0.13397
0.134065
0.133818
0.133945
0.134138
0.13436
0.134192
0.133919
0.134714
0.134161
0.134195
0.134381
0.134343
0.134299
0.133712
0.134474
0.13412
0.133944
0.133747
0.134589
0.134018
0.134018
0.134412
0.134629
0.134466
0.134096
0.134288
0.134092
0.134119
0.133768
0.134171
0.134606
0.134308
0.133994
0.134334
0.134191
0.134146
0.134345
0.134063
0.13439
0.133993
0.134338
0.134019
0.134179
0.13369
0.133893
0.134144
0.133817
0.133893
0.134092
0.133993
0.133941
0.133785
0.133785
0.134043
0.133995
0.133995
0.133666
0.133943
0.134244
0.133641
0.133693
0.134104
0.13433
0.133843
0.13429
0.134019
0.13422
0.134042
0.133842
0.134486
0.134168
0.134045
0.134019
0.133636
0.134017
0.134266
0.134015
0.134245
0.134768
0.134692
0.134092
0.13422
0.133918
0.134142
0.134246
0.133843
0.133818
0.133719
0.133988
0.133768
0.133817
0.133641
0.133641
0.133892
0.134116
0.134317
0.134095
0.134256
0.133754
0.133754
0.133788
0.133693
0.13379
0.134145
0.134145
0.134071
0.134018
0.134291
0.13417
0.134236
0.133767
0.133767
0.133794
0.133942
0.133918
0.13342
0.133667
0.134042
0.134045
0.134152
0.133695
0.134265
0.133817
0.133817
0.134065
0.134218
0.133842
0.134288
0.134572
0.134044
0.133943
0.133943
0.133815
0.133796
0.133641
0.134448
0.133743
0.133742
0.133742
0.134183
0.133971
0.133844
0.133563
0.133509
0.134126
0.134126
0.133868
0.134119
0.13369
0.134243
0.13404
0.133769
0.13434
0.134017
0.133715
0.133788
0.13412
0.133568
0.133974
0.133819
0.134231
0.133994
0.133667
0.133967
0.133768
0.133969
0.134245
0.133948
0.133892
0.134117
0.134069
0.133767
0.134381
0.134171
0.133994
0.133843
0.133864
0.133864
0.133589
0.133693
0.133743
0.133565
0.133662
0.133791
0.133566
0.133566
0.133768
0.133796
0.133893
0.133867
0.133867
0.133818
0.133721
0.133644
0.133967
0.133643
0.133406
0.133592
0.133668
0.133793
0.133309
0.133966
0.133966
0.133636
0.133772
0.133918
0.133745
0.133664
0.133664
0.133791
0.133768
0.133892
0.133892
0.134018
0.133693
0.133719
0.133639
0.13341
0.133438
0.133438
0.133717
0.133664
0.133867
0.133768
0.133413
0.133691
0.133589
0.133795
0.133795
0.133995
0.133793
0.133943
0.133867
0.133614
0.133844
0.133844
0.133591
0.133716
0.133642
0.133359
0.133566
0.134118
0.133794
0.133943
0.133391
0.133644
0.133918
0.134545
0.134545
0.133668
0.133743
0.13341
0.133996
0.133892
0.133917
0.13379
0.13379
0.133693
0.134043
0.133687
0.133715
0.133968
0.13349
0.133611
0.133582
0.133582
0.133968
0.134145
0.133689
0.134044
0.133639
0.133691
0.134092
0.134094
0.134094
0.133944
0.133967
0.133664
0.133993
0.133842
0.134044
0.133557
0.13397
0.133484
0.133434
0.133449
0.134018
0.133988
0.133867
0.133794
0.134043
0.134142
0.134094
0.134094
0.13412
0.133671
0.133662
0.133359
0.13369
0.133769
0.134044
0.134119
0.133607
0.133639
0.133743
0.133464
0.133464
0.133919
0.133993
0.133636
0.13374
0.133535
0.133743
0.133487
0.133695
0.133743
0.133817
0.133743
0.133893
0.133644
0.13379
0.133743
0.13337
0.133693
0.133793
0.13374
0.133409
0.134069
0.133689
0.133459
0.133455
0.133368
0.133643
0.133918
0.133637
0.133562
0.133439
0.133439
0.133918
0.133339
0.133593
0.133342
0.133463
0.133227
0.133444
0.133152
0.133018
0.132982
0.133338
0.133392
0.13339
0.133643
0.13343
0.133442
0.133238
0.133771
0.133563
0.133619
0.134016
0.134046
0.133643
0.132731
0.133394
0.13312
0.13376
0.133363
0.133615
0.133383
0.133233
0.133643
0.133459
0.133093
0.133413
0.133389
0.133342
0.133538
0.133543
0.133126
0.132925
0.133208
0.133716
0.133358
0.133151
0.133647
0.13337
0.13337
0.133413
0.132977
0.133378
0.133283
0.133406
0.133538
0.133233
0.132725
0.133338
0.133007
0.133252
0.133543
0.133264
0.133264
0.133176
0.133292
0.133201
0.133794
0.133116
0.133182
0.133513
0.133068
0.132858
0.133
0.133313
0.133138
0.133413
0.133068
0.13305
0.132969
0.133126
0.133177
0.133253
0.133195
0.133283
0.133344
0.133178
0.132771
0.133394
0.133389
0.133466
0.133263
0.133267
0.13324
0.133258
0.133207
0.133207
0.133339
0.132952
0.133201
0.133187
0.133491
0.133033
0.133043
0.133362
0.133025
0.133252
0.133394
0.133213
0.133391
0.133157
0.133333
0.132576
0.13407
0.132335
0.132767
0.132767
0.133539
0.132975
0.133194
0.133226
0.133317
0.133317
0.133102
0.133648
0.132867
0.133295
0.133026
0.133026
0.133378
0.133329
0.132817
0.133238
0.133232
0.133188
0.132757
0.133157
0.133434
0.133158
0.132975
0.132993
0.133308
0.13238
0.133288
0.133288
0.132957
0.132902
0.132807
0.133068
0.133283
0.133466
0.133
0.13317
0.133057
0.133082
0.133404
0.133063
0.133591
0.1332
0.133133
0.133416
0.133416
0.133492
0.133363
0.133389
0.133491
0.133259
0.133094
0.133111
0.133242
0.133498
0.13332
0.133253
0.133539
0.133439
0.133226
0.133308
0.133541
0.133367
0.133475
0.133294
0.133294
0.133076
0.133001
0.133001
0.133464
0.133464
0.133358
0.133126
0.133163
0.133288
0.13305
0.13319
0.133184
0.133644
0.13324
0.133535
0.133494
0.132876
0.133315
0.133258
0.133089
0.133101
0.133366
0.133367
0.133367
0.133087
0.132808
0.13295
0.133102
0.133132
0.133717
0.133363
0.133138
0.133589
0.133043
0.133
0.1329
0.132913
0.133207
0.133442
0.133271
0.133176
0.133195
0.133082
0.133409
0.133416
0.132967
0.133277
0.133362
0.133045
0.133471
0.13306
0.133413
0.133043
0.132967
0.132942
0.132942
0.133009
0.133201
0.133109
0.133082
0.13352
0.133413
0.132672
0.133088
0.133333
0.133207
0.133513
0.133358
0.132977
0.132977
0.133026
0.132939
0.133
0.133108
0.133089
0.13289
0.132735
0.1329
0.133157
0.132835
0.133158
0.133246
0.133132
0.133246
0.132942
0.133258
0.133101
0.13258
0.133089
0.133459
0.133227
0.133168
0.133484
0.132943
0.133151
0.133151
0.133075
0.133018
0.133201
0.132868
0.133009
0.133009
0.133188
0.133126
0.133242
0.133138
0.132926
0.133143
0.133143
0.132529
0.133465
0.133188
0.133844
0.133442
0.13332
0.133232
0.133238
0.133203
0.132523
0.133006
0.133288
0.132762
0.132121
0.133101
0.133541
0.132826
0.133619
0.133226
0.133226
0.132354
0.13325
0.132493
0.132654
0.133089
0.133032
0.132802
0.132876
0.132891
0.132975
0.133454
0.131782
0.133413
0.133439
0.131536
0.132857
0.133365
0.132852
0.133113
0.132867
0.13247
0.133611
0.132954
0.133758
0.133111
0.132867
0.132556
0.133177
0.132934
0.133218
0.132811
0.132741
0.133264
0.13199
0.133188
0.133339
0.132651
0.133264
0.133126
0.133126
0.133008
0.132718
0.133249
0.132992
0.132584
0.132925
0.132975
0.132984
0.132756
0.132797
0.132797
0.132797
0.132882
0.132783
0.1329
0.133025
0.132701
0.132731
0.132828
0.133057
0.132492
0.132492
0.132983
0.133469
0.133469
0.133043
0.132675
0.132807
0.132942
0.132841
0.132841
0.133082
0.132766
0.133208
0.133
0.133014
0.132567
0.132691
0.133265
0.13295
0.132556
0.132989
0.132995
0.13275
0.132379
0.132817
0.133058
0.132882
0.132866
0.133267
0.133094
0.132569
0.132569
0.132984
0.132481
0.132867
0.132867
0.133
0.132917
0.133471
0.132858
0.132691
0.132136
0.133014
0.132299
0.132619
0.132866
0.13295
0.132825
0.132967
0.132989
0.132815
0.132707
0.132895
0.132924
0.133046
0.133
0.132942
0.132701
0.132907
0.132825
0.132631
0.133032
0.132468
0.132783
0.132451
0.132766
0.132783
0.132691
0.132766
0.132278
0.132342
0.133019
0.132677
0.132554
0.132554
0.13285
0.132505
0.132867
0.132816
0.132605
0.132643
0.132709
0.132812
0.132867
0.132543
0.132731
0.132493
0.132529
0.13263
0.132731
0.132964
0.133032
0.133063
0.132984
0.132984
0.132922
0.133114
0.13285
0.133093
0.132784
0.132989
0.132989
0.13285
0.132677
0.132701
0.132607
0.132766
0.132594
0.132406
0.132992
0.132976
0.133063
0.132776
0.132989
0.132989
0.132706
0.132958
0.132429
0.132615
0.13275
0.132802
0.132665
0.132191
0.132866
0.132893
0.132832
0.132883
0.132095
0.132095
0.132922
0.132733
0.132632
0.132841
0.133064
0.132595
0.132992
0.132691
0.132594
0.13265
0.132641
0.132665
0.132263
0.132945
0.132883
0.13261
0.132594
0.132816
0.132891
0.133
0.132491
0.132655
0.132891
0.132619
0.132667
0.132791
0.132665
0.132317
0.132666
0.132365
0.132317
0.132317
0.132531
0.13268
0.132816
0.132968
0.13229
0.133
0.132942
0.132907
0.132465
0.132665
0.132591
0.133207
0.133207
0.13248
0.132691
0.132343
0.132493
0.132758
0.132481
0.132467
0.132809
0.132725
0.132865
0.132734
0.132593
0.132625
0.132551
0.132366
0.132405
0.132717
0.132907
0.132675
0.132541
0.132329
0.132542
0.132452
0.1327
0.132808
0.132716
0.132494
0.1319
0.132078
0.132418
0.132594
0.132402
0.132684
0.13244
0.13244
0.132504
0.132452
0.132866
0.132715
0.132442
0.132731
0.132734
0.133019
0.132907
0.132215
0.132825
0.132816
0.132483
0.13248
0.13265
0.13285
0.132291
0.132186
0.132442
0.132766
0.13261
0.132707
0.132554
0.132554
0.132554
0.132427
0.132465
0.132465
0.132357
0.13275
0.132479
0.132451
0.132379
0.132404
0.13243
0.132366
0.132366
0.132368
0.132392
0.132667
0.132543
0.13263
0.132725
0.132554
0.132569
0.132751
0.132565
0.13254
0.132366
0.133128
0.133128
0.132716
0.13275
0.13258
0.132415
0.132957
0.132593
0.132858
0.132581
0.132543
0.132515
0.13263
0.132907
0.132515
0.132467
0.132655
0.132641
0.132993
0.132476
0.132036
0.13269
0.132354
0.132667
0.132826
0.132493
0.132979
0.132942
0.132731
0.132605
0.132329
0.132404
0.132591
0.13271
0.132796
0.132569
0.132493
0.132565
0.132519
0.132416
0.133093
0.132266
0.132641
0.132591
0.133069
0.132645
0.13285
0.132404
0.132741
0.132544
0.132543
0.132244
0.132379
0.132379
0.132666
0.132569
0.132479
0.132565
0.132575
0.132568
0.132329
0.132655
0.132515
0.132595
0.132792
0.132468
0.132468
0.132243
0.132543
0.132709
0.132241
0.1328
0.13268
0.13268
0.132379
0.132454
0.132795
0.132339
0.132381
0.132304
0.132304
0.132627
0.132467
0.132518
0.132165
0.132176
0.132176
0.132624
0.132314
0.132766
0.133073
0.132716
0.132479
0.132675
0.132581
0.132605
0.132834
0.132791
0.132555
0.132555
0.132491
0.132491
0.132593
0.132671
0.133034
0.132095
0.132241
0.13237
0.132506
0.132379
0.132379
0.132766
0.13263
0.132685
0.132254
0.132415
0.132316
0.132281
0.13213
0.132316
0.132204
0.13242
0.132441
0.132518
0.13228
0.13228
0.132095
0.132354
0.132122
0.132142
0.132142
0.132177
0.132468
0.132467
0.132354
0.132303
0.132303
0.132808
0.132454
0.132404
0.132957
0.132354
0.132354
0.13269
0.132734
0.132566
0.132187
0.132583
0.132366
0.13253
0.132507
0.132726
0.132418
0.132636
0.131867
0.132427
0.132454
0.132366
0.132181
0.132502
0.132567
0.132466
0.132229
0.132358
0.132486
0.132127
0.132457
0.132303
0.132045
0.132045
0.132177
0.132709
0.132291
0.132517
0.132101
0.132591
0.131952
0.132015
0.132616
0.132177
0.132379
0.132379
0.132329
0.132429
0.132748
0.132281
0.132427
0.132641
0.132859
0.132137
0.132227
0.132667
0.13258
0.132885
0.132772
0.132566
0.132269
0.132442
0.132264
0.132227
0.132492
0.132227
0.132434
0.132493
0.132493
0.132223
0.132405
0.13249
0.132421
0.132795
0.13214
0.132187
0.132541
0.132605
0.132605
0.132473
0.131909
0.13268
0.132504
0.1326
0.1326
0.132891
0.132698
0.132466
0.132933
0.132915
0.132635
0.132716
0.1328
0.132429
0.132292
0.132597
0.132263
0.132504
0.132267
0.132569
0.13206
0.132239
0.132742
0.13265
0.132526
0.132684
0.131565
0.132651
0.132442
0.131956
0.132396
0.132065
0.132305
0.132441
0.132014
0.132104
0.132379
0.132181
0.132329
0.132493
0.132292
0.132317
0.132317
0.132014
0.132404
0.132392
0.132776
0.132379
0.132216
0.13204
0.132329
0.132341
0.132128
0.132625
0.132212
0.132036
0.13256
0.132615
0.132227
0.132096
0.132269
0.132429
0.132551
0.131876
0.132143
0.132529
0.132455
0.132292
0.132568
0.132191
0.132366
0.132185
0.132328
0.132529
0.132212
0.132141
0.132479
0.132202
0.131977
0.132254
0.132116
0.132116
0.132045
0.13222
0.132392
0.132128
0.132076
0.132354
0.132025
0.132343
0.132317
0.131993
0.132267
0.132303
0.132366
0.132391
0.132305
0.132796
0.132469
0.132229
0.132493
0.132257
0.132303
0.132776
0.132429
0.132328
0.132417
0.132417
0.132368
0.132455
0.132127
0.132
0.132062
0.132062
0.132479
0.132555
0.131953
0.13206
0.132463
0.132305
0.132876
0.132165
0.132441
0.132101
0.1329
0.13268
0.13268
0.132626
0.132442
0.132118
0.132316
0.132366
0.132404
0.132473
0.132473
0.132486
0.132052
0.132565
0.132565
0.132392
0.132505
0.132218
0.131671
0.132367
0.132585
0.132585
0.13258
0.132455
0.132325
0.132252
0.132416
0.132126
0.132559
0.132278
0.132379
0.132151
0.132593
0.132215
0.132505
0.132241
0.132354
0.132429
0.132064
0.132429
0.132354
0.132418
0.132277
0.132476
0.132269
0.132341
0.132444
0.132316
0.132948
0.132455
0.132616
0.133104
0.132479
0.132674
0.132429
0.132354
0.133217
0.132563
0.132053
0.132328
0.132531
0.132278
0.132038
0.132651
0.132303
0.132113
0.132418
0.132444
0.132518
0.13253
0.132341
0.132441
0.132641
0.132641
0.132365
0.132529
0.132429
0.132378
0.132068
0.132483
0.132136
0.132466
0.13268
0.132975
0.132137
0.132328
0.132328
0.132479
0.132405
0.132304
0.132253
0.132281
0.132281
0.132253
0.132151
0.132758
0.132675
0.131985
0.132165
0.132092
0.132354
0.132163
0.132766
0.132518
0.132615
0.132329
0.132119
0.132227
0.131994
0.132669
0.132595
0.132252
0.132417
0.132417
0.132417
0.132492
0.132607
0.132404
0.132404
0.13235
0.132469
0.13243
0.132631
0.132112
0.132269
0.132303
0.132592
0.132304
0.132304
0.132741
0.132182
0.133098
0.132078
0.132151
0.132252
0.132116
0.132316
0.132516
0.132289
0.132329
0.132076
0.1319
0.13209
0.132254
0.132191
0.132432
0.132225
0.132314
0.132479
0.132204
0.132279
0.132709
0.131944
0.132071
0.132203
0.132417
0.132418
0.13269
0.132151
0.132146
0.132278
0.131768
0.132078
0.132078
0.132126
0.131792
0.131922
0.132151
0.132131
0.132676
0.131859
0.131993
0.132291
0.132191
0.132159
0.131985
0.132593
0.132241
0.132241
0.132418
0.132115
0.131697
0.132355
0.132216
0.131875
0.132015
0.131926
0.132051
0.132368
0.131985
0.132092
0.132179
0.132126
0.132493
0.132454
0.132203
0.132015
0.132015
0.132492
0.132492
0.132417
0.132329
0.132052
0.132086
0.131944
0.132204
0.132118
0.132204
0.132204
0.131985
0.132031
0.131954
0.132404
0.132202
0.132768
0.132227
0.132456
0.13193
0.132279
0.13202
0.132616
0.132616
0.132252
0.132455
0.13208
0.131952
0.132196
0.13218
0.132505
0.132429
0.132529
0.132003
0.132162
0.132341
0.132266
0.131747
0.131869
0.131689
0.132055
0.131966
0.131816
0.131925
0.131942
0.131937
0.132014
0.131875
0.131722
0.131984
0.131801
0.131733
0.131884
0.131894
0.13204
0.132218
0.132248
0.131992
0.131992
0.131875
0.132517
0.132279
0.132266
0.132392
0.132307
0.132076
0.132154
0.131909
0.131833
0.13175
0.132405
0.132304
0.131585
0.132177
0.131792
0.131833
0.132241
0.132137
0.132366
0.1319
0.132116
0.132291
0.132011
0.131799
0.13206
0.132118
0.131758
0.132116
0.131926
0.132569
0.131786
0.131825
0.131995
0.132355
0.131966
0.132155
0.131718
0.131648
0.131646
0.132393
0.131841
0.13174
0.131833
0.131833
0.131851
0.132011
0.131376
0.13199
0.132305
0.131891
0.131758
0.131958
0.132062
0.131909
0.132116
0.131934
0.131809
0.131991
0.131703
0.132071
0.131884
0.13198
0.131909
0.131808
0.132136
0.131759
0.131977
0.131767
0.131809
0.131725
0.131819
0.132267
0.132368
0.13214
0.132179
0.132065
0.132065
0.132297
0.132266
0.132076
0.132379
0.131666
0.132035
0.132001
0.131646
0.132317
0.132467
0.131389
0.132657
0.132019
0.131647
0.131891
0.131985
0.132253
0.132191
0.132191
0.132001
0.132204
0.132026
0.132627
0.132212
0.1319
0.132238
0.131779
0.132328
0.131859
0.131891
0.131975
0.131869
0.132078
0.132129
0.131644
0.132316
0.132151
0.13242
0.131633
0.132011
0.132151
0.132255
0.131747
0.131802
0.132005
0.132086
0.132005
0.132255
0.132036
0.132031
0.131985
0.131944
0.131892
0.131887
0.132427
0.132101
0.131798
0.132036
0.132239
0.131671
0.132205
0.132381
0.132177
0.132177
0.131961
0.131795
0.132118
0.132119
0.132479
0.132078
0.132191
0.132507
0.132086
0.131817
0.132205
0.132418
0.131959
0.131959
0.131916
0.132148
0.131935
0.132108
0.132108
0.131666
0.131875
0.131805
0.132178
0.132062
0.132142
0.131926
0.132151
0.131809
0.132216
0.132101
0.132076
0.132215
0.132215
0.132452
0.132029
0.131817
0.132118
0.131869
0.132179
0.132179
0.131621
0.132392
0.132068
0.13204
0.131902
0.131902
0.132328
0.131734
0.131787
0.131824
0.131875
0.132065
0.132065
0.132177
0.132501
0.131952
0.131801
0.132111
0.132126
0.132011
0.131809
0.132067
0.132368
0.132504
0.131779
0.132291
0.132254
0.132446
0.131795
0.132505
0.131985
0.132152
0.131622
0.131879
0.132392
0.131809
0.131494
0.132194
0.132016
0.131829
0.131914
0.132111
0.131741
0.131741
0.131861
0.131808
0.132129
0.132355
0.132355
0.13206
0.132465
0.13214
0.131935
0.131851
0.131588
0.132081
0.131859
0.132015
0.131941
0.131358
0.131766
0.131495
0.131495
0.132118
0.131716
0.132016
0.131985
0.13196
0.131665
0.132216
0.131909
0.132111
0.132066
0.132054
0.13133
0.131626
0.131626
0.131903
0.131652
0.132045
0.132329
0.131791
0.132115
0.132191
0.131723
0.132155
0.132015
0.131955
0.132051
0.131918
0.131787
0.132129
0.131402
0.13198
0.132187
0.131597
0.131715
0.132065
0.132157
0.131741
0.132254
0.13227
0.13227
0.131909
0.132062
0.131809
0.131927
0.132242
0.131946
0.131959
0.132293
0.13227
0.131758
0.131758
0.131758
0.131809
0.131833
0.131925
0.131576
0.13203
0.131791
0.132267
0.131785
0.131843
0.132241
0.132002
0.131935
0.132165
0.132
0.132216
0.131639
0.131842
0.132316
0.132081
0.132081
0.13149
0.132217
0.131986
0.13239
0.131842
0.131985
0.131959
0.13157
0.132101
0.131961
0.131809
0.13196
0.131919
0.13185
0.131833
0.131676
0.131845
0.131845
0.13213
0.13213
0.13213
0.131885
0.13148
0.132151
0.131658
0.131841
0.131841
0.132142
0.131275
0.131775
0.131801
0.131622
0.132177
0.132418
0.13206
0.131859
0.132047
0.131837
0.132126
0.132279
0.132216
0.131795
0.131875
0.132304
0.132529
0.131961
0.131961
0.131867
0.132217
0.132217
0.131931
0.13208
0.13208
0.131867
0.132167
0.131758
0.132115
0.13214
0.131861
0.131861
0.131845
0.131502
0.132128
0.131917
0.131841
0.131709
0.131816
0.131646
0.131697
0.13185
0.131968
0.131817
0.131842
0.131842
0.131766
0.132151
0.131934
0.132045
0.132045
0.131609
0.131875
0.131875
0.131596
0.131885
0.131885
0.131606
0.132191
0.1319
0.13206
0.13207
0.13213
0.13213
0.132168
0.131901
0.132216
0.131761
0.13164
0.131601
0.132165
0.132156
0.131665
0.131715
0.131826
0.132303
0.132303
0.131953
0.131985
0.132675
0.13169
0.132026
0.131597
0.131874
0.131909
0.132107
0.131875
0.1317
0.1317
0.131665
0.131444
0.131444
0.13208
0.132101
0.131925
0.131925
0.131559
0.131573
0.131348
0.131147
0.131346
0.131799
0.131867
0.132316
0.131741
0.132142
0.131808
0.131891
0.131891
0.131369
0.131733
0.131591
0.131792
0.131373
0.131701
0.131701
0.131635
0.131807
0.131792
0.131816
0.131439
0.131374
0.132427
0.131771
0.131801
0.131558
0.131532
0.13174
0.131504
0.131555
0.131377
0.131369
0.132021
0.131674
0.131209
0.131209
0.131293
0.132042
0.131489
0.131651
0.131527
0.131777
0.131194
0.131668
0.131343
0.13195
0.131582
0.131608
0.131766
0.131564
0.131615
0.131761
0.13142
0.131533
0.131413
0.1316
0.130974
0.131021
0.1318
0.131811
0.131514
0.131288
0.131288
0.131916
0.131841
0.131768
0.131856
0.131558
0.131665
0.131833
0.131737
0.131363
0.131685
0.131661
0.131365
0.131615
0.132191
0.132192
0.131585
0.13135
0.13175
0.1319
0.131717
0.131677
0.13169
0.131615
0.131176
0.131684
0.131294
0.131761
0.131123
0.131597
0.131802
0.131867
0.131596
0.131666
0.131591
0.131825
0.131559
0.131818
0.132166
0.131941
0.131941
0.131902
0.131902
0.131869
0.131022
0.131377
0.131568
0.132065
0.131798
0.131603
0.131297
0.131446
0.13148
0.131672
0.131911
0.131725
0.131817
0.131866
0.131937
0.131528
0.131539
0.131835
0.131659
0.131565
0.131944
0.131708
0.131758
0.131925
0.131374
0.131394
0.132022
0.131246
0.131246
0.131377
0.131683
0.131384
0.13175
0.131672
0.131709
0.13164
0.131667
0.131608
0.131937
0.131837
0.131668
0.131604
0.131515
0.131383
0.131654
0.131429
0.131515
0.131533
0.13133
0.131643
0.131609
0.132065
0.131223
0.131223
0.13132
0.131399
0.131303
0.131683
0.131677
0.131047
0.131635
0.131942
0.131759
0.131667
0.131576
0.131576
0.13163
0.131449
0.131434
0.131293
0.131737
0.131464
0.131464
0.131601
0.131608
0.131489
0.131737
0.130487
0.131226
0.132316
0.131564
0.131768
0.131919
0.131525
0.13175
0.130752
0.131322
0.130898
0.131508
0.131565
0.131685
0.131709
0.131668
0.131365
0.132041
0.131861
0.131571
0.131801
0.131444
0.131709
0.131594
0.131095
0.131589
0.131641
0.131641
0.131802
0.131725
0.131585
0.13159
0.131628
0.130973
0.131347
0.131785
0.131668
0.131671
0.131433
0.131666
0.131768
0.131127
0.131785
0.131885
0.131615
0.131773
0.131344
0.13171
0.131728
0.131294
0.131529
0.132078
0.132078
0.131427
0.131242
0.13165
0.131753
0.131701
0.131468
0.130971
0.13117
0.131538
0.13135
0.131851
0.131659
0.131692
0.131744
0.131726
0.131565
0.131401
0.131568
0.131533
0.131941
0.132018
0.13142
0.131931
0.131276
0.131236
0.131357
0.131373
0.13168
0.131593
0.131296
0.131966
0.131692
0.131568
0.132269
0.131541
0.131832
0.131439
0.131734
0.131323
0.131323
0.130846
0.13122
0.131324
0.131316
0.131269
0.131167
0.131167
0.131465
0.131685
0.131508
0.131622
0.131539
0.131635
0.131785
0.131837
0.131864
0.131601
0.131758
0.131967
0.131276
0.131594
0.131866
0.131565
0.131073
0.131578
0.13125
0.131193
0.131364
0.131711
0.131512
0.13112
0.131179
0.131565
0.131216
0.131832
0.131712
0.131431
0.131618
0.131176
0.131637
0.13145
0.131651
0.131913
0.131609
0.131677
0.131199
0.13092
0.131462
0.13117
0.131404
0.13122
0.13112
0.131399
0.131618
0.131576
0.131203
0.131176
0.131128
0.131128
0.130845
0.131074
0.131029
0.131502
0.131368
0.131535
0.131273
0.131751
0.131578
0.131762
0.131418
0.131418
0.131414
0.131535
0.131727
0.131687
0.131005
0.131311
0.131311
0.131509
0.131415
0.13127
0.131695
0.13137
0.131896
0.131266
0.131345
0.131078
0.131296
0.130873
0.131701
0.131801
0.131666
0.131669
0.131353
0.131384
0.131664
0.131105
0.131105
0.131358
0.131535
0.131055
0.130947
0.13097
0.131296
0.13135
0.131462
0.131585
0.131425
0.131489
0.130947
0.131266
0.131266
0.131097
0.1313
0.13092
0.127027
0.122294
0.122294
0.115962
0.0915568
0.0676586
0.0428896
0.0307218
0.0166891
0.00932777
0.00948488
0.0132813
0.0119861
0.00869953
0.00869953
0.00819908
0.00877489
0.0077872
0.00772583
0.00370109
0.00544329
0.00499013
0.00655519
0.00554846
0.00631347
0.00497125
0.00508672
0.00574913
0.00662145
0.00636148
0.00632419
0.00553804
0.00664006
0.00664006
0.0042882
0.00542383
0.0050501
0.00471087
0.00437404
0.00442778
0.00442778
0.00526365
0.00315316
0.00477056
0.00429722
0.00315316
0.0018932
0.0018932
0.00389573
0.00389573
0.0025147
0.0025147
0.00405777
0.00405777
0.00522413
0.00527145
0.00424974
0.0046469
0.00260786
0.00233245
0.0014723
0.00407684
0.00330537
0.00151565
0.00372701
0.00372701
0.00332423
0.00510382
0.00325734
0.00328677
0.00328677
0.00442778
0.00370559
0.00422876
0.00218815
0.00194784
0.00194784
0.00579197
0.00393496
0.00409616
0.00398198
0.0023214
0.00341031
0.00236933
0.00203373
0.00356389
0.00176544
0.00185131
0.00438972
0.00303834
0.00303834
0.0024361
0.00185131
0.00431438
0.00214951
0.0026667
0.00343931
0.00396247
0.00129448
0.00200469
0.00126544
0.00304817
0.0027338
0.00439422
0.00111193
0.00325734
0.00282861
0.00282861
0.004042
0.004042
0.00402928
0.0029632
0.00376245
0.00323851
0.00210097
0.00223567
0.00161313
0.00257983
0.00194784
0.0020527
0.0020527
0.00075555
0.00075555
0.00117904
0.00238813
0.00237922
0.00196655
0.000351655
0.00298156
0.00189944
0.000658976
0.000658976
0.00181375
0.00119824
0.00358354
0.00531953
0.00265575
0.00265575
0.0019855
0.0040686
0.002293
0.00126544
0.00347763
0.00154524
0.00154524
0.00262723
0.00205518
0.0003421
0.00322887
0.00160252
0.00160252
0.00144819
0.00256024
0.000997037
0.00067851
0.00131348
0.00131348
0.00131348
0.00206374
0.00362946
0.00318159
0.00311485
0.00311485
0.00364203
0.00214059
0.00225474
0.00219893
0.00406911
0.00335516
0.00304817
0.00135221
0.00362946
0.0023597
0.000583283
0.00159463
0.00126544
0.0023214
0.00264684
-0.00015985
0.00298293
0.00079398
0.00276277
0.00276277
0.002742
0.00117904
0.0026667
0.00169854
0.00274364
0.00291502
0.00329573
0.00329573
0.000553289
0.00269429
0.00213921
0.00362192
0.00157487
0.00144819
0.00144819
0.00203373
0.00237922
0.00137194
0.00195695
0.00195695
0.00258337
0.000255633
0.00155452
-0.000566843
-0.000566843
0.000583283
0.00230571
0.00134476
-0.000103374
0.00261974
-0.00066469
0.00195695
0.00204381
0.000147864
0.00141958
1.25709e-05
0.000969045
0.000969045
0.00226555
0.00226583
0.00197661
0.00021758
0.00178432
0.00178432
-0.000439811
0.0025409
0.000264469
0.0023597
0.00223905
0.00306788
0.00056347
0.00056347
0.000516118
0.00119824
0.00243924
-0.000818822
0.000234803
0.000234803
0.00339703
-0.000953755
0.00249333
0.0037819
-0.0013136
0.00124623
0.00143933
0.00157487
0.00110306
-0.00041037
0.00293469
0.000959033
0.00293469
0.00180344
0.00069829
0.00193754
-0.00119633
-0.00119633
0.00288808
0.00204381
6.12866e-05
-8.40592e-05
0.00287642
0.00257983
0.00259967
0.00391765
0.00119824
0.00316208
0.0024361
0.00122725
0.00122725
0.00188985
0.00241899
0.00123736
0.00119824
0.00146941
0.0011311
0.00130461
0.00130461
0.00172832
-0.000381486
-0.000381486
0.000456991
0.000639685
0.000496164
0.000236484
0.00164165
0.00150139
0.000796463
0.000456991
-0.0006159
0.00440036
0.00181534
-5.49714e-05
-5.49714e-05
-0.00238227
0.000815761
0.000929263
0.00145041
0.00204381
0.00150816
0.000418797
0.00102598
0.000806753
0.00130461
0.000370606
0.00179526
0.00121768
0.00174837
0.00217924
0.00217924
0.00217924
0.002293
0.000959033
0.000591578
0.00204381
0.00182281
0.00175584
0.0011311
0.00140281
0.00282163
0.000227638
0.00183566
0.00237922
0.000855092
0.00108343
-0.000586561
0.00161464
0.000746001
-0.00050994
-0.000170801
-0.00118508
0.0015279
0.00102598
0.00184242
-8.40592e-05
0.000418797
0.00243924
0.00123736
0.00123736
3.1688e-05
0.000601839
0.00268895
0.00246581
0.000749019
0.000942007
0.000969045
0.00250611
0.000389802
0.000591578
0.00231249
-0.000286201
0.00242648
0.00201667
-0.000761467
0.000901042
0.00297616
-0.000645524
-0.000645524
0.000505007
0.00261974
0.00121768
0.000658976
0.00192936
0.000707129
-0.000799948
-0.00025718
0.00101641
-0.000131974
0.00149826
0.0003421
0.000141089
3.04341e-06
0.00197988
0.000275027
0.000456991
0.00180344
0.000206091
0.00170851
0.000208023
0.00176867
0.000456991
0.00243924
0.00219893
0.00312849
0.00312849
0.000361762
0.000322683
-0.00176822
0.00137194
-0.00021889
-0.00021889
0.000322683
0.000671091
0.00112295
0.00112295
0.000496164
0.00213238
0.00115052
-0.00068361
0.0025936
7.06563e-05
0.00310804
0.00117018
0.0011311
7.06563e-05
0.00157487
0.00079398
-0.00078083
0.000997037
0.00052425
0.00052425
-8.40592e-05
0.000682346
0.00179526
0.00179526
-0.000305445
0.00186228
0.00186228
0.00122725
0.000895401
0.00110306
0.00110306
0.000553289
0.000553289
-0.00123715
0.00195301
0.00148866
0.00201667
0.00164165
0.000180516
-0.000896542
5.10499e-05
-0.000876982
-0.0013382
0.00242648
-0.000653054
-0.00139989
0.000930109
-0.000487716
-5.49714e-05
-5.49714e-05
0.000437772
0.00112295
0.00174303
0.00163489
-0.000227001
-0.000420614
0.000227638
0.00217924
0.00217924
0.000389802
0.000930109
0.00123063
-0.000713212
-0.000983267
0.000138339
0.000314548
0.000314548
0.00190948
-0.000876982
0.00155535
0.00155535
0.00124623
0.00124623
0.00172832
-0.000659719
-0.000189847
9.37923e-05
-0.000448635
-0.000448635
0.00101641
0.00137194
0.00183566
0.00183566
0.000701842
-0.00152773
0.00132457
0.00132457
0.00132457
0.00132457
-0.00160283
-0.00160283
-0.00160283
0.00090214
-0.000439811
0.000639685
0.00219893
0.00213238
0.00235221
0.000113604
0.000942007
-0.000246979
0.00090214
-0.00127587
0.00195695
-0.000953755
0.00186228
0.0021523
0.00110306
-0.000761467
0.000351655
0.000121743
0.00100896
-0.000811931
-0.00060234
-0.00100231
0.00130167
0.00204626
0.00204626
0.00164165
0.00128153
-0.000818822
-0.000990674
0.000188653
-0.00161445
0.000303511
-0.00190284
0.000654932
-0.000774507
0.00120977
0.00308729
0.000835304
-0.000381486
0.00141457
-0.000848379
-0.000848379
-0.00171101
0.000200596
-0.000206778
0.00162211
-0.00119388
0.000169528
-0.00025367
-0.00100231
-0.000353442
0.00279567
-0.00108841
-0.00100231
-0.00100231
-0.000867473
-0.000286201
-0.000774507
0.000788302
-0.00197005
