-0.010824
-0.0112264
-0.0127441
-0.00969972
-0.014065
-0.00930154
-0.0147986
-0.0110222
-0.010825
-0.0132775
-0.0130779
-0.0132762
-0.0132762
-0.0138752
-0.0121536
-0.00910567
-0.00910496
-0.0106268
-0.016319
-0.0134732
-0.0142649
-0.0112226
-0.0116223
-0.0140063
-0.0123475
-0.0110243
-0.0110243
-0.0121526
-0.0121526
-0.00797783
-0.0140682
-0.0118162
-0.011422
-0.011422
-0.012018
-0.0110233
-0.0106278
-0.0106278
-0.0127398
-0.0104303
-0.0134783
-0.0134783
-0.010825
-0.0100952
-0.0100344
-0.0129473
-0.0128783
-0.00989704
-0.012352
-0.010826
-0.010826
-0.0125494
-0.0140724
-0.0121526
-0.0140696
-0.0104303
-0.0116192
-0.0110263
-0.013874
-0.0100329
-0.0100962
-0.00956214
-0.0129473
-0.0135413
-0.0150013
-0.0128807
-0.0136729
-0.010098
-0.0125494
-0.0136768
-0.00916685
-0.012408
-0.0155952
-0.00970055
-0.0178482
-0.0131433
-0.00950226
-0.0138727
-0.015658
-0.00989883
-0.00989883
-0.0089703
-0.0149969
-0.0124109
-0.00817787
-0.0129449
-0.0132749
-0.0140724
-0.0127466
-0.00724535
-0.00930241
-0.00930241
-0.00797713
-0.0110243
-0.0121515
-0.0118174
-0.0140724
-0.0116155
-0.0116155
-0.0100337
-0.0104295
-0.0123475
-0.00983668
-0.0126834
-0.0144018
-0.0104295
-0.0132721
-0.00983604
-0.0148
-0.0130791
-0.0108279
-0.00970266
-0.00877053
-0.00877053
-0.0134771
-0.0104326
-0.0151983
-0.0151983
-0.00744815
-0.0138684
-0.0112246
-0.010826
-0.010232
-0.0155967
-0.0118197
-0.0119485
-0.00744732
-0.00876967
-0.00572429
-0.0114239
-0.0129449
-0.0102312
-0.0121504
-0.00970055
-0.0106295
-0.00930466
-0.0178482
-0.0114197
-0.0114209
-0.0134732
-0.0132749
-0.0132749
-0.00969972
-0.00605925
-0.0117558
-0.00963627
-0.0104295
-0.00698772
-0.0126811
-0.0108279
-0.0100971
-0.0100971
-0.00930241
-0.0127489
-0.0127441
-0.012351
-0.0112179
-0.012352
-0.0123475
-0.0123475
-0.0138699
-0.0163923
-0.0163923
-0.0134771
-0.0104303
-0.0112867
-0.0138713
-0.0159239
-0.0110271
-0.0110271
-0.0131433
-0.0131433
-0.00936592
-0.00936592
-0.013938
-0.0144018
-0.0117558
-0.0114248
-0.0134732
-0.0134732
-0.0106257
-0.0106257
-0.0167176
-0.0102924
-0.011618
-0.0134759
-0.0083767
-0.0134746
-0.014202
-0.0140696
-0.0118197
-0.0106311
-0.0106311
-0.00817731
-0.0120157
-0.0120157
-0.0123475
-0.0123475
-0.0145971
-0.00910336
-0.013142
-0.013142
-0.00916592
-0.0167841
-0.0127466
-0.0127466
-0.0192318
-0.0119561
-0.0112191
-0.0102963
-0.0167193
-0.0115554
-0.0146042
-0.0132749
-0.014071
-0.014071
-0.0118149
-0.0118149
-0.0112204
-0.0153886
-0.0130779
-0.0153996
-0.0153996
-0.00851177
-0.0124816
-0.0134746
-0.0134746
-0.0121504
-0.0100311
-0.0114209
-0.0161223
-0.00950062
-0.00950062
-0.00870844
-0.0149954
-0.0134759
-0.012148
-0.0104295
-0.0104275
-0.00970055
-0.0129423
-0.0104285
-0.0112226
-0.0117567
-0.010827
-0.0123449
-0.0123449
-0.0106268
-0.0106278
-0.0129423
-0.0146662
-0.0146662
-0.0175149
-0.00724683
-0.011422
-0.0131457
-0.0116213
-0.0134771
-0.0134771
-0.011618
-0.0140696
-0.0127454
-0.0129437
-0.0121536
-0.0136755
-0.0124791
-0.0112215
-0.00837557
-0.00989796
-0.0126811
-0.0191662
-0.0126811
-0.0104937
-0.0149969
-0.0136755
-0.0136755
-0.0121515
-0.00857312
-0.0113561
-0.00930241
-0.00930241
-0.014202
-0.0134746
-0.0117538
-0.00950147
-0.0132775
-0.0132775
-0.00989796
-0.0106257
-0.00950226
-0.0123499
-0.00916929
-0.0115508
-0.0138764
-0.0130802
-0.0147954
-0.011423
-0.0115532
-0.0148
-0.0106938
-0.0116192
-0.00970131
-0.0089703
-0.00989796
-0.0146042
-0.00890597
-0.012547
-0.00804311
-0.0134771
-0.0101001
-0.0151953
-0.0123499
-0.0114197
-0.0114197
-0.0126823
-0.0106909
-0.0144615
-0.0106898
-0.0140063
-0.00989796
-0.00970055
-0.0125458
-0.0131433
-0.00877132
-0.0141302
-0.00645386
-0.0112226
-0.0106278
-0.0149984
-0.0119509
-0.0125445
-0.0167176
-0.0150613
-0.0150613
-0.0100962
-0.0131457
-0.0110222
-0.0115532
-0.0127489
-0.0127489
-0.00916592
-0.00970131
-0.0118162
-0.010826
-0.0123499
-0.00877053
-0.00877053
-0.0104303
-0.0117558
-0.0129395
-0.0134771
-0.0104905
-0.00876967
-0.0125431
-0.0104303
-0.00837491
-0.0106257
-0.0134746
-0.0125458
-0.0098939
-0.0098939
-0.0110222
-0.00910744
-0.0151903
-0.0133374
-0.0112179
-0.00665128
-0.0115521
-0.0115521
-0.012877
-0.012877
-0.0123475
-0.0123462
-0.0123462
-0.0118162
-0.015787
-0.0138652
-0.0127413
-0.0131406
-0.0133358
-0.0133358
-0.0114209
-0.0127427
-0.0129423
-0.014669
-0.0150629
-0.0122152
-0.0122152
-0.0139351
-0.0103579
-0.011618
-0.00837419
-0.0104275
-0.0134746
-0.0134746
-0.0127427
-0.0102934
-0.0157851
-0.016319
-0.0129423
-0.00857312
-0.00777965
-0.0100942
-0.00877132
-0.010827
-0.010827
-0.0114186
-0.00817601
-0.0115544
-0.0116203
-0.0121504
-0.0121492
-0.00718636
-0.0119509
-0.00777965
-0.0142665
-0.00890341
-0.010098
-0.00890433
-0.0183722
-0.0140682
-0.0165156
-0.0115544
-0.0117548
-0.0136715
-0.0131391
-0.0144045
-0.00890737
-0.00837419
-0.0164551
-0.0136729
-0.0127454
-0.0132775
-0.0132775
-0.00824027
-0.0114197
-0.0182356
-0.0121504
-0.0138113
-0.0138113
-0.0138113
-0.0146029
-0.011618
-0.0163224
-0.0133403
-0.014071
-0.0127454
-0.0157921
-0.0179059
-0.0140682
-0.014863
-0.0106929
-0.0106929
-0.0132787
-0.00645603
-0.00989796
-0.0138684
-0.00963548
-0.0104275
-0.0104275
-0.0130824
-0.0119542
-0.0140682
-0.00625676
-0.0115565
-0.0136743
-0.0136743
-0.00797783
-0.0129437
-0.0104937
-0.0151921
-0.012547
-0.0108295
-0.0110233
-0.015927
-0.0166568
-0.0106278
-0.0106311
-0.0146016
-0.0100962
-0.0112226
-0.00950147
-0.0117548
-0.00930397
-0.0109604
-0.00850803
-0.00850803
-0.00930466
-0.0142708
-0.0138684
-0.0129437
-0.0132735
-0.0132735
-0.00910336
-0.0130791
-0.00890799
-0.00890799
-0.00499405
-0.0136743
-0.0136743
-0.00718557
-0.00718557
-0.00685256
-0.00685256
-0.00685171
-0.0168469
-0.0073838
-0.0123487
-0.0104312
-0.0114197
-0.0102283
-0.00897101
-0.00897101
-0.0134746
-0.0128756
-0.00758203
-0.0132787
-0.0140724
-0.0121536
-0.0100311
-0.0143988
-0.0068512
-0.0068512
-0.0117503
-0.0144018
-0.00797713
-0.0153921
-0.0106295
-0.0109613
-0.0132762
-0.0159239
-0.0144663
-0.0125458
-0.0134783
-0.0114209
-0.0114209
-0.00890737
-0.010826
-0.010826
-0.0127441
-0.00983668
-0.0138699
-0.0133416
-0.00823811
-0.00823811
-0.0163154
-0.0138713
-0.0104916
-0.0129462
-0.0104946
-0.012547
-0.014863
-0.0106898
-0.0106898
-0.0142694
-0.0118186
-0.00797906
-0.014863
-0.0110233
-0.00989883
-0.016652
-0.0132735
-0.0125458
-0.0106268
-0.00817601
-0.0149954
-0.00969972
-0.0128829
-0.0132749
-0.0132749
-0.0119542
-0.0100942
-0.0130779
-0.0130779
-0.0106875
-0.0131406
-0.018835
-0.0148597
-0.0159921
-0.0133388
-0.0133388
-0.0127454
-0.014065
-0.0129449
-0.0129449
-0.0150013
-0.0142665
-0.012148
-0.012148
-0.0102963
-0.00969883
-0.0133442
-0.0135356
-0.0133388
-0.014663
-0.0110233
-0.0110233
-0.00897101
-0.00552681
-0.0139351
-0.0121526
-0.0121526
-0.0165839
-0.0112236
-0.00764501
-0.00764501
-0.0138727
-0.0106278
-0.0134759
-0.0129395
-0.0129437
-0.014268
-0.014268
-0.0116213
-0.00877132
-0.00877132
-0.0112236
-0.0102312
-0.0102312
-0.0129484
-0.0130766
-0.0167193
-0.0167193
-0.0102954
-0.0112236
-0.00890433
-0.0133374
-0.0133374
-0.0133374
-0.0165192
-0.0154612
-0.0154612
-0.00936501
-0.0110233
-0.0110233
-0.0110253
-0.013874
-0.0149999
-0.00817447
-0.0125458
-0.0125458
-0.0104312
-0.00837341
-0.011355
-0.0111614
-0.0104312
-0.00983375
-0.00970055
-0.0134771
-0.0121492
-0.0121492
-0.010893
-0.00910744
-0.00910744
-0.0104285
-0.0151953
-0.00950062
-0.0130802
-0.0145987
-0.00910336
-0.00194484
-0.0102924
0.00268053
0.00659493
0.0117
0.0088541
0.00752834
0.00507339
0.0114936
0.0175666
0.0283308
0.0637338
0.0944431
0.0944431
0.108776
0.15839
0.260987
0.295489
0.315571
0.315571
0.218333
0.129197
0.0882858
0.0743851
0.0839769
0.0839769
0.0865953
0.0828411
0.0896225
0.0837789
0.0901906
0.0867899
0.0867899
0.0896058
0.0852721
0.0854771
0.0896099
0.0892091
0.0892091
0.0862175
0.0888654
0.0862367
0.0869694
0.0843516
0.0854628
0.0854628
0.0905455
0.087553
0.0841572
0.0880911
0.0833841
0.086006
0.086006
0.0837956
0.0864197
0.0851152
0.0824693
0.0837562
0.0862139
0.0862139
0.0813
0.0839629
0.0847033
0.0809496
0.0856382
0.0820981
0.0858324
0.0845126
0.0852721
0.0852721
0.0852721
0.085279
0.0798194
0.0890402
0.0832196
0.0837991
0.0820981
0.0843219
0.0849135
0.0862139
0.0828478
0.0847067
0.0860574
0.0864276
0.083032
0.083032
0.083032
0.0828619
0.0849206
0.0856679
0.0860349
0.0843446
0.0843446
0.0866303
0.0866303
0.0813555
0.0813313
0.0851115
0.0851115
0.0996305
0.123644
0.178908
0.20311
0.192783
0.182956
0.189691
0.188069
0.18772
0.186751
0.18813
0.186649
0.176718
0.182151
0.176394
0.182731
0.185379
0.181083
0.181083
0.179572
0.176614
0.173945
0.179998
0.177913
0.17961
0.17961
0.17994
0.174542
0.175683
0.175104
0.172708
0.176264
0.174411
0.175481
0.169889
0.166369
0.171021
0.171785
0.171785
0.173085
0.169169
0.17066
0.173497
0.170309
0.170309
0.171057
0.170116
0.246765
0.28324
0.321388
0.361819
0.409771
0.451165
0.460934
0.482002
0.507383
0.528679
0.505215
0.503588
0.49645
0.492488
0.49049
0.48778
0.487064
0.487913
0.493857
0.48384
0.480834
0.485118
0.480911
0.48384
0.48384
0.482056
0.483813
0.483813
0.482722
0.477343
0.477343
0.478404
0.47998
0.477074
0.47843
0.4771
0.474512
0.476538
0.475419
0.475656
0.47262
0.471553
0.471553
0.473688
0.471393
0.473898
0.472485
0.497919
0.534162
0.598734
0.598734
0.66029
0.710796
0.826597
0.855974
0.857418
0.855975
0.862838
0.85418
0.849093
0.853699
0.848266
0.844417
0.854226
0.846611
0.849552
0.846863
0.842269
0.841451
0.841451
0.825007
0.81623
0.815508
0.819882
0.815879
0.813631
0.813631
0.813083
0.812378
0.81572
0.812626
0.818129
0.808878
0.808878
0.810475
0.810071
0.808576
0.813453
0.809548
0.809548
0.811009
0.811756
0.807488
0.803397
0.813618
0.804049
0.804049
0.805038
0.804837
0.804837
0.804147
0.804733
0.803397
0.803397
0.804593
0.803195
0.802489
0.808253
0.808192
0.808192
0.804387
0.801108
0.804468
0.804468
0.808536
0.806715
0.806715
0.800363
0.802239
0.799957
0.803495
0.801776
0.801776
0.797549
0.798074
0.800177
0.802218
0.797779
0.80119
0.799614
0.80188
0.800743
0.798133
0.79886
0.800661
0.80046
0.800318
0.796817
0.801978
0.799226
0.796108
0.7939
0.794599
0.795642
0.797909
0.800296
0.797827
0.793415
0.793415
0.793758
0.798293
0.790857
0.793983
0.794532
0.794101
0.794101
0.790322
0.79886
0.79886
0.793499
0.795453
0.794802
0.792349
0.791706
0.793876
0.794566
0.793734
0.795777
0.790341
0.791232
0.793425
0.793425
0.794684
0.794684
0.800904
0.81195
0.81195
0.819678
0.819678
0.825524
0.825717
0.825717
0.832269
0.826457
0.832052
0.842697
0.844386
0.847761
0.847761
0.853855
0.853354
0.848436
0.851769
0.853774
0.854055
0.854055
0.84941
0.853907
0.851216
0.848791
0.853208
0.848081
0.848081
0.853834
0.853008
0.848717
0.850218
0.85002
0.850235
0.850235
0.855007
0.848906
0.848972
0.849657
0.850565
0.850565
0.847949
0.853546
0.851392
0.843305
0.84945
0.848625
0.848625
0.850012
0.85097
0.852018
0.849657
0.843013
0.843013
0.845214
0.848823
0.851466
0.847014
0.850285
0.849657
0.849657
0.849657
0.846807
0.848476
0.846526
0.846198
0.846198
0.847295
0.848542
0.848054
0.850689
0.848195
0.849723
0.84618
0.84618
0.849219
0.850202
0.847286
0.84722
0.843827
0.843827
0.847773
0.847773
0.844239
0.847624
0.847971
0.845335
0.846649
0.846592
0.846592
0.8504
0.845195
0.846376
0.846376
0.842419
0.841541
0.842776
0.843752
0.848459
0.842776
0.843536
0.843536
0.848881
0.847502
0.8468
0.844989
0.84664
0.84664
0.839503
0.839438
0.845608
0.842073
0.842907
0.849839
0.849839
0.845608
0.844848
0.846292
0.845195
0.845533
0.845955
0.847971
0.843113
0.844924
0.843827
0.839861
0.842843
0.844024
0.847523
0.845533
0.843319
0.840002
0.842701
0.842269
0.84526
0.840251
0.844416
0.842333
0.842333
0.842269
0.843169
0.846565
0.845646
0.843495
0.843862
0.843862
0.845101
0.843279
0.842333
0.842333
0.839687
0.83651
0.83921
0.844904
0.837551
0.838862
0.843017
0.843364
0.843364
0.84088
0.838721
0.837615
0.837615
0.842398
0.844275
0.844341
0.844341
0.844257
0.839893
0.839893
0.836151
0.842877
0.842877
0.844612
0.838916
0.837051
0.842041
0.842041
0.842801
0.839557
0.840034
0.838927
0.842836
0.840729
0.837527
0.837527
0.84037
0.842313
0.842258
0.834532
0.839676
0.838798
0.835792
0.837116
0.842715
0.841683
0.839665
0.839665
0.839969
0.838222
0.838634
0.842639
0.836127
0.840782
0.842725
0.843203
0.839817
0.837852
0.842987
0.834634
0.841011
0.841011
0.839947
0.840446
0.840772
0.83897
0.837505
0.834827
0.837104
0.836474
0.837027
0.840913
0.841347
0.839676
0.839676
0.838753
0.835485
0.842454
0.836616
0.838005
0.834597
0.838481
0.837386
0.838005
0.836769
0.840772
0.838253
0.838253
0.831705
0.837711
0.836951
0.836268
0.83923
0.83923
0.834327
0.834327
0.84201
0.831664
0.838275
0.837233
0.837233
0.838264
0.83605
0.833967
0.836874
0.841814
0.837993
0.836398
0.83721
0.837106
0.838134
0.839241
0.839295
0.835202
0.835202
0.834738
0.835049
0.840761
0.834661
0.831498
0.837222
0.840077
0.836874
0.835756
0.838177
0.838535
0.837375
0.836798
0.832038
0.832295
0.836616
0.833349
0.834843
0.834225
0.835768
0.837146
0.834225
0.834686
0.836951
0.837233
0.830558
0.833272
0.834019
0.835768
0.833118
0.834803
0.83223
0.838601
0.832616
0.831742
0.834701
0.832359
0.832359
0.83578
0.839708
0.834212
0.827703
0.824749
0.831381
0.830148
0.833607
0.835614
0.836115
0.836192
0.83658
0.831614
0.834237
0.832861
0.83595
0.833917
0.831715
0.833607
0.833041
0.833041
0.833041
0.838024
0.838177
0.828115
0.831947
0.833118
0.83797
0.832153
0.830905
0.834584
0.829439
0.838905
0.835279
0.829516
0.8377
0.833478
0.833324
0.833324
0.835756
0.835832
0.832359
0.838894
0.838383
0.829516
0.834778
0.83187
0.829837
0.835897
0.830417
0.832269
0.832269
0.828552
0.831793
0.829658
0.830431
0.835126
0.833376
0.833376
0.836721
0.832282
0.82958
0.832359
0.833736
0.831664
0.831947
0.831947
0.8325
0.829644
0.831523
0.831432
0.831432
0.83151
0.835885
0.831793
0.829233
0.826866
0.832552
0.832552
0.833363
0.835756
0.823456
0.838579
0.834367
0.826137
0.834071
0.834806
0.833234
0.826724
0.831986
0.831162
0.831162
0.834548
0.833195
0.832192
0.830956
0.829864
0.826342
0.826342
0.831496
0.829156
0.833028
0.829644
0.830275
0.831111
0.828731
0.829786
0.828886
0.83254
0.829206
0.831483
0.830403
0.824182
0.824182
0.833028
0.833028
0.831021
0.828113
0.828113
0.828035
0.830403
0.829503
0.829503
0.830042
0.830545
0.830545
0.830198
0.826851
0.830185
0.828099
0.831728
0.826851
0.830133
0.83124
0.829644
0.828113
0.825257
0.828694
0.831831
0.825888
0.829772
0.825619
0.828191
0.83317
0.827483
0.826426
0.833311
0.831496
0.833093
0.828923
0.832321
0.832321
0.831846
0.827958
0.829708
0.829092
0.829334
0.827972
0.82878
0.830042
0.826632
0.832822
0.830454
0.828021
0.830531
0.830686
0.827391
0.829503
0.825447
0.830622
0.828703
0.82671
0.827057
0.831857
0.829142
0.828538
0.826171
0.829695
0.82837
0.828922
0.827135
0.829425
0.823456
0.822825
0.824958
0.82649
0.830903
0.827454
0.82985
0.830262
0.827702
0.826441
0.829475
0.830467
0.829425
0.82873
0.828808
0.828808
0.829823
0.828319
0.825746
0.827057
0.828099
0.823442
0.823442
0.831162
0.828369
0.830312
0.830312
0.825037
0.824895
0.825653
0.82878
0.826553
0.826901
0.82554
0.82554
0.826837
0.828689
0.825654
0.821641
0.823078
0.826284
0.825667
0.826837
0.828305
0.822825
0.826411
0.825716
0.825682
0.825682
0.825697
0.822889
0.825526
0.829489
0.827185
0.82905
0.822952
0.826993
0.826441
0.824356
0.828794
0.828744
0.827865
0.820126
0.825242
0.823584
0.822825
0.827766
0.827766
0.823568
0.826029
0.825639
0.831021
0.826681
0.829489
0.829489
0.827121
0.829
0.825115
0.826093
0.824341
0.830711
0.830711
0.824435
0.828369
0.823393
0.829256
0.829256
0.829888
0.823774
0.822825
0.824341
0.82019
0.82019
0.827327
0.827327
0.825129
0.821705
0.822351
0.825858
0.831639
0.831639
0.835126
0.828525
0.826632
0.822272
0.826093
0.825399
0.825399
0.827675
0.826157
0.826143
0.827405
0.828227
0.823867
0.827185
0.833222
0.829475
0.826837
0.824263
0.825858
0.821167
0.823504
0.824263
0.825589
0.829087
0.820378
0.820378
0.825873
0.823172
0.83039
0.828703
0.821846
0.828355
0.828355
0.823583
0.823362
0.822777
0.825746
0.826773
0.822272
0.822272
0.826
0.823583
0.825164
0.828007
0.823758
0.823758
0.819369
0.827029
0.827674
0.82303
0.829411
0.825163
0.825163
0.82883
0.823157
0.825809
0.826745
0.821104
0.821783
0.82262
0.821483
0.825227
0.827171
0.819714
0.823964
0.823979
0.826901
0.82439
0.818375
0.82905
0.822683
0.822683
0.822368
0.826383
0.826191
0.820994
0.822194
0.825305
0.825305
0.825384
0.820788
0.824057
0.820536
0.822115
0.823743
0.825667
0.825163
0.821041
0.82142
0.820488
0.82878
0.82878
0.824738
0.825687
0.821673
0.820915
0.822589
0.822589
0.820915
0.822226
0.824042
0.821215
0.825276
0.8221
0.8221
0.828497
0.81744
0.824596
0.823474
0.823474
0.82093
0.823647
0.823647
0.826773
0.826773
0.81695
0.821341
0.823362
0.823362
0.820362
0.831676
0.819998
0.821925
0.822541
0.82578
0.823063
0.820362
0.825212
0.823426
0.823426
0.825844
0.825844
0.828626
0.824184
0.823979
0.823284
0.822052
0.828213
0.823314
0.817821
0.826745
0.825369
0.825702
0.819068
0.82556
0.818909
0.820094
0.823157
0.823632
0.821894
0.82605
0.823063
0.820378
0.821088
0.823157
0.821894
0.827993
0.822305
0.822668
0.823474
0.818072
0.825354
0.825354
0.820441
0.820441
0.824248
0.823553
0.819952
0.821957
0.822936
0.822936
0.819478
0.822936
0.819541
0.820709
0.825496
0.823504
0.823157
0.826221
0.821942
0.826064
0.829965
0.819683
0.819683
0.82251
0.822873
0.82022
0.822779
0.820662
0.824073
0.824215
0.822794
0.82583
0.823015
0.823
0.820772
0.820772
0.825354
0.823885
0.820046
0.819399
0.829165
0.819604
0.824787
0.830569
0.822604
0.819604
0.824311
0.824532
0.824532
0.824233
0.820915
0.824532
0.823411
0.8227
0.822825
0.822825
0.822115
0.818356
0.818373
0.821894
0.822289
0.822289
0.816951
0.825844
0.820709
0.81744
0.826588
0.822368
0.822368
0.81883
0.817787
0.821673
0.824326
0.823426
0.820709
0.820709
0.817189
0.820567
0.818847
0.820883
0.82371
0.82371
0.825022
0.820962
0.820614
0.81752
0.816605
0.819256
0.821752
0.823269
0.822652
0.82011
0.819035
0.825325
0.816131
0.822526
0.828122
0.823411
0.818135
0.824865
0.823695
0.823695
0.818197
0.822005
0.818641
0.818009
0.818989
0.818989
0.818989
0.823205
0.819541
0.823822
0.822368
0.822241
0.822241
0.814437
0.824596
0.815782
0.815782
0.81793
0.822257
0.818846
0.821705
0.823347
0.821041
0.819478
0.820994
0.820994
0.820994
0.825277
0.82202
0.817787
0.820472
0.827774
0.818876
0.819399
0.820203
0.81777
0.816762
0.816762
0.824502
0.817012
0.820014
0.823617
0.823205
0.820693
0.820693
0.825718
0.817314
0.817314
0.820693
0.819445
0.81597
0.81597
0.81597
0.825277
0.819144
0.820283
0.819557
0.819557
0.819541
0.821278
0.818482
0.819177
0.819194
0.821957
0.818988
0.815987
0.826114
0.823063
0.819399
0.819399
0.824943
0.821815
0.819035
0.819161
0.820283
0.817867
0.821578
0.821578
0.821957
0.821325
0.819667
0.813948
0.816665
0.816699
0.82583
0.821546
0.820283
0.819508
0.823886
0.815577
0.817251
0.826526
0.824517
0.817331
0.81935
0.814313
0.814313
0.81883
0.820678
0.820029
0.818135
0.820804
0.820567
0.817787
0.8158
0.814615
0.828932
0.819382
0.820425
0.821657
0.82172
0.81883
0.82063
0.821863
0.82112
0.818641
0.812246
0.816887
0.82346
0.819935
0.819809
0.820709
0.820709
0.816255
0.820709
0.819746
0.812104
0.821247
0.817708
0.817708
0.817565
0.821942
0.826114
0.818277
0.822084
0.820646
0.820646
0.82063
0.820899
0.816084
0.817913
0.816067
0.816067
0.819872
0.822037
0.817976
0.817896
0.817708
0.820899
0.811837
0.820725
0.820171
0.821736
0.818072
0.820614
0.820029
0.820029
0.817725
0.819445
0.819256
0.815418
0.816318
0.816318
0.815497
0.820772
0.81572
0.81572
0.817691
0.813538
0.820883
0.821957
0.821215
0.819177
0.821105
0.819966
0.819966
0.819207
0.817042
0.81499
0.812799
0.818482
0.828108
0.820899
0.81466
0.820757
0.817754
0.818323
0.816602
0.819144
0.819144
0.814722
0.817361
0.821183
0.821183
0.817234
0.815116
0.818876
0.819667
0.817645
0.821199
0.817582
0.819872
0.819872
0.817218
0.809549
0.825751
0.818972
0.818671
0.817121
0.817121
0.815702
0.821863
0.817565
0.812806
0.816887
0.816887
0.814483
0.819114
0.821515
0.819287
0.81984
0.817725
0.817725
0.820804
0.820108
0.814375
0.814375
0.815782
0.819445
0.819445
0.818244
0.817754
0.817297
0.818307
0.81878
0.818955
0.817737
0.814722
0.814152
0.816033
0.817201
0.814357
0.819287
0.816887
0.818512
0.817297
0.818923
0.812415
0.818181
0.81572
0.820614
0.817155
0.818592
0.817833
0.816933
0.817059
0.820836
0.819524
0.817075
0.817595
0.820251
0.820377
0.820377
0.817549
0.81499
0.81524
0.813272
0.813823
0.819698
0.817959
0.81335
0.817201
0.816585
0.816568
0.817121
0.817867
0.820029
0.819334
0.81777
0.816426
0.816283
0.820773
0.816141
0.817326
0.818624
0.818701
0.813663
0.816523
0.818767
0.818767
0.815657
0.81613
0.820268
0.819224
0.820774
0.820774
0.821105
0.812265
0.812265
0.81335
0.815418
0.819919
0.818118
0.819224
0.820203
0.814295
0.819492
0.819492
0.818671
0.813128
0.820141
0.814233
0.819872
0.817201
0.817959
0.817611
0.817092
0.818449
0.816192
0.822353
0.822353
0.820788
0.817138
0.813885
0.817423
0.817896
0.818734
0.814295
0.817691
0.812781
0.814705
0.81654
0.816506
0.820377
0.81886
0.820646
0.817595
0.815543
0.823602
0.81311
0.81311
0.816904
0.82101
0.818545
0.820314
0.817817
0.819651
0.819651
0.814722
0.81442
0.81401
0.814357
0.816933
0.816933
0.815258
0.815258
0.814295
0.816175
0.816728
0.814295
0.814295
0.812682
0.81385
0.816745
0.814341
0.817582
0.81935
0.819112
0.814955
0.815907
0.815018
0.814733
0.816238
0.814643
0.814643
0.812415
0.8145
0.8178
0.816061
0.821768
0.821768
0.815115
0.818022
0.814198
0.816711
0.816346
0.816489
0.815463
0.815463
0.814875
0.817896
0.816745
0.81311
0.817896
0.820393
0.819175
0.814482
0.817532
0.81935
0.81262
0.81262
0.819065
0.815115
0.815936
0.813075
0.814152
0.818923
0.818923
0.815383
0.809002
0.817817
0.810988
0.817218
0.814295
0.817201
0.812887
0.812005
0.815622
0.818449
0.818701
0.816853
0.815651
0.817754
0.818403
0.816996
0.813805
0.816301
0.819651
0.820489
0.817138
0.816033
0.816033
0.81613
0.81033
0.812148
0.81474
0.81589
0.819777
0.817976
0.817976
0.81425
0.813092
0.812949
0.816301
0.815053
0.812049
0.812049
0.814733
0.812415
0.820062
0.812682
0.812682
0.818655
0.814357
0.813912
0.814197
0.82071
0.812558
0.814626
0.814626
0.817879
0.814295
0.81466
0.811844
0.816711
0.816773
0.816773
0.815525
0.818386
0.817059
0.820583
0.81393
0.814562
0.81426
0.815491
0.815445
0.816899
0.809945
0.809945
0.813707
0.81459
0.807693
0.813029
0.818764
0.812459
0.812459
0.815463
0.818969
0.818969
0.81723
0.808635
0.816238
0.814768
0.812602
0.813047
0.818069
0.810579
0.816773
0.813029
0.813172
0.813787
0.813787
0.81878
0.81837
0.81837
0.817976
0.815178
0.811969
0.816301
0.811105
0.80984
0.8154
0.815731
0.81352
0.812806
0.812539
0.816061
0.815115
0.815115
0.8178
0.814848
0.815508
0.81484
0.81484
0.812459
0.812459
0.81524
0.811497
0.813333
0.812093
0.816329
0.819128
0.819128
0.816078
0.81043
0.815383
0.808245
0.813457
0.813457
0.813457
0.81123
0.812192
0.814437
0.816633
0.815178
0.818022
0.817264
0.812646
0.811471
0.811471
0.811328
0.813395
0.813395
0.816175
0.817737
0.817059
0.815418
0.809678
0.809678
0.809697
0.815748
0.813172
0.81172
0.818495
0.812112
0.812112
0.809877
0.812736
0.818101
0.816853
0.815856
0.818291
0.81434
0.814233
0.811497
0.809573
0.806793
0.815035
0.812682
0.81131
0.808859
0.807797
0.807797
0.81442
0.816158
0.816158
0.814465
0.81499
0.811006
0.813377
0.814385
0.814385
0.80745
0.812441
0.812308
0.813047
0.812806
0.81221
0.818433
0.818433
0.8145
0.81499
0.81352
0.816284
0.813092
0.813092
0.811764
0.812005
0.814705
0.808735
0.81043
0.81442
0.81442
0.813823
0.81434
0.81434
0.814865
0.814865
0.811373
0.81747
0.810696
0.815213
0.811248
0.817959
0.817959
0.815321
0.813885
0.810368
0.815651
0.811658
0.813868
0.810882
0.816364
0.816568
0.811248
0.812602
0.812397
0.812397
0.812477
0.813992
0.81221
0.813805
0.814277
0.816916
0.816916
0.816916
0.813154
0.815241
0.811596
0.815651
0.815508
0.81344
0.817674
0.81581
0.8178
0.81491
0.814955
0.813234
0.808654
0.811933
0.811515
0.816916
0.816016
0.81483
0.814517
0.817138
0.809592
0.812166
0.811167
0.812638
0.812638
0.809492
0.809288
0.81646
0.81646
0.812905
0.815195
0.815195
0.811862
0.816477
0.816477
0.811409
0.812825
0.812825
0.813359
0.812352
0.816221
0.815213
0.812843
0.812352
0.809858
0.818164
0.815338
0.813377
0.81442
0.81442
0.81376
0.815321
0.810187
0.818119
0.8127
0.81736
0.81736
0.811391
0.813627
0.81376
0.81376
0.81376
0.815936
0.812575
0.817025
0.8145
0.808592
0.812459
0.812459
0.812682
0.814262
0.818496
0.812763
0.811844
0.813788
0.813788
0.809796
0.809796
0.811435
0.810286
0.809288
0.810596
0.814688
0.8127
0.812664
0.81221
0.810944
0.815731
0.815731
0.808735
0.812558
0.814233
0.812558
0.812887
0.816633
0.816633
0.809573
0.809573
0.815919
0.810964
0.813377
0.814439
0.814439
0.814848
0.819271
0.813645
0.811025
0.814439
0.814439
0.813172
0.814848
0.810677
0.810864
0.811372
0.811149
0.811149
0.815544
0.811987
0.812808
0.810001
0.813254
0.815464
0.815464
0.811764
0.814073
0.813502
0.811025
0.81156
0.81156
0.811187
0.816979
0.814277
0.813788
0.813957
0.813957
0.808144
0.812236
0.814117
0.813377
0.811559
0.813609
0.811255
0.809492
0.811273
0.81262
0.809125
0.809168
0.809168
0.808654
0.807632
0.815998
0.811131
0.810578
0.813199
0.813199
0.810907
0.805936
0.810722
0.809044
0.812727
0.812602
0.813217
0.815651
0.806692
0.806692
0.811069
0.813136
0.813136
0.809349
0.809002
0.81385
0.816124
0.81401
0.810969
0.809697
0.810659
0.812379
0.809392
0.808635
0.811354
0.809249
0.809249
0.816221
0.811603
0.811087
0.811087
0.81344
0.811951
0.812334
0.810354
0.816534
0.816631
0.811728
0.811031
0.809964
0.806488
0.816061
0.812521
0.80477
0.808902
0.809206
0.812174
0.813279
0.813645
0.811497
0.809864
0.809864
0.810765
0.809659
0.809659
0.805958
0.813689
0.812967
0.812441
0.810069
0.810069
0.812789
0.812441
0.806978
0.805937
0.816346
0.808778
0.808063
0.807511
0.808921
0.809945
0.808759
0.811069
0.804833
0.81484
0.811906
0.811906
0.814545
0.812869
0.812869
0.811969
0.814608
0.811683
0.806774
0.809678
0.815856
0.817897
0.810063
0.811497
0.811497
0.812254
0.809268
0.809268
0.809635
0.810579
0.816284
0.818211
0.810596
0.808511
0.80904
0.812272
0.812254
0.809368
0.810615
0.810578
0.810578
0.811764
0.81262
0.805955
0.81393
0.816757
0.816757
0.813405
0.813405
0.806202
0.809858
0.814402
0.814402
0.812825
0.814608
0.812254
0.811256
0.811256
0.810758
0.809268
0.809268
0.809858
0.811826
0.813031
0.812379
0.815384
0.815384
0.811087
0.809411
0.815179
0.810926
0.811006
0.81467
0.812682
0.812869
0.812869
0.815365
0.807469
0.811808
0.815714
0.808306
0.808245
0.810354
0.812646
0.806897
0.80974
0.80974
0.810863
0.81228
0.807511
0.814019
0.809368
0.813502
0.813502
0.807797
0.814642
0.806202
0.815731
0.813627
0.809678
0.809678
0.813199
0.805998
0.81187
0.810026
0.810374
0.807898
0.809002
0.809002
0.809821
0.807531
0.812415
0.80894
0.80894
0.811168
0.809858
0.811639
0.808983
0.806549
0.810882
0.810882
0.808411
0.812771
0.81064
0.809821
0.813154
0.813154
0.809678
0.814197
0.813012
0.811087
0.808716
0.804995
0.812806
0.808387
0.808859
0.812851
0.811416
0.809002
0.811193
0.810125
0.809777
0.805261
0.810827
0.810827
0.805628
0.805628
0.811826
0.806754
0.807388
0.810702
0.812111
0.813502
0.812033
0.808164
0.808164
0.807388
0.81483
0.806059
0.806059
0.807959
0.805179
0.813725
0.810411
0.810783
0.810783
0.810497
0.81475
0.811888
0.80974
0.80974
0.805404
0.805404
0.806364
0.813627
0.81064
0.809349
0.803545
0.809435
0.809435
0.807839
0.806835
0.811584
0.808778
0.806325
0.806325
0.810863
0.810863
0.812317
0.809511
0.809511
0.812771
0.812771
0.809064
0.81154
0.806284
0.810026
0.810863
0.810863
0.814608
0.817767
0.809883
0.80894
0.810578
0.810578
0.808449
0.808449
0.800827
0.814511
0.809392
0.80794
0.80794
0.807674
0.80794
0.807183
0.805507
0.809554
0.813502
0.81475
0.81475
0.810268
0.811025
0.807059
0.808797
0.808797
0.809945
0.806221
0.809535
0.813359
0.816125
0.809659
0.80943
0.809821
0.809821
0.811906
0.811167
0.810373
0.810373
0.810926
0.81146
0.808859
0.80992
0.809188
0.81344
0.81344
0.812682
0.813645
0.813645
0.810944
0.811782
0.811782
0.81377
0.809616
0.806917
0.808697
0.803094
0.813056
0.808902
0.808902
0.811236
0.808983
0.810373
0.811069
0.809168
0.809168
0.809373
0.812031
0.807492
0.812521
0.805731
0.813119
0.814653
0.808287
0.807307
0.807469
0.812272
0.810168
0.810168
0.808759
0.810007
0.808759
0.807777
0.804689
0.811013
0.805016
0.804321
0.811727
0.811478
0.813484
0.813484
0.811603
0.809349
0.809454
0.809473
0.813217
0.807758
0.808387
0.803176
0.808716
0.808102
0.806959
0.808349
0.808349
0.807531
0.81105
0.811069
0.808368
0.808225
0.814876
0.810926
0.810863
0.809802
0.809764
0.80745
0.811435
0.806017
0.806078
0.80874
0.807469
0.805445
0.81228
0.808592
0.809759
0.811031
0.808411
0.812825
0.807306
0.803156
0.803156
0.811069
0.813031
0.803319
0.815179
0.808635
0.805241
0.813202
0.807898
0.805793
0.813913
0.808635
0.813031
0.806631
0.811274
0.811274
0.812522
0.811647
0.810417
0.810417
0.803217
0.809721
0.810268
0.809535
0.809616
0.814402
0.805793
0.805793
0.810944
0.807959
0.80794
0.813012
0.805527
0.805773
0.80974
0.809187
0.811683
0.809678
0.807488
0.815251
0.809025
0.809802
0.802563
0.807245
0.803769
0.807183
0.806121
0.80702
0.811764
0.813582
0.811621
0.812192
0.812254
0.811006
0.811006
0.808635
0.808635
0.809678
0.812913
0.806917
0.806917
0.812156
0.804239
0.81064
0.810702
0.807777
0.806017
0.806017
0.810112
0.805181
0.808125
0.810659
0.809168
0.81261
0.81261
0.805997
0.807368
0.809268
0.807615
0.799969
0.799969
0.811665
0.808268
0.808268
0.809069
0.804751
0.810479
0.810622
0.804444
0.811826
0.812548
0.805773
0.806264
0.804484
0.810336
0.809516
0.811745
0.804402
0.807901
0.807901
0.809106
0.804893
0.807511
0.813591
0.80792
0.806202
0.806202
0.811745
0.807553
0.806488
0.810809
0.808306
0.808306
0.804668
0.809125
0.802788
0.814242
0.805036
0.811354
0.809678
0.811131
0.809125
0.808349
0.808287
0.810354
0.807121
0.809392
0.808144
0.807469
0.809554
0.808249
0.808083
0.806407
0.811113
0.810292
0.804811
0.810765
0.810765
0.806098
0.810783
0.810292
0.806017
0.80974
0.810622
0.811826
0.807859
0.80923
0.809392
0.804607
0.802849
0.809311
0.809597
0.804382
0.804382
0.809597
0.809535
0.806631
0.806631
0.806631
0.807716
0.814608
0.80884
0.810392
0.807631
0.81164
0.809927
0.809678
0.814528
0.813342
0.809721
0.805302
0.806978
0.800723
0.805384
0.809821
0.802849
0.802849
0.806059
0.810417
0.810026
0.813627
0.810107
0.80614
0.80614
0.797112
0.803564
0.811336
0.808511
0.803585
0.809145
0.808697
0.811479
0.811971
0.811764
0.808187
0.810354
0.812361
0.812361
0.803728
0.813833
0.805997
0.802829
0.803094
0.803094
0.807531
0.809616
0.813753
0.808349
0.812174
0.812174
0.812174
0.80843
0.807592
0.808349
0.808616
0.80244
0.80244
0.807102
0.804525
0.804075
0.805997
0.806959
0.806448
0.806448
0.80563
0.80563
0.80843
0.803953
0.812155
0.810765
0.810765
0.803074
0.808125
0.808454
0.805221
0.805854
0.805854
0.805854
0.803688
0.811709
0.808063
0.805179
0.803013
0.809597
0.808492
0.805608
0.806631
0.808349
0.804668
0.806816
0.810356
0.80833
0.807102
0.807018
0.80473
0.80804
0.808246
0.80702
0.810845
0.807797
0.809002
0.809207
0.809207
0.813502
0.813502
0.801582
0.801582
0.810926
0.808635
0.808635
0.8015
0.809678
0.807063
0.802481
0.803033
0.810497
0.801214
0.804546
0.808187
0.807739
0.812442
0.812442
0.814465
0.806345
0.811336
0.811336
0.801787
0.801787
0.806221
0.803851
0.807306
0.811621
0.806755
0.811685
0.814511
0.802338
0.809864
0.810026
0.806939
0.804689
0.804689
0.809002
0.809083
0.807631
0.804485
0.810187
0.812979
0.813181
0.808187
0.805916
0.809311
0.805834
0.808598
0.805773
0.811256
0.811256
0.807592
0.80655
0.809641
0.811727
0.806755
0.805608
0.808002
0.805446
0.808351
0.807121
0.805997
0.809212
0.808287
0.809535
0.809535
0.804525
0.807349
0.807225
0.807941
0.806039
0.806059
0.806059
0.813467
0.807368
0.805302
0.803074
0.804811
0.804976
0.804976
0.805711
0.811461
0.806816
0.80792
0.801991
0.808492
0.808492
0.807982
0.805487
0.806121
0.80923
0.80923
0.80923
0.806286
0.809492
0.806572
0.809168
0.805815
0.807779
0.807779
0.805445
0.807777
0.808044
0.807287
0.806244
0.80874
0.809559
0.809559
0.806468
0.811647
0.810088
0.805834
0.805834
0.805384
0.805405
0.810354
0.803994
0.809087
0.808187
0.805467
0.807245
0.804301
0.811709
0.811709
0.804403
0.808144
0.810765
0.807345
0.80833
0.807511
0.810417
0.810417
0.80473
0.803912
0.810579
0.809454
0.80473
0.807079
0.807306
0.806693
0.802542
0.806816
0.812896
0.812896
0.809784
0.814905
0.808492
0.806612
0.806612
0.808697
0.808697
0.812933
0.804893
0.805016
0.805036
0.803728
0.806345
0.811131
0.811667
0.806817
0.806796
0.810169
0.810312
0.810312
0.807492
0.805771
0.804137
0.80792
0.803564
0.805958
0.805958
0.805446
0.809945
0.809703
0.808454
0.807102
0.807102
0.804424
0.807801
0.802092
0.803831
0.811915
0.806121
0.806121
0.807878
0.806039
0.80833
0.811995
0.807388
0.80565
0.80565
0.804648
0.809435
0.804301
0.81187
0.805773
0.801705
0.803053
0.806591
0.80974
0.807635
0.80782
0.80782
0.809747
0.806611
0.808206
0.800702
0.805016
0.806653
0.806653
0.810622
0.801766
0.80473
0.811727
0.809721
0.808206
0.810417
0.808635
0.808554
0.807736
0.806836
0.806078
0.806078
0.807592
0.802685
0.803156
0.803156
0.80843
0.807449
0.807449
0.809064
0.809045
0.807368
0.810293
0.810293
0.811417
0.809126
0.809823
0.809823
0.806612
0.810007
0.810007
0.80289
0.805446
0.808884
0.80475
0.80475
0.806754
0.809703
0.811175
0.804668
0.809802
0.81105
0.802174
0.811274
0.809989
0.808368
0.805487
0.806286
0.803973
0.80741
0.80741
0.803667
0.810809
0.808187
0.801827
0.805691
0.80923
0.80923
0.802419
0.802992
0.807063
0.810516
0.806367
0.808802
0.809659
0.806448
0.81015
0.812585
0.805182
0.805467
0.805467
0.7987
0.7987
0.806734
0.805548
0.809311
0.807245
0.807245
0.803421
0.808678
0.808928
0.802911
0.806858
0.811381
0.811381
0.803769
0.803769
0.807963
0.804873
0.802829
0.804648
0.804648
0.806182
0.803994
0.807225
0.807082
0.80614
0.80614
0.804362
0.806469
0.806734
0.808965
0.80655
0.81066
0.80696
0.805956
0.809188
0.809966
0.809966
0.80933
0.808759
0.808778
0.802767
0.806345
0.797211
0.802399
0.809883
0.809883
0.806244
0.810132
0.807615
0.806959
0.808044
0.81038
0.81038
0.804811
0.801643
0.80473
0.80473
0.806059
0.806059
0.801479
0.809008
0.809008
0.802665
0.805446
0.806202
0.806202
0.807492
0.807306
0.804382
0.804382
0.80935
0.80935
0.807736
0.80336
0.804996
0.80655
0.806121
0.806121
0.802195
0.802195
0.81064
0.801233
0.807001
0.80471
0.807534
0.806757
0.803013
0.807206
0.807206
0.80336
0.801867
0.808168
0.808721
0.808678
0.805159
0.806244
0.801581
0.801581
0.807469
0.809971
0.809971
0.806653
0.805978
0.805691
0.805691
0.805691
0.806673
0.806224
0.802399
0.803421
0.804157
0.803421
0.803851
0.801642
0.805691
0.80653
0.805283
0.805283
0.80561
0.803258
0.806816
0.803421
0.807777
0.806858
0.80563
0.802521
0.806676
0.80559
0.807901
0.807901
0.807901
0.801111
0.807125
0.803564
0.805221
0.80833
0.800927
0.802113
0.801498
0.804792
0.807022
0.80058
0.805242
0.808373
0.808187
0.804424
0.80653
0.807044
0.802726
0.802726
0.808517
0.801337
0.801337
0.803381
0.805201
0.800681
0.802767
0.802767
0.807163
0.801989
0.801989
0.810479
0.810479
0.806673
0.812567
0.803421
0.804648
0.803564
0.807063
0.801212
0.800824
0.804792
0.809089
0.807206
0.807206
0.80244
0.805773
0.804464
0.801989
0.807863
0.808349
0.805978
0.805978
0.806734
0.806488
0.80011
0.802379
0.804382
0.800537
0.80336
0.807063
0.807063
0.809864
0.80692
0.80692
0.80424
0.809541
0.805487
0.806347
0.80923
0.80923
0.80019
0.800946
0.808106
0.805405
0.805427
0.809174
0.805467
0.80156
0.802645
0.801846
0.80561
0.813779
0.804464
0.804382
0.810585
0.80559
0.804873
0.80729
0.799781
0.799781
0.804116
0.805037
0.803258
0.802727
0.808311
0.804178
0.802603
0.805181
0.806572
0.805896
0.765691
0.681481
0.589674
0.438487
0.332702
0.254785
0.215912
0.168716
0.121382
0.0936248
0.0754754
0.0758743
0.0684978
0.0558284
0.0586307
0.0586307
0.0442507
0.0569395
0.0442923
0.040851
0.0433047
0.0410575
0.0439047
0.0382252
0.0427811
0.0368953
0.0425845
0.0425845
0.0425845
0.0363718
0.0367032
0.0388255
0.0367271
0.0367271
0.039944
0.0325619
0.0325619
0.0340133
0.0330904
0.0330904
0.0295005
0.0319618
0.0298946
0.0333369
0.0386389
0.0386389
0.0386389
0.0314291
0.0297136
0.0306364
0.0295164
0.0346668
0.0304983
0.0315805
0.0332919
0.0260842
0.0260842
0.0276071
0.0249527
0.0289169
0.0296432
0.0272164
0.0275956
0.0275956
0.0255448
0.0268068
0.0268068
0.0289288
0.0268623
0.0215133
0.0276592
0.0279978
0.0247625
0.0277531
0.024565
0.024565
0.0247553
0.0287397
0.0268217
0.0285304
0.0236311
0.0215227
0.0236311
0.0281911
0.0236346
0.0284006
0.0244357
0.0244357
0.0203951
0.0251537
0.0251537
0.0258796
0.0243785
0.0234175
0.0258906
0.024622
0.0274177
0.0282769
0.0257574
0.0198545
0.0278125
0.0257496
0.0248158
0.0278085
0.017943
0.0257614
0.020259
0.020259
0.0238429
0.0238356
0.0238356
0.0268776
0.0198024
0.0198024
0.022112
0.0223129
0.0201976
0.0209878
0.0219113
0.0228551
0.0228551
0.0249673
0.0240331
0.0240331
0.0259101
0.0188726
0.0165623
0.0220682
0.021526
0.0213897
0.0231832
0.018675
0.0202103
0.022909
0.0213351
0.0177482
0.0177482
0.0194103
0.0219211
0.0219211
0.0219211
0.0219211
0.023592
0.0184197
0.0243676
0.0184774
0.0158383
0.0173529
0.0184922
0.0192187
0.0192187
0.0228481
0.0184831
0.0188726
0.0190761
0.0169602
0.0215293
0.0215293
0.0194133
0.0163698
0.0245723
0.0171552
0.0175591
0.0175591
0.0217203
0.022661
0.0169716
0.0169575
0.0173501
0.015435
0.017754
0.0247209
0.0218608
0.0150421
0.0190731
0.0160307
0.0184802
0.0183412
0.0173585
0.0175591
0.0173643
0.0173643
0.0158329
0.020207
0.0156459
0.0177454
0.0181525
0.0139849
0.0212024
0.0158356
0.0190824
0.0219315
0.0175562
0.0175562
0.0183534
0.0171725
0.0192769
0.0177569
0.0204633
0.0152992
0.0203951
0.0183503
0.0198734
0.0198734
0.015497
0.0198701
0.0174149
0.0200678
0.0155052
0.0177482
0.0149088
0.0129951
0.0171579
0.0171579
0.0171579
0.0171579
0.0171579
0.0149062
0.0182855
0.0194845
0.0184831
0.00861901
0.015104
0.0129927
0.0145131
0.0194259
0.0174949
0.0143258
0.0180301
0.0167681
0.0171695
0.0182884
0.0158467
0.0165731
0.0215361
0.016963
0.016963
0.0183534
0.0162284
0.0162339
0.0162339
0.0162367
0.0153073
0.0153073
0.0148468
0.0173673
0.0147059
0.0175562
0.0123945
0.0137171
0.0137171
0.0186932
0.0192801
0.0170223
0.014711
0.0145131
0.016786
0.0143258
0.0166324
0.0145708
0.011333
0.0143178
0.013787
0.013787
0.0120684
0.0133885
0.014711
0.0166354
0.0147084
0.0147084
0.0133814
0.014115
0.0135865
0.0176982
0.0152423
0.0183007
0.017893
0.0146566
0.010874
0.0119457
0.0143128
0.0143128
0.0120032
0.0143153
0.0143128
0.0149115
0.0188943
0.0188943
0.0147059
0.0125969
0.0119969
0.0133885
0.0116701
0.0106781
0.00803027
0.0103431
0.011868
0.0114635
0.0156405
0.0156405
0.0124572
0.00994516
0.00994516
0.0139246
0.0133861
0.0133861
0.0148493
0.0152529
0.0144513
0.0165849
0.0125969
0.0137267
0.0129927
0.0129927
0.0135288
0.0114721
0.0143204
0.0153101
0.0139849
0.0139849
0.0139849
0.00862438
0.0123945
0.0141252
0.0146443
0.0110853
0.0125969
0.0114656
0.0152616
0.0174977
0.0143231
0.0131906
0.0103431
0.010872
0.0139772
0.0143204
0.0153045
0.00650602
0.00955719
0.00995122
0.0141175
0.0141175
0.0111373
0.0131956
0.0128101
0.0137218
0.0105454
0.0101471
0.0154427
0.0127948
0.0156378
0.0107457
0.00994142
0.0124037
0.00935513
0.00935513
0.0171636
0.0171636
0.0145184
0.0125969
0.0141252
0.0141252
0.0145266
0.012066
0.0154453
0.0125993
0.016189
0.016189
0.00789594
0.0167681
0.00935709
0.00935513
0.0106823
0.0106823
0.00498496
0.0132036
0.0118011
0.0148544
0.0150471
0.0106823
0.0106823
0.00856497
0.014996
0.00610726
0.0118704
0.0112741
0.0112741
0.00875763
0.0114721
0.0116141
0.0082283
0.0103473
0.0141252
0.0129375
0.0122011
0.0129305
0.0106823
0.00763421
0.00763421
0.00763593
0.0143286
0.0116141
0.0118098
0.0118098
0.011074
0.00955513
0.00789786
0.00995781
0.0106802
0.00975527
0.0118075
0.0127372
0.0127372
0.0104802
0.0112181
0.0137267
0.00763421
0.0129283
0.0112698
0.00710011
0.0122081
0.014654
0.0106802
0.00936334
0.0112698
0.00823398
0.00929453
0.00822482
0.0125993
0.0127925
0.0127925
0.0141278
0.0112159
0.00816893
0.0150497
0.010341
0.00822653
0.00822653
0.01082
0.0137267
0.00856497
0.00915713
0.0146566
0.00749619
0.0114767
0.0118704
0.0122081
0.00975113
0.0100863
0.012742
0.0147956
0.0125902
0.00856497
0.0133885
0.0144613
0.0144613
0.0124013
0.0103431
0.0102863
0.0135339
0.0102884
0.0123945
0.0123945
0.0092248
0.00896102
0.0133262
0.00789786
0.00650455
0.0143178
0.0108782
0.0145238
0.0137319
0.0120077
0.00670724
0.00670724
0.00882438
0.0104802
0.0114816
0.0118169
0.0100844
0.00896297
0.0131307
0.0131307
0.00989237
0.0133285
0.0143258
0.00915526
0.00915526
0.0106845
0.0116634
0.0122011
0.00743457
0.00651078
0.0131379
0.0131379
0.00557782
0.0102928
0.0102928
0.0104822
0.0104822
0.0104822
0.00783581
0.00797267
0.00823013
0.00823013
0.0100925
0.0100925
0.0100925
0.00459145
0.00955513
0.00955513
0.0118098
0.00935513
0.00935513
0.0112763
0.0112763
0.0108848
0.00836878
0.0112159
0.00836518
0.0108221
0.00989237
0.0100925
0.0112204
0.0112204
0.00862074
0.00690535
0.0110783
0.00419262
0.0114767
0.00783224
0.00783224
0.0104843
0.00823398
0.0104865
0.00896497
0.00631783
0.00842634
0.00902048
0.00532059
0.00975743
0.0154537
0.0154537
0.0125946
0.00670254
0.0100925
0.012742
0.012742
0.00876299
0.00876299
0.00856497
0.00857075
0.00670404
0.00895731
0.00895731
0.00823013
0.00896102
0.0110783
0.0114075
0.00988836
0.00856141
0.00856141
0.00856141
0.00856141
0.0057805
0.00763593
0.00763593
0.0110158
0.00783054
0.00856876
0.00266909
0.00862826
0.00975113
0.00690886
0.00617862
0.00478687
0.00916104
0.00836878
0.00975965
0.00478559
0.00478559
0.00969235
0.0074414
0.00875936
0.00949835
0.0104782
0.00498778
0.00950702
0.00537976
0.00935322
0.00935911
0.00989237
0.00989237
0.0125465
0.00783768
0.00936119
0.00936119
0.00591797
0.0124013
0.0124013
0.0082283
0.00498496
0.00975965
0.0114139
0.00935911
0.0110783
0.0110783
0.00862826
0.00895555
0.0100844
0.0140681
0.0140681
0.0060475
0.0102906
0.0112787
0.00929099
0.0129425
0.00969041
0.00803984
0.00896297
0.0114139
0.00916104
0.00895914
0.00572141
0.0102906
0.00856684
0.00877098
0.0135264
0.01082
0.00651426
0.00651426
0.00896297
0.0074396
0.00875133
0.0123438
0.00837067
0.00551867
0.00551867
0.00551867
0.0100883
0.00817072
0.00797448
0.00591962
0.00704691
0.0106242
0.0110829
0.00478961
0.00723981
0.0108782
0.0108782
0.00650755
0.00611958
0.0106868
0.00915713
0.0102884
0.0102884
0.0100925
0.00478961
0.00988836
0.00836695
0.00802853
0.00650755
0.00650755
0.00896297
0.00896297
0.00817072
0.00969041
0.011018
0.00890419
0.00890419
0.00665235
0.0034614
0.0034614
0.0072415
-0.00057284
0.0011493
0.01082
0.00797092
0.00743786
0.00665058
0.00664413
0.0100925
0.0100925
0.00684532
0.00690707
0.00346252
0.00777823
0.00664413
0.00896704
0.00896704
0.0110223
0.00644916
0.0079676
0.0133239
0.0112138
0.00797636
0.0106181
0.00645076
0.00729983
0.0074414
0.00134752
0.00134752
0.00764144
0.00764144
0.00784162
0.00419788
0.00558393
0.00591196
0.00591196
