-0.137574
-0.139469
-0.133585
-0.136918
-0.1337
-0.134942
-0.136531
-0.14096
-0.141073
-0.135225
-0.135208
-0.134691
-0.134691
-0.138881
-0.136233
-0.136636
-0.132109
-0.139232
-0.137417
-0.138942
-0.138662
-0.136434
-0.137758
-0.137792
-0.137792
-0.133199
-0.132643
-0.138241
-0.134959
-0.134959
-0.134523
-0.134741
-0.134741
-0.137505
-0.135426
-0.137557
-0.138864
-0.13625
-0.138443
-0.138108
-0.137434
-0.135208
-0.134441
-0.136451
-0.135426
-0.14017
-0.139715
-0.140372
-0.13598
-0.136031
-0.137855
-0.136434
-0.135934
-0.136118
-0.13598
-0.138898
-0.138898
-0.134455
-0.132697
-0.136901
-0.139048
-0.137557
-0.13717
-0.13717
-0.13925
-0.13925
-0.13925
-0.1391
-0.134005
-0.132981
-0.132981
-0.137102
-0.128063
-0.137153
-0.134909
-0.13625
-0.133683
-0.136514
-0.137287
-0.139144
-0.140109
-0.136905
-0.137233
-0.135594
-0.135796
-0.135796
-0.132344
-0.136619
-0.13917
-0.13917
-0.137926
-0.137926
-0.134926
-0.135144
-0.138162
-0.132425
-0.139363
-0.134371
-0.135312
-0.139083
-0.141179
-0.139048
-0.137724
-0.133215
-0.133417
-0.131019
-0.140039
-0.135678
-0.134841
-0.134523
-0.13861
-0.134371
-0.134321
-0.134321
-0.134408
-0.134626
-0.134539
-0.137275
-0.144237
-0.135127
-0.135127
-0.134103
-0.138241
-0.136636
-0.130114
-0.14032
-0.132942
-0.138645
-0.137258
-0.136014
-0.1359
-0.140276
-0.137707
-0.138627
-0.138346
-0.135749
-0.135346
-0.135732
-0.135346
-0.135497
-0.13896
-0.140793
-0.133335
-0.134005
-0.133618
-0.135951
-0.134206
-0.134542
-0.135997
-0.13989
-0.137039
-0.135934
-0.135799
-0.137039
-0.134926
-0.137258
-0.135466
-0.135466
-0.13925
-0.138548
-0.138812
-0.140977
-0.137926
-0.136636
-0.139065
-0.133265
-0.136115
-0.141056
-0.141661
-0.137136
-0.134206
-0.136468
-0.136417
-0.136417
-0.136434
-0.133618
-0.132681
-0.139031
-0.135514
-0.139048
-0.137039
-0.135312
-0.133248
-0.139065
-0.132965
-0.13796
-0.137994
-0.137258
-0.134657
-0.136969
-0.132899
-0.128874
-0.139486
-0.133232
-0.132545
-0.132948
-0.130686
-0.136872
-0.135732
-0.139688
-0.137338
-0.134055
-0.13804
-0.13382
-0.136468
-0.132077
-0.134995
-0.134103
-0.137994
-0.136199
-0.129644
-0.132093
-0.134926
-0.134926
-0.138627
-0.132747
-0.13345
-0.14017
-0.134724
-0.132763
-0.134539
-0.134069
-0.138275
-0.13511
-0.134741
-0.133602
-0.131994
-0.136636
-0.13382
-0.13382
-0.138978
-0.138978
-0.137321
-0.134256
-0.134724
-0.134724
-0.132327
-0.132327
-0.13754
-0.136821
-0.133666
-0.137102
-0.130044
-0.132594
-0.13796
-0.133668
-0.131569
-0.143483
-0.135645
-0.132947
-0.135393
-0.135426
-0.134691
-0.138127
-0.135312
-0.135312
-0.134757
-0.13796
-0.135177
-0.132812
-0.133215
-0.135661
-0.130568
-0.1334
-0.132496
-0.136468
-0.137477
-0.136031
-0.131188
-0.139232
-0.134403
-0.13419
-0.132393
-0.134354
-0.1364
-0.134475
-0.133889
-0.131809
-0.13598
-0.138241
-0.137304
-0.135796
-0.135796
-0.137943
-0.141091
-0.134005
-0.141257
-0.139346
-0.139346
-0.138241
-0.136952
-0.132479
-0.134741
-0.134206
-0.137758
-0.134038
-0.138565
-0.134626
-0.134626
-0.139434
-0.137741
-0.130251
-0.137187
-0.13925
-0.135278
-0.138241
-0.131787
-0.134371
-0.134371
-0.139013
-0.131776
-0.13769
-0.134055
-0.137258
-0.136031
-0.136031
-0.133352
-0.13352
-0.132479
-0.132479
-0.137355
-0.137056
-0.13811
-0.131809
-0.13382
-0.139232
-0.134609
-0.133585
-0.135248
-0.135248
-0.137005
-0.137005
-0.133215
-0.13357
-0.132714
-0.136169
-0.134909
-0.134794
-0.136434
-0.135329
-0.136767
-0.135732
-0.134005
-0.133487
-0.134074
-0.135581
-0.135514
-0.136872
-0.134828
-0.136803
-0.135645
-0.136233
-0.133335
-0.133671
-0.135029
-0.133335
-0.136855
-0.132196
-0.136653
-0.132011
-0.137258
-0.136216
-0.134425
-0.135497
-0.130936
-0.137275
-0.136838
-0.138531
-0.138531
-0.135214
-0.137327
-0.137758
-0.1303
-0.134978
-0.137241
-0.137241
-0.137039
-0.135063
-0.133084
-0.134223
-0.136653
-0.134643
-0.134643
-0.13989
-0.134811
-0.133084
-0.134576
-0.136653
-0.129711
-0.135715
-0.135611
-0.135611
-0.135312
-0.135883
-0.135917
-0.135917
-0.136018
-0.13754
-0.135079
-0.142152
-0.135127
-0.136434
-0.13238
-0.138801
-0.135917
-0.134942
-0.136838
-0.133973
-0.133973
-0.139837
-0.138145
-0.138145
-0.133335
-0.136704
-0.132714
-0.132714
-0.137627
-0.13424
-0.138715
-0.138715
-0.140021
-0.140021
-0.136118
-0.13315
-0.137241
-0.137241
-0.13164
-0.13164
-0.139354
-0.132408
-0.135214
-0.138548
-0.136521
-0.134861
-0.139031
-0.139031
-0.133503
-0.132212
-0.13625
-0.134071
-0.131003
-0.133837
-0.134959
-0.133568
-0.135715
-0.135782
-0.136636
-0.136619
-0.136619
-0.135379
-0.130664
-0.138415
-0.137943
-0.133384
-0.136216
-0.136216
-0.135547
-0.131352
-0.135514
-0.141197
-0.132948
-0.130753
-0.134811
-0.136572
-0.132529
-0.134408
-0.135614
-0.135312
-0.135312
-0.132981
-0.139486
-0.137557
-0.137557
-0.135329
-0.136434
-0.136434
-0.133281
-0.137591
-0.138162
-0.133618
-0.137073
-0.140793
-0.13352
-0.130098
-0.136417
-0.132948
-0.132948
-0.135514
-0.135514
-0.136704
-0.133433
-0.129442
-0.129442
-0.132027
-0.137275
-0.137275
-0.132899
-0.137661
-0.138346
-0.136924
-0.140258
-0.140258
-0.134425
-0.137022
-0.132277
-0.138565
-0.137943
-0.133923
-0.133335
-0.134425
-0.134425
-0.140056
-0.134777
-0.133873
-0.133873
-0.132277
-0.13754
-0.13754
-0.131793
-0.135681
-0.132779
-0.132779
-0.138249
-0.135029
-0.138283
-0.13803
-0.138687
-0.134844
-0.130953
-0.134425
-0.134425
-0.131089
-0.132529
-0.136434
-0.136671
-0.134828
-0.135029
-0.133537
-0.132915
-0.13394
-0.134206
-0.131693
-0.134794
-0.13875
-0.137563
-0.137661
-0.136054
-0.136723
-0.136487
-0.135766
-0.136182
-0.132261
-0.132915
-0.132615
-0.136757
-0.13989
-0.135813
-0.132512
-0.134173
-0.137258
-0.138283
-0.138283
-0.134256
-0.135732
-0.137039
-0.134626
-0.135231
-0.135231
-0.134909
-0.1364
-0.134022
-0.133047
-0.130649
-0.132011
-0.132011
-0.13846
-0.132697
-0.135698
-0.138934
-0.135813
-0.136872
-0.134141
-0.136135
-0.136636
-0.131793
-0.132714
-0.132932
-0.135295
-0.138346
-0.138346
-0.12934
-0.129961
-0.132093
-0.132093
-0.136872
-0.136838
-0.136872
-0.134256
-0.130834
-0.130834
-0.136216
-0.13583
-0.137624
-0.132562
-0.130348
-0.136838
-0.136838
-0.138162
-0.132311
-0.136152
-0.139872
-0.130616
-0.13632
-0.13632
-0.13667
-0.136468
-0.13788
-0.137056
-0.136636
-0.133384
-0.133335
-0.141898
-0.1328
-0.134108
-0.135194
-0.136602
-0.132932
-0.135984
-0.135715
-0.133886
-0.13273
-0.134942
-0.135732
-0.135732
-0.136065
-0.136821
-0.135127
-0.137914
-0.136855
-0.136855
-0.135281
-0.138784
-0.132882
-0.135835
-0.13352
-0.134289
-0.134289
-0.138934
-0.136354
-0.135715
-0.13796
-0.139688
-0.13424
-0.13424
-0.134626
-0.137275
-0.136203
-0.131455
-0.132529
-0.134275
-0.135497
-0.135497
-0.132664
-0.134995
-0.134576
-0.13632
-0.136084
-0.136487
-0.133117
-0.131188
-0.136065
-0.138951
-0.13424
-0.132681
-0.132681
-0.135012
-0.135012
-0.134071
-0.134071
-0.135698
-0.137056
-0.135346
-0.137846
-0.136118
-0.139083
-0.139083
-0.128466
-0.134408
-0.133503
-0.135329
-0.135329
-0.132327
-0.132327
-0.130769
-0.135278
-0.140241
-0.139337
-0.139337
-0.136169
-0.134811
-0.13982
-0.1363
-0.136186
-0.134643
-0.131994
-0.137073
-0.135863
-0.135863
-0.134206
-0.134206
-0.133503
-0.133117
-0.136706
-0.138145
-0.13424
-0.132747
-0.135581
-0.134844
-0.135681
-0.133001
-0.134158
-0.134609
-0.140091
-0.134223
-0.137592
-0.136003
-0.138934
-0.133503
-0.132615
-0.135799
-0.136538
-0.135248
-0.133755
-0.133755
-0.133755
-0.133318
-0.131205
-0.136821
-0.13266
-0.134609
-0.136354
-0.137056
-0.133889
-0.135967
-0.135967
-0.136135
-0.136135
-0.136169
-0.136521
-0.137143
-0.133487
-0.138099
-0.138099
-0.135432
-0.132027
-0.134828
-0.134425
-0.132631
-0.132631
-0.138433
-0.135415
-0.138231
-0.134475
-0.134475
-0.136774
-0.137073
-0.137073
-0.133755
-0.135934
-0.13674
-0.13674
-0.135799
-0.136555
-0.139591
-0.13803
-0.135063
-0.135063
-0.135449
-0.135749
-0.138064
-0.140293
-0.135248
-0.136757
-0.136757
-0.136555
-0.142188
-0.133437
-0.13602
-0.133335
-0.133335
-0.136152
-0.137678
-0.13788
-0.137661
-0.138064
-0.135046
-0.136283
-0.134441
-0.136555
-0.139688
-0.134844
-0.134578
-0.135449
-0.134141
-0.140161
-0.136589
-0.136687
-0.133738
-0.133738
-0.133738
-0.134191
-0.134191
-0.135801
-0.133605
-0.133605
-0.135029
-0.135029
-0.13357
-0.13357
-0.138485
-0.134643
-0.136572
-0.137846
-0.137846
-0.137794
-0.135415
-0.134811
-0.135029
-0.135248
-0.133622
-0.137627
-0.135398
-0.134746
-0.134746
-0.137275
-0.136757
-0.136757
-0.136088
-0.137494
-0.133956
-0.136555
-0.133537
-0.133923
-0.137039
-0.141266
-0.105194
-0.105194
-0.111369
-0.126038
-0.117888
-0.123083
-0.119095
-0.100688
-0.0162911
0.0234677
0.0234677
0.0691669
0.0817656
0.0754845
0.0704294
0.0663645
0.0704565
0.0971496
0.0971496
0.125705
0.133357
0.130978
0.111796
0.111796
0.0547931
0.02857
0.000196326
-0.0227853
-0.0753238
-0.183934
-0.252408
-0.312264
-0.34081
-0.34081
-0.341855
-0.336641
-0.352632
-0.352632
-0.407678
-0.479695
-0.487188
-0.479277
-0.403489
-0.438394
-0.433508
-0.41687
-0.43655
-0.410599
-0.419396
-0.419396
-0.422294
-0.400461
-0.400461
-0.403646
-0.428203
-0.430443
-0.41363
-0.416537
-0.424477
-0.424477
-0.424215
-0.418544
-0.425831
-0.431048
-0.431048
-0.422763
-0.418368
-0.419302
-0.419302
-0.420496
-0.421858
-0.419013
-0.419013
-0.415354
-0.411654
-0.415073
-0.413202
-0.412182
-0.415936
-0.412382
-0.413556
-0.414315
-0.411259
-0.411323
-0.420108
-0.420108
-0.420134
-0.415947
-0.418553
-0.419063
-0.422067
-0.421806
-0.420486
-0.420486
-0.425556
-0.424059
-0.416861
-0.421891
-0.414169
-0.4192
-0.413451
-0.416009
-0.418213
-0.417329
-0.412898
-0.416383
-0.415268
-0.41341
-0.412391
-0.408824
-0.412597
-0.412597
-0.416716
-0.412278
-0.417152
-0.417298
-0.420358
-0.421849
-0.419232
-0.417382
-0.406595
-0.408854
-0.405791
-0.419666
-0.423786
-0.428268
-0.431401
-0.435255
-0.434107
-0.430666
-0.430666
-0.431886
-0.437567
-0.431646
-0.431646
-0.430904
-0.422992
-0.428965
-0.433844
-0.435672
-0.427025
-0.435016
-0.432883
-0.432883
-0.427152
-0.434933
-0.43774
-0.43449
-0.432904
-0.431969
-0.432948
-0.436129
-0.437416
-0.432187
-0.432533
-0.432533
-0.431098
-0.428981
-0.429198
-0.430267
-0.430658
-0.43044
-0.43044
-0.428236
-0.424977
-0.426946
-0.437207
-0.442598
-0.446909
-0.449667
-0.472469
-0.47294
-0.465601
-0.440982
-0.461243
-0.460541
-0.4701
-0.4582
-0.448543
-0.454281
-0.469053
-0.459435
-0.445804
-0.446647
-0.467591
-0.463699
-0.454856
-0.445709
-0.448729
-0.455003
-0.451548
-0.45085
-0.449163
-0.457569
-0.45588
-0.448976
-0.448785
-0.451732
-0.453262
-0.45655
-0.45427
-0.45427
-0.451683
-0.450536
-0.454011
-0.456383
-0.450536
-0.451437
-0.458671
-0.455423
-0.449562
-0.451029
-0.453899
-0.453899
-0.457701
-0.454933
-0.448648
-0.45405
-0.472218
-0.499967
-0.513325
-0.513325
-0.530626
-0.560669
-0.588658
-0.609641
-0.576824
-0.562003
-0.562003
-0.584163
-0.600163
-0.586866
-0.562504
-0.551739
-0.602028
-0.58854
-0.570562
-0.557253
-0.565949
-0.581042
-0.581042
-0.571786
-0.571238
-0.565895
-0.572009
-0.566951
-0.559533
-0.559533
-0.548899
-0.563166
-0.570717
-0.562823
-0.551277
-0.554502
-0.550495
-0.555505
-0.556405
-0.557402
-0.553562
-0.558865
-0.552785
-0.554615
-0.554768
-0.556069
-0.55674
-0.558984
-0.556464
-0.556464
-0.557512
-0.551537
-0.556736
-0.556177
-0.558342
-0.555109
-0.552553
-0.551665
-0.551757
-0.546078
-0.550986
-0.551312
-0.551312
-0.556113
-0.552257
-0.563161
-0.570856
-0.553553
-0.544371
-0.538389
-0.535767
-0.526889
-0.515195
-0.500562
-0.493171
-0.493171
-0.473866
-0.459761
-0.422428
-0.422428
-0.412348
-0.389178
-0.389178
-0.36031
-0.35439
-0.346496
-0.332691
-0.317069
-0.309125
-0.293837
-0.264402
-0.242245
-0.251054
-0.231759
-0.190213
-0.190213
-0.193266
-0.185246
-0.196699
-0.187135
-0.180364
-0.170915
-0.170915
-0.157517
-0.126738
-0.0798736
-0.0133725
0.0440771
0.0597492
0.114842
0.146381
0.160318
0.174951
0.17962
0.199194
0.216972
0.224705
0.229693
0.24448
0.262625
0.285407
0.299246
0.299246
0.31015
0.318724
0.325188
0.32685
0.338567
0.338567
0.338567
0.335869
0.338747
0.360654
0.386864
0.382536
0.395434
0.41023
0.410866
0.396171
0.404235
0.404235
0.422799
0.414493
0.415011
0.42753
0.417527
0.402723
0.402723
0.38487
0.40125
0.395179
0.391129
0.379194
0.389974
0.415947
0.42328
0.435119
0.432028
0.437936
0.453446
0.453446
0.464878
0.451245
0.442114
0.439528
0.454604
0.454604
0.455164
0.450075
0.44308
0.452225
0.472296
0.480464
0.480464
0.485908
0.494191
0.501613
0.507531
0.498277
0.494855
0.492655
0.500503
0.514893
0.515534
0.513829
0.511137
0.530756
0.535301
0.505086
0.504213
0.521653
0.534623
0.530955
0.530955
0.538213
0.583691
0.606118
0.614402
0.616151
0.616151
0.679664
0.692625
0.685009
0.672136
0.674846
0.686582
0.682227
0.676721
0.680122
0.693184
0.718195
0.729184
0.729184
0.738751
0.760895
0.765179
0.769127
0.76836
0.762332
0.768393
0.768393
0.759889
0.772868
0.803813
0.837352
0.858546
0.885846
0.936252
0.949678
0.943714
0.935446
0.953729
0.948409
0.948409
0.931315
0.960909
0.982795
0.980651
0.968991
0.978845
1.01365
1.02344
1.01133
1.00306
1.01952
1.04137
1.04137
1.07767
1.05033
1.01371
1.02122
1.03242
1.02351
1.02301
1.02067
1.02633
1.05281
1.09
1.11762
1.11762
1.12951
1.12951
1.139
1.17194
1.16488
1.15096
1.14428
1.14812
1.1714
1.1882
1.20706
1.19133
1.19707
1.2181
1.22325
1.2125
1.19167
1.18309
1.19251
1.19251
1.19122
1.1864
1.20079
1.22054
1.21175
1.19635
1.19635
1.20385
1.20806
1.1877
1.15702
1.15942
1.17485
1.1675
1.15734
1.14584
1.1522
1.1522
1.16527
1.14666
1.14666
1.14611
1.1578
1.16152
1.17634
1.16753
1.17211
1.17247
1.18327
1.19592
1.20054
1.20054
1.19172
1.1875
1.18426
1.16895
1.14953
1.11757
1.11757
1.10186
1.13801
1.13801
1.12685
1.14924
1.14924
1.14922
1.14922
1.11425
1.15406
1.167
1.167
1.15286
1.17502
1.20475
1.21823
1.21148
1.21262
1.21262
1.19642
1.16133
1.13938
1.13165
1.13451
1.13451
1.10505
1.10015
1.1106
1.12696
1.12738
1.12738
1.14194
1.13448
1.12184
1.10886
1.1059
1.09429
1.07565
1.07614
1.0925
1.09817
1.10115
1.10279
1.09888
1.09888
1.1444
1.14121
1.12746
1.12818
1.1442
1.14258
1.10457
1.12052
1.13985
1.12402
1.11905
1.11744
1.12709
1.16162
1.16851
1.15307
1.15935
1.16027
1.16027
1.14533
1.10072
1.06952
1.07136
1.06852
1.03997
1.02552
1.00231
1.00046
1.05444
1.10541
1.06873
1.08506
1.10598
1.0912
1.10586
1.10338
1.09547
1.0956
1.08051
1.06377
1.06609
1.06295
1.05154
1.04287
1.04206
1.06709
1.05484
1.03778
1.03598
1.05792
1.05308
1.02053
1.01776
1.043
1.03527
1.02633
1.01935
1.00942
1.02478
1.02715
1.00471
0.985983
0.984221
0.984221
0.994303
0.990412
0.978902
0.982836
1.00739
1.02089
1.01332
1.002
1.0053
1.00711
1.01368
1.01467
1.01082
1.01082
1.01131
1.04698
1.04739
1.05998
1.05998
1.06558
1.06817
1.06093
1.05383
1.00996
0.998478
0.998478
1.0007
1.00684
1.01158
0.998704
0.996683
1.01905
1.02484
1.01019
0.982707
0.974733
0.965899
0.950413
0.929931
0.929931
0.901949
0.947486
0.972518
0.982391
0.984831
1.0046
1.01707
0.987029
0.97149
0.96327
0.949566
0.940758
0.933464
0.950171
0.969891
0.990958
1.0043
1.0024
1.0072
0.996725
0.956745
0.938332
0.928567
0.911101
0.911101
0.899231
0.902435
0.890323
0.885201
0.884441
0.884897
0.884897
0.934851
0.904361
0.898681
0.915476
0.904663
0.903872
0.906472
0.895724
0.891672
0.904328
0.906652
0.912193
0.912193
0.911825
0.926697
0.931773
0.920505
0.884666
0.866015
0.873837
0.859049
0.828712
0.824642
0.820554
0.822645
0.833865
0.8383
0.843503
0.846311
0.825175
0.799664
0.799664
0.782514
0.829755
0.829755
0.813488
0.855505
0.858727
0.858727
0.863577
0.872872
0.880858
0.873585
0.866968
0.864807
0.864807
0.872205
0.887196
0.868871
0.84532
0.851298
0.851298
0.856265
0.824255
0.838229
0.85844
0.861367
0.839402
0.821333
0.820828
0.809771
0.806499
0.807232
0.802658
0.802658
0.830193
0.838555
0.848413
0.853419
0.86749
0.880289
0.880289
0.898175
0.886207
0.880235
0.880235
0.871003
0.875286
0.882111
0.893463
0.905598
0.91949
0.91949
0.929146
0.932792
0.904101
0.886047
0.870082
0.859754
0.859754
0.855465
0.86376
0.87888
0.891448
0.882437
0.881653
0.888597
0.903893
0.900174
0.893126
0.877744
0.888002
0.898989
0.895998
0.888232
0.885186
0.90495
0.935166
0.9459
0.941579
0.94889
0.954654
0.910373
0.891509
0.888295
0.888897
0.888897
0.882215
0.872023
0.871257
0.884478
0.891322
0.891322
0.888641
0.88073
0.888649
0.869599
0.855329
0.855329
0.852318
0.851099
0.846976
0.854887
0.87214
0.88625
0.897099
0.911116
0.918289
0.931878
0.934565
0.919303
0.916623
0.910462
0.897498
0.886568
0.873873
0.8503
0.86174
0.868634
0.868634
0.866569
0.863551
0.874367
0.869129
0.833804
0.813943
0.81201
0.823813
0.829823
0.814341
0.826433
0.851279
0.855123
0.86411
0.872242
0.868484
0.876462
0.881046
0.879603
0.88317
0.878535
0.877291
0.866039
0.845095
0.827418
0.826471
0.826471
0.815613
0.813245
0.82126
0.822426
0.812699
0.812699
0.790626
0.796158
0.795167
0.778042
0.774271
0.768823
0.768823
0.790781
0.822643
0.828772
0.828772
0.853085
0.853085
0.845122
0.832898
0.833366
0.834386
0.839939
0.823117
0.823117
0.786249
0.796112
0.811094
0.796934
0.8009
0.803708
0.803708
0.774369
0.759059
0.747596
0.747596
0.737437
0.729906
0.71585
0.710675
0.757276
0.794494
0.777302
0.800263
0.816296
0.802586
0.791302
0.774104
0.762221
0.752319
0.746325
0.725019
0.72201
0.717696
0.721574
0.730784
0.717537
0.706728
0.710774
0.694163
0.694163
0.688645
0.68565
0.71088
0.71088
0.705925
0.704438
0.693914
0.685478
0.690827
0.680517
0.649821
0.640183
0.673969
0.673874
0.651199
0.661531
0.66423
0.66423
0.663395
0.660771
0.659455
0.644964
0.62325
0.62325
0.62325
0.639639
0.636917
0.631193
0.626458
0.617434
0.611393
0.611226
0.597549
0.59997
0.605861
0.608265
0.608265
0.621239
0.618229
0.61647
0.616348
0.585536
0.560893
0.539028
0.516776
0.510333
0.48973
0.493573
0.53217
0.550528
0.550528
0.559382
0.551768
0.55991
0.554669
0.55727
0.55727
0.56489
0.550792
0.54947
0.553014
0.550184
0.544161
0.544161
0.511864
0.524194
0.531621
0.526184
0.536283
0.547919
0.5512
0.54592
0.538882
0.527563
0.523961
0.515317
0.523845
0.523845
0.548979
0.555047
0.569144
0.570352
0.575721
0.583063
0.586562
0.576069
0.574434
0.576713
0.571419
0.550114
0.537313
0.543299
0.552944
0.55305
0.55946
0.559223
0.561412
0.560206
0.554214
0.537582
0.52827
0.521019
0.52565
0.521778
0.518301
0.51338
0.510939
0.524133
0.547135
0.573159
0.576782
0.594004
0.591156
0.584921
0.591447
0.591447
0.595265
0.603304
0.601128
0.596532
0.614371
0.612325
0.612325
0.589675
0.589675
0.573788
0.550121
0.549068
0.540689
0.550155
0.5482
0.542117
0.55343
0.563846
0.575933
0.585698
0.583496
0.57617
0.57617
0.587014
0.59874
0.585913
0.585913
0.603231
0.604631
0.594968
0.586853
0.586316
0.591906
0.604173
0.602398
0.605138
0.612957
0.608462
0.598177
0.58344
0.563022
0.564461
0.554101
0.54594
0.557644
0.549354
0.552708
0.55158
0.558738
0.558738
0.572015
0.578249
0.573491
0.561112
0.557308
0.555078
0.55613
0.554583
0.558654
0.563669
0.563669
0.573759
0.573759
0.573431
0.588072
0.584518
0.568937
0.568937
0.538897
0.537881
0.530003
0.514231
0.505244
0.501526
0.505293
0.513374
0.513841
0.543715
0.545453
0.547982
0.566735
0.563902
0.550739
0.546507
0.541026
0.532982
0.527396
0.527396
0.496696
0.475644
0.464289
0.463734
0.446284
0.454826
0.458983
0.463393
0.465359
0.466985
0.467566
0.472154
0.466919
0.462377
0.466735
0.462507
0.464086
0.470708
0.470708
0.510929
0.515592
0.524362
0.517074
0.519591
0.527784
0.527784
0.524234
0.506919
0.51039
0.51039
0.516615
0.506206
0.490718
0.49601
0.496321
0.472823
0.463284
0.467957
0.472746
0.475975
0.479137
0.472246
0.47331
0.487847
0.495692
0.529999
0.538375
0.528211
0.541705
0.543782
0.536144
0.535475
0.534491
0.531996
0.536757
0.534757
0.535739
0.524554
0.526441
0.534152
0.527929
0.535211
0.529894
0.525634
0.525634
0.523026
0.510622
0.49897
0.505788
0.497941
0.486769
0.486769
0.478555
0.471996
0.495821
0.532704
0.531526
0.531526
0.540615
0.53839
0.529037
0.532202
0.526131
0.524966
0.532091
0.520744
0.539594
0.542956
0.536195
0.521865
0.516465
0.527458
0.510992
0.506587
0.491006
0.483721
0.503943
0.503943
0.482411
0.475528
0.481741
0.476433
0.474783
0.474783
0.474783
0.466913
0.476052
0.486513
0.482769
0.477034
0.477034
0.468159
0.47602
0.481762
0.478804
0.475085
0.4824
0.483735
0.480708
0.474198
0.46504
0.453452
0.430917
0.421868
0.410181
0.414456
0.417519
0.419848
0.419996
0.4124
0.416678
0.431262
0.4279
0.410501
0.401049
0.400643
0.391318
0.388534
0.381535
0.371917
0.374594
0.36966
0.362367
0.357329
0.322562
0.317663
0.302643
0.302643
0.25313
0.244174
0.228799
0.225687
0.222653
0.209069
0.209069
0.189182
0.189182
0.172118
0.16664
0.166979
0.174453
0.174023
0.171352
0.163511
0.170891
0.16595
0.16342
0.16342
0.16687
0.167331
0.161921
0.160062
0.160722
0.160032
0.160032
0.166811
0.170753
0.17017
0.169743
0.163052
0.160092
0.159543
0.166141
0.165552
0.160122
0.161502
0.161532
0.159922
0.163361
0.160122
0.168547
0.163791
0.157542
0.157542
0.154784
0.159203
0.162302
0.165064
0.158224
0.158224
0.161814
0.162333
0.157335
0.160404
0.159225
0.156587
0.15796
0.158397
0.156276
0.155469
0.160495
0.164566
0.162015
0.160234
0.155268
0.155038
0.158878
0.156187
0.156758
0.156758
0.15438
0.155989
0.161183
0.154927
0.160348
0.160348
0.155699
0.158768
0.164196
0.159285
0.159339
0.159339
0.162877
0.155153
0.157877
0.159169
0.15782
0.15768
0.155784
0.158507
0.161697
0.157078
0.154209
0.155041
0.155041
0.152801
0.154034
0.162324
0.153432
0.15909
0.15957
0.15768
0.157479
0.156471
0.155413
0.157644
0.161782
0.15963
0.158913
0.154235
0.161812
0.161782
0.156587
0.161381
0.158251
0.16347
0.163247
0.15731
0.153318
0.154837
0.158367
0.158367
0.159254
0.160117
0.16098
0.164187
0.157996
0.15994
0.161643
0.158944
0.155614
0.155068
0.158276
0.156367
0.155844
0.162013
0.158197
0.158136
0.163671
0.16775
0.158452
0.164173
0.161612
0.162761
0.159284
0.156246
0.159376
0.159376
0.15903
0.155784
0.1532
0.157136
0.149676
0.159571
0.159109
0.160348
0.160864
0.160494
0.153578
0.157795
0.157795
0.158629
0.156272
0.153345
0.148642
0.15389
0.155298
0.151454
0.152832
0.158057
0.1557
0.156848
0.160372
0.157109
0.157534
0.158057
0.155245
0.150249
0.152914
0.150249
0.151715
0.150226
0.148989
0.15493
0.152489
0.152116
0.157398
0.151513
0.153636
0.152407
0.158171
0.153865
0.153865
0.153805
0.157023
0.146556
0.155152
0.151684
0.150798
0.150798
0.151803
0.155587
0.152318
0.152176
0.151744
0.150739
0.15269
0.157599
0.158542
0.153867
0.154699
0.149279
0.149279
0.153867
0.158577
0.153584
0.154409
0.154409
0.149078
0.155185
0.156189
0.156189
0.157045
0.152377
0.153493
0.146183
0.146183
0.160158
0.161259
0.156996
0.156996
0.152861
0.147069
0.149191
0.150888
0.155958
0.156674
0.154267
0.150367
0.150367
0.153584
0.153584
0.153777
0.157136
0.149451
0.153865
0.153895
0.151089
0.159118
0.155958
0.155356
0.151714
0.156914
0.150426
0.148676
0.153292
0.155304
0.156049
0.156049
0.152004
0.151833
0.151833
0.154781
0.15797
0.155334
0.158171
0.15458
0.149512
0.153693
0.156388
0.154016
0.151431
0.154438
0.154438
0.148647
0.15091
0.153463
0.152689
0.152689
0.151602
0.149883
0.148938
0.154237
0.153815
0.155022
0.155968
0.155968
0.152437
0.151431
0.152407
0.15453
0.153322
0.15668
0.149622
0.155393
0.1494
0.147508
0.15461
0.15461
0.152467
0.153784
0.152064
0.150717
0.154528
0.152809
0.152809
0.151833
0.150858
0.150858
0.15462
0.151059
0.152578
0.152377
0.149742
0.154729
0.152467
0.15298
0.155905
0.155253
0.151833
0.151833
0.151089
0.152205
0.157917
0.151432
0.1549
0.149601
0.153523
0.151974
0.155857
0.152467
0.155905
0.155905
0.1531
0.151602
0.15487
0.151522
0.150918
0.15132
0.151863
0.151552
0.151632
0.154468
0.154247
0.148136
0.150747
0.15103
0.150516
0.150406
0.155071
0.15301
0.155332
0.150687
0.152265
0.150204
0.152034
0.148967
0.150837
0.148023
0.155241
0.156388
0.155284
0.152869
0.153724
0.153382
0.150667
0.151261
0.155564
0.151141
0.158801
0.149029
0.149029
0.151954
0.150093
0.150093
0.150948
0.150717
0.153472
0.150687
0.151833
0.154729
0.146358
0.146877
0.15129
0.147905
0.152296
0.149802
0.150717
0.147422
0.149482
0.155284
0.149772
0.149228
0.146676
0.150175
0.152146
0.154046
0.154046
0.152839
0.152064
0.147452
0.150949
0.149571
0.154417
0.154417
0.152406
0.152608
0.147079
0.147993
0.151059
0.148458
0.148458
0.150285
0.154448
0.152758
0.151864
0.149491
0.148828
0.15129
0.152638
0.14725
0.147452
0.148597
0.150516
0.151261
0.152839
0.150949
0.152326
0.148857
0.149802
0.149802
0.152216
0.150436
0.152839
0.151984
0.148396
0.148396
0.152869
0.152296
0.152406
0.152406
0.149633
0.149633
0.145736
0.153211
0.154045
0.14926
0.151723
0.146537
0.152326
0.150438
0.15107
0.152296
0.149663
0.149973
0.146513
0.146513
0.148224
0.151924
0.151954
0.152015
0.148487
0.148286
0.148286
0.152759
0.151693
0.146135
0.150487
0.149112
0.149112
0.145846
0.149601
0.149631
0.145589
0.15129
0.148686
0.148686
0.152326
0.149772
0.153503
0.150607
0.149459
0.150546
0.145644
0.154247
0.154369
0.146135
0.150748
0.145589
0.144248
0.150376
0.146764
0.152839
0.151382
0.148375
0.148313
0.148313
0.147771
0.147049
0.148798
0.143471
0.150204
0.149461
0.151583
0.151412
0.144076
0.144529
0.149573
0.146479
0.151663
0.148144
0.149834
0.148689
0.145963
0.150808
0.151441
0.149713
0.14725
0.148115
0.146445
0.150327
0.148626
0.146307
0.147913
0.148999
0.148828
0.148085
0.147712
0.148227
0.148227
0.144902
0.147481
0.142809
0.150838
0.149715
0.152558
0.152558
0.145825
0.148517
0.149121
0.149864
0.148148
0.148257
0.145938
0.145938
0.144534
0.146951
0.144706
0.145943
0.145943
0.151552
0.151181
0.143019
0.145594
0.144479
0.145795
0.145795
0.148487
0.146567
0.145481
0.151382
0.150236
0.150236
0.147805
0.151553
0.143644
0.148085
0.147141
0.147141
0.148144
0.146026
0.151674
0.151643
0.151643
0.143162
0.147653
0.150748
0.143133
0.14666
0.151181
0.147943
0.146257
0.148659
0.151613
0.149543
0.146168
0.14929
0.14929
0.143874
0.145481
0.147686
0.145825
0.143673
0.148346
0.148346
0.144248
0.149059
0.147913
0.147141
0.146827
0.14892
0.153734
0.150919
0.146537
0.147775
0.143737
0.150236
0.150236
0.143909
0.14694
0.142356
0.145938
0.14473
0.146626
0.145913
0.149864
0.146105
0.142327
0.147742
0.147544
0.147544
0.144479
0.144248
0.146768
0.14663
0.145594
0.147864
0.143019
0.152296
0.145427
0.141787
0.146055
0.145623
0.146055
0.146055
0.144105
0.142219
0.143939
0.143679
0.146287
0.146346
0.149059
0.147712
0.14224
0.146798
0.147402
0.145761
0.145761
0.145531
0.147574
0.147138
0.144105
0.14168
0.147825
0.147825
0.14935
0.143506
0.143903
0.148719
0.148719
0.148517
0.145717
0.150095
0.148432
0.141787
0.146055
0.141355
0.141355
0.144164
0.148055
0.148055
0.144277
0.145083
0.143334
0.147141
0.145083
0.140845
0.148719
0.143708
0.143708
0.147834
0.143623
0.149404
0.145658
0.145314
0.145314
0.149032
0.150269
0.145284
0.148286
0.15039
0.144371
0.144371
0.145314
0.145314
0.146518
0.145687
0.145687
0.146026
0.144602
0.144592
0.149665
0.145628
0.144774
0.142766
0.142766
0.141046
0.142557
0.148831
0.145048
0.140981
0.141269
0.143276
0.141392
0.143506
0.147947
0.143477
0.143909
0.140701
0.142873
0.147574
0.143334
0.148036
0.141277
0.141277
0.146944
0.140903
0.14219
0.143708
0.145741
0.142219
0.141248
0.144479
0.147402
0.143565
0.142248
0.143679
0.146257
0.146257
0.141528
0.146227
0.141478
0.141363
0.141931
0.143506
0.145427
0.145427
0.141989
0.147805
0.143227
0.139615
0.139615
0.14497
0.144976
0.147809
0.142227
0.143428
0.141075
0.144514
0.149215
0.144436
0.146571
0.145918
0.145918
0.141931
0.142457
0.14666
0.145717
0.148983
0.148983
0.142392
0.149155
0.144602
0.146061
0.14388
0.14168
0.14168
0.145486
0.144111
0.141248
0.140248
0.143448
0.142334
0.139125
0.141046
0.139586
0.14245
0.142564
0.143055
0.145948
0.143168
0.144052
0.144342
0.143571
0.144371
0.142227
0.147234
0.147234
0.139701
0.140364
0.140364
0.141795
0.141651
0.144052
0.14414
0.14414
0.14365
0.141989
0.143708
0.140076
0.145392
0.145255
0.144911
0.143939
0.14861
0.14311
0.14311
0.142227
0.144887
0.148148
0.142285
0.142112
0.144254
0.144254
0.141449
0.142681
0.148319
0.143286
0.141852
0.145196
0.145196
0.140113
0.144205
0.145658
0.141507
0.146694
0.139451
0.144602
0.144602
0.142967
0.143939
0.140845
0.140845
0.140932
0.140989
0.14419
0.139923
0.143737
0.144228
0.144228
0.141874
0.137751
0.140422
0.144082
0.145859
0.142795
0.142795
0.140845
0.142882
0.145628
0.148748
0.141075
0.141075
0.142018
0.143832
0.141651
0.141651
0.143256
0.153486
0.142795
0.149293
0.142219
0.142373
0.143737
0.137224
0.144342
0.144342
0.145948
0.142392
0.144852
0.141998
0.143825
0.143825
0.14219
0.146399
0.142759
0.141449
0.142707
0.138385
0.14637
0.142132
0.141104
0.142112
0.140499
0.14119
0.14119
0.144052
0.138615
0.146458
0.143708
0.143084
0.143084
0.138442
0.142651
0.143825
0.143227
0.13899
0.141219
0.140133
0.141219
0.145456
0.14311
0.143139
0.144881
0.141709
0.139298
0.14443
0.144312
0.138788
0.145005
0.142766
0.142766
0.140565
0.144082
0.142248
0.139384
0.143565
0.139471
0.142018
0.141363
0.142912
0.142486
0.143536
0.143458
0.143458
0.1375
0.146179
0.14558
0.147122
0.142688
0.146351
0.146351
0.142516
0.142996
0.141622
0.141622
0.143565
0.141746
0.141746
0.143891
0.141882
0.142545
0.141083
0.145687
0.145687
0.143025
0.143832
0.144004
0.145894
0.141314
0.140911
0.140911
0.14612
0.144579
0.149185
0.144235
0.143832
0.141545
0.141545
0.144319
0.141372
0.142659
0.141863
0.14561
0.1481
0.137366
0.141372
0.146351
0.142802
0.144887
0.144004
0.141343
0.147436
0.142486
0.140882
0.138444
0.139163
0.139163
0.138279
0.14289
0.145349
0.142919
0.145983
0.145983
0.143898
0.144294
0.144525
0.142486
0.143891
0.138048
0.144899
0.143773
0.143381
0.141766
0.14212
0.141882
0.146013
0.146013
0.137443
0.139537
0.140709
0.140171
0.143785
0.143785
0.143121
0.14289
0.139451
0.14561
0.13754
0.13754
0.142227
0.142285
0.142747
0.141948
0.146985
0.1426
0.140911
0.146985
0.138759
0.139393
0.140047
0.141256
0.143718
0.138654
0.144608
0.140805
0.141823
0.140594
0.145177
0.145177
0.142025
0.139796
0.144033
0.144745
0.138596
0.143286
0.140364
0.13948
0.142314
0.14289
0.141775
0.141775
0.143399
0.144466
0.144525
0.140536
0.143286
0.138337
0.138337
0.143062
0.140632
0.145041
0.142197
0.143428
0.143477
0.140536
0.142486
0.142285
0.138385
0.14045
0.14045
0.143139
0.141335
0.141775
0.143458
0.140911
0.141717
0.141717
0.144466
0.143176
0.138961
0.141343
0.138625
0.138625
0.137857
0.140969
0.137482
0.14117
0.143802
0.142831
0.142831
0.141967
0.14117
0.14237
0.136732
0.141911
0.142622
0.142622
0.142112
0.141026
0.144111
0.142766
0.142516
0.142516
0.144371
0.143198
0.145083
0.142083
0.14612
0.13923
0.141248
0.142919
0.142142
0.144572
0.13727
0.143344
0.137616
0.138568
0.140479
0.138164
0.13825
0.136877
0.142025
0.140306
0.136591
0.141545
0.142025
0.145266
0.138682
0.142256
0.137136
0.137136
0.139883
0.139566
0.144751
0.142256
0.143033
0.143033
0.142091
0.138221
0.149356
0.143322
0.141007
0.144377
0.144377
0.140344
0.143458
0.141343
0.140431
0.140229
0.139682
0.142227
0.138452
0.141083
0.139653
0.147299
0.14355
0.136658
0.139825
0.139163
0.14094
0.140277
0.143062
0.148846
0.140545
0.143234
0.146588
0.145444
0.140565
0.141516
0.141516
0.144869
0.1414
0.139825
0.144092
0.139633
0.144833
0.144833
0.142553
0.14289
0.141141
0.143436
0.141977
0.141112
0.141112
0.138539
0.139825
0.141208
0.141746
0.141294
0.141294
0.141688
0.140373
0.142381
0.145924
0.142494
0.142033
0.142033
0.140863
0.141516
0.137309
0.147963
0.146357
0.146357
0.139998
0.145521
0.141659
0.138741
0.143465
0.144982
0.144982
0.14315
0.143436
0.139317
0.141746
0.143974
0.140776
0.140776
0.141746
0.141746
0.146879
0.140594
0.142091
0.143293
0.141574
0.137193
0.140171
0.137568
0.140565
0.14094
0.14094
0.142747
0.141948
0.140998
0.142457
0.13994
0.143957
0.146784
0.14381
0.141036
0.141516
0.139596
0.141314
0.141314
0.140037
0.144319
0.141948
0.138077
0.140882
0.135428
0.135428
0.141545
0.139662
0.144176
0.144176
0.143927
0.14241
0.146386
0.138481
0.147038
0.140949
0.143263
0.14212
0.142074
0.146357
0.144495
0.14481
0.140267
0.145302
0.140267
0.13611
0.1402
0.141784
0.140469
0.144982
0.141065
0.14215
0.14212
0.140747
0.138971
0.138174
0.137193
0.138452
0.138452
0.142227
0.143121
0.139288
0.140373
0.143868
0.136744
0.137233
0.145177
0.139633
0.139912
0.139432
0.145983
0.145983
0.144722
0.141746
0.14115
0.137435
0.140922
0.140922
0.140574
0.142351
0.143465
0.142179
0.140124
0.140632
0.141717
0.143033
0.14189
0.136772
0.145818
0.141285
0.141285
0.138145
0.14241
0.140095
0.142494
0.140527
0.14286
0.136454
0.136829
0.138577
0.141919
0.143293
0.138693
0.144205
0.14141
0.139317
0.140844
0.139403
0.138318
0.140805
0.138012
0.140978
0.139259
0.138999
0.142974
0.142974
0.140969
0.139432
0.13946
0.139922
0.138549
0.138625
0.135081
0.138423
0.141948
0.140834
0.138607
0.143293
0.14513
0.14513
0.14513
0.141179
0.140718
0.138722
0.142351
0.13586
0.142553
0.139374
0.140373
0.136801
0.135937
0.136167
0.136167
0.141323
0.145759
0.140229
0.140008
0.143524
0.141296
0.139346
0.133681
0.137176
0.140632
0.141516
0.145557
0.139547
0.135226
0.139374
0.139154
0.139604
0.143591
0.14333
0.137147
0.141034
0.138531
0.141545
0.137655
0.137176
0.140497
0.136599
0.148105
0.138923
0.13732
0.144301
0.139604
0.139547
0.139039
0.142465
0.140978
0.13946
0.13779
0.142351
0.142351
0.141574
0.139633
0.140978
0.13511
0.136974
0.139778
0.136917
0.135533
0.136426
0.14215
0.134968
0.138577
0.138577
0.140689
0.14212
0.137741
0.140095
0.137079
0.141574
0.141574
0.144338
0.141036
0.142276
0.143465
0.137839
0.136945
0.137465
0.136656
0.135659
0.136495
0.13082
0.136224
0.142006
0.137435
0.139067
0.139259
0.138596
0.144495
0.140142
0.140142
0.140066
0.136801
0.140632
0.140516
0.139172
0.14115
0.135832
0.140498
0.136801
0.141121
0.139269
0.138272
0.134545
0.13946
0.140632
0.139922
0.134085
0.139028
0.139028
0.138855
0.137684
0.138395
0.137397
0.136599
0.145811
0.136801
0.140076
0.137983
0.13901
0.136945
0.141179
0.141179
0.137886
0.13732
0.139835
0.139883
0.13657
0.139327
0.138769
0.138769
0.142494
0.133291
0.141238
0.139835
0.139201
0.139201
0.141179
0.13586
0.140747
0.140747
0.138452
0.138452
0.137857
0.137062
0.140574
0.13732
0.133221
0.138769
0.134447
0.142322
0.138625
0.134202
0.137003
0.137233
0.137425
0.137425
0.138318
0.138002
0.140027
0.136772
0.134851
0.134851
0.133333
0.13563
0.135388
0.135993
0.135993
0.138048
0.137655
0.137119
0.140998
0.13657
0.13657
0.138279
0.139547
0.138779
0.138779
0.14141
0.138347
0.137204
0.131314
0.131314
0.131314
0.138059
0.139893
0.13852
0.138279
0.142802
0.137886
0.135085
0.137349
0.140603
0.137406
0.137406
0.142545
0.136264
0.138434
0.141208
0.139096
0.139432
0.139432
0.13852
0.135382
0.145706
0.145706
0.140402
0.13559
0.13559
0.13559
0.142293
0.139288
0.133403
0.13586
0.13586
0.136801
0.13732
0.137695
0.136945
0.134404
0.138318
0.137245
0.139835
0.136945
0.137868
0.137713
0.140037
0.140037
0.137914
0.137176
0.13634
0.138693
0.140105
0.13972
0.137522
0.135122
0.137233
0.13638
0.137119
0.137119
0.135428
0.135804
0.137713
0.137713
0.137713
0.136397
0.136397
0.135428
0.135428
0.137233
0.138798
0.13732
0.139403
0.136454
0.135602
0.137406
0.137062
0.134545
0.134545
0.138261
0.133347
0.133347
0.137493
0.140469
0.134996
0.137482
0.136599
0.137522
0.140498
0.134649
0.142036
0.138722
0.141872
0.141872
0.138606
0.136658
0.137107
0.138214
0.13874
0.13874
0.138087
0.140545
0.138722
0.136668
0.137361
0.141872
0.134343
0.138145
0.140527
0.137378
0.138318
0.137349
0.137349
0.138127
0.139701
0.141882
0.137476
0.147849
0.147849
0.137406
0.133549
0.135353
0.139691
0.138145
0.136928
0.136928
0.137954
0.132826
0.138923
0.140603
0.134621
0.138261
0.132234
0.137031
0.137216
0.132549
0.132549
0.136611
0.13446
0.135037
0.143129
0.135066
0.13706
0.134921
0.134432
0.134432
0.138923
0.138376
0.137983
0.137839
0.137043
0.137043
0.13592
0.141208
0.135804
0.135659
0.134823
0.134823
0.135977
0.139096
0.134795
0.137309
0.136252
0.139403
0.139403
0.138894
0.13803
0.140066
0.135719
0.135542
0.134921
0.135485
0.138445
0.137349
0.13657
0.138185
0.132595
0.13657
0.133549
0.133709
0.139604
0.135659
0.134258
0.130807
0.134113
0.134113
0.137435
0.133145
0.139529
0.134286
0.135457
0.137522
0.138059
0.137493
0.138232
0.141507
0.134488
0.136917
0.137943
0.137943
0.139356
0.137713
0.132741
0.133451
0.137119
0.140037
0.136005
0.132741
0.139893
0.134258
0.13469
0.13469
0.137003
0.137666
0.133709
0.135545
0.136255
0.136255
0.132624
0.138116
0.138116
0.134978
0.133117
0.13469
0.13469
0.134634
0.140297
0.139298
0.133968
0.140037
0.134719
0.138059
0.134662
0.13875
0.135498
0.137406
0.13469
0.136179
0.135728
0.139125
0.134662
0.13657
0.138577
0.135659
0.135659
0.135744
0.138848
0.134921
0.134921
0.139039
0.1316
0.137233
0.139259
0.140037
0.132582
0.137752
0.138376
0.136945
0.136945
0.138491
0.134315
0.135545
0.134719
0.138376
0.134545
0.131718
0.139327
0.136611
0.138664
0.137886
0.134719
0.135946
0.132262
0.136542
0.134747
0.139979
0.131802
0.140642
0.135485
0.135485
0.137655
0.139835
0.134202
0.138318
0.134056
0.140788
0.135081
0.134517
0.13732
0.134921
0.134851
0.133117
0.132032
0.131454
0.136841
0.139345
0.137406
0.137003
0.133911
0.133709
0.135343
0.133507
0.129623
0.131676
0.131676
0.129972
0.13563
0.137119
0.132567
0.138001
0.138001
0.135804
0.133375
0.137678
0.137551
0.125667
0.125667
0.184236
0.174209
0.184334
0.169845
0.148423
0.10407
0.0743037
0.0495663
0.0511097
0.0372356
0.0264208
0.0200021
0.0200021
0.0168286
-0.00890728
-0.0243247
-0.0285359
-0.0354642
-0.0342371
-0.0342371
-0.0385721
-0.0432433
-0.0448528
-0.0406877
-0.0410192
-0.0455577
-0.0455577
-0.0463549
-0.0474566
-0.0480657
-0.051625
-0.0470801
-0.0519925
-0.0535405
-0.0503195
-0.0482592
-0.0469528
-0.0489729
-0.0533347
-0.0533347
-0.046936
-0.0529167
-0.0497577
-0.0500845
-0.0531289
-0.0531289
-0.0472741
-0.050483
-0.0497936
-0.0539199
-0.0495767
-0.0495767
-0.0551699
-0.0523124
-0.0516128
-0.0502776
-0.052577
-0.0497577
-0.0524165
-0.0512925
-0.0508877
-0.0524165
-0.0547371
-0.048839
-0.0531811
-0.052276
-0.052276
-0.0569373
-0.0520768
-0.0620153
-0.052796
-0.052796
-0.0541192
-0.0558275
-0.0603663
-0.055422
-0.0535726
-0.0549097
-0.0549097
-0.0549097
-0.0558206
-0.0558918
-0.0602541
-0.0571366
-0.0526875
-0.056404
-0.0558918
