-0.00872364
-0.00561353
-0.00793745
-0.00663989
-0.00498362
-0.00602534
-0.00160776
-0.00828586
-0.00668962
-0.00575333
-0.00858754
-0.0079896
-0.00644538
-0.00700883
-0.00671749
-0.00132528
-0.0036502
-0.00824476
-0.00569094
-0.00334876
-0.00411832
-0.0064457
-0.00742592
-0.00697355
-0.00312173
-0.00689629
-0.00722953
-0.00775964
-0.00501537
-0.00622084
-0.00827033
-0.00803062
-0.00703582
-0.00593215
-0.00646071
-0.00282364
-0.00692712
-0.00766623
-0.00636911
-0.0105539
-0.00596459
-0.0064145
-0.0064145
-0.00824476
-0.00602804
-0.00602804
-0.00674871
-0.00514604
-0.00577197
-0.00591671
-0.00591671
-0.00650841
-0.00436039
-0.00511483
-0.0108234
-0.00511483
-0.00775964
-0.00554375
-0.00907223
-0.00750416
-0.00649269
-0.00414955
-0.00974423
-0.00702022
-0.000571853
-0.00499918
-0.006477
-0.00448786
-0.007276
-0.00833259
-0.00793745
-0.00549685
-0.00543596
-0.00832392
-0.00676435
-0.00737568
-0.0057065
-0.0077284
-0.00960588
-0.00469544
-0.00676435
-0.00238361
-0.0056599
-0.00546663
-0.0058004
-0.00879609
-0.0107889
-0.00525607
-0.0085313
-0.0049371
-0.00575333
-0.00469544
-0.00469544
-0.00437461
-0.00524056
-0.00596459
-0.0106013
-0.00771067
-0.00806188
-0.00626818
-0.00832392
-0.0118972
-0.00548114
-0.00622084
-0.00543596
-0.00419959
-0.00567655
-0.00947979
-0.00803721
-0.00513284
-0.00466437
-0.00698908
-0.00400263
-0.00419959
-0.00410274
-0.00599417
-0.00569094
-0.00726048
-0.00959003
-0.00488898
-0.00100408
-0.0058004
-0.00751989
-0.00320009
-0.00287928
-0.0074394
-0.00591671
-0.00952688
-0.00572209
-0.00626818
-0.0103476
-0.0095584
-0.00516168
-0.00572353
-0.010158
-0.00161532
-0.00393927
-0.00674774
-0.0054054
-0.0054054
-0.00698908
-0.00287928
-0.00215637
-0.00517734
-0.00392349
-0.00599417
-0.00799946
-0.00849985
-0.00493618
-0.0100825
-0.00593302
-0.00719869
-0.00558275
-0.00492042
-0.00756722
-0.00652415
-0.00705146
-0.00347349
-0.00472661
-0.0064457
-0.00394199
-0.00724861
-0.00557575
-0.00935804
-0.00827635
-0.00361864
-0.00524027
-0.00247435
-0.00546546
-0.0111557
-0.00422809
-0.00622084
-0.00865812
-0.00628402
-0.00339534
-0.00705656
-0.0113462
-0.00872364
-0.00598041
-0.00924911
-0.00880186
-0.0072644
-0.00548114
-0.00653991
-0.0049371
-0.0077753
-0.00806188
-0.00622084
-0.00134076
-0.00769726
-0.00135626
-0.00771846
-0.0037055
-0.00593302
-0.00856285
-0.00342653
-0.00804624
-0.00629988
-0.00516168
-0.00233706
-0.00517885
-0.00390774
-0.00284793
-0.00469544
-0.00520876
-0.00731193
-0.00779098
-0.00369986
-0.0103636
-0.0036223
-0.00823936
-0.00709851
-0.00604096
-0.00685878
-0.00495197
-0.00673724
-0.0088649
-0.00688267
-0.007276
-0.00463184
-0.00450093
-0.00963766
-0.0085565
-0.00678003
-0.006477
-0.00548114
-0.00751989
-0.0103678
-0.0100356
-0.00524056
-0.00795292
-0.00527189
-0.0106372
-0.00723284
-0.00673308
-0.00704062
-0.00646134
-0.00572209
-0.00442259
-0.00519304
-0.0072141
-0.0057377
-0.00795799
-0.00807755
-0.00598041
-0.00628402
-0.00570826
-0.00162353
-0.00543418
-0.00631576
-0.00446951
-0.0064457
-0.0039709
-0.00575333
-0.0052245
-0.00480679
-0.00720138
-0.00469544
-0.00562896
-0.00623659
-0.00825483
-0.00908153
-0.007245
-0.00442259
-0.0085245
-0.00922511
-0.00988834
-0.00782243
-0.00779098
-0.00270421
-0.00268863
-0.00700464
-0.00803062
-0.0084685
-0.00646134
-0.00954263
-0.00668637
-0.00337671
-0.00620511
-0.00775964
-0.00365325
-0.00386065
-0.00737929
-0.0108865
-0.00692712
-0.00771281
-0.0084685
-0.0064457
-0.0128131
-0.00877049
-0.00895952
-0.00974998
-0.00626818
-0.003153
-0.00597863
-0.00631273
-0.00984007
-0.00877049
-0.00703582
-0.00979695
-0.00650841
-0.00824476
-0.00631576
-0.00833259
-0.00317407
-0.00596311
-0.00700464
-0.00422809
-0.00962799
-0.00525605
-0.00702022
-0.00442259
-0.00883333
-0.00493618
-0.00501477
-0.00533544
-0.00826054
-0.00657152
-0.00569239
-0.00629988
-0.00498363
-0.0101259
-0.00684298
-0.00320009
-0.00626818
-0.00700395
-0.00699297
-0.00598041
-0.00415346
-0.00504602
-0.00564442
-0.0103521
-0.00729606
-0.00450093
-0.00400464
-0.00675317
-0.00587019
-0.00416521
-0.00671749
-0.00933582
-0.007276
-0.00650841
-0.00744152
-0.00719869
-0.00646134
-0.00212508
-0.00755142
-0.00720138
-0.00544981
-0.00180391
-0.00952688
-0.00561353
-0.00442259
-0.00808506
-0.00492042
-0.00287928
-0.0103835
-0.00389565
-0.00751989
-0.00622084
-0.00527189
-0.00783021
-0.00720138
-0.00159988
-0.00745714
-0.00729606
-0.00622084
-0.00649269
-0.00755142
-0.00877049
-0.00681145
-0.00591727
-0.00490622
-0.00928822
-0.0077753
-0.00649145
-0.00753564
-0.00557575
-0.00637956
-0.00398675
-0.00959682
-0.00650841
-0.00695805
-0.00634761
-0.00756722
-0.0057377
-0.00955026
-0.00670192
-0.0029468
-0.00676435
-0.00952688
-0.00679573
-0.00675317
-0.00503038
-0.00498362
-0.0034892
-0.00519304
-0.00474224
-0.00546663
-0.0103365
-0.00522509
-0.0056599
-0.00464887
-0.0064457
-0.0103795
-0.00729606
-0.00775026
-0.00535644
-0.00675317
-0.00620511
-0.00321584
-0.00543418
-0.0057377
-0.00771067
-0.00391107
-0.00607589
-0.00570826
-0.00687461
-0.00342653
-0.00342653
-0.0100668
-0.003973
-0.00593302
-0.00928822
-0.00826054
-0.00484476
-0.00445385
-0.00265271
-0.00625056
-0.00516349
-0.0110927
-0.00460254
-0.00460036
-0.00562896
-0.00692712
-0.0064457
-0.00594762
-0.00643361
-0.00466341
-0.00464761
-0.00472661
-0.00673308
-0.00748846
-0.00467989
-0.007744
-0.00729606
-0.00827635
-0.00599626
-0.00472688
-0.00517734
-0.0054974
-0.00771281
-0.00848416
-0.0092801
-0.0072644
-0.00524056
-0.00439144
-0.00575333
-0.00499948
-0.00697355
-0.00649269
-0.00467989
-0.00691169
-0.00564495
-0.00671749
-0.00363776
-0.00519424
-0.00534097
-0.00824476
-0.00342653
-0.007245
-0.00671749
-0.00622084
-0.00631273
-0.00599417
-0.00424388
-0.00676435
-0.00771281
-0.00820849
-0.00175727
-0.00719869
-0.00527157
-0.00433515
-0.0064457
-0.0061894
-0.00878616
-0.0056599
-0.00617372
-0.00519424
-0.00238361
-0.00626818
-0.00591727
-0.00746306
-0.00667379
-0.00614244
-0.00615807
-0.00203181
-0.00620511
-0.0023216
-0.00978127
-0.00896319
-0.00692979
-0.00695805
-0.00490622
-0.00596459
-0.00517885
-0.00517885
-0.00445711
-0.006477
-0.00498362
-0.0105439
-0.00448521
-0.00569239
-0.00421233
-0.00597863
-0.0075317
-0.00626818
-0.00496809
-0.00238361
-0.00543596
-0.00389565
-0.00551583
-0.00544981
-0.00625237
-0.00471101
-0.00551258
-0.00214071
-0.00241477
-0.00837955
-0.00546546
-0.00679573
-0.00620511
-0.0052245
-0.00900976
-0.0041966
-0.00448521
-0.00392349
-0.00445385
-0.00629988
-0.0068272
-0.00369024
-0.00698908
-0.00974998
-0.00617343
-0.0071833
-0.00903373
-0.00596311
-0.00623508
-0.0071833
-0.00665536
-0.0100512
-0.00971249
-0.00431401
-0.00824476
-0.00517885
-0.0088491
-0.00599417
-0.00706712
-0.00546663
-0.007744
-0.00354539
-0.00339534
-0.00678003
-0.00562896
-0.00562896
-0.00867701
-0.00650686
-0.00412284
-0.00899421
-0.00559775
-0.0028323
-0.00747279
-0.00596513
-0.0085945
-0.00302856
-0.00360687
-0.00341092
-0.00591727
-0.00591727
-0.00334876
-0.00644538
-0.00414955
-0.00905657
-0.0072171
-0.0032563
-0.00620511
-0.00412284
-0.00394199
-0.0041966
-0.0077753
-0.00625237
-0.00716794
-0.0072171
-0.00597863
-0.00461796
-0.00830803
-0.00638341
-0.00667085
-0.00796841
-0.00617372
-0.00590129
-0.00458714
-0.00353009
-0.00665536
-0.00486009
-0.00667085
-0.00617372
-0.0077284
-0.00689629
-0.00383424
-0.00569094
-0.007744
-0.00334876
-0.00587054
-0.007245
-0.00291073
-0.0111241
-0.00647607
-0.00575333
-0.00386489
-0.0071833
-0.00445385
-0.00750083
-0.0046334
-0.00719869
-0.00668637
-0.00668637
-0.00726048
-0.00596311
-0.00416521
-0.00673308
-0.00569299
-0.00309057
-0.00702022
-0.00309057
-0.00617372
-0.00827635
-0.00467924
-0.0073071
-0.00629988
-0.00540301
-0.00649269
-0.00261113
-0.00671749
-0.00336426
-0.00599626
-0.00541858
-0.00293131
-0.00650841
-0.00739481
-0.0035715
-0.0049371
-0.007744
-0.00395748
-0.00578469
-0.00608798
-0.00445385
-0.00646134
-0.00783819
-0.0077753
-0.00935804
-0.00493618
-0.00493618
-0.00829218
-0.00390774
-0.00728022
-0.00769726
-0.00870807
-0.00800544
-0.00337979
-0.00771281
-0.00755142
-0.00785398
-0.00779098
-0.00723284
-0.0041966
-0.00469544
-0.00620511
-0.00540301
-0.00388026
-0.00543418
-0.00985115
-0.00614276
-0.0107763
-0.00833259
-0.00544981
-0.00234706
-0.00857866
-0.00935174
-0.00572209
-0.00698908
-0.00596311
-0.00548114
-0.00667085
-0.00446951
-0.00581614
-0.00432002
-0.0064457
-0.00699297
-0.00461796
-0.00284793
-0.00445385
-0.00445385
-0.00742411
-0.00389565
-0.000313422
-0.00410274
-0.00747279
-0.00620511
-0.00620511
-0.00281669
-0.00748846
-0.00821329
-0.00821329
-0.00424388
-0.00827033
-0.0041966
-0.00461796
-0.00461796
-0.00590155
-0.00759891
-0.00689774
-0.00751989
-0.00601214
-0.00849472
-0.00833259
-0.00320009
-0.00826054
-0.00671749
-0.00774125
-0.00878616
-0.00779098
-0.00471101
-0.00347349
-0.00769726
-0.00736962
-0.00990744
-0.00517734
-0.00722953
-0.00722953
-0.00472661
-0.00472661
-0.00831699
-0.0100982
-0.00395748
-0.005769
-0.00679573
-0.00600974
-0.00575333
-0.00471097
-0.00517885
-0.00519304
-0.00600974
-0.00344216
-0.00735396
-0.00369986
-0.00830803
-0.00594762
-0.00643009
-0.0101296
-0.0092801
-0.00522509
-0.00371545
-0.0061894
-0.00657152
-0.00891245
-0.00756722
-0.00475789
-0.006477
-0.00543596
-0.00857866
-0.0065223
-0.00803062
-0.00522509
-0.0057377
-0.00531827
-0.00679573
-0.00496778
-0.00345781
-0.0064457
-0.0064457
-0.00596311
-0.00596311
-0.00439144
-0.00646134
-0.00844865
-0.00369986
-0.00416521
-0.00448521
-0.00416881
-0.00394199
-0.00700464
-0.00762492
-0.00594879
-0.00471101
-0.00572209
-0.00365325
-0.00599626
-0.00599626
-0.00720138
-0.00751625
-0.00706712
-0.00646134
-0.00522509
-0.00334079
-0.00513284
-0.00678003
-0.00643009
-0.00604096
-0.00489082
-0.00448521
-0.00448521
-0.0058004
-0.00569094
-0.00597863
-0.00336426
-0.00847934
-0.00847934
-0.00878616
-0.00974333
-0.00514815
-0.00954263
-0.00394199
-0.00828586
-0.00412284
-0.00261113
-0.00460254
-0.00575333
-0.00735396
-0.00681145
-0.0054054
-0.00801503
-0.0093424
-0.00935804
-0.00673308
-0.00861869
-0.00750416
-0.00628159
-0.00910361
-0.00700464
-0.00772595
-0.00825483
-0.00514815
-0.00722953
-0.00779098
-0.0057065
-0.0065223
-0.0056599
-0.00676309
-0.00877049
-0.00653776
-0.00386489
-0.00474517
-0.00514815
-0.00535644
-0.00551283
-0.00649145
-0.00514815
-0.00514815
-0.00948854
-0.00572209
-0.00477357
-0.00828586
-0.00911935
-0.00911935
-0.00673308
-0.00623508
-0.00525607
-0.00682472
-0.006477
-0.006477
-0.00747006
-0.0073071
-0.00514815
-0.0064457
-0.00643007
-0.00643007
-0.00572209
-0.00802753
-0.00432944
-0.0023216
-0.00702022
-0.0061894
-0.0061894
-0.0049371
-0.00614276
-0.00594762
-0.00644538
-0.00507185
-0.00622084
-0.00622084
-0.00768173
-0.00804624
-0.00702022
-0.0103678
-0.0103678
-0.00413814
-0.0057377
-0.00466437
-0.00466437
-0.00572209
-0.00545128
-0.0040619
-0.00831699
-0.00706712
-0.005482
-0.005482
-0.0036843
-0.00948854
-0.00941197
-0.00798392
-0.00501477
-0.00314336
-0.00793745
-0.00700464
-0.00700464
-0.00386489
-0.00444178
-0.00517885
-0.00831356
-0.00196706
-0.00377806
-0.00778731
-0.00747279
-0.00702471
-0.0105855
-0.00424596
-0.00136705
0.00555744
0.00244589
0.00144971
0.00115833
-0.00320488
-0.00162638
-0.00139752
-0.00139752
-0.00165672
-0.00213318
-0.00822391
-0.00580032
-0.00847934
-0.00871939
-0.012052
-0.0141219
-0.0143433
-0.0204939
-0.0172155
-0.0172313
-0.0148937
-0.0159019
-0.0161374
-0.00879609
-0.0112349
-0.0073227
-0.00394821
-0.00394821
-0.00347825
0.00157098
0.00873121
0.00570313
0.00230642
0.0026851
-0.00123988
-0.00580877
-0.00767464
-0.0107707
-0.0163691
-0.022744
-0.0196223
-0.023824
-0.028089
-0.0301401
-0.021944
-0.0247015
-0.0167558
-0.0206013
-0.0111339
-0.0150808
-0.0150808
-0.00579493
-0.00147246
-0.00325465
-0.0035576
-0.00707191
-0.00536656
-0.0076389
-0.00562827
-0.00790957
-0.00867423
-0.00397282
-0.00366241
-0.00745893
-0.00825511
-0.00382004
-0.00301057
-0.00739823
-0.00684512
-0.00658868
-0.00582549
-0.00819501
-0.00537141
-0.00762388
-0.0078201
-0.00520579
-0.00562315
-0.00302609
-0.00688986
-0.00454818
-0.00838886
-0.00383055
-0.00233824
-0.00407774
-0.00613607
-0.00599027
-0.00229331
-0.0107909
-0.00439562
-0.00182089
-0.00562827
-0.00705176
-0.00490318
-0.00546233
-6.60654e-05
-0.003335
-0.00485744
-0.00427552
-0.00787813
-0.00309259
-0.00535119
-0.00501932
-0.00256982
-0.000448459
-0.00855662
-0.00813354
-0.0020947
-0.00591019
-0.00570364
-0.00416869
-0.00183605
-0.00407774
-0.00404764
-0.00429722
-0.0053263
-0.00582549
-0.00582549
-0.00842118
-0.00508423
-0.00658868
-0.00375966
-0.00688656
-0.00481193
-0.00439562
-0.00198957
-0.00455461
-0.00741691
-0.00606049
-0.0074598
-0.011348
-0.0161785
-0.0149434
-0.0149691
-0.0132731
-0.0171109
-0.0193724
-0.0141186
-0.0132064
-0.014213
-0.0109722
-0.0175448
-0.0142764
-0.0154541
-0.0154541
-0.011648
-0.0160078
-0.0116797
-0.0162417
-0.0147665
-0.0167884
-0.0111616
-0.0130345
-0.0157901
-0.0128917
-0.0109246
-0.0134893
-0.0112405
-0.0133016
-0.0140577
-0.0109088
-0.0114434
-0.0114434
-0.0104707
-0.00914793
-0.0124516
-0.0102178
-0.012499
-0.00891976
-0.0103872
-0.0127036
-0.012436
-0.011383
-0.0132694
-0.0132694
-0.0106402
-0.0186784
-0.0198671
-0.0134422
-0.0169507
-0.0152836
-0.00954992
-0.0111216
-0.00983491
-0.0157289
-0.00883128
-0.010258
-0.0115526
-0.0112855
-0.0106581
-0.0140849
-0.0132597
-0.0132889
-0.00963206
-0.0100416
-0.0170992
-0.0093973
-0.010224
-0.0091457
-0.0097737
-0.0104578
-0.0127439
-0.0128458
-0.0128458
-0.0093973
-0.00699046
-0.0116505
-0.0114507
-0.00959861
-0.00707419
-0.00707419
-0.00887705
-0.00958568
-0.0105745
-0.00783225
-0.00761328
-0.00963206
-0.00943103
-0.0100073
-0.0081691
-0.00938047
-0.0102845
-0.00719248
-0.00992192
-0.00586082
-0.00806787
-0.0132354
-0.00878374
-0.005456
-0.00117902
0.00578727
0.00177635
0.00043841
-0.00239851
-0.00696317
-0.00228094
-0.00287368
8.91884e-06
-0.00223532
-0.00205305
-0.00416869
-0.00488791
-0.00344296
-0.00388084
-0.00235748
0.000468802
-0.0053865
-0.00260801
-0.00213019
-0.00110307
-0.00421451
-0.000294846
0.00077443
-0.00212497
-0.00151655
-0.000325445
-0.00133382
0.00028568
-0.00287368
-0.000325445
-0.00520579
-0.0031545
-0.00368479
-0.00186646
-0.00206843
-0.00214015
-0.00266166
-0.0066
-0.000600008
-0.00235748
-0.000554272
-0.00321683
-0.00341199
-0.000417863
-0.00618047
-0.00166924
-0.0006038
-0.00231148
-0.00137995
-0.00262364
-0.00410795
-0.0031165
-0.00442018
-0.00415347
-0.000325445
-0.00565382
-0.00341199
-0.00586441
-0.00338111
-0.00055707
-0.00087438
-0.00236584
-0.00238828
-0.00235748
-0.00642268
-0.00285846
-0.00341981
-0.00336572
-0.00313899
-0.00314684
-0.00493381
-0.00296559
-0.00233824
-0.00263929
-0.00256982
-0.0047079
-0.00269248
-0.00319256
0.00170683
-0.000340783
-0.00190319
-0.000831554
0.000606114
0.00274943
-0.000615305
-2.00088e-05
-4.70682e-06
-0.00362332
-0.000843945
-0.00206843
0.000483932
-0.00327388
-0.000569491
-0.000569491
-0.00307718
0.000483958
-0.0020377
-0.00162316
-0.00547757
-0.000768312
-0.00421451
-0.00421451
-0.00159257
-0.00394204
-0.000111366
-0.00162316
-0.00213019
0.00266951
0.000698311
0.000942926
-0.0041231
-0.00133382
-0.00235748
0.00104996
-0.000831554
-0.000554272
-0.00210982
-0.000889636
-0.00113681
-0.00388084
-6.02628e-06
-0.000862599
-0.000174451
-0.000813614
-0.00206453
-0.00385039
-0.00160786
-0.00618172
-0.00133382
-0.00209926
-0.00139538
0.00242399
-0.00171556
-0.00195829
0.000606114
-0.00189696
-0.00263094
-0.000847064
-0.00497809
-0.00228094
-0.00152046
0.000683009
-0.00144181
-0.000889636
-0.00159257
-0.000325445
-0.00113681
-0.00605039
-0.000661352
-0.00446671
0.00123134
0.00144639
-0.00158256
0.00248866
-0.00238828
-0.00261563
-0.00142631
-0.00573097
-0.00189696
0.00144748
0.00198269
-0.00136455
-0.00366939
-0.000862599
-0.00267067
-0.00195013
0.000896665
0.00245445
-0.00142631
0.00243923
-0.00269248
-0.0047079
-0.0047079
0.00251956
0.001952
0.00225946
-0.0015317
-0.00240372
-0.00290421
0.00043841
-0.00133382
-0.00052391
0.000452931
-0.00321683
-0.000371538
-0.00204949
-0.00200456
-0.00147124
-0.000584737
-9.69066e-05
-0.00206843
0.000239651
-0.00237287
-0.00237287
-0.000143356
-0.000661352
-0.00139538
0.000621545
-8.14753e-05
-8.14753e-05
-0.000630629
-0.00139538
-0.00496454
-0.00154688
-9.69066e-05
-0.00310803
-0.00182545
-0.00137995
-0.00316206
-0.00234212
-0.00165386
-0.00165386
-0.00279781
-0.00541282
0.000958294
-0.00624296
0.000514194
-0.00313166
-0.0013032
-0.000340783
-0.00214015
0.000177916
-0.00183605
0.000377317
-0.00235748
0.00407718
-0.00151655
-4.70682e-06
0.000468802
0.000453619
-0.0018817
-0.00116788
0.001952
-0.00395741
0.00094082
-0.0016385
-0.000619428
-0.00110585
0.000117769
0.000499394
-0.0059562
-0.00190319
-0.000831554
0.00100424
-0.00253942
6.88846e-05
-0.000847064
-0.00159257
-0.00270793
0.000178594
-0.000785182
0.00274591
-0.00493381
-0.00144181
-0.00344296
-0.000340783
-0.000340783
0.000850171
-0.0014729
-0.000630629
-0.00264629
-0.00219237
-0.00136455
-0.00142631
0.0023047
-0.00189696
-0.00245019
-0.00291952
-0.000831554
-0.00087816
-0.000143356
-0.000569491
-0.00113681
0.00117198
-6.60699e-05
-6.60699e-05
-0.00521866
-0.00196584
-0.000920226
-0.00115233
-0.00266166
0.000912111
0.00100353
-0.000847064
-0.00180998
0.00144748
0.000973637
-0.0017621
0.00164551
-0.000371538
0.000131344
-3.53366e-05
-0.000785182
-0.00295953
0.00270015
0.000163426
0.00400102
-0.00211471
-0.00265496
-0.00115233
-0.00246573
-0.00115233
-0.00115233
-0.00373117
-0.00141083
0.000208835
-0.0013032
-0.00168466
0.000683009
-0.00170009
0.00117198
6.88846e-05
0.00196736
0.00196776
-0.00265496
0.00224336
0.00115646
-0.00161376
0.00140064
-0.00168466
0.003186
0.000955857
-0.00264629
-0.0016385
-0.00123032
0.00152486
-0.00270793
-0.00270793
-0.00241918
-0.00215535
0.00247256
0.00297649
0.00374464
0.000407916
0.000407916
-0.00296559
-0.000697957
-0.00144181
0.0017221
-0.00133382
0.00163012
-0.00350522
5.65303e-05
-0.00466164
-0.000831554
-0.00445629
-0.00445629
-0.003654
-0.00318561
0.000896665
-9.69066e-05
-0.00275443
-0.00267706
0.000881193
-0.00177767
-0.00113681
-0.00595583
-0.00211471
-0.000924999
0.00176981
-0.000297986
-0.000310133
-0.00141083
0.00032789
0.000359305
-0.000329247
-0.000572621
-0.00137112
0.00121836
-0.0010596
-0.000310133
0.000927531
0.00274591
0.000713586
0.000224256
-0.00136455
0.00166088
-0.000356148
0.00225874
0.00345236
0.00248866
-0.00241918
-0.000190038
-0.000417863
0.000940892
0.00112536
0.00319133
-0.000619428
0.00247316
0.000636949
0.00190577
-0.0010904
0.000973637
-0.00179454
-0.00211471
0.000178594
0.00114092
-0.00323247
0.00216611
0.000125534
-0.00185647
0.000483932
-0.000666468
0.00478654
-0.000666468
0.00110977
-0.00087816
0.00169154
0.00308803
-0.00294384
0.00303762
-0.000600008
-0.00217678
-0.00209926
-0.00169221
-0.00110585
-0.00191226
0.000407916
-0.000572621
-9.69066e-05
-0.00267067
-0.00261563
-0.00193446
0.00237967
-0.0010596
-0.00452912
0.00426278
-0.00184095
-0.00200456
0.00167631
0.000133014
0.00452462
-0.00115233
-0.00218713
0.00167631
8.72013e-05
0.00273068
0.00107851
0.00271829
-0.00211471
-0.000729549
0.000115768
-0.000190038
0.00301029
-0.000464422
0.00043841
0.000115768
0.00190577
0.00218161
-0.00166075
0.000421826
0.00169154
-0.000666468
0.00143193
-0.000376333
-6.60699e-05
0.00141635
-0.00119202
-0.000619428
-0.00123032
-0.000402396
-0.000615305
-0.000371538
-0.00144181
0.00112133
0.00109415
-0.00162316
0.00138534
-0.00262364
-0.00119904
-0.00175544
5.32052e-05
-0.000924999
0.00245765
0.00117198
-0.00090936
-0.000630629
-0.000854322
0.000423176
-0.00142631
0.00115646
-6.60699e-05
0.0036475
-0.00526719
0.000359305
-0.00197369
0.0024421
0.00319133
0.00216323
-0.00087438
0.00112536
-0.000619428
-0.000697957
-0.00400032
-0.000847064
0.000665659
-0.000487105
0.000280573
-0.00172377
0.00166088
0.00237967
0.00184377
0.00420441
-0.00265496
0.00199799
0.000590657
-0.00118345
-0.000635082
0.00133806
0.000100166
0.00290037
0.000528572
-0.000542536
-0.00225496
-0.00114439
-0.00136455
0.00473993
-0.000386954
0.00135377
-0.00097207
-0.00187201
-0.00220797
-0.00164506
-0.000356148
-0.00246573
0.00107851
0.00169196
0.00242653
0.00245671
-0.0014659
0.00444714
0.00219709
-0.000697957
0.000466072
0.0029319
-0.00222361
0.000390617
0.00132232
0.00291495
0.00426278
6.88846e-05
0.00470873
0.000437391
0.00110977
0.00159769
0.0024421
-0.00148179
-0.00271793
0.00138073
0.00107851
-0.00252816
-0.00126169
