-0.00426825
-0.00836956
-0.00827442
-0.0125667
-0.00745647
-0.00434019
-0.00283249
-0.0134174
-0.00273856
-0.00335372
-0.00628195
-0.00702987
-0.0093168
-0.0106113
-0.0108458
-0.0128548
-0.0146176
-0.00863024
-0.00531056
-0.000446578
-0.0100895
-0.0118198
-0.0108722
-0.00309311
-0.00419592
-0.0126353
-0.00511006
-0.0130884
-0.00693504
-0.0018633
-0.00508776
-0.00846469
-0.00452883
-0.00358049
-0.00973328
-0.00657956
-0.00579768
-0.00419592
-0.00358049
-0.00245671
-0.00603485
-0.00279852
-0.00511006
-0.0129922
0.000633679
-0.00563147
-0.0107069
-0.0107069
-0.00810888
-0.00195698
-0.00195698
-0.00417402
-0.00247803
-0.00820393
-0.00598667
-0.00598667
-0.00827442
0.00506859
-0.00195698
-0.0101849
-0.0135461
-0.0108458
-0.00948181
-0.00684019
-0.00615289
-0.0105852
-0.0165043
-0.00497817
-0.00665047
-0.00824927
-0.00417402
-0.0104895
-0.00872546
-0.00641361
-0.00678204
-0.00488379
-0.0104895
-0.00348653
0.00127028
-0.00605831
-0.00469501
-0.00455086
-0.00387496
-0.0143567
-0.00695854
-0.0041018
-0.0122099
0.00401085
-0.00541958
-0.00756328
-0.0102549
-0.0090562
-0.00512141
-0.00667432
-0.0128276
-0.00573699
0.00395172
-0.00674533
-0.00214432
-0.0125667
-0.00784821
-0.00417402
-0.00598667
-0.00386229
-0.0130603
-0.0104201
-0.0206444
-0.00684019
-0.00205065
-0.00381939
-0.00676907
-0.00622425
-0.00853501
-0.00863024
7.4885e-05
-0.0095331
-0.00247803
-0.00761119
-0.00608115
-0.0105852
-0.00589218
-0.0051669
-0.00289221
-0.00331983
-0.00794317
-0.00100823
-0.00417402
-0.00752697
-0.00667432
-0.00930681
-0.0131159
-0.0112361
-0.0048117
-0.00384114
-0.00555939
0.000280223
-0.00341369
-0.00909144
-0.0144246
-0.0058691
-0.00605831
-0.00813305
-0.0103245
-0.0037471
-0.0135739
-0.00669756
-0.00723207
-0.00667432
-0.00813305
-0.0111591
-0.00521599
-0.00863024
-0.00443451
-0.00514446
-0.0153707
-0.00657956
-0.00676907
-5.3534e-05
-0.00589218
-0.00886537
-0.00563147
-0.00820393
-0.00426825
-0.0116614
-0.0041018
-0.00667432
-0.00169646
-0.00624747
-0.00205065
-0.00603485
-0.00631893
-0.0113671
-0.00690014
-0.0116883
-0.00423397
-0.00980325
-0.00445667
-0.00726642
-0.00853501
-0.0112023
-0.00245671
-0.00853501
-0.00934237
-0.00302032
-0.00639001
-0.0110635
-0.00810888
0.00249767
-0.00579768
-0.0108722
-0.0120179
-0.00755148
-0.00560865
-0.0106809
-0.00674533
-0.000594175
-0.00676907
-0.01075
-0.01075
-0.000874595
-0.00348653
-0.000539848
-0.0129922
-0.0126627
-0.0136102
-0.00723207
-0.00283249
-0.0085096
-0.00921166
-0.00963795
-0.0113671
-0.00744492
-0.00770594
-0.00307138
-0.00514446
-0.00775324
-0.0095677
-0.00650827
-0.00674533
-0.00863024
-0.00622425
-0.0104201
-0.0137386
-0.0106809
-0.00902134
-0.00954261
-0.0107149
-0.00641361
-0.00605831
-0.00615289
-0.00143594
-0.00667432
-0.0041018
-0.00143594
-0.00292641
-0.00872546
-0.00733671
-0.00889092
-0.0107765
-0.00834453
-0.00657956
-0.00775324
-0.00996837
-0.00870028
-0.00950776
-0.00221751
-0.00855981
-0.00452883
-0.0047894
-0.0103245
-0.01075
-0.00434019
-0.00648479
-0.00855981
-0.0169294
-0.00205065
-0.00729068
-0.00787212
-0.00693504
-0.00855981
-0.00641361
-0.012896
-0.00800245
-0.00781229
-0.0100639
-0.00544264
-0.0040292
-0.00898622
-0.00676907
-0.010455
-0.00307138
0.00280083
-0.0105584
-0.00758754
0.00140533
-0.0041018
-0.00719575
-0.00665047
-0.0148785
-0.00540513
-0.0108024
-0.00294429
-0.0133493
-0.0066376
-0.0149461
-0.00924699
-0.0100293
-0.0100895
-0.0100895
-0.00879561
-0.00273856
-0.00846469
-0.00631893
-0.00612956
-0.0126353
-0.00643659
-0.00452883
-0.00504998
-0.00384114
-0.0127997
-0.00436246
-0.00400767
-0.00462313
-0.00471742
-0.012045
-0.00963795
-0.00810888
-0.00598667
-0.00311422
-0.00667432
-0.00643659
-0.0169294
-0.00542782
-0.0018633
-0.00872546
-0.0105852
-0.00803811
-0.00452883
-0.0134456
-0.00419592
-0.00891586
-0.00589218
-0.0146853
-0.00813305
-0.0144921
-0.00436246
-0.00928198
-0.00507254
-0.0104201
-0.00964665
-0.00665047
-0.00624747
-0.0146853
-0.0153328
-0.00669756
-0.00417402
-0.00684019
-0.00331983
-0.00400767
-0.00589218
-0.00729068
-0.00684019
-0.00313208
-0.00436246
0.000521665
-0.00836956
-0.00880873
-0.00307138
-0.00788272
-0.0108722
-0.0090562
-0.0129922
-0.00631893
-0.00617562
-0.00462313
-0.00283249
-0.0124018
-0.00843977
-0.00598667
-0.0107765
-0.0126353
-0.00152944
-0.011559
-0.00299909
-0.0123651
0.00205182
-0.00631893
-0.00424586
-0.004861
-0.00960323
-0.0157581
-0.0110106
-0.0037471
-0.00381939
-0.00426825
-0.00231126
-0.00429003
-0.00560865
-0.00855981
-0.00748049
-0.00508776
-0.00706619
-0.011394
-0.0098286
-0.00872546
-0.00761119
-0.0051821
-0.0034342
-0.00667432
-0.00739776
-0.00853501
-0.0112982
-0.0111065
-0.00214432
0.00240499
-0.0170265
-0.00801383
-0.0091516
-0.00918671
-0.00622425
-0.00169646
-0.0129922
-0.0127035
-0.00896079
-0.00309311
-0.00870028
-0.00791877
-0.00963795
-0.00791877
0.0011541
-0.00436246
-0.0091516
-0.00693504
-0.00502682
-0.00820393
-0.00853501
-0.0105413
-0.00836956
-0.00872546
-0.000760987
-0.0109679
-0.00791877
-0.0116278
-0.0130884
-0.00247803
-0.00273856
-0.00631893
-0.0151394
-0.00445667
-0.0047894
-0.00188362
-0.000146961
-0.00889092
-0.00452883
-0.0093168
-0.00908152
-0.00726642
-0.0154676
-0.0127314
-0.00514446
-0.009838
0.0011541
-0.00657956
-0.01075
-0.00525376
-0.0101849
-0.0124706
-0.0047894
-0.00175027
-0.00646071
-0.00544264
-0.0046006
-0.0131846
-0.00693504
-0.00787212
-0.00989868
-0.0125994
-0.0126627
-0.00443451
-0.0014691
-0.0092213
-0.00686381
-0.0091768
-0.0117841
-0.00882066
0.00266541
-0.0103245
-0.00730286
-0.00261112
-0.00313208
-0.00829896
-0.0116549
0.00078222
-0.00785747
-0.011559
-0.00667432
-0.0123746
-0.00781229
-0.00577449
-0.0123058
-0.00400767
-0.0037471
0.000354237
-0.00853501
-0.0111331
-0.0114967
-0.00797791
-0.00929062
-0.0091516
-0.012896
-0.00555939
-0.00791877
-0.0108722
-0.0041018
-0.00527644
-0.00579768
-0.0046006
-0.00205065
-0.00449459
-0.00442193
-0.00761119
-0.0100639
-0.00801383
-0.0137746
-0.00859507
-0.0123746
-0.0121408
-0.0067109
-0.00264462
-0.00791877
-0.0041018
-0.00989868
-0.00846469
-0.00846469
-0.00511006
-0.00924699
-0.00801383
-0.00212374
-0.00144806
-0.00452883
-0.0142603
-0.00150926
-0.00803811
-0.00791877
-0.00537077
0.002758
-0.00950776
-0.00863024
-0.00311061
0.000354237
-0.00732686
-0.00355899
-0.00247803
-0.00119485
-0.00570317
-0.00223797
-0.00708933
-0.00739776
0.00300143
0.00300143
-0.00563147
-0.0150428
-0.00423397
-0.00853501
-0.00501582
-0.00768241
-0.00768241
-0.00329859
-0.00603485
-0.00879561
-0.00579768
-0.0145887
-0.00229031
-0.0110106
-0.0101333
0.000447374
-0.000333785
-0.00471742
-0.00641361
-0.0049555
-0.00205065
-0.00471742
-0.0145211
-0.0123058
-0.00391354
-0.00589218
-0.00350754
-0.0109755
-0.00896079
-0.00700588
-0.0123746
-0.00521599
-0.00527644
-0.0101249
-0.00648479
-0.00520429
-0.00624747
0.00122852
0.00309383
-0.0091768
-0.00820393
-0.0110106
-0.00924699
-0.00283249
-0.000333785
-0.00768241
-0.00335372
-0.0106809
-0.00735026
-0.0123746
-0.0113246
-0.00970782
-0.00631893
-0.00639001
0.00117728
-0.0137104
-0.00348653
-0.00426825
-0.00325962
-0.0109679
-0.0095677
-0.00690014
-0.00863024
-0.00791877
-0.0129922
-0.0112023
-0.00184237
-0.0158253
-0.00804807
-0.0124706
-0.00531056
-0.00514446
-0.00676907
-0.00676907
-0.00130226
-0.00445667
-0.00948181
-0.00657956
-0.00901105
-0.00796696
0.00341432
-0.00341369
-0.00863024
-0.00908152
-0.00768241
-0.0111065
-0.00810888
-0.00836956
-0.00297725
-0.0134524
-0.0093168
-0.00886537
-0.00221751
0.00168089
-0.00863024
-0.00889092
-0.00426825
-0.00488379
-0.00210255
-0.00898622
-0.00745647
-0.00842916
-0.0090562
-0.00544264
-0.0141638
0.00132141
-0.00639001
-0.00471742
-0.0109147
-0.00615289
-0.00579768
-0.00540513
-0.00970782
-0.00674533
-0.00622425
-0.00870028
-0.0112023
-0.00686381
-0.00719575
-0.0139994
-0.0028716
-0.00573699
-0.00702987
-0.00549968
-0.0112288
0.000596342
-0.013253
-0.00541958
-0.00488379
-0.00391354
-0.00589218
-0.00882066
-0.0131846
-0.00231126
-0.00843977
-0.00693504
-0.00693504
0.00100977
-0.00579768
-0.0141921
-0.000968048
-0.00521599
-0.00639001
-0.00585506
-0.00726642
-0.00169646
-0.00648479
-0.00201101
-0.0091768
-0.00384114
-0.0149461
-0.00920139
-0.00622425
-0.00924699
-0.0111331
-0.00297725
-0.00710082
-0.00450618
-0.00450618
-0.00342595
-0.00342595
-0.00863024
-0.00436246
-0.00436246
-0.00674533
-0.0120179
-0.0108458
-0.00674533
0.000186989
-0.00603485
-0.00214432
-0.0108458
-0.00943774
-0.0157581
-0.0157581
-0.00869006
-0.000854567
0.00249767
-0.00710082
-0.00452883
0.000842445
-0.00976853
-0.00976853
-0.00238418
-0.00863024
-0.00514446
-0.00358049
-0.00358049
-0.0047894
-0.00700588
-0.00313208
-0.00299909
-0.00979413
-0.0056658
-0.00719575
-0.00328111
-0.004861
-0.00836956
-0.00836956
-0.00691093
-0.0104201
-0.00993366
-0.00993366
-0.00523892
-0.00523892
-0.00648479
-0.00672099
-0.0049555
-0.0047894
-0.00231126
-0.00960323
-0.00736145
-0.0105157
-0.0095774
-0.00762209
-0.0110106
-0.00452883
-0.00788272
-0.00609232
-0.00609232
-0.00657956
-0.0135138
-0.0032046
-0.00529851
-0.00954261
-0.00911651
0.000167992
-0.0058691
-0.0135138
-0.00283249
-0.00283249
-0.00283249
-0.00797791
-0.00563147
-0.00829896
-0.0105852
-0.00283249
-0.00238418
-0.00573699
-0.00358049
-0.00960323
-0.00471742
-0.00214432
-0.00598667
-0.00598667
-0.00863024
-0.0112023
-0.00462313
-0.00898622
-0.00629522
-0.00504998
-0.00488379
-0.00813305
-0.00657956
-0.00540513
-0.00960323
-0.000353298
-0.0151394
-0.0131567
-0.00214432
-0.0049555
-0.00612956
-0.00557115
-0.00226875
-0.00589218
-0.00769231
-0.00309311
-0.00426825
-0.00648479
-0.00801383
-0.00309311
-0.00665047
-0.0122099
-0.00497817
-0.013253
-0.00700588
-0.00434019
-0.00622425
-0.0112023
-0.00102129
-0.00764648
-0.00934237
-0.00738559
-0.00648479
0.00257283
-0.00723207
-0.00882066
-0.0063053
-0.00879561
-0.00830862
-0.00333174
-0.00726642
-0.00574797
-0.0091516
-0.00294429
-0.0130603
-0.00797791
-0.00387496
-0.00960323
-0.0135419
-0.00579768
-0.00130226
-0.00889092
-0.00889092
-0.0112712
-0.0109147
-0.0141995
-0.00273856
-0.0102901
-0.00551412
-0.00551412
-0.0130603
-0.00497817
-0.00829896
-0.0119158
-0.00726642
-0.00281102
-0.00665047
-0.00758754
-0.0133493
-0.00394685
-0.00783645
-0.00788272
-0.0110106
-0.00576043
-0.0046006
-0.00639001
-0.00721951
-0.00462313
-0.000240378
-0.00297725
-0.0114357
-0.00559422
-0.00686381
-0.00967297
-0.00201101
-0.00941228
-0.00615289
-0.0122099
-0.0120806
-0.00745647
-0.011394
-0.00264462
-0.00602119
-0.00960323
-0.00547649
-0.013253
-0.00853501
-0.00167591
-0.00648479
-0.00924699
-0.00344782
-0.00872546
-0.00430176
-0.00398554
-0.00729068
-0.00212374
-0.000687658
-0.000687658
-0.00738559
-0.0108722
-0.00934237
-0.00934237
-0.0111331
-0.0111331
-0.011394
-0.00967297
-0.00745647
-0.00804807
-0.00602119
-0.0103504
-0.00790737
-0.00898622
0.00179131
-0.00635291
-0.0138422
-0.0113671
-0.00445667
-0.00764648
-0.00540513
-0.00853501
-0.00590265
-0.00974233
-0.00531056
-0.00413558
-0.00839398
-0.0056658
-0.00769231
-0.00158314
-0.00654271
-0.00654271
-0.00719575
-0.00523892
-0.0116549
-0.000366093
-0.000874595
-0.00385246
-0.00281102
-0.00745647
-0.0108722
-0.011394
-0.00447822
-0.00631893
-0.0112288
-0.00801383
-0.00887999
-0.0107765
-0.00387496
-0.00292641
-0.00657956
-0.00215655
-0.0107425
-0.00471742
-0.00393518
-0.00514446
-0.00257188
-0.00618714
-0.00863024
-0.0110374
-0.00249875
-0.00719575
-0.0091768
-0.00910622
0.000488739
-0.00590265
-0.00631893
-0.000651663
-0.0156921
-0.00950776
-0.0121767
-0.00872546
-0.00839398
-0.00700588
-0.00980325
-0.0122099
-0.00492157
-0.00273856
-0.00384114
-0.00110154
-0.00348653
-0.000393875
-0.00246424
0.00537634
0.00703321
0.0170606
0.016934
0.0269974
0.0285778
0.0296055
0.041551
0.0413243
0.0459494
0.0478179
0.0544205
0.0547499
0.0467846
0.0425348
0.0326075
0.0485834
0.0576328
0.0363103
0.0483671
0.0568208
0.0592054
0.0625817
0.0601932
0.0630715
0.0641347
0.0571959
0.0690609
0.0644348
0.0609485
0.0660959
0.063183
0.0742734
0.066818
0.0692403
0.0658309
0.0658309
0.0755146
0.0700668
0.0746475
0.0717352
0.0690919
0.0691238
0.0688174
0.062425
0.0633329
0.0642798
0.0605328
0.0644306
0.0623491
0.0638625
0.0635219
0.0674592
0.0657534
0.0640896
0.0591303
0.0620851
0.067799
0.0640151
0.0634085
0.0678334
0.0611392
0.0632956
0.0632956
0.0699135
0.063068
0.0622753
0.0587535
0.0677187
0.0677187
0.0635219
0.0575883
0.0680639
0.0613649
0.0643166
0.0585653
0.061064
0.0576599
0.0629553
0.0588303
0.0533835
0.0569042
0.0573568
0.0595904
0.0533526
0.064619
0.0609523
0.0529314
0.0548243
0.0567942
0.0567942
0.0408585
0.0511949
0.0519205
0.0634846
0.0564519
0.0601584
0.0606853
0.0579559
0.0592439
0.0615662
0.0702293
0.0664662
0.0562116
0.0562116
0.0645585
0.0607268
0.0576893
0.0647501
0.0590533
0.0630792
0.0623559
0.062055
0.0660283
0.0625795
0.0621255
0.066294
0.061029
0.0605729
0.0634126
0.0562083
0.057313
0.0568532
0.0613282
0.0537795
0.0692489
0.0662194
0.0657627
0.0532573
0.0681561
0.0712593
0.0573064
0.0660283
0.0640942
0.06129
0.0617453
0.0697399
0.0589414
0.0576552
0.0643192
0.0663685
0.0601518
0.0580681
0.0630715
0.0593963
0.0637891
0.0702768
0.0790567
0.0856982
0.0941278
0.0961656
0.10376
0.0971743
0.0866228
0.0926535
0.0878526
0.0892795
0.0939462
0.0923393
0.0949058
0.0866485
0.092541
0.0915354
0.091736
0.0898446
0.090867
0.0813916
0.0940359
0.0874126
0.0808561
0.0941036
0.0889056
0.0857467
0.0929697
0.086411
0.0872136
0.0910745
0.0940611
0.0788708
0.0869711
0.084523
0.079476
0.0821741
0.0824417
0.0800664
0.0787188
0.088178
0.0831165
0.079996
0.0835234
0.0834657
0.0839041
0.0904093
0.0807537
0.0821037
0.0765053
0.0784531
0.0637883
0.0567878
0.0488778
0.0364004
0.0313253
0.0356083
0.0360905
0.0353234
0.0335756
0.041833
0.0364518
0.0401882
0.0406783
0.0318759
0.0579176
0.0413873
0.0405143
0.0402506
0.0402506
0.0431145
0.0436418
0.0369952
0.0425251
0.0316119
0.0516444
0.0458612
0.0413244
0.0434795
0.037914
0.0461249
0.0414876
0.0527142
0.0410238
0.0446807
0.0449446
0.0450254
0.0452085
0.0432157
0.0387224
0.0403504
0.0483818
0.0363016
0.0411421
0.0445997
0.045311
0.0446807
0.0447616
0.0421796
0.0399224
0.0421602
0.0407146
0.0393326
0.0476267
0.0428908
0.0438453
0.0456557
0.0369952
0.0400044
0.0428705
0.0430331
0.047122
0.0452893
0.0509288
0.0420981
0.0401245
0.0396785
0.0408782
0.045041
0.0426265
0.0352013
0.0492092
0.0474662
0.0483622
0.0538751
0.0429084
0.0480981
0.0460807
0.048338
0.0477301
0.0470557
0.0467116
0.0448208
0.0479941
0.0461032
0.047386
0.0464249
0.0415884
0.0431344
0.0549023
0.041771
0.0456131
0.0529621
0.0439263
0.0388433
0.0458169
0.0409787
0.0425632
0.0359116
0.0438244
0.0574554
0.0403067
0.0451497
0.0381509
0.0412815
0.0480072
0.0459196
0.0400427
0.0438453
0.0431724
0.0436418
0.0411421
0.0454724
0.0467918
0.049725
0.0512826
0.0429084
0.0438244
0.0441902
0.0411612
0.0459196
0.0504119
0.0485219
0.0466083
0.0383152
0.049461
0.0400243
0.0470557
0.0428705
0.0503581
0.0521431
0.0465511
0.0475464
0.0492218
0.0459196
0.0495776
0.0513879
0.0487733
0.0522584
0.045311
0.0471595
0.0447181
0.0460228
0.0459196
0.0486817
0.0487858
0.0385153
0.0474235
0.0527497
0.0359943
0.0497621
0.0456131
0.0469755
0.0456708
0.0497367
0.0502787
0.0492341
0.0503324
0.0445188
0.0433172
0.0397786
0.0455531
0.0455531
0.0407337
0.0474662
0.0466886
0.041771
0.0447181
0.0447181
0.047386
0.0454139
0.0460002
0.0437434
0.0393326
0.0416896
0.047914
0.042972
0.0483251
0.0439055
0.049725
0.0460807
0.0433381
0.0451654
0.0515104
0.0463673
0.050571
0.0468579
0.0412624
0.0484979
0.0466886
0.0467549
0.0465279
0.0486263
0.0442711
0.0442711
0.0447988
0.0446374
0.0461612
0.042972
0.0447988
0.0483622
0.0492889
0.04765
0.0475464
0.0485219
0.0445349
0.0450626
0.0530134
0.0451433
0.0451654
0.0438453
0.0444541
0.0439476
0.0451654
0.0435982
0.0519946
0.0380687
0.0461836
0.048258
0.048258
0.0436195
0.0397973
0.0495408
0.0594217
0.0491971
0.0408348
0.0408348
0.0504119
0.0446374
0.045349
0.0442926
0.0398791
0.0398791
0.0481542
0.0479706
0.0440072
0.0487061
0.0429084
0.0503581
0.0423804
0.0396967
0.0431724
0.0467918
0.0388433
0.0421164
0.049725
0.0487061
0.0446374
0.0438453
0.048338
0.0470557
0.0447181
0.0471595
0.0417515
0.0472963
0.0456557
0.0427891
0.0453917
0.0446596
0.0433984
0.046264
0.0480182
0.047834
0.0468153
0.0473196
0.0465511
0.0450254
0.0404075
0.0390686
0.0420351
0.0438667
0.0507552
0.0432361
0.0457145
0.0463445
0.0498844
0.0436623
0.0461032
0.0422179
0.0447181
0.0491295
0.0529077
0.0432361
0.0500685
0.047834
0.0448208
0.0456557
0.0416082
0.0487061
0.051124
0.0493933
0.0421164
0.0464476
0.0464476
0.0413439
0.048178
0.0486018
0.0427256
0.0439263
0.0459196
0.0436623
0.0530923
0.0527497
0.0372431
0.0439263
0.0500685
0.0468954
0.0420153
0.0492889
0.0382331
0.046769
0.0463445
0.0401245
0.0495526
0.0403876
0.0455099
0.0471359
0.0418909
0.041771
0.0519156
0.0499094
0.0533835
0.0439263
0.0491295
0.0441093
0.0415268
0.0504119
0.0504119
0.0488532
0.0437643
0.0433172
0.0402063
0.0442118
0.0443733
0.0475035
0.0445567
0.0458391
0.0470187
0.0465511
0.0443953
0.0467776
0.0492769
0.0452893
0.0487061
0.047122
0.0460002
0.0472023
0.0518
0.0438453
0.0438453
0.0529621
0.0434795
0.0501734
0.047914
0.049989
0.049989
0.0399424
0.0508788
0.0508788
0.0508788
0.0508788
0.0476267
0.0433984
0.0433984
0.0439263
0.0439263
0.0439263
0.0451872
0.0458169
0.0464249
0.0454724
0.0448208
0.0474432
0.0431724
0.0416699
0.0452085
0.0410796
0.0417515
0.0440072
0.0463445
0.0461836
0.0456557
0.0408154
0.053769
0.0411612
0.047386
0.0431344
0.0474662
0.0463079
0.0437643
0.0530045
0.0420351
0.049013
0.047834
0.0504119
0.0446374
0.0444541
0.0444541
0.0453917
0.0467918
0.0454945
0.0504119
0.0508864
0.0452303
0.0453917
0.048258
0.0481542
0.0461836
0.0417515
0.0450254
0.0423804
0.0475699
