0.0183237
0.0251867
0.01288
0.0163187
0.0221098
0.0187591
0.0170435
0.0159457
0.0193032
0.0173103
0.0235521
0.0113445
0.0201221
0.0198495
0.0244624
0.0260904
0.0291591
0.0279996
0.0203812
0.0247438
0.0200206
0.0335034
0.0212
0.0269894
0.0206679
0.0278118
0.0240947
0.0205744
0.0282549
0.0152348
0.0284422
0.0238314
0.0170435
0.0150458
0.0157806
0.0225543
0.021215
0.0186828
0.0190319
0.0164124
0.03369
0.0210261
0.0218363
0.0218363
0.0272745
0.0181355
0.0181355
0.0200206
0.0229278
0.0191153
0.0235686
0.0269085
0.0234737
0.0169589
0.017589
0.0104401
0.0180416
0.0202168
0.010713
0.0156699
0.020114
0.0238314
0.0117863
0.0216561
0.0205744
0.01741
0.0148885
0.0274522
0.0136907
0.0136907
0.0136907
0.0211122
0.017037
0.0121481
0.0169589
0.0150651
0.0205841
0.0135214
0.0165062
0.0178748
0.0144155
0.0139641
0.0127006
0.0231999
0.0127006
0.0152266
0.0181355
0.0300634
0.0216561
0.017589
0.0203955
0.0153203
0.0159457
0.0316968
0.0127857
0.0126057
0.0187667
0.0162336
0.0107976
0.0131532
0.0229278
0.0228285
0.0203841
0.0239249
0.0244717
0.014162
0.00807523
0.0286303
0.017589
0.0135106
0.0184093
0.0226546
0.0227407
0.0261944
0.024735
0.00934553
0.0170435
0.0187667
0.0139641
0.0269894
0.0149709
0.0134253
0.0163128
0.021831
0.013597
0.0127857
0.0155083
0.0182101
0.0170435
0.0256466
0.0136052
0.0168516
0.00880041
0.0154245
0.0185006
0.0195863
0.0155937
0.0153203
0.0140575
0.0191231
0.0211205
0.0192092
0.024556
0.0160449
0.0218454
0.0292523
0.0211205
0.0193901
0.0162336
0.0334104
0.0209319
0.026466
0.019313
0.0170538
0.0210261
0.0193901
0.0155083
0.0153295
0.0146892
0.0219237
0.00863123
0.016856
0.0137949
0.0195863
0.0217427
0.0155196
0.0174097
0.0159509
0.0154142
0.00908275
0.0171376
0.0179479
0.0195769
0.0196706
0.0132588
0.0237467
0.0249127
0.0178628
0.0148651
0.0236525
0.0178628
0.0234709
0.0177611
0.0157701
0.0151402
0.0198585
0.0258167
0.0300751
0.0194917
0.0202077
0.0195769
0.0226546
0.0156969
0.0218454
0.0274542
0.0272568
0.0269011
0.0234647
0.025553
0.0203117
0.0199527
0.0135214
0.0226474
0.0258107
0.0146987
0.0231902
0.0201221
0.019681
0.0202077
0.0269196
0.0228435
0.0252806
0.0161318
0.0307072
0.0253748
0.0284422
0.0278052
0.0158763
0.0137949
0.0196706
0.0106188
0.0203955
0.0194917
0.0207518
0.0185788
0.0244624
0.0173165
0.024638
0.0256466
0.019218
0.0220241
0.0177684
0.0127958
0.0185788
0.0199427
0.0163282
0.0142354
0.0222127
0.0152348
0.0195863
0.0153424
0.0178628
0.0261774
0.0198585
0.0237381
0.0146089
0.0126917
0.0155083
0.0193974
0.016856
0.0205744
0.0163187
0.0288085
0.0231999
0.020114
0.025997
0.0234737
0.0202077
0.0218454
0.0149709
0.00851971
0.0130595
0.00689529
0.0280839
0.0145097
0.013322
0.00971429
0.0188609
0.0167625
0.0135106
0.0189553
0.0137846
0.0193974
0.0155006
0.0131462
0.0188522
0.0136907
0.0192092
0.0150555
0.0260997
0.0231068
0.0156969
0.0180416
0.0170435
0.0128726
0.0188522
0.0249214
0.0126172
0.019776
0.021556
0.0229278
0.0221098
0.0152348
0.0228342
0.0183237
0.023645
0.0285288
0.0120701
0.0252806
0.0208467
0.0154142
0.025553
0.0174097
0.0299847
0.0273539
0.0164124
0.0218363
0.0207616
0.0211205
0.0295331
0.0146041
0.0239249
0.0269085
0.023379
0.0215618
0.027097
0.0212057
0.0237381
0.0247438
0.0228342
0.0235585
0.0235521
0.0228342
0.013322
0.0145097
0.0186661
0.0220353
0.0160549
0.0211122
0.0233189
0.0273456
0.0221098
0.0187591
0.0197644
0.0265405
0.0179479
0.0219301
0.0190391
0.0131638
0.0160387
0.022749
0.0194917
0.022749
0.024556
0.0159509
0.0154142
0.0119754
0.0113359
0.0164124
0.0162336
0.0213931
0.0155083
0.0259038
0.025629
0.0166752
0.0229278
0.0180347
0.0272665
0.0217507
0.0276248
0.0243772
0.0279056
0.0219301
0.0184093
0.0229278
0.0265405
0.0259038
0.0229278
0.0240947
0.0260849
0.0164983
0.020114
0.0260904
0.0195863
0.0263718
0.0277127
0.0176742
0.0229278
0.0191153
0.024556
0.0210261
0.0202077
0.0292523
0.0241887
0.0280839
0.0118807
0.0187667
0.0134162
0.0307934
0.0203955
0.0170538
0.0210189
0.0242829
0.0211122
0.0237467
0.0221098
0.0283484
0.0161392
0.0195769
0.0139641
0.0276248
0.0162336
0.0204897
0.0202168
0.0194917
0.0244624
0.024556
0.0181355
0.0257228
0.0127857
0.0212993
0.0203015
0.0234647
0.027174
0.0259038
0.0277182
0.0211205
0.0211205
0.0243772
0.0243772
0.0268146
0.0239139
0.0227407
0.0325067
0.0189456
0.0189456
0.0152348
0.0218363
0.0251867
0.0269011
0.0367647
0.0199332
0.0269942
0.0234647
0.0251867
0.0228285
0.024838
0.0257228
0.0243772
0.0288016
0.0244624
0.0254596
0.0252917
0.0208467
0.0302576
0.0219301
0.0183237
0.0251867
0.0233711
0.0229278
0.0251867
0.0237381
0.0337004
0.0269085
0.021215
0.0181355
0.0221098
0.0244624
0.021646
0.0223072
0.0154245
0.0271809
0.0275386
0.0194834
0.0224665
0.0155006
0.0219301
0.0159509
0.0239249
0.0162336
0.0207616
0.0270875
0.0193032
0.0176841
0.024556
0.0155083
0.0195863
0.0127006
0.0172318
0.0104401
0.0203015
0.0220241
0.029627
0.0103453
0.00917723
0.0230138
0.0183237
0.0128726
0.0137
0.0219237
0.0205744
0.0211075
0.0161502
0.0179574
0.0165913
0.00527437
0.0130595
0.0202077
0.024838
0.0114295
0.0161318
0.0152348
0.0155083
0.0184932
0.0195863
0.0114295
0.0123431
0.0204068
0.0139729
0.00898845
0.0110617
0.00509494
0.0194917
0.018147
0.0123431
0.0106188
0.0114391
0.025546
0.0161392
0.0148768
0.013322
0.0189395
0.0114295
0.0123343
0.00798938
0.0152333
0.0136052
0.00726377
0.0176813
0.00889434
0.0165062
0.0212
0.0135035
0.00908275
0.00554845
0.0139729
0.0198495
0.00644451
0.0184851
0.00744325
0.00744325
0.0119754
0.0244624
0.0118807
0.0105247
0.0217507
0.0160449
0.0231068
0.0292523
0.0219301
0.0207616
0.0241032
0.0194834
0.0148768
0.0214676
0.0292604
0.0208379
0.019218
0.0160387
0.0185879
0.0301635
0.0270026
0.0172318
0.0237467
0.0196706
0.0204897
0.0110617
0.0158649
0.0206679
0.0189456
0.0202077
0.016678
0.0289869
0.00889434
0.0134162
0.0146892
0.0179479
0.0128911
0.0159509
0.0173994
0.0144155
0.0196638
0.0251018
0.0282627
0.0221183
0.0311528
0.0174941
0.0222127
0.0296184
0.0263631
0.0219403
0.0323264
0.0276329
0.0164124
0.0270026
0.0221306
0.0285288
0.0197644
0.0285288
0.0202077
0.00309659
0.0217427
0.0247438
0.0242829
0.0111658
0.0228342
0.0252732
0.0230138
0.0136052
0.0187591
0.0171376
0.0251867
0.019776
0.0247438
0.00853571
0.0243772
0.0244717
0.0236525
0.0221183
0.0176015
0.00717923
0.0131638
0.0115232
0.00800061
0.0202077
0.0168714
0.0167695
0.0188522
0.01713
0.0154245
0.0172318
0.0202077
0.0120609
0.0210261
0.0169497
0.0182101
0.0158571
0.0252806
0.0237467
0.0248183
0.0221183
0.0170435
0.010062
0.0193032
0.0150458
0.0236525
0.020295
0.0155812
0.0220241
0.0216561
0.022749
0.0210261
0.0240061
0.0288016
0.0154142
0.0164229
0.0122488
0.0121548
0.0157806
0.0204897
0.0154142
0.0194834
0.0121548
0.0146987
0.0212
0.0219301
0.0148768
0.0182205
0.00299564
0.0166003
0.0123431
0.0156969
0.0151331
0.016856
0.013597
0.0210189
0.0212057
0.0143387
0.00780099
0.0127794
0.0169497
0.00890478
0.0097057
0.00507604
0.0139729
0.0215714
0.0165913
0.0157806
0.0189395
0.00580899
0.00825024
0.00825024
0.0143214
0.0171376
0.0136907
0.0146833
0.00390792
0.00390792
0.0175037
0.0184181
0.0132471
0.0152333
0.0117021
0.0164124
0.0120701
0.0139729
0.0237381
0.00800061
0.0225604
0.0172318
0.0230138
0.0151402
0.0164124
0.0159509
0.01125
0.0260904
0.00716982
0.0127857
0.0205684
0.00672586
0.0197565
0.0215618
0.0235585
0.0108741
0.0228342
0.0228342
0.0153203
0.0137846
0.0194834
0.0186661
0.00817851
0.0113359
0.0186661
0.0120609
0.0194917
0.010166
0.0140461
0.0231068
0.0206571
0.0125978
0.0174863
0.0188609
0.0180416
0.0135106
0.0184932
0.0154142
0.0154076
0.0154076
0.0234737
0.0241826
0.013597
0.0101501
0.0101501
0.0101501
0.0162251
0.0226546
0.0122488
0.0164124
0.0211205
0.0211122
0.0269085
0.024735
0.0228342
0.0174863
0.0230138
0.00563295
0.0162251
0.0353983
0.0218454
0.0220353
0.0180347
0.0140674
0.0169589
0.0221183
0.0205744
0.0195863
0.025546
0.0263631
0.0120701
0.0120701
0.0131462
0.0131462
0.0204762
0.00924382
0.0184851
0.0218454
0.0107976
0.0164831
0.0175802
0.0142354
0.00817851
0.0130595
0.0137779
0.0131532
0.0170435
0.0127857
0.0126917
0.0116289
0.0130595
0.0151331
0.0151331
0.0229211
0.0203015
0.0203015
0.0107042
0.0174941
0.0195769
0.0220241
0.0234737
0.0195712
0.0222895
0.0188609
0.0158744
0.0145957
0.0234647
0.0168641
0.0133321
0.0178628
0.0132391
0.0132391
0.0259925
0.0259925
0.0183917
0.0183917
0.0213853
0.00998696
0.0156025
0.0234647
0.0250929
0.0211205
0.00944051
0.0245494
0.0213853
0.0149618
0.0176742
0.0238314
0.0179479
0.0169497
0.0290086
0.0155196
0.0236525
0.0176679
0.0174028
0.0174028
0.0120609
0.0144091
0.0171376
0.0171376
0.0194834
0.00626439
0.0184851
0.0184851
0.0204897
0.0143214
0.0143214
0.0230216
0.0119671
0.0209258
0.0297114
0.0267208
0.019218
0.0212
0.0185788
0.0150458
0.0274385
0.0141406
0.0128726
0.0192945
0.0147829
0.0222965
0.0125978
0.0178628
0.022203
0.0185788
0.0162251
0.00825549
0.0253663
0.00961983
0.0175883
0.00500096
0.0140575
0.00961231
0.0165062
0.0134253
0.010611
0.0147829
0.0135299
0.00798938
0.0127626
0.0152266
0.0146892
0.0129659
0.00933755
0.0175802
0.0121481
0.0113359
0.0154188
0.0237333
0.0112426
0.0162251
0.0160449
0.00979329
0.0107976
0.013322
0.0131532
0.0131532
0.0217507
0.0207616
0.0150555
0.0158571
0.0110617
0.00943146
0.00980893
0.0120609
0.0147829
0.00219126
0.00871496
0.0148575
0.0156871
0.0222895
0.0104308
0.0173103
0.0154142
0.0074522
0.0074522
0.024001
0.024001
0.0227407
0.013322
0.00626439
0.0181355
0.01713
0.0178628
0.0155083
0.0208379
0.0167625
0.026623
0.0149516
0.0165895
0.0176742
0.0192092
0.025997
0.0192092
0.0172105
0.0172105
0.01741
0.0132279
0.0244624
0.0217427
0.0184093
0.0224665
0.0174863
0.0180416
0.0178544
0.0207441
0.0196512
0.0302493
0.0302493
0.024735
0.0275316
0.0203015
0.0167695
0.0251803
0.0178544
0.0182052
0.013597
0.0104401
0.0217427
0.019839
0.00906168
0.0231902
0.0256366
0.025629
0.020114
0.0203812
0.0199427
0.0182052
0.0222856
0.0104308
0.0176742
0.0268082
0.0152992
0.0199332
0.0248126
0.0265405
0.023997
0.018835
0.0148575
0.0123219
0.0171234
0.0193259
0.00720815
0.00792652
0.000736605
0.00873585
0.0023088
-0.00779445
0.00999932
0.00208825
-0.00647479
-0.0126539
-0.00721154
-0.00488587
-0.00417553
-0.00499185
-0.00813639
-0.00580305
0.00606725
0.00328107
0.00320423
-0.00212744
0.00878679
0.00517144
0.00455553
0.000957744
0.012045
0.00385782
0.00552756
-0.00115332
0.00405727
-0.00278425
-0.00224638
0.00805191
0.00389759
-0.00538988
0.00447331
0.00423359
0.00737351
-0.00352008
0.00602437
2.01573e-05
0.00415691
0.00882834
0.0110315
0.00337976
0.000477378
0.00520855
0.00564664
0.00191116
0.00423359
0.00594376
0.00556907
-0.00274371
0.0071573
-1.90653e-05
-0.00767853
0.0043945
0.000717196
-0.00877228
-0.000993803
0.00564664
0.00182808
0.00528997
0.00405727
-0.00375854
-0.00604686
0.0010151
0.000197634
0.0010151
-0.00405531
-0.00531081
-0.00515139
0.00236446
-0.00200832
0.000692057
0.00928339
0.00389759
0.0118509
0.00333816
0.013058
0.00300272
0.00517144
0.0119262
0.00385782
0.00753515
-0.00155323
-0.00155323
0.00401668
0.0110315
0.00463281
0.0039778
-0.00587922
-0.0167846
0.00188606
-0.0061358
-0.00362734
-0.0113008
-0.00332915
0.000666185
-0.00985319
-0.00321677
0.000186828
-0.0150376
0.00283836
-0.0053925
-0.00155419
0.0008102
-0.000630815
-0.00408065
-0.00687936
-0.00633536
-0.00572712
-0.00467042
-0.00113897
-0.00464194
-0.00571142
-0.000241524
-0.00435297
-0.0111666
-0.0030252
0.00260227
-0.00409632
0.00480447
-0.0018935
0.000780732
-0.00205179
-0.00737218
0.000829777
-0.00634984
0.006407
-0.00601331
0.00138846
0.000457171
-0.00529647
-0.00676388
-0.0123598
-0.0123598
0.00702874
0.0159869
0.0508956
0.0800521
0.0963975
0.104574
0.114464
0.117659
0.103693
0.0974182
0.110924
0.108806
0.101053
0.108989
0.099806
0.106177
0.0956059
0.109956
0.0905366
0.102813
0.0880863
0.0972909
0.0959367
0.0945035
0.0913202
0.0980728
0.0928092
0.0923907
0.0947845
0.10243
0.0993195
0.0978801
0.0862138
0.0941629
0.0955468
0.0901578
0.0828522
0.0898551
0.0966231
0.087525
0.0820706
0.088661
0.085361
0.0865647
0.0939247
0.0814683
0.0899228
0.0803944
0.0858403
0.0941588
0.0953628
0.0899228
0.088661
0.0871095
0.0883634
0.0802751
0.0880596
0.0915379
0.0891313
0.0868654
0.0821294
0.0838746
0.0954904
0.0942871
0.0955504
0.0905814
0.0831565
0.0953743
0.0838666
0.0902878
0.0878813
0.0922579
0.0859672
0.0788501
0.0769204
0.091364
0.0862759
0.0897472
0.0863916
0.089923
0.091013
0.0869395
0.0854979
0.0790809
0.0819524
0.0905252
0.0846584
0.0887939
0.0893962
0.0856739
0.0785491
0.0849564
0.0893962
0.0843691
0.0926295
0.0859866
0.0993302
0.0874288
0.084971
0.085701
0.084194
0.0842577
0.0872539
0.0821488
0.0809421
0.0851464
0.0854467
0.0859866
0.0902358
0.0937674
0.0903783
0.0857479
0.0896025
0.0891735
0.0855723
0.0891096
0.083829
0.0868268
0.0795263
0.0814501
0.0875564
0.0944519
0.0800853
0.085701
0.0738936
0.084404
0.0826885
0.0921688
0.0894104
0.0814501
0.079897
0.0798319
0.0858115
0.0837179
0.0808947
0.0819109
0.0797669
0.0806085
0.0834954
0.0869047
0.0808476
0.0875331
0.0852461
0.0829596
0.0913928
0.0872096
0.0831984
0.0927283
0.0821837
0.0766599
0.0767693
0.0839094
0.0775855
0.0774367
0.0817535
0.0753639
0.0791204
0.0792039
0.0804593
0.0759667
0.0808222
0.0840191
0.0835619
0.0869705
0.0770076
0.0827863
0.0782786
0.0886536
0.0849008
0.0837812
0.0866713
0.079897
0.0807387
0.0850734
0.0838675
0.0779316
0.0833714
0.0806494
0.089429
0.0861551
0.0936556
0.0802343
0.0806736
0.0814928
0.0835908
0.0743477
0.0743293
0.0730083
0.0744839
0.0787742
0.0751913
0.086499
0.0837821
0.0740716
0.0835232
0.0772223
0.0701607
0.0806159
0.0815617
0.0806494
0.0822674
0.0815617
0.0853129
0.0832831
0.0810625
0.083954
0.0763421
0.0775019
0.0820774
0.089787
0.0770675
0.0821643
0.0793402
0.0876683
0.0771556
0.0757602
0.0757602
0.0801153
0.0799435
0.0866462
0.0880319
0.0776535
0.073331
0.07774
0.07774
0.07774
0.0832831
0.0778109
0.0748942
0.0706611
0.0777585
0.0748465
0.0733996
0.0755189
0.0777217
0.0777217
0.0864837
0.0775503
0.0803547
0.0845248
0.0734684
0.0790999
0.0784969
0.0808561
0.0824051
0.0849569
0.0781229
0.0798416
0.0831796
0.0760212
0.0747366
0.0751565
0.0740405
0.0766743
0.0783251
0.0844256
0.0807182
0.0801153
0.0815296
0.0801153
0.0812187
0.0863314
0.0756212
0.0784969
0.0746443
0.0796709
0.0747445
0.0753473
0.077208
0.0805153
0.0739701
0.077882
0.0796709
0.0747155
0.0799114
0.0870866
0.0845248
0.0849569
0.0754894
0.0780525
0.0764338
0.0907314
0.0833393
0.0850565
0.0804448
0.0891078
0.0891078
0.0756596
0.0830777
0.0788265
0.0821643
0.0842832
0.0858016
0.0720381
0.0768664
0.079402
0.0793301
0.0725398
0.0792583
0.0738703
0.0763634
0.0788943
0.077882
0.0803451
0.0830719
0.0829025
0.07916
0.0945364
0.0873942
0.0842763
0.0827366
0.0766959
0.0832414
0.0862432
0.0765748
0.0752476
0.0849318
0.0860431
0.0834112
0.0769382
0.074474
0.0761213
0.0710651
0.0726846
0.0759227
0.0685992
0.0709927
0.0724212
0.0708016
0.0721799
0.073869
0.0735305
0.0691794
0.0792326
0.073869
0.0648268
0.0650182
0.0688416
0.0771068
0.0750553
0.0757528
0.0750553
0.080755
0.0790875
0.069373
0.0767456
0.0806816
0.0762633
0.0751496
0.0679188
0.075583
0.0750771
0.0822996
0.0740379
0.0788203
0.0667863
0.0704614
0.0714057
0.0811898
0.0865492
0.0681849
0.0843281
0.0823962
0.0676554
0.0687443
0.0757528
0.0690317
0.0812846
0.0615135
0.0719124
0.0774448
0.0730251
0.0822047
0.0793281
0.0802689
0.0675823
0.0775415
0.0796664
0.0753194
0.0757528
0.0776141
0.069783
0.0678979
0.0701951
0.0809236
0.0796469
0.0793281
0.0754633
0.0804164
0.0814329
0.0770371
0.0713791
0.0794036
0.0774448
0.0834112
0.0805125
0.0812846
0.0810407
0.0770136
0.0816235
0.0817933
0.0826398
0.0817176
0.0845943
0.0809236
0.0759227
0.0829766
0.0823731
0.0880936
0.0811901
0.080755
0.0800781
0.0851729
0.080175
0.0772757
0.0691794
0.0800054
0.0803451
0.0775408
0.0765034
0.0773498
0.0743038
0.0871318
0.0805867
0.0765034
0.0805867
0.0732654
0.0765034
0.0761665
0.0677286
0.0783882
0.0733633
0.0748845
0.0749987
0.0673905
0.0698785
0.0673158
0.0670286
0.0656014
0.0721751
0.0755628
0.077526
0.0789684
0.068502
0.0706302
0.0706302
0.0711152
0.0780284
0.0730221
0.0749824
0.074207
