0.0568027
0.0533461
0.0474185
0.0540994
0.0585537
0.057915
0.0599929
0.0582727
0.0576022
0.05931
0.0652588
0.0540335
0.0579003
0.0684015
0.0662707
0.0631668
0.069803
0.0641943
0.0606617
0.0694698
0.0603507
0.0701654
0.0600235
0.0484498
0.062428
0.0498421
0.0603993
0.0652436
0.0544272
0.0586
0.0555085
0.0561206
0.0596512
0.0655855
0.0519369
0.0512512
0.0568333
0.0505664
0.0547702
0.0613733
0.0481579
0.0568179
0.0522905
0.0694593
0.0701654
0.0470198
0.0558219
0.0561638
0.0568027
0.0593386
0.0621176
0.0583146
0.0593386
0.0470472
0.0561492
0.0487999
0.0596368
0.0600081
0.0677204
0.0603667
0.059978
0.053315
0.0456218
0.0642074
0.0628693
0.061774
0.0620855
0.0596227
0.0649523
0.0642444
0.0631818
0.0600235
0.0680368
0.0603507
0.0611189
0.0638356
0.0575193
0.0508516
0.0544272
0.0526316
0.0596808
0.0558078
0.0547548
0.0613733
0.0575732
0.057915
0.0544123
0.061774
0.0568649
0.0631522
0.0600235
0.0578859
0.0593242
0.0515786
0.061774
0.0687734
0.057915
0.0582727
0.060335
0.0558078
0.0600081
0.0579003
0.052646
0.0575732
0.0568649
0.0655855
0.0639
0.0656012
0.0596227
0.0551529
0.0586
0.0621012
0.0574867
0.0596808
0.0589432
0.06207
0.056849
0.0663544
0.0607612
0.0610607
0.0614018
0.0582572
0.0582421
0.0547101
0.0628111
0.0606776
0.0576323
0.0645754
0.0628111
0.0557939
0.0585843
0.0579003
0.0540847
0.0585388
0.057915
0.0614314
0.0600081
0.0669934
0.0638673
0.06529
0.0670085
0.0572318
0.0620549
0.0635089
0.0652743
0.0666667
0.0645754
0.0624572
0.056491
0.0659773
0.0547548
0.0505298
0.0624981
0.0614018
0.0726302
0.0575193
0.0603196
0.071518
0.0617586
0.0541143
0.0590109
0.0617434
0.0607476
0.0669933
0.0680749
0.0635089
0.060335
0.06354
0.0663111
0.0645899
0.0614314
0.0530185
0.0705225
0.0617434
0.058629
0.0568333
0.05931
0.0562355
0.0526036
0.06207
0.060416
0.0593242
0.0610332
0.0561787
0.0704919
0.0582272
0.0579299
0.0585843
0.0684162
0.0589596
0.0778748
0.071559
0.0736269
0.060988
0.0548018
0.0600081
0.0561492
0.0600235
0.0582421
0.0582421
0.051236
0.0641943
0.0596512
0.0627877
0.0575182
0.0575182
0.0733077
0.0567878
0.0652588
0.0557803
0.0579762
0.0669933
0.0575028
0.055082
0.0596659
0.0589933
0.06354
0.0571922
0.0540154
0.0677268
0.0569043
0.0610749
0.0631668
0.0593386
0.0680201
0.0540847
0.062428
0.0586159
0.0614314
0.0550977
0.0505523
0.056491
0.0498111
0.0558219
0.0505467
0.0487725
0.0648737
0.0540562
0.0631378
0.0543977
0.0582572
0.0663253
0.0548018
0.0613642
0.0572318
0.0610207
0.0656012
0.0628397
0.0638673
0.0666376
0.059978
0.0621498
0.053315
0.0631668
0.0579003
0.0519378
0.057915
0.0607103
0.0617285
0.0639
0.0638202
0.0586159
0.0614621
0.0631236
0.0592961
0.0607103
0.061774
0.052988
0.0582272
0.058927
0.056491
0.0558078
0.0582421
0.0660115
0.0599929
0.0621171
0.0610749
0.067734
0.0550666
0.0586
0.0627972
0.0624774
0.0627972
0.0600235
0.0579451
0.0610374
0.0530342
0.0533747
0.0575028
0.0537152
0.0565216
0.0589693
0.0614621
0.0508939
0.0631236
0.0588954
0.0582421
0.0603667
0.0631668
0.0589111
0.0603196
0.0603196
0.0628111
0.0649318
0.0596808
0.0607612
0.059978
0.048074
0.0623658
0.0621012
0.0617897
0.0550666
0.0596512
0.0673508
0.0530185
0.0684162
0.0638356
0.0617897
0.0602895
0.0607476
0.062428
0.0565062
0.0565062
0.0582272
0.054459
0.054459
0.054327
0.0505954
0.0638513
0.0638513
0.0554742
0.0533782
0.0515786
0.0491416
0.0491416
0.0508939
0.0508939
0.0540704
0.057559
0.057559
0.0614165
0.0579299
0.0600081
0.0603993
0.0656499
0.0558078
0.0666667
0.067024
0.0614466
0.0579299
0.0596484
0.0656439
0.0642792
0.0603044
0.0576172
0.0512211
0.052646
0.0585537
0.055441
0.0516491
0.0589968
0.0551395
0.0648643
0.0617285
0.0596368
0.0631236
0.0547247
0.066652
0.06207
0.0540335
0.0687427
0.0656012
0.0632124
0.0680468
0.0659983
0.0607103
0.0621436
0.0687579
0.0586555
0.0617908
0.0635089
0.0656012
0.0649022
0.0551264
0.0659773
0.0704622
0.0624442
0.0631236
0.0571922
0.0607617
0.068359
0.0708814
0.0614165
0.0663253
0.0527061
0.0621012
0.052988
0.0582421
0.0625267
0.0621305
0.0596659
0.0586159
0.056849
0.0670085
0.0635243
0.0614165
0.0599929
0.06354
0.0579451
0.062771
0.0596137
0.0554944
0.0512822
0.0568811
0.0593833
0.0582421
0.071225
0.0557939
0.059978
0.0610607
0.0649022
0.0669784
0.059978
0.048814
0.0547396
0.057915
0.0638808
0.0617897
0.0656172
0.0586159
0.0571445
0.0659441
0.0596659
0.0611039
0.0544123
0.0603507
0.0589596
0.053706
0.0638673
0.0565373
0.0571761
0.0589432
0.0586161
0.0551298
0.0600392
0.0582884
0.0456967
0.0557939
0.0638835
0.0558219
0.0509235
0.0635089
0.0603993
0.0607476
0.0530031
0.060727
0.067024
0.0596368
0.0558078
0.056849
0.0540847
0.0617439
0.0614466
0.063197
0.0656179
0.0558363
0.0645899
0.0641781
0.0694593
0.0617434
0.0568975
0.0621498
0.0519633
0.058927
0.0544123
0.0572087
0.0586823
0.0621171
0.0621171
0.0614621
0.0526755
0.0576478
0.0634788
0.0487999
0.0533304
0.0491416
0.0614165
0.0547548
0.0585689
0.0614314
0.0578859
0.0547101
0.0512512
0.0624774
0.0572457
0.0586
0.0582272
0.0611039
0.0582421
0.0582421
0.0554249
0.0610207
0.0603196
0.0635243
0.0596808
0.0652287
0.0652287
0.0540504
0.0607476
0.0607476
0.051236
0.051236
0.0582727
0.0561939
0.0561939
0.0519057
0.0589432
0.0554575
0.0565062
0.0546677
0.0546677
0.0564615
0.0564615
0.0516102
0.0551136
0.0555085
0.0459937
0.0491711
0.0733077
0.0606938
0.0505808
0.0586486
0.0593038
0.0565062
0.0565532
0.0544123
0.0558542
0.0684311
0.0557849
0.055441
0.055441
0.0568649
0.0722407
0.0617139
0.0617139
0.0530501
0.0579299
0.0659119
0.0617586
0.0599633
0.0498421
0.0547247
0.0505131
0.0547702
0.0596368
0.0579299
0.0603993
0.0610374
0.0561348
0.0614466
0.0596512
0.0607103
0.0582572
0.0599633
0.0593038
0.0557682
0.0572457
0.060393
0.0631668
0.0582272
0.0523445
0.0499105
0.0607337
0.0705071
0.0596659
0.0543692
0.0610468
0.0589968
0.0596659
0.0575732
0.0569318
0.0530342
0.0530342
0.0555229
0.0551136
0.0515186
0.0547548
0.0571922
0.0571922
0.0529731
0.0547396
0.0599929
0.0638202
0.0547702
0.0495143
0.0562093
0.0610374
0.0470757
0.0586161
0.0550977
0.0586159
0.0558363
0.0540504
0.0603667
0.0568333
0.0480897
0.0516102
0.0606938
0.062771
0.0568975
0.0554742
0.0554742
0.0613642
0.0638356
0.0617259
0.0658962
0.0658962
0.0515632
0.0547396
0.0638356
0.0477618
0.0666816
0.051236
0.0586555
0.0512211
0.0638513
0.0638513
0.0599929
0.0579299
0.0515942
0.0515942
0.0546957
0.0620855
0.0537227
0.0523334
0.0567878
0.0592868
0.053315
0.0494989
0.0575732
0.0625123
0.0631378
0.0574708
0.0547396
0.0553627
0.056433
0.0540335
0.0523329
0.0582125
0.0637153
0.0520434
0.0563599
0.060892
0.112756
0.184694
0.17677
0.108966
0.054809
0.0402018
0.0477864
0.0568393
0.0454002
0.0465588
0.046899
0.0437493
0.0506573
0.0419078
0.0401684
0.0422323
0.0500222
0.042291
0.04687
0.0420221
0.0405529
0.0468153
0.0419362
0.0419807
0.0388403
0.0395178
0.0500496
0.0507441
0.0447781
0.0377639
0.0412447
0.0451462
0.0395316
0.0450759
0.0461792
0.0367042
0.0433364
0.0419656
0.0437649
0.0567039
0.0433786
0.0497074
0.0493224
0.047565
0.0440885
0.0363493
0.0392057
0.0468422
0.0490073
0.0458669
0.0472396
0.048962
0.046491
0.0454718
0.0408475
0.0493467
0.0409459
0.0426994
0.0419656
0.0391531
0.0430114
0.0430528
0.0357394
0.0402121
0.0402121
0.0409268
0.044401
0.0419507
0.05183
0.0384582
0.0385042
0.0366465
0.0388929
0.0401972
0.0503891
0.0402581
0.0381177
0.0433642
0.0367042
0.0525113
0.0384733
0.0391789
0.0430114
0.0300264
0.0384434
0.0405225
0.0440143
0.0452799
0.040036
0.0467244
0.0442209
0.0408004
0.0490919
0.0431891
0.0487999
0.04385
0.0575263
0.0498521
0.0449718
0.0501421
0.0452648
0.0498521
0.042878
0.0476776
0.0480549
0.0483885
0.0473707
0.0452648
0.0495114
0.0456183
0.0470324
0.0396825
0.0358955
0.0446187
0.0505518
0.0483714
0.0438814
0.0382824
0.0382824
0.0534086
0.0449419
0.0502136
0.0561444
0.0537472
0.0504983
0.0483885
0.0400207
0.0383138
0.0498616
0.0435738
0.0578003
0.109666
0.144486
0.225351
0.349544
0.382794
0.375223
0.349498
0.351083
0.350338
0.346082
0.345921
0.346053
0.343806
0.332876
0.325528
0.331874
0.339506
0.338005
0.343307
0.327623
0.335718
0.330479
0.326924
0.340849
0.343254
0.334521
0.327071
0.335718
0.32507
0.327869
0.333665
0.331769
0.335931
0.324974
0.31932
0.320314
0.319119
0.323865
0.330122
0.325918
0.316378
0.322317
0.322673
0.323031
0.322468
0.310562
0.317826
0.318866
0.315717
0.249521
0.115561
0.100557
0.100557
0.104738
0.116345
0.122304
0.118181
0.119969
0.108791
0.106552
0.114977
0.118038
0.1153
0.114344
0.113586
0.113238
0.118752
0.122848
0.115275
0.129332
0.11987
0.112915
0.112915
0.117441
0.111401
0.117142
0.113911
0.121955
0.120566
0.113486
0.115796
0.114507
0.111498
0.106303
0.109535
0.113937
0.112915
0.118011
0.12044
0.111474
0.111175
0.118093
0.117064
0.116345
0.11525
0.116393
0.116321
0.118107
0.115027
0.116442
0.122551
0.111224
0.119101
0.119101
0.110458
0.11853
0.12434
0.120865
0.113586
0.118854
0.118854
0.116467
0.113313
0.112795
0.104887
0.110355
0.108666
0.11709
0.117686
0.109071
0.109071
0.107945
0.114534
0.112522
0.117415
0.117116
0.121163
0.104614
0.11314
0.120865
0.111847
0.112044
0.118584
0.112964
0.114235
0.108019
0.110108
0.115325
0.115325
0.104588
0.121608
0.121136
0.121189
0.113885
0.117064
0.119803
0.120268
0.12049
0.108692
0.113288
0.11674
0.110458
0.110877
0.112569
0.108718
0.1153
0.107745
0.106577
0.108019
0.11073
0.122203
0.101483
0.110829
0.115275
0.110925
0.113263
0.114289
0.108562
0.108562
0.111466
0.113206
0.109185
0.0938942
0.101821
0.0927517
0.0894162
0.0762441
0.0779747
0.0721722
0.0651792
0.0640304
0.0662761
0.0650864
0.0569128
0.0568407
0.0584969
0.051769
0.0602257
0.0682879
0.0774346
0.0660001
0.0836882
0.0869968
0.111188
0.116893
0.104995
0.129763
0.121342
0.129252
0.137137
0.147229
0.147697
0.155756
0.164673
0.177021
0.165581
0.178567
0.180514
0.180905
0.178661
0.17393
0.180457
0.171316
0.156937
0.168258
0.173013
0.167433
0.170731
0.175631
0.172853
0.170208
0.172151
0.172142
0.167019
0.166171
0.170937
0.170057
0.166377
0.158975
0.168045
0.16157
0.169585
0.17038
0.170582
0.165649
0.161779
0.168891
0.16711
0.163738
0.172184
0.161976
0.168501
0.165417
0.165417
0.161558
0.168229
0.155068
0.157687
0.164373
0.168308
0.160772
0.165269
0.158546
0.163323
0.157466
0.167618
0.161965
0.163272
0.162792
0.17074
0.158904
0.16908
0.158619
0.175756
0.17309
0.176411
0.196396
0.192817
0.186154
0.179368
0.183121
0.170648
0.173339
0.157964
0.180152
0.16477
0.163049
0.166775
0.183787
0.185581
0.187309
0.199818
0.185762
0.187153
0.188394
0.184822
0.192111
0.195704
0.207655
0.196073
0.226046
0.21711
0.213608
0.220211
0.194167
0.213318
0.213498
0.200845
0.199862
0.199581
0.197674
0.200762
0.185707
0.193755
0.195715
0.189912
0.198509
0.198472
0.179114
0.195089
0.191855
0.188077
0.190982
0.186178
0.196247
0.196393
0.19606
0.196413
0.189394
0.190676
0.191465
0.201367
0.193622
0.194156
0.190234
0.191572
0.197825
0.194505
0.198094
0.19264
0.183925
0.18357
0.188036
0.186769
0.192723
0.1914
0.196413
0.191906
0.193229
0.204057
0.196247
0.200274
0.187882
0.201678
0.194464
0.187224
0.194886
0.190941
0.189841
0.196475
0.199937
0.203789
0.199937
0.194244
0.199841
0.191334
0.193717
0.195396
0.192959
0.201744
0.200186
0.196562
0.19312
0.187588
0.198577
0.192982
0.190801
0.190872
0.188554
0.199841
0.197869
0.192387
0.20099
0.190778
0.193343
0.193693
0.197161
0.200434
0.198922
0.198922
0.188924
0.202109
0.201126
0.190363
0.192132
0.188872
0.188811
0.188786
0.188737
0.189357
0.19531
0.187803
0.195598
0.190227
0.191741
0.204335
0.190179
0.199039
0.203713
0.205294
0.197494
0.212875
0.207249
0.191067
0.206146
0.209285
0.196832
0.207868
0.200472
0.190431
0.206939
0.198958
0.19226
0.197176
0.191741
0.197276
0.219097
0.202816
0.202816
0.207341
0.193754
0.186331
0.21304
0.19603
0.202243
0.203193
0.198055
0.205425
0.209747
0.200149
0.213604
0.229075
0.209401
0.24533
0.231193
0.242649
0.255536
0.240748
0.243327
0.236115
0.233128
0.234937
0.232393
0.228049
0.231317
0.238143
0.235041
0.241992
0.231381
0.248988
0.228175
0.240428
0.231512
0.231769
0.231786
0.230001
0.23492
0.231769
0.231479
0.228143
0.236331
0.231446
0.239886
0.238204
0.229091
0.227345
0.228054
0.230158
0.237219
0.238077
0.237569
0.229257
0.228016
0.236139
0.225759
0.226204
0.223624
0.231349
0.220511
0.218729
0.225285
0.21977
0.216526
0.218179
0.223361
0.21782
0.223169
0.220318
0.226338
0.220187
0.214847
0.225533
0.225819
0.234851
0.238192
0.234385
0.24364
0.240249
0.250583
0.23681
0.229801
0.238299
0.240085
0.227708
0.231668
0.23453
0.232664
0.230532
0.240668
0.228588
0.237468
0.234421
0.234267
0.238989
0.239182
0.228331
0.233127
0.238811
0.231497
0.229883
0.232253
0.231486
0.235802
0.232056
0.229432
0.237695
0.230036
0.230347
0.234915
0.233476
0.252319
0.225798
0.230563
0.238375
0.239416
0.227521
0.241008
0.228103
0.242264
0.233238
0.236742
0.234842
0.230907
0.222559
0.226147
0.234451
0.227243
0.241625
0.230222
0.235373
0.230685
0.223632
0.226464
0.231251
0.235978
0.236856
0.224774
0.229241
0.227139
0.224968
0.230463
0.232209
0.230573
0.227177
0.231521
0.228892
0.23203
0.231989
0.234191
0.231651
0.228748
0.230569
0.237352
0.235729
0.23186
0.237275
0.233555
0.235338
0.228742
0.238838
0.236553
0.237314
0.222869
0.23156
0.250483
0.228858
0.24535
0.25319
0.244433
0.247372
0.233704
0.236863
0.248581
0.25209
0.242853
0.252549
0.236671
0.239198
0.245904
0.249154
0.231692
0.228764
0.23738
0.238592
0.243257
0.248436
0.250148
0.239489
0.238468
0.240245
0.243596
0.241616
0.233135
0.239507
0.23602
0.236375
0.235108
0.233084
0.23161
0.234768
0.229133
0.23133
0.220537
0.223626
0.221744
0.224517
0.22073
0.218466
0.218115
0.218312
0.214679
0.210694
0.214406
0.210578
0.212493
0.219441
0.21593
0.210382
0.212217
0.215851
0.20839
0.213273
0.213273
0.215417
0.222052
0.221701
0.217943
0.213225
0.213223
0.216899
0.213342
0.218378
0.21247
0.222136
0.215747
0.214754
0.215909
0.224414
0.221351
0.223543
0.212587
0.207548
0.216225
0.216422
0.213386
0.222208
0.207551
0.209156
0.20535
0.218747
0.221258
0.212026
0.219814
0.224254
0.218944
0.227528
0.220819
0.218946
0.215866
0.21123
0.217427
0.203313
0.215062
0.206587
0.209583
0.205268
0.213346
0.208669
0.217422
0.215263
0.20879
0.214031
0.209114
0.207188
0.210146
0.19895
0.202701
0.206585
0.201383
0.197372
0.197698
0.206101
0.200163
0.202015
0.202333
0.199633
0.19618
0.19946
0.200815
0.197575
0.197251
0.203649
0.205046
0.201976
0.198495
0.201656
0.196512
0.206278
0.194473
0.192786
0.192384
0.1928
0.199883
0.188539
0.206102
0.200696
0.19391
0.197426
0.202454
0.189831
0.197116
0.194086
0.190645
0.201151
0.197253
0.192295
0.188233
0.204139
0.198764
0.200378
0.208232
0.209613
0.192541
0.189546
0.1854
0.187446
0.187895
0.187895
0.19159
0.195601
0.202028
0.202279
0.194576
0.196686
0.187507
0.190668
0.185922
0.191379
0.188958
0.191432
0.188272
0.175857
0.187813
0.189729
0.190668
0.184233
0.184233
0.185496
0.185315
0.176474
0.186142
0.186648
0.183484
0.197964
0.212458
0.19468
0.199681
0.203869
0.19718
0.186655
0.189287
0.187446
0.192894
0.185239
0.180787
0.183714
0.1741
0.185859
0.181677
0.182275
0.182439
0.180583
0.188262
0.190809
0.184742
0.181938
0.178517
0.190665
0.178916
0.182261
0.184274
0.179961
0.186609
0.189485
0.185859
0.185935
0.177552
0.174921
0.174956
0.176062
0.175952
0.180397
0.181903
0.17803
0.181938
0.176429
0.182037
0.180837
0.178958
0.179881
0.177232
0.180151
0.178602
0.185238
0.195478
0.181973
0.186781
0.187263
0.182529
0.200605
0.198505
0.200171
0.199282
0.197532
0.200433
0.201365
0.208121
0.211788
0.217687
0.226447
0.229611
0.231453
0.216918
0.225599
0.230965
0.23952
0.230443
0.245927
0.243913
0.235548
0.243421
0.240417
0.238948
0.243619
0.244081
0.243083
0.241398
0.248472
0.238898
0.244305
0.247467
0.242337
0.244787
0.248945
0.249426
0.245746
0.243548
0.261659
0.256251
0.251119
0.256508
0.254794
0.277775
0.281445
0.287558
0.289763
0.282921
0.25577
0.247438
0.255515
0.253077
0.260902
0.264328
0.264347
0.262861
0.259431
0.261165
0.261652
0.260911
0.257743
0.270213
0.273885
0.27364
0.268265
0.257984
0.262634
0.264098
0.259202
0.261419
0.261395
0.255286
0.265555
0.26533
0.257244
0.26361
0.264587
0.266544
0.258953
0.269977
0.269977
0.262883
0.261652
0.268011
0.269981
0.259452
0.268011
0.264574
0.266544
0.261895
0.262874
0.262883
0.271932
0.26239
0.268502
0.274867
0.27119
0.265816
0.268269
0.266065
0.268256
0.269479
0.275102
0.27168
0.268495
0.266557
0.277054
0.267039
0.264337
0.275593
0.26581
0.270473
0.264115
0.262869
0.27021
0.273885
0.264591
0.269972
0.272658
0.277306
0.275354
0.272897
0.275341
0.280229
0.272918
0.272918
0.279755
0.273885
0.279504
0.28072
0.278536
0.271196
0.272902
0.284142
0.274618
0.27951
0.278761
0.28414
0.276583
0.280485
0.27804
0.277303
0.275106
0.273409
0.281713
0.277051
0.278523
0.282184
0.277048
0.277054
0.282681
0.283418
0.277306
0.26754
0.26826
0.268256
0.276588
0.271925
0.269733
0.27414
0.268999
0.277554
0.281951
0.278768
0.268269
0.278523
0.274381
0.286827
0.273896
0.277065
0.282684
0.273399
0.284638
0.273414
0.27414
0.28173
0.277798
0.279013
0.277061
0.274371
0.271676
0.27731
0.275596
0.277317
0.275839
0.277549
0.271941
0.276813
0.2778
0.283913
0.278765
0.2766
0.279016
0.277058
0.279257
0.273888
0.282188
0.27731
0.275347
0.286105
0.278761
0.281966
0.27902
0.273888
0.282436
0.280733
0.276813
0.286605
0.287804
0.282436
0.282436
0.282684
0.294403
0.277306
0.28367
0.28367
0.279016
0.280726
0.285603
0.286591
0.28561
0.287567
0.282195
0.282929
0.291228
0.276334
0.281947
0.288808
0.287319
0.289031
0.289764
0.286595
0.290984
0.282433
0.282679
0.272185
0.287801
0.283408
0.288303
0.287814
0.282927
0.285606
0.286095
0.287555
0.286345
0.279752
0.294643
0.291475
0.287811
0.280237
0.28537
0.289018
0.289291
0.276332
0.293174
0.293174
0.274377
0.282199
0.287319
0.287319
0.286353
0.287821
0.279016
0.277069
0.282932
0.293919
0.28122
0.284388
0.283909
0.274868
0.282932
0.283177
0.276821
0.2834
0.283901
0.278768
0.284636
0.28342
0.289764
0.289764
0.287818
0.276095
0.284149
0.284634
0.286109
0.284145
0.282447
0.284145
0.282443
0.284386
0.28513
0.282679
0.285846
0.280482
0.279512
0.290012
0.284142
0.293183
0.291716
0.28976
0.296098
0.289283
0.290011
0.286836
0.282433
0.286356
0.283901
0.287806
0.293422
0.285849
0.286102
0.290984
0.284156
0.289275
0.286347
0.287071
0.289523
0.287319
0.291231
0.293916
0.289762
0.290974
0.284386
0.287574
0.288054
0.279993
0.294884
0.289272
0.287319
0.284881
0.285852
0.298302
0.279027
0.288052
0.279512
0.279508
0.282694
0.281465
0.285375
0.288056
0.282684
0.293432
0.285855
0.296354
0.29074
0.292936
0.292936
0.290496
0.286837
0.290008
0.286583
0.289762
0.294653
0.289757
0.301958
0.291718
0.294884
0.300003
0.294411
0.290744
0.280974
0.30196
0.292939
0.297342
0.29172
0.288788
0.295625
0.295382
0.289031
0.293422
0.288061
0.293176
0.293669
0.289035
0.290496
0.291222
0.29684
0.294888
0.300009
0.293421
0.286095
0.286095
0.288301
0.287814
0.28612
0.297796
0.297083
0.296836
0.287797
0.296093
0.294156
0.287563
0.280974
0.284877
0.292429
0.29122
0.29001
0.290974
0.287319
0.295376
0.294882
0.290003
0.301462
0.29708
0.286093
0.290991
0.299267
0.292924
0.286093
0.295852
0.294884
0.296586
0.282195
0.279265
0.289762
0.293641
0.293176
0.293176
0.298789
0.28976
0.287558
0.292928
0.296585
0.296091
0.28878
0.294632
0.28756
0.297811
0.303413
0.28951
0.287555
0.291466
0.289514
0.295859
0.295133
0.29488
0.296343
0.294393
0.29196
0.294638
0.287804
0.291464
0.292688
0.29097
0.295852
0.303172
0.289517
0.29268
0.297814
0.30146
0.290974
0.29098
0.290972
0.298302
0.287806
0.294641
0.290732
0.292682
0.290972
0.285855
0.291468
0.282184
0.287578
0.285852
0.289024
0.293669
0.299267
0.289517
0.290484
0.299277
0.295127
0.296589
0.295856
0.288054
0.293667
0.289514
0.287806
0.284391
0.293178
0.290729
0.293424
0.294388
0.29122
0.297798
0.279752
0.288545
0.285606
0.299284
0.298055
0.28757
0.2883
0.292437
0.295127
0.29293
0.295616
0.297814
0.291466
0.296598
0.29098
0.294411
0.293665
0.285603
0.296836
0.29293
0.292688
0.297085
0.285855
0.291713
0.297551
0.289272
0.292936
0.296593
0.304633
0.28951
0.294396
0.290974
0.302925
0.300256
0.301957
0.2961
0.298545
0.289756
0.292688
0.29074
0.292437
0.295852
0.296341
0.297331
0.295131
0.294385
0.293174
0.287558
0.296588
0.290244
0.295867
0.289762
0.303177
0.296114
0.297567
0.301221
0.292692
0.286345
0.29293
0.300498
0.296593
0.296586
0.286343
0.291225
0.295624
0.294156
0.29122
0.289512
0.282922
0.28878
0.29268
0.290501
0.299517
0.293424
0.294646
0.29513
0.277794
0.291473
0.301713
0.294884
0.293668
0.292923
0.290748
0.294636
0.286095
0.288056
0.29147
0.289758
0.296589
0.294152
0.294152
0.294152
0.294638
0.301468
0.29538
0.28635
0.299267
0.294643
0.294643
0.291222
0.301227
0.306334
0.295859
0.297331
0.305125
0.296107
0.290005
0.296345
0.292678
0.296348
0.29268
0.300014
0.296107
0.296835
0.290006
0.298055
0.298298
0.289512
0.294399
0.293917
0.294638
0.292434
0.291961
0.292933
0.300009
0.29293
0.288054
0.292933
0.298302
0.301466
0.297567
0.302208
0.306592
0.294148
0.309275
0.307074
0.299277
0.294886
0.296595
0.296842
0.286595
0.289512
0.292685
0.292699
0.293186
0.287806
0.289021
0.291466
0.28951
0.291465
0.29439
0.292444
0.296351
0.289517
0.296836
0.294396
0.290748
0.291231
0.292192
0.292933
0.290017
0.291222
0.296348
0.291963
0.28414
0.29293
0.291465
0.293422
0.295127
0.294886
0.291222
0.301466
0.296103
0.291228
0.298305
0.293183
0.298541
0.293174
0.298298
0.301711
0.303419
0.303419
0.291473
0.301471
0.301213
0.29879
0.294882
0.289764
0.292707
0.303908
0.295871
0.296348
0.296595
0.291713
0.287811
0.287084
0.289279
0.298544
0.299517
0.291718
0.292924
0.295623
0.289275
0.303908
0.298544
0.289767
0.294638
0.29733
0.298302
0.30172
0.290987
0.289283
0.289283
0.296341
0.293425
0.287319
0.301216
0.291716
0.300497
0.296838
0.292192
0.292933
0.30196
0.299281
0.286112
0.289287
0.291222
0.28805
0.286345
0.287804
0.289266
0.286839
0.291714
0.299531
0.30025
0.287319
0.293419
0.302918
0.289272
0.290252
0.286356
0.286836
0.296345
0.286836
0.293176
0.296095
0.289266
0.293668
0.292936
0.289517
0.300254
0.299514
0.291225
0.301713
0.292208
0.298052
0.296354
0.293176
0.297563
0.287563
0.29196
0.300247
0.297331
0.296837
0.298302
0.298058
0.300499
0.29684
0.290744
0.301957
0.299762
0.298547
0.309025
0.305617
0.301958
0.303419
0.294884
0.289762
0.303911
0.307567
0.299753
0.300011
0.294882
0.299512
0.305367
0.303414
0.297814
0.296838
0.293173
0.280985
0.294399
0.300249
0.297083
0.289514
0.303174
0.300499
0.300499
0.298789
0.291231
0.303172
0.29098
0.29439
0.302204
0.2961
0.307321
0.28952
0.294636
0.299521
0.297567
0.294641
0.295128
0.30391
0.300496
0.304389
0.293174
0.294399
0.295135
0.299765
0.301218
0.293674
0.290255
0.290255
0.29805
0.298791
0.299521
0.295859
0.298052
0.29733
0.29343
0.302202
0.298058
0.295131
0.302941
0.303419
0.301964
0.299759
0.298307
0.296343
0.299759
0.298298
0.295863
0.298542
0.293427
0.29318
0.298792
0.292939
0.282443
0.297083
0.297805
0.301218
0.295364
0.296589
0.301711
0.300254
0.298794
0.295128
0.301713
0.300988
0.290006
0.298048
0.301954
0.293427
0.298052
0.30464
0.298296
0.296595
0.296595
0.300743
0.300743
0.291231
0.306092
0.300247
0.303419
0.299762
0.298046
0.296593
0.301713
0.308536
0.291464
0.298545
0.29684
0.29684
0.29465
0.29074
0.29879
0.298794
0.299759
0.293673
0.296591
0.301707
0.30366
0.299512
0.299512
0.300252
0.300014
0.297578
0.30391
0.295616
0.303908
0.296593
0.287084
0.293425
