0.000787591
-0.000466379
0.000701444
0.000946963
0.000342988
0.000241983
0.00132913
-0.000873098
-0.00331982
-0.00162587
0.00315343
-8.96316e-05
0.00387875
-0.000633197
0.00147608
-0.00200536
-0.00222211
-0.000901362
0.00176612
0.0020302
0.000260774
-0.000911067
0.00704763
0.00266333
0.00216349
-0.000456966
0.000269628
-0.00406767
-0.000450255
0.00375046
-0.000380811
0.00141304
-0.000264429
-0.00133861
0.000629792
-0.000111021
-0.00273052
0.00423396
-0.00252895
0.00125289
-6.12486e-05
-0.0036282
-0.00409333
0.00727944
0.00199993
-0.0016532
-0.000135852
-0.00428667
-0.00256456
-0.00231997
-0.00152128
0.00102536
0.00159754
-0.00361405
0.00311388
-0.00264298
0.00294675
-0.00142034
0.0023252
-0.003926
-0.00411892
0.00340337
0.00270195
-0.000107283
-0.00344361
0.000278556
-1.1458e-05
0.00238334
-0.000108507
-0.000152213
0.00120696
-0.00314764
0.000477135
0.00169558
0.00434907
-0.00221799
-0.00293676
0.000314576
-0.0017899
0.0031323
0.00313339
-0.00486761
0.0040147
-0.000917731
-0.0022329
0.0016768
-0.00290212
-0.000564292
0.000384077
0.00427046
-0.00530374
0.00148163
0.00431381
0.00106641
-0.00203587
-0.000371998
-0.00152368
-0.000188525
-0.00252925
0.000830673
-0.000311008
-0.00142399
0.00586224
-0.00379354
0.000409385
0.00203422
0.00375693
-0.00126747
-0.00238358
-0.00187874
0.00320391
-0.00029936
-0.00198267
-0.000751461
0.000458426
0.00115512
0.000159808
-0.00475068
0.00544036
-0.000927079
0.00345803
-0.00802789
0.00239722
0.00199406
0.000198591
-0.00242631
0.00292339
-0.000783286
0.00186754
-0.00486321
-0.0018338
-0.000875471
0.00118249
0.00294028
-0.00274288
-0.000613022
0.00249675
0.00319713
-0.00102743
0.000388146
0.00107626
-0.00242594
0.00052673
0.00149977
-0.00373342
-0.00222952
0.00254661
0.00424069
-0.000641195
-0.00111705
-0.00404108
0.000125697
0.00338145
0.00236677
-0.00251516
0.00308795
-0.00163307
-0.000907088
-0.00338127
0.00485498
-0.0007317
-0.00306769
0.00343611
-0.00352291
-0.000436221
0.00236198
-0.00235228
0.00103365
0.000755606
0.00404645
-0.000246739
-0.00420405
0.00162058
0.00137853
-0.00128586
0.00430766
-0.00347585
0.00273979
-0.00090797
0.000442275
-0.00213452
0.00166744
-0.00569421
-0.00169758
0.00628534
-0.000625998
-0.00330083
-0.00155174
0.00540345
0.000573516
0.00129686
-0.00243025
0.00378229
-0.00583168
0.0024977
0.000918246
-0.000607747
-0.000982899
-0.00175603
0.00447513
-0.00327422
0.00195455
-0.006309
0.00178794
0.00505788
-0.0027645
0.000830966
0.00132391
-0.00117658
-0.00262001
0.000136231
0.00186941
-0.000543343
0.00304211
0.000813935
-0.00383335
-0.00153702
0.0013512
-0.000290615
-0.00119832
0.00117349
0.000498617
-0.0024829
0.00310765
-0.00133736
-0.00158768
-0.000761776
0.00531218
-0.00357006
0.00219435
0.000243043
-0.00119412
-0.000630666
-0.00063026
0.00283776
0.0013508
-0.0026639
-0.00216815
0.00158115
0.00389525
-0.00263105
0.00234656
-0.00212824
0.00238034
-0.00590088
0.00380111
0.00265365
-0.00422424
-0.000188284
-0.00151073
-0.000784473
0.000791989
0.0042592
-0.00281962
0.00341846
0.000517768
-0.0041114
0.00166301
0.000486049
-0.0019355
-0.0015716
-0.000582511
0.00271061
-0.00346837
0.00134251
0.00435257
-0.00157322
0.00281249
-0.00228778
0.00183311
-0.002141
0.000608808
-0.002858
0.00171637
0.00410903
-0.00163149
-0.000218677
-0.00112849
-0.00260796
0.00339833
-0.00429398
-0.00244264
0.00364025
0.00346383
9.27666e-05
-0.00433999
-0.00125082
0.0044403
0.000745275
-0.000353345
-0.00176452
0.000173323
-0.00176995
-0.000431897
0.00164174
0.00396797
-0.001069
-0.00080069
-0.00161872
-0.0043388
0.00286058
0.00157351
-0.000835388
0.000481795
-0.00375493
0.00309441
-0.00230877
0.00198514
-0.00139589
0.0013242
0.00106392
-0.00201148
-0.000591451
0.00216241
0.00181828
-0.00129376
0.00156806
-0.000172699
0.00199582
-0.00424485
3.43574e-06
0.00188858
0.00142434
0.00139827
-0.00399072
-0.000402025
0.00323723
-0.000587924
-0.00531138
0.00237244
0.00164347
0.00346955
-0.00353411
-0.000960854
-0.000349649
-0.000383331
-0.00119712
0.00250806
-0.00215195
0.000926876
-0.000141695
0.00170156
-0.0035204
0.00232522
-0.000146302
-0.000567933
0.000268112
-9.76412e-05
0.000550776
-0.000690838
-0.000989073
0.00152503
0.000251337
-0.000247806
0.000752756
-0.00186521
0.00220117
-0.00246294
-0.00172397
0.00139863
-0.00100648
0.00126208
5.05634e-05
0.00540061
-0.00177322
0.00131336
-0.00371742
-0.000387521
0.0020605
-0.000754709
0.00129673
-0.00339325
0.00452557
-0.00419358
-0.00285646
0.00316712
-0.000298719
0.00501027
-0.00312055
-0.00286526
0.00178879
0.000448729
0.00391846
-0.00671263
0.00433446
-0.00536276
0.000800604
0.00057819
0.00291777
0.0019999
-0.00370985
0.0031658
-0.000868124
-0.000521011
0.00218804
-0.00500457
0.00216813
0.00250727
-0.0011373
-0.000908069
0.00123032
0.00305718
-0.00396812
-0.00242202
0.00119008
0.00210011
-0.00495613
-5.8044e-05
0.00494818
-0.00441283
0.00733994
-0.00237816
-0.00206074
-0.00200207
0.00175885
0.00309628
0.00186078
-0.00130572
-0.00296669
6.25498e-05
-0.00100973
-0.000353798
0.00346437
0.000725669
-0.00275756
0.000480807
5.71369e-05
0.000386293
-0.00125172
-0.00143669
0.00345326
-0.00155092
-0.000248433
-0.00225824
0.00174048
-0.00600755
0.00776035
-0.00141705
-0.00189802
0.00185476
0.00341857
-0.0027659
-0.000206365
-0.000333631
-0.00187193
0.00302053
-0.00104827
0.00188384
-0.00323433
0.00303458
-0.00149895
-0.00169669
0.000150573
0.000236538
-0.000938618
-0.000107596
1.11028e-05
0.00269001
0.0015892
-0.00172337
0.00122443
-0.00238227
0.000238222
0.000341074
-0.0010617
-0.00265498
0.00428349
0.00202184
0.000387572
-0.000968522
-0.00482466
0.00160208
-0.000607663
0.00295614
-0.000847017
-0.00116039
0.000246761
8.80776e-05
0.000377491
0.000258568
-0.000582185
-0.00259794
-0.000841476
0.00329161
0.0024023
-0.00105352
0.00192651
-0.00322249
-0.00125456
0.00243033
-0.00239654
0.00347908
-0.00251973
0.00127949
-0.00194907
-0.00199998
-0.000604264
0.00604401
-0.000299156
-0.00702962
0.00262004
0.00186638
-0.000211207
0.000428666
-0.000607668
0.000135963
0.00436453
-0.00437793
0.00198177
0.00172068
-0.00104528
-0.00252902
-0.00127066
0.00256535
-0.000202116
0.00382981
-0.00193462
-0.00383764
0.00266267
9.89416e-05
0.00341004
-0.0026396
0.00363508
-0.00359667
-0.00347236
0.00162491
0.00163841
0.000365834
-0.00620913
-0.000879595
0.00299654
-0.000763996
0.00282901
0.00368099
-0.00231783
0.00308385
-0.00506315
-0.00117603
0.00333805
-0.00135106
-0.00159593
-0.00245931
0.0027472
0.000656739
-0.000212057
-0.00208696
0.00258407
-0.00141074
-0.00270028
0.005609
-0.00227887
-0.00295355
0.00350259
0.00140925
0.00119679
-0.00321911
0.00306289
-0.00323358
0.00202158
-0.000149834
0.00264893
-0.000852869
-0.00443735
0.00329854
0.00121188
-0.00015778
-0.000717049
0.000961065
-0.00421382
-0.0016606
0.00285274
0.00219751
-0.0019901
-0.000333177
0.00333959
-0.00185225
-0.000542198
0.000542075
-0.000184031
-0.00289557
-0.00123832
0.00630686
-0.00341662
0.00193536
-0.000329136
-0.00092014
0.00243216
-0.00366566
0.00203666
0.00118023
-0.00374141
-0.00333188
0.00731423
-0.00188913
0.00293888
-0.00031403
0.000139483
-0.00148238
-0.000688778
-0.000746718
0.00311971
-0.00330771
-0.00186012
0.0038513
-0.000264058
-0.00472917
0.00381473
0.00218706
-0.00406908
-0.000289122
0.00243992
0.00512517
-0.00354654
0.000921284
0.00311336
-0.00338238
-0.00528422
0.00181065
-0.00129502
0.000816594
0.000119841
-0.000356851
-0.00155435
0.00785746
-0.0052214
-0.00157377
0.00359322
-0.00213183
-0.00355828
0.00238127
0.00285939
-0.0026653
-0.00109119
0.00258821
0.000692455
-0.00161861
0.000540497
-0.00495976
0.00448973
0.00512303
0.000234244
-0.00394088
0.000899841
-0.00097495
-0.00168407
0.00305554
-0.000642508
0.00113108
0.00019913
0.00214789
-0.00553329
0.000682868
0.0015989
-0.00101828
-0.0018035
-0.00344321
0.0021056
0.0036465
-0.00269333
0.00471871
-0.00479652
0.00241359
0.0023153
-0.000742045
-0.00239253
0.00147878
0.00163639
-0.00238997
0.000428554
0.00247615
-0.000460276
-0.0019486
-0.00417472
0.00271794
-8.69498e-05
0.000603793
-3.97309e-06
-0.000600738
0.00111263
0.00050542
-0.000778741
-8.59526e-05
0.00187632
-0.000718489
-0.00189962
0.00342923
-0.00294146
0.00298285
-0.00606308
0.00169441
0.000463262
-0.000856914
0.0047025
0.00213642
-0.00438602
-0.000149949
-0.000436017
0.00326318
-0.00282701
0.00106782
0.00428193
-0.00370796
-0.00149022
0.000589879
-0.00363637
-0.00145426
0.000907881
0.00187945
0.00125801
-0.00261278
-6.21479e-05
-0.000189192
-0.000885284
0.00295749
0.00291161
-0.00511256
0.000823374
0.000937902
-0.000372733
0.00240882
-0.00417947
0.00166906
-0.000627348
0.00224863
-0.00589046
0.000930875
0.000222532
0.00303238
-0.00246934
-9.46216e-05
0.00138952
0.000541828
0.00307525
-4.94221e-05
9.83867e-05
-0.00421645
0.00536529
0.00104684
-0.00200416
-0.00723448
0.00627651
0.000781579
4.5582e-05
-0.000492657
0.00161644
-0.00339561
-8.44373e-06
0.00274149
-0.000580927
-0.00247791
0.00165142
-0.00355525
0.00539811
-0.00216712
-0.0024036
0.00118427
0.0015926
0.00030523
0.000383496
-0.000824292
-0.00135924
0.000853279
-0.0018472
-0.00130877
0.0036873
-0.00155934
-0.00175353
-0.00244005
0.00198456
0.00242072
0.000739598
-0.000692324
-0.00208175
0.00378758
-0.00129326
-0.0027448
-0.000518727
-0.000216601
0.00103818
0.000298512
-0.00141265
0.00139353
0.00265573
-0.00327425
0.000354627
0.00086044
-0.00113888
0.00153882
-3.81732e-05
-0.00106208
0.00244898
-0.0022448
2.74256e-05
0.00148457
-0.00135982
0.00273729
-0.00225007
-0.000701853
-0.00192317
0.000149373
0.00445071
-0.00230762
-0.00237448
0.00598867
-0.00259051
0.00392028
-0.000868137
-0.00229148
-0.000898268
-0.00125383
0.000137619
-0.000771415
0.000662345
0.00312217
-0.00181764
-0.00269067
-0.00280299
0.00239672
-9.13532e-05
0.00345095
-0.00229397
0.00175587
0.000746396
-0.00202999
-4.77953e-05
-0.000744833
0.000507253
-0.000660692
0.00468163
-0.00403219
0.00155127
-0.0030772
-0.00101605
0.000871958
-0.00301369
0.0055343
-0.00141024
-0.000667977
-0.00186817
0.00179622
0.00308745
-0.000773892
-0.00584935
0.00501035
0.00047441
0.00146401
0.00114083
-0.00522045
0.0035853
-0.00368741
0.00133932
-0.00230946
0.00573271
-0.0038859
0.00122997
0.00314397
-0.00687829
0.000447132
0.0018092
-0.00140338
-1.04313e-05
0.00036742
-0.00191807
0.00354582
-0.000314409
0.000171664
0.00619052
-0.00310124
-0.00912969
-0.018505
0.0152532
0.012562
0.00982046
0.00716288
-0.00835893
-0.014844
-0.0192162
-0.0362917
-0.00939859
-0.0202751
0.0355305
0.075083
0.08093
0.0179367
-0.0025045
-0.11351
-0.0928721
-0.0314436
-0.0511644
-0.0723303
-0.0188117
0.0363684
0.00634274
0.0509391
0.00251644
-0.0168255
-0.00591966
0.00263745
0.00542394
0.000950157
-0.00276051
0.00403966
-0.000958478
0.00167244
0.000170869
0.00227529
-0.0148038
-0.00611905
0.0110001
0.017734
0.00543227
-0.0116194
-0.00933002
0.00488068
-0.000184364
-0.00282297
-1.46037e-05
-0.00243223
0.0109608
-0.00361726
-0.00246122
0.00210264
0.000468562
-0.00133221
0.00293169
-0.000773905
-0.000268288
0.00439281
-0.00123641
0.0010155
-0.00678361
0.000126381
0.000644225
0.0022377
-0.00818039
0.0018588
0.00572497
0.000487197
-0.00574972
-0.00223181
0.00305731
0.000962203
0.00167318
0.00131683
-0.00227959
0.00355088
-0.0032695
0.00149531
0.0056798
-0.000377404
-0.00165714
-0.000936959
-0.00303906
0.00174003
0.00193372
0.00232102
-0.00188947
-0.00298498
0.00205588
-0.00435094
-0.000917787
8.28128e-05
1.9797e-05
0.000769945
0.00262553
-0.00157298
-0.00133498
0.000858691
0.000890942
-0.0178181
-0.00866602
-0.0269743
-0.0374843
-0.0110538
-0.00544291
0.000864543
0.00148759
0.00244151
0.00302541
0.002874
-0.00350245
-0.00417068
0.00145964
0.00363459
0.00213676
0.00318931
-0.00470189
0.00270088
0.000645665
0.0018459
0.00118995
-0.00383734
-0.00318285
0.00934116
-0.00630454
-0.000200075
0.000261728
0.00164258
0.0061224
-0.00308974
-0.00162024
-0.00152257
-0.00102687
0.00745049
-0.0029651
0.000963592
5.9929e-05
-0.000732898
0.0037236
-0.00112023
-0.00234439
0.00220534
0.00242821
0.00111087
-0.00250691
-0.000406338
-0.0101044
-0.0356137
-0.0200873
-0.0207143
-0.00847934
-0.028961
0.0208023
-0.00400004
0.00640573
-0.00121522
-0.0077854
0.00319926
0.0083439
-0.000286323
0.00628006
0.00413956
0.0034939
0.0018733
-8.20798e-05
0.00121307
-0.000333367
0.00201519
0.00522142
-0.00592482
-0.00382473
0.0013095
0.00572397
0.00395093
0.000112331
-0.00497503
0.00316121
0.00258674
0.00193965
0.000765424
-0.00512617
0.000692902
0.00432356
-0.00300056
-0.000489994
-0.000734159
0.00272738
0.000661741
0.00430686
-0.00214007
-0.00523201
0.0048128
0.00340022
-0.000511931
-0.0035923
-5.33927e-07
-0.0248135
-0.021513
-0.0353107
-0.0146975
-0.0195043
0.0454034
0.0129055
0.00598043
0.00549464
-0.0861091
-0.0384194
-0.0139441
-0.00918652
-0.0334961
-0.0408762
-0.0462102
-0.0178154
-0.0123849
-0.0137351
0.00393052
0.000292997
-0.0107581
-0.0125575
-0.0124032
-0.010432
-0.0190985
-0.0147787
-0.00639089
-0.0148558
-0.0124799
-0.00989866
-0.00549996
0.0153277
0.0137711
0.0127596
0.00318925
0.00794177
1.60919e-05
0.00136093
0.0136289
-0.000695533
0.00481844
-0.000689796
0.00280638
-0.00359083
0.00173896
-0.000544273
0.00615169
-1.94334e-05
0.00339762
0.000247313
0.00473241
-0.00522101
0.00217347
-0.00108989
0.00726858
-0.00340873
0.00685503
-0.00463196
-0.000159919
0.005043
-0.00527195
0.0046626
0.000985779
0.00262803
-0.000692398
0.00324453
-0.00164452
-0.00407345
0.00185193
0.001227
0.000945059
-5.77241e-05
0.00580036
-0.00369913
0.00375745
-0.00437369
0.00428049
-5.84548e-05
-0.00281447
0.00190709
-0.00257076
0.00564195
-0.00196321
-0.00117183
-0.00103061
0.00169791
0.00463649
0.000600187
-0.00142738
0.00107612
-0.00471075
-0.00112614
0.00798664
-0.00324623
0.0044178
-0.00028822
-0.00123954
-0.00327523
0.000863744
0.0029437
0.00033182
0.00269862
0.000131121
-0.00292053
-0.00462163
0.000592297
0.0055481
0.00117502
-0.00062642
0.00931567
0.015865
0.0182835
0.014676
0.0165096
0.0231609
0.0132995
0.0209818
0.0179724
0.027576
0.015568
0.0431681
0.0155245
0.00466833
0.0119687
0.00589325
0.00377901
0.00911378
0.0103168
-0.0146748
-0.00462907
0.00289851
0.00637259
0.0049315
-0.00150776
-0.0126352
-0.0126954
-0.0399722
-0.0193185
-0.0232334
0.022646
-0.00145786
0.0188625
0.0436818
-0.0168967
-0.0394786
-0.0217174
0.0125484
0.0238338
-0.0116615
-0.0221476
-0.00110219
0.0203671
-0.00942072
0.000171422
0.0129314
0.0250335
0.00522203
-0.008112
-0.0260425
0.000294091
0.0133153
-0.00554419
-0.0214218
-0.00788451
0.0111231
0.0135714
0.00475559
0.00615003
-0.0115583
0.007394
0.00639212
-0.00492027
0.00421906
-0.012741
-0.00596755
0.00456456
0.00812031
0.00873093
-0.00660991
-0.0139998
0.0009031
0.0165053
-0.00359075
-0.00922496
-0.00133724
-0.0130969
0.0266457
-0.0209329
-0.0115643
0.0251807
0.0166008
-0.0146921
-0.00542571
0.00683401
0.00678414
0.000399729
-0.0259149
0.00861208
0.0100901
0.00691465
-0.00375496
-0.0156918
0.0114731
0.0123779
0.00330305
-0.0215779
0.00247548
0.0106676
-0.0110397
-0.00600215
-0.00190277
-0.0112628
0.0185491
-0.00585593
0.00405639
0.00349254
-0.00208684
0.0148133
0.00512083
-0.00829634
-0.00615242
0.00864952
0.00907008
0.00584383
-0.0160468
-0.0101648
0.00298102
0.00882536
0.00776333
0.0028623
-0.0343381
0.00986183
0.0175211
-0.00164458
-0.0135899
-0.0126602
0.0268111
0.009194
-0.0196206
-0.0121905
0.0340947
0.00694698
-0.0297143
-0.00534067
0.00678226
0.0314192
-0.00150846
-0.0264439
-0.0132063
0.0150503
0.0176479
-0.0124517
-0.0233671
-0.00598272
0.0240187
0.0134963
-0.0191006
-0.00433816
-0.00548306
0.0193198
0.00693452
-0.00653421
0.00471634
-0.00748746
0.012338
0.00882405
-0.00967247
-0.0108423
0.00282335
0.0237166
0.00142211
-0.0266978
-0.0139722
0.00935563
0.0206903
0.00125995
-0.0278391
-0.00715392
0.0195118
0.00851133
-0.0084453
-0.0152604
0.00555086
0.0152405
-0.00350878
0.00645117
-0.0117835
0.00110875
0.000265055
0.0144861
-0.00345017
-0.00455216
0.00190284
0.0186288
-0.0100501
-0.0120086
-0.00789607
0.0153355
0.00144206
-0.00353289
-0.00849158
-0.00621336
0.0117659
0.00139119
-0.00807185
0.0083637
0.00113563
-0.00520655
-0.00186511
0.0056512
0.0212746
-0.0119039
-0.0153247
0.00325325
0.013729
0.00455047
-0.00654988
-0.00420832
-0.0050236
-0.0015827
0.0182213
-0.00621713
-0.00980149
-0.00748673
0.00132186
-3.57588e-05
0.012626
-0.00734529
-0.00419834
0.000318219
0.00023459
0.0144989
-0.00087365
-0.00675925
0.0115858
0.0032385
-0.00871348
0.00129316
-0.00260937
0.0135747
-0.00322187
-0.00937876
-0.00632397
0.00183333
0.00884073
0.00333932
-0.0144078
-0.0126022
0.0104571
0.0214216
-0.0102187
-0.0114274
-0.00930736
0.0161888
0.00676323
0.00807254
-0.0115845
-0.0013776
0.0134114
-0.00472639
-0.00128951
-0.0037598
0.00918647
-0.0061085
-0.00603745
-0.0013313
0.0066353
0.00990335
-0.0068657
-0.0169096
-0.00634159
0.012731
0.0212053
-0.0169166
-0.0040542
0.00197461
-0.00765147
0.0106962
0.0006265
-0.00625519
0.000633058
-0.00251862
0.00496872
0.0102349
0.0040916
0.00873925
-0.00380819
-0.00469816
-0.00221718
0.00107572
-0.00237891
0.00490616
0.00308969
-0.0171215
-0.00527644
0.000203687
-0.000767342
0.00716117
0.0110218
-0.00420341
-0.0126848
-0.0100561
0.0063035
0.00843285
0.00367
-0.00640672
0.0129074
-0.00205688
-0.00125766
-0.00296787
0.00613786
0.010388
-0.00405017
-0.00716
-0.0070125
0.00381538
0.00890277
-0.00315525
-0.00380312
-0.00431262
-0.00273932
0.0109172
-0.00174042
-0.000574055
-0.00394387
0.00405599
-0.00422488
-0.010836
0.00429657
0.00707224
-0.000989084
0.00926247
-0.00489288
0.00547647
0.00408786
-0.00894231
0.0045981
-0.00337857
-0.00228185
0.00132287
0.00698515
-0.00949123
-0.00116817
-0.00134073
-9.99764e-05
0.00382212
0.00495812
0.000359129
8.58524e-05
-0.0150724
-0.001785
0.00632363
0.0115493
0.00420305
-0.00754489
0.00304302
0.00642885
-0.0078258
0.00593301
0.0012559
-0.00150719
-0.00203081
0.00281715
-0.00650128
-0.00111009
-0.00232781
-0.000247628
0.00950453
0.0035922
-0.011816
0.0125559
-0.0138724
-0.00198212
0.00624342
-0.0140891
-0.00189338
0.00671972
0.00365218
0.00511569
0.0119036
0.00491337
-0.0103686
-0.00443001
0.00359868
0.00746731
-0.00471956
0.00156208
0.00911414
-0.000260495
-0.0225921
0.019008
-0.00515456
-0.00927039
-0.00285662
0.0108216
0.00830574
-0.00527356
-0.0103068
0.0465345
0.0012217
0.0360153
-0.0191804
0.0255005
-0.0354734
0.02471
0.0345588
-0.0335278
-0.00753315
0.010474
-0.00417136
0.0211476
-0.0230114
-0.0193745
0.0161384
-0.00606851
0.00785502
0.00849827
-0.0320574
0.0161017
0.0107599
-0.0268578
-0.0120097
0.0154204
-0.0149028
0.0202031
0.0157322
-0.0231371
-0.0035837
-0.00085671
0.0195005
-0.00194927
-0.00514616
0.0019614
0.000825955
-0.00715618
0.00179699
0.00557974
-0.0079533
-0.00357238
0.0120344
0.00197604
-0.00662322
-0.00320738
-0.00598108
-0.00897329
0.0126072
-0.00113842
-0.0054205
-0.00129581
0.0067945
-0.000906757
-0.00662012
0.00153887
0.00428046
-0.00438943
0.00362124
0.0174027
-0.0218746
0.00891434
0.00344877
-0.00358498
0.00667511
-0.00506214
-0.00831796
-0.00318908
0.0132024
-0.0051804
-0.00569515
0.00326798
-0.00358922
0.00179344
0.00577819
0.000560907
0.000898143
-0.00577389
-0.00211057
-0.00797973
-0.00291527
0.00932337
0.00167259
0.00321093
0.00323976
-0.00934568
0.00225253
0.0134576
-0.0126972
0.00371083
0.00187912
-0.0048465
0.000907512
-0.00030341
-0.0118267
0.00872504
0.0133484
-0.0140707
-0.00177619
0.0123438
0.000790782
-0.0106344
0.00188908
0.00226546
-0.00920514
0.00315473
0.0155413
-0.0186973
0.00349987
0.0142685
-0.00198305
-0.00955333
0.0138257
-0.000147137
-0.00680283
0.000310828
-0.00765482
0.00175194
0.0029496
0.00264043
-0.019095
0.0220978
-0.0149589
-0.0164837
0.0314358
-0.0124288
-0.00874763
0.0264659
-0.0204034
-0.00969814
0.0187918
0.0100544
-0.0136545
0.00404216
0.00931675
-0.0110019
0.0118563
0.00566199
-0.0082506
-0.00900416
0.0101949
-0.00302746
-0.0131627
0.0109566
-0.00900116
0.00287757
0.00738201
-0.00559012
0.00515033
0.00297407
-0.00793554
-0.00497513
0.0104985
-0.0175733
0.0078732
0.00827456
-0.0152435
0.00570693
0.0107953
-0.0141374
0.000745199
0.0210609
-0.0129219
-0.00195098
0.0156963
-0.0216936
0.00624258
0.0215336
-0.0159211
-0.0110977
0.0190653
-0.00702983
-0.00665407
0.0164851
0.00193467
-0.0250073
0.0144014
0.00140799
-0.0161466
0.01255
-0.00965542
-0.00588004
0.0266873
0.00430634
-0.0265608
0.0160044
-0.0122459
-0.000524594
0.02558
-0.0275512
-0.0149713
0.0431476
-0.020995
-0.0112878
0.0250308
-0.0278185
0.00885629
0.0202757
0.00958198
-0.0248027
0.00868417
-0.00790362
0.00547456
0.00929655
-0.0189521
0.00149367
0.0158323
-0.0073181
-0.00964855
0.0106751
0.00255196
-0.022686
0.0167194
-0.0150145
0.0154361
0.00554876
-0.0171676
0.0242733
-0.00198221
-0.0204199
0.0258773
0.00283255
-0.0250681
0.011257
-0.00752763
-0.0155544
0.0320624
-0.00923375
-0.018355
0.0200482
0.000882268
-0.0135284
0.020207
-0.0169793
-0.000363163
0.00198808
-0.0141087
0.016174
0.00905238
-0.0215045
0.0137317
-6.8148e-06
-0.00975415
0.00755358
-0.0034416
-0.0121591
0.0300753
0.000505706
-0.0196449
0.020382
-0.00719179
-0.00563084
0.0146958
-0.0272694
0.0293268
-0.015498
-0.0151312
0.01867
-0.0236242
0.0119123
0.019591
-0.0196168
-0.00117263
0.00108904
0.00581953
0.0104947
-0.0145936
-0.00299246
0.0150481
-0.0209986
0.014773
0.00737115
-0.0123671
0.0230633
-0.0245715
0.0229576
-0.0160805
-0.0169564
0.00697802
0.00500056
-0.0086376
0.0308295
0.00104779
-0.0267275
0.0181663
-0.0223526
0.00425275
0.0193831
-0.0177639
0.00817889
-0.00983932
0.0111852
0.00809583
-0.0169465
0.0150862
-0.00139879
-0.0178939
0.0322745
-0.0180005
-0.0183847
0.0386988
-0.0362804
0.00128023
0.0319514
-0.0367265
0.0107675
0.0280871
-0.0386228
0.0297287
0.00543223
-0.038285
0.0287891
-0.00732808
-0.0176453
0.0214396
-0.0103556
-0.00391255
0.0161234
-0.0209911
0.0143061
0.00773382
-0.0159876
0.0165461
-0.0167685
-7.74639e-06
0.0234147
-0.020908
0.0121507
0.0151107
-0.0160711
-0.0121577
0.0327226
-0.0470455
0.0321272
-0.0028307
-0.0080395
0.0089593
-0.014344
0.0189358
-0.0181761
-0.000247828
0.0153816
-0.0154514
0.00869927
-0.0118158
0.00174987
0.0134834
-0.00709457
-0.00531014
0.0145035
-0.0253346
0.0258965
-0.0152326
0.0092225
0.0105022
-0.0354686
0.0342306
0.00529337
-0.0284333
0.0238684
-0.00499889
-0.0281689
0.0375289
-0.0156058
-0.0155258
0.0312085
-0.0206055
0.00296112
0.0111632
-0.0155004
0.0052818
0.00427833
-0.000878493
-0.00337357
-0.00491712
0.00848623
-0.00525522
-0.00350253
0.014809
-0.0203683
0.0149676
0.00523616
-0.018753
0.0325257
-0.0217161
-0.0118356
0.028542
-0.0242908
0.0126575
0.00995836
-0.0283203
0.0148176
-0.00156542
-0.0131526
0.0267356
-0.020742
-0.00387546
0.0100437
0.00452013
0.0111703
0.00294602
-0.00478532
-0.00620166
0.00290347
0.00689745
-0.00868406
0.00237966
-0.00913259
-0.00678071
-0.0052031
-0.000851871
-0.0015901
0.00576383
0.00322682
0.0121106
-0.00278887
-0.00343194
0.0157859
-0.00224895
-0.0167823
-0.00171151
0.00594706
-0.00469243
0.000888184
0.00639576
0.00148676
0.00463185
0.00191066
-0.000174664
0.000520035
-0.00833568
-0.00433213
0.00848629
0.00844577
-0.0145678
-0.0114275
0.00684913
0.000886134
0.00990539
-0.00155922
-0.00094408
0.000955852
-0.00510814
-0.00454151
0.00480701
0.00371437
0.00143231
-0.00562909
-0.00126701
-0.00142925
0.00566185
0.00722089
-0.00168563
-0.00943935
0.00551124
-0.000430159
0.00601211
-0.00808958
0.00146179
-0.000809613
0.00634876
-0.00894079
-0.000359049
0.0016367
0.00358941
-0.000595665
-0.00263943
-0.000902281
0.00191579
0.00233776
0.00200497
-0.00527817
-0.00224172
0.0047528
0.000446511
-0.00217845
-0.00642618
0.00155554
0.00936775
-0.000587738
-0.0015288
0.00292655
-0.00530135
0.00134396
0.00241648
-0.00399184
-0.00118535
0.00482768
-0.00220037
0.00298192
0.000944767
-0.00755092
0.00212315
0.00370864
-0.00187137
0.000655048
0.00118249
-0.00137402
0.00250038
-0.00441893
0.000332843
0.00207085
-0.00278147
0.00467099
-0.000901916
-0.00159285
0.00295691
-0.00364014
0.00723239
-0.00844508
-0.00218046
0.00206149
0.0010945
0.00313213
0.000631849
-0.00152853
0.000416169
-0.00262653
0.00340055
-0.00235738
0.00138848
-0.000664343
0.00182885
0.00203826
-0.00333903
-0.00174733
0.00393084
0.00051904
-0.000794976
-0.00358663
0.00235484
-0.00232112
-0.00162494
0.000177754
0.00380987
0.00180801
0.0035544
-0.00860811
0.00106754
0.00183176
-0.00297816
0.00362817
0.00210089
-0.00286977
-0.00044739
-0.000159223
0.00456206
-0.00254364
0.00548499
-0.00298826
-0.00286303
0.00233167
-0.000482634
-0.00120711
0.00400411
-0.00490446
-0.000246472
0.000837604
-0.00133354
0.00387497
0.000861888
-0.000206531
-0.0055417
0.000539423
0.00261646
-5.46066e-05
0.00244093
-0.000987251
-0.00115336
-0.00128956
0.00140221
-0.000467437
0.000683023
0.00320876
-0.00321451
-0.00248416
0.0037864
-0.00164536
-0.00284139
0.00140626
-0.000831225
0.00418036
0.000761396
-0.00182662
-0.00226035
0.00489696
0.000831721
-0.0022216
-0.000174548
-0.00381067
0.00531803
-0.000263421
-0.00204121
-0.00539918
0.00291781
-0.00147409
0.0031963
-0.00254617
0.00309835
0.0018758
8.96636e-05
-0.0011295
0.000680254
-0.00408736
-0.000400129
-0.000700467
-0.000265809
0.00422317
0.000606868
0.00180309
-0.0037202
-0.00129898
0.000287025
-0.00049961
0.0010915
0.0020426
0.000235765
-0.000573497
-0.000226833
-0.00363428
0.00602067
0.000368569
0.00221248
-0.000542743
-0.00134549
-0.00145507
-0.00212013
-0.00168938
0.000429408
0.000272572
0.00436385
-0.000389131
0.00224089
-0.00317173
-0.00153289
0.00139574
-4.57579e-06
-0.00124781
0.00214599
-0.00769085
0.00696944
0.00296638
-0.00399382
-0.00114246
-0.00285428
0.00249472
0.00228259
-0.00463541
0.00208542
-0.00113458
0.00037536
0.00678811
-0.00460959
0.000401518
-0.00351703
-0.00245926
0.00350735
0.0041055
-0.00131416
2.09753e-07
0.00731884
0.00756817
-0.00926473
-0.0109341
0.00188209
0.00148917
-0.0108257
0.0145381
-0.00700979
-0.00231328
0.00343989
-0.00246471
0.00371422
0.011764
-0.00716599
-0.000689039
0.0056171
-0.0046947
0.00607871
-0.00327858
-0.0212708
0.0118287
0.00729778
-0.0108099
0.0038028
0.0186807
-0.0327992
0.0327696
-0.0158972
0.00269122
0.0152127
-0.0317126
0.00417301
0.0140481
-0.00941687
0.0147043
-0.0088709
-0.0132262
-0.00390628
0.0211904
-0.0038205
0.0037837
-0.0221226
0.0185604
0.00200664
-0.00839173
0.0187043
-0.0169064
0.0195986
-0.0076629
-0.0152575
0.028537
-0.0222755
0.00183622
0.0191103
-0.0278103
0.00260407
0.0136899
-0.00659975
-0.00717325
0.00710534
-0.012289
0.0182144
0.00199937
-0.00321668
-0.0020012
-0.00565282
0.000504096
0.00128311
-0.0068437
0.0108323
-0.0166381
0.016519
0.00504156
-0.0236041
0.0324179
-0.00548313
-0.0183859
0.023144
-0.0252677
0.00165965
0.0240964
-0.0167174
-0.0042561
0.0131372
-0.0166911
-0.00296912
0.018628
-0.00642563
0.00213504
-0.000850081
-0.0112774
0.0128254
0.00126109
0.00300196
-0.00020416
-0.0221554
0.0197975
-0.00334766
-0.022304
0.0304996
-0.00822612
-0.00533034
0.0249639
-0.0351488
0.0214832
0.0115255
-0.0339386
0.0239138
-0.00192399
-0.0291464
0.0385999
-0.0111013
-0.0252469
0.0261324
-0.00545845
-0.0178404
0.0274153
-0.013484
-0.00792391
0.0282935
-0.0162673
-0.00423647
0.000359738
-0.0073528
0.0210575
-0.0191227
0.0161992
0.0107276
-0.0327796
0.0229853
-0.00466156
-0.0203009
0.0336316
-0.0126805
-0.0286456
0.0331203
-0.00745092
-0.0168632
0.0326983
-0.0152905
-0.0086998
0.0237729
-0.0198483
-0.0130953
0.0134267
-0.00740825
0.0059015
0.0133813
-0.00974631
0.00801386
-0.00599241
-0.0129159
0.015429
0.00381389
-0.000370267
0.0158381
-0.0377446
0.00379335
0.0243721
-0.0204463
-0.000835236
0.0194678
-0.0264618
0.00443428
0.0101672
-0.0229356
0.0363569
0.00362675
-0.0281909
0.0174807
-0.0089053
-0.011051
0.0260987
-0.00256418
-0.0162212
0.0138614
-0.00793773
-0.000907265
0.012485
-0.028865
0.00249944
0.0426388
-0.0228929
-0.00937599
0.0121754
-0.0292603
0.0340176
0.0156785
-0.0407191
0.0136124
0.000619118
-0.012058
0.0224364
-0.00937003
-0.0209569
0.0308616
-0.000159708
-0.0114934
0.0138385
-0.0127698
-0.00458659
0.0102841
-0.00431845
-0.00836942
0.0117712
-0.0044557
-0.0062524
0.00438324
-0.0081224
-0.0050624
0.0248476
-0.00460395
0.00396935
0.00490184
-0.0261015
0.0185986
0.0127096
-0.0295669
0.0103758
0.00209774
-0.0216351
0.0211943
-0.00837681
-0.00364101
0.0176764
0.000953784
-0.0127663
0.00309052
0.000232508
0.00173283
0.00288779
0.00824043
-0.00993793
-0.00610623
0.00870154
-0.0121048
0.00425631
0.026571
-0.0284332
0.0357727
0.0391029
0.0176983
-0.023302
0.00702804
-0.0230599
0.0533966
0.0269377
-0.082279
0.0068302
0.0352479
0.00478569
-0.0211481
0.0262219
-0.0226404
-0.00280186
0.00341402
-0.00317704
0.00503592
-0.00773826
-0.0231144
0.00476045
0.00980591
-0.00655249
-0.00318842
0.00469842
0.00122607
0.0118294
0.00860636
-0.0210916
-0.00529506
0.0182357
-0.0143376
-0.00633211
0.013721
-0.0132503
-0.00538077
0.0221236
0.0107809
-0.0269326
0.00266867
-0.0111101
-0.00311621
0.021407
-0.0058381
-0.00964542
0.0136128
-0.0196092
0.00530677
0.0245422
-0.0128811
-0.00568855
-0.00137264
0.00129147
-0.0102118
0.00722622
0.00421167
-0.0063103
0.000409753
0.0132566
-0.0163475
-0.00383427
0.00968473
-0.00803825
-0.00131399
0.0229567
-0.0295018
-0.000982444
0.0201979
-0.000501597
0.00782285
-0.012237
-0.00622574
-0.000872683
-0.00870124
0.0136888
-0.011075
0.00290194
0.0254951
-0.0101023
-0.0168017
0.0149871
0.000542299
-0.000727731
0.00207029
-0.0110271
-0.00324613
0.00780352
0.000483377
-0.014079
0.00934276
-0.0022502
-0.0110499
0.00964691
0.0101298
-0.00063879
0.00273189
0.0028688
-0.0213938
-0.000314357
0.0151001
-0.0218972
-0.000801347
0.0170622
0.00374165
0.00295672
0.00771154
-0.00208089
-0.00298778
-0.00279771
-0.0111721
6.09897e-05
0.00224633
-0.00508263
0.00597755
-0.00423407
-0.00153503
0.0052848
-0.0072127
0.0088204
0.000228171
-0.00661344
0.0143683
-0.00879159
-0.0191827
0.0053147
0.000786455
-0.00488133
0.0159417
0.0189288
-0.0109641
-0.0157355
0.00884799
0.00663764
0.00518228
0.00919645
-0.017518
-0.000524568
0.00701817
-0.011178
0.0024415
-0.00765256
0.00658448
0.0114397
-0.0171732
-0.00256978
0.00733439
-0.00524017
-0.0124202
0.00337525
0.00873348
-0.00114169
0.00550508
0.00904598
0.000153844
-0.0160964
0.00648068
0.00869608
-0.00870263
0.00588182
-0.00765207
-0.00328959
0.00804864
0.00738563
-0.0153132
0.00185106
0.00191641
0.00266868
-0.00296896
-0.00723444
0.00425502
0.00369754
0.00992447
-0.00548456
-0.0127974
0.00790038
0.0107238
-0.00222293
-0.00693223
-0.0114074
0.0233068
0.00185115
-0.0106641
0.00287249
-0.00712804
-0.0064175
0.000506101
0.0116504
-0.00578496
0.00294212
0.00327088
-0.0103497
-0.00359805
-0.00257031
0.0131811
0.00198154
-0.0102277
0.000311616
0.00498764
0.00437562
0.00690658
-0.0206869
0.0131606
0.000184246
-0.0112261
0.00587879
0.00772706
0.000814476
0.00351172
-0.00497624
-0.00906131
-0.00221575
0.00261331
0.00524636
0.00244963
0.00179583
0.00375743
-0.00882968
-0.0138865
0.00168758
-0.00402135
0.0076116
0.00101501
-0.002367
0.00982766
0.000326534
0.00359759
-0.00209939
-0.00981287
-0.000825078
0.0124594
0.000299519
-0.00195625
0.00481695
-0.0111949
-0.0052499
0.00799436
-0.00721677
0.0110913
0.00556297
-0.0138186
-0.00343156
-0.000934779
0.00685055
0.00687525
0.00160794
-0.0156537
-0.012012
0.00691491
0.00967946
0.004943
0.0108862
-0.0060737
-0.0114311
0.00701737
0.00327644
0.00609556
-0.00389087
-0.00741678
0.00562902
0.00527113
-0.00199767
-0.00274566
0.00502931
-0.00661811
-0.007293
-0.0124332
0.00426551
0.0109169
0.00443999
-0.0185678
-0.00228392
0.00983783
0.00235939
0.0092177
0.00825844
0.000748904
-0.00202794
0.00473924
-0.0084235
-0.0150594
0.0107218
0.000596616
-0.00880188
0.0211772
-0.0196838
-0.00453154
0.00457848
-0.00560563
0.00679658
0.00823315
-0.00597114
-0.00736848
0.000594027
0.00442725
-0.00510168
0.00597566
0.00328916
-0.00412559
0.00098687
0.00912243
0.0019433
-0.00497179
0.00798973
-0.0086022
0.00731261
-0.00620772
-0.0104155
0.00777364
-0.00170854
-0.00382063
0.00580917
-0.0100627
0.00417169
-0.00319275
-0.000873128
0.00913722
-0.00244716
0.0049646
-0.0121586
0.00110966
0.0061658
-0.000773797
0.00143901
0.00125688
0.00928118
-0.00198756
-0.00670289
-0.0118348
0.00773557
0.0220165
-0.00876291
-0.00598047
-0.013417
-0.00244402
0.0191072
-0.00123075
0.00712633
-0.0302654
-0.00261553
0.0112909
0.00779845
0.0102485
-0.014495
-0.00278967
-0.00897298
-0.00167919
0.0185755
0.00692081
0.0023194
-0.00503934
0.00212826
-0.00374052
0.00428392
-0.0118661
-0.00458535
0.0181903
-0.00779293
-0.00420138
-0.0109475
0.0110793
0.00683189
-0.0070727
-0.00870019
0.00206387
0.0133555
-0.00104383
-0.0193271
0.0043836
0.0152695
0.00989257
-0.00850819
-0.0101195
0.00719342
0.00642353
-0.00369522
-0.00783003
-0.000245589
0.0144561
-0.00942386
-0.00964453
0.0100934
-0.000849729
0.0124913
-0.00586944
-0.0196036
0.00233133
0.0116034
0.00344769
0.00154613
-0.020731
-0.010544
0.0232379
0.00588289
-0.00101829
-0.00633052
-0.0031914
0.00774065
0.0137954
6.7633e-05
-0.00780468
-0.00513982
-0.000990881
0.0011864
0.0028922
-0.0135944
0.0167455
0.00924916
-0.00537552
-0.0242811
-0.00416092
0.0154413
-0.00603029
-0.0287126
-0.00116818
0.0286535
0.0291366
0.00121468
-0.0197892
-0.00429545
0.011971
0.00630442
0.000368371
-0.00278013
-0.0144112
0.0106168
-0.00539164
-0.0157894
0.00899099
-0.000824783
0.0126378
-0.00412725
-0.0220916
0.00510738
0.0116083
0.0109752
-0.0043582
-0.0184324
-0.0185521
0.032299
0.0160551
-0.00992366
-0.028229
-0.00240591
0.0357551
0.00809078
-0.0220926
-0.00679712
0.00276797
0.0141616
3.539e-05
-0.0191189
-0.0139212
0.0205067
0.00927004
-0.000514775
0.00593052
-0.0209228
0.00661894
0.0059536
-0.013887
0.00365563
0.00535518
-0.00366893
0.00422084
-0.00735767
0.00530786
0.00873257
-0.00624227
0.000906121
0.003411
-0.00652165
-0.00391533
0.00334894
0.00551276
-0.00283177
-0.00996366
0.0110558
0.00631518
0.00975099
-0.0162323
-0.0188444
-0.0102651
0.0278478
0.0065701
-0.00980929
-0.00683879
0.0223879
0.00532535
-0.0108848
-0.0217784
0.0161705
0.0221347
0.000789675
-0.0270412
-0.0104641
0.0148242
0.00990709
-0.00105736
-0.0183619
-0.007077
0.0105779
0.00818027
0.00918698
-0.0129167
-0.0151126
0.00966481
0.00411736
-0.021754
-0.010702
0.0300871
0.0216988
-0.0186371
-0.0227644
0.0177761
0.035142
0.00776023
-0.033864
0.0205724
0.0237743
0.0185523
0.0307562
0.0186504
-0.0364965
-0.034416
-0.0217871
-0.0372045
-0.0209115
0.00264943
0.00492688
0.00664276
0.0128369
0.00780169
0.0191965
0.0146778
0.00672739
0.000813995
-0.00173802
-0.00186683
0.00584504
-0.00255028
-0.000609663
-0.00458205
0.00894316
-0.00412066
0.00436198
-0.000677314
0.000352679
0.000203016
-0.00582318
-0.00258814
0.000351117
-0.000428978
-0.000320678
-0.00249962
0.00305034
0.00279436
0.000278634
-0.00312195
-0.00153324
-0.00246626
-0.000589577
-0.0017694
0.00163122
-0.000109974
-0.000701822
0.00537524
-0.00169209
0.00149981
-0.000787929
-0.000643763
0.000585394
-0.00211053
0.000214285
0.00275665
-0.00179101
-0.00252182
-0.00115422
0.00163827
-0.00436936
0.00103966
0.00534898
-0.0020753
-0.00137534
0.00253445
-0.0014555
-0.0024998
-0.0109253
-0.0106501
0.00150586
-0.00834449
-0.015014
0.0122027
0.00581995
-0.0326445
-0.0178926
-0.0372737
-0.0494853
-0.0258469
-0.0487871
-0.0559594
-0.00647924
-0.0119647
-0.028236
0.00859885
-0.00526814
-0.00405298
0.00753726
-0.0058446
0.00279214
0.0200484
0.0101405
0.0303238
0.0186182
0.0147778
0.019612
0.000486349
0.00416025
0.0107131
0.0150048
0.00582751
0.012803
0.0208798
0.00804538
0.00460209
0.0112659
0.0045043
0.00287929
0.012832
0.00146238
0.0112912
0.00736366
1.54326e-05
0.00527679
0.00814495
0.00998823
0.00941747
0.00681418
0.00394184
-0.00461056
0.000372743
0.00576077
0.00745046
0.000465452
0.00233068
-0.000635114
0.00105288
0.00435348
0.00138575
-0.00770831
0.00746679
0.00200095
-0.000347797
-0.00122992
0.00137473
0.0057734
0.00124529
0.00274818
0.00208891
-0.00407089
-0.00588329
0.00068143
0.00103727
0.00255129
-0.00239667
0.00608859
0.00313307
-0.000764222
0.00528454
-0.00117864
0.000208665
-0.000891302
0.000788021
0.000544637
-0.00179113
-0.00123072
0.00115565
0.0036797
0.00166251
-0.000633935
0.000495101
-0.000656946
-0.00244983
0.00416764
-0.0048355
0.000562758
9.18399e-05
0.00217864
0.0014725
0.00078835
0.00465617
0.00108587
-0.00070374
0.0039075
-0.00599013
4.93646e-05
-0.00173819
0.00547655
-0.00156326
-0.00156565
0.00285466
0.00273024
0.00193786
-0.00213273
0.00365959
0.00163953
-0.00364907
-0.00334373
0.00100719
0.00172634
0.00108274
7.13298e-05
-0.00506306
-0.00184817
0.00397634
0.0030077
0.00194558
-0.00314324
0.0015145
0.00123064
0.000984171
-0.00439629
0.00204041
0.00157863
-0.0013583
0.00114743
0.000929315
-0.00364148
0.000330979
-0.00235087
0.00501228
0.00116606
0.00264818
-0.00526124
-0.000164261
-0.00271377
-0.000775991
0.00138082
0.00108478
-0.00916231
0.00124624
0.00556143
0.000456384
-0.000363172
0.00301168
0.00101785
-0.00563069
0.00259146
0.00387731
-0.00132276
0.00172798
-0.00147357
0.00168174
-0.00663449
-0.00155035
0.00837656
0.0006287
-0.00684376
0.000794281
0.00474799
-0.00324461
0.00430506
-0.00258499
-0.000874987
0.00225203
0.0041832
-0.00518846
0.000103147
-0.00109417
0.00256582
0.000985505
-0.00254101
0.00140159
0.000737259
0.00168104
-0.000990026
-0.00216512
-0.000470071
0.00318912
0.00347713
-0.00248789
-0.000539575
0.00325424
0.00153197
-0.0058857
-0.00342455
0.00415448
0.00497188
-0.00136761
-0.00373986
-0.000236752
0.00174526
0.000972243
0.00224897
0.00122407
-0.00205572
-0.00571461
0.000562121
0.00275872
-0.00250802
0.00226663
0.00135871
-0.00128016
0.00189397
0.00102843
-0.00186616
-0.00054837
-0.00264205
0.00330728
-0.00296071
0.00195595
-0.00121638
0.00372382
0.00328902
-0.000808106
-0.000211208
0.000636454
0.00187909
-0.00549557
0.00126373
-0.00263679
0.000721346
0.000797413
0.000420652
-7.75288e-05
0.00307845
0.00288621
-0.00154944
-0.00135702
-0.00192072
-0.00403952
0.00143414
-0.000741989
0.000447122
0.00272502
0.00089887
-0.000988982
0.000681887
0.00136173
0.00144877
0.000276736
0.000605174
0.000778746
-0.000662658
-0.00548197
0.00184609
-0.00157433
0.00195252
0.00262631
-0.00015094
0.00416321
-0.00274731
-0.00642942
0.00405603
0.00264592
-0.0050424
0.00227575
0.000740182
-0.00385162
0.00486023
-0.0033287
0.00221098
-0.00414785
0.00400914
-0.00327946
0.00378224
0.00179515
-0.00133866
-0.00318035
0.00339326
-0.00254656
-0.0009047
0.00348399
-0.00182734
0.000329491
-0.00170979
0.00187667
-0.000595349
-0.00294144
0.00265168
0.00386177
-0.0049872
0.00378478
0.00184056
-0.00190798
0.00205279
-0.00385977
0.00373421
-0.00285918
0.00175566
-0.000739384
0.0015057
-0.00534068
0.00465468
-0.0022367
-0.000293124
0.00508903
-0.00401125
0.001084
-0.000975392
0.00174559
-0.00146308
-0.00135029
0.00235493
0.00095346
0.00289159
-0.00340422
-0.00021866
-0.00174548
-0.00429433
0.00333415
-0.000322725
0.00292147
0.00068019
-0.00102538
0.00310477
0.00239687
-0.00634001
0.00566044
-0.00173388
0.000628176
-0.00306712
0.00172119
-0.000714973
0.000819051
-0.0011819
0.000230855
-0.000233513
0.000333618
0.00150475
-0.000112828
-0.00218738
0.000696897
0.00221659
-0.000784671
4.27521e-05
-1.00622e-05
-0.00218051
0.00204275
-0.00054105
0.000269464
-0.00133746
-0.00188318
0.00200642
-0.00145446
0.00381946
-0.00114439
0.001153
-0.00107396
0.00144254
0.000984214
-0.00054226
0.000371139
-0.00209024
0.000238435
0.00146925
-0.00309675
0.000754044
-0.000689073
-0.000621592
0.00424648
-0.00480477
0.00469679
-0.000241761
0.00075325
-0.00567983
0.00428951
0.00151776
-0.000291787
-0.00313596
0.000264691
0.00329556
0.00045296
-0.000425313
-0.00368046
0.000967242
-0.00289058
0.00146567
0.000612688
-0.00049549
0.000977527
0.00288912
0.00425247
-0.00594091
-0.000393843
0.00162184
-0.00267842
-0.00102479
0.00322266
-0.000258308
-0.0013245
0.00293699
-0.00378299
-0.000252051
0.000414964
0.00182724
0.00378575
-0.00157619
-0.00186972
0.000600607
0.00290209
-0.00258759
0.00127998
1.77316e-05
-0.00375779
0.00271336
0.000785849
0.00040135
0.00110574
-0.00567298
0.00293649
-0.0013373
0.0016122
-0.00198204
0.000368649
-0.00117534
0.00357459
-0.00248314
-0.00553757
0.00358283
0.00306126
-0.00400181
0.000396462
0.00172291
0.00406965
0.00227989
-0.00183545
0.000553951
0.00025178
-0.00141725
-0.00322511
-0.000892451
-0.000229152
0.00122182
0.000545845
0.00659678
-0.00620579
-0.000299168
-0.00389309
0.003996
-0.000337673
-0.00233894
0.0025552
-0.000452363
-3.6837e-05
0.00261204
0.000226548
-0.00359285
-0.000829536
0.00118117
0.000564402
-0.000690323
0.00568982
-0.00617179
0.00658314
0.000865629
-0.00462671
0.0015441
0.0013154
-0.00111227
-0.0034813
-0.00351535
0.00257034
0.000822509
0.000104242
0.00534311
-0.00124139
-0.000351751
-0.00684537
0.00210536
0.0011046
0.00201712
0.000761374
0.00165182
-0.00204096
-0.00149374
0.000952877
-0.000218507
0.000964507
-0.00251856
0.00347288
0.00388955
-0.00326426
-0.00395547
0.00232075
-0.00294868
-0.00163594
0.00125026
0.00174833
0.00271725
-0.000376261
0.00050489
0.000248406
-0.00188272
0.000937392
-0.00307805
0.00276873
-0.000173376
4.96091e-05
0.0013331
-0.0030717
-0.00103998
0.0065794
-0.000894614
-0.00453926
-0.00202332
0.004205
-0.000459544
0.00182394
-0.00367339
0.00296225
0.000708148
-0.000407221
-0.00245759
0.00222288
-0.00143296
-0.00220366
0.00446766
-0.0023306
-0.00169999
-0.000394766
0.00712654
-0.00561915
-0.000190085
-0.0047325
0.00357417
0.00452026
0.000883007
0.000637532
-0.00257044
-0.00350258
0.00335427
-0.00071889
-0.00104582
0.00384958
-0.000272777
-0.0028857
0.000175145
-0.000197691
-0.000153272
-0.0013055
0.00518035
-0.00248664
-7.10228e-05
0.000802261
-0.00377931
-0.00106048
0.00152867
0.00321895
0.00551571
0.000223478
-0.00482164
-0.00353616
-0.000713151
0.00444729
-0.00174969
0.000540338
0.000149889
0.0013351
-0.00620924
0.00327469
0.00162196
-0.0033908
0.00346951
9.44477e-05
0.00188197
-0.00452236
0.00208697
-0.00213428
-0.000872656
-0.000349712
0.00542108
0.000974472
-0.00358885
-0.00171784
-0.000450284
0.000980051
0.0045046
-0.0022938
-0.00321295
-0.00100718
0.00209963
0.00126858
-0.004717
0.000885466
0.000118975
0.00303471
0.002573
0.000489478
-0.00245764
-1.14183e-05
-0.000103744
-0.00108628
-0.00103904
0.000874551
0.000185407
0.000278552
0.00330466
-0.000821395
-0.00103532
-0.00165196
-0.00434298
0.00125227
0.00524252
0.000122591
0.000165054
-0.000937832
-0.00241726
-0.00327237
0.000201908
0.00283525
0.000970826
0.00417276
0.000920938
-0.000422805
0.00143406
0.000997581
-0.00461622
-0.00156709
0.00184835
-0.00408292
0.00238559
-0.00153163
-0.00129956
0.00235403
0.000999145
0.00221206
-0.000800426
0.00350599
-0.00207668
-0.00322482
-0.000632269
0.00379312
0.0031655
-0.00247167
0.00150802
-0.00142162
-0.00141014
-0.00454925
0.00100774
-0.00114928
-0.0018551
0.00197048
0.00423318
-0.000123549
0.000581151
-0.00213772
-0.000435337
-0.0014392
-0.000316385
0.00142451
0.00284996
-0.00112968
-0.000399336
5.17968e-05
-0.000685123
0.00237677
-0.000137535
-0.00361192
-0.00136244
0.0045313
-0.00451987
0.00100332
2.30426e-07
0.00141531
0.0019668
0.000143299
-0.00140362
-0.00303524
0.00176695
-0.00170969
0.000779772
0.00359614
-0.00280015
-0.00119719
0.00334146
-0.00112997
-5.3424e-05
0.00113465
0.000516244
-0.00358768
0.000726586
0.000830888
0.00267925
-0.00545446
-0.000324374
0.00370912
0.00107769
-0.000132333
-0.0049643
0.00160792
0.00421316
0.00216399
-0.00360185
-0.0052739
0.00633231
0.000646131
-0.00301883
-0.000899667
-0.000290581
-0.00186291
0.000954959
0.0001038
0.00271092
-0.00169024
-0.00111057
0.00175383
-0.00021332
-0.0005077
0.00154617
-0.000934578
0.00277511
-0.00166226
-0.00412811
0.00308499
0.000242845
-0.0015676
9.08123e-05
0.00130246
0.00310849
0.00232777
-0.00585369
-0.00052845
0.00604467
-0.00582541
-0.00124254
0.0030998
0.00334773
-0.00606072
-0.000521908
-0.000575781
-0.000147735
-0.000224224
0.00286046
0.00326147
-0.00049201
-0.00108399
4.69088e-05
-0.00242467
0.00261087
0.000624146
1.65596e-06
-0.00160903
0.00219487
-0.00239694
0.00147039
0.00123884
-0.00429352
0.00288283
-0.00208478
-0.000437987
0.00477004
-0.00333892
0.000511532
0.000878727
-0.00111958
-0.00166999
-0.00307649
0.00636032
0.000304748
0.00128879
0.000136112
-0.00554784
-0.00321189
0.00380194
0.000646196
0.00212567
0.00298283
-0.00715246
0.00305659
0.000365829
-0.00244193
0.00421221
0.00226434
-0.00254395
0.000235911
-0.00406816
0.000106052
0.00110524
-0.000202562
0.00183007
-0.00135956
-0.000605564
0.00279596
-0.00127722
-0.00168578
-0.000590158
-0.00253671
0.0036313
0.000749863
-0.000516471
0.00360528
-0.00439136
0.000338232
0.00606288
-0.00140186
0.000690522
-0.000331453
-0.0025195
-0.000570902
-0.00170516
0.000622195
-0.00119783
0.00279086
0.00232279
2.31478e-05
-0.0012667
-0.00568281
0.0031284
-0.00097461
-0.000498478
0.00258108
-0.00230199
0.00111694
-0.00384218
0.00234892
0.00206655
0.00335455
0.000748501
-0.00537385
-6.18381e-05
0.00102618
-0.00272382
-0.000458206
0.00171715
0.00559763
-0.000360942
-0.00130649
-0.00477654
0.000875703
-0.000530417
0.00366656
-0.00124002
0.00175165
-0.00178082
-0.00148699
0.00216038
-0.00480691
0.00441059
-0.000548789
0.00464015
-0.000579411
3.58746e-05
-0.00329941
-0.00459013
0.00129755
0.00235881
-0.002154
0.00414128
0.000684358
0.00140894
-0.00377385
0.00118949
0.000284357
-0.00107121
0.00122963
-0.00149988
-0.00172784
0.00381205
-0.000234174
-0.00130255
-0.00299781
0.00330414
0.00380674
-0.00190943
-0.00306976
0.00118902
0.00159649
-0.00399737
0.0021669
-0.00418686
0.0029991
0.00114288
-0.00150435
0.00184666
-0.00308613
0.00133251
0.000954522
-0.00165794
0.00548148
0.00178797
0.00178361
-0.00525769
-0.00318969
0.00295664
-0.00357481
-0.000496832
0.00337069
-0.00271136
0.00256149
-0.00252694
-0.00335982
0.00324211
0.00119337
0.00442984
-0.00687288
-0.0012554
0.00263594
-0.000877306
-0.00207972
0.00447715
0.00316621
-0.00462417
0.00248861
-0.00264459
0.00041644
-0.00195836
-0.000551438
0.00460675
0.00249276
0.00246437
-0.00378407
-0.00240049
-0.000496503
-0.00160706
0.00441092
0.00112157
0.000447452
0.00191722
-0.00114915
-0.0051687
0.000444093
-0.000525369
0.000423602
0.00407856
-0.0010521
-0.00143726
-0.00066912
-0.00107299
-0.000209932
0.00136062
0.00402838
-0.00279927
-0.00605948
-0.0019416
0.00818612
-0.00702083
0.00523507
0.000929432
-0.00200775
0.000587801
0.000643376
0.00245508
-0.00127045
-0.000884694
0.00365287
-0.00211428
-0.00201538
-0.0016913
-0.00110767
0.00180723
0.000676815
0.00261233
0.000300962
-0.00280502
-0.00254746
-0.000432615
-0.00230326
3.74942e-05
0.00376662
0.00244811
0.00185398
-0.00661947
0.0994131
0.0514093
0.0446373
0.0770859
0.0425635
0.0182769
0.0260973
0.00638239
-0.0133236
-0.0178739
-0.0292545
-0.00990948
-0.0292806
-0.0158754
-0.0137531
-0.00611295
0.000730901
-0.00304743
0.000957508
-0.000284673
0.0017601
-0.00204745
0.00314819
0.00252991
-0.0026067
-0.000848856
0.00248896
-0.00313346
0.00247999
0.00131649
-0.00130537
0.00320316
-0.00539152
0.0025195
-0.00165366
-0.00218124
0.000490408
0.00307756
0.00146518
-0.00288421
0.00331119
-0.00169729
0.00179826
-0.000324127
-0.00104093
0.00175132
0.00079504
-0.00252142
0.000384229
0.0026647
0.000129151
-0.00372397
0.000560961
-0.0020088
0.00407128
-0.00276536
0.00118395
-0.00243551
0.00527228
0.000730096
-0.00240257
-0.00208447
0.00191407
0.00309769
-0.000486203
-0.0038046
0.00668619
-0.00400355
0.00150505
0.000198344
-0.00217574
8.14638e-05
0.00183522
0.00240818
-0.000468535
0.000956281
-0.000658084
-0.0045771
0.00407145
-0.0019916
0.00107496
-0.00187095
0.000419598
0.00391522
0.00129034
-0.00382051
0.00315105
-0.00352499
0.00058712
4.98454e-05
-0.00291658
0.00347078
0.00109986
-0.000533895
-0.00265171
0.00266119
-9.0457e-05
-0.000545863
-0.00148716
-0.00119778
0.0027538
0.00116337
0.00315757
-0.0024942
0.00140327
-0.00160661
0.00113009
0.000679624
-0.00117461
-0.00283763
0.00123416
-0.00310607
0.00337149
-0.00103127
0.00251139
0.00296093
-0.00209241
-0.00529564
0.00125235
0.00379895
-0.00224142
0.00155285
0.00661637
-0.000684977
-0.0056691
-0.000827676
9.40312e-05
0.000451324
0.0009913
0.00154843
-0.00143076
-0.000631347
1.77033e-05
-0.00182152
-0.000611894
0.00777179
-0.00723948
0.00137425
-3.41136e-05
0.00294198
0.00246488
0.00035726
-0.00323748
0.000917028
0.00118494
-0.00142338
0.00333814
-0.00679483
0.00343625
-0.00179248
-0.00184152
0.00203343
-0.000922121
0.00148725
0.000609884
-0.0011071
0.00393109
0.000785372
-0.00119052
-0.00296486
-0.00309215
0.00121654
0.00370991
-0.00620643
0.00446578
-0.00202516
0.00272149
0.00129187
0.00183798
-0.000545639
-0.00640058
0.00396411
-0.00148171
-0.00230764
0.00393601
-0.00189854
0.000711815
0.00167002
-0.000700504
-0.00146131
-0.000631071
-0.000634524
0.0026216
0.000189958
-0.00265357
0.00325458
-0.00182599
0.00203393
-0.00198073
0.000102008
0.00204943
-0.000160254
-0.000428688
0.000844982
-0.000364099
-0.00226315
0.00273513
-0.000270846
0.0021274
-0.0036562
0.000709784
-0.00410477
0.0076108
-0.000259493
-0.00303115
0.00169801
-0.00301659
0.00441604
-0.00269085
-0.00172513
0.00201646
-0.00236607
0.00333692
0.00190462
0.000224431
-0.00285918
-0.0011533
-0.00458394
0.000865609
0.000870694
0.00259327
-0.00103816
0.00473495
-0.000479694
-0.0025484
-0.00116402
-0.0015948
-0.000864144
0.0025087
0.000599724
-0.000254234
0.00189877
0.000217062
-0.00338343
-0.000541298
0.00598677
0.000728874
-0.000727775
0.000168994
-0.00471022
0.00376206
-0.00231963
-0.00170038
