-0.0379778
-0.0326605
-0.03744
-0.0217655
-0.0383604
-0.0335402
-0.0368721
-0.0360572
-0.0179396
-0.0262631
-0.0334859
-0.0170611
-0.0291644
-0.0487306
-0.0332166
-0.02736
-0.0418819
-0.0338273
-0.0377087
-0.0428148
-0.0454932
-0.0251031
-0.0329993
-0.0252602
-0.0376347
-0.0247765
-0.0452269
-0.0253334
-0.0311869
-0.029981
-0.0276824
-0.0334859
-0.0347555
-0.0393985
-0.0444497
-0.0459261
-0.0248459
-0.0439132
-0.0433529
-0.0338273
-0.0309712
-0.0366361
-0.0346906
-0.0321733
-0.0415889
-0.0422023
-0.0360572
-0.0381511
-0.0422562
-0.0399553
-0.0357862
-0.027954
-0.0386946
-0.0408889
-0.0327293
-0.0371521
-0.0307023
-0.0388587
-0.0268587
-0.0335951
-0.0313493
-0.0290494
-0.0338112
-0.0338112
-0.0396113
-0.0396113
-0.0329312
-0.033323
-0.0346871
-0.0346871
-0.0447659
-0.0447659
-0.0329993
-0.0481921
-0.0276824
-0.0459827
-0.0351767
-0.0183836
-0.0368819
-0.0475268
-0.0405168
-0.029992
-0.0240695
-0.0265864
-0.030038
-0.0323902
-0.0355157
-0.0346906
-0.0351767
-0.0332696
-0.0346906
-0.0346906
-0.0408889
-0.0341483
-0.0478487
-0.02456
-0.0167339
-0.0336074
-0.0201257
-0.0229729
-0.0293358
-0.0237482
-0.0212208
-0.0338112
-0.0440074
-0.0440074
-0.0321733
-0.0321733
-0.0253852
-0.0413038
-0.0318371
-0.0324447
-0.0363948
-0.0161904
-0.0265864
-0.0383035
-0.0450448
-0.0391284
-0.0366121
-0.0321202
-0.0382472
-0.0383604
-0.0414308
-0.0299276
-0.0391284
-0.0380881
-0.0389125
-0.0428546
-0.0394692
-0.0394552
-0.0363948
-0.0439644
-0.0371521
-0.0360572
-0.0375445
-0.0327799
-0.0391837
-0.0391999
-0.0386417
-0.0288315
-0.0405502
-0.0391794
-0.0419156
-0.036937
-0.0294328
-0.0217742
-0.0296565
-0.0265997
-0.0415889
-0.0190858
-0.0314045
-0.032773
-0.0301991
-0.0397917
-0.0396113
-0.0248868
-0.0323811
-0.0395125
-0.0424575
-0.0396867
-0.0361138
-0.0351937
-0.0355694
-0.0430683
-0.0408213
-0.0259929
-0.0332696
-0.0424712
-0.0315657
-0.032773
-0.0423067
-0.023141
-0.033323
-0.0210014
-0.0231931
-0.0282259
-0.0480624
-0.0349623
-0.0335951
-0.0366121
-0.0361138
-0.0304153
-0.0321733
-0.0253852
-0.0253852
-0.0349623
-0.0237924
-0.0455271
-0.0427973
-0.0457103
-0.0455271
-0.0456552
-0.029981
-0.0360572
-0.0478746
-0.0391284
-0.0399553
-0.0432992
-0.0286117
-0.0402243
-0.0344193
-0.0383203
-0.0386919
-0.0324112
-0.0313124
-0.0408799
-0.0503665
-0.0397389
-0.0395125
-0.0352454
-0.0573254
-0.0378161
-0.0301991
-0.0229729
-0.0429524
-0.0371521
-0.0364475
-0.0363285
-0.0439496
-0.0363948
-0.0364475
-0.0291038
-0.0265864
-0.0318371
-0.0406073
-0.0378161
-0.0291038
-0.0467519
-0.0413753
-0.0251031
-0.0414308
-0.0226982
-0.0385747
-0.0327165
-0.0293205
-0.0324447
-0.0354477
-0.0313493
-0.0326605
-0.0330513
-0.0304835
-0.02736
-0.0363427
-0.0354625
-0.0254375
-0.0365591
-0.0372086
-0.0324447
-0.0337774
-0.0315657
-0.030471
-0.0305273
-0.0352454
-0.0380881
-0.0329478
-0.0402794
-0.0344734
-0.0207285
-0.0291038
-0.0263108
-0.0332611
-0.0341404
-0.0265336
-0.0289955
-0.0268587
-0.0371521
-0.0405502
-0.0414261
-0.0366121
-0.0316785
-0.0414308
-0.0338112
-0.0458701
-0.0405502
-0.0447185
-0.0349623
-0.0385893
-0.0299276
-0.0440074
-0.0324447
-0.0302138
-0.04614
-0.0429182
-0.0341483
-0.0371521
-0.0329993
-0.0198531
-0.0369528
-0.0508474
-0.0450448
-0.0418819
-0.0434072
-0.0278999
-0.0379778
-0.0447741
-0.0345338
-0.0459261
-0.0380881
-0.040009
-0.0372656
-0.0329478
-0.029981
-0.0385893
-0.0321733
-0.0360572
-0.0299276
-0.0434072
-0.0285596
-0.0323902
-0.0235265
-0.021493
-0.0263144
-0.0402794
-0.0301991
-0.0360572
-0.0436783
-0.0310239
-0.0299276
-0.0212208
-0.0315101
-0.0428546
-0.0342956
-0.0335402
-0.0270207
-0.0267994
-0.0242891
-0.0304337
-0.0377621
-0.023968
-0.0456552
-0.0367197
-0.0288453
-0.0344193
-0.0321733
-0.0357862
-0.0402243
-0.0355157
-0.0335585
-0.0379778
-0.0456006
-0.0355365
-0.0194804
-0.0254375
-0.0290494
-0.0430683
-0.0408363
-0.0318506
-0.0422462
-0.0300911
-0.0310239
-0.0314045
-0.0329312
-0.0273474
-0.024614
-0.030254
-0.0396113
-0.0287261
-0.0304153
-0.0372086
-0.0385893
-0.0296565
-0.0335951
-0.0276298
-0.0257231
-0.0340826
-0.0203987
-0.0287708
-0.0276824
-0.0459261
-0.0338112
-0.0329312
-0.0231931
-0.0422562
-0.0385893
-0.0374806
-0.0296494
-0.0383035
-0.027954
-0.0349756
-0.0324447
-0.0298639
-0.0301991
-0.0271403
-0.0361243
-0.0427973
-0.044234
-0.0346359
-0.0360736
-0.0360736
-0.0376889
-0.0310771
-0.0418819
-0.0327165
-0.0293205
-0.0338777
-0.0293857
-0.0237978
-0.0371521
-0.0413753
-0.0377621
-0.0312405
-0.0327799
-0.035719
-0.0274112
-0.0382472
-0.0254375
-0.0372222
-0.0354625
-0.0257092
-0.0321202
-0.0284413
-0.0265336
-0.0234648
-0.0342008
-0.0307432
-0.0344193
-0.0415889
-0.0291038
-0.0357316
-0.0313493
-0.0396867
-0.0352454
-0.0368819
-0.0313493
-0.0290494
-0.0318506
-0.0453846
-0.0259812
-0.0372222
-0.0380326
-0.0301449
-0.0316218
-0.0296565
-0.0259812
-0.0443961
-0.0326605
-0.0358541
-0.0464821
-0.0243416
-0.0355157
-0.0379648
-0.0405674
-0.0414308
-0.0330513
-0.0232457
-0.0363948
-0.0363285
-0.0391284
-0.0307023
-0.0439496
-0.0405502
-0.0362709
-0.0335402
-0.0349253
-0.0284413
-0.0340451
-0.0293857
-0.0503665
-0.0391284
-0.0377087
-0.0399829
-0.0399829
-0.0464102
-0.0357862
-0.0313493
-0.036214
-0.0366596
-0.0366596
-0.027954
-0.0382699
-0.0455466
-0.0240695
-0.0369925
-0.0229157
-0.039669
-0.0427973
-0.0411528
-0.0413647
-0.0287125
-0.0445039
-0.0335402
-0.0405502
-0.0329478
-0.0467519
-0.0444935
-0.0354477
-0.0354477
-0.0515191
-0.0411056
-0.0307535
-0.0327165
-0.0534253
-0.0424712
-0.0424712
-0.034366
-0.030686
-0.0427405
-0.0431366
-0.0390737
-0.0394185
-0.0357862
-0.0290494
-0.0300911
-0.034746
-0.0388587
-0.0274629
-0.0288315
-0.0318506
-0.036937
-0.0319022
-0.0310239
-0.0347061
-0.0257715
-0.0372222
-0.0271314
-0.0232457
-0.0438924
-0.0317801
-0.022316
-0.0193091
-0.0335402
-0.0290494
-0.039669
-0.0201797
-0.0402794
-0.0402794
-0.0370526
-0.0315101
-0.0419156
-0.0492143
-0.0338273
-0.0385893
-0.0385893
-0.0408363
-0.0301991
-0.0360736
-0.0389125
-0.0518479
-0.0518479
-0.0483308
-0.0406185
-0.0522707
-0.036937
-0.0368819
-0.0368819
-0.0379778
-0.0318506
-0.0335402
-0.0380881
-0.0346359
-0.0310158
-0.0388054
-0.0293205
-0.0390737
-0.0338273
-0.0434
-0.0410928
-0.0363427
-0.0380881
-0.0399398
-0.0335402
-0.0386417
-0.0357862
-0.0390737
-0.0402794
-0.0374226
-0.0310158
-0.0373249
-0.0337774
-0.0380326
-0.0337554
-0.0489456
-0.0428148
-0.0441813
-0.0323902
-0.0268045
-0.0408363
-0.0408363
-0.054808
-0.0484456
-0.0441291
-0.0492704
-0.0419338
-0.034366
-0.0451144
-0.0427405
-0.0340253
-0.0322382
-0.0457974
-0.0368721
-0.0362709
-0.0399553
-0.024614
-0.0328743
-0.0203987
-0.0349623
-0.0394185
-0.0357316
-0.0298748
-0.0321202
-0.032773
-0.0368819
-0.0392395
-0.029981
-0.0324447
-0.047633
-0.0467519
-0.0419156
-0.0483308
-0.0439496
-0.0350191
-0.0481181
-0.0369925
-0.044234
-0.037539
-0.0382472
-0.0414308
-0.0416656
-0.0281704
-0.0478348
-0.0383035
-0.0341404
-0.0419863
-0.0383035
-0.0399553
-0.0287785
-0.0338676
-0.0390737
-0.0472353
-0.0318506
-0.0282881
-0.0394552
-0.0388463
-0.0459261
-0.0529431
-0.0427405
-0.0368819
-0.0338112
-0.0400632
-0.0327293
-0.0394552
-0.0335402
-0.0254375
-0.0323902
-0.0408363
-0.0431271
-0.0377087
-0.0268045
-0.0281885
-0.0318506
-0.0360572
-0.0346264
-0.0399553
-0.0357316
-0.0404936
-0.0342008
-0.0335585
-0.0298748
-0.0422562
-0.0332166
-0.0507101
-0.0431366
-0.0419156
-0.0355665
-0.0293857
-0.0458701
-0.0352454
-0.0315813
-0.0263662
-0.0380881
-0.03744
-0.041873
-0.0346906
-0.0278999
-0.0301991
-0.0297084
-0.0268587
-0.021825
-0.0354099
-0.0357862
-0.0355157
-0.0299276
-0.0285081
-0.03351
-0.0279683
-0.0332166
-0.0282881
-0.0366121
-0.0335402
-0.0467519
-0.0338112
-0.0472353
-0.0293764
-0.0434072
-0.0323811
-0.040009
-0.051407
-0.0263144
-0.0383604
-0.0400632
-0.0378161
-0.0352977
-0.0323902
-0.0308576
-0.0335951
-0.0402988
-0.0318371
-0.0314045
-0.0210014
-0.0366657
-0.0287785
-0.0251662
-0.0234113
-0.0369925
-0.0347061
-0.0403351
-0.0265864
-0.0288315
-0.0358414
-0.0366657
-0.0366657
-0.0350191
-0.0293764
-0.0293764
-0.03351
-0.0179396
-0.0308009
-0.0407842
-0.0309712
-0.0309712
-0.0391837
-0.0262124
-0.0262124
-0.0302627
-0.0360736
-0.0374226
-0.0374226
-0.0363285
-0.0346359
-0.0268698
-0.0288315
-0.0394552
-0.0434072
-0.0393985
-0.0332696
-0.0394552
-0.0340964
-0.0335585
-0.0377621
-0.0453157
-0.0382472
-0.0382472
-0.0284982
-0.0355157
-0.0341988
-0.0310771
-0.0285596
-0.0329478
-0.0308053
-0.0329886
-0.0537116
-0.0453846
-0.0327165
-0.0291038
-0.0411597
-0.0338676
-0.0346359
-0.0341483
-0.0341483
-0.0352454
-0.0305847
-0.0495409
-0.0377529
-0.0346264
-0.0332696
-0.0395206
-0.0234113
-0.0293857
-0.0351767
-0.0368819
-0.0262536
-0.0310239
-0.0498117
-0.0469109
-0.0321089
-0.0265336
-0.0285596
-0.0231931
-0.0387871
-0.0461974
-0.0464102
-0.0280169
-0.0366657
-0.0321089
-0.0383604
-0.0263108
-0.0292864
-0.0316218
-0.0141679
-0.0141679
-0.0424712
-0.0312946
-0.0340964
-0.0363865
-0.0308053
-0.0316218
-0.0335402
-0.0263662
-0.0456006
-0.0287708
-0.0301449
-0.0384227
-0.0461611
-0.0315317
-0.0449877
-0.0491916
-0.0413753
-0.0436952
-0.0533762
-0.0486158
-0.0435113
-0.0405964
-0.0420104
-0.0324112
-0.0357316
-0.0360736
-0.0379543
-0.0416656
-0.0429284
-0.0401697
-0.0370024
-0.0362911
-0.0215532
-0.0343132
-0.0489456
-0.0318947
-0.0284571
-0.0278999
-0.0396867
-0.0355068
-0.0458147
-0.0362911
-0.0287785
-0.0466975
-0.0370962
-0.0279683
-0.0332696
-0.028238
-0.0290494
-0.0441813
-0.0363948
-0.0416656
-0.0321202
-0.0385893
-0.0383712
-0.0407633
-0.0363427
-0.0293205
-0.0334859
-0.0268587
-0.0388587
-0.0352454
-0.0415889
-0.0452789
-0.033432
-0.0393682
-0.0245767
-0.0481418
-0.0419338
-0.0488915
-0.0450116
-0.0385893
-0.0307535
-0.0377087
-0.036937
-0.0404936
-0.0430837
-0.0506362
-0.0397271
-0.0281885
-0.0349253
-0.0458147
-0.0397271
-0.0456552
-0.0427973
-0.0316315
-0.0405502
-0.0321202
-0.0343132
-0.0407327
-0.0477945
-0.0422023
-0.0372086
-0.0452789
-0.0385893
-0.0391999
-0.0386417
-0.0515191
-0.0338112
-0.0468562
-0.0484094
-0.0427973
-0.0497752
-0.0480624
-0.0446955
-0.0483529
-0.0410828
-0.0536556
-0.0533345
-0.0506581
-0.0514402
-0.0514402
-0.057827
-0.057875
-0.0433781
-0.0482575
-0.0469877
-0.0439459
-0.0439459
-0.036102
-0.0435475
-0.0341682
-0.0341682
-0.042136
-0.0414323
-0.0391018
-0.0236507
-0.0236507
-0.0472088
-0.043283
-0.049763
-0.0363689
-0.0425346
-0.0441199
-0.052228
-0.0530692
-0.0530692
-0.0502912
-0.0331966
-0.0464135
-0.0296302
-0.0488915
-0.0488915
-0.0407842
-0.0455781
-0.0399357
-0.0441655
-0.0349996
-0.0306649
-0.0239667
0.023567
0.0585903
0.0573373
0.0841963
0.0638728
0.0698758
0.0743693
0.0553864
0.0631798
0.0634155
0.0596224
0.0589713
0.0480574
0.0529471
0.0582957
0.0427013
0.0417977
0.0529335
0.0442513
0.0560691
0.0534083
0.0293088
0.0440438
0.0509026
0.0453659
0.0634128
0.0469296
0.0469296
0.050277
0.0484828
0.0433653
0.0480415
0.0600726
0.0344462
0.0520506
0.0469482
0.0558495
0.0538421
0.0391276
0.0313185
0.0533902
0.0480455
0.0544964
0.0417886
0.0440245
0.0431355
0.0431355
0.0431355
0.0353363
0.0406839
0.0914651
0.26083
0.317235
0.221184
0.217136
0.218329
0.201606
0.176018
0.20153
0.175169
0.180349
0.17943
0.182419
0.150627
0.172521
0.17507
0.18689
0.17215
0.173979
0.172299
0.18122
0.184603
0.17507
0.172087
0.181276
0.178809
0.169753
0.182896
0.184132
0.173902
0.169499
0.182583
0.174039
0.183577
0.173238
0.184788
0.180092
0.183475
0.179897
0.172049
0.172049
0.178709
0.183663
0.178457
0.169941
0.176199
0.183907
0.17285
0.187804
0.188928
0.178238
0.178634
0.166438
0.173578
0.178709
0.17139
0.16741
0.165635
0.171172
0.184237
0.173393
0.159447
0.179139
0.174598
0.169064
0.179547
0.173281
0.166378
0.185133
0.175911
0.184706
0.176527
0.188013
0.164068
0.189433
0.189433
0.173365
0.16917
0.164333
0.17739
0.175109
0.169101
0.164659
0.174961
0.178418
0.164182
0.164333
0.159122
0.181827
0.161019
0.176708
0.156249
0.160773
0.17139
0.175726
0.17885
0.182056
0.177476
0.170014
0.186492
0.173753
0.177328
0.176673
0.167466
0.172521
0.174412
0.174083
0.172951
0.182488
0.169101
0.176199
0.160475
0.160475
0.168775
0.17696
0.160128
0.167309
0.170589
0.169292
0.169208
0.151187
0.164303
0.146751
0.160526
0.159728
0.161266
0.16898
0.160128
0.177566
0.182957
0.181437
0.184302
0.204418
0.197973
0.210258
0.200102
0.209933
0.209215
0.210897
0.181121
0.172458
0.157629
0.152314
0.123215
0.13404
0.131264
0.136376
0.152143
0.14992
0.147474
0.177973
0.183179
0.181033
0.212069
0.217048
0.229694
0.238147
0.242126
0.242126
0.267066
0.258946
0.261502
0.295759
0.276464
0.269229
0.27283
0.278579
0.280301
0.292499
0.276405
0.277436
0.260062
0.259775
0.237153
0.24302
0.233037
0.25253
0.2327
0.235241
0.234047
0.229803
0.227494
0.194735
0.216128
0.188893
0.172264
0.178321
0.178219
0.172524
0.182656
0.19709
0.162225
0.162385
0.175203
0.173485
0.177623
0.192445
0.189886
0.202017
0.176881
0.173473
0.19124
0.181208
0.180296
0.174341
0.16674
0.167903
0.170015
0.174604
0.163693
0.166579
0.16905
0.168613
0.17669
0.18749
0.190814
0.204639
0.210423
0.216536
0.207966
0.222331
0.222732
0.217869
0.231122
0.218639
0.209308
0.201274
0.229076
0.221033
0.213025
0.214519
0.207959
0.220301
0.216355
0.220667
0.219764
0.242736
0.242457
0.242457
0.260996
0.273185
0.289077
0.299839
0.306105
0.292143
0.294339
0.295678
0.287916
0.272095
0.275651
0.260455
0.250471
0.257037
0.243324
0.236209
0.240297
0.236524
0.243024
0.228472
0.232326
0.232326
0.268169
0.270176
0.270176
0.298816
0.287893
0.293389
0.331023
0.31906
0.322305
0.315769
0.346543
0.32422
0.330297
0.312328
0.311353
0.320814
0.309587
0.307352
0.288546
0.311218
0.291882
0.303871
0.299577
0.291358
0.304625
0.298693
0.292606
0.292432
0.279811
0.286657
0.273764
0.280626
0.271081
0.271354
0.269038
0.266159
0.263479
0.259946
0.262667
0.25428
0.266457
0.258184
0.258254
0.260266
0.255887
0.248807
0.257347
0.263324
0.24832
0.256098
0.256098
0.250192
0.257686
0.259869
0.252085
0.249525
0.249525
0.254491
0.24632
0.247087
0.256019
0.252514
0.263922
0.256682
0.259372
0.255149
0.257947
0.241129
0.252297
0.239487
0.246592
0.249584
0.242699
0.251063
0.249169
0.245166
0.251187
0.239183
0.251062
0.246626
0.248295
0.2512
0.242312
0.242312
0.231829
0.249389
0.231508
0.243628
0.238284
0.229841
0.235279
0.24572
0.241724
0.235836
0.230615
0.226384
0.234612
0.23139
0.236061
0.238828
0.252154
0.227139
0.231939
0.231939
0.22582
0.233161
0.230484
0.240684
0.227257
0.235217
0.238131
0.234475
0.229815
0.236998
0.229345
0.237775
0.244103
0.226176
0.240366
0.228779
0.233331
0.242359
0.232554
0.243639
0.246373
0.229871
0.222918
0.229459
0.232871
0.240772
0.240644
0.240435
0.236744
0.23014
0.2314
0.236201
0.232813
0.228746
0.226955
0.217015
0.226923
0.234601
0.235811
0.232612
0.245394
0.231796
0.238965
0.2314
0.234134
0.236976
0.231085
0.223953
0.225944
0.227156
0.233047
0.235578
0.223219
0.231601
0.235298
0.242875
0.229146
0.229924
0.216648
0.233624
0.223256
0.213811
0.231715
0.230237
0.225479
0.215416
0.223603
0.233122
0.218342
0.238302
0.233083
0.231445
0.231166
0.223975
0.229181
0.225516
0.236859
0.225091
0.223839
0.226179
0.223293
0.22996
0.236038
0.219463
0.226012
0.211703
0.226486
0.209058
0.237491
0.223789
0.218188
0.23334
0.233762
0.208474
0.221692
0.220672
0.216699
0.219288
0.219889
0.224386
0.219175
0.224516
0.215146
0.211305
0.2322
0.212748
0.222182
0.206795
0.229201
0.224218
0.216226
0.224755
0.217483
0.222536
0.221034
0.223142
0.217975
0.216714
0.219706
0.222837
0.215386
0.220855
0.208541
0.215038
0.21641
0.204869
0.222657
0.227824
0.221879
0.216062
0.218285
0.218459
0.22722
0.21876
0.226082
0.209739
0.216236
0.214601
0.217674
0.21641
0.223008
0.219589
0.204809
0.218375
0.221326
0.215928
0.223994
0.222836
0.236333
0.215385
0.227094
0.212098
0.225715
0.220543
0.213946
0.232917
0.227037
0.219347
0.219657
0.208606
0.225299
0.21124
0.220674
0.21641
0.213841
0.222903
0.221398
0.216639
0.228942
0.228942
0.22948
0.222353
0.212026
0.211651
0.215367
0.215928
0.21916
0.220597
0.220543
0.218321
0.231821
0.215686
0.213221
0.202415
0.202415
0.217499
0.218673
0.223378
0.218784
0.220431
0.218694
0.21623
0.220056
0.224466
0.216639
0.223137
0.21916
0.22853
0.217499
0.225283
0.224332
0.219646
0.228828
0.202163
0.214716
0.212411
0.219568
0.220809
0.215826
0.215826
0.215444
0.216938
0.216207
0.21637
0.227056
0.219568
0.222983
0.21916
0.21916
0.21542
0.21124
0.222574
0.238479
0.220405
0.219078
0.219568
0.223521
0.211134
0.220761
0.229673
0.217264
0.212267
0.221708
0.215287
0.217756
0.222594
0.224256
0.228083
0.218993
0.220353
0.219078
0.219486
0.214827
0.213198
0.213144
0.213897
0.210348
0.210348
0.213686
0.227343
0.211785
0.212267
0.213763
0.218048
0.220678
0.215988
0.219078
0.212006
0.211428
0.212411
0.214311
0.214094
0.217802
0.212864
0.206066
0.211675
0.222818
0.215873
0.217556
0.218587
0.212864
0.217802
0.212306
0.20856
0.212166
0.222245
0.217887
0.206369
0.221462
0.217201
0.21558
0.217397
0.222818
0.209595
0.210188
0.218587
0.227878
0.227878
0.221138
0.229691
0.217802
0.210239
0.21578
0.211518
0.221138
0.215873
0.219401
0.208262
0.224015
0.211273
0.214684
0.215472
0.221411
0.222784
0.212078
0.209747
0.216119
0.215175
0.215132
0.213357
0.20406
0.210328
0.213897
0.217556
0.209205
0.209539
0.208507
0.22287
0.211518
0.212708
0.205701
0.207072
0.213404
0.208171
0.224416
0.218881
0.209994
0.206976
0.203569
0.208615
0.216119
0.205005
0.210641
0.219283
0.214634
0.207228
0.201345
0.19957
0.214192
0.209899
0.215626
0.215626
0.217353
0.213309
0.213309
0.214734
0.210147
0.21296
0.194916
0.199121
0.202688
0.201835
0.205701
0.20718
0.206582
0.204359
0.210935
0.208016
0.207429
0.216069
0.202042
0.205205
0.203771
0.213848
0.205948
0.210084
0.211626
0.199514
0.219078
0.205498
0.208465
0.204808
0.212864
0.212122
0.202832
0.20525
0.19863
0.197395
0.207676
0.212274
0.20664
0.192597
0.209747
0.203622
0.206827
0.208217
0.209254
0.208712
0.208314
0.211874
0.204561
0.206537
0.201737
0.212523
0.208959
0.199026
0.207676
0.206683
0.210981
0.207969
0.214734
0.21044
0.210688
0.214931
0.216069
0.221595
0.220559
0.206736
0.217601
0.207617
0.197839
0.220912
0.222483
0.215571
0.213698
0.198137
0.218539
0.222245
0.207031
0.203523
0.201399
0.210044
0.202778
0.200458
0.215424
0.211476
0.195273
0.207969
0.194379
0.201197
0.22076
0.212266
0.21592
0.211087
0.210339
0.203961
0.2088
0.214784
0.207721
0.207079
0.203523
0.215968
0.212662
0.207429
0.219909
0.219909
0.212811
0.209943
0.217105
0.205894
0.207031
0.214927
0.202882
0.221447
0.207969
0.216003
0.211723
0.210044
0.20525
0.205001
0.206392
0.207969
0.217436
0.210339
0.207031
0.210737
0.214534
0.213496
0.204708
0.204957
0.211128
0.200012
0.210378
0.204605
0.199323
0.201451
0.220411
0.214931
0.20421
0.210981
0.198222
0.206828
0.214428
0.200947
0.195171
0.195171
0.202528
0.202236
0.214534
0.203622
0.215864
0.217792
0.208511
0.210378
0.207366
0.204642
0.2088
0.211229
0.211229
0.202236
0.212742
0.203818
0.19772
0.19772
0.20604
0.207115
0.203523
0.203818
0.207617
0.207617
0.207617
0.212993
0.212993
0.214428
0.208297
0.209154
0.221483
0.215033
0.213747
0.213747
0.203275
0.203275
0.21611
0.21611
0.207366
0.207472
0.207472
0.201987
0.218726
0.212706
0.213923
0.228959
0.210878
0.212206
0.219801
0.202091
0.210918
0.199371
0.223167
0.216755
0.211418
0.195821
0.21668
0.199763
0.210485
0.208297
0.210771
0.204642
0.210378
0.220013
0.202279
0.202279
0.200446
0.208446
0.219513
0.201737
0.202528
0.203818
0.198874
0.208549
0.20267
0.195457
0.20439
0.207617
0.213782
