0.0224466
0.0196362
0.0208588
0.0244586
0.0214517
0.0285669
0.0225452
0.028948
0.0241629
0.0214518
0.0213205
0.0215174
0.0240303
0.022742
0.0212225
0.0200659
0.0303857
0.0292203
0.0243316
0.0258788
0.0229698
0.0243296
0.024429
0.0227752
0.0228408
0.0245919
0.024883
0.0261129
0.0273289
0.0228076
0.0287629
0.0306176
0.0258539
0.0243614
0.0289589
0.0289889
0.0257853
0.0275595
0.0243931
0.0229064
0.0216491
0.028823
0.0213203
0.0228417
0.0229064
0.0196377
0.0244564
0.0245218
0.0228721
0.0272494
0.0223818
0.0211563
0.0241966
0.0276247
0.0226439
0.0276339
0.0196026
0.0274681
0.0216486
0.0240992
0.0212549
0.0212549
0.0337748
0.0217139
0.0217139
0.0217139
0.0227096
0.0227096
0.0243952
0.0180505
0.0227743
0.0227096
0.0240001
0.0261404
0.0273332
0.0228731
0.0229033
0.0230031
0.02776
0.0258477
0.0228721
0.0273374
0.0275291
0.0242284
0.0229044
0.0272679
0.0225783
0.0211886
0.0288989
0.0272066
0.0181821
0.0225122
0.0257169
0.0228741
0.0274333
0.0242265
0.0303077
0.0243952
0.0214517
0.0306266
0.0289182
0.0241947
0.0256827
0.0227411
0.0242919
0.0274638
0.0212876
0.0193056
0.022971
0.0258446
0.0258446
0.0230043
0.0244248
0.0228076
0.0243276
0.0259409
0.0254604
0.0182163
0.0226432
0.0199327
0.0273985
0.0243276
0.0246212
0.0275335
0.024264
0.0214518
0.025882
0.0274027
0.0256856
0.0242284
0.0260406
0.0276946
0.0274986
0.0230377
0.0229698
0.0199004
0.0229054
0.019867
0.0227428
0.0257823
0.0226771
0.029084
0.0198
0.0232331
0.0256543
0.0257511
0.0241009
0.0232987
0.0272413
0.0242621
0.0246188
0.02155
0.0286573
0.0228731
0.0230365
0.0230686
0.0257198
0.019867
0.0228731
0.0259786
0.0246841
0.0274638
0.0273332
0.0200327
0.0231033
0.0264019
0.0211886
0.026044
0.0227743
0.024264
0.0241629
0.0259163
0.0242265
0.0258788
0.0213533
0.020065
0.019471
0.0207308
0.0228084
0.0242958
0.0225783
0.0257481
0.0229387
0.0209261
0.0213534
0.0253558
0.0257109
0.0258103
0.0243614
0.0287577
0.0272026
0.0243593
0.0198013
0.0228076
0.0258103
0.0229387
0.0229721
0.0228741
0.0229064
0.0214189
0.0233306
0.0258166
0.024391
0.0231033
0.0256827
0.0241025
0.0196713
0.0256572
0.0244586
0.0244586
0.0216806
0.0258135
0.0226101
0.0257511
0.0243593
0.0238022
0.0261713
0.0254525
0.0273941
0.0243296
0.0258788
0.0241647
0.031864
0.0213859
0.0179188
0.0241966
0.0229721
0.0214189
0.0274333
0.0276597
0.0244248
0.0228408
0.0289535
0.0259786
0.023201
0.0215503
0.0211893
0.0230686
0.023201
0.0227752
0.026302
0.0245263
0.0229054
0.0289779
0.0214517
0.0244586
0.0225127
0.0213533
0.0242284
0.0241629
0.0211889
0.0241966
0.0242303
0.0228076
0.0273374
0.0244269
0.0270412
0.028823
0.0224796
0.0288583
0.0217139
0.0257198
0.0290188
0.0200631
0.0242582
0.0209912
0.0226114
0.0229054
0.0289834
0.0242958
0.0183455
0.0246235
0.024558
0.0230686
0.0227743
0.0271719
0.0258508
0.0241009
0.0244269
0.0240656
0.0252613
0.0254919
0.0275201
0.0230686
0.0229044
0.0212546
0.0244902
0.0257792
0.0226771
0.0221189
0.0222173
0.0271451
0.0242284
0.0179217
0.0211563
0.0289834
0.0198645
0.0229044
0.0247181
0.0244946
0.0212546
0.0247206
0.0197691
0.0273332
0.0225777
0.028597
0.025526
0.0258446
0.0226756
0.0226756
0.0271759
0.0242284
0.0244248
0.0213859
0.0228399
0.0197986
0.0208279
0.0289779
0.0228076
0.029084
0.0286272
0.0243256
0.0230031
0.0230365
0.0256485
0.0196684
0.0180821
0.0214518
0.0242958
0.0226432
0.0228731
0.0229698
0.0230031
0.0274594
0.0263673
0.0258788
0.022511
0.0226101
0.0286976
0.0259442
0.0241611
0.0213205
0.024032
0.0228408
0.0198681
0.0244564
0.0273067
0.025882
0.0211232
0.0257511
0.0244925
0.0257169
0.024488
0.0223814
0.0210575
0.0210575
0.0198013
0.0286221
0.0243296
0.0208943
0.0271412
0.0195048
0.0183455
0.0243593
0.0289289
0.021058
0.0261059
0.0223484
0.0260129
0.0211893
0.0273109
0.0274942
0.0259163
0.0226101
0.0209261
0.0258166
0.0229054
0.0255547
0.0227096
0.0227752
0.0248462
0.0211886
0.025745
0.0215503
0.0245218
0.021419
0.0259786
0.0240975
0.0257169
0.0213862
0.0212549
0.0274681
0.0229721
0.0255206
0.0273289
0.023329
0.0241665
0.0229376
0.0291081
0.0212551
0.0290132
0.0246866
0.0226749
0.0255547
0.0304314
0.0242621
0.0259507
0.0258103
0.0230353
0.0243593
0.0247495
0.0230031
0.0256543
0.0256543
0.0255233
0.0209254
0.0245919
0.0231689
0.0227752
0.0212549
0.0212874
0.0245218
0.0262674
0.0262711
0.0263402
0.0259067
0.0243296
0.0212222
0.0210906
0.0258756
0.0225783
0.0225122
0.0272331
0.0256514
0.0257823
0.0195705
0.0230365
0.027272
0.0260715
0.0242939
0.0261094
0.0231033
0.0210911
0.0212876
0.0212549
0.0240336
0.028823
0.0292798
0.0270719
0.0240017
0.025882
0.0243972
0.0226771
0.0242621
0.0286322
0.0289535
0.021583
0.0258788
0.0214189
0.0183432
0.0242939
0.024883
0.0231355
0.0216155
0.0209918
0.0258477
0.0212546
0.0256514
0.0226764
0.0244248
0.0243931
0.0198013
0.028823
0.0229064
0.0242303
0.0261059
0.0273415
0.0213203
0.0230699
0.0243276
0.0213861
0.0245896
0.0227096
0.0289834
0.0226101
0.0306042
0.0242265
0.0200641
0.0228076
0.0228076
0.0196041
0.0198013
0.020958
0.020065
0.025882
0.023201
0.0213203
0.0228417
0.0211889
0.0254578
0.0273026
0.0212876
0.0228399
0.0228721
0.0194727
0.0214846
0.0210232
0.0228711
0.0271719
0.024264
0.0226756
0.0210249
0.0272106
0.0225783
0.0258508
0.0197986
0.021419
0.0274638
0.0224144
0.0258724
0.0268797
0.0242621
0.0197342
0.021058
0.0226756
0.0240001
0.0241966
0.0257823
0.0240001
0.0228399
0.0242621
0.022742
0.0195705
0.0226114
0.0167942
0.027272
0.0257511
0.0198335
0.0259786
0.029084
0.0257823
0.0274027
0.0259753
0.0255179
0.0246212
0.0227743
0.0211236
0.0240992
0.0166276
0.0226771
0.0198335
0.0210244
0.0214517
0.0244946
0.0244946
0.0293095
0.02776
0.0257511
0.0213534
0.02155
0.0231341
0.0249428
0.0255888
0.027564
0.0232024
0.0257198
0.0228731
0.0305097
0.0241647
0.0228076
0.0293154
0.025882
0.0255519
0.0210249
0.0259786
0.0215828
0.0258477
0.0196698
0.0260474
0.0275944
0.0212546
0.021878
0.0274333
0.0290784
0.0261439
0.0244925
0.0247206
0.0197034
0.024391
0.0276597
0.0245218
0.025623
0.0273332
0.0257139
0.0214518
0.0257853
0.0276034
0.0247256
0.0247256
0.0197342
0.0243316
0.0243316
0.0212216
0.0230031
0.0228399
0.0245557
0.0261059
0.0227103
0.0246188
0.0212874
0.0257511
0.0229064
0.021386
0.0305749
0.0243952
0.0291733
0.0259442
0.0259442
0.0319291
0.0198347
0.0198657
0.0243296
0.0259131
0.0242284
0.0225463
0.0225463
0.0228076
0.0287629
0.0226114
0.0198992
0.0257511
0.0228076
0.0278907
0.0213534
0.0214188
0.0219105
0.0199327
0.0274681
0.0272984
0.0180847
0.0182772
0.0182772
0.016763
0.0198347
0.0228417
0.0217142
0.0262093
0.0293747
0.0182797
0.0211896
0.0244925
0.0260096
0.0196026
0.0291138
0.0241966
0.0246527
0.0226439
0.0242958
0.0258788
0.0277855
0.0254552
0.0228731
0.0185791
0.0256514
0.022742
0.0261404
0.0202943
0.0260162
0.0228408
0.0225452
0.0240689
0.0211563
0.0225783
0.0259753
0.0230054
0.027045
0.0257139
0.0226446
0.0226439
0.0288583
0.022544
0.0229387
0.024264
0.0273026
0.0197006
0.0214517
0.0226114
0.0304672
0.0242621
0.0244608
0.0243276
0.0213861
0.0257792
0.0226446
0.0242621
0.028823
0.0216157
0.024264
0.0244608
0.0230043
0.0257823
0.0244902
0.022971
0.024264
0.024264
0.0208611
0.0226764
0.0258135
0.0276597
0.0229376
0.0211896
0.0273722
0.0197691
0.0259753
0.0259409
0.021419
0.0259099
0.0243256
0.0257823
0.0242958
0.0257853
0.0286322
0.0241947
0.0196026
0.0273679
0.0273679
0.0241647
0.0256202
0.0241647
0.0228076
0.0229054
0.0247521
0.024264
0.021124
0.0288282
0.0212549
0.0274333
0.0227428
0.0273067
0.0242303
0.0242303
0.024391
0.0211893
0.0256827
0.0225777
0.0223807
0.0211559
0.0240992
0.0257169
0.0288282
0.022544
0.0213531
0.0257511
0.0259131
0.0179188
0.0221845
0.0255206
0.0195352
0.0226114
0.0253243
0.025745
0.0242303
0.0257139
0.0247155
0.0247155
0.0270412
0.0255547
0.0242621
0.0254578
0.0241293
0.0239984
0.0227743
0.019702
0.0223807
0.0224809
0.0225452
0.0225452
0.0242939
0.0214518
0.0256514
0.0196684
0.0227743
0.0211566
0.0256514
0.0286924
0.024391
0.0210911
0.0225452
0.0270758
0.0270758
0.0270374
0.030438
0.0289236
0.0226771
0.0236392
0.0226756
0.0226764
0.0226764
0.0243256
0.0228076
0.0272066
0.0242284
0.0226101
0.0304738
0.0242621
0.0225116
0.0244586
0.029084
0.0287877
0.0164297
0.0240001
0.0286573
0.0285317
0.0300591
0.0226439
0.0194727
0.0194727
0.0257139
0.0201289
0.0259475
0.0261713
0.0261713
0.0214189
0.0257511
0.023002
0.0302719
0.0226101
0.0213861
0.0289834
0.0225446
0.0272106
0.0226439
0.0195384
0.0256827
0.0238035
0.021288
0.0222831
0.0288882
0.0242978
0.0288123
0.0169326
0.025586
0.0302131
0.0228408
0.0222169
0.0206966
0.0225122
0.0256485
0.0258724
0.0208287
0.0222171
0.0241293
0.0258477
0.0284664
0.0241592
0.0261368
0.0272679
0.0194744
0.0241984
0.0254811
0.0226432
0.0194407
0.0210911
0.0240639
0.0240639
0.0240639
0.0240336
0.0195368
0.0256827
0.0284664
0.0251911
0.0251911
0.0251911
0.0192437
0.0147111
0.0256173
0.0208287
0.0208287
0.0255832
0.0226439
0.025882
0.0163328
0.0225452
0.0242265
0.0272984
0.0239361
0.0239681
0.0212549
0.0227411
0.0254919
0.0211893
0.0211893
0.0255233
0.0177872
0.0259131
0.0243593
0.0273637
0.0273637
0.0273332
0.0259442
0.0223807
0.0212219
0.0317989
0.028602
0.0239681
0.0239681
0.0241629
0.0227411
0.0226108
0.0254237
0.0226114
0.0333673
0.0301774
0.0316614
0.0302425
0.0318852
0.0270719
0.0253872
0.0270987
0.0304606
0.027068
0.0334425
0.0361996
0.0331643
0.0351246
0.0411598
0.0442521
0.040957
0.0471498
0.0425857
0.0499064
0.0395696
0.0430181
0.0411103
0.0473889
0.0534179
0.0547654
0.0545948
0.0595024
0.0623853
0.0654057
0.0686931
0.0758468
0.0729889
0.082072
0.0850875
0.0879582
0.0924672
0.0924672
0.0959178
0.103414
0.100711
0.107951
0.113777
0.10916
0.110953
0.110826
0.108066
0.112376
0.113637
0.115393
0.115478
0.115229
0.115263
0.118163
0.112348
0.106291
0.109404
0.109404
0.106463
0.108146
0.106772
0.106644
0.10779
0.109412
0.107793
0.112509
0.107846
0.112481
0.104791
0.104791
0.10497
0.106772
0.106582
0.10502
0.114325
0.106528
0.104851
0.109467
0.106879
0.106531
0.107971
0.110771
0.109704
0.107954
0.109167
0.10959
0.105025
0.102209
0.110962
0.104851
0.107915
0.109412
0.102153
0.104672
0.109282
0.104908
0.106638
0.112402
0.100115
0.107905
0.107859
0.105025
0.105025
0.106531
0.101972
0.106707
0.103589
0.106585
0.107787
0.107787
0.103529
0.106766
0.107799
0.109882
0.108254
0.107668
0.109649
0.102148
0.105274
0.10341
0.108198
0.106412
0.109171
0.109459
0.103531
0.109522
0.106531
0.106345
0.10497
0.106834
0.104791
0.109751
0.110889
0.112804
0.111012
0.11083
0.11245
0.106401
0.112627
0.106105
0.111179
0.107734
0.107734
0.108069
0.109278
0.106523
0.109637
0.102091
0.111035
0.109751
0.106283
0.109289
0.107843
0.106412
0.109337
0.10953
0.109518
0.109696
0.111139
0.104968
0.107958
0.107958
0.109219
0.105084
0.114072
0.106463
0.106469
0.116919
0.107853
0.10959
0.106108
0.109388
0.10491
0.103347
0.108205
0.107793
0.110683
0.118449
0.115557
0.113883
0.113872
0.114107
0.117164
0.117047
0.11244
0.117164
0.11237
0.115505
0.11861
0.114248
0.120165
0.112627
0.114242
0.118426
0.115746
0.11222
0.115374
0.110712
0.115328
0.118434
0.109384
0.116885
0.121595
0.113936
0.110649
0.110889
0.116871
0.116988
0.112509
0.115517
0.11723
0.1154
0.109742
0.11557
0.11557
0.112488
0.111052
0.115844
0.118586
0.114119
0.114024
0.111174
0.111361
0.115916
0.113936
0.113895
0.113895
0.110966
0.107796
0.110903
0.0985555
0.100414
0.100354
0.0987926
0.0992133
0.100114
0.0990343
0.101855
0.108087
0.103291
0.103172
0.10335
0.105151
0.103765
0.103346
0.106647
0.10953
0.100533
0.109522
0.105203
0.106407
0.106466
0.109526
0.106466
0.106579
0.112643
0.106401
0.106461
0.107784
0.108021
0.103529
0.111135
0.1094
0.109404
0.103651
0.106763
0.109522
0.10526
0.103465
0.106757
0.106353
0.109759
0.102329
0.10377
0.106647
0.108258
0.111297
0.109215
0.106407
0.103531
0.106626
0.102147
0.103344
0.109345
0.103466
0.10777
0.106766
0.101853
0.112627
0.105144
0.107895
0.105089
0.108087
0.106573
0.105146
0.112558
0.108087
0.106997
0.105384
0.105384
0.110939
0.112574
0.112289
0.103288
0.103469
0.109226
0.1094
0.103762
0.108361
0.112729
0.108076
0.10526
0.105263
0.108139
0.106997
0.111125
0.106582
0.106328
0.106328
0.104847
0.112273
0.11083
0.109514
0.106517
0.106517
0.106399
0.108136
0.1094
0.105201
0.109356
0.10628
0.112445
0.109341
0.10808
0.109215
0.107961
0.108021
0.109814
0.10377
0.10951
0.108021
0.109742
0.112568
0.109628
0.108136
0.107961
0.106404
0.109633
0.111057
0.111149
0.108066
0.103645
0.109388
0.108494
0.106404
0.106641
0.110712
0.108017
0.102088
0.106399
0.106526
0.104904
0.110839
0.103169
0.103169
0.104908
0.106472
0.106396
0.104777
0.103229
0.10179
0.108317
0.112445
0.11078
0.106573
0.106461
0.110939
0.110939
0.106579
0.109708
0.107971
0.103288
0.108014
0.107954
0.106229
0.109569
0.106455
0.106704
0.10825
0.109278
0.11108
0.106463
0.114113
0.114113
0.103582
0.109345
0.100413
0.10532
0.10532
0.10521
0.112681
0.113889
0.103698
0.107965
0.107714
0.106695
0.106221
0.111317
0.108136
0.103532
0.108014
0.10808
0.10502
0.107902
0.109112
0.110889
0.109278
0.109514
0.110948
0.104908
0.106576
0.10365
0.113847
0.10335
0.10335
0.10191
0.109755
0.108014
0.103468
0.107843
0.109873
0.109266
0.101968
0.109282
0.110708
0.107829
0.102031
0.11406
0.104902
0.109333
0.104968
0.10525
0.106461
0.107899
0.107958
0.103291
0.11108
0.109396
0.103704
0.108184
0.111007
0.111089
0.103408
0.103408
0.109463
0.109463
0.104783
0.11297
0.105142
0.112381
0.109514
0.107784
0.107784
0.109582
0.108195
0.11244
0.108128
0.109637
0.11245
0.109104
0.111135
0.107843
0.106757
0.109582
0.0978954
0.106469
0.106461
0.108014
0.105441
0.10808
0.108258
0.105258
0.105258
0.108146
0.10981
0.102031
0.103587
0.116857
0.116857
0.10484
0.104904
0.104904
0.112648
0.103524
0.106635
0.107902
0.10778
0.108087
0.1094
0.115387
0.109349
0.109349
0.109518
0.10665
0.111248
0.111248
0.103289
0.107846
0.110898
0.106692
0.106523
0.110898
0.106576
0.11245
0.103876
0.103876
0.106469
0.106345
0.109569
0.109396
0.107892
0.103414
0.10832
0.10652
0.107905
0.105376
0.104961
0.106632
0.106632
0.106401
0.112391
0.10484
0.107954
0.109459
0.109459
0.103414
0.106288
0.108024
0.104783
0.107718
0.107902
0.107902
0.107784
0.107899
0.107603
0.111021
0.106164
0.109282
0.109396
0.10502
0.110826
0.103169
0.109518
0.111002
0.108076
0.111302
0.106156
0.109683
0.109337
0.106469
0.104732
0.106288
0.109164
0.104552
0.103411
0.106043
0.10652
0.107659
0.106461
0.103286
0.106401
0.107843
0.109282
0.107899
0.109518
0.106336
0.106695
0.109388
0.105142
0.106345
0.106345
0.109274
0.103291
0.109447
0.106461
0.111021
0.10641
0.106339
0.106458
0.109392
0.107951
0.109408
0.108205
0.107671
0.10635
0.112338
0.10777
0.106644
0.103288
0.106701
0.112488
0.104892
0.103282
0.106579
0.104791
0.107899
0.106226
0.110708
0.111007
0.111007
0.111007
0.111007
0.110644
0.110644
0.106399
0.106399
0.104609
0.112338
0.104777
0.11059
0.105084
0.106221
0.10641
0.103285
0.104897
0.104492
0.10784
0.104904
0.100353
0.107416
0.111076
0.106108
0.107487
0.107487
0.109329
0.106167
0.107662
0.107793
0.106172
0.104728
0.106164
0.106046
0.107796
0.107836
0.107822
0.109215
0.104904
0.104904
0.107718
0.100293
0.109392
0.107721
0.101611
0.103114
0.106051
0.108132
0.107777
0.104544
0.108087
0.108087
0.106231
0.104904
0.102935
0.10801
0.111016
0.111016
0.105025
0.108975
0.107793
0.109514
0.106046
0.10794
0.100593
0.103105
0.107888
0.110717
0.107721
0.106585
0.106585
0.106458
0.109447
0.106469
0.110894
0.106345
0.104671
0.110835
0.106404
0.113847
0.106455
0.103349
0.106469
0.104433
0.112456
0.103466
0.107958
0.108066
0.10341
0.10341
0.105263
0.110708
0.109455
0.10676
0.111061
0.104906
0.109565
0.107905
0.107888
0.104912
0.109451
0.105146
0.109282
0.109219
0.104961
0.110826
0.106164
0.10497
0.103646
0.103646
0.103402
0.112268
0.107714
0.104908
0.109645
0.104959
