-0.017024
-0.00882913
-0.000578063
0.000588771
-0.0012176
-0.00330039
0.00216591
0.00757423
-0.00736821
0.00133527
0.00124452
-0.00547375
0.00289277
-0.000111717
0.00202493
-0.001015
0.00258362
0.000455505
-0.000984748
0.00264593
-0.00321187
0.00152622
-0.00509487
0.00169892
-0.00168062
0.00679231
0.00239577
-0.00670378
0.00115181
0.00145631
-0.00484476
-0.000743749
0.00630108
0.00388292
-0.00698785
0.00244357
-0.00373796
0.00398528
-0.00439393
-0.00195197
0.00293087
-0.000368327
-0.000656026
0.00448161
0.000447192
0.000524321
-0.00529497
0.00169758
0.00388413
-0.00713512
0.00622974
0.000305166
0.00217981
-0.00741205
0.00156272
0.000268092
0.00214771
-0.00433567
-0.000892038
0.00823694
0.00196641
-0.00624695
0.00145453
0.00160636
0.0015438
-0.00715855
0.00505544
-0.00449259
-0.00146544
0.0042847
0.00338426
-0.0016448
-0.00377606
-0.00332811
0.00580864
-0.000832313
0.00203905
-0.00488079
-0.000690853
0.00403539
0.00185639
-0.00176682
0.000446255
0.00247332
-0.00313358
0.00291421
-0.00553155
0.00357138
-0.00358884
-0.00169213
0.00168291
0.000747027
-0.00261568
0.00174814
0.00210284
-0.000766781
-0.00165212
-0.00137934
0.00131563
0.00173828
-0.00481198
0.00523579
0.00370908
-0.00406805
-0.00222476
0.00374308
0.00297413
-0.00225251
-0.00570312
-0.00176682
0.00185592
0.000242312
-0.00210037
0.00651155
0.00182727
-0.0021744
0.000571999
-0.00134354
-0.0025278
0.00434333
-0.00227423
-0.00261732
0.00409743
-0.000658758
-0.000671783
0.0030914
-0.00170539
0.00214953
-0.000598737
-0.00177776
0.000220004
-0.00343625
-0.00150836
0.00446028
-0.00161756
0.00271838
-0.00413034
0.00505258
0.00144746
-0.00452354
0.000137581
-0.00380702
-0.001136
0.00577678
0.000918436
-0.00242693
-0.00292471
0.00145694
0.00487847
-0.00351648
-0.00375691
0.00641012
-0.000973154
-0.00340021
0.00536318
-0.00532198
-0.00102144
7.86151e-05
0.00516461
-0.000673215
-0.00535383
0.00477744
5.32992e-05
-0.00131915
-0.00426019
0.00571984
0.000787844
0.000572495
-0.00291741
-0.00105224
0.00202615
-0.00285787
0.00377853
0.00255572
-0.00207181
0.000493231
-0.000971598
0.00134191
-0.000912696
-0.00288812
0.00343745
0.00209467
-0.00342856
-0.000928438
-0.000157556
0.000686606
-0.000852822
0.00160884
0.000909863
-0.00167925
-0.00326464
0.00616494
-0.0053351
0.00874897
-0.00671248
-0.00334301
0.00147531
-0.000530565
-0.00147212
0.00280611
-0.00184886
-0.000487017
0.00376861
0.00344148
0.00163556
-0.00965483
0.00502079
0.00189065
-0.000532712
0.00407021
-0.00495634
-0.000501284
-0.00101032
-0.00057725
-0.00407197
0.00460148
-0.000541187
-0.00129643
0.00221167
0.000720876
-0.0036744
0.00714768
-0.00283317
0.000607698
-0.00481801
0.00148669
0.00236994
0.00181681
-0.00433415
0.00240658
0.00272154
-0.00426997
0.00260841
-0.00419493
-0.00191169
0.00740178
-0.00103946
0.000958345
-0.00707859
0.00237845
-0.00241256
0.00402708
-0.00190042
-0.00213121
0.00327621
-0.000998697
0.00547804
-0.00407248
0.0021727
0.000342039
-0.00488269
0.00214632
0.00296877
-0.00141199
-0.00376907
0.00407288
0.00450767
-0.00610109
-0.00357918
-9.29179e-05
0.00771142
0.0014706
-0.0050153
-0.000873691
-0.00057291
0.00158263
0.00134871
-0.00781386
0.00254817
0.00293968
0.00573937
-0.00269415
0.0038741
-0.00588785
0.000546309
0.00387722
-0.00580939
0.00162901
-0.00165837
0.00364523
-0.00458475
0.00481819
-0.000727654
-0.00198945
-0.00235766
-0.00113707
0.00635176
-0.00835607
-5.93092e-05
0.00643761
-0.00324847
-0.0042087
0.00464853
0.00424853
0.000966573
-0.00137483
-0.00141057
-0.00481294
0.00145249
-0.00133815
0.00270356
0.00175306
0.00256785
-0.00623304
0.00283945
-0.00298575
-9.29839e-05
0.00130763
-0.000379962
0.00715449
-0.0037379
0.000406612
-0.0016885
-0.00207409
0.00699346
-0.00436981
0.00204057
-0.0011755
-0.00392279
0.00924583
0.00221148
-0.00447248
8.19602e-05
-0.00666519
0.00299854
0.00132062
-0.000932581
-0.00140657
0.00105157
0.0018014
-0.00157276
0.00329523
-0.00156272
0.00107853
-4.94777e-05
-0.00394399
0.0018617
-0.000634438
-0.00346137
0.00137769
-2.32205e-05
-0.0027526
0.00205848
-0.00272873
0.00012451
0.00418535
0.00398772
-0.0004855
-0.00295527
-0.00250414
0.00299771
0.00109345
0.00446803
-0.00772584
-0.0016663
0.00355386
0.00194465
0.00241979
-0.00326154
-0.00141671
0.00619748
-0.00275428
-0.00423467
-0.00124669
0.00229176
0.00366421
-0.000816285
-0.000195139
-0.0024804
0.00233367
0.00439278
-0.00350796
-0.012086
0.00689432
0.00530812
-0.00168454
-0.00273316
0.00117034
-0.00144516
0.000825246
0.00142992
-0.00109115
-0.00658416
0.00760266
-0.000808272
-0.00123554
-0.00135529
0.00452257
0.00260152
-0.00489683
0.00387155
-0.00139633
-0.000349644
-0.00306289
0.00259932
-0.00155533
0.00223195
-0.00588425
-5.43493e-05
0.00140563
-0.00142088
0.0050615
-0.000836973
-0.000251435
0.00330015
-0.00455121
0.0025058
-0.00112262
0.000961899
-0.00129334
-0.00217776
-0.00105307
-0.00199285
0.00123281
0.00285073
0.00717784
-0.00194206
-0.00464122
2.64301e-06
-0.000209832
0.00193387
-0.00164559
-0.00185118
3.05952e-05
0.000854228
0.00201691
-0.000380735
-0.000679463
0.000139633
-0.000955934
-0.00184273
0.00655883
-0.00525298
-0.00216948
0.00395063
0.00144814
0.00148219
-0.00201166
0.000729814
0.000384933
-0.00504205
0.00198031
0.00240327
-0.00185758
2.38162e-05
-0.00154631
-0.00303317
0.00802537
-0.00102781
-0.00290892
-0.00229357
0.00609246
-0.0053976
0.00278179
-0.0018428
0.00204505
-0.00193752
0.0015086
0.00307858
0.00112764
-0.00177077
-0.00105026
0.00137093
0.00288169
-0.00331415
-0.000792271
-0.00220473
0.00177937
-0.00104145
-0.00254687
-0.00260853
0.00164119
-0.00109385
-0.000275731
0.0055393
-0.000761886
0.00099098
0.00120241
-0.000246772
-0.00107147
-0.00138737
-0.00193027
0.00193649
0.00084654
-0.0027771
0.00133085
-0.00122332
-0.00230888
0.00392416
0.00271117
-0.000216576
0.000137143
-0.00447156
0.00140107
-0.00295241
0.00613724
-0.00624625
0.00644873
-0.00429601
0.00311576
-0.000103428
-0.000264297
0.00153797
-0.00502794
0.000491759
0.00219188
0.00598908
-0.00391634
-0.004534
-0.000285489
0.0030272
0.00114155
-0.000777383
-0.00350089
-0.000757697
-0.00113927
-0.00194418
0.00821181
-0.000255886
-0.00500026
-0.000568662
0.00623395
-0.00469066
0.00244147
0.00146432
-0.00716072
0.00479604
-0.0012977
0.00700869
0.000990758
0.000236848
-0.00592345
0.00132939
-0.000960526
-0.00432969
0.00241179
0.00328491
-0.00280961
0.00105408
-0.00087409
0.000965899
0.00189392
-0.00236534
-0.00229647
-0.00180992
0.0031421
0.0495756
0.0230532
-6.1044e-05
-0.011004
-0.00363451
0.0214276
0.0304916
0.0347617
0.04094
0.0872832
0.0947896
0.0853563
0.0188853
0.00305159
0.00635383
0.0297773
0.0249266
0.0596289
0.0415022
0.0240107
-0.0493661
-0.0577652
0.00496026
0.0746545
0.04214
0.0605726
0.0144
-0.0421122
-0.04978
-0.0146884
-0.0144373
-0.0151535
0.0164668
0.0327409
0.0231651
-0.00480053
-0.0122882
-0.0323208
0.00360874
0.00988628
0.0176174
0.00475647
-0.00502296
-0.0325703
-0.0183241
-0.00520403
0.0209266
0.00947802
0.00230754
0.000270083
-0.00359258
-0.000111981
0.0144983
0.00179064
-0.000665614
-0.00778443
-0.00584898
-0.00143548
-0.00532563
-0.00477964
-0.00581688
0.00908892
0.00752063
-0.000977869
-0.00236915
-0.0105822
0.00223296
0.00457328
0.000852213
0.00477127
-0.00952126
-0.0162173
-0.00589309
-0.00160887
0.011018
0.00638172
0.00491466
0.00117727
-0.00256831
-0.00397727
-0.00309504
0.00209926
-0.00100101
0.00720903
-0.00124807
-0.00365699
-0.00579952
-0.00200469
0.000278113
0.00111522
0.00379751
0.0101806
-0.00168192
-0.00412542
0.00969444
0.0626002
0.00665113
0.00526523
0.00712698
0.0314619
-0.00133752
-0.0265463
-0.0382149
0.00591426
-0.000746778
0.004798
0.00389962
-0.0165499
0.00459554
0.00980947
0.00911305
0.00262897
-0.0249046
-0.019806
-0.0100997
0.00470386
0.026118
0.0112846
0.013492
-0.00414602
-0.00930035
-0.0150603
-1.941e-05
-0.0061171
-0.00134396
0.000174181
4.16393e-05
-0.00364926
0.0061117
0.00237879
-0.0146081
-0.00615866
-0.00336964
0.0100698
0.0151608
0.0078689
-0.0145159
-0.0157754
-0.00563399
0.00116042
-0.00319239
0.0288322
0.0155004
-0.0209032
0.00266018
0.00578711
-0.0218934
-0.0369143
-0.0261021
-0.0405335
-0.0474949
-0.0133078
0.0194959
0.0124523
-0.00552537
0.00282856
-0.00497026
-0.00795281
-0.00381513
-0.00552753
-0.00657237
-0.00562268
-0.000983842
0.00850635
0.00324624
0.00558676
0.00621022
-0.000225084
-0.0101938
-0.0131332
-0.00435475
-0.00565256
-0.00690312
0.00207634
0.00383872
0.0122116
0.00636669
-0.000506095
-0.00638506
-0.0117802
-0.0046756
0.00919484
0.0147949
0.00777914
0.00276672
-0.0122127
-0.0167973
-0.00212445
-0.00414766
0.0471681
0.0448521
0.0055599
0.0102181
0.0327139
0.0679876
0.076255
0.0502937
0.00926035
0.0391511
-0.00856365
-0.0188601
-0.0350625
-0.0288685
-0.00630585
0.018098
0.0263808
0.0057342
-0.0134635
-0.0225325
-0.0176003
-0.00265987
0.0127555
0.0135557
0.0037504
-0.00205984
0.000420303
5.1001e-05
-0.0055839
-0.00597536
-0.00791789
0.000750465
-0.00166546
-0.000216816
0.011837
-0.00757487
-0.00715498
-0.00254648
0.0049523
0.000807993
-0.0016802
-0.00583554
-0.00355197
-0.000946372
0.00224823
0.0011112
0.0011975
-0.00996509
3.91828e-05
0.000491304
0.00958399
0.00546773
0.00296281
-0.00332392
-0.00306746
-0.00848275
0.00119671
0.00226498
-0.000247626
0.0059396
0.00311163
-0.00688699
-0.00873181
-0.00267999
0.00722496
-0.00223047
-0.00284634
0.00403547
0.00115009
-0.00351873
-0.00144377
-0.000307595
-0.00336533
-0.000470998
-0.0021407
0.00119934
0.00106463
0.00239037
-0.00876051
0.00221185
0.00347218
-0.00518108
0.00359866
-0.00293661
0.00714765
0.00562733
-0.00148915
-0.00764775
-0.000695092
-0.00339218
0.00503354
0.00184216
-0.000614916
0.00202407
-0.00348554
-0.00115786
-0.00251528
-0.00169
0.00101972
-0.00404519
-3.83182e-05
-0.00448745
0.00320495
0.00732339
-0.0030479
-0.00288024
0.00129294
-0.00857304
-8.50234e-05
0.000795218
0.00375685
0.00157606
-0.00171032
-0.00267493
0.00388712
-0.00847584
0.00564114
-0.00320157
0.00839377
0.00447673
0.0191247
0.0522509
0.0612675
0.0628835
0.0366132
0.0170187
-0.000249118
-0.000668066
0.00497397
0.0632146
0.0738229
0.0872082
0.112519
0.0787451
0.105259
0.118448
0.0882415
0.0876244
0.063965
0.0258348
0.0375146
0.0591891
0.0202012
-0.00113482
0.0221103
0.0362144
0.147282
0.118356
0.0893084
0.116767
0.117434
0.0489105
0.0792953
0.0731012
0.0956727
0.129486
0.0858795
0.054328
0.0685704
0.0811145
0.0715636
0.0993679
0.107208
0.122298
0.074304
0.0441528
0.0775354
0.0708959
0.0801117
0.10291
0.0940456
0.0644401
0.0908829
0.0610223
0.0243049
0.0537628
0.0543986
0.0414991
0.0167757
0.0419472
0.0318927
0.0150079
0.0244082
0.0119757
0.0151981
-0.000994588
0.00451011
-0.00424408
-0.00296393
0.0127277
0.00803917
0.00537551
-0.0130212
-0.00676469
-0.0206455
-0.000661746
0.00541443
0.0258329
0.00164545
-0.00547874
0.0150979
-0.0102833
-0.0122379
-0.0217497
-0.0117337
-0.015202
-0.0110949
-0.0300644
-0.0254089
0.00358989
0.0200097
0.0218829
0.0499965
0.0303518
0.0131167
-0.00801293
0.00413697
0.00148417
-0.027312
-0.0271996
-0.0358897
-0.0164618
0.0069262
0.0163454
0.0149354
0.00912388
0.0174851
0.0244012
0.00552723
0.00583783
0.0043414
0.022149
0.00205085
-0.0362203
-0.0299532
-0.0211342
-0.00317134
0.0401889
0.0179485
0.0254501
0.0281447
0.0332681
-0.00359328
-0.00382211
0.00325307
-0.032034
-0.0162467
-0.015975
0.0346695
0.0101687
0.0356019
0.0143881
0.0157692
0.0414106
0.0143438
0.0156509
-0.0262709
-0.0232372
-0.00767095
-0.00344776
0.0120505
-0.00933413
-0.00187882
-0.00286539
-0.0119164
-0.00329144
-0.00647549
0.0227679
-0.0111797
-0.0390712
-0.0616768
-0.0314683
-0.0152
0.0189989
0.0133484
0.0413567
0.040044
-0.00324768
0.00381546
-0.0177101
0.00757729
0.00704431
-0.00751057
0.0125379
-0.00507985
-0.025161
-0.00270962
0.0146909
-0.000803049
0.00842241
0.0233361
-0.00933271
0.00161559
0.0191351
0.0134589
-0.00409107
-0.0209869
-0.0239426
-0.0131794
0.00269666
0.00819615
0.00988423
0.0136558
-0.00331632
0.0176568
-0.00600482
-0.00691974
-0.00409295
-0.00408527
-0.00250266
-0.00142742
0.0067344
0.0217171
0.0158926
0.0234233
0.0183839
0.0049422
0.0121238
-0.00270509
-0.0297867
-0.0233034
0.000568086
-0.000508959
0.0270354
0.0449084
-0.00459061
-0.0309386
-0.00644241
0.00757581
0.023324
0.0229615
0.00571487
-0.00437142
-0.00262756
0.00339503
-0.00624494
-0.00912563
0.00687079
-0.0180499
-0.0106137
0.000895817
-0.0106687
-0.00748439
-0.00432644
-0.0137847
-0.0268649
-0.00922467
-0.00150875
-0.0269207
0.0026282
0.00246472
0.0739439
0.0454611
0.0283814
-0.00123271
-0.00893902
-0.0126803
0.00895692
-0.0116093
-0.029001
-0.0195855
-0.0259764
-0.0141626
0.0154799
-0.00100011
0.0134365
0.00979078
0.00374913
-0.000681112
0.000870543
0.00575264
-0.00780467
-0.0156675
0.0274964
0.0129951
0.00494581
0.0148663
0.031927
0.0142978
0.0253023
0.00565032
-0.0103511
-0.00471538
-0.00520463
-0.00414843
-0.00355883
-0.000202801
0.029971
-0.00597095
0.0132188
0.0199048
0.016754
0.00135224
0.0142741
0.00183268
-0.00435559
-0.0334192
-0.0229325
0.00894841
0.00366018
0.0291301
0.0234649
-0.00475333
-0.0181981
-0.0169156
-0.0072021
-0.0261045
-0.00708218
-0.0180182
-0.0330216
0.000560773
0.00176248
-0.00620346
0.00766091
0.0540149
0.0175845
0.0325194
0.0152779
0.00389436
-0.00376355
-0.0199012
-0.0343892
-0.00678648
0.0275226
0.0187681
-0.015818
0.0183842
0.0388332
0.00353825
0.00644548
0.0186606
0.0164249
-0.0180283
0.026513
0.0214734
0.00919373
0.0145481
0.0170456
0.0105921
0.00503079
0.0160901
-0.00480052
0.00761354
-0.0124151
0.00762963
0.00637906
0.00550266
0.00118036
0.0359948
0.0291691
0.0124028
0.00648611
0.0162637
0.013654
0.0432533
0.0395536
0.047698
0.052689
0.0350582
0.048425
0.00644703
0.020016
0.0102661
-0.00790335
-0.0186898
-0.00417079
-0.0160623
0.0111431
0.0371304
0.0119127
0.00320558
0.009475
-0.0162525
-0.136668
-0.126246
-0.0657083
-0.232595
-0.155892
-0.0966554
-0.0696066
-0.0473913
-0.05161
-0.0671478
-0.0792466
-0.0807762
-0.0659582
-0.0521008
-0.0428428
-0.0451894
-0.040204
-0.0471742
-0.0398021
-0.0350045
-0.0346234
-0.0326221
-0.0279402
-0.0152028
-0.0250068
-0.0236059
-0.0259033
-0.0394192
-0.0225382
-0.011054
-0.0205304
-0.00989099
-0.0178153
-0.0141334
-0.0196468
-0.0147049
-0.0101427
-0.0210801
-0.0156904
-0.0106723
-0.011024
-0.0102325
-0.0088151
-0.011144
-0.0101856
-0.00507884
-0.0138814
-0.004125
-0.00454314
-0.00323338
-0.00866127
-0.00958449
-0.0115561
-0.0113766
-0.00513627
-0.00308534
-0.00836229
-0.00537772
-0.00758492
-0.00395014
-0.00699815
-0.0112921
-0.00215737
-0.0122848
-0.00581921
-0.00856556
-0.0123878
-0.014116
-0.00373376
-0.00303881
-0.00719465
-0.011944
-0.00671511
-0.00560068
-0.013521
-0.00485451
-0.00513846
-0.0076089
-0.00185991
-0.0103946
-0.00379799
-0.00255478
-0.00339752
-0.00980326
-0.00317194
-0.00595762
-0.00565826
-0.00164301
0.000497464
-0.0117306
-0.00146494
-0.00215829
-0.0100386
-7.7768e-05
-0.00980554
-0.00426509
-0.00400877
-0.00116767
-0.00929259
-0.00447546
-0.00790513
-0.00638817
-0.00230726
-0.00424194
-0.0101169
-0.00465537
-0.0105357
-0.00665314
-0.00248937
-0.00395156
-0.00651597
-0.00621518
0.00211949
-0.00585031
-0.00474976
0.00053371
-0.00479145
-0.0121871
0.00392505
-0.00172554
-0.00391341
-0.00100444
0.000952992
-0.00353457
-0.00527203
-0.00294737
-0.000218652
-0.00499778
-0.00661021
-0.00618764
-0.000216625
-0.00937153
-0.00133652
-0.00608448
-0.00449824
-0.00550731
-0.00224287
-0.00571869
-0.00315362
0.000590868
-0.010184
-0.00516642
-0.0029409
-0.00664522
-0.00534371
-0.00134873
-0.00262546
-0.00209911
-0.0086691
0.00792321
-0.00372619
0.000137529
-0.00339542
-0.0038899
-0.00161987
0.00532065
-0.00134248
-0.00115784
0.00112196
-0.00442214
-0.00188987
-0.00853735
-0.00373391
0.00478113
0.016535
0.00960724
0.00531317
-0.0105454
-0.0140064
-0.0109451
-0.01124
-0.00886009
-0.00917714
-0.00877882
-0.00556732
-0.0168765
-0.00356498
-0.0104514
-0.0157499
-0.00254672
-0.00846777
0.00531479
0.00412937
0.000897104
-0.000522342
0.000698479
-0.000770966
0.00269928
-0.00447002
-0.00140774
-0.000719904
0.00583116
0.00647894
0.00255325
-0.0028793
-0.00498521
-0.00109479
-7.06456e-05
-0.00416284
0.000440884
-0.00549285
-0.00153353
-0.00518839
-0.00499223
-0.0049407
-0.00125477
-0.00473072
-0.00258785
-0.00592432
-0.00852461
0.00285014
-0.00282312
3.42435e-05
-0.00546253
-0.000655138
8.32543e-05
0.000554351
0.00531805
-0.00402471
-0.00148854
0.00178772
0.000673596
-0.00499913
-0.00045543
-0.00359859
0.000200156
0.00451819
-0.00566551
-0.0133324
0.00138253
-0.00359978
-0.00423404
0.000691391
-7.2365e-05
-0.00466099
0.00309969
-0.00483013
-0.00757381
-0.00721987
0.00154469
-0.0029477
0.00543739
-0.00726564
-0.00255189
-6.3245e-05
-0.00430471
0.00424566
0.00144113
0.00215642
-0.0061622
-0.000256495
-0.00266856
0.00113549
-0.0010427
0.00170182
-0.00224005
-0.0022625
0.000186498
-0.00081422
0.00051166
-0.00852941
-0.00200814
-0.00302293
0.00252207
-0.00330917
-0.0064474
-0.0016483
0.00275202
-0.00597214
-0.0194201
-0.0365074
-0.0280102
-0.0174619
0.0216054
0.0306095
0.00673466
-0.00849119
-0.00975777
-0.0115414
-0.009759
-0.00638345
0.00564894
0.0110257
0.00889436
0.0120367
-0.00322014
-0.0156354
-0.018283
-0.00180524
0.0157599
0.00687549
0.00180944
0.000234652
-0.0088391
-0.0137929
-0.00107726
0.00508999
-0.000430476
-0.00472125
0.000993624
-0.00438467
-0.00338969
0.00150061
-0.0027108
-0.00319316
-0.00332415
-0.00302331
-6.37778e-05
-1.52465e-05
-0.00567749
0.00348683
0.0036379
0.00399531
-0.0104397
-0.00441255
-0.00542339
0.0111965
0.000849003
0.000516087
0.000573751
-0.00198785
-0.00330508
-0.00171459
0.00117747
0.00258625
0.000481528
-0.00428744
-0.00306058
-0.00750806
0.00301019
-0.00575141
0.00900045
-0.00252364
-0.00166101
0.00381776
-0.014738
-0.00379895
0.00327168
0.000136232
0.00511614
-0.0067036
-0.00489005
-0.000666279
-0.00408497
-0.00470365
0.000634887
0.00668897
0.00209816
-0.000592483
-0.00609177
-0.00284724
0.00352714
0.00112418
0.00429796
-0.00278895
0.000618281
-0.00383494
-0.00316608
-0.00528666
0.00384553
-0.00213046
0.000899044
0.0076598
-0.00448553
-0.00457363
-0.00440724
-0.00258838
0.00161525
-0.000182946
-0.00449458
0.00111424
-0.00678767
-0.00296102
-0.000471121
0.000536353
0.00374575
-0.00126916
0.000505665
-0.00808529
0.00336652
0.00183907
0.0061102
-0.00910516
0.00281514
0.00366472
-0.00200456
-0.00410152
-0.00223913
0.00443132
0.0014047
-0.00262546
0.0032094
-0.00746071
-0.00153567
0.000946916
-0.00012977
-4.14029e-05
-0.0024775
-0.002524
-0.000370376
-0.00567679
0.00176283
-0.00183536
-0.00318472
-4.24543e-05
0.000838467
-0.00545072
-0.00237973
0.000330847
-0.00342177
0.00359119
0.000496453
0.00672001
-0.00970238
0.000700777
-0.00315214
0.00755866
-0.000152042
0.00373785
-0.00535866
-0.00174834
0.00192971
-0.00127725
0.000925978
0.00468658
-0.00162769
-0.0031778
0.00533594
-0.00209916
-0.00412526
-0.00449862
0.00442085
-0.00329969
-0.000535216
-0.00408013
-0.00314525
-0.00522143
-0.00128239
0.00527088
0.000755433
-0.000861646
0.00143986
-0.00466683
-0.0018844
-0.00397179
0.00146655
0.00184016
-0.00263044
0.00345487
0.00138747
-0.00172695
0.00245896
-0.00717136
0.000643312
-0.000657221
0.00438967
-0.00173827
0.00180017
-0.00158916
-0.00203679
0.00755123
-0.00226449
-0.00175937
-0.00310624
-0.000559977
-0.00442548
-0.00225525
-0.000539134
0.000247437
0.00177947
-0.00187446
-0.00145478
-0.00431896
0.0012264
-0.00340084
-0.00302455
0.00354135
-0.00436669
-0.00277146
-0.00020571
0.00592363
-0.00163338
0.00419421
-0.00236652
0.00286806
-0.00273337
-0.00030076
0.000686746
0.00551631
-0.00405646
-0.00113498
0.000571975
0.00201026
-0.00384469
-0.000737096
-0.00516147
0.00784211
-0.00332042
0.000366319
-0.000582541
-0.00174496
-0.00760302
-0.00185858
0.00284427
0.00341526
-0.00103943
-0.00483946
-0.00350369
-0.00567722
0.00353116
0.0050874
-0.00457773
0.000379397
0.00180428
0.00180732
-0.000743659
-0.000268917
0.000156917
0.000487493
-0.000128731
0.002643
0.000325701
-0.00498147
0.000514309
-0.00200001
0.00571861
0.000761748
-0.0029366
-0.00109753
-0.00604644
0.00172163
0.00645808
0.00155541
-0.0104872
6.97907e-05
0.00174235
-0.00665133
-0.00321699
0.000388819
-0.00141438
0.00136702
0.000989902
-0.0038806
0.000817797
0.0001955
-0.00425553
0.00632566
0.000762488
-0.00625935
0.000415639
0.0017924
0.00102875
0.00734639
0.00207976
-0.00630724
0.00391226
-0.000369142
0.00229709
-0.00105962
-0.00445264
0.000703107
-0.002372
-0.00215885
0.00115701
-0.000413816
-0.00147187
-0.00420708
0.000955988
-0.00109269
-0.000911906
0.00113963
-0.000755527
0.00036394
-0.00255536
-0.00152882
-0.00378304
-0.00174325
0.00347085
0.00305924
-0.00185114
0.000257353
0.00306659
-0.0016421
-0.00267957
0.000907803
0.00157573
0.00362068
-0.00347562
-0.00195771
0.00470714
0.000199679
-0.00348455
0.00356749
-0.0021249
0.00471271
6.3005e-05
-0.00665025
-0.00152492
-0.00314035
-0.00314412
-0.00155694
0.00471881
0.0025406
-0.00472915
-0.00189625
-0.00714216
0.00725984
-0.00346436
0.00591257
-0.000486326
-0.00387755
-0.00397651
0.00335424
-0.00293317
0.00101112
0.00882029
-0.00298564
0.00426633
-0.0096809
0.00148021
0.00382625
0.00105767
-0.00517471
0.000228396
0.00306037
-0.00286845
0.00344118
-0.00956343
0.00411594
-0.000647691
-0.00490531
0.00287316
0.00398093
-0.0113771
0.00263387
-0.00219819
-0.0010379
0.00403148
-0.000952675
-0.00510477
0.00188713
0.00256244
0.00398502
-0.00375759
-0.00105417
0.00438132
-0.00362399
-0.00338848
0.00284145
-5.92824e-06
-0.00227221
0.00304576
-0.00275156
0.004084
-0.00479675
0.00616962
-0.00265358
0.00227931
-0.0023047
0.00139472
0.00283504
-0.00844339
-0.00150707
0.00209471
0.00226014
-0.00128893
-0.00457128
-0.00205263
0.00317012
-0.0077297
0.000843364
0.000323754
0.00283242
0.00597475
-0.00844922
-0.00115245
-0.00157324
0.00124931
0.00724909
-0.00244558
0.00223757
-0.0010672
-0.00146082
0.000595973
-0.000371797
-0.00179965
0.00428995
-0.00313138
0.00412046
0.00117996
-0.00111908
-0.00466833
0.00138627
-0.00148237
-0.00457886
0.000392384
-0.00521226
0.0101875
3.16712e-05
-0.00820088
0.000511864
-0.00160137
0.00133845
-0.00142638
-0.00259496
-0.000478706
-0.00327836
0.00103477
0.00188815
0.000873272
0.00409724
0.00231275
-0.00348239
-0.00141757
0.00336301
0.00229859
0.000797418
-0.0016166
-0.00240812
0.00276695
0.00227214
-0.00350992
0.00251506
-0.00275338
-0.00103343
0.000135707
-0.000933065
-0.000411601
-0.00725836
0.00204304
-0.00151173
-0.00295793
0.00381946
1.14202e-05
-0.00253324
0.00211226
-0.00648703
0.000796326
0.00127927
0.00453796
0.00106153
-0.000239623
-0.000871966
-0.000105512
-0.00679716
0.00526446
-0.00141876
-0.00131794
0.00315712
0.00397874
0.00146752
-0.000786756
-0.00116925
-0.00561839
0.00406949
0.00580431
-0.00603551
-0.00294327
-0.000328372
0.00337895
-0.00204192
0.00642573
0.000428306
-0.00526061
-0.00938779
-0.00293288
-0.0012803
0.00203202
-0.000282622
0.00229342
-0.00357831
0.00673678
-0.00192282
-0.0010439
0.00503933
3.33922e-05
-0.0057734
0.00293708
-0.00388166
0.00496519
-0.00039895
0.00238308
0.00191588
-0.00342252
-0.00283626
0.000487146
-0.000678727
0.00378635
0.000206847
-0.00376657
0.00276636
0.00222419
-0.000754773
-0.00269494
-0.00654431
0.00508275
0.00122551
-0.00509082
-0.0012477
0.000774676
-0.00129356
-0.00130466
0.000965819
-0.00464984
0.00493819
-0.00306873
-0.00300869
0.00293299
-0.000270069
-0.00561417
0.00352354
-0.000872387
0.00439257
-0.000919793
0.00179703
-0.00289374
-0.00389159
0.00241864
0.00122095
0.00338238
0.00422211
-0.00165973
-0.000706143
-0.00520173
0.00167066
-0.000738065
-0.00191695
-0.000695285
0.0045339
-0.00754539
0.00218358
0.00405492
-0.00366068
0.00107151
-0.0042988
0.00250084
-0.00527125
0.00866533
-0.00328449
-0.00273404
0.00221439
-0.00301581
-0.000869521
-0.000937036
0.0112771
0.00226695
-0.00241388
0.00260048
-0.00381817
-0.00535008
0.00607321
0.00109808
-0.00168916
-0.00053611
0.000676176
-0.000938928
0.0017745
-0.0094039
0.00142047
0.00153605
0.00320295
0.000468691
-0.00532182
-0.00322958
0.00370214
-0.00476991
0.000137541
-0.00611996
0.00783759
-0.00537283
-0.000681488
0.00175355
0.000179802
0.00158473
0.000199967
-0.000521302
-0.000113738
0.000176046
0.000819905
0.00151375
-0.00225186
0.00431302
-0.00155698
0.00463492
0.000824216
-0.00106385
-0.00511528
0.000162499
-0.000359275
-0.00202211
0.000223137
-0.00327103
-0.00174554
-0.00150424
0.000970328
0.0030404
0.00270199
0.000686437
-0.00763769
0.000374544
0.00375436
0.00178472
-0.00232075
-0.000247183
-0.00344994
0.00463383
-0.00268469
0.00123061
-0.000791628
-0.00108106
0.00397462
0.000410354
-0.00255744
-0.00435577
0.00441541
0.00438685
-0.00157399
0.00358279
0.00101744
-0.00284499
-0.00950283
0.00693125
0.00640543
-0.000476976
-0.000339578
-0.00759502
4.34437e-05
-0.000587602
3.87807e-06
-0.00106892
-0.00157838
-0.0026541
-0.00302088
-0.00319052
-0.0014807
3.24108e-07
0.00163965
0.00355654
0.00126206
0.0075955
-0.00327873
-0.00628161
0.000682041
-0.0033143
0.00765869
-0.00239278
-0.00265754
0.00479545
0.00237158
0.00268078
0.00075007
-0.00471452
-0.00146067
0.000349196
-0.00354294
-0.000162044
-0.00197202
0.000337278
-0.00152123
0.000733852
0.00603618
-0.00389616
-0.00248115
-0.000285969
-0.00175923
-2.21744e-05
0.00546522
0.00433749
-0.0127294
0.00109107
-0.00423903
0.00200002
0.00736084
-0.00492229
-0.00128645
0.00315868
-0.00189071
0.00268652
0.00581239
0.000839465
0.00334619
-0.00364483
-0.00184125
-0.00164313
-0.0025529
0.00141486
0.00158389
-0.00320224
0.00770262
-0.00849204
0.00117465
-0.00144501
0.00610644
-0.00466397
-0.00284029
0.00219764
-0.00123091
-0.00628883
-0.00109058
0.00159758
0.00274431
0.000209493
-0.00125639
-0.00429452
0.000189317
0.00554295
0.00157016
-0.00125666
-0.000888176
-0.00129297
-0.0040311
0.0081253
0.00201366
0.00368016
0.00345351
-0.00620623
0.000573981
0.000912637
-0.00331138
-0.00597992
0.00200585
0.00131226
0.00016183
0.00260417
0.000785169
-0.00861016
-0.000482216
0.00103605
-0.00169018
0.000838947
0.00737497
-0.00119373
-0.0096935
-0.000298479
-0.00124712
0.00185872
0.0036812
0.00185947
-0.00260252
-0.0032786
0.00655518
-0.00495029
0.000648834
0.00125217
0.000437627
0.00179884
-0.00133651
0.00170091
-0.00028634
0.00224911
0.000638074
-0.00224721
0.00491544
-0.00239655
-0.00282632
0.00122201
-0.00125784
0.000977494
-0.00242291
-2.55758e-05
-0.00462443
-0.00211043
0.00102361
0.000496119
0.00453011
-0.00494668
-0.00177937
-0.00125755
-0.00359196
0.00485663
-0.00144127
0.00344474
-0.00407992
0.006622
3.14578e-05
-0.000864083
-0.005075
0.00461155
0.00177716
-0.00689245
0.00597611
0.00523526
-0.00390076
-0.00605343
0.00526351
-0.00140636
-0.00320976
0.00239352
0.00323714
-0.00140622
-0.00458159
-0.00448691
0.00734684
0.00283204
-0.00383132
-0.000776679
-0.00808419
-0.00218554
0.00317589
0.000787339
0.00263798
-0.00199402
0.00294916
0.000904265
-0.00258545
-0.00103548
0.000103912
0.00255849
0.00494237
0.00844363
-0.0103809
-0.00297339
-0.00608354
0.00432471
-0.000243022
0.00489537
0.00687271
-0.00608854
-0.00260123
0.000959578
-0.00494362
0.00345595
0.00407692
-0.00419149
-0.00115824
0.00216969
-0.00150278
-0.00152959
0.00331095
-0.00253629
-0.00379184
-0.00322365
0.00404953
0.00216481
-0.00281518
0.00508734
-0.00221256
0.00241881
-0.00561597
-8.35789e-05
-0.000598672
0.00214248
0.000739503
0.0042973
-0.00557439
0.00216396
0.000683133
-0.000515137
0.00561796
-0.00446093
-0.00173935
-0.00101901
0.00193232
-0.000725317
-0.000910329
-0.00191653
-0.00205956
0.00164422
-0.000467715
0.00374755
-0.00501416
0.00168833
-0.00617719
0.00045661
-0.00401083
0.000138777
0.00278176
-0.0008246
0.00163336
0.0060472
-0.00130271
-0.00249974
0.00522799
0.0031491
-0.00125381
-0.00272876
-0.00364494
0.000704781
-0.00114182
-0.0010875
0.00865608
0.00281881
-0.0122583
-0.00348082
0.0017711
0.0089555
0.00291273
0.000961687
-0.0111147
0.000487282
0.00305028
-0.000213567
-0.00128964
-0.00689648
0.00230768
0.00409367
0.00527333
-0.00892491
-0.00294933
0.0017998
0.000327513
0.00764797
-0.00825614
-0.00323433
0.00165265
0.00117373
-0.00130281
0.00645008
0.00269116
0.00042757
0.0013445
-0.000738509
0.000101084
-0.00653685
0.00756637
-0.00832852
-0.000918199
0.00720683
-0.000742043
0.0028151
-0.00146993
-0.00633701
-0.00138493
-0.00193058
0.00160172
0.00344201
-0.00158118
-0.00102353
0.000982356
-0.00101507
-0.00405918
0.00583771
-0.00422
0.00172073
0.00244144
-0.00577232
0.000155613
0.00159772
0.00602101
-0.000623793
-0.0032913
-0.00308622
0.00227884
0.00349927
0.00215684
0.000146946
-0.00241519
-0.00318285
0.00261451
0.00172764
0.00274935
-0.00349862
-0.000631276
-0.00312593
-0.000567636
-0.000686197
0.00366828
-0.00537551
-0.0013006
-0.00297401
0.00260994
0.00167513
-0.00216185
0.00267043
-0.00244017
0.000716935
0.00140804
0.000132817
-0.00201054
0.000134079
0.0016132
0.000679225
0.00324076
0.00419271
-0.00768812
-0.00267605
0.00462512
-0.000111325
-0.00352186
0.00520205
-0.000513328
-0.00235529
3.88004e-06
0.000318935
-0.000283538
0.00166113
-0.00324456
-0.00143916
0.00264699
0.00233577
-0.00266628
-0.00103839
-0.00135985
-0.00211606
-0.000213147
0.000353573
0.00370208
-0.00387547
-0.0022802
0.000422191
0.00214492
-0.000154964
0.000854043
-0.0020513
-0.00128945
0.00465931
-0.00653792
0.00353081
0.00342571
0.00740772
-0.00924588
-0.000259147
0.00302832
0.00253621
-0.0045839
0.0023082
0.00277199
-0.00129182
0.00589713
-0.008621
-0.00372489
-0.00170494
0.00237631
0.0030006
0.000220617
-0.000247456
-5.92132e-05
-0.000105138
-0.00191161
-0.00265857
-0.000464549
-0.00246252
0.00417637
0.000594562
0.0029516
-0.00572469
-0.000245766
-0.000309825
-0.00039726
0.00169325
0.000636761
0.00107519
0.00443355
-0.000340764
0.000466437
-0.0080533
0.000985674
-0.00126464
0.00700212
-0.00741335
0.00938502
-0.00276814
-0.00213408
8.32393e-05
0.000528992
-0.00310044
0.000694592
0.00553072
-0.00533718
-0.00170382
-0.000937763
0.00395124
-0.000950263
-0.000472765
-0.00197032
-0.00661316
0.00198366
-0.00293256
0.00245461
0.000623484
0.00407922
-0.00146154
-0.000619198
0.00218525
0.0023432
-0.00151608
-0.00492261
0.00767978
-0.00503891
0.00643268
0.000692711
-0.00570968
0.00301129
-0.00236612
-0.000190173
0.00164051
0.00268795
-0.00266877
-8.23091e-05
-0.00137083
-0.00335406
0.000921018
-6.59886e-05
-0.00174534
0.000528286
0.00243639
-0.00245383
-0.00429507
0.00376444
-0.000764429
0.00155411
-0.00250818
-0.000379641
-0.00116967
-0.00539887
0.00706551
0.00243184
0.00203613
0.00227806
-0.000926198
-0.00186121
0.00257581
-0.00420728
0.00141404
-0.00057304
0.0015365
-0.000433503
-0.00465979
0.0110284
-0.00767948
-0.00034156
0.000649228
0.000167015
0.00112556
-0.00180891
0.000748123
-0.00451824
0.00512426
0.00194415
-0.00533446
-0.00152495
0.00287983
-0.00403579
-0.00255414
0.00254157
0.000507653
0.00192276
0.000855984
-0.00178767
-0.00134723
0.000121968
0.00649357
-9.95367e-05
-0.00517797
-0.00160196
0.00228346
0.00475647
-0.00136198
-0.00363069
0.00273407
0.000664564
-0.00657066
0.000419904
0.00151696
0.00499351
-0.00704132
-0.000483269
0.00176901
0.000353457
0.00054728
-0.00072939
-0.00241744
0.001828
-0.000748838
-0.00117856
0.000125694
-0.00157765
0.00876489
-0.00617771
0.00252681
0.000175883
0.000170589
0.00249751
-0.00202148
0.00124695
0.00167566
0.00247016
-0.00344211
-0.00731004
0.00436387
0.000624429
-0.00361623
-0.00317322
-0.00107836
0.0106432
-0.00116172
-0.00526002
-0.00235478
-0.00172498
0.0024353
0.00170829
7.44055e-05
-0.00331315
0.00234378
-0.00395289
-0.000521143
8.46874e-05
-0.00188599
0.00441378
0.00392
0.000942078
-0.000153234
-0.00147729
-0.00077455
-0.00365631
0.00613861
-0.0025267
-0.000210877
0.000517789
0.00376074
-0.00289956
0.00407314
-0.00128153
-0.000639616
-0.000685309
0.00205255
-0.00919521
-0.000405978
0.00157879
-0.00110007
0.00712382
-0.000853761
-0.0142138
0.00432435
0.00134763
-0.000495805
0.00103344
-0.00181443
0.000748966
0.00176231
-0.0044605
0.00626023
0.00159969
0.000439642
0.00013753
-0.000399702
-0.00128859
2.13574e-05
-0.00210212
-0.000626503
0.00728654
-0.000381675
-0.00118199
-0.00247702
0.000685687
-0.000894548
1.3219e-05
0.00347054
-0.000769035
-0.00142417
-0.00371325
0.00195809
0.00295492
-0.00433997
-0.000418078
0.000502681
-0.00198387
0.00200865
-0.00309542
-0.00555342
0.00119922
0.00552554
0.00395354
-0.000704377
-0.00357652
-0.00666902
0.00798591
0.00234282
-0.00208549
-0.00187091
0.00321031
-0.00130094
-0.00249348
0.000664251
0.000898356
0.00753507
-0.00118306
-0.0031724
0.00280135
-0.00949939
0.000191543
0.00331609
0.00470256
0.000474006
-0.00347632
-0.00213211
-0.0026595
-0.00317166
0.00531587
-0.000291133
-0.00338887
-0.00399309
0.00408059
-0.000649353
-0.000942802
0.00803065
-0.00437362
-0.00111955
-0.00546585
0.00506624
0.00209163
0.000803761
0.00235273
0.00173973
-0.00136133
-2.56057e-05
-0.00281591
0.00226535
-0.000811117
0.00113664
0.000219734
0.000278677
-0.000661493
0.00118355
-0.00435479
0.00246187
0.00175517
0.00107023
-0.00257646
-0.000867472
0.000231787
-0.00510392
-0.00676227
0.00512186
0.000679716
0.00243713
0.0020356
0.000421079
-0.00637285
0.00610856
-0.00285896
0.00206955
-0.00455789
0.000523221
0.0028796
-0.000124385
0.00123045
-0.00283046
0.00331594
0.000404149
-0.00423595
-0.000862017
0.00390022
0.0028579
-0.0005747
-0.00183702
-0.00347184
-0.00612544
0.00394744
0.00878346
-0.00300221
0.00234883
-0.00319039
-0.00109486
-0.00245987
-0.00264086
0.00292585
-0.00322318
0.00467941
-0.00119387
0.000164888
-0.000392403
0.00157652
-0.00536962
0.00833423
-0.00321378
0.00338543
0.00019374
-0.00619049
-0.00166361
0.00206452
0.0039306
-0.000624962
-0.00156418
0.00140363
0.00336579
-0.000509917
-0.00778092
0.00279415
-0.00368294
-0.00284769
0.00171994
0.00113544
-0.00379357
0.00486893
-0.00074703
-0.000606321
-0.00298053
0.00143924
0.00253341
0.00233245
0.000391802
-0.00747399
0.000488307
-0.00174057
0.00578101
0.00178283
-0.00939573
0.00557244
0.000431158
0.00642958
-0.00770737
0.00555999
0.00076328
-0.00457809
0.00143816
-0.000123798
-0.000279275
-0.000220761
0.00443744
0.0014961
-0.000755578
-0.00202997
-0.00098625
-0.00110728
0.000874356
-0.00110065
0.00158914
-0.00510746
-0.00061706
0.00147909
-0.0041598
0.00491002
0.000990492
-0.00376078
-0.000411825
0.00219918
-0.00512282
-0.00342802
0.0108461
0.00310545
-0.00466412
0.00209295
-0.00188221
-0.00364172
0.00717493
-0.000437344
-0.00349079
0.00308168
0.00162309
0.00352995
-0.00649941
-0.00572353
0.00559562
-0.0020789
-0.00174305
7.94378e-05
-0.00175058
-0.00468187
0.00695299
-0.00190479
0.000578131
-0.00359209
-0.000793276
0.0104624
-0.00196332
-0.0055542
-0.00362359
0.00588809
0.00226045
0.000171598
-0.00137062
-0.00146472
0.000960719
-0.000441525
0.00582491
-0.00511734
0.00236408
0.00194918
-0.0064512
0.00831383
-0.00261606
-0.00434489
0.00348738
0.00236415
7.55214e-05
-0.00205126
0.00259498
-0.00663999
0.000678274
0.013247
-0.00401695
-0.00728581
-0.00322541
0.000840189
-0.00173808
0.00153098
0.000585693
-0.00186825
0.00208846
-0.00271883
-0.00332001
0.00169855
0.000925346
-0.00333208
0.00792444
-0.0011079
-0.000513624
-0.00146069
-0.000888518
0.0069206
-0.00226519
0.000681047
7.03017e-05
-0.00235624
-0.00091101
-0.00355203
0.00514582
-0.000776042
-3.47648e-05
0.00136175
-0.00509971
0.00106752
-0.00544281
0.00757494
-0.00516185
0.0060223
-0.00699365
0.00308021
0.00192166
0.000830613
-0.00244544
0.000604868
-0.00698597
0.00769813
-0.00293353
0.0013645
-0.00103026
0.00105205
-0.00447404
0.00290836
0.00188282
0.000961211
-0.00241009
-0.000261308
0.00503696
-0.00376246
-0.000343214
-0.000770677
0.00434248
-0.00103639
0.00277529
-0.00321134
-0.000397497
0.00267334
-0.00621498
-0.00148574
0.0016279
0.00436614
0.00668981
-0.00764458
-0.00275681
-0.00513509
0.00209369
0.00477881
0.00153559
0.00272105
-0.0038401
-0.000937458
9.52336e-05
0.000295943
-0.00117576
0.0025212
-0.000545859
-0.00238635
4.88119e-05
-0.00406546
0.00320881
-0.000968609
0.000713603
0.00244879
0.00253817
-0.00303083
0.0012075
0.00343797
-0.00514908
-0.000276677
0.00193783
0.000539433
0.00182738
-0.00242054
-2.26159e-05
0.00022139
-0.0010698
-0.00225135
-0.00441326
-0.00310102
0.00562003
-0.00322344
0.00182394
-0.00167264
-0.00226166
0.00719089
-0.00139714
0.00151071
0.00248381
-0.00371
-0.00332739
-0.00055604
0.00687807
-0.000294021
0.00043416
-0.000776118
-0.00629788
0.00184764
0.00735611
-0.00383277
0.00135313
-0.000531573
-0.000887353
-0.00277156
0.00208298
-0.00339232
0.00317818
0.003335
-0.00349511
-0.00198661
0.0029274
0.00342187
-0.00166913
0.000910904
-0.00483546
-0.00078901
0.00661155
-0.00130203
-0.00327288
0.00100685
0.000200217
0.000861495
0.00117125
-0.00534958
0.00165831
-0.00242344
0.00107599
0.0048224
-0.00474565
0.005178
-0.000252193
0.00210549
-0.00449632
0.00198774
-0.000263477
0.00209507
-0.000697743
0.00195443
-0.00632529
0.000850341
-0.00209468
-0.00245721
0.00208636
0.00415228
-0.00346083
0.00630465
-0.00737522
0.00351567
-0.00165979
1.43491e-05
-0.00427527
0.00436396
-0.00259602
-0.000609679
0.00142201
0.00250806
0.000976806
-0.000507866
-0.00246225
-0.00101035
-0.00131675
0.00440446
0.0051276
-0.00633803
0.00457295
-0.00372882
-0.00036789
-0.000422294
0.000147941
0.00464099
-0.00310882
-0.00520217
0.00172664
0.00149262
-0.000208646
-0.00637478
0.0048155
-0.00244648
-0.00046685
0.00425998
-0.00490851
0.00645309
-0.00308884
0.000546893
-0.00345939
0.000347717
0.00486743
0.00343561
-0.00605844
-0.00253655
0.00445449
0.00447164
-0.00689229
0.00735774
-0.00353638
0.000885815
-0.000725281
-0.00329978
-0.000845978
-0.00102607
0.00252517
0.00126927
-0.00262239
0.000753104
0.000761533
-0.000610247
-0.00384557
0.00622419
-0.00250478
0.000302686
-0.00439312
0.00115557
0.00295557
-0.00254529
-0.000241536
0.00296376
-0.00201336
0.00163263
-0.00350602
-0.000421708
0.00557559
-0.00385685
0.00276065
-0.00177369
-0.00130894
0.00385675
0.0038118
-0.00134931
-0.00466326
-0.00163616
-0.000847265
-2.48608e-05
0.00596821
0.00110781
-0.0115758
0.000574929
0.00199125
0.00156535
0.0028352
-0.00453674
0.00779623
-0.00165115
0.00260284
-0.00330032
-0.00330095
-0.00136637
0.00601442
-0.00119991
0.00127071
-0.00621949
-0.00250144
-0.00305846
0.00311717
0.00844241
0.00164644
-0.000959007
0.000594476
-0.00549412
0.00154325
-0.00114341
-0.00328615
0.00701734
0.000652433
-0.000890572
-0.00231228
-0.00242339
0.000970412
-0.00199259
0.00135144
0.00186979
0.000933933
-0.00136225
0.0035906
-0.00778904
-0.00037937
-0.000190138
0.000183327
0.00566021
0.000192643
-0.000333396
-0.00201206
-0.00179657
-0.000215971
0.00602716
-0.00123774
0.00109429
-0.00471422
0.00141818
0.00107992
-0.00380388
0.00141976
0.00131793
0.000309293
-0.0033747
0.00565479
0.0017014
0.000281499
-0.0027289
0.000483665
-0.00513898
0.00262916
-0.00168281
0.000929516
-0.00555286
0.00113919
0.00263941
0.00452376
-0.00385421
0.000579772
-0.00106206
-0.00452457
0.00419994
7.28316e-05
-0.000217789
0.00175438
-0.00256361
0.0019059
0.00348715
-0.00725546
0.00445393
0.00183954
-0.00233272
-0.000154003
-0.000411238
0.00183665
0.000756225
-0.0039735
0.00620046
-0.000375734
-0.0042889
0.000190222
-0.00220319
0.00330818
-0.00356052
-0.00295548
0.00774637
0.000232187
0.0032651
-0.0052651
-0.00353063
0.00208706
0.000526068
0.00323456
-0.00493096
0.00386512
-0.00227288
-0.00270286
0.00197266
-0.00125097
-0.000299052
0.00340102
-0.0044291
0.00529547
-0.000494737
0.0037736
-0.00230166
-0.000722941
0.000553426
-0.004586
-0.00283137
0.00599837
-0.00315234
-0.000175147
0.00477636
-0.000747146
0.00201592
-0.00533251
-0.0018776
0.0010694
-0.00431499
0.0052717
0.0009584
0.000971474
-0.00818745
0.00140565
0.00288618
0.000365222
0.00060981
0.00166051
0.000895237
-0.000819461
-0.00215367
0.00170386
-0.00472074
0.00118767
-0.000547098
0.00165491
0.00293332
0.00163801
-0.00347425
0.00365274
-0.00321052
0.00010772
0.00266386
0.003374
-0.00274616
-0.00276475
-0.00296699
0.00378038
0.000559677
-0.00586345
-0.000341189
0.00182067
0.00181556
-0.000454311
0.00454321
0.000828303
-0.00707828
-0.000332346
0.00415166
0.00326606
-0.00285393
-0.00461723
-0.0058568
-0.00070159
4.62738e-05
0.00772397
0.0015478
0.00309267
-0.00115838
-0.00145893
-0.00178351
0.000303267
0.000910413
0.00252573
-0.00324058
0.0105968
-0.00311131
-0.00371126
-0.00579805
0.000355323
0.00318262
-0.00361502
-0.00207173
0.00462725
-0.000901856
-0.00315578
0.0038935
0.000900629
-0.00208943
0.00337967
-0.00564888
0.000346236
0.00435326
0.00336613
-0.0023556
-0.00609724
0.00187035
0.00320705
0.000843172
-0.00367479
0.00112135
0.0019558
-0.00307977
0.00324473
-0.000577773
0.00620252
-0.0026199
-0.00381497
-0.00273713
-0.000957748
-0.00220106
-0.000433683
0.00526912
-0.00153109
0.00369138
0.00119733
-0.0054091
-0.00215114
0.00112839
0.000390263
0.00105996
0.00146768
-0.00037393
0.000543778
0.00258768
-0.00457256
-0.0010931
0.000378184
0.000885433
-0.00252335
0.00322189
-0.00113051
-0.00395729
0.00297531
-0.000983874
0.00303402
-0.00081105
-0.00559756
0.00327652
0.00528069
0.00219522
-0.00151748
-0.00133294
-0.00146755
-0.00455891
-0.00197071
0.000359394
-0.00136722
0.00357887
-1.93253e-05
0.0016785
-0.00822569
0.00466165
0.0033235
-0.000272074
7.60686e-06
-0.000492316
0.000162471
-0.00419998
-0.00158521
0.00408877
0.00269827
-0.00333878
0.00343136
0.00163018
-0.00195489
0.00138943
-0.00140479
0.000967342
0.00497069
0.000459425
-0.00289305
-0.00514687
0.00324164
-0.0063416
0.00528949
0.00131447
0.00064965
-0.00206531
-0.00579004
0.00265168
0.00245113
0.00171955
0.000163388
-0.000889921
-0.00080497
0.000465571
-0.0011491
-0.00197357
-0.000215797
0.00301005
-0.00207844
-0.00350921
0.00400112
0.00234379
-0.00116778
-0.00132827
-0.00111042
-0.000906452
0.00612819
-0.00244722
0.00119211
0.00333467
-0.000923951
0.00125675
-0.00287798
-0.000949583
0.00309109
-0.00545017
0.00531303
-0.00117749
-0.000447047
-0.00674791
-0.000178268
0.00132694
0.00334904
-0.00255622
-0.00203773
0.00373402
-0.00188908
0.00078701
-0.00560153
0.00552915
0.00124295
0.00303781
-0.0045116
-0.00611857
0.00190378
0.00215169
0.00435928
-0.00559256
0.00196759
0.000449046
-0.00302529
0.00475687
-0.00396082
0.00499548
0.0083144
-0.00374876
-0.00374455
-0.00229659
-0.00166061
-0.00412814
0.00208557
0.00022345
0.00379642
-0.00246518
0.00483064
0.000659803
-0.000244758
-0.00279851
0.00358574
-0.000707669
-0.00190098
-0.00346851
-0.0069869
0.0102184
-0.00248957
0.00601496
-0.00182188
-0.00143369
0.00127488
-0.00178674
0.00357696
-0.00286113
-0.00193118
-0.00309203
-0.000131955
0.00258391
0.00367608
0.00222337
-0.00576296
-0.00436232
0.00561065
-0.00323958
0.00126829
0.00561565
-0.00471436
-0.00413183
0.00363537
0.00160775
-0.00683545
-0.00289306
-0.000288899
-0.00043058
-0.0463185
-0.106069
-0.0995393
-0.111497
-0.0196924
0.158611
-0.00838581
-0.00621265
-0.00342378
-0.0689482
-0.10575
-0.126907
-0.0545508
-0.171669
-0.305246
-0.196365
-0.148397
-0.0981638
-0.171057
-0.0756634
-0.0742691
-0.0611044
-0.0580467
-0.0568782
-0.0669032
-0.0232508
-0.0582918
-0.0763319
-0.0233642
-0.0025522
-0.00546465
-0.00139342
-0.00316033
-0.0021374
-0.00190925
-0.00663079
0.00216681
-0.00228943
-0.00153146
-0.0013473
-0.00319971
-4.98358e-05
0.00182146
-0.00429382
-0.00474249
-0.00130292
-0.00440973
0.00180498
0.00395489
-0.00509557
0.00097071
0.000595924
0.00319714
-0.00323037
-0.0057081
-0.00205297
0.00503295
0.00106084
-0.00472813
1.90706e-05
-0.00216834
0.00310381
0.000119739
-0.00173723
0.00143198
-0.00422798
0.0038803
-0.00412577
0.00223191
0.000125743
-0.000667884
0.000481492
0.00194841
-0.000988746
-0.0041464
-0.00342098
0.00078986
0.00260675
0.00195565
-0.00369647
0.000599325
-0.000425085
-0.00320783
0.0052464
-0.0013865
-0.00514864
-7.91588e-05
0.00169088
-0.00720054
0.00217775
-0.00247083
-0.00212408
0.00189659
0.00088834
-7.20741e-05
-0.000838665
0.00158726
-0.00164046
0.00248666
-0.00178533
-0.00233051
-0.00029464
-0.000343362
0.00350054
-0.000560353
0.0020579
0.00213084
-0.00450877
-0.00510845
-0.00256687
0.00288452
0.00180418
-0.000463305
-0.00202694
-0.00161556
-0.000538244
0.00508888
-0.00205407
-0.00204014
0.00462654
1.39205e-05
-0.000891399
0.00126254
-0.0039122
-0.00450444
0.00510602
0.000321715
-0.00100441
-0.000636921
0.000732449
-0.00711347
0.00775448
0.00346082
-0.00515025
-0.00408346
-0.000382601
0.00108355
0.00710522
0.0012021
-0.00312148
-0.00657349
0.00385391
-0.00493534
0.00142481
0.000984895
0.00251419
-0.000602238
-0.00360982
0.000502597
0.00217874
0.00104401
-0.00689845
0.004258
0.00094599
0.00139061
0.000874027
-0.0015222
-0.00275814
0.00192595
-0.000238046
0.00158853
-0.00564306
-0.00407413
0.00135488
-0.0026532
0.0106605
-0.00316771
0.000638588
-0.00441605
-0.00286181
0.00201022
0.0047319
-0.00290194
-0.000395755
-4.32669e-05
0.000652838
-0.00508394
-0.000773275
0.00576925
0.00514722
-0.00069993
-0.00202706
0.00201731
-0.00936659
0.00241864
0.00169394
3.96687e-05
0.0006749
-0.00324744
0.00334664
0.00293777
-0.0025379
0.00128777
-1.18282e-05
-0.00427517
0.00040714
0.000792474
0.00179687
-0.00577075
0.00144718
-0.00123061
0.00321172
-0.00185282
-0.000214767
-0.00114002
-1.91728e-05
0.00211711
0.000412625
0.00273917
-0.00243947
0.00189277
0.00240454
-0.00240999
-0.00126089
0.00500977
-0.00537542
-0.00107068
-0.00114922
0.00400399
7.50191e-05
-0.00650427
-0.000510896
0.0030152
0.000494694
-0.00406176
-0.00157235
0.00157819
0.00117457
-0.00108815
8.74174e-05
-0.00156706
0.00542281
-0.00734351
0.0027574
0.000279828
0.0044367
-0.00249867
-0.00349517
0.0023445
-0.00290142
0.000458025
0.00240667
0.000266308
0.00238002
-0.00582588
-0.000307438
0.00596956
0.000457421
-0.00104698
-0.00173091
-0.000772912
-0.000488486
0.00219267
