-0.0128401
-0.0272379
-0.0160419
-0.0216503
-0.0292383
-0.02819
-0.0231269
-0.0229613
-0.0242695
-0.0266569
-0.0202173
-0.0191393
-0.0218573
-0.0242996
-0.023253
-0.0129676
-0.031916
-0.0300543
-0.0105832
-0.0172116
-0.0208074
-0.0203137
-0.0236155
-0.0307439
-0.0242033
-0.0184208
-0.0207403
-0.0216503
-0.0209058
-0.0251822
-0.0192372
-0.0259382
-0.0155434
-0.0291426
-0.0194968
-0.0185485
-0.0196929
-0.0179667
-0.0146967
-0.013227
-0.0216841
-0.0151584
-0.0183545
-0.0165896
-0.0226993
-0.0265207
-0.0217497
-0.0290731
-0.0350918
-0.0270181
-0.0288795
-0.0213606
-0.0233904
-0.030384
-0.0260366
-0.0180944
-0.0310332
-0.0277353
-0.0310332
-0.0226993
-0.025609
-0.0109086
-0.0223108
-0.0207403
-0.0229306
-0.0229306
-0.0236786
-0.0225753
-0.023293
-0.0237471
-0.0258713
-0.027046
-0.0199239
-0.0199239
-0.0282589
-0.0223408
-0.0156119
-0.0267547
-0.0287146
-0.0207083
-0.0250856
-0.0266569
-0.0265894
-0.0325378
-0.0221457
-0.0289467
-0.0103206
-0.0184519
-0.0171145
-0.0273072
-0.0186173
-0.0239406
-0.0216913
-0.0242028
-0.0299574
-0.0263274
-0.0244648
-0.0263276
-0.0226733
-0.0259686
-0.0240104
-0.0199548
-0.0286713
-0.024344
-0.021887
-0.0274725
-0.0280935
-0.0319857
-0.0311987
-0.0311022
-0.0263274
-0.0236492
-0.0264245
-0.0263979
-0.0229306
-0.0246305
-0.0246305
-0.0169179
-0.0309069
-0.0137906
-0.026686
-0.0329666
-0.0305495
-0.0223108
-0.0211004
-0.0311987
-0.0364038
-0.027902
-0.0294024
-0.0277353
-0.022864
-0.023293
-0.0264245
-0.0269481
-0.0183545
-0.0244343
-0.0215257
-0.0288795
-0.0195686
-0.0216205
-0.0342082
-0.0223408
-0.0258713
-0.0204107
-0.0273072
-0.0239128
-0.0295004
-0.0252816
-0.0158752
-0.0229613
-0.026492
-0.0219406
-0.0258713
-0.0297632
-0.0294327
-0.0277353
-0.0250189
-0.0265894
-0.0250856
-0.0274423
-0.0222712
-0.0235819
-0.0200514
-0.0225033
-0.0308403
-0.0257065
-0.021981
-0.0319857
-0.0243957
-0.0302461
-0.0197593
-0.0244343
-0.0240104
-0.0188807
-0.0236786
-0.0167535
-0.020768
-0.0190723
-0.0161336
-0.028683
-0.0184519
-0.0239406
-0.032017
-0.0208375
-0.0264245
-0.0239128
-0.0282859
-0.0197641
-0.0230958
-0.026492
-0.0285911
-0.0258993
-0.0315588
-0.0231269
-0.0258713
-0.0210035
-0.0213606
-0.0194027
-0.0178316
-0.0171145
-0.0281611
-0.026065
-0.0196667
-0.0207403
-0.0258033
-0.0215545
-0.0135848
-0.0210035
-0.0124423
-0.0124106
-0.0237471
-0.0192372
-0.0176919
-0.0191393
-0.0162317
-0.0192372
-0.0177624
-0.0166873
-0.0219406
-0.0172803
-0.0199892
-0.0165214
-0.0215545
-0.0189747
-0.0170708
-0.0140776
-0.0237471
-0.0174719
-0.0189747
-0.0226017
-0.0143425
-0.0217191
-0.0129647
-0.00888647
-0.0234438
-0.0149885
-0.0176363
-0.0248522
-0.0234512
-0.0156119
-0.0164261
-0.0158054
-0.020672
-0.0265207
-0.0145323
-0.0198574
-0.0170829
-0.0138468
-0.0207403
-0.00383048
-0.0268518
-0.0197593
-0.016661
-0.0210035
-0.0143032
-0.0183832
-0.018026
-0.0151176
-0.0148266
-0.0104173
-0.0234845
-0.0190723
-0.0174051
-0.0151849
-0.0268518
-0.023293
-0.0277992
-0.0193345
-0.0196929
-0.0211699
-0.0139129
-0.0186173
-0.0198574
-0.0253183
-0.0169179
-0.0197593
-0.0277641
-0.0242028
-0.0224092
-0.0207403
-0.0324417
-0.0231846
-0.0221057
-0.0217205
-0.0265894
-0.0221752
-0.022864
-0.0331597
-0.0229613
-0.0318201
-0.0205753
-0.0205753
-0.0160669
-0.0187831
-0.0197593
-0.0297632
-0.0259946
-0.0318201
-0.0206424
-0.0280935
-0.0287149
-0.0242028
-0.0217895
-0.0212929
-0.0204107
-0.0177344
-0.0176663
-0.0301215
-0.0274725
-0.0216503
-0.030384
-0.026065
-0.01819
-0.0229613
-0.0140116
-0.0218168
-0.0179975
-0.0252781
-0.0151849
-0.0230958
-0.0283861
-0.0242305
-0.0258713
-0.0273072
-0.0239128
-0.0256746
-0.0300543
-0.0205753
-0.0229613
-0.0242695
-0.0223108
-0.0239406
-0.0263979
-0.0239406
-0.0327725
-0.0255421
-0.0331326
-0.02819
-0.0199239
-0.0240104
-0.0261608
-0.022864
-0.0270792
-0.0230291
-0.0145645
-0.0213606
-0.018941
-0.0190405
-0.0253183
-0.0235819
-0.0231948
-0.0196929
-0.0197593
-0.0231269
-0.0254166
-0.0239128
-0.0178997
-0.0132554
-0.0190405
-0.019431
-0.0171145
-0.0243675
-0.0318201
-0.0275407
-0.0252508
-0.0194697
-0.0264946
-0.0211283
-0.0292682
-0.0231948
-0.0237471
-0.0302189
-0.0153159
-0.0137789
-0.0289767
-0.0385306
-0.0302861
-0.021981
-0.0217205
-0.0191393
-0.0193345
-0.0279961
-0.0207403
-0.0241349
-0.0214271
-0.0295977
-0.0142752
-0.0198574
-0.0192651
-0.0284248
-0.0162317
-0.0244648
-0.021981
-0.0280935
-0.0311987
-0.0230958
-0.0335868
-0.0389144
-0.0345947
-0.0288113
-0.0222712
-0.0217895
-0.0178013
-0.0285501
-0.0147959
-0.0288113
-0.0214271
-0.0255828
-0.024177
-0.0195686
-0.0181638
-0.0230578
-0.0283559
-0.0209058
-0.0315312
-0.0317235
-0.0265894
-0.0288113
-0.0282589
-0.0234845
-0.0178316
-0.0276384
-0.0257734
-0.022864
-0.0261608
-0.0314619
-0.0365317
-0.0324417
-0.0298602
-0.0259382
-0.0325378
-0.0274725
-0.0160419
-0.0190405
-0.0287816
-0.0249208
-0.0287418
-0.0250856
-0.0237154
-0.0201202
-0.0281611
-0.0296655
-0.0205753
-0.0305067
-0.0300543
-0.0322474
-0.0230578
-0.0235506
-0.0195952
-0.0176663
-0.0247967
-0.0260366
-0.0236786
-0.0248522
-0.0266161
-0.0240069
-0.0244648
-0.0280935
-0.0305495
-0.0243957
-0.0205753
-0.0147293
-0.02015
-0.0293359
-0.0185485
-0.0216503
-0.0185194
-0.0187831
-0.0187831
-0.021196
-0.0142693
-0.0282225
-0.0235819
-0.0182869
-0.0211283
-0.0183832
-0.0235135
-0.0264245
-0.0265894
-0.0288113
-0.0232239
-0.0234845
-0.0261343
-0.0240104
-0.0304115
-0.0201879
-0.0221457
-0.0178013
-0.0182563
-0.0358791
-0.0234845
-0.0146312
-0.0233863
-0.0217497
-0.0260366
-0.0164256
-0.00878779
-0.0162317
-0.0254443
-0.0242695
-0.0242695
-0.0239406
-0.019886
-0.0208074
-0.0139444
-0.0208375
-0.0257341
-0.0195004
-0.0196929
-0.030579
-0.025923
-0.0162317
-0.0179288
-0.0212929
-0.0221752
-0.0288795
-0.022047
-0.0274725
-0.0211283
-0.0314619
-0.0184519
-0.0257065
-0.0162598
-0.0152509
-0.0249208
-0.0372185
-0.026065
-0.02489
-0.026065
-0.019886
-0.0224372
-0.0165896
-0.0234172
-0.0231948
-0.0199239
-0.0234172
-0.0201473
-0.0299292
-0.0298851
-0.0343039
-0.0343039
-0.0279285
-0.0333248
-0.026492
-0.0175695
-0.0321518
-0.0212929
-0.0212929
-0.0231269
-0.0159693
-0.0192372
-0.0107088
-0.0107088
-0.0295977
-0.0237471
-0.0138468
-0.0182213
-0.0245328
-0.0138468
-0.0138468
-0.0171145
-0.0171145
-0.0208375
-0.0298851
-0.0224609
-0.0248238
-0.0171145
-0.0222712
-0.0222436
-0.0130623
-0.0143685
-0.0174719
-0.0245613
-0.0245613
-0.0286171
-0.0217497
-0.0243957
-0.0207403
-0.0267855
-0.0229613
-0.0251822
-0.0243351
-0.0205753
-0.0164256
-0.0230578
-0.0227961
-0.0239406
-0.0199548
-0.015514
-0.0184519
-0.0110732
-0.0183133
-0.0200224
-0.0200224
-0.0215545
-0.0274725
-0.0208074
-0.0263979
-0.0267819
-0.0272104
-0.0212929
-0.0272379
-0.0254166
-0.0280935
-0.0229876
-0.0279547
-0.0162598
-0.0300543
-0.0265894
-0.0286463
-0.0215257
-0.0215923
-0.0241708
-0.0244648
-0.0209058
-0.0183545
-0.0183545
-0.0290969
-0.0290969
-0.0290969
-0.0157091
-0.0184519
-0.0273072
-0.0292395
-0.0170166
-0.0237471
-0.0117536
-0.0191393
-0.0197898
-0.0251822
-0.0274984
-0.0271848
-0.0302461
-0.0204376
-0.0332282
-0.0274032
-0.0264245
-0.0290969
-0.0236786
-0.0271423
-0.0185485
-0.0183832
-0.0280247
-0.0247825
-0.0206256
-0.0206256
-0.0137357
-0.0237976
-0.016646
-0.0208633
-0.0227507
-0.0265207
-0.0229162
-0.0267448
-0.0227961
-0.015514
-0.02623
-0.0221457
-0.0247261
-0.0234136
-0.0252843
-0.0243995
-0.0209382
-0.019024
-0.0224864
-0.0183092
-0.0234853
-0.0244256
-0.0224196
-0.0150115
-0.019252
-0.0166749
-0.0211675
-0.0201163
-0.0219476
-0.0221755
-0.0184483
-0.0191686
-0.0230291
-0.0194348
-0.0211039
-0.0237154
-0.026359
-0.0218573
-0.0232615
-0.026004
-0.0213921
-0.0253846
-0.0235776
-0.0202814
-0.0237804
-0.0310367
-0.0241708
-0.0276736
-0.0274078
-0.0237154
-0.0314927
-0.0276078
-0.0256503
-0.0255504
-0.0258024
-0.0342467
-0.0207731
-0.0276078
-0.0244999
-0.0225753
-0.0340814
-0.0203539
-0.0206084
-0.0199892
-0.0293677
-0.0368933
-0.0246653
-0.0272433
-0.0273432
-0.023515
-0.0243351
-0.0208074
-0.0340468
-0.030417
-0.0282929
-0.0282276
-0.0276078
-0.0414775
-0.0252192
-0.0348671
-0.0231614
-0.032642
-0.0259036
-0.0218078
-0.0320221
-0.0319219
-0.0301875
-0.0331971
-0.0278396
-0.0284925
-0.0354876
-0.0311371
-0.0245328
-0.0190044
-0.0223108
-0.021039
-0.0247911
-0.0279633
-0.021517
-0.0227314
-0.0135885
-0.0218573
-0.0264218
-0.0281611
-0.0314024
-0.0257391
-0.0252461
-0.0309355
-0.0325416
-0.0291226
-0.0275336
-0.0275948
-0.0208557
-0.0294925
-0.0296568
-0.0221952
-0.0266475
-0.0342334
-0.0342334
-0.0287706
-0.0302755
-0.0295532
-0.0280903
-0.0250394
-0.0272049
-0.0341102
-0.0296568
-0.0263597
-0.0207799
-0.0307478
-0.0384626
-0.0271622
-0.0256577
-0.0236992
-0.022135
-0.0290996
-0.0308336
-0.0302755
-0.0258646
-0.0231237
-0.0201163
-0.0282549
-0.022135
-0.0253076
-0.0313266
-0.0259256
-0.0199097
-0.0181606
-0.0262553
-0.0276548
-0.0295072
-0.0227129
-0.0224786
-0.0219999
-0.0177482
-0.0145075
-0.0145075
-0.014126
-0.0206466
-0.023709
-0.0200312
-0.0280064
-0.0129659
-0.0129659
-0.0195956
-0.0195956
-0.0195956
-0.0251599
-0.0251599
-0.0255033
-0.0249422
-0.0249422
-0.0247794
-0.0309076
-0.0311806
-0.0268254
-0.0246149
-0.026774
-0.0242711
-0.0255033
-0.0335402
-0.0303123
-0.0325227
-0.0288399
-0.0210996
-0.0248338
-0.0284063
-0.0387302
-0.0337563
-0.033576
-0.021825
-0.0366592
-0.0303451
-0.0241083
-0.0266648
-0.0257758
-0.0295652
-0.0292764
-0.0240377
-0.0274301
-0.0313266
-0.0274713
-0.0270792
-0.0339166
-0.0244343
-0.0274423
-0.024955
-0.033427
-0.0269882
-0.030882
-0.0414446
-0.0324117
-0.0318886
-0.0239128
-0.0262951
-0.0262025
-0.0308136
-0.0325764
-0.0183988
-0.0259036
-0.0278632
-0.026459
-0.0272774
-0.0275407
-0.0312367
-0.0353877
-0.0339166
-0.0244343
-0.0218573
-0.0291426
-0.0286589
-0.0257734
-0.0290126
-0.0331309
-0.0264357
-0.0384623
-0.0382682
-0.0349955
-0.0275082
-0.03117
-0.0393839
-0.0298602
-0.0265894
-0.0262694
-0.029997
-0.0255828
-0.03896
-0.0316922
-0.0279961
-0.0254497
-0.0293036
-0.0304512
-0.0277737
-0.032642
-0.0258713
-0.0272537
-0.0270546
-0.0289467
-0.0331052
-0.0301935
-0.0343456
-0.0343456
-0.036306
-0.0302302
-0.0302302
-0.0259669
-0.0375485
-0.0316003
-0.037977
-0.0391804
-0.0276078
-0.0355197
-0.0355197
-0.0327725
-0.0365379
-0.02489
-0.0234596
-0.0356525
-0.0344437
-0.0342775
-0.0368286
-0.0313356
-0.0346359
-0.0278047
-0.0300881
-0.0345118
-0.0372576
-0.0272774
-0.0290126
-0.0268887
-0.0277353
-0.0356525
-0.0363725
-0.0431455
-0.0422309
-0.0291399
-0.0283265
-0.0321518
-0.0354876
-0.0355867
-0.0314024
-0.0305821
-0.0348671
-0.0296655
-0.0357521
-0.0337253
-0.0362384
-0.0404659
-0.0295004
-0.0281278
-0.0363725
-0.0362075
-0.0389876
-0.0385978
-0.0269882
-0.0276078
-0.0348671
-0.0270181
-0.0384988
-0.0355867
-0.0291122
-0.0419022
-0.0346103
-0.0401698
-0.0364038
-0.0345378
-0.0343456
-0.0423962
-0.0404659
-0.0350324
-0.0315017
-0.0368601
-0.0287477
-0.0316683
-0.0221119
-0.0362384
-0.0310049
-0.031049
-0.0334609
-0.041708
-0.0418054
-0.0366373
-0.0278047
-0.0287255
-0.0320221
-0.0307828
-0.0279633
-0.0348007
-0.0318569
-0.0293359
-0.0333619
-0.028393
-0.029732
-0.0280274
-0.0305172
-0.0278632
-0.0309724
-0.0302861
-0.0429489
-0.0382348
-0.0315279
-0.0253119
-0.0335782
-0.0269391
-0.0306084
-0.0328556
-0.0323773
-0.032073
-0.0378888
-0.0314961
-0.0405776
-0.0321642
-0.0390714
-0.0385088
-0.0384506
-0.0440589
-0.0396924
-0.0412559
-0.0279138
-0.0417279
-0.0377269
-0.0368414
-0.0280752
-0.0353357
-0.0430631
-0.0406802
-0.0302569
-0.0279138
-0.0413598
-0.0309233
-0.0383912
-0.0423257
-0.0281784
-0.0384506
-0.0287983
-0.0296375
-0.0472343
-0.0381282
-0.030345
-0.0458801
-0.037462
-0.0381864
-0.036221
-0.039174
-0.0351749
-0.0308644
-0.0430281
-0.0340362
-0.0435314
-0.0317048
-0.0413426
-0.0308943
-0.0313504
-0.0448333
-0.0360597
-0.031383
-0.03783
-0.0392759
-0.0427052
-0.0344956
-0.0324861
-0.0298455
-0.0416671
-0.0365201
-0.0296831
-0.0435906
-0.0336804
-0.0290184
-0.0367833
-0.0429098
-0.0391291
-0.0372095
-0.0429414
-0.0337723
-0.0393949
-0.0393949
-0.03783
-0.0317048
-0.0295799
-0.0339759
-0.0277061
-0.0350713
-0.0326714
-0.024447
-0.0256861
-0.029476
-0.0299352
-0.0304991
-0.0273518
-0.0315437
-0.0235624
-0.0287983
-0.0366805
-0.0325899
-0.0343349
-0.0325309
-0.0355416
-0.0375067
-0.0369447
-0.0325309
-0.0352777
-0.0279138
-0.032785
-0.029476
-0.03486
-0.0322208
-0.0361735
-0.0361735
-0.0263059
-0.0271324
-0.0241241
-0.0263197
-0.0271904
-0.0336116
-0.0367833
-0.0365769
-0.0308764
-0.0340362
-0.0376681
-0.0356008
-0.0322082
-0.0280165
-0.0222201
-0.0319105
-0.0343751
-0.0382892
-0.0303031
-0.0303031
-0.0390126
-0.0321326
-0.0346569
-0.0244899
-0.0304056
-0.0397952
-0.0332536
-0.0369867
-0.0267764
-0.0396924
-0.0345971
-0.0295211
-0.0386125
-0.0332536
-0.043011
-0.0278103
-0.0412418
-0.0348186
-0.0316465
-0.0298455
-0.0402216
-0.0354812
-0.0272346
-0.0400503
-0.031808
-0.0354812
-0.0333132
-0.0293597
-0.0375654
-0.0338745
-0.0428489
-0.0432345
-0.0426873
-0.0362643
-0.0375184
-0.0284861
-0.0363242
-0.0299352
-0.035439
-0.0363242
-0.0366225
-0.0361624
-0.0360597
-0.0405186
-0.04062
-0.0384925
-0.0422456
-0.0335092
-0.0322672
-0.043011
-0.0401608
-0.0327278
-0.0390126
-0.0310259
-0.0303613
-0.0286369
-0.0323249
-0.0379323
-0.0415654
-0.0444762
-0.0331515
-0.0300822
-0.0405776
-0.0390714
-0.0422883
-0.0361624
-0.0380951
-0.0380339
-0.0295211
-0.0338745
-0.0325309
-0.0240211
-0.0296231
-0.0377269
-0.0266142
-0.028739
-0.025477
-0.0219408
-0.0349605
-0.0322082
-0.0330919
-0.0350227
-0.0323249
-0.035439
-0.036417
-0.0273518
-0.0310259
-0.0342903
-0.033429
-0.0271904
-0.0501816
-0.0390126
-0.035439
-0.044051
-0.0285909
-0.040782
-0.0261455
-0.0318498
-0.0411987
-0.0299352
-0.0385531
-0.0325309
-0.0270863
-0.028534
-0.0329904
-0.0284304
-0.0217368
-0.0314854
-0.0359562
-0.034921
-0.0433099
-0.0345541
-0.0263509
-0.0248467
-0.0287983
-0.0196132
-0.0367241
-0.0343933
-0.0359562
-0.0428078
-0.0350713
-0.0258921
-0.0272938
-0.031587
-0.0331928
-0.0343933
-0.0356434
-0.0266739
-0.0303394
-0.0294612
-0.0260951
-0.0298782
-0.0374468
-0.0418638
-0.0277529
-0.0322082
-0.031383
-0.0303031
-0.0335173
-0.0383678
-0.0389104
-0.0277529
-0.0403702
-0.0366225
-0.0306592
-0.0289602
-0.0243278
-0.0329904
-0.0317048
-0.0306592
-0.0354812
-0.0337723
-0.0329308
-0.0287983
-0.0323693
-0.0267092
-0.0242263
-0.0265121
-0.0333132
-0.0280752
-0.0289009
-0.0248467
-0.0322672
-0.0338745
-0.0345971
-0.0256282
-0.024447
-0.0269259
-0.0254674
-0.0306016
-0.0359413
-0.0321065
-0.0405587
-0.0429098
-0.0306592
-0.0291544
-0.0330919
-0.0366805
-0.0369447
-0.033302
-0.0301416
-0.0272938
-0.0230462
-0.0304056
-0.0248016
-0.0248016
-0.029775
-0.0298782
-0.0328881
-0.0270129
-0.0293597
-0.0349566
-0.0301416
-0.0263059
-0.0309046
-0.0303031
-0.0321642
-0.0323249
-0.0275924
-0.0336531
-0.0287983
-0.025008
-0.0227225
-0.023504
-0.032693
-0.0293597
-0.0369447
-0.0331515
-0.0272473
-0.0277061
-0.0359562
-0.0367633
-0.0229776
-0.0317048
-0.028739
-0.0350578
-0.031383
-0.0220003
-0.0420249
-0.0330919
-0.0270732
-0.0279713
-0.0332536
-0.0371978
-0.0371978
-0.0341305
-0.0382892
-0.028752
-0.0344956
-0.0360011
-0.0319105
-0.0335092
-0.0314854
-0.0346979
-0.0324283
-0.0396341
-0.0333132
-0.0331515
-0.0337261
-0.0353798
-0.0335092
-0.0339336
-0.0368984
-0.0296831
-0.0344956
-0.0270295
-0.0340362
-0.0376681
-0.0265121
-0.0362033
-0.0303031
-0.039377
-0.0337723
-0.0339336
-0.0310259
-0.0326328
-0.0295211
-0.0295211
-0.0315437
-0.0255691
-0.0365282
-0.0375654
-0.0257689
-0.0278103
-0.0441532
-0.0325899
-0.0330488
-0.0354812
-0.0326695
-0.0354812
-0.028739
-0.0382298
-0.0396751
-0.0364621
-0.0420249
-0.0369867
-0.0445175
-0.0365201
-0.0366805
-0.0394288
-0.0352777
-0.0238699
-0.0238699
-0.0362643
-0.0362643
-0.0324283
-0.0280165
-0.0232976
-0.0329904
-0.0329904
-0.0217368
-0.0284304
-0.0345068
-0.0257894
-0.0320606
-0.0304991
-0.0216336
-0.028695
-0.0285776
-0.032785
-0.0319105
-0.0398972
-0.0281784
-0.0317485
-0.0317048
-0.0331515
-0.0277061
-0.0319463
-0.030345
-0.032073
-0.0269391
-0.0360011
-0.0304991
-0.0309233
-0.0352186
-0.0352777
-0.0282371
-0.0358988
-0.0269716
-0.0432095
-0.034921
-0.0374045
-0.0365893
-0.0300822
-0.0278103
-0.0354812
-0.0378888
-0.0377845
-0.039174
-0.0369447
-0.0469044
-0.0369447
-0.0267659
-0.031587
-0.0299805
-0.0300387
-0.0295211
-0.0338745
-0.032693
-0.0384506
-0.0336695
-0.0336695
-0.0338143
-0.0419228
-0.0366225
-0.0225173
-0.039174
-0.0330488
-0.0325899
-0.0248467
-0.0407392
-0.0347588
-0.0322672
-0.0370472
-0.0442547
-0.0336695
-0.041038
-0.0353798
-0.0276943
-0.0376082
-0.0278552
-0.0380259
-0.0305074
-0.0239307
-0.0358988
-0.0352777
-0.0294184
-0.039174
-0.0429695
-0.0383912
-0.040935
-0.0358402
-0.0413426
-0.0380828
-0.044051
-0.039174
-0.0401535
-0.0355818
-0.0279713
-0.0365201
-0.0358988
-0.0327278
-0.0319701
-0.0381282
-0.0384878
-0.0361624
-0.0271324
-0.025008
-0.0403576
-0.0339336
-0.0319463
-0.0329904
-0.0329904
-0.0328881
-0.0286369
-0.0305555
-0.037244
-0.0292574
-0.0326328
-0.0260417
-0.0263059
-0.0268112
-0.0306592
-0.0347979
-0.0280752
-0.0324708
-0.031587
-0.0279138
-0.0335526
-0.0294996
-0.0275924
-0.0285909
-0.03777
-0.0300822
-0.0241819
-0.031383
-0.0264518
-0.032785
-0.0241819
-0.0331515
-0.0315437
-0.0463232
-0.0360011
-0.0328297
-0.0306434
-0.028695
-0.0337133
-0.0311202
-0.0316465
-0.025008
-0.025008
-0.030858
-0.028695
-0.0295799
-0.0344956
-0.0341983
-0.0314854
-0.0320123
-0.0329308
-0.0293597
-0.0344359
-0.0367833
-0.0312229
-0.0411403
-0.0427481
-0.0331515
-0.0330488
-0.0369447
-0.0371066
-0.0368414
-0.0314854
-0.0324708
-0.0347588
-0.0352777
-0.0473284
-0.0370472
-0.0324094
-0.0266142
-0.0265532
-0.0311278
-0.0361025
-0.0398972
-0.0363242
-0.039174
-0.0379715
-0.044716
-0.0429489
-0.0369447
-0.0353798
-0.0419647
-0.04021
-0.0441532
-0.0389526
-0.0356008
-0.0546446
-0.0441532
-0.0414034
-0.0362643
-0.0336695
-0.0396341
-0.0414034
-0.0414034
-0.0405587
-0.0349114
-0.0396341
-0.0399361
-0.0256861
-0.0375067
-0.0291544
-0.0375067
-0.0276345
-0.0293597
-0.0344956
-0.0365028
-0.0390714
-0.0368623
-0.0450777
-0.0426467
-0.0408422
-0.0375654
-0.0463403
-0.0463403
-0.0326328
-0.0325681
-0.0382298
-0.0464845
-0.035439
-0.0307622
-0.0307622
-0.0374468
-0.028695
-0.0306016
-0.0306016
-0.0361624
-0.0414034
-0.0283735
-0.030345
-0.0386911
-0.0350145
-0.0315263
-0.0255252
-0.0288911
-0.034921
-0.0363655
-0.0380689
-0.0312799
-0.0318498
-0.0349669
-0.0280752
-0.0362643
-0.0290969
-0.0356799
-0.0338745
-0.031587
-0.024388
-0.0298782
-0.0321642
-0.034921
-0.0324708
-0.029315
-0.0403136
-0.0387038
-0.031808
-0.0357384
-0.0384925
-0.0307622
-0.0312469
-0.0222644
-0.0334753
-0.0362033
-0.0362033
-0.0374045
-0.0314854
-0.0394736
-0.0317485
-0.0307622
-0.0330488
-0.0278103
-0.0317485
-0.0367374
-0.03321
-0.0317485
-0.0375654
-0.0371854
-0.0333717
-0.0296154
-0.0323249
-0.0348186
-0.0293597
-0.0309233
-0.0294184
-0.0248016
-0.0385531
-0.0352186
-0.0315437
-0.026362
-0.039174
-0.0292574
-0.0323693
-0.0336695
-0.0321642
-0.0421263
-0.0275924
-0.0322082
-0.042084
-0.0331515
-0.036221
-0.0429695
-0.0435314
-0.0409797
-0.0428489
-0.0383474
-0.0312308
-0.0375654
-0.037462
-0.037149
-0.037149
-0.0329904
-0.0370472
-0.0337723
-0.0367241
-0.0403136
-0.0298308
-0.0380339
-0.0387499
-0.029775
-0.0273865
-0.036825
-0.030981
-0.0376082
-0.0356359
-0.0381864
-0.0416019
-0.0426467
-0.0411987
-0.0390714
-0.0367241
-0.0368854
-0.0419807
-0.0426873
-0.0385531
-0.0419228
-0.0358988
-0.042084
-0.0411403
-0.04566
-0.0387499
-0.0430719
-0.0418638
-0.0403576
-0.0427481
-0.0366805
-0.0404165
-0.0463232
-0.0428489
-0.04062
-0.0395318
-0.0367833
-0.0417032
-0.0319008
-0.0344956
-0.040935
-0.0343933
-0.0474801
-0.0420743
-0.0371415
-0.0399365
-0.0422269
-0.0449777
-0.0396341
-0.0399567
-0.0413426
-0.0321481
-0.0317048
-0.0362643
-0.0358402
-0.0325309
-0.0383912
-0.0405186
-0.0289009
-0.0351169
-0.0458621
-0.0486141
-0.0374045
-0.0284759
-0.0451355
-0.0422269
-0.0329453
-0.0429037
-0.0350394
-0.0369447
-0.0356008
-0.0369447
-0.0380689
-0.0402559
-0.0308199
-0.0405186
-0.0375769
-0.0387499
-0.0278103
-0.04062
-0.0477892
-0.0323249
-0.0413014
-0.0414034
-0.0353798
-0.0314854
-0.0355416
-0.0376466
-0.0411811
-0.0344956
-0.0449942
-0.0335782
-0.0297181
-0.0385088
-0.0408422
-0.0422269
-0.0358402
-0.0444164
-0.0454992
-0.0380339
-0.0358521
-0.0263509
-0.0369867
-0.0357384
-0.0346569
-0.0322208
-0.0382434
-0.0402559
-0.0363242
-0.0284759
-0.040935
-0.040935
-0.0326328
-0.0352777
-0.0341305
-0.0390528
-0.0411403
-0.0322672
-0.0320606
-0.0395747
-0.0353195
-0.0353195
-0.0332536
-0.0323693
-0.0413407
-0.0413407
-0.046545
-0.0313248
-0.0338302
-0.033406
-0.0366225
-0.0401187
-0.0419228
-0.0397357
-0.0485132
-0.0317485
-0.0329904
-0.0361025
-0.0457998
-0.0441532
-0.0397952
-0.0457004
-0.0428489
-0.0208535
-0.039336
-0.0339336
-0.0352777
-0.0373015
-0.0306108
-0.0409797
-0.0294184
-0.0284861
-0.0392759
-0.0274325
-0.0329904
-0.0268691
-0.0301831
-0.0356799
-0.0297854
-0.0336116
-0.0362643
-0.0405186
-0.0403136
-0.0419807
-0.0394288
-0.041038
-0.0499604
-0.0462821
-0.0421263
-0.0418638
-0.0346569
-0.0340732
-0.0299352
-0.039114
-0.0265121
-0.0359562
-0.0351169
-0.0336695
-0.0380828
-0.0367833
-0.0373458
-0.0322082
-0.0395318
-0.0379228
-0.0287983
-0.0378658
-0.0403136
-0.0345541
-0.0300387
-0.0361025
-0.0402559
-0.0300822
-0.0378658
-0.0375067
-0.0388516
-0.0364726
-0.033406
-0.0343751
-0.0282704
-0.0367833
-0.0399938
-0.0274325
-0.032693
-0.0330919
-0.0386474
-0.0431662
-0.0425444
-0.03725
-0.0295211
-0.0365201
-0.0347154
-0.0389104
-0.041463
-0.035439
-0.0363829
-0.0388516
-0.0436327
-0.04062
-0.0388783
-0.031383
-0.0414034
-0.037462
-0.0457187
-0.040197
-0.037244
-0.046443
-0.0317485
-0.0420249
-0.0404585
-0.0352186
-0.0350227
-0.0469461
-0.0415654
-0.0482736
-0.0352777
-0.045295
-0.0446149
-0.0402559
-0.0437949
-0.0390714
-0.0480521
-0.0353798
-0.0409797
-0.0418638
-0.0321642
-0.0472258
-0.0343933
-0.0467663
-0.0314854
-0.0457614
-0.0486742
-0.0404165
-0.0377269
-0.0345541
-0.0360597
-0.040782
-0.0434293
-0.0398972
-0.0315437
-0.0394984
-0.0383306
-0.0396924
-0.0419228
-0.0423377
-0.0341865
-0.0429695
-0.0406719
-0.0333132
-0.044051
-0.0375654
-0.0389104
-0.0439481
-0.035439
-0.037149
-0.0418036
-0.0356008
-0.0444164
-0.0390126
-0.0294184
-0.0316465
-0.0346569
-0.0280752
-0.0367241
-0.0455579
-0.039336
-0.0390714
-0.0404165
-0.0367833
-0.0377089
-0.044513
-0.0376082
-0.0291544
-0.0311879
-0.0340362
-0.0382892
-0.0421865
-0.0350145
-0.0424414
-0.04182
-0.0289944
-0.0333132
-0.0437882
-0.0370841
-0.0351749
-0.0325681
-0.0339759
-0.0422456
-0.0347154
-0.0442547
-0.037244
-0.0367241
-0.0289944
-0.0321065
-0.0383474
-0.0415566
-0.0351169
-0.0366225
-0.0255819
-0.0375067
-0.0344956
-0.0374045
-0.0362033
-0.0356359
-0.0369447
-0.0306592
-0.0392691
-0.0392691
-0.0388075
-0.0360597
-0.0395318
-0.0379228
-0.0292574
-0.0260417
-0.0381282
-0.0298782
-0.0424414
-0.0365632
-0.0353357
-0.0292574
-0.0316465
-0.0316465
-0.0446149
-0.0373458
-0.0284759
-0.0360011
-0.028739
-0.028739
-0.0347968
-0.0412418
-0.0411512
-0.0382298
-0.0374468
-0.0343933
-0.0385898
-0.0381864
-0.0360597
-0.032693
-0.0396924
-0.0443145
-0.0353357
-0.0397323
-0.034233
-0.0283155
-0.0334514
-0.0365201
-0.0392691
-0.039114
-0.037244
-0.0432686
-0.0344956
-0.0361624
-0.0364029
-0.0349566
-0.0337133
-0.0313504
-0.0350145
-0.032785
-0.0450974
-0.0382434
-0.042587
-0.0365201
-0.0321642
-0.0362785
-0.0402559
-0.0402559
-0.0344507
-0.0324283
-0.0296231
-0.0340765
-0.0432095
-0.0392121
-0.0385898
-0.0416019
-0.0358988
-0.0319105
-0.0406802
-0.0357384
-0.0271324
-0.0304991
-0.0345971
-0.0442547
-0.0329453
-0.0490764
-0.0358061
-0.041463
-0.0321065
-0.0387499
-0.0321065
-0.0292108
-0.0283735
-0.0307157
-0.033106
-0.0371854
-0.0466424
-0.0381282
-0.0306592
-0.032785
-0.0303394
-0.0353357
-0.0353357
-0.0282197
-0.0373458
-0.0340362
-0.0380689
-0.0496569
-0.031762
-0.0450381
-0.0267659
-0.0267659
-0.036417
-0.0363601
-0.0413014
-0.0332536
-0.0386548
-0.0366805
-0.0417621
-0.0375067
-0.0469044
-0.0376794
-0.0433702
-0.0435906
-0.0433702
-0.0336213
-0.0335092
-0.0351169
-0.0399984
-0.0389526
-0.0373458
-0.0412418
-0.0302436
-0.0389526
-0.0296375
-0.0332536
-0.0287983
-0.0297181
-0.0376082
-0.0329453
-0.0451355
-0.0460198
-0.0299352
-0.039174
-0.0321065
-0.0355326
-0.0375067
-0.0438907
-0.0423842
-0.0412418
-0.0401535
-0.0427052
-0.0426467
-0.0421263
-0.0398365
-0.0360597
-0.0360011
-0.0393135
-0.0462228
-0.033406
-0.0452375
-0.0419228
-0.0395399
-0.0338302
-0.0388516
-0.0390126
-0.0337133
-0.0387499
-0.0405776
-0.039777
-0.0308644
-0.0449361
-0.0371854
-0.031383
-0.039174
-0.0396751
-0.031383
-0.0298782
-0.0373458
-0.0374045
-0.0324283
-0.0347154
-0.0278552
-0.0396341
-0.0396924
-0.0366805
-0.0417164
-0.0367241
-0.0401535
-0.0365282
-0.03777
-0.0332536
-0.032736
-0.0291544
-0.0391291
-0.0449777
-0.0267092
-0.0303031
-0.0329308
-0.0410807
-0.0381282
-0.0412418
-0.0348546
-0.0376082
-0.0239634
-0.0397357
-0.0367374
-0.0367374
-0.0354812
-0.0400958
-0.0358988
-0.0301998
-0.0376681
-0.0330312
-0.0388075
-0.0382892
-0.0330488
-0.0345541
-0.0323816
-0.0307622
-0.0396448
-0.0359413
-0.0309659
-0.046545
-0.0383306
-0.0346952
-0.0410952
-0.0343933
-0.0308644
-0.0318443
-0.0411403
-0.0461798
-0.0394383
-0.0387499
-0.0397357
-0.0370029
-0.0364621
-0.0431662
-0.0335092
-0.037244
-0.0314854
-0.0314854
-0.0396924
-0.0348546
-0.0370029
-0.0320606
-0.0405186
-0.0438322
-0.0366225
-0.0444164
-0.0317485
-0.036417
-0.0357958
-0.0358665
-0.0304991
-0.0422244
-0.0367833
-0.0441532
-0.0312229
-0.0302436
-0.0366225
-0.0259856
-0.0304991
-0.031587
-0.0490764
-0.0283735
-0.0327278
-0.0351169
-0.0438907
-0.0425444
-0.0460198
-0.0302436
-0.0308044
-0.0360011
-0.0328881
-0.0373015
-0.036866
-0.0382892
-0.032004
-0.0356799
-0.038385
-0.0356359
-0.0432686
-0.0472684
-0.0339915
-0.039891
-0.0399938
-0.0348546
-0.0303958
-0.0350145
-0.0462821
-0.0402559
-0.0375471
-0.0476287
-0.04062
-0.0390714
-0.040137
-0.0424263
-0.0424263
-0.0408195
-0.0422244
-0.0373458
-0.0398535
-0.0376082
-0.0323816
-0.0368854
-0.042587
-0.0330488
-0.040935
-0.0364621
-0.0357384
-0.0294184
-0.0394736
-0.033406
-0.0313248
-0.0356799
-0.0335092
-0.0399938
-0.031587
-0.0398535
-0.036825
-0.0315437
-0.0328881
-0.0388075
-0.0438907
-0.0347588
-0.0350578
-0.0329308
-0.0399567
-0.0423257
-0.0352317
-0.0352317
-0.0307622
-0.03319
-0.0353798
-0.0417621
-0.0363242
-0.0461798
-0.0395747
-0.0299352
-0.031383
-0.0310715
-0.0322208
-0.0360011
-0.0350145
-0.0429489
-0.0388516
-0.0451999
-0.0402975
-0.0426467
-0.0422816
-0.0381282
-0.0337723
-0.0396341
-0.0409202
-0.0343933
-0.0463837
-0.0443554
-0.0384878
-0.042486
-0.0364726
-0.0377063
-0.0367833
-0.0362007
-0.0333494
-0.0328881
-0.0356921
-0.0337723
-0.0411403
-0.0382298
-0.0382298
-0.0387499
-0.0416597
-0.0392691
-0.0445557
-0.0418638
-0.0396924
-0.0332536
-0.0365632
-0.0344359
-0.0344359
-0.0330919
-0.0330919
-0.0370472
-0.0373015
-0.0373015
-0.0418638
-0.0383716
-0.0362007
-0.0362007
-0.034233
-0.0371854
-0.0378658
-0.0402559
-0.0401535
-0.0453783
-0.0487724
-0.0344956
-0.0340732
-0.0357038
-0.0397952
-0.0356359
-0.0356359
-0.0367833
-0.0279567
-0.0434711
-0.0279713
-0.0441937
-0.0369447
-0.0422269
-0.0448768
-0.0428664
-0.0466857
-0.0304991
-0.0366225
-0.0394736
-0.029775
-0.029775
-0.0341746
-0.0276943
-0.0392759
-0.0401535
-0.0398346
-0.0398346
-0.0388516
-0.0458139
-0.0396341
-0.041643
-0.0411811
-0.0368792
-0.0368792
-0.037286
-0.0426467
-0.0343933
-0.0382298
-0.0368854
-0.0348546
-0.0385088
-0.0403576
-0.0321481
-0.0450781
-0.0491359
-0.0378658
-0.0383306
-0.0290969
-0.041463
-0.037149
-0.0362574
-0.0425444
-0.0390126
-0.0378088
-0.0415046
-0.0427481
-0.0479904
-0.0349566
-0.0402559
-0.0405186
-0.0480085
-0.040137
-0.0470061
-0.0340362
-0.0347968
-0.0329308
-0.0397323
-0.0399567
-0.04062
-0.0409797
-0.0432095
-0.0536588
-0.0442957
-0.0374045
-0.0507443
-0.0504832
-0.0463232
-0.0437882
-0.0411403
-0.03261
-0.0430064
-0.0434711
-0.0417032
-0.0314854
-0.0388516
-0.0367241
-0.0476398
-0.0373015
-0.0411403
-0.0414034
-0.0361025
-0.037286
-0.0430064
-0.0375067
-0.0390714
-0.0348546
-0.0445557
-0.0386911
-0.0322672
-0.0338745
-0.0360011
-0.0355326
-0.0459172
-0.0291987
-0.0357384
-0.0282135
-0.036982
-0.0389526
-0.0239634
-0.0510618
-0.0355785
-0.0476869
-0.039891
-0.0356799
-0.0343349
-0.0359399
-0.0300387
-0.0363601
-0.0383287
-0.0319463
-0.0440325
-0.0394736
-0.0337723
-0.0380689
-0.0404585
-0.0239174
-0.0452375
-0.0376681
-0.0285776
-0.0319008
-0.0364029
-0.0383287
-0.040782
-0.0285172
-0.0408195
-0.0423257
-0.0375067
-0.0306434
-0.0370934
-0.0299805
-0.0271324
-0.0370841
-0.0386474
-0.0357805
-0.0404585
-0.0322082
-0.036982
-0.0377063
-0.0322672
-0.037848
-0.0337133
-0.0386474
-0.0326252
-0.0366225
-0.0356799
-0.0369867
-0.0376681
-0.0346569
-0.0366637
-0.0459618
-0.0356799
-0.0340732
-0.0402363
-0.0350578
-0.0331928
-0.0305555
-0.0335526
-0.0389526
-0.0433702
-0.0468457
-0.02982
-0.0340148
-0.0385898
-0.0313248
-0.0289369
-0.0355785
-0.0375067
-0.0295585
-0.0367833
-0.0357818
-0.0279567
-0.0268691
-0.0357384
-0.0434096
-0.0355785
-0.0408778
-0.0358402
-0.046443
-0.0446557
-0.0471501
-0.0357384
-0.0422244
-0.0434293
-0.0376082
-0.0437725
-0.0390126
-0.0363021
-0.0401535
-0.0516892
-0.0431083
-0.0417032
-0.0396924
-0.046545
-0.0435712
-0.0433099
-0.0489758
-0.0397357
-0.0292574
-0.0365632
-0.0327095
-0.0373458
-0.0347519
-0.0339711
-0.0285776
-0.0402975
-0.0328881
-0.0376041
-0.0423257
-0.0374468
-0.0320476
-0.0402653
-0.039174
-0.0487724
-0.0435712
-0.0415566
-0.0435715
-0.0426467
-0.0492369
-0.0466424
-0.0255819
-0.0414422
-0.0344359
-0.041543
-0.0348975
-0.0399361
-0.0363601
-0.0409797
-0.0462228
-0.0422244
-0.0421223
-0.0476287
-0.0441947
-0.0462821
-0.0385442
-0.0452375
-0.0331928
-0.0378077
-0.0431492
-0.040616
-0.0449765
-0.039114
-0.0417048
-0.0398972
-0.0404165
-0.0385442
-0.0439327
-0.0405007
-0.0446149
-0.0395318
-0.0463837
-0.0439925
-0.0336695
-0.0423257
-0.0393135
-0.0323693
-0.0329904
-0.0392121
-0.02966
-0.04102
-0.0335526
-0.0341305
-0.0402559
-0.0422244
-0.0469044
-0.0404165
-0.0417032
-0.0361025
-0.0374468
-0.0429277
-0.0306592
-0.0385898
-0.04062
-0.0362574
-0.037343
-0.0349566
-0.0475693
-0.0489164
-0.0398773
-0.0413407
-0.0413407
-0.0408778
-0.0404585
-0.0323092
-0.0379228
-0.0474093
-0.042486
-0.0343349
-0.0439925
-0.0473092
-0.032004
-0.0439327
-0.0404165
-0.042587
-0.0446557
-0.0400369
-0.0377063
-0.0407182
-0.0367633
-0.0389104
-0.0351583
-0.0351583
-0.0320476
-0.038385
-0.0306434
-0.0437725
-0.0447752
-0.0352186
-0.0475693
-0.0467857
-0.0349114
-0.0474093
-0.0365201
-0.0339139
-0.0425444
-0.0376082
-0.0381864
-0.0388516
-0.041543
-0.0479502
-0.0354764
-0.0329308
-0.0336116
-0.0453388
-0.0439925
-0.0382298
-0.0411403
-0.0441937
-0.0342752
-0.0458023
-0.0386911
-0.0380259
-0.0374045
-0.0374045
-0.0354764
-0.0343349
-0.0328297
-0.0359413
-0.0325681
-0.0376082
-0.0395318
-0.0378658
-0.0387499
-0.0302819
-0.031383
-0.0439925
-0.0385898
-0.0292574
-0.0388516
-0.0451999
-0.0414422
-0.0335526
-0.0324177
-0.0398346
-0.0402559
-0.0235418
-0.0415
-0.0374045
-0.0437116
-0.0365769
-0.0474903
-0.0366637
-0.0448164
-0.0497588
-0.0372249
-0.0419033
-0.0361427
-0.0420249
-0.0440935
-0.0351583
-0.0291388
-0.0338745
-0.0341305
-0.03817
-0.0284759
-0.0336116
-0.0314259
-0.0284759
-0.0263509
-0.0302366
-0.0371415
-0.0317415
-0.0311053
-0.0253649
-0.0272275
-0.0336116
-0.0276943
-0.0308644
-0.0395747
-0.0411403
-0.0356799
-0.029315
-0.0337528
-0.0427892
-0.0400958
-0.0403576
-0.0375471
-0.0436724
-0.0308044
-0.0381282
-0.0350578
-0.0350578
-0.0350578
-0.0322082
-0.037286
-0.0324659
-0.0350145
-0.0416019
-0.0408778
-0.0376881
-0.0375067
-0.0408195
-0.0370255
-0.0292976
-0.0292976
-0.034921
-0.0457014
-0.0433099
-0.0356799
-0.0360011
-0.0335092
-0.039777
-0.0446149
-0.0432485
-0.0361025
-0.0479915
-0.0390126
-0.041543
-0.0353798
-0.0408195
-0.0402975
-0.0375654
-0.0388516
-0.0462228
-0.0478301
-0.0426253
-0.0431492
-0.0393135
-0.0383912
-0.0446557
-0.0406719
-0.0449765
-0.0467857
-0.0328297
-0.0422244
-0.036417
-0.0398346
-0.0453783
-0.0405186
-0.0475693
-0.041543
-0.0341746
-0.0400958
-0.0374468
-0.0267092
-0.0418036
-0.0375067
-0.0376482
-0.03777
-0.044716
-0.0399361
-0.0370841
-0.0403136
-0.0414426
-0.0363601
-0.0439327
-0.030133
-0.0461217
-0.0357384
-0.0388516
-0.0350145
-0.0364621
-0.0353798
-0.0335526
-0.0301803
-0.0312799
-0.0326695
-0.0300822
-0.0435906
-0.0439327
-0.0446149
-0.0429695
-0.0423842
-0.0454992
-0.0330919
-0.0434711
-0.0431083
-0.0304991
-0.0390528
-0.0385442
-0.0397357
-0.0395318
-0.0395318
-0.0367833
-0.0378658
-0.0441937
-0.0448164
-0.0301416
-0.0413426
-0.0368854
-0.0351169
-0.0377485
-0.0446149
-0.0326252
-0.03552
-0.0363021
-0.0386474
-0.0359562
-0.0300822
-0.0332466
-0.040197
-0.0325219
-0.034233
-0.0455579
-0.0379677
-0.0430493
-0.0401535
-0.044716
-0.0419314
-0.0321642
-0.0355785
-0.039053
-0.030981
-0.0283735
-0.0355785
-0.0341305
-0.0379323
-0.0449777
-0.0338122
-0.0360984
-0.046545
-0.0374468
-0.0365769
-0.0282135
-0.0438322
-0.0310259
-0.0370255
-0.027114
-0.0384303
-0.0385898
-0.0432095
-0.0356799
-0.0428078
-0.0403576
-0.0420249
-0.0268691
-0.0300779
-0.0366805
-0.0306016
-0.0403576
-0.0375472
-0.036417
-0.0294562
-0.0321642
-0.0363601
-0.0394736
-0.0312229
-0.0312229
-0.0374045
-0.0271324
-0.0399361
-0.0351169
-0.0357384
-0.0399361
-0.0284167
-0.0321065
-0.0357805
-0.0319463
-0.030904
-0.0374455
-0.0313248
-0.0315263
-0.0324659
-0.0237011
-0.0310632
-0.0302232
-0.0357805
-0.0417032
-0.0376881
-0.0341746
-0.0417032
-0.0400958
-0.0331928
-0.0467444
-0.0240211
-0.0375067
-0.0443536
-0.0340271
-0.0340732
-0.0281108
-0.0333494
-0.0318443
-0.0224596
-0.0354191
-0.0295004
-0.0434126
-0.0431083
-0.0319463
-0.0390528
-0.0281555
-0.0370841
-0.0321065
-0.029315
-0.0389104
-0.0389104
-0.0408778
-0.0414422
-0.0336116
-0.0308644
-0.0395747
-0.0374045
-0.0381282
-0.0371854
-0.0407753
-0.0351169
-0.0448164
-0.0410807
-0.0397357
-0.0387499
-0.0327278
-0.0473673
-0.0491763
-0.0442932
-0.0482515
-0.0493955
-0.0415654
-0.0258261
-0.0375067
-0.0277529
-0.0393717
-0.0313248
-0.0401535
-0.0328297
-0.030133
-0.0400369
-0.024686
-0.0425444
-0.0392691
-0.0426873
-0.0431535
-0.0276498
-0.0375654
-0.0416597
-0.0439925
-0.0276943
-0.0354764
-0.0365632
-0.0342752
-0.0322082
-0.0349566
-0.0349566
-0.0370472
-0.0412418
-0.039114
-0.0405776
-0.0370873
-0.0501214
-0.0437725
-0.0425262
-0.0348975
-0.031383
-0.0365201
-0.0351169
-0.0411243
-0.0466258
-0.0362007
-0.047107
-0.0433099
-0.0482515
-0.0454393
-0.0401535
-0.03777
-0.0439925
-0.0486141
-0.0456001
-0.0381282
-0.0468457
-0.0437309
-0.0448164
-0.0446149
-0.0454992
-0.0412806
-0.0447752
-0.0472499
-0.0392121
-0.042587
-0.0260882
-0.0367656
-0.0290969
-0.0359413
-0.0324088
-0.0423842
-0.0425262
-0.0403576
-0.0394736
-0.0378077
-0.0328297
-0.0363601
-0.036823
-0.0383912
-0.031587
-0.0323693
-0.0347519
-0.0421065
-0.0437882
-0.0484116
-0.0492369
-0.0412418
-0.0467444
-0.0416019
-0.0294184
-0.0335526
-0.034233
-0.036825
-0.0323693
-0.0380689
-0.0382892
-0.0352186
-0.0323693
-0.0363601
-0.0407182
-0.0378077
-0.0323693
-0.0350145
-0.0349566
-0.0307432
-0.0385898
-0.0370841
-0.0336116
-0.0351169
-0.0331323
-0.0284167
-0.0391539
-0.0289369
-0.0364621
-0.0386474
-0.041643
-0.0275339
-0.0328297
-0.0306592
-0.0313248
-0.0213704
-0.0376082
-0.0306016
-0.0330312
-0.0370383
-0.0410807
-0.0330919
-0.0329308
-0.0479297
-0.0369447
-0.0299212
-0.0344956
-0.0348373
-0.0368854
-0.0366637
-0.0377063
-0.0313248
-0.0334514
-0.0351749
-0.0403576
-0.0418638
-0.047167
-0.0361624
-0.0295211
-0.0265121
-0.0299805
-0.0325098
-0.0337133
-0.0365028
-0.0341746
-0.0367241
-0.0284759
-0.0454393
-0.0335526
-0.0356202
-0.0371256
-0.0419033
-0.0357384
-0.0417032
-0.0335092
-0.0379677
-0.0418638
-0.0418638
-0.0265532
-0.0360011
-0.0375067
-0.039114
-0.0396751
-0.0422662
-0.0396751
-0.0419647
-0.0447549
-0.04986
-0.0450777
-0.0387499
-0.0363601
-0.0491763
-0.0395747
-0.0366805
-0.042587
-0.0337133
-0.0446557
-0.0389526
-0.0312653
-0.0373858
-0.0330877
-0.034233
-0.0365028
-0.0307034
-0.0359413
-0.0272346
-0.0362574
-0.0314854
-0.0357384
-0.0411192
-0.0408778
-0.0357384
-0.0356202
-0.0269716
-0.0352186
-0.0431492
-0.0342752
-0.0315437
-0.0313653
-0.0357805
-0.032785
-0.0350578
-0.0388516
-0.0292574
-0.0379677
-0.036243
-0.0444954
-0.0352777
-0.0358988
-0.0335526
-0.0385898
-0.0290969
-0.0319463
-0.0383306
-0.0375654
-0.0409202
-0.0350578
-0.034115
-0.0358402
-0.0381864
-0.037286
-0.0322082
-0.0344359
-0.0387499
-0.0427481
-0.0409797
-0.0375067
-0.0389104
-0.0344359
-0.0336116
-0.0308044
-0.0376082
-0.0408195
-0.0313248
-0.0412385
-0.0367006
-0.0345971
-0.0434293
-0.0474093
-0.0410807
-0.0445942
-0.0401535
-0.0374848
-0.0361624
-0.0421263
-0.0390126
-0.0411403
-0.0378658
-0.0446149
-0.0365632
-0.0419647
-0.037286
-0.0399938
-0.039114
-0.0460624
-0.0448768
-0.0395747
-0.0417032
-0.0433099
-0.0394142
-0.0367633
-0.0408205
-0.04102
-0.0393135
-0.0406802
-0.0418036
-0.0468457
-0.0429485
-0.0467247
-0.0455391
-0.0366637
-0.0368854
-0.0387499
-0.0314259
-0.0430493
-0.0347154
-0.0357805
-0.0441937
-0.0433099
-0.0397357
-0.0366637
-0.0309233
-0.0398365
-0.0406599
-0.0326695
-0.0380689
-0.0391539
-0.0386911
-0.0402363
-0.0387499
-0.0415
-0.0422662
-0.0346358
-0.0330919
-0.0321481
-0.0293994
-0.0285776
-0.0357384
-0.0416597
-0.0317968
-0.0400958
-0.0463837
-0.0319503
-0.0266064
-0.0300216
-0.0334514
-0.0307622
-0.0371854
-0.0328297
-0.0409202
-0.037286
-0.0379084
-0.0333924
-0.0384307
-0.0384307
-0.0358803
-0.0340148
-0.0363379
-0.0351583
-0.0371854
-0.0333924
-0.0374468
-0.0394288
-0.0394288
-0.0369251
-0.0337133
-0.0337133
-0.0299212
-0.0406599
-0.0279567
-0.0402363
-0.0352186
-0.0446557
-0.0392542
-0.0405186
-0.0303958
-0.0352186
-0.0413426
-0.0309659
-0.0409797
-0.0422662
-0.0367241
-0.0351583
-0.0436327
-0.044392
-0.0378088
-0.0345971
-0.0450781
-0.0399984
-0.0366225
-0.0372249
-0.0346569
-0.0408195
-0.0357958
-0.0307034
-0.0386474
-0.0393717
-0.0441316
-0.0423656
-0.041038
-0.0464228
-0.0469836
-0.0390528
-0.042486
-0.0313248
-0.0387499
-0.0417423
-0.0345363
-0.0461623
-0.042166
-0.0432485
-0.0387499
-0.0373458
-0.0426873
-0.052191
-0.0382298
-0.0410807
-0.0322082
-0.0442932
-0.041463
-0.04102
-0.0271127
-0.0275924
-0.0371256
-0.0386911
-0.0351169
-0.0373235
-0.0375471
-0.0392147
-0.0326695
-0.034115
-0.0409797
-0.0457431
-0.0423656
-0.0446557
-0.0255252
-0.0330919
-0.028739
-0.0367633
-0.0293597
-0.0285776
-0.0345363
-0.0441316
-0.0316259
-0.0393536
-0.0372249
-0.0396341
-0.0449161
-0.0358803
-0.0336531
-0.0381282
-0.0441316
-0.042486
-0.0366225
-0.0351169
-0.0361411
-0.0447752
-0.0419033
-0.0439327
-0.0356799
-0.0423842
-0.0412418
-0.0319463
-0.0419033
-0.0420648
-0.0328701
-0.0395141
-0.0362033
-0.0239045
-0.0365632
-0.0290632
-0.0387305
-0.0427481
-0.0395141
-0.0334514
-0.0367241
-0.0260297
-0.0300216
-0.037286
-0.0457364
-0.0345971
-0.0450381
-0.0405186
-0.0405587
-0.0405587
-0.0263509
-0.0394142
-0.0386312
-0.0327702
-0.0287187
-0.0376466
-0.0390887
-0.0310666
-0.0439327
-0.0363021
-0.0389356
-0.031143
-0.0307432
-0.0356799
-0.031587
-0.0337133
-0.0389526
-0.0432485
-0.0314259
-0.0369251
-0.02619
-0.0455391
-0.0418036
-0.0304829
-0.0380084
-0.0347377
-0.0336903
-0.0409202
-0.0473488
-0.041543
-0.0329692
-0.0255691
-0.0374468
-0.0411811
-0.0375067
-0.0281555
-0.0378077
-0.0403973
-0.0380689
-0.0371854
-0.0349566
-0.0371854
-0.0313653
-0.0310042
-0.02966
-0.0305428
-0.034115
-0.0312653
-0.0345971
-0.0290969
-0.0426873
-0.0337723
-0.0365028
-0.0343131
-0.0378711
-0.0339759
-0.0395747
-0.0337528
-0.0340148
-0.0432485
-0.0337133
-0.0329904
-0.0364029
-0.0364029
-0.0299212
-0.0348975
-0.0337133
-0.0409797
-0.0402975
-0.0447549
-0.0336531
-0.0385898
-0.0434711
-0.0390528
-0.0269716
-0.0393536
-0.0393536
-0.0306434
-0.0335917
-0.0335917
-0.0358803
-0.0366021
-0.037286
-0.0399769
-0.0433099
-0.0394142
-0.0327095
-0.02982
-0.0395747
-0.0433099
-0.0372249
-0.0389526
-0.0363425
-0.0372249
-0.0285172
-0.031587
-0.0411811
-0.0365201
-0.0392147
-0.040137
-0.0393146
-0.0380084
-0.0441532
-0.0366637
-0.0323092
-0.0335526
-0.0356202
-0.0321065
-0.0399361
-0.0350968
-0.031587
-0.0284556
-0.0426253
-0.0302232
-0.0345784
-0.03552
-0.0393536
-0.0385701
-0.0411811
-0.0412241
-0.0304829
-0.0395141
-0.039114
-0.0320476
-0.0311646
-0.0404585
-0.0443554
-0.0254083
-0.0349975
-0.0356202
-0.0386911
-0.0396341
-0.0239634
-0.0370255
-0.0336116
-0.0388914
-0.0383037
-0.0351169
-0.0364029
-0.0434096
-0.0304218
-0.0357805
-0.0369867
-0.0283563
-0.0336531
-0.0335526
-0.0291987
-0.0357196
-0.0384878
-0.0381693
-0.0343751
-0.0326328
-0.0377864
-0.0271742
-0.0271742
-0.0361411
-0.0261304
-0.0261304
-0.0275924
-0.0360416
-0.0283563
-0.0338745
-0.0366637
-0.0257303
-0.0306016
-0.0394736
-0.0394523
-0.0284759
-0.03552
-0.0328881
-0.0329692
-0.0349975
-0.03552
-0.0327095
-0.0396133
-0.041283
-0.0393135
-0.0335526
-0.0347968
-0.0383306
-0.0355526
-0.0355526
-0.0361025
-0.0439327
-0.0406994
-0.0388516
-0.041543
-0.0326695
-0.0337133
-0.0359413
-0.030345
-0.0445545
-0.0344956
-0.0438322
-0.0348972
-0.0407568
-0.0345971
-0.0392147
-0.0409202
-0.0389526
-0.0437725
-0.0358402
-0.0363425
-0.0283202
-0.0324708
-0.0358803
-0.0396341
-0.0416019
-0.0434096
-0.04102
-0.0421005
-0.0379084
-0.0379084
-0.0474687
-0.0366225
-0.0366225
-0.0422662
-0.0343933
-0.0335526
-0.0440935
-0.0317866
-0.0336531
-0.0322082
-0.0285172
-0.0383306
-0.0425621
-0.039577
-0.0317048
-0.0350578
-0.0358402
-0.0376082
-0.0376082
-0.0288782
-0.0351583
-0.0339759
-0.0365632
-0.0337133
-0.0373858
-0.0373858
-0.0333924
-0.0263295
-0.0450149
-0.0394736
-0.0402975
-0.0267521
-0.0345363
-0.0330312
-0.0294001
-0.0208974
-0.0349975
-0.0315263
-0.0354197
-0.0334553
-0.0321481
-0.041643
-0.0280575
-0.0256701
-0.0306809
-0.0429836
-0.0374498
-0.0346359
-0.0284199
-0.0290746
-0.0302189
-0.0359476
-0.0295004
-0.0356723
-0.0243675
-0.0335075
-0.0830352
-0.0830352
-0.0830352
-0.0305125
-0.0228963
-0.0416278
-0.0416278
-0.031655
-0.0339823
-0.0433181
-0.027734
-0.0228092
-0.0267233
-0.0214726
-0.0364307
-0.0256808
-0.0324117
-0.0194027
-0.0145086
-0.017148
-0.0225068
-0.0138905
-0.017867
-0.0184208
-0.0230291
-0.0229306
-0.0166546
-0.0240069
-0.0214579
-0.0242028
-0.0284819
-0.0311285
-0.0230893
-0.02489
-0.0264245
-0.0177344
-0.0302189
-0.0215558
-0.0241349
-0.0185194
-0.0198574
-0.0331597
-0.0271423
-0.0259686
-0.0249208
-0.0262602
-0.0306762
-0.0247565
-0.0295288
-0.0225351
-0.0194968
-0.024688
-0.0313947
-0.0245927
-0.0255421
-0.0263276
-0.0227271
-0.0227271
-0.0352175
-0.0294327
-0.0294327
-0.0242996
-0.0187774
-0.0249208
-0.0305775
-0.0336855
-0.0309371
-0.0235506
-0.025153
-0.025153
-0.021196
-0.0235135
-0.0241052
-0.0344998
-0.0174719
-0.0174719
-0.0323449
-0.0266569
-0.0158709
-0.0198574
-0.0239414
-0.0239414
-0.0239016
-0.0262602
-0.0182869
-0.0259686
-0.0215213
-0.0186173
-0.0296964
-0.0264245
-0.0309069
-0.0336541
-0.0316261
-0.0256385
-0.0295977
-0.0254166
-0.0280247
-0.022047
-0.0242996
-0.0388509
-0.0356169
-0.0295288
-0.0177657
-0.0308681
-0.0288475
-0.0243675
-0.0375789
-0.0288795
-0.0330328
-0.0354516
-0.0360735
-0.0342105
-0.0302861
-0.0342755
-0.0319857
-0.0204778
-0.0220785
-0.0204442
-0.0296943
-0.0233202
-0.0260665
-0.0213606
-0.0289115
-0.0262602
-0.0318201
-0.0311022
-0.0196667
-0.0275041
-0.0282895
-0.0309371
-0.0290746
-0.020672
-0.020672
-0.0234845
-0.0261637
-0.0209346
-0.023778
-0.0182563
-0.0297937
-0.0283559
-0.0226671
-0.0285189
-0.0152509
-0.0189747
-0.0272104
-0.0272104
-0.0316261
-0.0226993
-0.027046
-0.027073
-0.0182563
-0.0319503
-0.0186848
-0.0159693
-0.0231565
-0.027734
-0.0264245
-0.0264245
-0.0248238
-0.0268511
-0.0257734
-0.019886
-0.0242996
-0.02234
-0.0299574
-0.0226017
-0.0194027
-0.0265207
-0.0257734
-0.0273072
-0.0234845
-0.0240069
-0.0289072
-0.0263276
-0.0272774
-0.025017
-0.0192697
-0.0204778
-0.0216531
-0.0193653
-0.0232225
-0.0225351
-0.0176021
-0.0205437
-0.0184519
-0.0236492
-0.0276356
-0.0234172
-0.02812
-0.02812
-0.0224372
-0.0328405
-0.0287816
-0.0287146
-0.0273072
-0.0200831
-0.0200831
-0.0288795
-0.0294361
-0.0218168
-0.0338498
-0.0314619
-0.0295004
-0.0337818
-0.0227659
-0.0266161
-0.0266161
-0.0188107
-0.0258033
-0.0137486
-0.0226993
-0.0253783
-0.0264245
-0.0209642
-0.0326395
-0.0288113
-0.0306084
-0.0306084
-0.0243675
-0.0248238
-0.0271129
-0.0350266
-0.0174051
-0.0288113
-0.0284531
-0.0219139
-0.0219139
-0.0198245
-0.0248522
-0.027898
-0.0208682
-0.0327033
-0.0327033
-0.0273753
-0.0260963
-0.0300543
-0.0300543
-0.0222117
-0.0261637
-0.0264245
-0.0312982
-0.0312982
-0.0298903
-0.0326069
-0.0248238
-0.0352868
-0.0284199
-0.0244648
-0.0217191
-0.0308681
-0.0233863
-0.0329666
-0.0382973
-0.0286171
-0.0272104
-0.0368601
-0.0267819
-0.0302861
-0.0272104
-0.0317235
-0.0290746
-0.0290746
-0.0234845
-0.0242028
-0.0334251
-0.0290746
-0.0271129
-0.0273072
-0.0301506
-0.0273753
-0.0293359
-0.0255107
-0.0249882
-0.0222436
-0.0307725
-0.0278316
-0.0294327
-0.0333248
-0.0294327
-0.0294327
-0.0294327
-0.0292383
-0.0221057
-0.0225351
-0.0251822
-0.0308403
-0.0322771
-0.0299244
-0.0311022
-0.0234172
-0.0234172
-0.0372504
-0.0300543
-0.0343456
-0.0277625
-0.0273072
-0.0254451
-0.0267233
-0.0280941
-0.0241052
-0.0210318
-0.0198574
-0.0278316
-0.0291042
-0.0197593
-0.0367292
-0.02466
-0.0365317
-0.025153
-0.0301875
-0.0245328
-0.0313642
-0.0311987
-0.0291718
-0.0358405
-0.0221119
-0.0267186
-0.0326748
-0.0327991
-0.0226017
-0.0291994
-0.0233863
-0.0233863
-0.0243957
-0.0219139
-0.0248238
-0.0135848
-0.0227659
-0.0302461
-0.0293359
-0.0268518
-0.0135848
-0.0135848
-0.0212954
-0.0252508
-0.0308403
-0.0306762
-0.0283861
-0.0242695
-0.0310049
-0.0286171
-0.0420961
-0.032017
-0.0348298
-0.0318201
-0.025153
-0.0304811
-0.0301215
-0.0234172
-0.0311987
-0.0279285
-0.0373848
-0.0304811
-0.0296943
-0.0384623
-0.026492
-0.0338773
-0.0317908
-0.0322203
-0.0304115
-0.0376465
-0.0339465
-0.0222436
-0.0279285
-0.0299564
-0.0294327
-0.0260665
-0.0272104
-0.0355818
-0.02623
-0.0360735
-0.0213606
-0.0300811
-0.0323726
-0.0298596
-0.0339465
-0.0330635
-0.0280935
-0.0281611
-0.0348298
-0.0234172
-0.0242996
-0.0291426
-0.0280626
-0.0237471
-0.0206084
-0.021981
-0.021981
-0.0363349
-0.0309371
-0.0360431
-0.0228922
-0.0239128
-0.0316261
-0.0285189
-0.029211
-0.030579
-0.0215257
-0.0215257
-0.0285836
-0.0243675
-0.0190723
-0.0314619
-0.0273753
-0.0277992
-0.0233202
-0.0275705
-0.021981
-0.0175014
-0.0242996
-0.0291718
-0.0264509
-0.0166873
-0.0262951
-0.0317235
-0.0210983
-0.026949
-0.0212625
-0.0274725
-0.0194316
-0.0226315
-0.0277641
-0.0148945
-0.0255107
-0.029986
-0.0257077
-0.0267547
-0.0242695
-0.0228922
-0.032017
-0.0416981
-0.0388235
-0.0313947
-0.0254451
-0.0318201
-0.0318201
-0.027734
-0.0283861
-0.0311987
-0.0353549
-0.0307427
-0.0282276
-0.0213606
-0.0255751
-0.0288795
-0.0195267
-0.0279285
-0.0220785
-0.0233904
-0.0189747
-0.0226017
-0.0226017
-0.0225033
-0.027734
-0.027734
-0.0310332
-0.0199239
-0.0216235
-0.0265894
-0.0302189
-0.0273753
-0.0222746
-0.0210983
-0.0216235
-0.0265584
-0.0292383
-0.0310049
-0.0276677
-0.0178013
-0.02466
-0.0212625
-0.0255421
-0.0257734
-0.0221752
-0.0227659
-0.0345684
-0.0249882
-0.0313947
-0.0203137
-0.0203137
-0.0222436
-0.0258033
-0.0258033
-0.0236152
-0.026492
-0.0201173
-0.0221457
-0.0195288
-0.0256746
-0.0184519
-0.0279285
-0.0235819
-0.0253472
-0.0174719
-0.0247565
-0.0240385
-0.0220785
-0.0190723
-0.0235819
-0.0265207
-0.0193653
-0.0219139
-0.0233863
-0.0220785
-0.03117
-0.03117
-0.0140422
-0.0277641
-0.0206087
-0.0154153
-0.015152
-0.015152
-0.0199548
-0.0199548
-0.0237471
-0.0190723
-0.0190723
-0.0257065
-0.0240362
-0.0233202
-0.0165896
-0.0165896
-0.0339465
-0.0339465
-0.0318452
-0.0241052
-0.0272104
-0.0156393
-0.0226017
-0.0182869
-0.0279285
-0.0297632
-0.0285501
-0.0221772
-0.0236089
-0.0348298
-0.0240385
-0.0292383
-0.0256385
-0.0261343
-0.0245613
-0.0382682
-0.029045
-0.0276677
-0.0220785
-0.0227659
-0.022864
-0.0208682
-0.0208682
-0.0203137
-0.0262025
-0.0213606
-0.0288795
-0.0336855
-0.0339465
-0.0273072
-0.0271129
-0.0289072
-0.0229613
-0.0291718
-0.0309371
-0.027046
-0.0357826
-0.0369568
-0.0391804
-0.0332956
-0.0243351
-0.0346359
-0.0333934
-0.0304115
-0.0378403
-0.0323449
-0.0255421
-0.0352574
-0.0282276
-0.0325378
-0.0233202
-0.0340425
-0.027898
-0.0358405
-0.0306762
-0.0306762
-0.0283553
