-0.0142108
-0.0124218
-0.0037531
-0.00644866
0.0138196
-0.00259993
0.00821584
-0.00670243
0.00796172
-0.00273805
-0.00310231
0.0051745
-0.00692589
-0.00416991
0.00573052
0.00890155
-0.00603786
-0.00434339
0.00813998
-0.0112776
-0.00297163
-0.000224928
0.00318996
0.00549946
-0.000689057
-0.00358747
-0.00372603
-0.00399557
0.00260542
0.000157815
-0.00604122
0.0115783
0.00847555
-0.00148758
-0.000989841
0.00285405
-0.00758043
0.00300125
-0.00219155
-0.00915641
0.0107439
0.00686036
-0.00210348
-0.00886865
0.00608578
-0.00202559
0.00505882
-0.00801434
0.0047109
0.00280419
-0.00794667
0.00426785
0.000726636
-0.00396211
0.000289041
0.00375132
-0.0021185
-0.000731714
-0.000997532
0.00479421
-0.00800758
0.000118671
0.00416476
-0.0118943
-0.00203425
0.00266134
0.000806836
0.00431096
0.00327118
0.00790877
-0.00869852
0.0145436
-0.00853998
0.00259844
0.000105513
-0.000460449
-0.00051768
-0.00275756
-0.000539581
-0.0074044
0.0107178
-0.00396657
-0.00978489
0.012552
0.00719583
-0.0031356
-0.00464309
0.0016736
-0.00110921
0.0039112
-0.00187375
-0.0044924
-0.000655168
-0.000779209
0.00259319
0.00137877
-0.00870731
0.00759092
0.00259542
0.00419968
-0.00450074
-0.00459806
0.00297499
0.00304092
0.00656668
-0.00110244
0.00199826
-0.0117399
0.014319
-0.00294033
-0.00748546
-0.00260783
-0.0089833
0.00447236
0.0143251
-0.0068907
0.00251999
0.00885532
-0.0106284
0.00895656
-0.0114093
0.00349665
-0.00186711
-0.0029226
0.00562692
0.00511869
-0.00138488
0.00471939
-0.00604536
0.00656999
-0.000690119
-0.00622331
0.0073685
0.00253848
-0.0157718
0.00292494
0.000124441
-0.00293764
0.00327195
-0.00174333
0.00110892
-0.0132969
0.0126111
-0.00265074
0.0025124
0.0035155
0.0103946
-0.00676007
-0.00584121
-0.0031637
-0.0054045
0.0102818
-0.00216691
0.000293169
-0.00888705
0.0086743
0.00186896
-0.00689884
0.00458482
-0.0111233
-0.00424655
0.00147683
0.0074266
0.00708008
-0.0070473
0.00640917
-0.00471991
-0.000514722
-0.00409798
0.00894976
-0.00614854
0.0117179
-0.00419819
-0.00262106
0.00280385
-0.00757962
0.00817166
-0.00115457
0.00209876
0.00910582
-0.0155802
0.00932339
-0.0021776
-0.00745414
0.0094859
-0.000369521
-0.00133285
-0.00631649
0.00470889
-0.000927237
-0.00193042
0.000951881
0.00348295
-0.0106914
0.0119103
0.00596983
-0.0162146
0.00283144
0.00485629
-0.00503413
0.00161554
-0.00835551
0.000343401
0.012656
0.0131499
-0.00825977
0.00830575
-0.0146873
0.00370123
-0.00662162
-0.00369809
0.0114776
-0.00512349
-0.000792609
0.00375743
0.00920994
-0.011599
0.00420594
-0.0125495
0.0116249
0.00156301
0.00262209
-0.00506455
0.00129223
-0.00129936
-0.00467495
-0.00281161
0.000789122
0.00664967
-0.00398338
0.000321115
0.00623759
-0.00264206
-0.0075812
-0.000405208
0.00431321
5.94837e-06
-0.00269803
0.0071935
0.00321245
0.00184194
-0.0133379
-0.0068668
0.0188373
-0.00480628
-0.00422591
-0.000539189
0.00352814
-0.000864587
0.00151058
-0.0114817
0.00122028
-0.0156752
0.0109689
0.000241701
0.0113068
-0.00820422
0.00950482
-0.0104302
0.00259662
0.00732115
0.00335568
-0.00319054
-0.00206956
0.0124992
-0.0125309
-0.00354486
-0.00662121
0.0124927
0.00210439
0.00939223
-0.0173878
0.0125763
0.00109471
-0.00111551
-0.00804833
-0.000125834
0.00544507
0.00115674
-1.78485e-06
-0.0116786
0.0132255
-0.0104255
0.00501185
0.00242637
-0.00689388
0.000633942
0.00486924
-0.00771032
-9.63503e-05
0.00609292
0.00885789
-0.0121865
-0.00726395
0.00727406
0.00574272
-0.000753434
-0.00265567
-0.00128379
0.00419997
-0.0087891
0.012404
-0.00341455
0.0067698
-0.00801453
-0.00147815
0.00521161
-0.0145901
0.0114359
-0.00468802
0.00394818
-0.00852645
0.00933452
0.00285817
-0.00392026
-0.00696837
0.0103219
-0.00819325
0.0030479
0.000732807
0.00532874
-0.00588413
0.00391816
-0.00511808
0.000286634
-0.000835858
-0.00607042
0.0101476
-0.00815212
0.00192365
0.0057077
0.00185172
0.00385966
-0.00973489
0.00505602
-0.00677993
0.00128928
0.00154276
-0.00389
0.00595478
-0.00501659
0.00231366
7.06705e-05
0.0113952
-0.0137466
0.00322719
0.00599913
-0.0114075
0.0103694
-0.00230653
-0.00473967
-0.00128175
0.00689097
-0.0032492
0.00629928
0.00239621
-0.0111257
-0.00337758
0.00627965
-0.000228317
0.00498066
0.00440107
-0.0138
0.00851909
0.00367042
-0.00930178
0.00463951
0.00329666
0.00159748
0.00125287
-0.0086374
0.0115267
-0.0137385
-0.0016139
0.00965063
-0.0116687
0.00188916
0.000351326
-3.8995e-05
0.00345123
-0.00713477
0.000523676
-0.000171217
-0.0057046
0.0081906
-0.00419161
0.000562354
-0.000627589
-0.000667775
0.00575046
-3.68729e-05
0.00307087
0.00290405
-0.0045575
-0.00372241
-0.000296186
-0.000139639
-0.000224742
-0.00359056
0.005806
-0.00419574
0.00254882
0.006414
-0.00148006
-0.010776
0.0063231
-0.000644079
0.00428902
-0.00158844
-0.00811833
0.0066689
-0.00341976
-0.00015321
0.00264291
-0.00503986
0.000508396
0.0102883
-0.00599649
-0.00250533
-0.00196414
0.00317068
-0.00585972
-0.000138622
0.00617794
0.00542063
-0.0034392
-0.00754141
0.00469438
0.00213964
0.00412841
0.00555949
-0.00854802
0.00530362
-0.00506892
-0.00296691
-0.00559318
0.015084
-0.00377708
0.00329746
0.00350856
-0.0113221
3.27869e-05
0.0126154
-0.00705424
0.00256449
-0.00784087
0.00160535
-0.00102783
0.000502555
-0.000817776
-0.00783467
0.00628651
0.00499102
-0.00495589
-0.00855633
0.00481665
-0.00250573
0.00784917
0.00184736
0.00982788
-0.00841232
0.00117234
-0.00216278
-0.00590479
0.00482007
-0.00613063
0.00508261
0.00642575
0.00216505
0.000488069
-0.00206003
0.00275348
-0.00533613
-0.00437543
-3.65553e-05
-0.00451931
0.00181545
0.00494539
0.00986925
-0.0092805
-0.00236309
-0.00533903
0.00786106
0.00535422
-0.00253955
-0.00051394
-0.0102169
0.00367102
0.000503806
-0.00149268
0.00464586
-0.00185972
-0.00276587
0.00376505
0.00350101
-0.0039864
0.00168951
-0.000912259
-0.000569384
0.000887551
-0.00722197
0.00105278
0.0149013
-0.00908993
-0.00721124
-0.00190196
0.00265814
-0.00374101
-0.000894314
0.00808332
-0.000168719
-0.00610012
0.0113152
-0.0153402
0.0123299
0.00484825
-0.0113089
0.00975484
-0.00813963
0.00285898
0.0074016
-0.00357775
-0.00389532
0.00405699
-7.35524e-05
-0.00165846
-0.0144351
0.00488095
-0.00165938
0.00636323
-0.00087202
0.000859694
0.00839115
-0.00394369
0.00227831
-0.000886402
0.00184642
-0.00995897
0.0030174
-0.000144545
0.00523977
0.00159715
-0.00547892
0.00696552
-0.00984942
0.00319252
-0.00822556
0.0161504
-0.00778278
-0.00571513
-0.00406297
0.00441876
-0.00241806
-0.0021864
0.00691509
-0.00568142
-0.00367426
0.00800288
0.000148547
-0.00719408
-0.00180847
0.00456539
-0.0024239
0.00721315
0.00652832
-0.0133305
0.0134478
0.00320906
-0.0120412
-0.00576824
0.0119433
-0.0044451
0.00420212
-0.00367602
-0.00478604
0.00325628
-0.0084345
0.0114067
-0.00287872
0.000283228
-0.00157495
-0.00267394
0.0129231
0.00735186
-0.0123794
-0.00197725
0.0026695
0.000309129
0.0046389
-0.00400349
0.000536977
-0.00403034
0.00884721
-0.00605556
-0.0167706
0.00816877
0.00405174
0.00433569
0.00869181
0.00799443
-0.0124856
-0.0045555
0.00531614
-0.000168764
0.00510076
-0.0114957
0.00951429
0.00227446
0.000543726
-0.00667962
-0.00398071
-0.00369701
-0.00464862
0.00191012
-0.00613054
0.0131534
-0.000686187
-0.00404685
-6.22973e-05
-0.00412726
0.00831495
0.0015204
-0.00861221
0.00306062
0.00878184
-0.000100923
-0.00829777
0.0027383
-0.000812479
-0.00456861
0.0117326
0.00156366
-0.0112099
-0.000914021
-0.00614842
0.00355691
0.00446156
0.00160102
0.00522488
-0.00722368
0.00925918
-0.00522237
0.00996902
-0.00335702
-0.0123283
-0.00226747
-0.00013024
0.00875049
-0.000655906
0.00245834
-0.00124499
0.000666789
-0.00472022
0.00756435
-0.000345935
-0.0106307
0.00576742
0.00930686
-0.0049145
-0.00428734
5.50918e-05
0.00266469
-0.00245062
0.00664049
0.00454693
-0.00356928
-0.00062346
2.86152e-05
0.00213576
-0.00894694
1.01382e-05
-0.0100049
0.00813008
0.00458178
0.00217894
0.00171194
-0.00413846
0.00478319
-0.0106924
0.00854245
0.00358758
-0.0069515
0.0121937
-0.00380774
-0.00918663
0.00933305
0.00223113
-0.0124616
-0.00601747
0.000484092
0.0047247
0.00338554
0.00363275
0.0102208
-0.00814188
0.000735677
-0.00380531
-0.0030756
-0.00174206
0.00205679
0.00329661
-0.00223962
0.00286456
-0.00273724
-0.00538112
0.00677889
-0.00635488
0.00618528
-0.0106333
-0.00542942
0.00686031
0.00280896
-0.00472014
-0.00616415
0.00209236
0.00404474
-0.0045129
0.015616
0.00373312
0.00107839
-0.00412037
-0.00785085
-0.00305603
0.00311165
0.000913732
0.00146561
-0.00176987
0.0112237
-0.0044552
-0.00280734
-0.00159048
0.00306016
-0.00800748
0.00715938
0.00356952
0.000944344
-0.00499485
0.000936579
-0.00602767
0.000340342
0.00240406
0.00357737
-0.00148115
-0.00988461
0.00221368
0.00393042
0.00743701
-0.00739406
0.00825016
-0.000962995
-0.00133098
-0.00405944
-0.00491495
0.00931071
0.00278184
-0.00088993
-0.00395781
0.00116879
0.00933135
-0.00708314
-0.00348437
0.000616948
0.00215632
0.000515485
-0.0139222
0.00578844
-0.000690792
-0.00150918
0.00118407
0.00919131
-0.00855218
0.00306157
0.00343592
-0.00567147
0.00210889
0.0125415
0.000174456
-0.0088801
-0.0123295
0.00400677
0.00057787
0.00584008
-0.00929616
-0.00283808
0.00369505
0.00630016
-0.00147526
0.00381797
-0.0020962
0.00100459
0.00120973
0.00289182
-0.00305995
-0.00368911
-0.00213051
-0.00436705
0.00303022
0.00205032
0.00348882
-0.00439415
0.00555088
0.000929056
-0.00314557
0.00138468
-0.0191969
0.00420211
0.00614942
0.00483431
-0.00992716
0.000692454
0.00644481
-0.00949743
0.00340543
0.00471819
0.00366884
-0.00162427
-0.00349053
0.00505743
-0.00496634
-0.00100475
0.0011208
0.00492778
-0.0015023
0.00151479
-0.0131362
-0.00166878
0.00852424
0.00426441
-0.00049469
-0.00638262
0.000122982
-0.00455187
-0.00170807
0.00568486
-0.00549372
-0.00286504
0.00570524
0.00586115
8.89042e-05
2.12532e-05
-6.19181e-05
0.000298
-0.00437847
0.00277048
-0.00375302
0.0105563
0.0036577
-0.00696919
-0.00176921
-0.00597598
0.00106309
0.0102404
-0.00680036
0.00556663
-0.0163903
1.18586e-05
0.00659178
-0.00730065
0.00613618
0.00192183
-0.00639287
0.00669568
-0.00675802
0.00179861
0.00230993
0.00187285
-0.000871899
-0.0100747
0.0156489
0.00161175
-0.0102151
0.00452863
0.00519005
-0.000688767
0.000687951
-0.010349
0.00288298
-0.00417455
0.00680728
0.00186804
-0.00837069
0.0110987
0.0185838
-0.015173
-0.0057303
0.0167085
-0.000848029
-0.00637104
0.00511743
0.00165083
0.00372238
0.000879708
0.0240831
0.00148548
0.0312131
0.0467113
0.068003
0.0224526
0.0454063
0.107599
0.0933269
0.0794003
0.0759416
0.0949856
0.125914
0.0939585
0.097305
0.113348
0.213437
0.176719
0.156852
0.159273
0.166075
-0.013774
-0.0597455
-0.314487
-0.0924931
-0.329658
-0.145352
-0.0767339
-0.0261377
0.015824
-0.0118293
-0.00568178
0.0206848
-0.0130832
-0.0056131
0.0147261
-0.00875528
-0.00158592
0.0109658
-0.00742331
-0.000457572
0.000295071
-0.00725872
0.00154135
-0.00756431
0.00660536
-0.000458702
-0.00309337
0.00462514
-0.00569428
-0.00903283
0.0115378
-0.0125062
0.0076281
0.00281292
-0.00609631
0.00176096
-0.00021405
-0.000451856
-0.0139091
0.00951671
-0.00127658
0.00468225
0.0045011
-0.0156633
0.00751328
-0.00344428
0.0060668
-0.000957457
-0.0102344
-0.0013528
0.0040646
0.0127984
-0.0123565
0.000943003
0.000438966
-0.00944601
-0.002771
0.00837818
0.000895915
0.00883814
-0.0100758
0.00479467
-0.000566718
-0.00604009
-0.00532888
0.0125909
-0.00610304
-0.000808154
-0.00471748
0.00444839
0.00168073
0.000826554
-0.00688608
-0.00250029
0.00724662
-0.00617678
-0.000777924
0.00084967
-0.00111738
-0.00408569
0.00901098
0.046191
0.0267668
0.00323067
0.0943817
0.221172
0.15608
0.0172537
-0.0262146
-0.00489275
-0.0111126
-0.00266235
-0.0139698
-0.00611056
-0.00829972
-0.0110162
-0.00205789
-0.00317175
0.00493971
-0.00490748
-0.00987667
-0.00223696
0.00459191
-0.0134117
0.00599006
-0.0141978
0.0109669
-0.00648876
-0.00600301
-0.00022339
0.0051366
-0.00743837
-0.00883189
0.00059524
0.00138049
0.00601989
-0.00359117
-0.0104994
-0.0041959
0.00569946
0.00206969
0.00315876
-0.00651911
-0.00616382
-0.00229191
-0.00170467
0.00376098
0.0120808
0.167781
0.286431
0.191261
0.208932
0.203856
0.037
-0.0384185
-0.0223337
-0.0622452
-0.0365972
-0.0116484
-0.00808436
-0.0212891
-0.0119842
-0.0275812
-0.00833561
-0.00235431
-0.020436
0.00811353
-0.0166171
-0.0172871
0.00578614
-0.00881327
-0.0144312
0.00746387
-0.0194928
-0.00771435
0.0108462
-0.0208885
0.0089219
-0.00862972
-0.0130421
-0.00332078
-0.000352018
-0.00497892
-0.00706926
0.00922405
-0.0176669
0.00508881
-0.00154364
-0.0148048
-0.00248385
-0.0072616
0.00779912
-0.00268421
-0.00527316
-0.001597
0.00559843
-0.00901836
-0.00978926
-0.000742785
-0.223682
-0.18219
-0.232458
-0.218089
-0.17646
-0.150138
-0.144898
-0.0784307
-0.012129
0.0194494
0.00752341
0.00324276
0.00451607
0.00984543
0.00937486
0.0047477
0.00787473
0.00437502
-0.0048913
-0.00226823
0.0013152
0.0113042
0.00098994
0.00328381
-0.0112021
0.00704512
0.00757487
0.00164137
-0.00602326
-0.00654537
0.00526158
0.00987931
0.000531045
-0.00558793
0.00689734
0.000406304
-0.00954008
-0.00144096
0.00495404
-0.000934477
0.000852363
-0.00165998
0.00884879
0.00224749
-0.00461114
0.00950822
0.00733106
-0.0045747
-0.00588761
0.00852315
-0.00512334
0.00159206
0.00378137
-0.00432233
0.000789273
0.00374997
-0.000977093
-0.000714304
0.00849938
0.00203184
-0.00836174
0.00259658
-0.00851978
0.00165615
0.0106968
-0.00969158
0.00678671
0.01246
-0.00114344
-0.00768209
-0.00452824
0.00575739
0.00282167
-0.00694618
-0.00464973
0.00133778
0.00658967
0.000583265
-0.000826898
-0.00759097
0.000591064
0.00569678
-0.000231806
0.00681727
-0.0107636
0.00623339
-0.00124791
0.00515277
0.000738373
-0.00388949
0.0037013
-0.0132862
0.0104302
0.00471257
0.00404233
5.81921e-05
-0.002989
0.00137223
0.000595557
-0.00244888
-0.00308544
-0.00454349
0.00920991
-0.0126664
0.00801816
0.00314247
0.00277175
0.00192652
-0.000657554
-0.00786115
0.00630339
-0.000553466
-0.000216769
-0.00567672
0.0132102
-0.00747187
-0.00130961
0.00215313
0.00187365
-0.0121709
0.0116604
0.00276747
-0.00260628
-0.00381855
0.00200261
-0.00346108
0.0033076
-0.0031942
-0.00788172
0.0131293
-0.00169754
-0.00273732
-0.00929439
0.0149386
0.00044376
-0.0118715
0.00357909
0.00450477
0.00290355
-0.00795212
0.00528645
0.00243771
-0.0108199
-0.00412242
0.0197785
-0.0048205
-0.00414074
0.00821714
0.00849197
-0.00402406
-0.00682898
0.000442356
0.00343533
0.00232713
-0.0129546
-0.00385639
0.00446292
-0.00416296
-0.00104809
0.0104389
0.00776835
-0.00132157
-0.00664984
-0.00624157
0.00572849
-0.0128552
0.00728425
0.00743264
-0.00352479
0.00115087
0.00129056
-0.000511438
0.00611183
-0.013238
0.00231522
0.000868573
-0.000870556
0.0145074
-0.01303
-0.00194239
0.0060513
-0.00374172
-0.00690486
-0.000691007
0.0152819
0.00383984
-0.00780957
-0.00706571
0.00636105
0.00373709
0.00271487
-0.010008
0.00186356
0.000138131
0.00612019
-0.00571998
0.000914835
-0.000563503
0.00635749
0.00239908
-0.0112521
0.0041729
0.000359392
-0.00644101
0.00879623
0.000267249
0.000543299
0.00136095
0.0102283
-0.000572733
-0.0120956
0.00647604
-0.00277529
0.00415203
-0.000456002
-0.00370006
-0.00323815
0.00161726
0.00120897
0.00900295
-0.00638771
-0.00258702
0.007988
-0.00637537
0.000394449
-0.00271938
0.00120363
-0.000217819
-0.00413945
-0.0018563
0.00143327
0.000560446
-0.000164843
-0.00258432
0.00279741
-0.00160362
0.00433928
6.24386e-05
0.000762312
-0.00362252
0.00633874
0.00488845
0.0085563
-0.0130065
-0.0033384
-0.00774385
0.00940523
-0.0109673
0.0112355
0.00565239
-0.00240375
-0.00656342
0.00906111
-0.0055567
0.000563502
0.00856859
-0.0115115
0.00308943
-0.000509222
0.0115406
0.00249116
-0.00924107
-0.00141823
0.00331587
-0.00070145
-0.00726167
0.0019931
-0.00148757
0.0100608
0.00240511
0.00275614
-0.0103928
0.00484525
0.00513627
-0.00106069
-0.00877919
-0.00255843
0.000860128
-0.00223092
0.000589125
-0.00500529
0.00475776
0.00854719
-0.0038811
0.000962027
0.00444689
-0.0101311
0.0017559
0.00041976
-0.00340054
0.00335085
0.0074199
0.00287975
-0.00846805
0.00492085
0.0034575
-0.00120126
-0.0077403
0.00560986
-0.00554674
0.00288107
0.000284526
0.00524933
0.00382396
0.000575823
0.00763015
-0.0123639
-0.00568599
0.00132018
0.00788892
0.00394298
-0.00486974
-0.00740099
-0.010033
-0.00559427
0.0105178
0.013831
-0.00625455
0.00678573
-0.00353778
-0.000507895
-0.00565454
0.0145575
-0.00935539
-0.00197509
0.00310252
-0.00473223
0.00813388
-0.001123
0.00210892
-0.00217513
-0.000113352
0.000126338
-0.00942742
0.00694841
0.00281027
-0.00195767
-0.0144682
-0.000565342
0.00877204
0.0043326
-0.0040344
0.00217985
0.00523597
-2.81271e-05
-0.0101036
0.00311283
3.41199e-05
0.00257486
-0.00203908
0.000692457
0.00596692
-0.000171135
0.000166041
0.00217246
-0.00964284
0.00884972
-0.0051395
0.00926708
-0.000329569
-0.00809108
0.00604234
0.00521687
-0.0137254
0.0100531
-0.00532401
0.000624089
-0.0032328
0.00133944
0.00214497
0.00392589
0.000500542
-0.000672247
-0.00138489
0.00258115
-0.00141126
-0.00776116
0.00771551
0.00965674
-0.00432642
-0.00355857
0.00160365
-0.00103145
0.00296874
-0.00259938
0.00750812
-0.011128
-0.00115717
-0.00465535
0.000369328
0.00358124
0.000702786
0.00126346
-0.00095034
0.000874159
0.00671738
-0.000309248
-0.00909238
0.0044158
0.00807388
-0.000109927
-0.00979874
0.00240512
-0.00406262
0.00872126
-0.00245412
0.00103137
0.00323157
-0.00790041
-0.004169
0.00941302
-0.0125747
0.00434407
-0.00649933
0.00749372
0.00477163
-0.00372912
-0.0033269
0.00985496
-0.00172587
-0.00610379
0.0051275
0.0038898
-0.00811579
0.00365873
0.00640258
-0.00242708
-0.00852555
0.00187338
-0.00408305
0.0104541
5.64448e-05
-0.0132554
0.00721202
0.00170925
-0.010193
0.0137494
-0.0098834
0.00856352
-0.00369062
-0.00350708
0.00474107
0.00607912
-0.00217102
