-0.00521975
0.00864232
-0.00274028
0.00577808
-0.00301538
0.00813098
0.00873807
0.00155831
0.00246778
-0.0117286
0.0128504
-0.0136155
0.00498583
0.00165685
-0.00536237
0.0149537
0.00739076
0.000271051
-0.00029526
-0.0247157
-0.000319766
0.00442868
0.0201299
0.00610295
0.00853078
-0.0125505
0.010999
-0.0125608
0.0054422
0.00627463
0.00586908
-0.00128252
-0.00825147
0.0144591
0.00672078
0.00586226
0.0115
-0.00387536
-0.00693321
0.0120134
0.0200741
0.00724435
-0.00242285
0.002926
-0.00200693
-0.00680263
-0.00683333
-0.0124192
-0.00246988
-0.0109794
-0.00658224
-0.00175669
0.00976374
-0.0102492
-0.00369272
-0.00573533
-0.010586
-0.000218386
0.0143075
0.00799108
0.00921798
-0.0107244
-0.00360206
-0.000201919
0.012612
-0.00184326
0.00399981
0.00544178
-0.0234219
0.0146924
-0.00349082
0.00700542
-0.00654053
-0.00108712
0.0126115
0.00950207
-0.00524233
0.00400818
0.0164308
-0.0109732
-0.00814185
-0.00974744
0.0140948
-0.000131815
-0.00140446
0.00912413
-0.0145001
-0.0146741
0.00150697
0.00139004
-0.0010317
0.0198519
0.00503412
-0.0173899
-0.00780841
0.0012163
0.00537709
0.00182663
-0.00333248
0.0105122
0.00841447
0.0114615
0.0153661
0.0186691
-0.00440799
0.00382543
-0.0118475
-0.00416855
-0.00135101
-0.00833079
-0.0019335
0.00492396
-0.00644054
0.000880552
-0.000216055
0.00293628
-0.0225724
-0.00774123
-0.00828611
-0.00950091
0.000978778
-0.0136438
-0.0042826
-0.00107989
0.00957854
0.00423573
-0.00668389
-0.00859886
-0.00270089
-0.00401841
-0.00694768
0.0144084
0.00599769
-0.00415197
0.013748
0.0168642
-0.00200857
0.00430669
-0.00624322
0.00826974
-0.00978673
0.0161536
-0.00488263
-0.013285
0.006943
-0.00532617
-0.0130131
0.00672541
-0.00404883
0.00489661
0.00284768
-0.0106812
-0.00114928
0.004232
-0.00247875
0.00100566
-0.00189181
-0.0156835
-0.0041335
0.00835085
0.00337331
-0.00223305
0.00156744
0.00020506
-0.0196031
-0.00170948
-0.0157183
-0.00814162
0.00229712
0.0101854
0.00358576
-0.00216496
0.00330064
-0.0126831
-0.0141609
0.0023797
-0.00303813
0.00596379
3.93205e-05
-0.009695
-0.00185852
-0.0110358
0.000724763
-0.00414325
1.37612e-06
1.37116e-05
-0.00262738
0.0100235
-0.00409634
0.0200469
0.00514899
-0.00557948
-0.0138185
-0.0017988
-0.00146065
-0.000837817
-0.000661298
0.00230915
0.00692336
0.00269717
-0.00951316
0.00392846
0.00604218
0.00488799
-0.0124366
-0.000203486
0.00488578
0.000823455
-0.0115132
-0.00723793
-0.00474947
-0.00162608
-0.00194782
-0.0032725
0.00772937
0.00794095
-0.00437175
-0.0146407
0.000515833
-0.00805006
-0.00860726
0.00298894
0.0134176
0.00745743
-0.00636179
0.00384791
0.0160331
0.00185866
0.00168101
-0.00203512
-0.00996787
-0.00886764
-0.00363528
-0.00124473
0.00990954
-0.00620219
0.00847523
-0.00909443
0.00181076
-0.0147358
0.0114509
-0.00632957
-0.00923157
-0.008902
-0.0107584
0.0116137
-0.0142217
-0.0068577
-0.00243815
0.0067259
0.0253476
-0.00673333
0.0263347
0.00722396
0.000520153
0.00176145
0.021306
0.00158068
0.00671604
0.00271073
-0.00347913
0.0191177
-0.00339088
6.93864e-05
0.00377648
-0.01684
-0.0196435
-0.00161551
0.00607999
0.00648299
0.000793163
-0.00184592
0.0129674
0.00759283
0.00514652
-0.00996434
-0.0120035
-0.0152549
-0.000805745
-0.000539668
0.00572179
-0.00216905
-0.00555517
-0.000977049
-0.0161868
0.00683686
0.00826798
-0.0139292
-0.0081627
-0.00284821
-0.00770273
-0.0136078
0.00114538
-0.0043492
-0.00287481
0.00317534
0.020047
-0.0118022
-0.005154
0.0164294
0.00572691
0.00680425
-0.0138261
-0.00106523
0.0043441
0.00194158
-0.0108542
-0.0114982
0.00287589
-0.0163666
-0.00259257
-0.00608944
-0.016618
-0.00512622
0.00570386
0.00190253
0.0058627
-0.00476882
0.0040775
-0.0108344
0.00175985
-0.00778833
-0.0162278
0.00102885
-0.00609875
0.00447816
-0.00654091
0.00151967
-0.00975419
-0.0017731
0.00613945
0.00690469
-0.00203071
0.00546766
0.006112
-0.0116542
-0.00426362
0.0051177
0.00587668
0.0170955
0.0049995
-0.00768498
0.00686318
-0.00128831
-0.00335774
-0.00723175
-0.00147731
-0.00460549
0.00884886
0.00819002
0.00364204
-0.0217307
-0.00562621
3.03316e-05
-0.00152765
0.00855052
-0.00206536
0.00360199
-0.00890714
0.00119388
-0.00783064
-0.00651054
0.00539061
0.0183496
-0.00029322
0.0189635
-0.0113734
-0.00133764
-0.00294604
-0.00965162
-0.0112064
-0.0105978
0.00417447
-0.00695695
0.00127644
-0.0111362
-0.012682
-0.00645867
0.010436
0.00698484
-0.00772387
0.00117846
-0.00040033
0.000240768
-0.0131342
-0.00199806
0.00894843
-0.00911619
-0.00893624
-0.0075967
0.000747067
0.00344736
0.00677782
-0.0110752
-0.00254502
-0.00989688
-0.00391679
-0.018048
-0.000218396
0.0273595
0.00285648
0.00719616
0.0133369
0.00458085
0.00759715
-0.00532465
-0.00493575
0.0056231
0.0121634
0.0173513
-0.0145406
0.00671365
-0.00498416
-0.00296578
-0.00402389
0.0123763
0.00708573
-0.00193409
-0.0107942
-0.00474031
0.00879445
0.01216
0.00326901
-0.0032179
-0.00350455
-0.000779307
0.0181853
0.0193478
0.00995481
0.000695473
-0.00811283
0.00589389
-0.00359373
-0.00180154
0.0123365
0.000867082
-0.000354243
0.015414
0.00218505
-0.00127542
-0.010003
-0.0151092
-0.0124572
-0.0166031
0.000712396
-0.00827532
-0.00225051
0.000890473
0.00989549
-0.0175205
-0.00694756
0.0121757
-0.0262248
-0.00502841
-0.001686
-0.0247789
0.00612129
-0.00272147
-0.00265552
-0.00187149
-0.000840932
-0.00567547
-0.00776471
-0.00246438
-0.00640705
-0.0130405
0.00555911
0.0151915
0.0186834
-0.00450536
0.00495867
-0.00112661
-0.0029951
-0.00549312
-0.0156605
-0.00534494
0.00221754
-0.00838544
-0.00891206
-0.00322877
0.0151522
0.00260589
-0.00619117
-0.0301933
-0.00436745
-0.0123789
-0.0126562
0.00147123
0.003351
-0.00993047
-0.0214838
-0.00815346
0.0106475
-0.0117902
-0.0112725
0.0245297
0.0125004
0.00691253
-0.00775214
-0.00347229
0.0140912
-0.0138611
-0.0116687
0.00291799
0.0149114
0.00570789
-0.00948076
0.000310613
0.000310613
0.0062548
0.015909
0.0135302
-0.00482656
-0.0013316
-0.00252947
-0.00410288
-0.0118578
-0.000284048
-0.00568756
0.0111284
0.00342626
-0.00792339
0.0028652
-0.00298704
0.00406101
0.00623262
0.00212672
-0.00195975
-0.00583527
0.00501542
-0.00162374
-0.00225543
-0.00420958
-0.00720711
-0.00811505
-0.0196956
0.00112403
-0.00928474
-0.0103701
-0.0111022
0.00137823
0.0113
0.00435569
0.00135726
-0.0072557
0.000987807
0.000675777
-0.0158985
-0.00365131
0.00867021
0.00506335
-0.00405655
0.0094119
-0.0168738
0.0126153
-0.0168772
0.0032642
0.00471152
0.0159987
0.00159199
-0.00558065
0.012458
0.00965489
0.00349249
0.0162404
0.00521267
-0.000293628
-0.00737159
-0.00636668
0.00420025
0.00346412
-0.00305112
-0.0087364
-0.00566848
0.0156035
-0.00926999
-0.00149778
-0.0195204
0.0181649
-0.00737922
0.00542332
0.00903463
-0.0063027
-0.00574459
-0.002991
0.00188722
0.0142935
0.0132971
-0.0164114
-0.0058535
0.0198526
-0.00643129
0.00432176
0.00622977
-0.000246935
0.0101497
-0.00636406
-0.00652472
0.00817902
-0.0109434
0.00228783
0.0138522
-0.0118067
-0.00467025
0.00574116
-0.00129023
0.000698878
0.000698878
0.000698878
-0.00100629
-0.0125129
-0.00660803
-0.00101999
0.0226996
0.00738328
-0.00201837
-5.07036e-05
-0.00833514
0.00111015
-0.0186994
-0.00980507
-0.00999997
-0.00293949
0.00561892
-0.000122868
0.00331725
0.00453506
-0.00891914
-0.0199722
0.00550616
-0.0201506
0.00109287
-0.00120088
0.00983905
0.0104455
0.0126538
-0.00832403
0.000278948
-0.00351244
0.0122814
0.0106276
0.0205623
-0.0131287
-0.0113964
-0.00460894
0.00749471
0.0124395
-0.00296723
0.000347277
-0.0063653
-0.00395509
-0.00750734
-0.00306366
-0.00287392
-0.0106515
0.0012719
0.000464108
-0.0130629
0.0168705
-0.00500584
0.0215892
-0.00494535
-0.010418
-0.00909383
-0.0130264
-0.00131336
-0.00689766
-0.0159267
0.00101181
-0.00977878
-0.00267406
0.0136823
-0.0057898
-0.0155731
0.003308
0.000772795
0.00462593
-0.00238097
-0.00276622
-0.00630833
0.00675389
0.00178976
-0.0274804
-0.0110753
0.0020131
0.012434
0.012434
-0.000122773
-0.0165227
-0.0149354
-0.00975559
-0.00439337
-0.018532
-0.0156862
-0.000961447
-0.00407608
0.00241828
-0.00184616
0.00441782
-0.00514501
-0.0175688
-0.00329232
-0.00651296
-0.0152816
-0.000436816
0.00217767
-0.00496594
-0.00308154
0.00412908
0.0113799
-0.000662895
0.019996
-0.00952252
0.0112681
0.00865183
-0.00539228
-0.0026978
0.00196833
0.00196833
-0.000768019
-0.00911372
-0.0106842
-0.0106161
-0.0130266
0.0103686
-0.00217047
0.00297363
0.0116071
0.00528156
-0.000215493
-0.00217863
-0.0064363
-0.00306407
-0.00867067
0.0107184
0.00486319
-0.00639682
-0.00368508
-0.00232091
-0.0112148
0.00602528
-0.0172308
-0.00439016
-0.00840871
-0.0164098
-0.00281229
0.00367283
0.00145041
-0.0127449
-0.0192132
-0.0183355
-0.0190847
-0.00961548
-0.0193711
-0.0119679
0.00601207
0.0145154
-0.0253515
0.00370639
-0.014884
-0.015253
-0.00763734
-0.00254
-0.00254
-0.0100926
0.00259031
-0.00979881
-0.012445
-0.0166846
-0.0123875
-0.0125643
-0.0102676
-0.0314431
-0.0254877
-0.0156529
-0.00274174
-0.0112251
-0.00481451
-0.0119633
-0.0115564
-0.0106807
-0.00221758
-0.00699239
-0.0024275
-0.00878102
0.00493465
-0.0160774
-0.0175947
-0.0121456
0.0120362
-0.0132704
-0.018324
0.0134749
-0.0118994
-0.0216267
-0.0183216
-0.0055022
-0.00667763
0.0058764
-0.00263458
-0.0163643
-0.00995007
-0.0020943
-0.0153048
-0.00841454
-0.0218703
0.00884631
0.00317353
-0.0125752
-0.0337747
-0.0153165
-0.0279846
-0.010713
-0.000680579
-0.0112664
-0.00302762
-0.010591
-0.0223921
-0.0160817
0.00174751
-0.00418261
-0.0126147
-0.00626668
-0.0178399
-0.00623228
-0.00469494
-0.0135331
0.00254824
-0.0186669
-0.0126111
-0.0171773
0.0032498
-0.00476235
-0.00340943
-0.0020192
-0.0120683
-0.0253511
-0.0038964
-0.0177524
-0.0177524
-0.0269954
-0.0218605
-0.0187676
-0.000431668
-0.00496928
-0.0071909
-0.00597665
-0.00259755
0.00149152
-0.0191429
-0.00496379
-0.0101264
0.00366553
-0.0001228
-0.0123167
-0.0188061
-0.0287608
-0.0123868
-0.00860193
-0.00696521
-0.0112871
-0.00513462
0.00782502
-0.00551566
-0.0203094
-0.00840773
-0.0153104
-0.021072
-0.0183625
-0.0255097
0.00481416
-0.0099323
-0.0103886
-0.0174102
-0.0212422
-0.0206415
-0.0176259
-0.0160569
-0.0139683
-0.016078
-0.0140812
-0.00112329
-0.00869787
-0.0180515
-0.0460435
-0.0635176
-0.0525589
-0.0543457
-0.0585317
-0.0429391
-0.0089495
-0.0194575
-0.0341315
-0.025532
-0.0573565
-0.0865839
-0.114715
-0.111048
-0.0893707
-0.0824901
-0.125667
-0.130107
-0.167808
-0.208146
-0.269304
-0.289424
-0.283871
-0.298834
-0.357083
-0.377307
-0.396165
-0.392317
-0.416747
-0.344935
-0.337109
-0.365131
-0.381298
-0.322846
-0.35244
-0.378699
-0.360719
-0.431651
-0.417658
-0.398464
-0.425318
-0.397651
-0.415882
-0.392828
-0.409927
-0.415817
-0.413062
-0.410427
-0.412501
-0.409607
-0.383063
-0.412689
-0.385602
-0.390481
-0.425312
-0.407
-0.39938
-0.412034
-0.405162
-0.395088
-0.397312
-0.393237
-0.428413
-0.395464
-0.401587
-0.414778
-0.411803
-0.397092
-0.402435
-0.387925
-0.410148
-0.401118
-0.399736
-0.38731
-0.405528
-0.408163
-0.403066
-0.408583
-0.396612
-0.393318
-0.416699
-0.394043
-0.399151
-0.411568
-0.406667
-0.413673
-0.397828
-0.39561
-0.404879
-0.410058
-0.405441
-0.395329
-0.410134
-0.389744
-0.386551
-0.384241
-0.388196
-0.402831
-0.387512
-0.397181
-0.393899
-0.410896
-0.392734
-0.39184
-0.378163
-0.395923
-0.406851
-0.413739
-0.40492
-0.402223
-0.39629
-0.399625
-0.399021
-0.43732
-0.442721
-0.461227
-0.490908
-0.455583
-0.457273
-0.465271
-0.476037
-0.474632
-0.461559
-0.460205
-0.468294
-0.457145
-0.45531
-0.471359
-0.441164
-0.464615
-0.453023
-0.469022
-0.44101
-0.467755
-0.438546
-0.454645
-0.464292
-0.461136
-0.467361
-0.468659
-0.457324
-0.473032
-0.447909
-0.462082
-0.434245
-0.447661
-0.446107
-0.437708
-0.466843
-0.454429
-0.456196
-0.443495
-0.446324
-0.452077
-0.442895
-0.44703
-0.483945
-0.508477
-0.502954
-0.548436
-0.555258
-0.581378
-0.549029
-0.557975
-0.557958
-0.582513
-0.557583
-0.567533
-0.571966
-0.541127
-0.568126
-0.544647
-0.561929
-0.542743
-0.56218
-0.571561
-0.554421
-0.559329
-0.5502
-0.557282
-0.537073
-0.551542
-0.529978
-0.53361
-0.562613
-0.54861
-0.556917
-0.539543
-0.538174
-0.560646
-0.55863
-0.550511
-0.542739
-0.559417
-0.548347
-0.538281
-0.551921
-0.535341
-0.556676
-0.523942
-0.541979
-0.535974
-0.540946
-0.542028
-0.542013
-0.553342
-0.56007
-0.518057
-0.506954
-0.442302
-0.397962
-0.405049
-0.419935
-0.362782
-0.382418
-0.356351
-0.362909
-0.369262
-0.3788
-0.391409
-0.370207
-0.37996
-0.366576
-0.365779
-0.366851
-0.362353
-0.373715
-0.370502
-0.370192
-0.377235
-0.36618
-0.374483
-0.372564
-0.381261
-0.37227
-0.372939
-0.371499
-0.392873
-0.361473
-0.357052
-0.375681
-0.387751
-0.376897
-0.399848
-0.366247
-0.363887
-0.381539
-0.376132
-0.384833
-0.380452
-0.380068
-0.392333
-0.384653
-0.381779
-0.376168
-0.370999
-0.379698
-0.375921
-0.384508
-0.373493
-0.373086
-0.391182
-0.376596
-0.381177
-0.38297
-0.36588
-0.374163
-0.374163
-0.388155
-0.376342
-0.378434
-0.39335
-0.37703
-0.364961
-0.384838
-0.393019
-0.373228
-0.369196
-0.389292
-0.373963
-0.381506
-0.366899
-0.35016
-0.380235
-0.392482
-0.364577
-0.362595
-0.369168
-0.370707
-0.386439
-0.376952
-0.367275
-0.365895
-0.386021
-0.375243
-0.38363
-0.395972
-0.392122
-0.379414
-0.387736
-0.391417
-0.373297
-0.377589
-0.395726
-0.379208
-0.398498
-0.396402
-0.371522
-0.387644
-0.398659
-0.370564
-0.376836
-0.386533
-0.384062
-0.405261
-0.380738
-0.376532
-0.38545
-0.381258
-0.387718
-0.395445
-0.391187
-0.391685
-0.383542
-0.40646
-0.383931
-0.373982
-0.368416
-0.396817
-0.38063
-0.376106
-0.373746
-0.384652
-0.371409
-0.370693
-0.396646
-0.384631
-0.375823
-0.375663
-0.384285
-0.378365
-0.371275
-0.381034
-0.379126
-0.386694
-0.397292
-0.394825
-0.362383
-0.373587
-0.373591
-0.409642
-0.37861
-0.389062
-0.398429
-0.394154
-0.387951
-0.398346
-0.404338
-0.381757
-0.379753
-0.386948
-0.376153
-0.393161
-0.374912
-0.39366
-0.389499
-0.390299
-0.382678
-0.390143
-0.396581
-0.386804
-0.386285
-0.376191
-0.379075
-0.386702
-0.381529
-0.371584
-0.384201
-0.375834
-0.386381
-0.38319
-0.386998
-0.389476
-0.374283
-0.377569
-0.38856
-0.384976
-0.398961
-0.383807
-0.385722
-0.362852
-0.379792
-0.386268
-0.392619
-0.383113
-0.388335
-0.382438
-0.394591
-0.401301
-0.3816
-0.375803
-0.387193
-0.394694
-0.375766
-0.377333
-0.38016
-0.391481
-0.396512
-0.388495
-0.370466
-0.386559
-0.383061
-0.376361
-0.386079
-0.394016
-0.370843
-0.379306
-0.381993
-0.377812
-0.393094
-0.395802
-0.377939
-0.387298
-0.397934
-0.395664
-0.390724
-0.37559
-0.390263
-0.387975
-0.382912
-0.375658
-0.399954
-0.380471
-0.380914
-0.385631
-0.383408
-0.418122
-0.390368
-0.385179
-0.382948
-0.385397
-0.388802
-0.381362
-0.382451
-0.386011
-0.387053
-0.399612
-0.390536
-0.38994
-0.38726
-0.380166
-0.37973
-0.383026
-0.383836
-0.375967
-0.386229
-0.384417
-0.376388
-0.396791
-0.398316
-0.370668
-0.373063
-0.380201
-0.398268
-0.385802
-0.389262
-0.400738
-0.389212
-0.389384
-0.390569
-0.403882
-0.408395
-0.387171
-0.384432
-0.377276
-0.392944
-0.388164
-0.388164
-0.39771
-0.391001
-0.388402
-0.395163
-0.387108
-0.389695
-0.391867
-0.380888
-0.370299
-0.376216
-0.383576
-0.390879
-0.398623
-0.380966
-0.394907
-0.382724
-0.381752
-0.414502
-0.414502
-0.387038
-0.386683
-0.394791
-0.395972
-0.388937
-0.385328
-0.397133
-0.391117
-0.381587
-0.368357
-0.402801
-0.398411
-0.38933
-0.376062
-0.397651
-0.3964
-0.384779
-0.377995
-0.400348
-0.403664
-0.385945
-0.371627
-0.398945
-0.397102
-0.394424
-0.380384
-0.36244
-0.40893
-0.383984
-0.395298
-0.393791
-0.395799
-0.391223
-0.378708
-0.403418
-0.388821
-0.381922
-0.392415
-0.389257
-0.387195
-0.401424
-0.388767
-0.389157
-0.384275
-0.394672
-0.403217
-0.38675
-0.39868
-0.393324
-0.395105
-0.373709
-0.38787
-0.396814
-0.397454
-0.388259
-0.38307
-0.384093
-0.37654
-0.385398
-0.401507
-0.388759
-0.39421
-0.391654
-0.383284
-0.38338
-0.39179
-0.384809
-0.389567
-0.382663
-0.387493
-0.362369
-0.392635
-0.390224
-0.386972
-0.386876
-0.401363
-0.374168
-0.387625
-0.382703
-0.396773
-0.391793
-0.388497
-0.383743
-0.389921
-0.396192
-0.402139
-0.393173
-0.383143
-0.386661
-0.398174
-0.378678
-0.394802
-0.394823
-0.385604
-0.392338
-0.384421
-0.366682
-0.390604
-0.38415
-0.390723
-0.395048
-0.416528
-0.385073
-0.378281
-0.396058
-0.393572
-0.386211
-0.407385
-0.389205
-0.377966
-0.400971
-0.382456
-0.397385
-0.395374
-0.398509
-0.383044
-0.384947
-0.392094
-0.389217
-0.390587
-0.37713
-0.387942
-0.393759
-0.388047
-0.397085
-0.381253
-0.406615
-0.379628
-0.369669
-0.383377
-0.389741
-0.38493
-0.376199
-0.383944
-0.378671
-0.391827
-0.395974
-0.392312
-0.373053
-0.392196
-0.395573
-0.38078
-0.396329
-0.382603
-0.375867
-0.391681
-0.388612
-0.403388
-0.396015
-0.391562
-0.375537
-0.398673
-0.386181
-0.392866
-0.394404
