0.0113798
0.0109487
0.00863736
0.0105108
0.0110487
0.0111963
0.0104693
0.0100234
0.0107529
0.0114081
0.0113307
0.0121183
0.00936641
0.011514
0.0116692
0.0116692
0.0104596
0.0103287
0.0112531
0.0102999
0.00983958
0.0109718
0.0115994
0.0107793
0.0122875
0.0115205
0.0122405
0.0119859
0.0115281
0.0116055
0.0106243
0.0104406
0.0104837
0.0103334
0.0126209
0.0100639
0.0118307
0.0117039
0.00982517
0.0107737
0.0112962
0.0112962
0.0110695
0.0112531
0.0104981
0.0104981
0.0115565
0.0115423
0.0115423
0.00941004
0.00941004
0.0103046
0.011027
0.011027
0.00988057
0.0108577
0.0102428
0.0114656
0.0100453
0.0103577
0.010009
0.0117259
0.0102713
0.00985404
0.0111541
0.0110695
0.0110695
0.0099982
0.0111345
0.0105814
0.0113798
0.0122456
0.0109059
0.012
0.0109287
0.0111755
0.00967022
0.0116897
0.0118307
0.0125701
0.0115064
0.0106187
0.0119438
0.0119438
0.0111822
0.0113872
0.0101352
0.00999454
0.0104453
0.0103838
0.00953325
0.0116474
0.0114444
0.0114859
0.0114859
0.0102713
0.0105126
0.0111401
0.0103556
0.0110553
0.0116334
0.00882015
0.0110411
0.0117747
0.00933753
0.00950697
0.0102074
0.0120425
0.0116551
0.00975372
0.00998015
0.0112674
0.0102713
0.0122544
0.0113656
0.0125929
0.00949257
0.010765
0.0103697
0.0124796
0.0113448
0.0102287
0.0114786
0.0128159
0.0114163
0.00979646
0.0104549
0.0110469
0.0117544
0.0102333
0.011373
0.010886
0.00971722
0.0104168
0.0119796
0.010788
0.0111896
0.0104264
0.0116551
0.00998015
0.0122683
0.0120904
0.0121183
0.011373
0.0114859
0.0111475
0.0104549
0.00955966
0.0103143
0.0122735
0.011916
0.00970345
0.0101306
0.0110611
0.0103838
0.0103838
0.0112388
0.011373
0.011373
0.0109796
0.0101784
0.0119859
0.00951878
0.0107451
0.00939546
0.0105957
0.0117964
0.0116551
0.0116551
0.0102617
0.0103979
0.010668
0.00933498
0.0100781
0.0109849
0.00984319
0.0099838
0.0110063
0.0113515
0.0103478
0.0105249
0.0106531
0.0128571
0.0104693
0.0101784
0.0111822
0.00957957
0.0114014
0.0105126
0.011098
0.00936384
0.0104837
0.0104837
0.0121692
0.0113167
0.0113167
0.0116411
0.0113798
0.0109862
0.010943
0.0117608
0.0117608
0.0111267
0.00907107
0.00967376
0.0112104
0.00986854
0.0105719
0.0105719
0.0105814
0.0089749
0.0119438
0.0101352
0.010009
0.00947821
0.0122405
0.00958446
0.00918003
0.0115994
0.0102759
0.0119299
0.0119299
0.00976792
0.0103979
0.010666
0.0107508
0.0101389
0.0125149
0.0125149
0.0099658
0.00898438
0.0103624
0.0103624
0.00851218
0.010257
0.0104121
0.0116411
0.0113234
0.0110411
0.0131296
0.0101495
0.00930628
0.0103189
0.0106531
0.0121834
0.010666
0.0111963
0.0109775
0.00973179
0.0112163
0.00970269
0.0109059
0.0108719
0.011027
0.0116411
0.0115281
0.0115281
0.0102617
0.0112038
0.0116974
0.00854971
0.00854971
0.00854971
0.0124376
0.011098
0.0101784
0.00952977
0.0110553
0.0111412
0.012163
0.0113307
0.0103189
0.0115423
0.0103838
0.0110838
0.0102617
0.0122261
0.0124796
0.0105126
0.0103046
0.0125132
0.0108081
0.0126727
0.0100234
0.0111822
0.0103189
0.0102902
0.0110629
0.010257
0.0104494
0.0106044
0.0119718
0.00999454
0.0105531
0.0112815
0.0128709
0.0107082
0.010943
0.0103189
0.00988671
0.0109002
0.0102856
0.0109718
0.0103143
0.0110487
0.0120714
0.00920894
0.0113798
0.0111822
0.010666
0.0110695
0.0116138
0.0103624
0.0115565
0.0110553
0.0118385
0.0102713
0.0123244
0.0101639
0.0111822
0.0111335
0.0111335
0.0120054
0.0103577
0.0103478
0.0101594
0.0104264
0.0100639
0.0121411
0.010205
0.0102759
0.0110231
0.0114999
0.00936641
0.0107594
0.0107594
0.0113656
0.0113656
0.01143
0.0103046
0.012684
0.012684
0.0116411
0.00939287
0.0102474
0.0102713
0.0106147
0.0101821
0.0101821
0.0108719
0.0114926
0.0107082
0.0114301
0.00952977
0.0108213
0.0119859
0.010474
0.0107793
0.0108634
0.0105193
0.0116334
0.0100525
0.010431
0.0111822
0.0106147
0.0113589
0.0107224
0.0108917
0.00871915
0.00976792
0.0111822
0.0104406
0.01061
0.0105814
0.0101639
0.00993723
0.0111541
0.00922597
0.0111963
0.0101208
0.0108719
0.0115208
0.0105672
0.0113448
0.00979646
0.0127713
0.00902754
0.0116411
0.0107451
0.011727
0.00971722
0.0110487
0.0110487
0.0124098
0.0109775
0.0106966
0.0112818
0.0117832
0.0100271
0.011373
0.0105271
0.0118104
0.0103924
0.0120991
0.00933498
0.00995149
0.0108794
0.00939546
0.00879218
0.0104925
0.00823988
0.0104168
0.0101495
0.00981438
0.0118526
0.0120991
0.0116474
0.01061
0.00907107
0.0104596
0.00954427
0.00954427
0.0109709
0.0107167
0.0110129
0.00985404
0.0111615
0.0119516
0.0109144
0.00963066
0.0102428
0.00994701
0.00904432
0.0105672
0.0107224
0.0106885
0.0107365
0.0101352
0.0101163
0.00996944
0.0116615
0.00958446
0.0108081
0.00969914
0.0105672
0.0105672
0.0112464
0.0103884
0.0103884
0.0109989
0.0119299
0.00956232
0.0102617
0.0110553
0.011373
0.0114999
0.009923
0.00980004
0.00980004
0.0105531
0.0105531
0.0109849
0.00991853
0.0109002
0.010765
0.0119859
0.0101208
0.0107508
0.00856421
0.00982517
0.0114719
0.00978217
0.0106291
0.0100126
0.0100126
0.00982517
0.0108719
0.0103979
0.00953325
0.0114859
0.0098108
0.00949257
0.0112038
0.0118026
0.00859335
0.00989315
0.0102856
0.0102856
0.0103838
0.0114926
0.0102856
0.00967376
0.0109201
0.0099658
0.0111755
0.0101208
0.0117964
0.00840931
0.00840931
0.0113027
0.00998015
0.0105295
0.0106531
0.0103432
0.0103432
0.00973179
0.0105957
0.0112954
0.0128571
0.0108634
0.0102856
0.0101352
0.00833708
0.0117754
0.0105475
0.0105389
0.010009
0.0102287
0.0117608
0.0103743
0.011118
0.00984319
0.00926354
0.0100878
0.0118104
0.0103416
0.00934939
0.0114859
0.00933498
0.0108719
0.0101639
0.011373
0.010145
0.0111326
0.0103979
0.00986854
0.00968466
0.0101389
0.0105901
0.00868648
0.0116551
0.0106531
0.0114647
0.0104121
0.0102902
0.0103189
0.0103189
0.00918252
0.010431
0.0120991
0.0106848
0.0103662
0.0118104
0.00998015
0.00978574
0.0106885
0.0114926
0.0108297
0.0105814
0.0105814
0.0128532
0.0103838
0.00996944
0.0121349
0.00899873
0.00941864
0.00941864
0.010682
0.0101639
0.0117331
0.0100313
0.0106961
0.0099838
0.0101066
0.0131404
0.0131404
0.0107413
0.0105957
0.0109849
0.0110695
0.00961638
0.0100878
0.0111038
0.0109002
0.00929199
0.0107793
0.0107793
0.0104406
0.0106941
0.00961288
0.0100525
0.009923
0.009923
0.0106187
0.0101495
0.0107271
0.0112246
0.00986651
0.00986651
0.00961638
0.0106941
0.00989467
0.0107737
0.0104406
0.00998015
0.00998015
0.0127205
0.0115281
0.00955041
0.010666
0.0107737
0.00932061
0.010886
0.0108682
0.0113872
0.0108936
0.0107793
0.0102999
0.0107556
0.0111319
0.0102512
0.0100498
0.0117039
0.00913943
0.0100923
0.0101639
0.0099982
0.00915128
0.0098108
0.0116411
0.0107224
0.00935195
0.00951878
0.0089749
0.0105957
0.0103743
0.00946131
0.00956232
0.00956232
0.0107167
0.0101066
0.0105957
0.0110129
0.0116692
0.0116692
0.0106243
0.0108719
0.0107451
0.0107451
0.0114719
0.00854971
0.0108225
0.0108577
0.0105249
0.010666
0.0105814
0.0102005
0.0106941
0.00882937
0.0107271
0.0120351
0.00867582
0.0104551
0.0108017
0.0108017
0.0114719
0.0118166
0.0113234
0.0105759
0.0106745
0.0106745
0.0109155
0.0108775
0.0120714
0.0116411
0.0099658
0.0111681
0.0116132
0.0106147
0.0113234
0.0104121
0.00936641
0.010431
0.0111057
0.0111057
0.0113656
0.00950435
0.0102902
0.0104264
0.0112887
0.0112104
0.00919696
0.0110411
0.0101208
0.0112021
0.00927775
0.0110411
0.0110411
0.00924054
0.0097464
0.0111681
0.0117116
0.0102191
0.0121131
0.0104406
0.0108775
0.0115854
0.0111459
0.0105531
0.0131816
0.0131816
0.0122456
0.0120904
0.00995512
0.0105814
0.0114926
0.0105957
0.0110187
0.00990881
0.0113798
0.00965935
0.0104264
0.0111739
0.0101163
0.0109344
0.0109344
0.010257
0.00993723
0.00993723
0.0101639
0.0102713
0.0110187
0.00975726
0.0104968
0.00895582
0.0100781
0.00869022
0.00963066
0.00963066
0.0102617
0.0105053
0.00923525
0.0117685
0.0102759
0.0118026
0.00885815
0.00885815
0.0105389
0.0102428
0.00964499
0.0102191
0.0101639
0.0105108
0.0106465
0.0115784
0.0115784
0.0113448
0.0102902
0.0100535
0.0117546
0.00976792
0.0116692
0.0100334
0.0125424
0.0113448
0.0110187
0.0111262
0.0111262
0.00977148
0.00885815
0.0103556
0.0102713
0.0108493
0.010886
0.0105531
0.0102333
0.00933753
0.00960214
0.00919696
0.00919696
0.00902754
0.0098108
0.00950697
0.00967022
0.0110695
0.0103838
0.00993723
0.00995512
0.0108437
0.0103227
0.00946131
0.00973955
0.00973955
0.00973955
0.0107082
0.0100498
0.0108353
0.00947562
0.00947562
0.00836631
0.0107082
0.00995149
0.0105108
0.00962716
0.0108917
0.00905652
0.0105957
0.0113027
0.010765
0.00664562
0.0108437
0.0108437
0.00940705
0.0107082
0.00842438
0.00985404
0.0107082
0.00885965
0.0114647
0.00996944
0.0104168
0.0109287
0.0119718
0.00994085
0.0101208
0.0121043
0.00909671
0.0105862
0.012579
0.0113374
0.00960477
0.0101769
0.0102333
0.0104406
0.0113407
0.0100357
0.00902511
0.0103556
0.0115646
0.00950435
0.00950435
0.00902911
0.0104968
0.0104968
0.00900028
0.0107365
0.00961638
0.0102191
0.00950435
0.0117469
0.0117469
0.0103046
0.0105531
0.0105531
0.00976792
0.00971485
0.0112815
0.0112815
0.0102287
0.00946131
0.00953325
0.00903957
0.0107167
0.00980004
0.00924054
0.00963331
0.00992661
0.00965935
0.0115922
0.0105957
0.0099658
0.00965935
0.0100923
0.0104264
0.00914178
0.00915536
0.00915536
0.00926604
0.00957378
0.0109989
0.00933753
0.00964765
0.0103276
0.00916811
0.0108353
0.00885965
0.0103322
0.0103322
0.00776047
0.00776047
0.00963066
0.0103416
0.00961288
0.00847645
0.010163
0.00906844
0.00906844
0.00920894
0.00920894
0.0108493
0.010752
0.0106104
0.0110984
0.0105108
0.00957378
0.00972895
0.0112748
0.0115922
0.00898438
0.00898438
0.0099982
0.009923
0.00974308
0.011514
0.011514
0.00900028
0.0105672
0.00990436
0.00978574
0.0114087
0.0100781
0.0116132
0.0116132
0.00988415
0.00988415
0.0108634
0.0108634
0.0101769
0.0108775
0.00884524
0.00991242
0.00973955
0.010237
0.010237
0.010237
0.010237
0.00925186
0.00925186
0.0098108
0.0100032
0.0100032
0.0105295
0.00930628
0.0119656
0.00930881
0.0121854
0.0116451
0.0116451
0.0103462
0.00928025
0.0105108
0.00961638
0.0114301
0.00991242
0.00941864
0.0110984
0.00912515
0.00991242
0.00961638
0.0084098
0.0103462
0.00901311
0.0104294
0.00944705
0.00897008
0.00972895
0.00989467
0.0105108
0.00825488
0.00866146
0.00802694
0.00991242
0.00880076
0.00918415
0.00918415
0.00859028
0.00897162
0.00966202
0.0085066
0.00933922
0.00767529
0.00296524
0.0020361
-0.00257867
-0.00824999
-0.0202793
-0.0202793
-0.0261122
-0.0336454
-0.0356782
-0.033476
-0.0279035
-0.0279035
-0.0199451
-0.0180402
-0.0180402
-0.0163548
-0.0133078
-0.00917608
-0.00917608
-0.00734318
-0.0025119
0.0107379
0.0237021
0.0279154
0.0336636
0.0381984
0.0416974
0.0441274
0.0473299
0.0546818
0.0628765
0.0628765
0.0733761
0.0810141
0.0912283
0.0948766
0.0971391
0.0971391
0.0994832
0.100008
0.100388
0.0980329
0.096235
0.0935448
0.0935448
0.0909581
0.0839491
0.0821534
0.0814275
0.0809015
0.0809015
0.0786959
0.0774763
0.0742277
0.0742277
0.0727642
0.0700645
0.0691484
0.0675394
0.0666905
0.0651924
0.0652345
0.0618089
0.0618089
0.0618089
0.0618089
0.0641595
0.0678066
0.0713812
0.0740385
0.0760702
0.0759501
0.0765794
0.0783023
0.0781114
0.079344
0.0805761
0.0815073
0.081449
0.0830539
0.0835318
0.0830576
0.0841091
0.0833705
0.0841908
0.0834072
0.0847334
0.0847334
0.0854767
0.0854767
0.0854767
0.0859429
0.0851703
0.086071
0.0860045
0.0864866
0.0867662
0.0871954
0.0871954
0.0880969
0.0874056
0.0874056
0.0868526
0.0875972
0.0884073
0.0886171
0.0879603
0.0879603
0.0893178
0.0898302
0.0888733
0.0891847
0.0893698
0.0888506
0.0898684
0.0890363
0.0901817
0.0895509
0.0895509
0.0902092
0.0905573
0.0905573
0.090229
0.0911988
0.0905614
0.0913728
0.0902246
0.0910511
0.0915371
0.0915326
0.0907312
0.0907312
0.0920114
0.0913764
0.0913764
0.0916904
0.0929761
0.0924987
0.0923378
0.0920196
0.091379
0.091379
0.091379
0.0921681
0.092161
0.0937553
0.0928169
0.093574
0.0929357
0.0926367
0.093726
0.0930993
0.0932623
0.0932513
0.0930729
0.0938885
0.093419
0.0935687
0.0937439
0.0932366
0.0932366
0.0938389
0.0937081
0.093853
0.0938664
0.0938674
0.093678
0.0944487
0.0944487
0.0949002
0.0942758
0.0947772
0.0944733
0.0939881
0.0940783
0.0933741
0.0943061
0.0939921
0.0939921
0.0948787
0.0951363
0.0942981
0.095478
0.0955983
0.0950208
0.0948374
0.095001
0.0954614
0.0955711
0.0957072
0.0954577
0.0954577
0.0956435
0.0957076
0.0957076
0.095227
0.0960014
0.0960014
0.0955496
0.0964286
0.0955717
0.0967198
0.0962697
0.0961635
0.0966908
0.0956565
0.0967895
0.0953628
0.0967504
0.0963413
0.0963413
0.0960039
0.0956582
0.0963415
0.0961367
0.0965613
0.0965605
0.0966612
0.0968508
0.0964385
0.0968214
0.0967573
0.0961503
0.0968844
0.0965645
0.0960807
0.0965009
0.0964698
0.0973294
0.096884
0.096884
0.0964377
0.0966207
0.0968842
0.0967573
0.0965301
0.0965301
0.097135
0.0969494
0.0971342
0.096884
0.0970773
0.0970773
0.0962782
0.0962782
0.0978217
0.0971704
0.0970981
0.0977738
0.0977738
0.0978213
0.0976253
0.0972577
0.0981806
0.0972577
0.0972203
0.0972207
0.0981018
0.0972576
0.0976613
0.0973804
0.0979418
0.0979418
0.0979415
0.0976225
0.0979798
0.0979341
0.0981377
0.0976217
0.0976217
0.0975406
0.0980195
0.0979011
0.0980509
0.0983696
0.0982207
0.0980218
0.0978594
0.0986903
0.0987344
0.0987344
0.0986457
0.0986425
0.098528
0.098528
0.0978617
0.0980938
0.0986452
0.0985285
0.0982968
0.0982535
0.09909
0.0982348
0.0982348
0.0982348
0.0983934
0.0988254
0.0988029
0.0988026
0.0988026
0.0985514
0.0982788
0.0985521
0.0989378
0.0984856
0.0992565
0.0992565
0.0988483
0.0982312
0.0993671
0.0988705
0.0982777
0.0992058
0.0992058
0.098342
0.0984425
0.0991523
0.0995238
0.0991532
0.0996399
0.0988836
0.0991998
0.099518
0.0988188
0.0986125
0.0989877
0.0993652
0.098878
0.0990408
0.0992551
0.0992551
0.0990978
0.0999961
0.0992483
0.0990376
0.0990485
0.0996841
0.0996841
0.0996841
0.0994191
0.0990381
0.099631
0.0986155
0.0993144
0.0995804
0.0987726
0.0997358
0.0993094
0.0997894
0.0986687
0.0986687
0.0991067
0.0995208
0.099784
0.0990439
0.0998978
0.099634
0.0999489
0.0999991
0.0999991
0.100362
0.0996236
0.0996236
0.0996816
0.0997796
0.09994
0.100356
0.0997338
0.0999985
0.0999985
0.099517
0.0997206
0.0996253
0.100315
0.0996827
0.0996827
0.099892
0.100204
0.100304
0.100041
0.100041
0.0999952
0.0992526
0.100523
0.0999991
0.0997683
0.100097
0.100252
0.100282
0.0997281
0.100299
0.100359
0.100241
0.100252
0.100252
0.0999212
0.100038
0.100343
0.0995431
0.09992
0.100657
0.100095
0.100659
0.100938
0.100337
0.100561
0.100693
0.100561
0.100436
0.100182
0.100202
0.100299
0.100814
0.100396
0.100221
0.100117
0.10127
0.101071
0.100596
0.100596
0.100605
0.100698
0.10079
0.100915
0.101269
0.100533
0.100788
0.100476
0.100429
0.100275
0.101014
0.101014
0.100754
0.100497
0.100728
0.100565
0.100697
0.101039
0.101039
0.100338
0.10056
0.101013
0.100561
0.100978
0.101079
0.100375
0.100725
0.0999261
0.101111
0.100782
0.100749
0.100687
0.101075
0.10132
0.101323
0.100792
0.100884
0.10069
0.100915
0.100404
0.101805
0.101069
0.101136
0.101069
0.100788
0.101042
0.101107
0.101066
0.100662
0.101
0.101
0.101011
0.101011
0.101186
0.101293
0.101343
0.101133
0.10157
0.101096
0.100659
0.101023
0.1018
0.1018
0.100879
0.101071
0.101566
0.100679
0.101206
0.101234
0.101681
0.101331
0.101413
0.100916
0.100973
0.100931
0.100931
0.100308
0.100976
0.101413
0.101354
0.101361
0.101773
0.101095
0.101254
0.101356
0.101744
0.101744
0.101359
0.10055
0.100912
0.10144
0.101524
0.102048
0.101386
0.101847
0.101278
0.101842
0.101822
0.102069
0.101594
0.101272
0.100958
0.100958
0.101193
0.101108
0.101849
0.101849
0.101095
0.101746
0.101353
0.102423
0.10144
0.101429
0.101538
0.101693
0.101991
0.101612
0.10217
0.10217
0.101522
0.102182
0.10181
0.101917
0.101425
0.101442
0.101442
0.10184
0.101917
0.102342
0.102008
0.101444
0.101435
0.101838
0.102002
0.102249
0.101363
0.10209
0.10209
0.101774
0.101693
0.101914
0.10159
0.101195
0.101195
0.10177
0.101702
0.101697
0.102119
0.101788
0.101611
0.101611
0.102028
0.101851
0.101762
0.102164
0.102414
0.102414
0.101911
0.102009
0.102094
0.102414
0.102024
0.101842
0.101842
0.10275
0.10203
0.102171
0.102336
0.10267
0.10178
0.10178
0.102911
0.102104
0.101686
0.102189
0.102016
0.102421
0.101778
0.101871
