0.00357143
-0.00974932
-0.00389262
0.00166188
-0.0110287
-0.0102153
-0.0060886
-0.0040594
-0.00864955
-0.00447987
0.00450569
0.0116447
0.00801282
-0.00926175
-0.00307904
-0.000235954
-0.0121289
-0.0094172
0.00277303
0.00310478
0.00406726
-0.00309264
-0.0124625
-0.00164945
0.00498306
0.000884572
0.00450569
0.00357143
-0.0094499
-0.00339443
0.000562188
0.000229667
0.0043139
-0.0109983
0.00197468
-0.00579017
-0.00291317
-0.00149249
-0.00720403
-0.003259
-0.00753682
-0.000549159
-0.00703817
-0.00610439
0.00340544
-0.00356013
-0.0105303
-0.0162561
-0.00720403
-0.000549159
0.00671499
-0.00958308
-0.00482547
-0.00053541
-0.00389262
-0.0056072
-0.0056072
-0.00720403
-0.00831696
-0.00831696
-0.00245854
-0.00801553
-0.00244739
-0.00549238
-0.0106961
-0.00911647
-0.0165896
-0.00911647
-0.00627678
0.000553227
-0.00544219
-0.01291
-0.00562356
0.00594764
-0.0114958
-0.0132419
-0.00118245
-0.00136824
-0.000904119
-0.0213197
-0.00513895
-0.00767015
-0.0113296
0.00310478
-0.00974932
-0.00118245
-0.00799096
-0.00179653
0.000396107
0.00230728
-0.00862663
-0.00292664
-0.0126076
-0.0126076
-0.0152901
0.00279218
-0.00294697
-0.0148426
-0.0148426
-0.00801553
-0.016757
-0.00687268
-0.0121104
-0.00291317
-0.00577257
-0.0162561
-0.00389262
-0.0109983
0.00373707
-0.00389262
-0.00307904
-0.00815121
-0.00549238
-0.0119626
0.00180784
-0.0137425
-0.00245854
-0.0109983
-0.00515821
0.00293908
0.00450569
0.000396107
0.00451779
0.00309568
-0.00453436
-0.0146856
-0.00815121
0.0078474
0.0078474
-0.0110287
0.008951
-0.00422655
-0.00339443
-0.00339443
0.00500329
0.00830554
-0.0110287
-0.00513895
-0.00513895
-0.00513895
0.00215866
0.00514945
-0.00262484
0.00327012
-0.0040273
-0.010062
-0.00467038
-0.0110134
0.00943561
0.00229559
-0.00512588
0.00813835
-0.00118245
-0.00753682
0.00150985
0.0029053
0.00484962
-0.000701258
-0.0116624
-0.0121391
-0.0056072
-0.00452569
-0.0157584
-0.00597087
-0.0154413
0.00340544
0.00815741
0.00229559
0.00659491
-0.00404308
-0.00294697
-0.00294697
-0.0037262
-6.98103e-05
-0.000414137
-0.00974932
-0.00387643
0.00467192
-0.00563702
-0.000414137
-0.00627084
-0.00627084
-0.00627084
-0.00627084
-0.00386189
-0.00386189
-0.0040273
0.00340544
0.00372015
0.00277303
0.00943561
0.00184185
-0.00433953
-0.0157886
0.000396107
-0.00544219
-0.0022926
-0.0035928
-0.0019813
0.00149556
-0.000715137
0.00229559
-0.0072382
-0.00244739
-0.00640565
-0.0132419
-0.00482547
-0.00718708
-0.00196251
0.000545513
-0.0019618
0.000396107
-0.00103403
0.00639355
0.00323909
-0.0043592
0.00450569
-0.0124415
-0.0089503
-0.00770375
-0.00673759
-0.00452569
-0.0125951
-0.0246676
-0.00532512
-0.00627084
-0.00878448
-0.00670754
-0.0129408
-0.0135436
-0.00199012
9.59744e-05
0.00421863
-0.00516934
-0.00151489
-0.00419307
-0.00419307
0.000250241
-0.00101677
-0.00597087
-0.00591804
-0.0121289
0.00229559
-0.00278009
0.0176555
-0.00928301
-0.00212702
-8.12302e-05
-0.0037262
0.00516844
0.00676571
-0.0149875
-5.67571e-05
0.00578167
-0.00118245
-0.00671934
-0.0019813
-0.00864955
-0.00864955
-0.0115036
0.000727909
-0.00322908
-0.0111956
-0.00784913
0.00878998
-0.0110287
-0.000104289
0.000229667
9.59744e-05
0.00702521
0.00293908
-0.00895816
0.00799111
-0.00721463
-0.01291
-0.0069041
-5.33789e-05
-0.00958308
-0.00549238
-0.00245854
-0.0100494
0.00513982
-0.0122955
-0.00577257
0.00340544
-0.00895816
-0.00151489
-0.00562356
-0.00717455
0.00674589
-0.00244739
-0.0138757
0.00862374
-0.0081823
-0.0287996
0.00229559
-0.0187865
-0.00911647
-0.00974932
-0.0110287
-0.00988379
-0.013846
-0.00928301
-0.00322908
-0.0122757
-0.00861902
-0.0060886
-0.00389262
-0.00627084
-0.00309264
-0.00754768
-0.00577257
0.00513982
-0.00356013
-0.0114958
-0.000581129
0.00436991
-0.0134084
-0.0184706
-0.0170562
-0.00784913
-0.00148407
-0.0134084
-0.0202496
-0.00801553
-0.0157584
-0.00958308
0.00578167
-0.000549159
0.00136039
0.000562188
-0.0124625
-0.0122757
-0.0140423
-0.0124415
-0.0037262
-0.00660481
-0.0125951
-0.0184706
-0.0184706
-0.00452569
-0.00751739
-0.00530461
-0.00419307
0.00752539
-0.00038354
-0.00720403
-0.00356013
-0.0169246
-0.00831696
-0.0154559
0.00578167
0.00323909
-0.012774
-0.0119727
-0.00164945
-0.0105303
0.00453512
-0.010062
-0.000851448
-0.00149249
0.00801282
-8.12302e-05
-0.0268838
-0.0108622
-0.0019813
-0.0122757
-0.015154
-0.00831696
-0.00322908
-0.0101999
-0.002761
-0.0149875
-0.013108
-0.00991592
-0.00532512
-0.0037262
-0.0089503
0.00691108
-6.98103e-05
-0.00721463
0.0125972
0.0125972
0.00373707
-0.0125951
-0.00437746
-0.0022926
0.00132889
-6.98103e-05
0.0076914
0.00484962
0.00104533
-0.0108622
0.00768162
0.00229559
-0.0069041
0.00943561
-0.00231459
-0.0140423
0.00563723
-0.0180237
-0.0154559
-0.0111638
-0.00770375
-0.0049607
-0.00530461
-0.00419307
-0.00450477
-0.0114958
-0.00499166
-0.0059383
-0.00655284
-0.00768278
-0.00228158
0.000862341
0.000862341
0.00197468
-0.0018152
-0.0121289
-0.0121289
-0.000235954
0.00370546
-0.00164945
-0.00164945
-0.00704864
0.00166188
0.00102872
0.00102872
-0.0019813
0.00480641
0.00275528
0.00735902
-0.00279149
0.0103664
0.0213212
-0.0116624
-0.0059383
-0.0043592
-0.0108622
-0.00389262
0.00658034
-0.00671775
-0.00671775
0.00102872
0.00641444
0.00310478
-0.015154
0.0116447
0.00548116
0.0205252
-0.00579017
0.0064434
-0.0105303
0.0065607
-0.0126076
0.00230728
-0.0019618
0.00230728
0.000229667
0.0072136
-0.00118245
0.00195735
0.00195735
0.00548116
-0.000686484
-0.0076561
-0.0059383
-0.00432905
-0.00307904
-0.0113296
0.000727909
0.00105828
-0.000247504
-0.00261356
-0.00134849
-0.0114958
-0.0114958
-0.0225992
0.00340544
-0.00864955
0.00453512
0.00453512
-0.000686484
-0.00515821
0.00514945
0.00514945
-0.00624021
-0.003259
-0.003259
-0.00469254
-0.00499166
-0.0126076
-0.0072382
-0.010062
-0.00133216
0.00280349
-0.00211613
0.00961581
-0.000701258
0.00531549
0.00531549
-0.0040594
0.00119474
-0.00434068
-0.00245854
0.00149556
0.00149556
-0.00262484
-0.00801553
0.0043391
-0.0172232
-0.0124291
-0.00482547
-0.00482547
-0.0173906
-0.0111956
-0.00499166
-0.0153458
-0.0103945
-0.0040273
-0.0224521
-0.0175224
-0.010062
-0.00767015
-0.0019813
-0.0151246
-0.00911647
0.00184185
-0.0089503
-0.0089503
-0.0144902
-0.0114958
-0.00307904
-0.00768308
-0.00657144
-0.00657144
-0.00356013
-0.0145089
-0.0121289
-0.0132625
-0.0294501
-0.0192882
-0.0447006
-0.0447006
-0.0447006
-0.0638324
-0.0762849
-0.0814075
-0.0516575
0.0241402
0.126766
0.298995
0.398764
0.441225
0.468322
0.464358
0.426629
0.351398
0.286903
0.281438
0.258209
0.277368
0.296697
0.283918
0.330974
0.283579
0.292741
0.281551
0.29454
0.321791
0.321791
0.305486
0.290624
0.293347
0.293347
0.292614
0.297143
0.291995
0.292227
0.289716
0.297578
0.322544
0.287569
0.300055
0.295346
0.288506
0.312891
0.305403
0.297338
0.296883
0.285335
0.29821
0.299506
0.310535
0.281973
0.281973
0.289417
0.286425
0.291138
0.298302
0.294255
0.302563
0.303021
0.303021
0.287055
0.285452
0.285452
0.298003
0.299242
0.299242
0.287449
0.296971
0.296102
0.306762
0.300512
0.315063
0.315063
0.304107
0.30205
0.302081
0.294886
0.301963
0.304739
0.318775
0.295461
0.286632
0.298662
0.307094
0.299664
0.290111
0.283302
0.299242
0.288295
0.28415
0.342066
0.342526
0.342526
0.464138
0.512994
0.491164
0.494614
0.500233
0.46497
0.48943
0.477087
0.483226
0.50452
0.478875
0.491906
0.480167
0.493072
0.495428
0.489215
0.501304
0.487074
0.497514
0.486669
0.487818
0.495658
0.492024
0.490663
0.480708
0.487153
0.494845
0.473655
0.493002
0.48131
0.495201
0.485789
0.481852
0.483473
0.490811
0.475713
0.490298
0.499503
0.499503
0.493244
0.485702
0.496294
0.496294
0.49316
0.492692
0.494144
0.466771
0.440975
0.373176
0.281068
0.291487
0.289178
0.310958
0.305935
0.288788
0.297562
0.301101
0.314852
0.300954
0.28742
0.290337
0.280025
0.285644
0.280422
0.281561
0.29903
0.288819
0.291038
0.276868
0.28411
0.291346
0.291346
0.2935
0.286355
0.275178
0.283711
0.286554
0.269452
0.283513
0.268198
0.283194
0.276816
0.276424
0.273269
0.267955
0.281579
0.275581
0.264859
0.277177
0.277177
0.285887
0.278643
0.284669
0.294748
0.289256
0.287264
0.275581
0.303638
0.276851
0.254178
0.313214
0.320996
0.312878
0.314611
0.33065
0.373559
0.375646
0.393657
0.362272
0.36774
0.37426
0.348943
0.366997
0.345522
0.353532
0.34375
0.34375
0.346998
0.364597
0.386571
0.378718
0.359594
0.357347
0.346427
0.359789
0.369287
0.386548
0.388858
0.40993
0.392814
0.383103
0.381666
0.367823
0.372899
0.375361
0.375361
0.384557
0.376512
0.383597
0.378522
0.379718
0.364857
0.364857
0.375465
0.360194
0.356731
0.370664
0.370664
0.362154
0.369106
0.350871
0.35302
0.36254
0.374433
0.368801
0.363628
0.367285
0.384123
0.357876
0.377863
0.373604
0.373604
0.370732
0.384412
0.376868
0.379031
0.379031
0.3747
0.380663
0.382641
0.37223
0.374183
0.38069
0.378263
0.381061
0.371804
0.350147
0.365578
0.365028
0.365236
0.375465
0.374841
0.363744
0.35534
0.372044
0.371733
0.371733
0.365203
0.367724
0.378605
0.370008
0.380032
0.379203
0.379203
0.370118
0.366626
0.376036
0.366922
0.37489
0.368433
0.378666
0.383463
0.388938
0.384972
0.380406
0.388938
0.380234
0.367144
0.366688
0.372152
0.367488
0.36309
0.373806
0.373806
0.359109
0.368405
0.371668
0.357005
0.348489
0.362919
0.362919
0.368904
0.359946
0.362264
0.363543
0.3642
0.364857
0.370118
0.374604
0.374604
0.376232
0.38034
0.388766
0.388766
0.380835
0.380835
0.37157
0.38386
0.396658
0.396658
0.41819
0.443128
0.447325
0.472284
0.471691
0.480439
0.490247
0.490247
0.48559
0.463305
0.457487
0.468262
0.447304
0.441389
0.440579
0.421312
0.410207
0.422674
0.410853
0.428117
0.399116
0.39677
0.395135
0.396159
0.385575
0.353469
0.332041
0.333237
0.3112
0.293821
0.278781
0.278781
0.26889
0.242052
0.240433
0.230338
0.210337
0.205921
0.190094
0.179365
0.165587
0.164877
0.156412
0.138443
0.138443
0.139828
0.153543
0.143119
0.143119
0.146353
0.125604
0.125604
0.136075
0.139234
0.121571
0.135858
0.122512
0.119605
0.119605
0.126774
0.128119
0.125823
0.130509
0.12599
0.12771
0.108059
0.115297
0.115294
0.119986
0.12085
0.119356
0.119356
0.113996
0.124913
0.121082
0.124687
0.110158
0.115908
0.116782
0.116782
0.117644
0.103332
0.103133
0.112747
0.101605
0.113795
0.118535
0.0988681
0.0977767
0.112747
0.0977767
0.119385
0.10763
0.105305
0.112758
0.0939583
0.120883
0.110459
0.1109
0.0956978
0.102713
0.120687
0.103589
0.108936
0.115157
0.129879
0.110611
0.108946
0.112154
0.121986
0.128372
0.098717
0.112388
0.111521
0.125826
0.125448
0.116656
0.114091
0.117969
0.117154
0.119718
0.122445
0.11578
0.121183
0.12192
0.113333
0.124029
0.126767
0.116061
0.121049
0.121049
0.134829
0.127867
0.117601
0.135048
0.132115
0.134677
0.116355
0.134755
0.142589
0.137464
0.130799
0.126985
0.121933
0.132777
0.119731
0.123763
0.12464
0.132193
0.14391
0.14391
0.13607
0.120392
0.132777
0.143612
0.128892
0.138262
0.138262
0.14537
0.138125
0.125444
0.134101
0.151592
0.140171
0.141929
0.147931
0.147711
0.138045
0.130875
0.137817
0.134155
0.143827
0.149219
0.13883
0.146532
0.148512
0.14391
0.138049
0.147183
0.141413
0.138266
0.141183
0.143961
0.145323
0.136943
0.133907
0.135604
0.141258
0.127639
0.143078
0.138627
0.127869
0.138539
0.13663
0.131493
0.143865
0.140621
0.134414
0.137301
0.144646
0.139904
0.143988
0.144563
0.13557
0.137764
0.124605
0.129823
0.140709
0.135194
0.119609
0.122735
0.13277
0.119693
0.127546
0.122464
0.120418
0.119624
0.130185
0.127809
0.126764
0.143594
0.121388
0.117542
0.134734
0.1252
0.124052
0.12989
0.111737
0.138917
0.134462
0.130395
0.151318
0.140572
0.132005
0.138459
0.134394
0.143258
0.134965
0.133429
0.141351
0.137136
0.128229
0.136996
0.133347
0.141057
0.156793
0.142032
0.137757
0.140528
0.146491
0.13342
0.13342
0.14799
0.148929
0.137314
0.138608
0.128108
0.140802
0.142962
0.148111
0.14377
0.142141
0.151867
0.136293
0.136636
0.131549
0.129982
0.129818
0.129581
0.123725
0.120374
0.128851
0.134899
0.137944
0.134259
0.129124
0.125737
0.117782
0.122209
0.11395
0.108635
0.128118
0.124492
0.129712
0.131821
0.121619
0.122971
0.115459
0.113799
0.111225
0.111225
0.110099
0.0941191
0.109769
0.109769
0.106695
0.109545
0.103271
0.101594
0.100573
0.100138
0.0924249
0.0924249
0.0883374
0.093495
0.0871162
0.0787371
0.0808704
0.0872459
0.0905187
0.0858177
0.089442
0.0948061
0.0839066
0.0871002
0.0727198
0.0851639
0.0898585
0.0860311
0.0810613
0.0739883
0.0881734
0.0881734
0.0785247
0.088385
0.0658658
0.0772119
0.0853239
0.0712045
0.0801964
0.0901635
0.0812366
0.087868
0.0884702
0.0831175
0.0842127
0.0974317
0.0901423
0.080761
0.102137
0.103621
0.0939353
0.0939353
0.0900984
0.105058
0.11403
0.110201
0.0906604
0.10347
0.10347
0.0897567
0.102246
0.102373
0.109856
0.0986141
0.11211
0.108
0.121864
0.106932
0.121028
0.114917
0.10314
0.102114
0.124337
0.119567
0.116562
0.109925
0.112206
0.112206
0.111799
0.105589
0.116875
0.109017
0.119747
0.109101
0.114819
0.121506
0.11505
0.12375
0.120067
0.118534
0.125133
0.115273
0.129826
0.126374
0.121848
0.107214
0.11966
0.11966
0.11966
0.113625
0.115038
0.119956
0.112509
0.12055
0.102826
0.102826
0.119913
0.120508
0.117724
0.115136
0.123536
0.122629
0.133104
0.129571
0.115211
0.100506
0.118629
0.119413
0.116763
0.117564
0.116186
0.130016
0.119674
0.140911
0.120389
0.127817
0.127968
0.114763
0.13033
0.121565
0.11692
0.124369
0.110677
0.118486
0.113693
0.119317
0.123747
0.127083
0.130383
0.125692
0.12598
0.12598
0.132123
0.12562
0.126913
0.130016
0.11869
0.131713
0.124102
0.133343
0.137111
0.134602
0.133954
0.131845
0.131845
0.144878
0.145975
0.143475
0.139598
0.146034
0.151931
0.146218
0.13859
0.154088
0.140553
0.161375
0.161375
0.161375
0.153047
0.159906
0.157016
0.156304
0.158037
0.154125
0.156722
0.160503
0.14395
0.15133
0.138845
0.150787
0.148448
0.148448
0.153847
0.147008
0.144748
0.147019
0.143591
0.146651
0.145691
0.140895
0.151204
0.151204
0.137267
0.142564
0.149958
0.138879
0.137848
0.147834
0.137324
0.158716
0.154285
0.152672
0.157101
0.151234
0.157079
0.162762
0.152759
0.152759
0.1544
0.156335
0.148072
0.169108
0.151063
0.162543
0.155338
0.153035
0.145219
0.146553
0.163568
0.149824
0.148504
0.140871
0.158003
0.159572
0.151338
0.1608
0.158963
0.15954
0.159935
0.163621
0.150124
0.153113
0.149339
0.142592
0.142592
0.148179
0.157419
0.139092
0.143532
0.149113
0.149113
0.167678
0.138855
0.143396
0.140411
0.141992
0.141992
0.135232
0.143092
0.129904
0.135279
0.132932
0.124361
0.114604
0.117191
0.115755
0.113675
0.112141
0.107804
0.107804
0.0865698
0.078784
0.0862386
0.0868497
0.0663123
0.0561305
0.0474778
0.0381817
0.0409142
0.0261931
0.0264683
0.0264683
0.0228203
0.000878577
0.0156542
0.00490161
0.000329544
-0.0262265
-0.0190088
-0.0290242
-0.026196
-0.0486885
-0.0567756
-0.0567756
-0.0347883
-0.0333122
-0.0333122
-0.0593362
-0.0607732
-0.0607732
-0.050899
-0.0660154
-0.0677794
-0.0776074
-0.0659051
-0.0706367
-0.080581
-0.0735976
-0.069641
-0.0647189
-0.0727282
-0.0626766
-0.0626766
-0.0829064
-0.0726068
-0.0858996
-0.0833871
-0.0863924
-0.0917846
-0.071418
-0.0864007
-0.0819746
-0.0765814
-0.0764921
-0.0850295
-0.0850295
-0.0709253
-0.0708213
-0.0690321
-0.0823413
-0.0804487
-0.0730622
-0.0681115
-0.0722302
-0.0686266
-0.0605875
-0.0589666
-0.0585412
-0.0585412
-0.0381183
-0.0276728
-0.0302553
-0.0248377
-0.0168965
-0.00730712
-0.00730712
0.0116942
0.00887347
0.0103125
0.0250074
0.0290782
0.0245873
0.00112167
0.00765165
-0.00570479
-0.00816832
9.0909e-05
0.0059725
0.0174689
-0.00384495
0.0126628
0.0231751
0.0261376
0.0477381
0.0701984
0.0748156
0.111195
0.143262
0.170241
0.189951
0.202213
0.233483
0.28323
0.33453
0.397883
0.728718
0.872048
0.968712
1.04337
1.12375
1.22567
1.3382
1.41479
1.5009
1.58895
1.69529
1.77162
1.82667
1.91478
1.99987
2.11013
2.16456
2.22658
2.2787
2.3177
2.36642
2.40892
2.40892
2.44444
2.46907
2.50961
2.50961
2.52599
2.51592
2.50481
2.49454
2.48419
2.46733
2.43804
2.4068
2.36387
2.31512
2.27092
2.21799
2.17447
2.10607
2.03272
1.89234
1.81021
1.73556
1.68166
1.61714
1.53146
1.45444
1.38778
1.31304
1.24942
1.18994
1.13618
1.13618
1.0394
0.995256
0.956332
0.917568
0.877814
0.844284
0.771383
0.748013
0.711776
0.679869
0.653062
0.626465
0.610552
0.57956
0.575487
0.541487
0.532816
0.525356
0.514787
0.504854
0.49624
0.49624
0.491964
0.490383
0.490383
0.471908
0.493749
0.488236
0.48254
0.472126
0.48115
0.483936
0.471845
0.478219
0.474512
0.472015
0.476131
0.478871
0.478698
0.471282
0.478369
0.47437
0.496642
0.496642
0.489896
0.500748
0.539888
0.552928
0.575846
0.575846
0.614363
0.651294
0.713366
0.740314
0.786965
0.805431
0.860691
0.90082
0.952055
0.995645
1.05989
1.09984
1.09984
1.14467
1.25964
1.31328
1.35822
1.41134
1.4712
1.4712
1.58691
1.65391
1.72557
1.79172
1.85328
1.90713
2.01919
2.04675
2.07327
2.08469
2.08469
2.07509
2.02792
1.96976
1.90642
1.82767
1.68747
1.44085
1.31564
1.21411
1.12074
1.04527
0.995199
0.943344
0.92518
0.897032
0.840025
0.794259
0.771144
0.731539
0.726121
0.681277
0.674039
0.653006
0.62908
0.599629
0.588966
0.560859
0.546856
0.52713
0.518339
0.50051
0.490116
0.48218
0.459632
0.444766
0.420261
0.407702
0.401044
0.39733
0.403006
0.39414
0.373747
0.377371
0.363734
0.37252
0.362576
0.362576
0.367842
0.353751
0.356654
0.353365
0.34752
0.34303
0.339639
0.331556
0.340324
0.324624
0.325989
0.334384
0.332516
0.326382
0.345795
0.333208
0.328101
0.340235
0.35372
0.359029
0.367219
0.37026
0.370021
0.385389
0.395206
0.3858
0.382822
0.392426
0.391875
0.378232
0.378232
0.383037
0.383745
0.386246
0.395104
0.377836
0.380449
0.385509
0.379119
0.383994
0.375102
0.367254
0.364917
0.374233
0.37198
0.362074
0.374935
0.367036
0.367431
0.364913
0.328877
0.321702
0.312153
0.304456
0.298665
0.289377
0.304199
0.29521
0.268922
0.256783
0.243571
0.248894
0.253167
0.243113
0.215662
0.206414
0.213943
0.196605
0.199765
0.198833
0.19193
0.20079
0.191743
0.202188
0.199327
0.193439
0.193439
0.195572
0.181288
0.177452
0.191662
0.173183
0.178302
0.170176
0.172721
0.166539
0.16992
0.175891
0.164965
0.156835
0.156251
0.152892
0.159425
0.159176
0.154558
0.154094
0.15924
0.1617
0.149969
0.142409
0.153077
0.152217
0.151689
0.152186
0.155418
0.158622
0.158622
0.150824
0.156004
0.148577
0.149593
0.147281
0.141668
0.152556
0.143705
0.145527
0.149067
0.140802
0.143794
0.142499
0.152463
0.144567
0.162809
0.138089
0.141852
0.151104
0.137225
0.141946
0.145091
0.145091
0.151967
0.138766
0.157019
0.145274
0.148664
0.144539
0.14173
0.154677
0.150543
0.165418
0.151505
0.165882
0.165882
0.153569
0.145954
0.157386
0.158129
0.155324
0.155324
0.152885
0.151471
0.157019
0.139139
0.161787
0.153813
0.157019
0.164224
0.15036
0.146819
0.149713
0.134537
0.138823
0.154398
0.153349
0.143273
0.140338
0.137625
0.145857
0.149593
0.151737
0.147833
0.147777
0.146418
0.140035
0.140035
0.146504
0.137202
0.154644
0.153897
0.15674
0.149067
0.142402
0.143878
0.142866
0.158398
0.154461
0.145857
0.149067
0.143918
0.1482
0.14521
0.150765
0.15545
0.157351
0.157351
0.15858
0.148383
0.14552
0.157106
0.143918
0.153936
0.154179
0.162839
0.146039
0.163443
0.157751
0.159874
0.14024
0.149896
0.14796
0.159855
0.157288
0.154861
0.152982
0.159629
0.154031
0.144283
0.164955
0.158252
0.15202
0.146541
0.146687
0.153936
0.157934
0.1482
0.153291
0.15646
0.13997
0.13997
0.154861
0.16794
0.144465
0.144563
0.150487
0.152885
0.143513
0.154846
0.14521
0.153068
0.155128
0.156923
0.142585
0.141573
0.161765
0.165516
0.153753
0.1633
0.148884
0.161884
0.153936
0.163261
0.156278
0.154179
0.158802
0.152186
0.15325
0.149677
0.152604
0.150456
0.158762
0.152519
0.156825
0.163443
0.160681
0.152924
0.159264
0.15325
0.15325
0.160037
0.153291
0.157106
0.154764
0.151314
0.151776
0.159727
0.165516
0.157288
0.155691
0.158013
0.158802
0.159692
0.153432
0.153068
0.14521
0.157249
0.158252
0.160056
0.154861
0.156056
0.158802
0.154665
0.158619
0.165601
0.15618
0.165823
0.147316
0.157569
0.160498
0.154846
0.153068
0.142545
0.148565
0.152829
0.155266
0.151227
0.139958
0.160092
0.137346
0.155633
0.161507
0.155044
0.149382
0.148884
0.15202
0.152099
0.14416
0.149713
0.15545
0.152141
0.153897
0.165361
0.158762
0.157569
0.156239
0.16197
0.163483
0.163483
0.159672
0.157751
0.139411
0.139411
0.149433
0.147316
0.159629
0.166346
0.150262
0.151453
0.150079
0.15646
0.15646
0.14903
0.145111
0.150444
0.156543
0.149564
0.15325
0.148971
0.142726
0.146346
0.150765
0.153614
0.160456
0.149798
0.155899
0.150807
0.160777
0.142682
0.153715
0.153557
0.148282
0.157106
0.152829
0.141068
0.140485
0.139313
0.137025
0.150041
0.155874
0.159811
0.140422
0.141715
0.141715
0.14501
0.154544
0.144283
0.159811
0.150079
0.156056
0.138541
0.147818
0.133429
0.150161
0.158157
0.154764
0.148847
0.161688
0.154301
0.130391
0.148383
0.145857
0.149516
0.152099
0.152384
0.142767
0.144694
0.151737
0.145939
0.144707
0.142121
0.145939
0.148605
0.140886
0.140886
0.147553
0.155128
0.147455
0.157934
0.135775
0.145575
0.153897
0.143878
0.131811
0.141068
0.141897
0.144525
0.144283
0.144283
0.139131
0.14438
0.149616
0.142767
0.135549
0.137895
0.137895
0.140649
0.143513
0.146585
0.153108
0.152322
0.152422
0.136843
0.140886
0.148871
0.145655
0.158802
0.157288
0.157833
0.155128
0.157288
0.161102
0.156923
0.14521
0.14521
0.158398
0.164955
0.157651
0.16197
0.154119
0.156825
0.148747
0.141476
0.137895
0.15642
0.149798
0.147455
0.15069
0.135549
0.139594
0.147499
0.151776
0.146585
0.154201
0.148605
0.154119
0.147864
0.15426
0.159811
0.140283
0.140283
0.140283
0.143456
0.15402
0.150444
0.14869
0.15141
0.14709
0.143513
0.164854
0.139131
0.146585
0.153753
0.129745
0.147334
0.15325
0.157651
0.15531
0.167013
0.152422
0.154483
0.15618
0.158522
0.152685
0.14382
0.155816
0.15747
0.167518
0.155816
0.160863
0.152968
0.158984
0.158703
0.158703
0.151737
0.15402
0.144843
0.152141
0.151314
0.144647
0.148383
0.148508
0.153557
0.143456
0.152384
0.153474
0.146907
0.145371
0.144929
0.144241
0.146445
0.137149
0.161507
0.15618
0.15618
0.143231
0.143413
0.142767
0.140886
0.152322
0.152322
0.160498
0.145982
0.143918
0.143456
0.144465
0.138486
0.155774
0.145111
0.140057
0.135731
0.156022
0.155774
0.145293
0.159348
0.151168
0.14202
0.148788
0.145575
0.145575
0.145575
0.151959
0.140886
0.160274
0.152322
0.147455
0.146809
0.166649
0.154846
0.151959
0.141715
0.154764
0.149798
0.161325
0.151593
0.150908
0.14869
0.154483
0.137712
0.148101
0.149564
0.157288
0.145355
0.142121
0.149896
0.157006
0.145251
0.143776
0.143776
0.148101
0.147918
0.153614
0.14737
0.151776
0.14998
0.152141
0.142121
0.149938
0.157288
0.148326
0.150851
0.157696
0.152646
0.149153
0.154946
0.160354
0.163579
0.151593
0.154946
0.147918
0.15646
0.15325
0.15325
0.153656
0.164127
0.158703
0.152786
0.150543
0.154301
0.149433
0.152239
0.156362
0.149212
0.155592
0.148971
0.151396
0.155672
0.153432
0.149471
0.133385
0.137431
0.139874
0.132044
0.137207
0.136967
0.142402
0.135509
0.158115
0.158115
0.136378
0.152322
0.157288
0.138541
0.152604
0.161688
0.151496
0.1458
0.145702
0.151372
0.151314
0.14998
0.151677
0.153213
0.152141
0.15959
0.154301
0.157833
0.15959
0.15959
0.164492
0.152141
0.148228
0.15531
0.157651
0.153532
0.153149
0.156643
0.161688
0.140139
0.140422
0.15618
0.140381
0.153432
0.154946
0.158984
0.15531
0.152786
0.153149
0.159811
0.142121
0.146528
0.141111
0.159124
0.157779
0.152141
0.144889
0.162195
0.16421
0.149394
0.158478
0.157934
0.157934
0.148971
0.159045
0.153897
0.155956
0.159992
0.146585
0.143231
0.160092
0.139776
0.143695
0.140422
0.147173
0.146528
0.144101
0.153838
0.152322
0.155128
0.151776
0.151453
0.147455
0.134576
0.142767
0.148788
0.135267
0.146404
0.143638
0.137975
0.146991
0.146528
0.132556
0.14382
0.14709
0.144365
0.144365
0.134902
0.146262
0.152786
0.139131
0.138948
0.145836
0.146482
0.141939
0.153376
0.150025
0.148101
0.142767
0.150908
0.140057
0.147273
0.148871
0.141658
0.143358
0.143695
0.143695
0.13385
0.150207
0.154079
0.146262
0.152786
0.152786
0.148228
0.150161
0.151959
0.161688
0.144525
0.151033
0.151033
0.152968
0.148228
0.134257
0.141715
0.139915
0.144546
0.151496
0.15109
0.158885
0.141613
0.15531
0.159992
0.159529
0.14998
0.14998
0.165137
0.15618
0.149516
0.149053
0.157624
0.157249
0.158802
0.142036
0.154665
0.148747
0.13385
0.151776
0.14612
0.145111
0.151496
0.148464
0.135085
0.139915
0.149516
0.146627
0.161102
0.158984
0.15747
0.159264
0.159264
0.149335
0.167194
0.155956
0.161044
0.16012
0.149798
0.149798
0.157833
0.15747
0.161
0.155354
0.154483
0.154483
0.156905
0.15858
0.152422
0.152186
0.151271
0.148747
0.139131
0.154483
0.151555
0.154726
0.15325
0.151131
0.15747
0.16187
0.16187
0.154846
0.142948
0.148101
0.149798
0.149798
0.154483
0.152089
0.166649
0.162839
0.15351
0.15204
0.14524
0.155592
0.150523
0.145982
0.149616
0.147051
0.157106
0.152968
0.149757
0.162839
0.141432
0.156278
0.157106
0.150487
0.149153
0.163203
0.148228
0.152141
0.148605
0.140018
0.145939
0.148101
0.14869
0.15858
0.15531
0.15747
0.142767
0.142303
0.158115
0.156137
0.162978
0.155956
0.145939
0.159811
0.15834
0.158478
0.156137
0.143176
0.143176
0.151113
0.151113
0.158013
0.161787
0.159992
0.14501
0.155774
0.147273
0.142303
0.158522
0.144002
0.149697
0.15119
0.141111
0.158297
0.154201
0.14911
0.147999
0.158297
0.158297
0.149291
0.149233
0.149233
0.157878
0.146196
0.157696
0.157696
0.146445
0.16197
0.158297
0.15646
0.15646
0.146039
0.152504
0.157006
0.148282
0.156724
0.152141
0.152141
0.144746
0.142767
0.155027
0.153432
0.158619
0.157006
0.161688
0.155536
0.155956
0.157006
0.155256
0.140831
0.144707
0.148747
0.144929
0.165725
0.132092
0.149394
0.142363
0.149798
0.148825
0.134621
0.138259
0.145474
0.140501
0.141557
0.135549
0.147736
0.148971
0.148101
0.140886
0.143311
0.145111
0.15531
0.15531
0.152604
0.152604
0.145939
0.152968
0.140057
0.15531
0.150669
0.167058
0.158703
0.140886
0.155437
0.138905
0.142585
0.148747
0.144465
0.138621
0.148464
0.144465
0.146662
0.14202
0.138303
0.132173
0.141013
0.143231
0.138905
0.128184
0.138948
0.130209
0.129804
0.130026
0.131447
0.145191
0.131583
0.135085
0.146404
0.144241
0.142121
0.144184
0.135629
0.136276
0.149053
0.149053
0.144525
0.158783
0.151271
0.141658
0.138668
0.147682
0.147682
0.144694
0.134861
0.138905
0.152099
0.130998
0.144647
0.138948
0.149335
0.149335
0.153656
0.143595
0.155736
0.155736
0.140562
0.150161
0.144184
0.147736
0.144465
0.154946
0.154946
0.144365
0.139776
0.141013
0.135913
0.137794
0.132637
0.139958
0.135913
0.136378
0.136094
0.135448
0.138802
0.142585
0.141533
0.137855
0.141715
0.141432
0.136504
0.131811
0.14836
0.145371
0.132333
0.12895
0.152604
0.134861
0.145551
0.129156
0.143595
0.149153
0.155027
0.14911
0.150342
0.14998
0.156137
0.141839
0.139958
0.137794
0.143456
0.142484
0.142665
0.150523
0.144241
0.141756
0.155718
0.135549
0.142767
0.149335
0.141939
0.141147
0.154846
0.147173
0.147354
0.150851
0.146528
0.142585
0.143231
0.15541
0.15204
0.15204
0.142585
0.146346
0.143456
0.151453
0.151453
0.145655
0.145655
0.140057
0.139131
0.1291
0.136094
0.144647
0.144647
0.13385
0.145293
0.134757
0.155491
0.145857
0.136378
0.136378
0.142948
0.133283
0.147775
0.128974
0.137025
0.157833
0.132049
0.126991
0.138077
0.140604
0.155027
0.150625
0.143027
0.151555
0.139313
0.148046
0.145111
0.148326
0.138259
0.139494
0.136322
0.146482
0.132738
0.148046
0.141111
0.147534
0.127398
0.137743
0.148179
0.146346
0.144647
0.146065
0.146065
0.140369
0.140369
0.127943
0.141013
0.133794
0.133567
0.133567
0.124359
0.146222
0.142484
0.145293
0.146856
0.146856
0.132738
0.137025
0.144283
0.144647
0.133102
0.143595
0.134214
0.139494
0.147273
0.142303
0.148101
0.140831
0.125595
0.125595
0.137388
0.149798
0.135496
0.140422
0.139131
0.150079
0.131166
0.137613
0.132999
0.156137
0.146445
0.148326
0.146301
0.147736
0.148101
0.132738
0.146991
0.147636
0.141432
0.136843
0.141068
0.141658
0.148565
0.154201
0.156886
0.149285
0.14612
0.128637
0.144647
0.135366
0.152401
0.140562
0.140562
0.149199
0.135629
0.133149
0.130856
0.14202
0.142948
0.145551
0.140005
0.141476
0.13844
0.143358
0.141068
0.141068
0.15255
0.143358
0.134861
0.146065
0.151677
0.147818
0.141658
0.149335
0.138905
0.138723
0.142382
0.145293
0.129702
0.144829
0.142121
0.128974
0.142484
0.130437
0.142484
0.146301
0.151033
0.15109
0.150444
0.135448
0.138668
0.153432
0.141476
0.139856
0.141557
0.147273
0.151033
0.158013
0.130209
0.153376
0.137103
0.14125
0.149798
0.15109
0.133102
0.137794
0.139776
0.134439
0.143555
0.145655
0.126289
0.144002
0.150807
0.151959
0.151959
0.140966
0.140966
0.151168
0.151168
0.146991
0.146991
0.142121
0.142121
0.134902
0.13583
0.14869
0.143638
0.134157
0.139268
0.133102
0.133102
0.145191
0.136699
0.146165
0.150625
0.134214
0.141293
0.135629
0.132173
0.144002
0.147455
0.143374
0.14125
0.14689
0.145338
0.131321
0.143311
0.151215
0.142303
0.144002
0.141897
0.14552
0.147736
0.143595
0.148179
0.150625
0.142545
0.14612
0.14313
0.14313
0.145939
0.146767
0.143776
0.140785
0.142363
0.154483
0.134257
0.140057
0.143311
0.136922
0.136883
0.136883
0.132274
0.148929
0.135267
0.139915
0.131629
0.140966
0.135397
0.138259
0.131038
0.140422
0.134861
0.132456
0.132456
0.136922
0.136196
0.123813
0.137794
0.138077
0.138077
0.132373
0.145474
0.137388
0.141756
0.142767
0.137613
0.130391
0.150262
0.140321
0.137431
0.150571
0.141068
0.140466
0.13062
0.135549
0.140139
0.137794
0.133567
0.141839
0.139371
0.154665
0.14501
0.145575
0.142484
0.14354
0.151677
0.136741
0.14024
0.131969
0.138849
0.128734
0.134803
0.132738
0.151677
0.148046
0.14552
0.140831
0.149233
0.140831
0.142585
0.146404
0.139594
0.131685
0.146991
0.140551
0.13385
0.137842
0.13844
0.138486
0.138802
0.137431
0.129338
0.132274
0.134803
0.125232
0.142948
0.144647
0.144647
0.14689
0.143176
0.136967
0.141839
0.146709
0.128408
0.133748
0.149335
0.13733
0.142121
0.148971
0.141195
0.151453
0.145702
0.149516
0.152968
0.149153
0.143957
0.137149
0.137149
0.138259
0.144465
0.127943
0.134032
0.13411
0.135216
0.135216
0.142484
0.131447
0.123246
0.137431
0.140743
0.130573
0.124359
0.13411
0.12758
0.142948
0.124074
0.124074
0.149005
0.129054
0.13122
0.138036
0.133929
0.14125
0.1291
0.124074
0.138156
0.146856
0.152099
0.135629
0.128226
0.135612
0.12952
0.132373
0.140321
0.13733
0.147818
0.139915
0.142665
0.145111
0.14869
0.137248
0.145655
0.140682
0.140682
0.136322
0.132274
0.14024
0.134621
0.14024
0.136276
0.141613
0.149466
0.13733
0.137613
0.135085
0.145293
0.145293
0.142121
0.136276
0.13122
0.135267
0.147818
0.135549
0.131992
0.132274
0.136504
0.141715
0.140732
0.14202
0.137975
0.147354
0.140785
0.132373
0.122883
0.122883
0.1291
0.142484
0.144002
0.152504
0.14125
0.162741
0.162741
0.15255
0.132274
0.130168
0.134157
0.134621
0.150262
0.143957
0.145474
0.145293
0.150444
0.141476
0.163624
0.156783
0.141557
0.14709
0.149516
0.139313
0.148282
0.144051
0.144184
0.144318
0.155536
0.142484
0.141613
0.141613
0.148508
0.14998
0.149516
0.141293
0.137975
0.140604
0.139552
0.144929
0.146528
0.138077
0.142585
0.142948
0.142948
0.145963
0.142896
0.139907
0.136967
0.138259
0.145293
0.134074
0.135913
0.135913
0.145474
0.137871
0.142121
0.141658
0.157934
0.141327
0.148508
0.138156
0.140831
0.141658
0.137673
0.126849
0.145575
0.145655
0.148871
0.131861
0.143492
0.139734
0.139734
0.145757
0.139131
0.140604
0.146165
0.126934
0.137895
0.138077
0.13614
0.144829
0.137562
0.153149
0.153149
0.140321
0.149053
0.133331
0.133283
0.135448
0.133567
0.135678
0.143776
0.141737
0.152685
0.1458
0.136967
0.14612
0.136785
0.138723
0.137613
0.144877
0.154665
0.153738
0.151131
0.15402
0.138486
0.139675
0.146809
0.135913
0.135913
0.154544
0.148228
0.148971
0.144465
0.14911
0.138303
0.148825
0.147221
0.147918
0.147999
0.13292
0.131402
0.131402
0.154846
0.14707
0.147736
0.133102
0.142484
0.142767
0.141839
0.147895
0.145191
0.140422
0.14911
0.147765
0.141839
0.152885
0.149053
0.142665
0.147636
0.150444
0.154846
0.13844
0.143957
0.137015
0.139131
0.135859
0.143311
0.14202
0.142682
0.144423
0.144283
0.147999
0.141376
0.147999
0.140369
0.151215
0.148747
0.147636
0.142846
0.145111
0.142303
0.142303
0.141094
0.139856
0.139131
0.14707
0.132556
0.147123
0.145293
0.139411
0.147636
0.14507
0.138849
0.145422
0.145422
0.147636
0.153149
0.140913
0.146809
0.144138
0.141013
0.131583
0.14406
0.146991
0.138849
0.144889
0.142484
0.142484
0.156724
0.148929
0.149382
0.144184
0.14836
0.130884
0.130884
0.144465
0.134576
0.141432
0.128917
0.141889
0.151453
0.151453
0.14709
0.128691
0.137895
0.14202
0.141376
0.14313
0.14313
0.132738
0.138486
0.135085
0.144002
0.14202
0.14202
0.135224
0.144563
0.150262
0.132771
0.145293
0.147999
0.124177
0.145474
0.136741
0.145111
0.134032
0.131992
0.134257
0.125595
0.12454
0.145293
0.13452
0.137794
0.140139
0.128226
0.132515
0.137015
0.133567
0.134439
0.125878
0.124768
0.124768
0.14501
0.137895
0.14354
0.13775
0.132556
0.133102
0.133102
0.148101
0.135448
0.133102
0.132373
0.144647
0.144318
0.144318
0.122419
0.124825
0.14524
0.134214
0.145474
0.140139
0.127761
0.138849
0.131992
0.125413
0.124768
0.136967
0.139776
0.135731
0.124643
0.144002
0.142948
0.133929
0.12353
0.128002
0.133102
0.129622
0.133825
0.131764
0.13122
0.13122
0.124177
0.131583
0.12201
0.141839
0.115188
0.119242
0.124901
0.130984
0.125413
0.130391
0.131298
0.129236
0.127821
0.133567
0.135913
0.131992
0.143311
0.141476
0.144726
0.144726
0.131867
0.131503
0.115653
0.129597
0.141658
0.126888
0.126888
0.134157
0.13733
0.132049
0.127116
0.129236
0.129236
0.136967
0.133385
0.137895
0.128044
0.131583
0.126422
0.128184
0.134157
0.139268
0.127249
0.139776
0.143207
0.12952
0.12952
0.125696
0.122191
0.144082
0.142259
0.135448
0.135448
0.128873
0.121689
0.136685
0.137613
0.140422
0.139915
0.120897
0.147455
0.136967
0.131583
0.127761
0.132274
0.135448
0.139212
0.135913
0.126343
0.139552
0.135448
0.126707
0.136685
0.142121
0.143878
0.140501
0.137149
0.133102
0.133102
0.139594
0.130984
0.131402
0.131583
0.135678
0.133567
0.14612
0.120352
0.129119
0.142303
0.120897
0.12594
0.140785
0.138668
0.14244
0.132274
0.120897
0.139031
0.126008
0.13385
0.125878
0.122839
0.128937
0.130109
0.149516
0.135404
0.143555
0.128691
0.133102
0.141658
0.133385
0.130391
0.130391
0.143358
0.128637
0.14125
0.14709
0.142484
0.12952
0.12952
0.133163
0.128589
0.129745
0.135509
0.140682
0.140501
0.133149
0.131685
0.137149
0.131727
0.1291
0.139776
0.139776
0.134157
0.134576
0.134984
0.131038
0.131727
0.133239
0.133239
0.121829
0.133567
0.131764
0.130209
0.146346
0.129878
0.140369
0.147818
0.141839
0.13292
0.131038
0.141068
0.141351
0.139494
0.130573
0.151271
0.142121
0.135578
0.135578
0.137975
0.146809
0.147488
0.151496
0.14869
0.141432
0.140631
0.139726
0.140604
0.141147
0.14045
0.139856
0.134621
0.151215
0.135913
0.149233
0.135043
0.131402
0.142896
0.135267
0.134032
0.130391
0.138259
0.14612
0.128326
0.142585
0.133567
0.132818
0.12353
0.140604
0.137794
0.123712
0.136378
0.132373
0.137511
0.129236
0.141658
0.140037
0.140037
0.137431
0.134395
0.142665
0.144784
0.129702
0.130064
0.140604
0.137149
0.137895
0.129054
0.146585
0.146585
0.133283
0.133283
0.130573
0.138982
0.135629
0.136094
0.134803
0.120534
0.1163
0.134803
0.134803
0.137691
0.134395
0.134395
0.140139
0.139313
0.135345
0.138024
0.142948
0.142948
0.147455
0.147455
0.134757
0.135448
0.144465
0.123246
0.137149
0.152322
0.146585
0.131447
0.145718
0.138723
0.133102
0.138982
0.134439
0.148788
0.13614
0.144546
0.139734
0.139734
0.148101
0.145474
0.133429
0.136967
0.142846
0.13581
0.139552
0.13292
0.13292
0.13302
0.135085
0.138948
0.139856
0.146627
0.141476
0.144241
0.156724
0.145371
0.137794
0.157651
0.14854
0.143957
0.143957
0.155774
0.145474
0.142121
0.149564
0.160071
0.144318
0.149233
0.146767
0.142121
0.140966
0.148101
0.148101
0.134621
0.142948
0.153838
0.14125
0.145422
0.145422
0.145757
0.138849
0.138849
0.152968
0.137149
0.142896
0.142896
0.149291
0.150807
0.157288
0.152786
0.149053
0.143638
0.143638
0.147918
0.147173
0.14125
0.149697
0.149697
0.140139
0.130755
0.141557
0.148825
0.150765
0.142948
0.14202
0.144647
0.145884
0.146222
0.136233
0.135913
0.129843
0.138077
0.129236
0.142484
0.13292
0.13292
0.151737
0.150987
0.150262
0.152368
0.152368
0.15541
0.131402
0.131402
0.157833
0.14406
0.141613
0.145982
0.139726
0.149798
0.144184
0.140321
0.150625
0.147173
0.137794
0.135913
0.155491
0.143957
0.139726
0.142585
0.147534
0.147488
0.144465
0.149516
0.144829
0.144829
0.148871
0.131629
0.131629
0.141147
0.147354
0.147354
0.159629
0.157369
0.157369
0.167013
0.16352
0.15971
0.152141
0.146445
0.156498
0.147636
0.150703
0.150703
0.149697
0.146346
0.161226
0.168303
0.144365
0.15402
0.15402
0.16655
0.152914
0.147636
0.157729
0.150987
0.143176
0.143176
0.155491
0.149697
0.146809
0.148282
0.158655
0.148101
0.15351
0.153149
0.143957
0.154665
0.149394
0.153474
0.153474
0.14202
0.150987
0.154743
0.160921
0.150571
0.142767
0.14125
0.139313
0.161
0.150703
0.14998
0.134576
0.134576
0.147173
0.145293
0.136322
0.139776
0.150807
0.149516
0.139131
0.144365
0.143776
0.143776
0.147584
0.146426
0.149798
0.147818
0.136456
0.143456
0.145551
0.134214
0.137895
0.144423
0.144423
0.153046
0.128408
0.147455
0.147455
0.142896
0.145191
0.142121
0.135913
0.138205
0.141839
0.141839
0.146346
0.14382
0.137569
0.145173
0.147682
0.140966
0.15228
0.132354
0.147534
0.142846
0.140381
0.140381
0.137025
0.130936
0.142767
0.142767
0.139776
0.139776
0.140649
0.142484
0.13844
0.135549
0.139131
0.139131
0.150342
0.134803
0.138541
0.134576
0.140886
0.140886
0.128819
0.137149
0.145191
0.135549
0.144365
0.144365
0.136685
0.138982
0.141195
0.135085
0.128509
0.152141
0.154201
0.154201
0.134291
0.136013
0.137431
0.148101
0.147818
0.138156
0.138156
0.138156
0.133149
0.135267
0.143776
0.151859
0.143311
0.143311
0.14836
0.14836
0.147173
0.145757
0.143176
0.140381
0.140785
0.156543
0.141793
0.141793
0.136378
0.140422
0.136741
0.138024
0.146767
0.138259
0.13122
0.144101
0.129745
0.133513
0.144726
0.134214
0.140369
0.133567
0.145293
0.139494
0.13844
0.136922
0.130573
0.135267
0.14552
0.129563
0.148046
0.126422
0.143048
0.143048
0.134395
0.157052
0.140321
0.143595
0.143595
0.135043
0.135043
0.134032
0.141432
0.142585
0.137842
0.14125
0.139494
0.139494
0.150404
0.141293
0.136351
0.145474
0.145474
0.133611
0.121464
0.131867
0.139734
0.136094
0.136094
0.146528
0.137207
0.133203
0.139675
0.142767
0.140321
0.140321
0.128408
0.132738
0.140139
0.119242
0.131102
0.131102
0.138077
0.125232
0.139494
0.134471
0.124177
0.132515
0.135267
0.118503
0.13191
0.128873
0.125006
0.138303
0.138303
0.138303
0.134257
0.126707
0.131811
0.129986
0.129986
0.150807
0.130573
0.134757
0.148464
0.125006
0.139629
0.133385
0.142994
0.142994
0.135691
0.146767
0.150161
0.128589
0.146709
0.149153
0.153225
0.146346
0.136922
0.138802
0.137975
0.137613
0.135448
0.139552
0.141013
0.140785
0.141195
0.12952
0.145474
0.136785
0.146528
0.141613
0.135913
0.134395
0.128455
0.142846
0.138077
0.138077
0.145655
0.139371
0.139907
0.139552
0.145575
0.150571
0.146991
0.144784
0.141013
0.14125
0.14125
0.151737
0.141376
0.147173
0.144423
0.138259
0.140966
0.14382
0.14382
0.13844
0.135509
0.146709
0.130936
0.139856
0.152504
0.136685
0.146585
0.137871
0.143776
0.145474
0.145474
0.138337
0.137794
0.140095
0.132456
0.139371
0.139371
0.13191
0.13191
0.142767
0.129745
0.135629
0.143721
0.140732
0.140037
0.140037
0.152968
0.149153
0.135549
0.140785
0.145939
0.144002
0.134757
0.150161
0.139212
0.142303
0.126752
0.133794
0.133794
0.147715
0.136603
0.14354
0.140831
0.140217
0.148871
0.135085
0.139494
0.148101
0.134157
0.143027
0.139675
0.139675
0.134757
0.13029
0.146709
0.138621
0.141476
0.130936
0.134984
0.13122
0.137511
0.147918
0.143595
0.144877
0.135731
0.140095
0.140095
0.142303
0.13583
0.13468
0.154893
0.154893
0.154893
0.127862
0.146039
0.141737
0.135549
0.13385
0.144647
0.144726
0.141613
0.136685
0.143358
0.143358
0.139131
0.145371
0.127478
0.135448
0.13844
0.152322
0.152322
0.138156
0.134157
0.144546
0.144082
0.134621
0.140785
0.126772
0.128184
0.126241
0.141147
0.129927
0.139874
0.139874
0.139675
0.134339
0.135913
0.129927
0.139448
0.143193
0.136456
0.140682
0.137149
0.138802
0.136378
0.143268
0.143902
0.143902
0.126471
0.137025
0.137025
0.141293
0.125836
0.140139
0.137431
0.150523
0.137975
0.135267
0.143776
0.143776
0.147699
0.14354
0.134339
0.147051
0.13844
0.13844
0.134803
0.134803
0.147818
0.126991
0.138905
0.13614
0.133102
0.145293
0.133567
0.133567
0.141613
0.140831
0.14449
0.14313
0.138486
0.134439
0.138802
0.135267
0.144604
0.144465
0.144647
0.144002
0.14202
0.14382
0.14382
0.142767
0.153149
0.146869
0.133748
0.140785
0.132322
0.132322
0.151677
0.136094
0.142303
0.14612
0.132173
0.132173
0.149285
0.128124
0.146585
0.142121
0.140139
0.140139
0.136967
0.160535
0.145939
0.145655
0.142994
0.135165
0.139212
0.148825
0.13581
0.124684
0.132637
0.137431
0.134032
0.142948
0.150223
0.142484
0.142767
0.131402
0.143358
0.13411
0.131038
0.140649
0.13223
0.131992
0.136741
0.133929
0.133929
0.124177
0.137431
0.145474
0.145474
0.136013
0.145836
0.14382
0.14382
0.13581
0.138802
0.147354
0.129417
0.139594
0.139594
0.139594
0.136603
0.134576
0.127862
0.141476
0.143311
0.137569
0.138982
0.142948
0.136685
0.135991
0.147594
0.127536
0.142585
0.134439
0.123659
0.13122
0.15228
0.139675
0.13452
0.136322
0.144002
0.139446
0.14998
0.147736
0.145191
0.145293
0.135366
0.142665
0.142665
0.136378
0.128124
0.143311
0.141715
0.132411
0.141068
0.139874
0.147775
0.134984
0.141793
0.139268
0.139552
0.139494
0.139494
0.140966
0.138905
0.151396
0.151396
0.13844
0.137149
0.136785
0.142259
0.151496
0.14501
0.15204
0.132354
0.146991
0.135731
0.13844
0.136785
0.148409
0.12938
0.12938
0.144889
0.148825
0.143077
0.141068
0.146016
0.146869
0.144746
0.139675
0.139675
0.128226
0.143358
0.143358
0.135366
0.141939
0.135085
0.14612
0.146246
0.142948
0.147918
0.139342
0.159629
0.142434
0.139361
0.136785
0.131629
0.148409
0.145982
0.14313
0.143311
0.148179
0.142665
0.141476
0.148508
0.136785
0.145474
0.137047
0.148179
0.148179
0.142484
0.148464
0.140562
0.139776
0.137103
0.143595
0.145111
0.144184
0.145191
0.128589
0.142846
0.142846
0.145836
0.126833
0.149335
0.149335
0.12952
0.134984
0.12201
0.135
0.142303
0.142303
0.136967
0.139915
0.139915
0.144002
0.135731
0.144726
0.139313
0.138982
0.135525
0.142665
0.131811
0.139087
0.135448
0.140604
0.144465
0.144465
0.139087
0.132515
0.140217
0.135629
0.138849
0.138849
0.127821
0.13814
0.138948
0.136456
0.154563
0.154563
0.146528
0.146528
0.136922
0.136922
0.137895
0.137388
0.137283
0.139031
0.142382
0.135629
0.133203
0.132738
0.147488
0.137511
0.134497
0.132092
0.133385
0.132274
0.149053
0.13656
0.145431
0.142585
0.127173
0.131503
0.129464
0.129464
0.136504
0.133102
0.133611
0.13775
0.147414
0.14406
0.136967
0.132637
0.152322
0.144546
0.149053
0.149053
0.149053
0.149053
0.133929
0.134032
0.133644
0.124768
0.1291
0.135448
0.128637
0.136456
0.142948
0.142948
0.14998
0.148282
0.144726
0.139031
0.147354
0.147354
0.140139
0.140139
0.147999
0.135629
0.147636
0.147636
0.141839
0.136322
0.136967
0.145939
0.145939
0.146482
0.149335
0.140604
0.152646
0.146627
0.144241
0.141839
0.14911
0.158478
0.145111
0.14202
0.14202
0.142562
0.142532
0.139152
0.14202
0.133929
0.137103
0.144647
0.139958
0.126161
0.135117
0.127173
0.137569
0.135085
0.138723
0.143311
0.133567
0.135913
0.135913
0.126525
0.134032
0.135913
0.147636
0.138723
0.138723
0.130391
0.13292
0.135345
0.141432
0.146301
0.146301
0.135629
0.137794
0.140886
0.134803
0.145474
0.148179
0.148179
0.143456
0.141454
0.144365
0.139031
0.150161
0.150161
0.13733
0.13733
0.129338
0.154483
0.14244
0.137066
0.143311
0.145884
0.143555
0.136094
0.147636
0.133875
0.134157
0.128455
0.146165
0.13029
0.157549
0.137613
0.144365
0.144365
0.135731
0.134902
0.134803
0.149697
0.136094
0.136094
0.140422
0.142948
0.130755
0.132411
0.143231
0.133567
0.120716
0.132637
0.127862
0.128819
0.138176
0.139189
0.144241
0.138156
0.153149
0.135629
0.147682
0.143027
0.139226
0.138259
0.149516
0.146346
0.146346
0.140422
0.140422
0.134339
0.135043
0.135958
0.147818
0.149291
0.138578
0.147354
0.139675
0.140466
0.154483
0.145602
0.146039
0.134803
0.140732
0.149153
0.151453
0.153738
0.145474
0.134902
0.147818
0.148929
0.142484
0.161102
0.14552
0.14552
0.139776
0.146528
0.157549
0.157651
0.151959
0.151959
0.132637
0.136094
0.144563
0.139734
0.148282
0.142303
0.142303
0.140422
0.143957
0.137975
0.135859
0.141613
0.142921
0.130936
0.130936
0.130984
0.14507
0.136866
0.138905
0.138905
0.144604
0.142121
0.147594
0.140139
0.132637
0.138621
0.134439
0.134902
0.134395
0.1402
0.140321
0.129282
0.132771
0.141476
0.135267
0.141839
0.140966
0.156318
0.142846
0.14202
0.14202
0.141195
0.149516
0.149516
0.148508
0.15402
0.142078
0.135267
0.143878
0.144647
0.130755
0.148101
0.134803
0.140422
0.138621
0.143413
0.129883
0.125878
0.139087
0.132784
0.124095
0.153149
0.14313
0.138948
0.136378
0.133331
0.147715
0.147818
0.138121
0.140276
0.133794
0.133794
0.142201
0.124177
0.155491
0.145655
0.145474
0.138077
0.135267
0.14836
0.147534
0.147308
0.141658
0.15204
0.136785
0.136967
0.149697
0.150523
0.150523
0.146482
0.14836
0.145474
0.124768
0.149878
0.138156
0.137388
0.132411
0.138259
0.14998
0.142948
0.134902
0.135448
0.134643
0.141839
0.141839
0.146346
0.140785
0.140785
0.145836
0.142532
0.154622
0.140785
0.147636
0.142994
0.148825
0.143957
0.136967
0.136456
0.147534
